[[  0.  30.   3.]
 [  0.  29.   5.]
 [  0.  10.  23.]]
cf_score, 49.0
nv_score, 12.0
ratio, 0.525252525253
[[  0.  40.   1.]
 [  0.  35.   0.]
 [  0.  11.  13.]]
cf_score, 47.0
nv_score, 11.0
ratio, 0.484848484848
[[  0.  29.   3.]
 [  0.  31.   3.]
 [  0.  11.  23.]]
cf_score, 51.0
nv_score, 14.0
ratio, 0.545454545455
[[ 15.   9.   0.]
 [ 17.  20.   5.]
 [  5.  10.  19.]]
cf_score, 49.0
nv_score, 14.0
ratio, 0.545454545455
[[ 22.   7.   3.]
 [ 22.   9.   3.]
 [ 10.  10.  14.]]
cf_score, 32.0
nv_score, 5.0
ratio, 0.454545454545
[[ 29.  14.   1.]
 [ 15.  11.   3.]
 [  5.   6.  16.]]
cf_score, 50.0
nv_score, 11.0
ratio, 0.565656565657
[[ 21.   8.   3.]
 [ 19.  10.   2.]
 [  4.   6.  27.]]
cf_score, 51.0
nv_score, 19.0
ratio, 0.585858585859
[[ 16.   9.   4.]
 [ 16.  13.   6.]
 [  8.   9.  19.]]
cf_score, 36.0
nv_score, 5.0
ratio, 0.484848484848
[[ 16.  13.   3.]
 [ 18.  16.   6.]
 [  2.   8.  18.]]
cf_score, 45.0
nv_score, 6.0
ratio, 0.505050505051
[[ 15.  12.   5.]
 [ 16.  13.   4.]
 [  2.   6.  27.]]
cf_score, 48.0
nv_score, 13.0
ratio, 0.555555555556
[[ 22.  11.   2.]
 [ 15.  13.   4.]
 [  3.   8.  22.]]
cf_score, 52.0
nv_score, 14.0
ratio, 0.575757575758
[[ 24.   6.   0.]
 [ 18.  12.   7.]
 [  9.   8.  16.]]
cf_score, 43.0
nv_score, 9.0
ratio, 0.525252525253
[[ 24.  13.   1.]
 [ 12.  13.   7.]
 [  7.  13.  10.]]
cf_score, 39.0
nv_score, 1.0
ratio, 0.474747474747
[[ 24.  12.   4.]
 [ 17.  12.   2.]
 [  1.   4.  24.]]
cf_score, 55.0
nv_score, 14.0
ratio, 0.606060606061
[[ 31.  12.   2.]
 [  6.  16.   3.]
 [  5.   8.  17.]]
cf_score, 57.0
nv_score, 10.0
ratio, 0.646464646465
[[ 23.  12.   0.]
 [ 10.  18.   4.]
 [  5.   8.  20.]]
cf_score, 56.0
nv_score, 16.0
ratio, 0.616161616162
[[ 17.   8.   5.]
 [  8.  16.   4.]
 [  2.  18.  22.]]
cf_score, 48.0
nv_score, 8.0
ratio, 0.555555555556
[[ 17.  15.   2.]
 [  9.  15.   1.]
 [  2.  12.  27.]]
cf_score, 55.0
nv_score, 22.0
ratio, 0.59595959596
[[ 34.   8.   2.]
 [ 12.  13.   3.]
 [  4.   9.  15.]]
cf_score, 56.0
nv_score, 8.0
ratio, 0.626262626263
[[ 20.  10.   2.]
 [  9.  11.   6.]
 [  0.  16.  26.]]
cf_score, 55.0
nv_score, 16.0
ratio, 0.575757575758
[[ 20.  16.   1.]
 [  9.  14.   3.]
 [  6.   9.  22.]]
cf_score, 49.0
nv_score, 17.0
ratio, 0.565656565657
[[ 22.  12.   2.]
 [ 15.  10.   5.]
 [  4.  12.  18.]]
cf_score, 44.0
nv_score, 9.0
ratio, 0.505050505051
[[ 29.  15.   2.]
 [ 14.  10.   1.]
 [  4.   7.  18.]]
cf_score, 51.0
nv_score, 13.0
ratio, 0.575757575758
[[ 19.  12.   2.]
 [ 17.  15.   4.]
 [  2.   7.  22.]]
cf_score, 52.0
nv_score, 14.0
ratio, 0.565656565657
[[ 19.  13.   2.]
 [  9.  18.   8.]
 [  3.   4.  24.]]
cf_score, 56.0
nv_score, 12.0
ratio, 0.616161616162
[[ 15.  14.   2.]
 [ 10.  19.   3.]
 [  5.  13.  19.]]
cf_score, 46.0
nv_score, 12.0
ratio, 0.535353535354
[[ 13.  14.   1.]
 [  8.  17.   6.]
 [  2.  13.  26.]]
cf_score, 53.0
nv_score, 18.0
ratio, 0.565656565657
[[ 22.  10.   4.]
 [ 19.  11.   1.]
 [  3.  13.  17.]]
cf_score, 43.0
nv_score, 8.0
ratio, 0.505050505051
[[ 27.  16.   2.]
 [  8.   8.   3.]
 [  5.  10.  21.]]
cf_score, 49.0
nv_score, 14.0
ratio, 0.565656565657
[[ 23.  15.   0.]
 [ 16.  24.   2.]
 [  1.   7.  12.]]
cf_score, 58.0
nv_score, 10.0
ratio, 0.59595959596
[[ 25.  14.   2.]
 [ 13.  11.   3.]
 [  5.   9.  18.]]
cf_score, 47.0
nv_score, 11.0
ratio, 0.545454545455
[[ 17.  16.   1.]
 [ 15.  12.   2.]
 [  3.  10.  24.]]
cf_score, 49.0
nv_score, 20.0
ratio, 0.535353535354
[[ 31.   8.   0.]
 [ 14.  13.   3.]
 [  7.  13.  11.]]
cf_score, 48.0
nv_score, 8.0
ratio, 0.555555555556
[[ 24.   7.   2.]
 [ 15.  23.   5.]
 [  2.  10.  12.]]
cf_score, 55.0
nv_score, 3.0
ratio, 0.59595959596
[[ 26.  13.   2.]
 [ 11.   9.   2.]
 [  4.  18.  15.]]
cf_score, 44.0
nv_score, 9.0
ratio, 0.505050505051
[[ 27.  10.   1.]
 [ 17.  18.   3.]
 [  2.   7.  15.]]
cf_score, 57.0
nv_score, 10.0
ratio, 0.606060606061
[[ 18.  14.   5.]
 [ 11.  15.   4.]
 [  5.  12.  16.]]
cf_score, 39.0
nv_score, 2.0
ratio, 0.494949494949
[[ 16.  15.   0.]
 [ 15.  14.   4.]
 [  3.  13.  20.]]
cf_score, 47.0
nv_score, 16.0
ratio, 0.505050505051
[[ 23.  13.   3.]
 [  8.   8.   4.]
 [  4.  13.  24.]]
cf_score, 48.0
nv_score, 14.0
ratio, 0.555555555556
[[ 13.  23.   1.]
 [  4.  20.  11.]
 [  2.   7.  19.]]
cf_score, 49.0
nv_score, 6.0
ratio, 0.525252525253
[[ 22.  11.   2.]
 [ 10.   9.   5.]
 [  5.  14.  22.]]
cf_score, 46.0
nv_score, 13.0
ratio, 0.535353535354
[[ 16.  13.   7.]
 [ 11.  15.   4.]
 [  5.  12.  17.]]
cf_score, 36.0
nv_score, -1.0
ratio, 0.484848484848
[[ 23.  11.   2.]
 [ 11.  16.   5.]
 [  5.  11.  16.]]
cf_score, 48.0
nv_score, 7.0
ratio, 0.555555555556
[[ 22.  11.   2.]
 [ 13.  12.   9.]
 [  5.   5.  21.]]
cf_score, 48.0
nv_score, 8.0
ratio, 0.555555555556
[[ 21.   8.   1.]
 [ 20.  15.   2.]
 [  3.  11.  19.]]
cf_score, 51.0
nv_score, 15.0
ratio, 0.555555555556
[[ 26.  14.   2.]
 [  5.  14.   4.]
 [  2.  12.  21.]]
cf_score, 57.0
nv_score, 13.0
ratio, 0.616161616162
[[ 21.  16.   2.]
 [ 12.  11.   6.]
 [  3.  15.  14.]]
cf_score, 41.0
nv_score, 4.0
ratio, 0.464646464646
[[ 22.  16.   1.]
 [  9.  19.   2.]
 [  2.   5.  24.]]
cf_score, 62.0
nv_score, 20.0
ratio, 0.656565656566
[[ 21.  15.   0.]
 [ 11.  16.   5.]
 [  4.  13.  15.]]
cf_score, 48.0
nv_score, 10.0
ratio, 0.525252525253
[[ 15.  10.   3.]
 [ 10.  21.   2.]
 [  0.  11.  28.]]
cf_score, 61.0
nv_score, 20.0
ratio, 0.646464646465
