[[  0.   0.   0.]
 [  0.  78.   0.]
 [  0.  22.   0.]]
cf_score, 78.0
nv_score, 0.0
ratio, 0.787878787879
[[  0.   0.   0.]
 [  0.  70.   0.]
 [  0.  30.   0.]]
cf_score, 70.0
nv_score, 0.0
ratio, 0.707070707071
[[  0.   0.   0.]
 [  0.  69.   7.]
 [  0.  18.   6.]]
cf_score, 75.0
nv_score, -1.0
ratio, 0.757575757576
[[  0.   0.   0.]
 [  0.  60.  14.]
 [  0.  14.  12.]]
cf_score, 72.0
nv_score, -2.0
ratio, 0.727272727273
[[  0.   0.   0.]
 [  0.  61.   6.]
 [  0.  21.  12.]]
cf_score, 73.0
nv_score, 6.0
ratio, 0.737373737374
[[  0.   0.   0.]
 [  0.  60.  10.]
 [  0.  15.  15.]]
cf_score, 75.0
nv_score, 5.0
ratio, 0.757575757576
[[  0.   0.   0.]
 [  0.  68.  13.]
 [  0.  12.   7.]]
cf_score, 75.0
nv_score, -6.0
ratio, 0.757575757576
[[  0.   0.   0.]
 [  0.  67.   3.]
 [  0.  20.  10.]]
cf_score, 77.0
nv_score, 7.0
ratio, 0.777777777778
[[  0.   0.   0.]
 [  0.  68.   7.]
 [  0.  10.  15.]]
cf_score, 83.0
nv_score, 8.0
ratio, 0.838383838384
[[  0.   0.   0.]
 [  0.  51.  19.]
 [  0.  16.  14.]]
cf_score, 65.0
nv_score, -5.0
ratio, 0.656565656566
[[  0.   0.   0.]
 [  0.  66.   5.]
 [  0.  21.   8.]]
cf_score, 74.0
nv_score, 3.0
ratio, 0.747474747475
[[  0.   0.   0.]
 [  0.  59.  13.]
 [  0.  17.  11.]]
cf_score, 70.0
nv_score, -2.0
ratio, 0.707070707071
[[  0.   0.   0.]
 [  0.  57.  12.]
 [  0.  21.  10.]]
cf_score, 67.0
nv_score, -2.0
ratio, 0.676767676768
[[  0.   0.   0.]
 [  0.  57.  12.]
 [  0.  15.  16.]]
cf_score, 73.0
nv_score, 4.0
ratio, 0.737373737374
[[  0.   0.   0.]
 [  0.  60.   8.]
 [  0.  21.  11.]]
cf_score, 71.0
nv_score, 3.0
ratio, 0.717171717172
[[  0.   0.   0.]
 [  0.  57.  13.]
 [  0.  21.   9.]]
cf_score, 66.0
nv_score, -4.0
ratio, 0.666666666667
[[  0.   0.   0.]
 [  0.  51.  13.]
 [  0.  22.  14.]]
cf_score, 65.0
nv_score, 1.0
ratio, 0.656565656566
[[  0.   0.   0.]
 [  0.  60.  12.]
 [  0.  16.  12.]]
cf_score, 72.0
nv_score, 0.0
ratio, 0.727272727273
[[  0.   0.   0.]
 [  0.  63.   9.]
 [  0.  14.  14.]]
cf_score, 77.0
nv_score, 5.0
ratio, 0.777777777778
[[  0.   0.   0.]
 [  0.  66.  10.]
 [  0.  14.  10.]]
cf_score, 76.0
nv_score, 0.0
ratio, 0.767676767677
[[  0.   0.   0.]
 [  0.  63.   8.]
 [  0.  18.  11.]]
cf_score, 74.0
nv_score, 3.0
ratio, 0.747474747475
[[  0.   0.   0.]
 [  0.  51.  10.]
 [  0.  23.  16.]]
cf_score, 67.0
nv_score, 6.0
ratio, 0.676767676768
[[  0.   0.   0.]
 [  0.  58.  11.]
 [  0.  18.  13.]]
cf_score, 71.0
nv_score, 2.0
ratio, 0.717171717172
[[  0.   0.   0.]
 [  0.  54.  13.]
 [  0.  18.  15.]]
cf_score, 69.0
nv_score, 2.0
ratio, 0.69696969697
[[  0.   0.   0.]
 [  0.  60.  11.]
 [  0.  13.  16.]]
cf_score, 76.0
nv_score, 5.0
ratio, 0.767676767677
[[  0.   0.   0.]
 [  0.  67.   6.]
 [  0.  13.  14.]]
cf_score, 81.0
nv_score, 8.0
ratio, 0.818181818182
[[  0.   0.   0.]
 [  0.  57.  11.]
 [  0.  17.  15.]]
cf_score, 72.0
nv_score, 4.0
ratio, 0.727272727273
[[  0.   0.   0.]
 [  0.  47.  16.]
 [  0.  23.  14.]]
cf_score, 61.0
nv_score, -2.0
ratio, 0.616161616162
[[  0.   0.   0.]
 [  0.  68.   7.]
 [  0.  17.   8.]]
cf_score, 76.0
nv_score, 1.0
ratio, 0.767676767677
[[  0.   0.   0.]
 [  0.  60.   7.]
 [  0.  25.   8.]]
cf_score, 68.0
nv_score, 1.0
ratio, 0.686868686869
[[  0.   0.   0.]
 [  0.  58.  15.]
 [  0.  19.   8.]]
cf_score, 66.0
nv_score, -7.0
ratio, 0.666666666667
[[  0.   0.   0.]
 [  0.  67.  14.]
 [  0.  12.   7.]]
cf_score, 74.0
nv_score, -7.0
ratio, 0.747474747475
[[  0.   0.   0.]
 [  0.  56.   7.]
 [  0.  23.  14.]]
cf_score, 70.0
nv_score, 7.0
ratio, 0.707070707071
[[  0.   0.   0.]
 [  0.  59.   8.]
 [  0.  18.  15.]]
cf_score, 74.0
nv_score, 7.0
ratio, 0.747474747475
[[  0.   0.   0.]
 [  0.  62.  13.]
 [  0.  17.   8.]]
cf_score, 70.0
nv_score, -5.0
ratio, 0.707070707071
[[  0.   0.   0.]
 [  0.  58.  12.]
 [  0.  15.  15.]]
cf_score, 73.0
nv_score, 3.0
ratio, 0.737373737374
[[  0.   0.   0.]
 [  0.  55.  11.]
 [  0.  18.  16.]]
cf_score, 71.0
nv_score, 5.0
ratio, 0.717171717172
[[  0.   0.   0.]
 [  0.  62.  10.]
 [  0.  18.  10.]]
cf_score, 72.0
nv_score, 0.0
ratio, 0.727272727273
[[  0.   0.   0.]
 [  0.  65.  12.]
 [  0.  14.   9.]]
cf_score, 74.0
nv_score, -3.0
ratio, 0.747474747475
[[  0.   0.   0.]
 [  0.  67.   4.]
 [  0.  18.  11.]]
cf_score, 78.0
nv_score, 7.0
ratio, 0.787878787879
[[  0.   0.   0.]
 [  0.  62.  11.]
 [  0.  21.   6.]]
cf_score, 68.0
nv_score, -5.0
ratio, 0.686868686869
[[  0.   0.   0.]
 [  0.  57.   5.]
 [  0.  23.  15.]]
cf_score, 72.0
nv_score, 10.0
ratio, 0.727272727273
[[  0.   0.   0.]
 [  0.  53.  10.]
 [  0.  21.  16.]]
cf_score, 69.0
nv_score, 6.0
ratio, 0.69696969697
[[  0.   0.   0.]
 [  0.  66.   5.]
 [  0.  20.   9.]]
cf_score, 75.0
nv_score, 4.0
ratio, 0.757575757576
[[  0.   0.   0.]
 [  0.  59.  14.]
 [  0.  14.  13.]]
cf_score, 72.0
nv_score, -1.0
ratio, 0.727272727273
[[  0.   0.   0.]
 [  0.  51.  12.]
 [  0.  19.  18.]]
cf_score, 69.0
nv_score, 6.0
ratio, 0.69696969697
[[  0.   0.   0.]
 [  0.  58.   6.]
 [  0.  19.  17.]]
cf_score, 75.0
nv_score, 11.0
ratio, 0.757575757576
[[  0.   0.   0.]
 [  0.  56.  16.]
 [  0.  11.  17.]]
cf_score, 73.0
nv_score, 1.0
ratio, 0.737373737374
[[  0.   0.   0.]
 [  0.  62.   8.]
 [  0.  22.   8.]]
cf_score, 70.0
nv_score, 0.0
ratio, 0.707070707071
[[  0.   0.   0.]
 [  0.  61.   9.]
 [  0.  14.  16.]]
cf_score, 77.0
nv_score, 7.0
ratio, 0.777777777778
