[[ 26.   0.   6.]
 [ 16.   0.  11.]
 [ 21.   2.  18.]]
cf_score, 17.0
ratio, 0.444444444444
[[ 11.   4.  20.]
 [ 17.   4.  14.]
 [  7.   4.  19.]]
cf_score, 7.0
ratio, 0.343434343434
[[ 19.   1.  19.]
 [ 13.   4.   9.]
 [  7.   1.  27.]]
cf_score, 24.0
ratio, 0.505050505051
[[ 15.   1.  17.]
 [ 12.   5.  16.]
 [  4.   8.  22.]]
cf_score, 21.0
ratio, 0.424242424242
[[ 23.   6.   9.]
 [ 10.   5.  14.]
 [  4.   4.  25.]]
cf_score, 40.0
ratio, 0.535353535354
[[ 17.   1.   6.]
 [ 14.   7.  10.]
 [ 12.   2.  31.]]
cf_score, 37.0
ratio, 0.555555555556
[[ 15.   2.  10.]
 [  8.   8.  12.]
 [ 12.   6.  27.]]
cf_score, 28.0
ratio, 0.505050505051
[[ 18.   3.  14.]
 [ 10.   6.   7.]
 [ 12.   5.  25.]]
cf_score, 23.0
ratio, 0.494949494949
[[ 23.  12.  13.]
 [ 12.   8.   8.]
 [  3.   3.  18.]]
cf_score, 33.0
ratio, 0.494949494949
[[ 14.   3.  17.]
 [ 14.   3.  11.]
 [ 12.   2.  24.]]
cf_score, 12.0
ratio, 0.414141414141
[[  9.   2.  12.]
 [ 27.   2.  11.]
 [  9.   2.  26.]]
cf_score, 16.0
ratio, 0.373737373737
[[ 14.   3.  12.]
 [ 16.   7.  14.]
 [ 10.   4.  20.]]
cf_score, 19.0
ratio, 0.414141414141
[[ 13.   7.  11.]
 [  6.   7.   8.]
 [ 11.   3.  34.]]
cf_score, 32.0
ratio, 0.545454545455
[[ 17.   2.  13.]
 [ 14.   6.  17.]
 [  6.   6.  19.]]
cf_score, 23.0
ratio, 0.424242424242
[[ 15.   6.   7.]
 [ 14.   9.   1.]
 [  9.   5.  34.]]
cf_score, 42.0
ratio, 0.585858585859
[[ 21.   2.  20.]
 [ 15.   3.  10.]
 [  9.   1.  19.]]
cf_score, 14.0
ratio, 0.434343434343
[[ 10.   6.  17.]
 [ 12.   3.  11.]
 [  8.   3.  30.]]
cf_score, 18.0
ratio, 0.434343434343
[[ 16.   4.  11.]
 [  8.   4.  13.]
 [  8.   2.  34.]]
cf_score, 35.0
ratio, 0.545454545455
[[ 10.   2.  14.]
 [ 13.   6.  14.]
 [ 13.   0.  28.]]
cf_score, 17.0
ratio, 0.444444444444
[[ 15.   6.  12.]
 [ 12.  12.  10.]
 [  6.   3.  24.]]
cf_score, 33.0
ratio, 0.515151515152
[[ 16.   5.  11.]
 [  9.  18.   5.]
 [ 12.   8.  16.]]
cf_score, 27.0
ratio, 0.505050505051
[[ 14.   3.   9.]
 [ 14.   9.  11.]
 [ 10.   5.  25.]]
cf_score, 29.0
ratio, 0.484848484848
[[ 20.   6.  11.]
 [ 13.   8.  13.]
 [  4.   3.  22.]]
cf_score, 35.0
ratio, 0.505050505051
[[ 18.   6.  17.]
 [ 11.  12.  12.]
 [  4.   6.  14.]]
cf_score, 23.0
ratio, 0.444444444444
[[ 14.  10.  12.]
 [ 15.   8.  10.]
 [  5.   6.  20.]]
cf_score, 25.0
ratio, 0.424242424242
[[  5.   9.  25.]
 [  6.   7.  15.]
 [  1.   4.  28.]]
cf_score, 14.0
ratio, 0.40404040404
[[ 10.   9.   6.]
 [ 11.  13.   5.]
 [ 11.  13.  22.]]
cf_score, 28.0
ratio, 0.454545454545
[[ 12.   8.   8.]
 [  6.   6.  13.]
 [  6.   7.  34.]]
cf_score, 38.0
ratio, 0.525252525253
[[ 15.  12.  15.]
 [  4.   8.  14.]
 [  3.   9.  20.]]
cf_score, 25.0
ratio, 0.434343434343
[[  9.  11.  11.]
 [  9.   7.  16.]
 [  7.   5.  25.]]
cf_score, 23.0
ratio, 0.414141414141
[[  9.  10.  11.]
 [  8.  14.  10.]
 [  1.   7.  30.]]
cf_score, 41.0
ratio, 0.535353535354
[[  6.  10.  10.]
 [  8.  14.  14.]
 [  0.   9.  29.]]
cf_score, 39.0
ratio, 0.494949494949
[[ 11.  11.  17.]
 [  9.  12.   4.]
 [  3.  16.  17.]]
cf_score, 20.0
ratio, 0.40404040404
[[ 11.  13.  12.]
 [  5.  10.  11.]
 [  7.   4.  27.]]
cf_score, 29.0
ratio, 0.484848484848
[[ 11.  11.   6.]
 [  4.  13.   8.]
 [  3.  11.  33.]]
cf_score, 48.0
ratio, 0.575757575758
[[ 11.  12.  13.]
 [  1.  11.  17.]
 [  1.  10.  24.]]
cf_score, 32.0
ratio, 0.464646464646
[[  9.   7.  15.]
 [  6.  16.  10.]
 [  3.  16.  18.]]
cf_score, 25.0
ratio, 0.434343434343
[[  8.  19.  10.]
 [  8.  10.  11.]
 [  3.  11.  20.]]
cf_score, 25.0
ratio, 0.383838383838
[[ 13.  14.  12.]
 [  5.  14.   7.]
 [  2.  14.  19.]]
cf_score, 32.0
ratio, 0.464646464646
[[ 12.  17.   7.]
 [  6.  14.   3.]
 [  6.  14.  21.]]
cf_score, 34.0
ratio, 0.474747474747
[[ 10.  10.  12.]
 [  6.   9.  13.]
 [  1.  12.  27.]]
cf_score, 33.0
ratio, 0.464646464646
[[  9.  11.   7.]
 [  6.  16.  11.]
 [  3.  11.  26.]]
cf_score, 41.0
ratio, 0.515151515152
[[  9.  10.  11.]
 [ 10.  14.  11.]
 [  4.  10.  21.]]
cf_score, 29.0
ratio, 0.444444444444
[[  5.  11.  12.]
 [ 11.  14.  14.]
 [  2.   7.  24.]]
cf_score, 29.0
ratio, 0.434343434343
[[  8.  20.  12.]
 [ 10.  12.   8.]
 [  1.   8.  21.]]
cf_score, 28.0
ratio, 0.414141414141
[[ 11.  14.   8.]
 [  5.  21.  11.]
 [  2.   8.  20.]]
cf_score, 42.0
ratio, 0.525252525253
[[  7.  14.  16.]
 [  6.  16.  10.]
 [  1.   8.  22.]]
cf_score, 28.0
ratio, 0.454545454545
[[  5.  12.  14.]
 [  4.  19.  16.]
 [  3.   7.  20.]]
cf_score, 27.0
ratio, 0.444444444444
[[ 16.  10.   7.]
 [  2.  15.   8.]
 [  2.   8.  32.]]
cf_score, 54.0
ratio, 0.636363636364
[[ 10.  10.  10.]
 [  5.  18.   9.]
 [  0.  18.  20.]]
cf_score, 38.0
ratio, 0.484848484848
[[  9.  11.  14.]
 [  4.  16.   7.]
 [  1.  13.  25.]]
cf_score, 35.0
ratio, 0.505050505051
[[ 12.  15.  13.]
 [  3.  12.  12.]
 [  4.  11.  18.]]
cf_score, 25.0
ratio, 0.424242424242
[[ 14.  19.   8.]
 [  7.  10.  10.]
 [  6.   9.  17.]]
cf_score, 27.0
ratio, 0.414141414141
[[ 10.  10.  10.]
 [  7.  13.   5.]
 [  3.  16.  26.]]
cf_score, 36.0
ratio, 0.494949494949
[[  8.  14.  20.]
 [  4.  14.  10.]
 [  3.   4.  23.]]
cf_score, 22.0
ratio, 0.454545454545
[[ 10.  15.   9.]
 [  5.  25.   8.]
 [  1.   3.  24.]]
cf_score, 49.0
ratio, 0.59595959596
[[ 12.   9.  12.]
 [  0.  22.  11.]
 [  1.  12.  21.]]
cf_score, 42.0
ratio, 0.555555555556
[[  8.  12.  16.]
 [  5.  13.  10.]
 [  2.  12.  22.]]
cf_score, 25.0
ratio, 0.434343434343
[[  5.  20.  10.]
 [  4.  10.  14.]
 [  2.   9.  26.]]
cf_score, 29.0
ratio, 0.414141414141
[[ 13.  19.  10.]
 [ 12.  16.   8.]
 [  2.   7.  13.]]
cf_score, 30.0
ratio, 0.424242424242
[[  6.  10.   9.]
 [  9.  13.   8.]
 [  0.  20.  25.]]
cf_score, 35.0
ratio, 0.444444444444
[[  7.  10.   6.]
 [  6.  14.  11.]
 [  2.  14.  30.]]
cf_score, 43.0
ratio, 0.515151515152
[[  8.  19.  11.]
 [ 10.  12.  12.]
 [  3.   6.  19.]]
cf_score, 25.0
ratio, 0.393939393939
[[  6.  16.   7.]
 [  6.  16.  11.]
 [  0.  10.  28.]]
cf_score, 43.0
ratio, 0.505050505051
[[  1.  13.  14.]
 [  8.  20.  10.]
 [  2.   7.  25.]]
cf_score, 30.0
ratio, 0.464646464646
[[ 10.  17.  10.]
 [  9.  12.  12.]
 [  2.  11.  17.]]
cf_score, 27.0
ratio, 0.393939393939
[[  9.  13.  11.]
 [ 12.   8.   6.]
 [  6.   9.  26.]]
cf_score, 26.0
ratio, 0.434343434343
[[  9.  16.  12.]
 [  3.  15.  14.]
 [  2.   7.  22.]]
cf_score, 32.0
ratio, 0.464646464646
[[  9.  15.  10.]
 [  7.  12.  11.]
 [  2.  14.  20.]]
cf_score, 29.0
ratio, 0.414141414141
[[  9.  13.  11.]
 [  7.  16.  11.]
 [  2.   8.  23.]]
cf_score, 35.0
ratio, 0.484848484848
[[  4.  14.  10.]
 [  6.  17.  14.]
 [  1.  12.  22.]]
cf_score, 32.0
ratio, 0.434343434343
[[  5.  13.   9.]
 [  7.  19.   6.]
 [  1.  13.  27.]]
cf_score, 41.0
ratio, 0.515151515152
[[  4.  13.  11.]
 [  2.  16.  19.]
 [  1.   7.  27.]]
cf_score, 35.0
ratio, 0.474747474747
[[ 13.  14.  13.]
 [  4.  13.   7.]
 [  1.   8.  27.]]
cf_score, 39.0
ratio, 0.535353535354
[[ 11.  11.   9.]
 [ 10.  14.  10.]
 [  2.  11.  22.]]
cf_score, 36.0
ratio, 0.474747474747
[[  5.  23.  13.]
 [  1.  11.   7.]
 [  2.  13.  25.]]
cf_score, 26.0
ratio, 0.414141414141
[[  8.   9.  13.]
 [  6.  17.  12.]
 [  2.   8.  25.]]
cf_score, 35.0
ratio, 0.505050505051
[[ 14.  13.   3.]
 [  5.  16.   9.]
 [  2.  19.  19.]]
cf_score, 44.0
ratio, 0.494949494949
[[  5.  20.  15.]
 [  3.  15.   8.]
 [  0.  12.  22.]]
cf_score, 27.0
ratio, 0.424242424242
[[ 10.  17.  10.]
 [  9.  15.   5.]
 [  2.   8.  24.]]
cf_score, 37.0
ratio, 0.494949494949
[[ 14.  12.   4.]
 [ 13.  16.  16.]
 [  1.   8.  16.]]
cf_score, 41.0
ratio, 0.464646464646
[[ 13.  14.   9.]
 [  4.  15.   9.]
 [  1.  14.  21.]]
cf_score, 39.0
ratio, 0.494949494949
[[  9.  12.  10.]
 [  9.   9.  12.]
 [  5.   8.  26.]]
cf_score, 29.0
ratio, 0.444444444444
[[ 10.  14.  10.]
 [  6.  19.   8.]
 [  1.   7.  25.]]
cf_score, 43.0
ratio, 0.545454545455
[[ 11.  15.   7.]
 [  9.  17.  11.]
 [  2.   7.  21.]]
cf_score, 40.0
ratio, 0.494949494949
[[  9.  18.  10.]
 [  4.  14.   5.]
 [  3.  10.  27.]]
cf_score, 37.0
ratio, 0.505050505051
[[ 11.  18.  11.]
 [  5.  19.   9.]
 [  1.   5.  21.]]
cf_score, 39.0
ratio, 0.515151515152
[[  9.  13.  10.]
 [  8.  12.  15.]
 [  0.   8.  25.]]
cf_score, 36.0
ratio, 0.464646464646
[[  8.   9.  10.]
 [  7.  18.  14.]
 [  0.  11.  23.]]
cf_score, 39.0
ratio, 0.494949494949
[[ 10.  14.  12.]
 [  6.  12.  12.]
 [  0.  15.  19.]]
cf_score, 29.0
ratio, 0.414141414141
[[ 10.  16.   8.]
 [  4.  16.   6.]
 [  6.  11.  23.]]
cf_score, 35.0
ratio, 0.494949494949
[[  2.  16.  12.]
 [  4.  17.  13.]
 [  2.   9.  25.]]
cf_score, 30.0
ratio, 0.444444444444
[[ 12.  14.   8.]
 [  1.  14.  14.]
 [  3.  15.  19.]]
cf_score, 34.0
ratio, 0.454545454545
[[ 10.   8.   8.]
 [  6.  21.   9.]
 [  0.  10.  28.]]
cf_score, 51.0
ratio, 0.59595959596
[[ 12.   8.   9.]
 [  4.  15.  15.]
 [  1.  16.  20.]]
cf_score, 37.0
ratio, 0.474747474747
[[  4.  17.  12.]
 [  8.  16.  11.]
 [  1.   6.  25.]]
cf_score, 32.0
ratio, 0.454545454545
[[  9.  15.  10.]
 [  2.  19.  13.]
 [  1.   9.  22.]]
cf_score, 39.0
ratio, 0.505050505051
[[ 13.  12.   9.]
 [  8.  12.   8.]
 [  2.  16.  20.]]
cf_score, 34.0
ratio, 0.454545454545
[[  8.  16.  13.]
 [  5.   9.   8.]
 [  2.   8.  31.]]
cf_score, 33.0
ratio, 0.484848484848
[[ 10.  19.   8.]
 [  3.  19.   5.]
 [  2.  11.  23.]]
cf_score, 42.0
ratio, 0.525252525253
