[[ 14.  13.   0.]
 [  4.  30.   0.]
 [ 20.  17.   2.]]
cf_score, 26.0
ratio, 0.464646464646
[[ 17.  22.   0.]
 [  5.  30.   0.]
 [  9.  17.   0.]]
cf_score, 38.0
ratio, 0.474747474747
[[ 17.  22.   1.]
 [  9.  27.   0.]
 [  8.  16.   0.]]
cf_score, 35.0
ratio, 0.444444444444
[[ 16.  15.   2.]
 [ 11.  27.   0.]
 [ 15.  14.   0.]]
cf_score, 26.0
ratio, 0.434343434343
[[ 22.  12.   2.]
 [  9.  29.   3.]
 [ 10.  13.   0.]]
cf_score, 39.0
ratio, 0.515151515152
[[ 16.  11.   3.]
 [ 11.  18.   8.]
 [  8.  17.   8.]]
cf_score, 31.0
ratio, 0.424242424242
[[ 22.  10.   4.]
 [  6.  23.   5.]
 [  7.  18.   5.]]
cf_score, 39.0
ratio, 0.505050505051
[[ 13.   8.   6.]
 [  8.  25.   2.]
 [ 12.  22.   4.]]
cf_score, 24.0
ratio, 0.424242424242
[[ 17.  10.   3.]
 [  8.  22.   4.]
 [ 12.  21.   3.]]
cf_score, 27.0
ratio, 0.424242424242
[[ 14.   7.   3.]
 [  6.  19.   8.]
 [ 12.  21.  10.]]
cf_score, 28.0
ratio, 0.434343434343
