[[  0.  18.   4.]
 [  0.  30.   3.]
 [  0.   7.  38.]]
cf_score, 64.0
ratio, 0.686868686869
[[  1.  23.   2.]
 [  0.  27.   3.]
 [  0.   7.  37.]]
cf_score, 63.0
ratio, 0.656565656566
[[  0.  36.   4.]
 [  1.  24.   5.]
 [  0.   3.  27.]]
cf_score, 47.0
ratio, 0.515151515152
[[  0.  25.   4.]
 [  0.  30.   1.]
 [  0.   8.  32.]]
cf_score, 58.0
ratio, 0.626262626263
[[  0.  17.   3.]
 [  0.  35.   4.]
 [  0.   8.  33.]]
cf_score, 65.0
ratio, 0.686868686869
[[  0.  28.   9.]
 [  0.  20.   8.]
 [  1.   5.  29.]]
cf_score, 39.0
ratio, 0.494949494949
[[  0.  23.  10.]
 [  2.  21.   2.]
 [  2.  12.  28.]]
cf_score, 37.0
ratio, 0.494949494949
[[  1.  25.   2.]
 [  2.  33.   2.]
 [  2.  10.  23.]]
cf_score, 53.0
ratio, 0.575757575758
[[  2.  17.   5.]
 [  2.  39.   6.]
 [  4.   5.  20.]]
cf_score, 52.0
ratio, 0.616161616162
[[  0.  23.   5.]
 [  2.  24.   1.]
 [  3.   7.  35.]]
cf_score, 51.0
ratio, 0.59595959596
