[[  0.   0.   0.]
 [  0.  60.   0.]
 [  0.  40.   0.]]
cf_score, 60.0
ratio, 0.606060606061
[[  0.   0.   0.]
 [  0.  70.   0.]
 [  0.  30.   0.]]
cf_score, 70.0
ratio, 0.707070707071
[[  0.   0.   0.]
 [  0.  70.   0.]
 [  0.  30.   0.]]
cf_score, 70.0
ratio, 0.707070707071
[[  0.   0.   0.]
 [  0.  72.   0.]
 [  0.  28.   0.]]
cf_score, 72.0
ratio, 0.727272727273
[[  0.   0.   0.]
 [  0.  66.   0.]
 [  0.  34.   0.]]
cf_score, 66.0
ratio, 0.666666666667
[[  0.   0.   0.]
 [  0.  58.   0.]
 [  0.  42.   0.]]
cf_score, 58.0
ratio, 0.585858585859
[[  0.   0.   0.]
 [  0.  67.   0.]
 [  0.  33.   0.]]
cf_score, 67.0
ratio, 0.676767676768
[[  0.   0.   0.]
 [  0.  69.   0.]
 [  0.  31.   0.]]
cf_score, 69.0
ratio, 0.69696969697
[[  0.   0.   0.]
 [  0.  74.   0.]
 [  0.  26.   0.]]
cf_score, 74.0
ratio, 0.747474747475
[[  0.   0.   0.]
 [  0.  70.   0.]
 [  0.  30.   0.]]
cf_score, 70.0
ratio, 0.707070707071
