[[  0.  33.   0.]
 [  0.  67.   0.]
 [  0.   0.   0.]]
cf_score, 67.0
ratio, 0.676767676768
[[  0.  25.   0.]
 [  0.  75.   0.]
 [  0.   0.   0.]]
cf_score, 75.0
ratio, 0.757575757576
[[  0.  29.   0.]
 [  0.  71.   0.]
 [  0.   0.   0.]]
cf_score, 71.0
ratio, 0.717171717172
[[  0.  44.   0.]
 [  0.  56.   0.]
 [  0.   0.   0.]]
cf_score, 56.0
ratio, 0.565656565657
[[  0.  31.   0.]
 [  0.  69.   0.]
 [  0.   0.   0.]]
cf_score, 69.0
ratio, 0.69696969697
[[  0.  30.   0.]
 [  0.  70.   0.]
 [  0.   0.   0.]]
cf_score, 70.0
ratio, 0.707070707071
[[  0.  35.   0.]
 [  0.  65.   0.]
 [  0.   0.   0.]]
cf_score, 65.0
ratio, 0.656565656566
[[  0.  37.   0.]
 [  0.  63.   0.]
 [  0.   0.   0.]]
cf_score, 63.0
ratio, 0.636363636364
[[  0.  33.   0.]
 [  0.  67.   0.]
 [  0.   0.   0.]]
cf_score, 67.0
ratio, 0.676767676768
[[  0.  34.   0.]
 [  0.  66.   0.]
 [  0.   0.   0.]]
cf_score, 66.0
ratio, 0.666666666667
