[[ 29.   5.   0.]
 [  4.  40.   0.]
 [  7.  15.   0.]]
cf_score, 62.0
ratio, 0.69696969697
[[ 32.   5.   0.]
 [  2.  31.   1.]
 [  8.  21.   0.]]
cf_score, 55.0
ratio, 0.636363636364
[[ 19.   8.   0.]
 [  3.  36.   1.]
 [  9.  23.   1.]]
cf_score, 47.0
ratio, 0.565656565657
[[ 24.   4.   0.]
 [  4.  31.   2.]
 [  8.  27.   0.]]
cf_score, 47.0
ratio, 0.555555555556
[[ 23.  10.   0.]
 [  7.  31.   0.]
 [  6.  23.   0.]]
cf_score, 48.0
ratio, 0.545454545455
[[ 29.   1.   0.]
 [  4.  22.   0.]
 [ 17.  24.   3.]]
cf_score, 37.0
ratio, 0.545454545455
[[ 26.   2.   1.]
 [  5.  24.   8.]
 [  7.  20.   7.]]
cf_score, 49.0
ratio, 0.575757575758
[[ 31.   7.   2.]
 [  6.  21.   6.]
 [  7.  17.   3.]]
cf_score, 46.0
ratio, 0.555555555556
[[ 30.   6.   1.]
 [  4.  27.   1.]
 [  8.  21.   2.]]
cf_score, 50.0
ratio, 0.59595959596
[[ 26.   6.   0.]
 [  2.  30.   7.]
 [  8.  20.   1.]]
cf_score, 49.0
ratio, 0.575757575758
