[[  1.  23.   8.]
 [  0.  28.   6.]
 [  0.  17.  17.]]
cf_score, 38.0
ratio, 0.464646464646
[[  4.  16.  14.]
 [  4.  12.   9.]
 [  1.   9.  31.]]
cf_score, 32.0
ratio, 0.474747474747
[[  2.  20.  14.]
 [  2.  28.   9.]
 [  1.   5.  19.]]
cf_score, 34.0
ratio, 0.494949494949
[[  0.  16.  12.]
 [  2.  23.   9.]
 [  3.  13.  22.]]
cf_score, 30.0
ratio, 0.454545454545
[[  0.  24.   8.]
 [  1.  22.  16.]
 [  2.   5.  22.]]
cf_score, 34.0
ratio, 0.444444444444
[[  3.  21.  14.]
 [  1.  24.   6.]
 [  1.   8.  22.]]
cf_score, 34.0
ratio, 0.494949494949
[[  0.  26.  13.]
 [  0.  26.   4.]
 [  3.  16.  12.]]
cf_score, 22.0
ratio, 0.383838383838
[[  1.  25.   5.]
 [  4.  30.   6.]
 [  0.  12.  17.]]
cf_score, 43.0
ratio, 0.484848484848
[[  0.  26.  14.]
 [  2.  21.   6.]
 [  2.  10.  19.]]
cf_score, 24.0
ratio, 0.40404040404
[[  3.  23.   9.]
 [  3.  19.   7.]
 [  0.  16.  20.]]
cf_score, 33.0
ratio, 0.424242424242
