[[  0.   0.   0.]
 [  0.  66.   0.]
 [  0.  34.   0.]]
cf_score, 66.0
nv_score, 0.0
ratio, 0.666666666667
[[  0.   0.   0.]
 [  0.  62.   0.]
 [  0.  38.   0.]]
cf_score, 62.0
nv_score, 0.0
ratio, 0.626262626263
[[  0.   0.   0.]
 [  0.  64.   0.]
 [  0.  36.   0.]]
cf_score, 64.0
nv_score, 0.0
ratio, 0.646464646465
[[  0.   0.   0.]
 [  0.  65.   0.]
 [  0.  35.   0.]]
cf_score, 65.0
nv_score, 0.0
ratio, 0.656565656566
[[  0.   0.   0.]
 [  0.  60.   7.]
 [  0.  28.   5.]]
cf_score, 65.0
nv_score, -2.0
ratio, 0.656565656566
[[  0.   0.   0.]
 [  0.  56.   4.]
 [  0.  21.  19.]]
cf_score, 75.0
nv_score, 15.0
ratio, 0.757575757576
[[  0.   0.   0.]
 [  0.  59.   4.]
 [  0.  29.   8.]]
cf_score, 67.0
nv_score, 4.0
ratio, 0.676767676768
[[  0.   0.   0.]
 [  0.  60.   6.]
 [  0.  27.   7.]]
cf_score, 67.0
nv_score, 1.0
ratio, 0.676767676768
[[  0.   0.   0.]
 [  0.  56.   7.]
 [  0.  26.  11.]]
cf_score, 67.0
nv_score, 4.0
ratio, 0.676767676768
[[  0.   0.   0.]
 [  0.  60.   2.]
 [  0.  28.  10.]]
cf_score, 70.0
nv_score, 8.0
ratio, 0.707070707071
[[  0.   0.   0.]
 [  0.  74.   1.]
 [  0.  20.   5.]]
cf_score, 79.0
nv_score, 4.0
ratio, 0.79797979798
[[  0.   0.   0.]
 [  0.  57.   5.]
 [  0.  30.   8.]]
cf_score, 65.0
nv_score, 3.0
ratio, 0.656565656566
[[  0.   0.   0.]
 [  0.  59.   6.]
 [  0.  25.  10.]]
cf_score, 69.0
nv_score, 4.0
ratio, 0.69696969697
[[  0.   0.   0.]
 [  0.  63.   4.]
 [  0.  24.   9.]]
cf_score, 72.0
nv_score, 5.0
ratio, 0.727272727273
[[  0.   0.   0.]
 [  0.  66.   4.]
 [  0.  23.   7.]]
cf_score, 73.0
nv_score, 3.0
ratio, 0.737373737374
[[  0.   0.   0.]
 [  0.  54.   5.]
 [  0.  27.  14.]]
cf_score, 68.0
nv_score, 9.0
ratio, 0.686868686869
[[  0.   0.   0.]
 [  0.  51.   6.]
 [  0.  33.  10.]]
cf_score, 61.0
nv_score, 4.0
ratio, 0.616161616162
[[  0.   0.   0.]
 [  0.  63.   6.]
 [  0.  19.  12.]]
cf_score, 75.0
nv_score, 6.0
ratio, 0.757575757576
[[  0.   0.   0.]
 [  0.  64.   5.]
 [  0.  25.   6.]]
cf_score, 70.0
nv_score, 1.0
ratio, 0.707070707071
[[  0.   0.   0.]
 [  0.  53.   8.]
 [  0.  22.  17.]]
cf_score, 70.0
nv_score, 9.0
ratio, 0.707070707071
[[  0.   0.   0.]
 [  0.  57.   5.]
 [  0.  20.  18.]]
cf_score, 75.0
nv_score, 13.0
ratio, 0.757575757576
[[  0.   0.   0.]
 [  0.  61.   9.]
 [  0.  21.   9.]]
cf_score, 70.0
nv_score, 0.0
ratio, 0.707070707071
[[  0.   0.   0.]
 [  0.  55.   5.]
 [  0.  27.  13.]]
cf_score, 68.0
nv_score, 8.0
ratio, 0.686868686869
[[  0.   0.   0.]
 [  0.  63.   6.]
 [  0.  17.  14.]]
cf_score, 77.0
nv_score, 8.0
ratio, 0.777777777778
[[  0.   0.   0.]
 [  0.  60.   5.]
 [  0.  22.  13.]]
cf_score, 73.0
nv_score, 8.0
ratio, 0.737373737374
[[  0.   0.   0.]
 [  0.  66.  11.]
 [  0.  17.   6.]]
cf_score, 72.0
nv_score, -5.0
ratio, 0.727272727273
[[  0.   0.   0.]
 [  0.  54.   3.]
 [  0.  30.  13.]]
cf_score, 67.0
nv_score, 10.0
ratio, 0.676767676768
[[  0.   0.   0.]
 [  0.  49.   9.]
 [  0.  27.  15.]]
cf_score, 64.0
nv_score, 6.0
ratio, 0.646464646465
[[  0.   0.   0.]
 [  0.  53.  11.]
 [  0.  23.  13.]]
cf_score, 66.0
nv_score, 2.0
ratio, 0.666666666667
[[  0.   0.   0.]
 [  0.  55.   8.]
 [  0.  24.  13.]]
cf_score, 68.0
nv_score, 5.0
ratio, 0.686868686869
[[  0.   0.   0.]
 [  0.  57.   9.]
 [  0.  24.  10.]]
cf_score, 67.0
nv_score, 1.0
ratio, 0.676767676768
[[  0.   0.   0.]
 [  0.  55.   5.]
 [  0.  24.  16.]]
cf_score, 71.0
nv_score, 11.0
ratio, 0.717171717172
[[  0.   0.   0.]
 [  0.  52.   7.]
 [  0.  30.  11.]]
cf_score, 63.0
nv_score, 4.0
ratio, 0.636363636364
[[  0.   0.   0.]
 [  0.  60.   2.]
 [  0.  21.  17.]]
cf_score, 77.0
nv_score, 15.0
ratio, 0.777777777778
[[  0.   0.   0.]
 [  0.  65.   0.]
 [  0.  34.   1.]]
cf_score, 66.0
nv_score, 1.0
ratio, 0.666666666667
[[  0.   0.   0.]
 [  0.  65.   4.]
 [  0.  27.   4.]]
cf_score, 69.0
nv_score, 0.0
ratio, 0.69696969697
[[  0.   0.   0.]
 [  0.  61.   4.]
 [  0.  20.  15.]]
cf_score, 76.0
nv_score, 11.0
ratio, 0.767676767677
[[  0.   0.   0.]
 [  0.  69.   0.]
 [  0.  29.   2.]]
cf_score, 71.0
nv_score, 2.0
ratio, 0.717171717172
[[  0.   0.   0.]
 [  0.  59.   7.]
 [  0.  23.  11.]]
cf_score, 70.0
nv_score, 4.0
ratio, 0.707070707071
[[  0.   0.   0.]
 [  0.  58.   7.]
 [  0.  24.  11.]]
cf_score, 69.0
nv_score, 4.0
ratio, 0.69696969697
[[  0.   0.   0.]
 [  0.  54.  10.]
 [  0.  23.  13.]]
cf_score, 67.0
nv_score, 3.0
ratio, 0.676767676768
[[  0.   0.   0.]
 [  0.  56.   6.]
 [  0.  17.  21.]]
cf_score, 77.0
nv_score, 15.0
ratio, 0.777777777778
[[  0.   0.   0.]
 [  0.  52.  11.]
 [  0.  24.  13.]]
cf_score, 65.0
nv_score, 2.0
ratio, 0.656565656566
[[  0.   0.   0.]
 [  0.  56.   3.]
 [  0.  28.  13.]]
cf_score, 69.0
nv_score, 10.0
ratio, 0.69696969697
[[  0.   0.   0.]
 [  0.  53.   8.]
 [  0.  24.  15.]]
cf_score, 68.0
nv_score, 7.0
ratio, 0.686868686869
[[  0.   0.   0.]
 [  0.  58.   3.]
 [  0.  28.  11.]]
cf_score, 69.0
nv_score, 8.0
ratio, 0.69696969697
[[  0.   0.   0.]
 [  0.  56.   5.]
 [  0.  28.  11.]]
cf_score, 67.0
nv_score, 6.0
ratio, 0.676767676768
[[  0.   0.   0.]
 [  0.  53.   4.]
 [  0.  36.   7.]]
cf_score, 60.0
nv_score, 3.0
ratio, 0.606060606061
[[  0.   0.   0.]
 [  0.  62.   8.]
 [  0.  19.  11.]]
cf_score, 73.0
nv_score, 3.0
ratio, 0.737373737374
[[  0.   0.   0.]
 [  0.  64.   6.]
 [  0.  20.  10.]]
cf_score, 74.0
nv_score, 4.0
ratio, 0.747474747475
