[[ 20.  14.   1.]
 [  4.  26.   1.]
 [  8.  26.   0.]]
cf_score, 37.0
nv_score, -3.0
ratio, 0.464646464646
[[ 24.  16.   2.]
 [  8.  26.   0.]
 [ 10.  13.   1.]]
cf_score, 39.0
nv_score, -3.0
ratio, 0.515151515152
[[ 14.  19.   0.]
 [  2.  31.   2.]
 [ 12.  15.   5.]]
cf_score, 38.0
nv_score, 3.0
ratio, 0.505050505051
[[ 12.   8.  13.]
 [  3.  30.   3.]
 [  9.  17.   5.]]
cf_score, 25.0
nv_score, -24.0
ratio, 0.474747474747
[[ 10.  14.   9.]
 [  0.  32.   4.]
 [  6.  11.  14.]]
cf_score, 41.0
nv_score, -8.0
ratio, 0.565656565657
[[  5.  19.   5.]
 [  1.  28.   6.]
 [  1.  27.   8.]]
cf_score, 35.0
nv_score, -8.0
ratio, 0.414141414141
[[  5.  15.  12.]
 [  0.  28.   3.]
 [ 11.  16.  10.]]
cf_score, 20.0
nv_score, -17.0
ratio, 0.434343434343
[[  9.  16.  10.]
 [  1.  25.   8.]
 [  3.  14.  14.]]
cf_score, 35.0
nv_score, -14.0
ratio, 0.484848484848
[[  9.  15.  11.]
 [  0.  27.  12.]
 [  1.  15.  10.]]
cf_score, 34.0
nv_score, -24.0
ratio, 0.464646464646
[[ 10.  13.  12.]
 [  0.  32.   6.]
 [  4.  15.   8.]]
cf_score, 34.0
nv_score, -22.0
ratio, 0.505050505051
[[ 12.  13.   7.]
 [  0.  24.  10.]
 [  2.  14.  18.]]
cf_score, 45.0
nv_score, -6.0
ratio, 0.545454545455
[[ 12.  19.   8.]
 [  1.  36.   6.]
 [  0.   5.  13.]]
cf_score, 53.0
nv_score, -9.0
ratio, 0.616161616162
[[  8.  17.   8.]
 [  1.  30.   5.]
 [  6.  10.  15.]]
cf_score, 39.0
nv_score, -6.0
ratio, 0.535353535354
[[  7.  18.  11.]
 [  1.  23.  15.]
 [  2.   9.  14.]]
cf_score, 31.0
nv_score, -23.0
ratio, 0.444444444444
[[  4.  25.  16.]
 [  0.  30.   2.]
 [  0.   5.  18.]]
cf_score, 36.0
nv_score, -16.0
ratio, 0.525252525253
[[  3.  22.  11.]
 [  0.  29.   9.]
 [  2.  15.   9.]]
cf_score, 28.0
nv_score, -22.0
ratio, 0.414141414141
[[ 10.  21.  14.]
 [  0.  15.   6.]
 [  4.  11.  19.]]
cf_score, 26.0
nv_score, -15.0
ratio, 0.444444444444
[[  3.  18.  15.]
 [  0.  21.   7.]
 [  4.  14.  18.]]
cf_score, 23.0
nv_score, -19.0
ratio, 0.424242424242
[[  8.  17.   7.]
 [  1.  25.   5.]
 [  2.  13.  22.]]
cf_score, 46.0
nv_score, 3.0
ratio, 0.555555555556
[[  8.  19.   8.]
 [  2.  23.   6.]
 [  4.   8.  22.]]
cf_score, 41.0
nv_score, 0.0
ratio, 0.535353535354
[[ 11.  15.  14.]
 [  0.  24.   5.]
 [  4.  11.  16.]]
cf_score, 33.0
nv_score, -17.0
ratio, 0.515151515152
[[  4.  14.   8.]
 [  1.  22.  12.]
 [  5.  13.  21.]]
cf_score, 34.0
nv_score, -7.0
ratio, 0.474747474747
[[  7.  18.   9.]
 [  0.  34.   5.]
 [  2.  16.   9.]]
cf_score, 39.0
nv_score, -14.0
ratio, 0.505050505051
[[  3.  21.   4.]
 [  1.  33.   2.]
 [  1.  19.  16.]]
cf_score, 47.0
nv_score, 6.0
ratio, 0.525252525253
[[ 10.  19.  11.]
 [  1.  21.   3.]
 [  3.  16.  16.]]
cf_score, 33.0
nv_score, -9.0
ratio, 0.474747474747
[[  8.  14.  10.]
 [  0.  33.   3.]
 [  4.  11.  17.]]
cf_score, 44.0
nv_score, -6.0
ratio, 0.585858585859
[[  9.  13.   8.]
 [  0.  27.   9.]
 [  5.   8.  21.]]
cf_score, 44.0
nv_score, -4.0
ratio, 0.575757575758
[[ 12.  13.   5.]
 [  4.  30.   3.]
 [  6.  12.  15.]]
cf_score, 46.0
nv_score, 2.0
ratio, 0.575757575758
[[  8.  20.   7.]
 [  1.  31.   8.]
 [  4.   5.  16.]]
cf_score, 44.0
nv_score, -6.0
ratio, 0.555555555556
[[ 13.  12.   4.]
 [  8.  29.   2.]
 [  6.   8.  18.]]
cf_score, 50.0
nv_score, 8.0
ratio, 0.606060606061
[[ 17.  12.   5.]
 [  2.  30.   6.]
 [  9.   5.  14.]]
cf_score, 47.0
nv_score, -2.0
ratio, 0.616161616162
[[ 11.  17.   4.]
 [  3.  18.  11.]
 [  7.  13.  16.]]
cf_score, 34.0
nv_score, -3.0
ratio, 0.454545454545
[[ 14.   8.  10.]
 [  6.  27.   4.]
 [  6.  13.  12.]]
cf_score, 37.0
nv_score, -12.0
ratio, 0.535353535354
[[ 15.  11.   3.]
 [  4.  23.   7.]
 [ 10.   9.  18.]]
cf_score, 43.0
nv_score, 5.0
ratio, 0.565656565657
[[ 19.  16.   3.]
 [  4.  19.   7.]
 [  8.  14.  10.]]
cf_score, 37.0
nv_score, -3.0
ratio, 0.484848484848
[[ 10.  15.   4.]
 [  5.  25.   8.]
 [  8.  10.  15.]]
cf_score, 38.0
nv_score, -1.0
ratio, 0.505050505051
[[ 17.  12.   5.]
 [  2.  29.   6.]
 [  4.  14.  11.]]
cf_score, 48.0
nv_score, -5.0
ratio, 0.575757575758
[[ 17.  13.   5.]
 [  8.  21.   7.]
 [  4.  12.  13.]]
cf_score, 42.0
nv_score, -4.0
ratio, 0.515151515152
[[ 11.  16.   6.]
 [  7.  22.   3.]
 [  4.  14.  17.]]
cf_score, 40.0
nv_score, 2.0
ratio, 0.505050505051
[[ 18.  15.   9.]
 [  3.  23.   2.]
 [  8.  11.  11.]]
cf_score, 35.0
nv_score, -9.0
ratio, 0.525252525253
[[ 15.  10.  10.]
 [  1.  19.  10.]
 [ 13.   9.  13.]]
cf_score, 24.0
nv_score, -17.0
ratio, 0.474747474747
[[ 15.  10.   5.]
 [  2.  34.   7.]
 [  7.  10.  10.]]
cf_score, 47.0
nv_score, -7.0
ratio, 0.59595959596
[[ 16.  12.   7.]
 [  4.  23.   8.]
 [  4.  13.  13.]]
cf_score, 41.0
nv_score, -9.0
ratio, 0.525252525253
[[  9.   9.   4.]
 [  3.  37.   4.]
 [ 10.  17.   7.]]
cf_score, 39.0
nv_score, -5.0
ratio, 0.535353535354
[[ 17.  11.  11.]
 [  2.  23.   2.]
 [  7.  11.  16.]]
cf_score, 38.0
nv_score, -8.0
ratio, 0.565656565657
[[ 13.  16.   5.]
 [  8.  22.   3.]
 [  8.  11.  14.]]
cf_score, 36.0
nv_score, 1.0
ratio, 0.494949494949
[[ 17.  12.   5.]
 [  4.  21.   5.]
 [ 10.  10.  16.]]
cf_score, 39.0
nv_score, 1.0
ratio, 0.545454545455
[[ 13.   9.   8.]
 [  5.  21.   2.]
 [  6.  19.  17.]]
cf_score, 37.0
nv_score, -1.0
ratio, 0.515151515152
[[ 12.  11.   7.]
 [  3.  23.   5.]
 [  9.  16.  14.]]
cf_score, 33.0
nv_score, -5.0
ratio, 0.494949494949
[[ 19.  10.   5.]
 [  6.  29.   7.]
 [  8.   8.   8.]]
cf_score, 43.0
nv_score, -9.0
ratio, 0.565656565657
