[[  0.   0.   0.]
 [  0.  66.   0.]
 [  0.  34.   0.]]
cf_score, 66.0
ratio, 0.666666666667
[[  0.   0.   0.]
 [  0.  70.   0.]
 [  0.  30.   0.]]
cf_score, 70.0
ratio, 0.707070707071
[[  0.   0.   0.]
 [  0.  59.   0.]
 [  0.  41.   0.]]
cf_score, 59.0
ratio, 0.59595959596
[[  0.   0.   0.]
 [  0.  72.   0.]
 [  0.  28.   0.]]
cf_score, 72.0
ratio, 0.727272727273
[[  0.   0.   0.]
 [  0.  66.   0.]
 [  0.  34.   0.]]
cf_score, 66.0
ratio, 0.666666666667
[[  0.   1.   0.]
 [  0.  78.   0.]
 [  0.  21.   0.]]
cf_score, 78.0
ratio, 0.787878787879
[[  0.   0.   0.]
 [  0.  67.   0.]
 [  0.  33.   0.]]
cf_score, 67.0
ratio, 0.676767676768
[[  0.   0.   0.]
 [  0.  62.   0.]
 [  0.  38.   0.]]
cf_score, 62.0
ratio, 0.626262626263
[[  0.   0.   0.]
 [  0.  61.   0.]
 [  0.  39.   0.]]
cf_score, 61.0
ratio, 0.616161616162
[[  0.   0.   0.]
 [  0.  72.   0.]
 [  0.  28.   0.]]
cf_score, 72.0
ratio, 0.727272727273
[[  0.   0.   0.]
 [  0.  71.   0.]
 [  0.  29.   0.]]
cf_score, 71.0
ratio, 0.717171717172
[[  0.   0.   0.]
 [  0.  66.   0.]
 [  0.  34.   0.]]
cf_score, 66.0
ratio, 0.666666666667
[[  0.   1.   0.]
 [  0.  72.   0.]
 [  0.  27.   0.]]
cf_score, 72.0
ratio, 0.727272727273
[[  0.   0.   0.]
 [  0.  75.   0.]
 [  0.  25.   0.]]
cf_score, 75.0
ratio, 0.757575757576
[[  0.   0.   0.]
 [  0.  68.   0.]
 [  0.  32.   0.]]
cf_score, 68.0
ratio, 0.686868686869
[[  0.   0.   0.]
 [  0.  73.   0.]
 [  0.  27.   0.]]
cf_score, 73.0
ratio, 0.737373737374
[[  0.   0.   0.]
 [  0.  66.   0.]
 [  0.  34.   0.]]
cf_score, 66.0
ratio, 0.666666666667
[[  0.   0.   0.]
 [  0.  64.   0.]
 [  0.  36.   0.]]
cf_score, 64.0
ratio, 0.646464646465
[[  0.   0.   0.]
 [  0.  68.   0.]
 [  0.  32.   0.]]
cf_score, 68.0
ratio, 0.686868686869
[[  0.   0.   0.]
 [  0.  71.   0.]
 [  0.  29.   0.]]
cf_score, 71.0
ratio, 0.717171717172
[[  0.   1.   0.]
 [  0.  67.   0.]
 [  0.  32.   0.]]
cf_score, 67.0
ratio, 0.676767676768
[[  0.   0.   0.]
 [  0.  64.   0.]
 [  0.  36.   0.]]
cf_score, 64.0
ratio, 0.646464646465
[[  0.   0.   0.]
 [  0.  61.   0.]
 [  0.  39.   0.]]
cf_score, 61.0
ratio, 0.616161616162
[[  0.   1.   0.]
 [  0.  71.   0.]
 [  0.  28.   0.]]
cf_score, 71.0
ratio, 0.717171717172
[[  0.   0.   0.]
 [  0.  71.   0.]
 [  0.  29.   0.]]
cf_score, 71.0
ratio, 0.717171717172
[[  0.   0.   0.]
 [  0.  73.   0.]
 [  0.  27.   0.]]
cf_score, 73.0
ratio, 0.737373737374
[[  0.   0.   0.]
 [  0.  69.   0.]
 [  0.  31.   0.]]
cf_score, 69.0
ratio, 0.69696969697
[[  0.   0.   0.]
 [  0.  63.   0.]
 [  0.  37.   0.]]
cf_score, 63.0
ratio, 0.636363636364
[[  0.   1.   0.]
 [  0.  59.   0.]
 [  0.  40.   0.]]
cf_score, 59.0
ratio, 0.59595959596
[[  0.   0.   0.]
 [  0.  61.   0.]
 [  0.  39.   0.]]
cf_score, 61.0
ratio, 0.616161616162
[[  0.   0.   0.]
 [  0.  64.   0.]
 [  0.  36.   0.]]
cf_score, 64.0
ratio, 0.646464646465
[[  0.   0.   0.]
 [  0.  68.   0.]
 [  0.  32.   0.]]
cf_score, 68.0
ratio, 0.686868686869
[[  0.   1.   0.]
 [  0.  57.   0.]
 [  0.  42.   0.]]
cf_score, 57.0
ratio, 0.575757575758
[[  0.   1.   0.]
 [  0.  63.   0.]
 [  0.  36.   0.]]
cf_score, 63.0
ratio, 0.636363636364
[[  0.   1.   0.]
 [  0.  64.   0.]
 [  0.  35.   0.]]
cf_score, 64.0
ratio, 0.646464646465
[[  0.   0.   0.]
 [  0.  58.   0.]
 [  0.  42.   0.]]
cf_score, 58.0
ratio, 0.585858585859
[[  0.   1.   0.]
 [  0.  62.   0.]
 [  0.  37.   0.]]
cf_score, 62.0
ratio, 0.626262626263
[[  0.   0.   0.]
 [  0.  65.   0.]
 [  0.  35.   0.]]
cf_score, 65.0
ratio, 0.656565656566
[[  0.   0.   0.]
 [  0.  71.   0.]
 [  0.  29.   0.]]
cf_score, 71.0
ratio, 0.717171717172
[[  0.   0.   0.]
 [  0.  75.   0.]
 [  0.  25.   0.]]
cf_score, 75.0
ratio, 0.757575757576
[[  0.   0.   0.]
 [  0.  67.   0.]
 [  0.  33.   0.]]
cf_score, 67.0
ratio, 0.676767676768
[[  0.   0.   0.]
 [  0.  70.   0.]
 [  0.  30.   0.]]
cf_score, 70.0
ratio, 0.707070707071
[[  0.   0.   0.]
 [  0.  71.   0.]
 [  0.  29.   0.]]
cf_score, 71.0
ratio, 0.717171717172
[[  0.   1.   0.]
 [  0.  62.   0.]
 [  0.  37.   0.]]
cf_score, 62.0
ratio, 0.626262626263
[[  0.   0.   0.]
 [  0.  66.   0.]
 [  0.  34.   0.]]
cf_score, 66.0
ratio, 0.666666666667
[[  0.   0.   0.]
 [  0.  71.   0.]
 [  0.  29.   0.]]
cf_score, 71.0
ratio, 0.717171717172
[[  0.   0.   0.]
 [  0.  70.   0.]
 [  0.  30.   0.]]
cf_score, 70.0
ratio, 0.707070707071
[[  0.   0.   0.]
 [  0.  68.   0.]
 [  0.  32.   0.]]
cf_score, 68.0
ratio, 0.686868686869
[[  0.   0.   0.]
 [  0.  68.   0.]
 [  0.  32.   0.]]
cf_score, 68.0
ratio, 0.686868686869
[[  0.   0.   0.]
 [  0.  76.   0.]
 [  0.  24.   0.]]
cf_score, 76.0
ratio, 0.767676767677
[[  0.   1.   0.]
 [  0.  59.   0.]
 [  0.  40.   0.]]
cf_score, 59.0
ratio, 0.59595959596
[[  0.   0.   0.]
 [  0.  67.   0.]
 [  0.  33.   0.]]
cf_score, 67.0
ratio, 0.676767676768
[[  0.   0.   0.]
 [  0.  58.   0.]
 [  0.  42.   0.]]
cf_score, 58.0
ratio, 0.585858585859
[[  0.   0.   0.]
 [  0.  65.   0.]
 [  0.  35.   0.]]
cf_score, 65.0
ratio, 0.656565656566
[[  0.   0.   0.]
 [  0.  64.   0.]
 [  0.  36.   0.]]
cf_score, 64.0
ratio, 0.646464646465
[[  0.   0.   0.]
 [  0.  61.   0.]
 [  0.  39.   0.]]
cf_score, 61.0
ratio, 0.616161616162
[[  0.   0.   0.]
 [  0.  74.   0.]
 [  0.  26.   0.]]
cf_score, 74.0
ratio, 0.747474747475
[[  0.   0.   0.]
 [  0.  73.   0.]
 [  0.  27.   0.]]
cf_score, 73.0
ratio, 0.737373737374
[[  0.   0.   0.]
 [  0.  66.   0.]
 [  0.  34.   0.]]
cf_score, 66.0
ratio, 0.666666666667
[[  0.   0.   0.]
 [  0.  62.   0.]
 [  0.  38.   0.]]
cf_score, 62.0
ratio, 0.626262626263
[[  0.   0.   0.]
 [  0.  70.   0.]
 [  0.  30.   0.]]
cf_score, 70.0
ratio, 0.707070707071
[[  0.   0.   0.]
 [  0.  67.   0.]
 [  0.  33.   0.]]
cf_score, 67.0
ratio, 0.676767676768
[[  0.   0.   0.]
 [  0.  67.   0.]
 [  0.  33.   0.]]
cf_score, 67.0
ratio, 0.676767676768
[[  0.   1.   0.]
 [  0.  64.   0.]
 [  0.  35.   0.]]
cf_score, 64.0
ratio, 0.646464646465
[[  0.   0.   0.]
 [  0.  76.   0.]
 [  0.  24.   0.]]
cf_score, 76.0
ratio, 0.767676767677
[[  0.   1.   0.]
 [  0.  69.   0.]
 [  0.  30.   0.]]
cf_score, 69.0
ratio, 0.69696969697
[[  0.   0.   0.]
 [  0.  58.   0.]
 [  0.  42.   0.]]
cf_score, 58.0
ratio, 0.585858585859
[[  0.   1.   0.]
 [  0.  63.   0.]
 [  0.  36.   0.]]
cf_score, 63.0
ratio, 0.636363636364
[[  0.   0.   0.]
 [  0.  70.   0.]
 [  0.  30.   0.]]
cf_score, 70.0
ratio, 0.707070707071
[[  0.   0.   0.]
 [  0.  65.   0.]
 [  0.  35.   0.]]
cf_score, 65.0
ratio, 0.656565656566
[[  0.   0.   0.]
 [  0.  69.   0.]
 [  0.  31.   0.]]
cf_score, 69.0
ratio, 0.69696969697
[[  0.   0.   0.]
 [  0.  63.   0.]
 [  0.  37.   0.]]
cf_score, 63.0
ratio, 0.636363636364
[[  0.   0.   0.]
 [  0.  65.   0.]
 [  0.  35.   0.]]
cf_score, 65.0
ratio, 0.656565656566
[[  0.   0.   0.]
 [  0.  67.   0.]
 [  0.  33.   0.]]
cf_score, 67.0
ratio, 0.676767676768
[[  0.   0.   0.]
 [  0.  72.   0.]
 [  0.  28.   0.]]
cf_score, 72.0
ratio, 0.727272727273
[[  0.   0.   0.]
 [  0.  66.   0.]
 [  0.  34.   0.]]
cf_score, 66.0
ratio, 0.666666666667
[[  0.   0.   0.]
 [  0.  69.   0.]
 [  0.  31.   0.]]
cf_score, 69.0
ratio, 0.69696969697
[[  0.   0.   0.]
 [  0.  60.   0.]
 [  0.  40.   0.]]
cf_score, 60.0
ratio, 0.606060606061
[[  0.   0.   0.]
 [  0.  66.   0.]
 [  0.  34.   0.]]
cf_score, 66.0
ratio, 0.666666666667
[[  0.   0.   0.]
 [  0.  72.   0.]
 [  0.  28.   0.]]
cf_score, 72.0
ratio, 0.727272727273
[[  0.   1.   0.]
 [  0.  65.   0.]
 [  0.  34.   0.]]
cf_score, 65.0
ratio, 0.656565656566
[[  0.   1.   0.]
 [  0.  70.   0.]
 [  0.  29.   0.]]
cf_score, 70.0
ratio, 0.707070707071
[[  0.   1.   0.]
 [  0.  53.   0.]
 [  0.  46.   0.]]
cf_score, 53.0
ratio, 0.535353535354
[[  0.   0.   0.]
 [  0.  69.   0.]
 [  0.  31.   0.]]
cf_score, 69.0
ratio, 0.69696969697
[[  0.   0.   0.]
 [  0.  74.   0.]
 [  0.  26.   0.]]
cf_score, 74.0
ratio, 0.747474747475
[[  0.   0.   0.]
 [  0.  65.   0.]
 [  0.  35.   0.]]
cf_score, 65.0
ratio, 0.656565656566
[[  0.   0.   0.]
 [  0.  69.   0.]
 [  0.  31.   0.]]
cf_score, 69.0
ratio, 0.69696969697
[[  0.   0.   0.]
 [  0.  67.   0.]
 [  0.  33.   0.]]
cf_score, 67.0
ratio, 0.676767676768
[[  0.   0.   0.]
 [  0.  70.   0.]
 [  0.  30.   0.]]
cf_score, 70.0
ratio, 0.707070707071
[[  0.   0.   0.]
 [  0.  71.   0.]
 [  0.  29.   0.]]
cf_score, 71.0
ratio, 0.717171717172
[[  0.   1.   0.]
 [  0.  64.   0.]
 [  0.  35.   0.]]
cf_score, 64.0
ratio, 0.646464646465
[[  0.   0.   0.]
 [  0.  60.   0.]
 [  0.  40.   0.]]
cf_score, 60.0
ratio, 0.606060606061
[[  0.   0.   0.]
 [  0.  73.   0.]
 [  0.  27.   0.]]
cf_score, 73.0
ratio, 0.737373737374
[[  0.   0.   0.]
 [  0.  63.   0.]
 [  0.  37.   0.]]
cf_score, 63.0
ratio, 0.636363636364
[[  0.   0.   0.]
 [  0.  58.   0.]
 [  0.  42.   0.]]
cf_score, 58.0
ratio, 0.585858585859
[[  0.   0.   0.]
 [  0.  69.   0.]
 [  0.  31.   0.]]
cf_score, 69.0
ratio, 0.69696969697
[[  0.   0.   0.]
 [  0.  64.   0.]
 [  0.  36.   0.]]
cf_score, 64.0
ratio, 0.646464646465
[[  0.   1.   0.]
 [  0.  70.   0.]
 [  0.  29.   0.]]
cf_score, 70.0
ratio, 0.707070707071
[[  0.   0.   0.]
 [  0.  69.   0.]
 [  0.  31.   0.]]
cf_score, 69.0
ratio, 0.69696969697
[[  0.   0.   0.]
 [  0.  56.   0.]
 [  0.  44.   0.]]
cf_score, 56.0
ratio, 0.565656565657
