[[ 22.  17.   0.]
 [ 15.  14.   0.]
 [ 19.  13.   0.]]
cf_score, 17.0
nv_score, 0.0
ratio, 0.363636363636
[[ 20.   5.   6.]
 [ 13.  11.  10.]
 [ 20.   9.   6.]]
cf_score, 11.0
nv_score, -16.0
ratio, 0.373737373737
[[ 22.   3.   7.]
 [ 10.   2.  13.]
 [ 11.   7.  25.]]
cf_score, 31.0
nv_score, -2.0
ratio, 0.494949494949
[[ 18.   4.   5.]
 [ 15.   9.  15.]
 [ 10.   7.  17.]]
cf_score, 29.0
nv_score, -8.0
ratio, 0.444444444444
[[ 19.   2.   8.]
 [ 14.   3.  13.]
 [ 13.   7.  21.]]
cf_score, 22.0
nv_score, -8.0
ratio, 0.434343434343
[[ 18.   2.  14.]
 [ 17.   6.  12.]
 [ 10.   2.  19.]]
cf_score, 19.0
nv_score, -21.0
ratio, 0.434343434343
[[ 20.   8.  13.]
 [ 12.   5.  15.]
 [  9.   2.  16.]]
cf_score, 19.0
nv_score, -25.0
ratio, 0.414141414141
[[ 14.   4.  17.]
 [ 10.   6.  19.]
 [  9.   7.  14.]]
cf_score, 8.0
nv_score, -39.0
ratio, 0.343434343434
[[ 19.   6.   7.]
 [ 14.   4.  16.]
 [ 11.   7.  16.]]
cf_score, 21.0
nv_score, -14.0
ratio, 0.393939393939
[[ 21.   7.  11.]
 [  7.   6.  17.]
 [  3.  10.  18.]]
cf_score, 31.0
nv_score, -21.0
ratio, 0.454545454545
[[ 20.   7.   6.]
 [  7.   3.  24.]
 [  7.  10.  16.]]
cf_score, 26.0
nv_score, -20.0
ratio, 0.393939393939
[[ 19.   5.   6.]
 [ 10.   8.  14.]
 [  8.   3.  27.]]
cf_score, 40.0
nv_score, 1.0
ratio, 0.545454545455
[[ 21.   3.   6.]
 [ 16.   3.  23.]
 [  7.   5.  16.]]
cf_score, 27.0
nv_score, -19.0
ratio, 0.40404040404
[[ 12.   5.   9.]
 [  8.   6.  23.]
 [  6.   5.  26.]]
cf_score, 29.0
nv_score, -15.0
ratio, 0.444444444444
[[ 18.   9.   6.]
 [ 12.   6.  18.]
 [  3.   6.  22.]]
cf_score, 37.0
nv_score, -8.0
ratio, 0.464646464646
[[ 11.   6.   7.]
 [ 10.   4.  25.]
 [ 10.   7.  20.]]
cf_score, 18.0
nv_score, -19.0
ratio, 0.353535353535
[[ 18.   3.  10.]
 [ 11.   5.  21.]
 [  8.   4.  20.]]
cf_score, 25.0
nv_score, -21.0
ratio, 0.434343434343
[[ 15.   4.  15.]
 [ 10.   5.  16.]
 [  4.   5.  26.]]
cf_score, 27.0
nv_score, -20.0
ratio, 0.464646464646
[[ 21.   4.   8.]
 [ 11.   6.  15.]
 [  6.   5.  24.]]
cf_score, 37.0
nv_score, -7.0
ratio, 0.515151515152
[[ 12.   4.  11.]
 [ 13.   1.  22.]
 [ 11.   5.  21.]]
cf_score, 12.0
nv_score, -23.0
ratio, 0.343434343434
[[ 24.   5.  14.]
 [  5.   6.  14.]
 [  5.   7.  20.]]
cf_score, 31.0
nv_score, -22.0
ratio, 0.505050505051
[[ 15.   4.   8.]
 [ 18.   4.  21.]
 [  6.   3.  21.]]
cf_score, 26.0
nv_score, -16.0
ratio, 0.40404040404
[[ 10.   4.  12.]
 [  6.   3.  29.]
 [  7.   6.  23.]]
cf_score, 17.0
nv_score, -30.0
ratio, 0.363636363636
[[ 16.   5.   8.]
 [ 10.   6.  19.]
 [  9.   2.  25.]]
cf_score, 30.0
nv_score, -10.0
ratio, 0.474747474747
[[ 15.   3.  10.]
 [  5.   9.  18.]
 [  9.   3.  28.]]
cf_score, 33.0
nv_score, -10.0
ratio, 0.525252525253
[[ 18.  10.   4.]
 [  8.   6.  20.]
 [  4.   8.  22.]]
cf_score, 38.0
nv_score, -6.0
ratio, 0.464646464646
[[ 20.   3.   5.]
 [  8.   9.  15.]
 [ 10.  10.  20.]]
cf_score, 34.0
nv_score, -5.0
ratio, 0.494949494949
[[ 13.   6.   7.]
 [ 11.  13.  13.]
 [  7.  15.  15.]]
cf_score, 27.0
nv_score, -12.0
ratio, 0.414141414141
[[ 17.   8.   4.]
 [ 12.  12.  15.]
 [  9.  11.  12.]]
cf_score, 28.0
nv_score, -11.0
ratio, 0.414141414141
[[ 21.   3.   7.]
 [  8.   9.  14.]
 [  9.   8.  21.]]
cf_score, 35.0
nv_score, -7.0
ratio, 0.515151515152
[[ 14.   5.   4.]
 [  7.  15.  18.]
 [  3.  10.  24.]]
cf_score, 46.0
nv_score, -2.0
ratio, 0.535353535354
[[ 23.   6.   5.]
 [  8.   3.  18.]
 [  5.  13.  19.]]
cf_score, 35.0
nv_score, -9.0
ratio, 0.454545454545
[[ 19.   6.   5.]
 [  8.  15.  15.]
 [  7.   8.  17.]]
cf_score, 39.0
nv_score, -8.0
ratio, 0.515151515152
[[ 25.   4.   7.]
 [  7.  11.  16.]
 [ 11.   9.  10.]]
cf_score, 28.0
nv_score, -20.0
ratio, 0.464646464646
[[ 11.  11.  12.]
 [  8.   8.   9.]
 [  8.   8.  25.]]
cf_score, 24.0
nv_score, -8.0
ratio, 0.444444444444
[[ 12.   9.   8.]
 [  8.  12.  10.]
 [ 12.  11.  18.]]
cf_score, 22.0
nv_score, -8.0
ratio, 0.424242424242
[[ 18.   5.   8.]
 [ 11.  11.  10.]
 [  8.  13.  16.]]
cf_score, 29.0
nv_score, -10.0
ratio, 0.454545454545
[[ 18.   9.   7.]
 [  7.  17.  10.]
 [  4.  15.  13.]]
cf_score, 37.0
nv_score, -11.0
ratio, 0.484848484848
[[ 12.   8.   3.]
 [  8.  13.  13.]
 [ 10.  14.  19.]]
cf_score, 31.0
nv_score, 0.0
ratio, 0.444444444444
[[ 16.   8.   7.]
 [  5.  14.  14.]
 [  8.  11.  17.]]
cf_score, 32.0
nv_score, -11.0
ratio, 0.474747474747
[[ 16.   7.   7.]
 [ 12.   9.  13.]
 [  4.  14.  18.]]
cf_score, 32.0
nv_score, -9.0
ratio, 0.434343434343
[[ 25.   6.   7.]
 [  5.   9.  12.]
 [  8.   8.  20.]]
cf_score, 39.0
nv_score, -6.0
ratio, 0.545454545455
[[ 16.   8.   3.]
 [ 11.  12.  17.]
 [  6.  10.  17.]]
cf_score, 36.0
nv_score, -6.0
ratio, 0.454545454545
[[ 14.   6.   7.]
 [ 14.  11.   7.]
 [ 15.  11.  15.]]
cf_score, 18.0
nv_score, -6.0
ratio, 0.40404040404
[[ 13.   8.  11.]
 [ 12.  10.  12.]
 [  2.  10.  22.]]
cf_score, 32.0
nv_score, -12.0
ratio, 0.454545454545
[[ 11.  11.   9.]
 [ 10.  12.   7.]
 [  8.  11.  21.]]
cf_score, 27.0
nv_score, -4.0
ratio, 0.444444444444
[[ 19.   7.  11.]
 [  7.   8.  19.]
 [  7.   9.  13.]]
cf_score, 22.0
nv_score, -28.0
ratio, 0.40404040404
[[ 10.   8.   9.]
 [ 14.  13.  16.]
 [  5.  12.  13.]]
cf_score, 22.0
nv_score, -21.0
ratio, 0.363636363636
[[ 16.  11.   4.]
 [  6.  12.  14.]
 [  9.  13.  15.]]
cf_score, 30.0
nv_score, -7.0
ratio, 0.434343434343
[[ 19.   8.   7.]
 [  4.   6.  12.]
 [  7.  18.  19.]]
cf_score, 30.0
nv_score, -7.0
ratio, 0.444444444444
