[[ 11.  15.   0.]
 [ 23.  22.   0.]
 [ 13.  16.   0.]]
cf_score, 20.0
nv_score, 0.0
ratio, 0.333333333333
[[ 15.  14.   1.]
 [ 10.  25.   0.]
 [ 16.  19.   0.]]
cf_score, 23.0
nv_score, -2.0
ratio, 0.40404040404
[[ 19.   5.   1.]
 [  7.  19.   6.]
 [ 24.  12.   7.]]
cf_score, 20.0
nv_score, -1.0
ratio, 0.454545454545
[[ 13.   6.   3.]
 [ 16.  23.   3.]
 [ 22.  11.   3.]]
cf_score, 14.0
nv_score, -6.0
ratio, 0.393939393939
[[ 22.  10.   2.]
 [ 22.  12.   4.]
 [ 19.   9.   0.]]
cf_score, 13.0
nv_score, -8.0
ratio, 0.343434343434
[[ 12.  15.   2.]
 [ 15.  19.   3.]
 [ 16.  14.   4.]]
cf_score, 17.0
nv_score, -3.0
ratio, 0.353535353535
[[ 18.  12.   3.]
 [ 11.  16.   3.]
 [ 21.  14.   2.]]
cf_score, 12.0
nv_score, -7.0
ratio, 0.363636363636
[[ 14.  15.   0.]
 [ 14.  23.   4.]
 [ 18.   8.   4.]]
cf_score, 23.0
nv_score, 0.0
ratio, 0.414141414141
[[ 12.  10.   4.]
 [ 18.  20.   1.]
 [ 24.   9.   2.]]
cf_score, 6.0
nv_score, -7.0
ratio, 0.343434343434
[[ 16.  10.   2.]
 [ 20.  13.   3.]
 [ 18.  17.   1.]]
cf_score, 10.0
nv_score, -6.0
ratio, 0.30303030303
[[ 18.  15.   4.]
 [ 18.  11.   3.]
 [ 24.   6.   1.]]
cf_score, 2.0
nv_score, -10.0
ratio, 0.30303030303
[[ 22.  11.   2.]
 [ 12.  19.   3.]
 [ 15.  12.   4.]]
cf_score, 28.0
nv_score, -3.0
ratio, 0.454545454545
[[ 17.  10.   2.]
 [ 15.  22.   3.]
 [ 19.  11.   1.]]
cf_score, 19.0
nv_score, -6.0
ratio, 0.40404040404
[[ 19.  11.   3.]
 [ 11.  19.   4.]
 [ 21.  11.   1.]]
cf_score, 15.0
nv_score, -9.0
ratio, 0.393939393939
[[ 22.   9.   2.]
 [ 16.  18.   3.]
 [ 17.  12.   1.]]
cf_score, 22.0
nv_score, -6.0
ratio, 0.414141414141
[[ 14.   9.   3.]
 [ 16.  14.   4.]
 [ 28.  10.   2.]]
cf_score, -1.0
nv_score, -8.0
ratio, 0.30303030303
[[ 25.   9.   1.]
 [ 11.  16.   3.]
 [ 22.   9.   4.]]
cf_score, 22.0
nv_score, -1.0
ratio, 0.454545454545
[[ 21.   6.   3.]
 [ 13.  18.   0.]
 [ 25.  12.   2.]]
cf_score, 13.0
nv_score, -4.0
ratio, 0.414141414141
[[ 22.  11.   2.]
 [ 15.  19.   1.]
 [ 16.  13.   1.]]
cf_score, 24.0
nv_score, -4.0
ratio, 0.424242424242
[[ 19.  11.   1.]
 [  6.  17.   2.]
 [ 24.  16.   4.]]
cf_score, 15.0
nv_score, 0.0
ratio, 0.40404040404
[[ 22.   1.   2.]
 [ 25.  25.   3.]
 [ 11.   9.   2.]]
cf_score, 36.0
nv_score, -5.0
ratio, 0.494949494949
[[ 11.  11.   2.]
 [ 18.  19.   0.]
 [ 20.  16.   3.]]
cf_score, 11.0
nv_score, -1.0
ratio, 0.333333333333
[[ 18.  11.   2.]
 [ 15.  17.   1.]
 [ 22.  10.   4.]]
cf_score, 15.0
nv_score, -1.0
ratio, 0.393939393939
[[ 17.  11.   2.]
 [ 16.  22.   4.]
 [ 16.   9.   3.]]
cf_score, 24.0
nv_score, -5.0
ratio, 0.424242424242
[[ 26.   9.   0.]
 [ 12.  14.   0.]
 [ 26.  11.   2.]]
cf_score, 16.0
nv_score, 2.0
ratio, 0.424242424242
[[ 23.   7.   3.]
 [ 11.  17.   1.]
 [ 23.  13.   2.]]
cf_score, 16.0
nv_score, -5.0
ratio, 0.424242424242
[[ 27.   6.   3.]
 [ 18.  12.   2.]
 [ 21.  11.   0.]]
cf_score, 15.0
nv_score, -8.0
ratio, 0.393939393939
[[ 23.   5.   4.]
 [ 15.  18.   1.]
 [ 22.  11.   1.]]
cf_score, 16.0
nv_score, -8.0
ratio, 0.424242424242
[[ 25.  10.   3.]
 [ 16.  25.   1.]
 [ 11.   5.   4.]]
cf_score, 40.0
nv_score, -3.0
ratio, 0.545454545455
[[ 29.   3.   0.]
 [ 11.  23.   0.]
 [ 26.   6.   2.]]
cf_score, 28.0
nv_score, 2.0
ratio, 0.545454545455
[[ 16.   9.   1.]
 [ 16.  17.   5.]
 [ 22.  12.   2.]]
cf_score, 12.0
nv_score, -5.0
ratio, 0.353535353535
[[ 16.   9.   0.]
 [ 20.  24.   0.]
 [ 24.   6.   1.]]
cf_score, 17.0
nv_score, 1.0
ratio, 0.414141414141
[[ 21.  10.   2.]
 [ 12.  29.   3.]
 [ 17.   6.   0.]]
cf_score, 31.0
nv_score, -7.0
ratio, 0.505050505051
[[ 18.   6.   2.]
 [ 18.  23.   1.]
 [ 23.   9.   0.]]
cf_score, 16.0
nv_score, -5.0
ratio, 0.414141414141
[[ 21.   7.   4.]
 [ 15.  19.   4.]
 [ 19.   8.   3.]]
cf_score, 20.0
nv_score, -9.0
ratio, 0.434343434343
[[ 14.   7.   2.]
 [ 19.  21.   2.]
 [ 20.  14.   1.]]
cf_score, 14.0
nv_score, -5.0
ratio, 0.363636363636
[[ 21.   4.   1.]
 [ 12.  29.   3.]
 [ 14.  15.   1.]]
cf_score, 36.0
nv_score, -4.0
ratio, 0.515151515152
[[ 22.  16.   0.]
 [ 17.  10.   0.]
 [ 19.  13.   3.]]
cf_score, 16.0
nv_score, 3.0
ratio, 0.353535353535
[[ 18.  10.   2.]
 [ 18.  17.   3.]
 [ 17.  15.   0.]]
cf_score, 16.0
nv_score, -7.0
ratio, 0.353535353535
[[ 15.   8.   2.]
 [ 12.  29.   2.]
 [ 18.  11.   3.]]
cf_score, 27.0
nv_score, -3.0
ratio, 0.474747474747
[[ 18.  13.   2.]
 [ 11.  20.   3.]
 [ 14.  14.   5.]]
cf_score, 27.0
nv_score, -2.0
ratio, 0.434343434343
[[ 17.   5.   2.]
 [ 15.  24.   1.]
 [ 21.  13.   2.]]
cf_score, 20.0
nv_score, -3.0
ratio, 0.434343434343
[[ 25.  12.   2.]
 [  9.  18.   3.]
 [ 17.  12.   2.]]
cf_score, 26.0
nv_score, -5.0
ratio, 0.454545454545
[[ 22.   6.   2.]
 [ 12.  16.   3.]
 [ 20.  14.   5.]]
cf_score, 21.0
nv_score, -2.0
ratio, 0.434343434343
[[ 27.   7.   3.]
 [ 12.  28.   0.]
 [ 14.   8.   1.]]
cf_score, 39.0
nv_score, -5.0
ratio, 0.565656565657
[[ 20.  12.   2.]
 [ 13.  17.   3.]
 [ 19.  13.   1.]]
cf_score, 17.0
nv_score, -6.0
ratio, 0.383838383838
[[ 25.   2.   3.]
 [ 12.  23.   3.]
 [ 17.  14.   1.]]
cf_score, 29.0
nv_score, -8.0
ratio, 0.494949494949
[[ 16.  13.   1.]
 [ 18.  18.   1.]
 [ 21.  12.   0.]]
cf_score, 12.0
nv_score, -3.0
ratio, 0.343434343434
[[ 15.   7.   2.]
 [ 20.  16.   3.]
 [ 25.  10.   2.]]
cf_score, 6.0
nv_score, -5.0
ratio, 0.333333333333
[[ 26.   4.   2.]
 [ 27.  14.   0.]
 [ 17.   8.   2.]]
cf_score, 23.0
nv_score, -2.0
ratio, 0.424242424242
