[[  0.   4.  27.]
 [  0.  21.  19.]
 [  0.   8.  21.]]
cf_score, 15.0
nv_score, -52.0
ratio, 0.424242424242
[[  0.   4.  21.]
 [  0.  25.   8.]
 [  0.   9.  33.]]
cf_score, 37.0
nv_score, -17.0
ratio, 0.585858585859
[[  0.   4.  32.]
 [  0.  17.  17.]
 [  0.   4.  26.]]
cf_score, 11.0
nv_score, -55.0
ratio, 0.434343434343
[[  0.   6.  16.]
 [  0.  22.  18.]
 [  0.   6.  32.]]
cf_score, 38.0
nv_score, -18.0
ratio, 0.545454545455
[[  2.   2.  16.]
 [  3.  23.  13.]
 [  5.  12.  24.]]
cf_score, 28.0
nv_score, -21.0
ratio, 0.494949494949
[[  1.   3.  18.]
 [  3.  26.  13.]
 [  3.  10.  23.]]
cf_score, 29.0
nv_score, -26.0
ratio, 0.505050505051
[[  0.   5.  30.]
 [  0.  15.  15.]
 [  0.  11.  24.]]
cf_score, 9.0
nv_score, -51.0
ratio, 0.393939393939
[[  0.   2.  24.]
 [  0.  21.  20.]
 [  0.   4.  29.]]
cf_score, 26.0
nv_score, -39.0
ratio, 0.505050505051
[[  0.   3.  22.]
 [  0.  23.  14.]
 [  0.   6.  32.]]
cf_score, 33.0
nv_score, -26.0
ratio, 0.555555555556
[[  0.   3.  26.]
 [  0.  15.  16.]
 [  0.   6.  34.]]
cf_score, 23.0
nv_score, -34.0
ratio, 0.494949494949
[[  0.   4.  27.]
 [  0.  23.  15.]
 [  0.   4.  27.]]
cf_score, 23.0
nv_score, -42.0
ratio, 0.505050505051
[[  0.   1.  25.]
 [  0.  21.  17.]
 [  0.   5.  31.]]
cf_score, 27.0
nv_score, -36.0
ratio, 0.525252525253
[[  0.   2.  25.]
 [  0.  22.  18.]
 [  0.   5.  28.]]
cf_score, 25.0
nv_score, -40.0
ratio, 0.505050505051
[[  0.   3.  19.]
 [  0.  26.  14.]
 [  0.   8.  30.]]
cf_score, 37.0
nv_score, -22.0
ratio, 0.565656565657
[[  0.   4.  28.]
 [  0.  22.  16.]
 [  0.   3.  27.]]
cf_score, 21.0
nv_score, -45.0
ratio, 0.494949494949
[[  0.   5.  23.]
 [  0.  16.  21.]
 [  0.   0.  35.]]
cf_score, 28.0
nv_score, -32.0
ratio, 0.515151515152
[[  0.   3.  20.]
 [  0.  22.  15.]
 [  0.   4.  36.]]
cf_score, 38.0
nv_score, -19.0
ratio, 0.585858585859
[[  0.   3.  21.]
 [  0.  15.  26.]
 [  0.   8.  27.]]
cf_score, 21.0
nv_score, -41.0
ratio, 0.424242424242
[[  0.   2.  21.]
 [  0.  20.  24.]
 [  0.   2.  31.]]
cf_score, 30.0
nv_score, -35.0
ratio, 0.515151515152
[[  0.   0.  25.]
 [  0.  25.  12.]
 [  0.   5.  33.]]
cf_score, 33.0
nv_score, -29.0
ratio, 0.585858585859
[[  3.   3.  22.]
 [  5.  20.  14.]
 [ 10.   4.  19.]]
cf_score, 10.0
nv_score, -39.0
ratio, 0.424242424242
[[  7.   5.  17.]
 [ 11.  17.  10.]
 [  7.  10.  16.]]
cf_score, 16.0
nv_score, -28.0
ratio, 0.40404040404
[[  4.   3.  17.]
 [  5.  25.  10.]
 [ 10.   5.  21.]]
cf_score, 23.0
nv_score, -23.0
ratio, 0.505050505051
[[  7.   5.  18.]
 [ 10.  16.   8.]
 [  7.   5.  24.]]
cf_score, 22.0
nv_score, -20.0
ratio, 0.474747474747
[[ 15.   4.   5.]
 [  4.  21.  10.]
 [ 15.   9.  17.]]
cf_score, 33.0
nv_score, -3.0
ratio, 0.535353535354
[[ 17.   3.   9.]
 [  8.  19.   8.]
 [ 17.   8.  11.]]
cf_score, 21.0
nv_score, -15.0
ratio, 0.474747474747
[[  9.   4.  11.]
 [ 10.  17.  11.]
 [  9.   7.  22.]]
cf_score, 28.0
nv_score, -11.0
ratio, 0.484848484848
[[  9.   3.  11.]
 [  6.  21.   7.]
 [ 25.   4.  14.]]
cf_score, 8.0
nv_score, -15.0
ratio, 0.444444444444
[[ 12.   3.  18.]
 [  5.  21.  11.]
 [ 14.   5.  11.]]
cf_score, 12.0
nv_score, -36.0
ratio, 0.444444444444
[[ 14.   2.   8.]
 [  9.  25.   7.]
 [  8.   7.  20.]]
cf_score, 43.0
nv_score, -3.0
ratio, 0.59595959596
[[ 21.   3.  10.]
 [  9.  21.   8.]
 [  8.   8.  12.]]
cf_score, 36.0
nv_score, -16.0
ratio, 0.545454545455
[[ 17.   2.   7.]
 [ 13.  19.   6.]
 [ 14.   8.  14.]]
cf_score, 29.0
nv_score, -6.0
ratio, 0.505050505051
[[ 11.   2.  14.]
 [  7.  23.  12.]
 [ 16.   5.  10.]]
cf_score, 14.0
nv_score, -30.0
ratio, 0.444444444444
[[  9.   2.   9.]
 [  9.  17.   7.]
 [ 23.   8.  16.]]
cf_score, 10.0
nv_score, -9.0
ratio, 0.424242424242
[[ 11.   4.  11.]
 [  9.  18.   5.]
 [ 18.   6.  18.]]
cf_score, 18.0
nv_score, -9.0
ratio, 0.474747474747
[[  8.   5.  11.]
 [  9.  16.  12.]
 [ 18.   6.  15.]]
cf_score, 10.0
nv_score, -19.0
ratio, 0.393939393939
[[ 13.   4.  10.]
 [ 11.  23.  12.]
 [ 12.   8.   7.]]
cf_score, 21.0
nv_score, -25.0
ratio, 0.434343434343
[[ 15.   1.  12.]
 [ 13.  22.   6.]
 [ 10.   9.  12.]]
cf_score, 27.0
nv_score, -18.0
ratio, 0.494949494949
[[ 15.   4.  14.]
 [ 12.  19.  10.]
 [ 13.   3.  10.]]
cf_score, 17.0
nv_score, -28.0
ratio, 0.444444444444
[[ 14.   2.   7.]
 [ 11.  15.  12.]
 [ 20.   3.  16.]]
cf_score, 18.0
nv_score, -10.0
ratio, 0.454545454545
[[  9.   4.  17.]
 [  7.  23.   4.]
 [ 13.   5.  18.]]
cf_score, 20.0
nv_score, -20.0
ratio, 0.505050505051
[[  9.   3.  12.]
 [ 11.  15.  12.]
 [ 16.   6.  16.]]
cf_score, 12.0
nv_score, -20.0
ratio, 0.40404040404
[[ 12.   2.  12.]
 [  6.  19.   4.]
 [ 28.   2.  15.]]
cf_score, 6.0
nv_score, -13.0
ratio, 0.464646464646
[[ 10.   2.   6.]
 [  7.  33.   4.]
 [ 21.   4.  13.]]
cf_score, 29.0
nv_score, -3.0
ratio, 0.565656565657
[[ 16.   2.   8.]
 [  7.  30.   8.]
 [ 17.   2.  10.]]
cf_score, 31.0
nv_score, -14.0
ratio, 0.565656565657
[[ 21.   0.  11.]
 [  8.  22.   6.]
 [ 13.   6.  13.]]
cf_score, 32.0
nv_score, -15.0
ratio, 0.565656565657
[[ 11.   1.   8.]
 [  5.  15.  12.]
 [ 25.   8.  15.]]
cf_score, 8.0
nv_score, -13.0
ratio, 0.414141414141
[[ 18.   4.  11.]
 [ 13.  16.   4.]
 [ 15.   9.  10.]]
cf_score, 18.0
nv_score, -16.0
ratio, 0.444444444444
[[ 11.   5.  13.]
 [  4.  25.   3.]
 [ 24.   2.  13.]]
cf_score, 12.0
nv_score, -16.0
ratio, 0.494949494949
[[ 13.   4.   7.]
 [  9.  20.   8.]
 [ 13.   7.  19.]]
cf_score, 32.0
nv_score, -3.0
ratio, 0.525252525253
