[[  1.  23.  14.]
 [  2.  22.   6.]
 [  3.  19.  10.]]
cf_score, 16.0
ratio, 0.333333333333
[[  1.  19.  12.]
 [  2.  26.   8.]
 [  0.  17.  15.]]
cf_score, 30.0
ratio, 0.424242424242
[[ 21.   0.   9.]
 [ 23.   0.   6.]
 [ 16.   0.  25.]]
cf_score, 21.0
ratio, 0.464646464646
[[ 20.   7.   7.]
 [ 16.   7.  13.]
 [  7.   2.  21.]]
cf_score, 34.0
ratio, 0.484848484848
[[ 19.   6.   8.]
 [  7.   4.  12.]
 [  9.   5.  30.]]
cf_score, 36.0
ratio, 0.535353535354
[[ 23.   1.   4.]
 [ 17.   8.   9.]
 [  7.   4.  27.]]
cf_score, 47.0
ratio, 0.585858585859
[[ 20.   6.   7.]
 [ 18.   7.   9.]
 [ 12.   3.  18.]]
cf_score, 26.0
ratio, 0.454545454545
[[ 14.   1.   8.]
 [ 13.  13.  11.]
 [ 12.   5.  23.]]
cf_score, 30.0
ratio, 0.505050505051
[[ 25.   4.   5.]
 [ 12.  12.  11.]
 [  6.   2.  23.]]
cf_score, 49.0
ratio, 0.606060606061
[[ 24.   4.   1.]
 [ 14.  10.  11.]
 [  7.   3.  26.]]
cf_score, 52.0
ratio, 0.606060606061
[[ 22.   8.   5.]
 [ 13.   8.  11.]
 [  8.   2.  23.]]
cf_score, 40.0
ratio, 0.535353535354
[[ 26.   4.   2.]
 [ 16.   9.  11.]
 [  4.   9.  19.]]
cf_score, 48.0
ratio, 0.545454545455
[[ 20.   9.   6.]
 [ 16.   3.  13.]
 [  4.   9.  20.]]
cf_score, 33.0
ratio, 0.434343434343
[[ 18.   8.   4.]
 [ 13.  11.  12.]
 [  7.   8.  19.]]
cf_score, 37.0
ratio, 0.484848484848
[[ 20.  10.   2.]
 [ 14.  10.   7.]
 [ 14.   9.  14.]]
cf_score, 28.0
ratio, 0.444444444444
[[ 22.   7.   6.]
 [ 13.   9.   6.]
 [ 11.   6.  20.]]
cf_score, 34.0
ratio, 0.515151515152
[[ 27.   8.   3.]
 [ 19.   6.   4.]
 [  6.   9.  18.]]
cf_score, 42.0
ratio, 0.515151515152
[[ 20.   6.   5.]
 [ 10.  14.  14.]
 [  9.   5.  17.]]
cf_score, 37.0
ratio, 0.515151515152
[[ 23.   5.   5.]
 [ 13.  10.  12.]
 [  7.  11.  14.]]
cf_score, 35.0
ratio, 0.474747474747
[[ 19.   9.   4.]
 [ 18.  16.   8.]
 [  4.   3.  19.]]
cf_score, 46.0
ratio, 0.545454545455
[[ 26.   3.   3.]
 [ 18.  11.   4.]
 [ 10.   8.  17.]]
cf_score, 41.0
ratio, 0.545454545455
[[ 27.   7.   6.]
 [ 10.  13.   5.]
 [  7.   6.  19.]]
cf_score, 46.0
ratio, 0.59595959596
[[ 22.   7.   5.]
 [ 15.  13.   6.]
 [  8.   5.  19.]]
cf_score, 41.0
ratio, 0.545454545455
[[ 27.   8.   3.]
 [ 15.   7.   8.]
 [  9.   8.  15.]]
cf_score, 37.0
ratio, 0.494949494949
[[ 17.  15.   3.]
 [ 13.  12.   6.]
 [  6.   9.  19.]]
cf_score, 39.0
ratio, 0.484848484848
[[ 18.  12.   4.]
 [ 11.  15.   3.]
 [ 10.   2.  25.]]
cf_score, 44.0
ratio, 0.585858585859
[[ 11.   9.   9.]
 [ 20.  14.   8.]
 [  6.   4.  19.]]
cf_score, 29.0
ratio, 0.444444444444
[[ 16.   8.   4.]
 [  9.  10.  11.]
 [ 10.   7.  25.]]
cf_score, 37.0
ratio, 0.515151515152
[[ 24.   6.   2.]
 [ 10.  10.  11.]
 [  9.   5.  23.]]
cf_score, 46.0
ratio, 0.575757575758
[[ 17.  12.   2.]
 [ 13.   9.  11.]
 [ 12.   9.  15.]]
cf_score, 27.0
ratio, 0.414141414141
[[ 30.   9.   3.]
 [ 10.  10.   8.]
 [  7.   5.  18.]]
cf_score, 48.0
ratio, 0.585858585859
[[ 23.  11.   2.]
 [ 11.   8.   7.]
 [  7.   7.  24.]]
cf_score, 46.0
ratio, 0.555555555556
[[ 19.  12.   9.]
 [ 12.  11.   9.]
 [ 10.   3.  15.]]
cf_score, 26.0
ratio, 0.454545454545
[[ 16.  12.   6.]
 [ 10.  11.   6.]
 [  9.   9.  21.]]
cf_score, 33.0
ratio, 0.484848484848
[[ 23.   6.   5.]
 [ 15.  10.   8.]
 [  6.  11.  16.]]
cf_score, 38.0
ratio, 0.494949494949
[[ 21.  10.   3.]
 [ 18.  11.   5.]
 [  4.   4.  24.]]
cf_score, 49.0
ratio, 0.565656565657
[[ 18.   8.   4.]
 [ 11.  12.   7.]
 [  8.  10.  22.]]
cf_score, 40.0
ratio, 0.525252525253
[[ 18.  10.   5.]
 [ 12.  10.   3.]
 [ 12.   8.  22.]]
cf_score, 33.0
ratio, 0.505050505051
[[ 21.   5.   6.]
 [ 17.  11.   3.]
 [ 14.   8.  15.]]
cf_score, 27.0
ratio, 0.474747474747
[[ 27.  10.   6.]
 [  6.  12.   6.]
 [  7.   4.  22.]]
cf_score, 48.0
ratio, 0.616161616162
[[ 28.   6.   4.]
 [ 16.   9.   3.]
 [ 10.   7.  17.]]
cf_score, 40.0
ratio, 0.545454545455
[[ 22.   7.   5.]
 [ 15.  14.   6.]
 [ 10.   8.  13.]]
cf_score, 34.0
ratio, 0.494949494949
[[ 10.  11.   3.]
 [  7.  23.   1.]
 [  8.  11.  26.]]
cf_score, 48.0
ratio, 0.59595959596
[[ 19.  11.   1.]
 [ 13.  15.   6.]
 [  8.  13.  14.]]
cf_score, 39.0
ratio, 0.484848484848
[[ 17.  13.   5.]
 [  2.  15.   3.]
 [ 15.  10.  20.]]
cf_score, 32.0
ratio, 0.525252525253
[[ 13.   9.   3.]
 [ 15.  19.   9.]
 [ 10.   8.  14.]]
cf_score, 33.0
ratio, 0.464646464646
[[ 22.  11.   3.]
 [ 12.  13.   1.]
 [ 14.  13.  11.]]
cf_score, 29.0
ratio, 0.464646464646
[[ 15.   6.   4.]
 [  8.  14.   7.]
 [  6.  15.  25.]]
cf_score, 44.0
ratio, 0.545454545455
[[ 12.  12.   8.]
 [  6.  25.   1.]
 [  7.  15.  14.]]
cf_score, 36.0
ratio, 0.515151515152
[[ 15.  12.   7.]
 [  5.  23.   5.]
 [  3.  15.  15.]]
cf_score, 43.0
ratio, 0.535353535354
[[ 15.  11.   3.]
 [ 12.  19.   3.]
 [ 11.  13.  13.]]
cf_score, 33.0
ratio, 0.474747474747
[[ 17.   7.   3.]
 [ 13.  17.   8.]
 [ 14.   6.  15.]]
cf_score, 32.0
ratio, 0.494949494949
[[ 23.   9.   4.]
 [  8.  15.   8.]
 [  5.   8.  20.]]
cf_score, 49.0
ratio, 0.585858585859
[[  9.  11.  11.]
 [  6.  21.   9.]
 [  8.   6.  19.]]
cf_score, 30.0
ratio, 0.494949494949
[[ 15.  12.   5.]
 [ 11.  16.   6.]
 [  5.  11.  19.]]
cf_score, 40.0
ratio, 0.505050505051
[[ 19.   7.   6.]
 [  9.  18.   7.]
 [  7.   7.  20.]]
cf_score, 44.0
ratio, 0.575757575758
[[ 23.   6.   4.]
 [ 14.  11.   6.]
 [ 13.   6.  17.]]
cf_score, 34.0
ratio, 0.515151515152
[[ 22.   9.   5.]
 [ 12.  12.   2.]
 [ 12.   9.  17.]]
cf_score, 34.0
ratio, 0.515151515152
[[ 19.  13.   5.]
 [  8.  14.   8.]
 [ 11.  11.  11.]]
cf_score, 28.0
ratio, 0.444444444444
[[ 14.   6.   4.]
 [  9.  13.  10.]
 [  6.  12.  26.]]
cf_score, 43.0
ratio, 0.535353535354
[[ 18.  16.   5.]
 [ 10.  11.   7.]
 [  4.  11.  18.]]
cf_score, 38.0
ratio, 0.474747474747
[[ 14.  15.   4.]
 [  3.  23.   7.]
 [  7.   8.  19.]]
cf_score, 45.0
ratio, 0.565656565657
[[ 20.   5.   0.]
 [ 19.  20.   3.]
 [ 16.   3.  14.]]
cf_score, 38.0
ratio, 0.545454545455
[[ 18.   8.   3.]
 [  9.  15.   8.]
 [ 13.  10.  16.]]
cf_score, 33.0
ratio, 0.494949494949
[[ 19.  20.   3.]
 [  8.  11.   6.]
 [  5.  10.  18.]]
cf_score, 40.0
ratio, 0.484848484848
[[ 21.   8.   6.]
 [  7.  17.   4.]
 [  7.  13.  17.]]
cf_score, 42.0
ratio, 0.555555555556
[[  8.  16.   5.]
 [ 11.  16.   7.]
 [ 12.   9.  16.]]
cf_score, 23.0
ratio, 0.40404040404
[[ 15.   7.   3.]
 [ 13.  21.   9.]
 [ 10.  13.   9.]]
cf_score, 32.0
ratio, 0.454545454545
[[ 23.   7.   4.]
 [ 11.  18.   7.]
 [ 10.   9.  11.]]
cf_score, 38.0
ratio, 0.525252525253
[[ 16.   4.   7.]
 [ 10.  18.   2.]
 [  9.  15.  19.]]
cf_score, 37.0
ratio, 0.535353535354
[[ 19.  14.   5.]
 [  5.  21.   7.]
 [ 11.   5.  13.]]
cf_score, 37.0
ratio, 0.535353535354
[[ 13.  10.   5.]
 [  9.  16.   5.]
 [  4.  14.  24.]]
cf_score, 44.0
ratio, 0.535353535354
[[ 14.   9.   3.]
 [  8.  15.  10.]
 [  8.  13.  20.]]
cf_score, 38.0
ratio, 0.494949494949
[[ 18.  12.   6.]
 [  8.  15.   6.]
 [  7.  10.  18.]]
cf_score, 38.0
ratio, 0.515151515152
[[ 27.   5.   2.]
 [ 12.  13.   4.]
 [ 10.  11.  16.]]
cf_score, 44.0
ratio, 0.565656565657
[[ 21.   4.   2.]
 [ 18.  15.   4.]
 [  8.   6.  22.]]
cf_score, 48.0
ratio, 0.585858585859
[[ 22.   4.   2.]
 [ 10.  20.   7.]
 [  9.   9.  17.]]
cf_score, 48.0
ratio, 0.59595959596
[[ 15.  11.  12.]
 [  9.  13.   4.]
 [  7.  10.  19.]]
cf_score, 28.0
ratio, 0.474747474747
[[ 10.  13.   5.]
 [ 10.  22.   5.]
 [  3.  16.  16.]]
cf_score, 40.0
ratio, 0.484848484848
[[ 19.  15.   3.]
 [  6.  17.   7.]
 [ 10.   9.  14.]]
cf_score, 37.0
ratio, 0.505050505051
[[ 24.  12.   4.]
 [  9.  16.   1.]
 [  7.   5.  22.]]
cf_score, 51.0
ratio, 0.626262626263
[[ 26.   4.   3.]
 [ 17.  15.   3.]
 [ 12.   9.  11.]]
cf_score, 37.0
ratio, 0.525252525253
[[ 17.  13.  11.]
 [  3.  19.   6.]
 [ 11.   4.  16.]]
cf_score, 30.0
ratio, 0.525252525253
[[ 10.  10.   4.]
 [ 11.  13.   6.]
 [ 11.  14.  21.]]
cf_score, 29.0
ratio, 0.444444444444
[[  9.  10.   2.]
 [  8.  21.  10.]
 [ 15.  10.  15.]]
cf_score, 28.0
ratio, 0.454545454545
[[ 24.  13.   3.]
 [  8.  10.   5.]
 [ 10.  11.  16.]]
cf_score, 37.0
ratio, 0.505050505051
[[ 17.  16.   4.]
 [ 12.  16.   5.]
 [  4.   7.  19.]]
cf_score, 44.0
ratio, 0.525252525253
[[ 21.   8.   4.]
 [ 13.  17.   7.]
 [  5.  14.  11.]]
cf_score, 40.0
ratio, 0.494949494949
[[ 24.   9.   4.]
 [  5.  14.   6.]
 [  9.  17.  12.]]
cf_score, 37.0
ratio, 0.505050505051
[[ 25.  10.   2.]
 [  4.  19.   7.]
 [  8.   8.  17.]]
cf_score, 51.0
ratio, 0.616161616162
[[ 23.  11.   1.]
 [ 10.  21.   1.]
 [  7.   9.  17.]]
cf_score, 53.0
ratio, 0.616161616162
[[ 21.   9.   1.]
 [ 12.  14.  10.]
 [  7.   9.  17.]]
cf_score, 44.0
ratio, 0.525252525253
[[ 21.   8.   7.]
 [  3.  14.   9.]
 [  9.  15.  14.]]
cf_score, 33.0
ratio, 0.494949494949
[[ 24.  13.   3.]
 [  8.  16.   7.]
 [  8.   9.  12.]]
cf_score, 41.0
ratio, 0.525252525253
[[ 12.  20.   2.]
 [ 13.  18.   8.]
 [  9.   6.  12.]]
cf_score, 31.0
ratio, 0.424242424242
[[ 15.  13.   2.]
 [ 11.  17.   7.]
 [ 10.   6.  19.]]
cf_score, 39.0
ratio, 0.515151515152
[[ 15.  10.   2.]
 [  6.  28.   3.]
 [  5.   8.  23.]]
cf_score, 59.0
ratio, 0.666666666667
[[ 20.   9.   4.]
 [  9.  11.   5.]
 [ 11.   9.  22.]]
cf_score, 38.0
ratio, 0.535353535354
[[ 19.  13.   1.]
 [ 10.  13.   2.]
 [  6.   8.  28.]]
cf_score, 53.0
ratio, 0.606060606061
[[ 14.  16.   3.]
 [  8.  26.   5.]
 [  2.   9.  17.]]
cf_score, 52.0
ratio, 0.575757575758
