[[  0.  24.   8.]
 [  0.  24.   8.]
 [  0.  24.  12.]]
cf_score, 28.0
ratio, 0.363636363636
[[  3.  23.   3.]
 [  1.  34.   5.]
 [  3.  19.   9.]]
cf_score, 40.0
ratio, 0.464646464646
[[  8.  18.   8.]
 [  5.  24.   2.]
 [ 11.  12.  12.]]
cf_score, 25.0
ratio, 0.444444444444
[[  2.  17.  14.]
 [  5.  28.   7.]
 [  1.  12.  14.]]
cf_score, 29.0
ratio, 0.444444444444
[[  7.  16.   9.]
 [  1.  25.  10.]
 [  6.  14.  12.]]
cf_score, 29.0
ratio, 0.444444444444
[[  9.  19.   3.]
 [  5.  28.   4.]
 [ 11.  10.  11.]]
cf_score, 34.0
ratio, 0.484848484848
[[  4.  20.  10.]
 [  3.  21.   9.]
 [  1.  17.  15.]]
cf_score, 29.0
ratio, 0.40404040404
[[ 14.  13.  10.]
 [ 13.  16.   5.]
 [  6.  10.  13.]]
cf_score, 27.0
ratio, 0.434343434343
[[ 14.  19.   9.]
 [  7.  14.   8.]
 [  4.   9.  16.]]
cf_score, 31.0
ratio, 0.444444444444
[[  7.  22.   7.]
 [ 10.  16.   7.]
 [  7.   8.  16.]]
cf_score, 25.0
ratio, 0.393939393939
[[ 10.  14.   9.]
 [  6.  14.   6.]
 [  7.  11.  23.]]
cf_score, 31.0
ratio, 0.474747474747
[[ 15.  19.  12.]
 [ 14.  17.   4.]
 [  7.   2.  10.]]
cf_score, 23.0
ratio, 0.424242424242
[[ 21.  10.   3.]
 [ 15.  11.   6.]
 [ 21.   4.   9.]]
cf_score, 17.0
ratio, 0.414141414141
[[ 26.   3.   4.]
 [ 20.   2.  10.]
 [ 22.   0.  13.]]
cf_score, 15.0
ratio, 0.414141414141
[[ 11.   3.  10.]
 [ 21.   5.  16.]
 [ 13.   2.  19.]]
cf_score, 12.0
ratio, 0.353535353535
[[ 12.   2.  22.]
 [  7.   6.  18.]
 [  5.   5.  23.]]
cf_score, 14.0
ratio, 0.414141414141
[[ 23.   0.   7.]
 [ 21.   2.  13.]
 [ 12.   4.  18.]]
cf_score, 24.0
ratio, 0.434343434343
[[ 19.   4.  14.]
 [ 25.   0.  13.]
 [  9.   5.  11.]]
cf_score, 7.0
ratio, 0.30303030303
[[ 17.   4.  14.]
 [  7.   4.  15.]
 [  4.   7.  28.]]
cf_score, 31.0
ratio, 0.494949494949
[[ 17.   5.  12.]
 [ 21.   5.  18.]
 [  4.   5.  13.]]
cf_score, 19.0
ratio, 0.353535353535
[[ 20.   4.   5.]
 [ 19.   8.  10.]
 [ 11.   5.  18.]]
cf_score, 30.0
ratio, 0.464646464646
[[ 22.   3.  10.]
 [ 17.   4.  19.]
 [  4.   4.  17.]]
cf_score, 29.0
ratio, 0.434343434343
[[ 14.   4.  11.]
 [ 13.   7.  17.]
 [  3.   4.  27.]]
cf_score, 34.0
ratio, 0.484848484848
[[ 15.   7.  15.]
 [ 10.   8.  15.]
 [  5.   7.  18.]]
cf_score, 21.0
ratio, 0.414141414141
[[ 17.   5.  13.]
 [  8.   6.  14.]
 [  4.   7.  26.]]
cf_score, 32.0
ratio, 0.494949494949
[[ 18.  10.   9.]
 [ 14.   5.  11.]
 [ 12.   5.  16.]]
cf_score, 18.0
ratio, 0.393939393939
[[ 14.  14.  10.]
 [ 10.  13.   7.]
 [ 10.  10.  12.]]
cf_score, 19.0
ratio, 0.393939393939
[[ 16.   7.  11.]
 [ 12.  12.   4.]
 [  9.   8.  21.]]
cf_score, 29.0
ratio, 0.494949494949
[[ 24.   7.   3.]
 [ 13.  14.   6.]
 [  8.  10.  15.]]
cf_score, 42.0
ratio, 0.535353535354
[[ 13.   4.  12.]
 [ 13.  12.  11.]
 [  7.   8.  20.]]
cf_score, 26.0
ratio, 0.454545454545
[[ 21.   9.   9.]
 [  7.  17.  10.]
 [  3.   8.  16.]]
cf_score, 42.0
ratio, 0.545454545455
[[  9.  13.   8.]
 [ 16.  15.   7.]
 [  7.  10.  15.]]
cf_score, 24.0
ratio, 0.393939393939
[[ 14.  13.   9.]
 [ 10.  13.   4.]
 [  9.   9.  19.]]
cf_score, 28.0
ratio, 0.464646464646
[[ 17.  13.  11.]
 [  9.   8.   9.]
 [  7.   8.  18.]]
cf_score, 25.0
ratio, 0.434343434343
[[ 14.  10.  10.]
 [  9.  13.  12.]
 [  4.   7.  21.]]
cf_score, 34.0
ratio, 0.484848484848
[[ 14.   9.  12.]
 [ 11.  11.  14.]
 [  9.   8.  12.]]
cf_score, 16.0
ratio, 0.373737373737
[[ 14.  11.  12.]
 [  7.  16.   6.]
 [  6.  15.  13.]]
cf_score, 25.0
ratio, 0.434343434343
[[ 10.   6.  14.]
 [ 15.  10.   6.]
 [  6.  12.  21.]]
cf_score, 21.0
ratio, 0.414141414141
[[ 16.  14.   7.]
 [  8.  19.   9.]
 [  3.  10.  14.]]
cf_score, 39.0
ratio, 0.494949494949
[[ 23.  10.   4.]
 [  9.   9.  10.]
 [  6.  11.  18.]]
cf_score, 40.0
ratio, 0.505050505051
[[ 16.  13.   7.]
 [ 15.   6.   7.]
 [ 12.  10.  14.]]
cf_score, 17.0
ratio, 0.363636363636
[[  7.  17.   8.]
 [  5.  18.  10.]
 [  2.   9.  24.]]
cf_score, 39.0
ratio, 0.494949494949
[[ 12.   9.  15.]
 [  7.  19.  11.]
 [  2.   6.  19.]]
cf_score, 33.0
ratio, 0.505050505051
[[ 14.   6.  10.]
 [  6.  20.  12.]
 [ 10.   5.  17.]]
cf_score, 31.0
ratio, 0.515151515152
[[ 19.   5.  11.]
 [ 10.   9.  10.]
 [  9.  12.  15.]]
cf_score, 23.0
ratio, 0.434343434343
[[ 17.   8.  12.]
 [ 11.  10.   6.]
 [  8.  11.  17.]]
cf_score, 24.0
ratio, 0.444444444444
[[ 13.   6.   9.]
 [ 13.  12.  12.]
 [  4.  12.  19.]]
cf_score, 31.0
ratio, 0.444444444444
[[ 16.  13.   8.]
 [  9.  12.   8.]
 [  8.  14.  12.]]
cf_score, 24.0
ratio, 0.40404040404
[[ 13.   9.  11.]
 [  7.  20.   7.]
 [  3.  12.  18.]]
cf_score, 37.0
ratio, 0.515151515152
[[ 16.  12.   6.]
 [ 15.  15.   7.]
 [  7.   5.  17.]]
cf_score, 35.0
ratio, 0.484848484848
[[ 13.  12.  10.]
 [  6.  20.   7.]
 [  7.   9.  16.]]
cf_score, 32.0
ratio, 0.494949494949
[[ 22.   8.   7.]
 [ 14.  10.  11.]
 [  5.   5.  18.]]
cf_score, 38.0
ratio, 0.505050505051
[[  6.   7.  11.]
 [  9.  12.  15.]
 [  3.  15.  22.]]
cf_score, 26.0
ratio, 0.40404040404
[[ 16.   9.  12.]
 [  9.  15.   8.]
 [  8.  11.  12.]]
cf_score, 23.0
ratio, 0.434343434343
[[ 17.   9.   5.]
 [ 17.  15.  12.]
 [  6.   7.  12.]]
cf_score, 33.0
ratio, 0.444444444444
[[ 19.   8.   8.]
 [ 12.  16.   7.]
 [  8.   6.  16.]]
cf_score, 35.0
ratio, 0.515151515152
[[ 12.  12.   7.]
 [ 13.  18.   7.]
 [  5.   8.  18.]]
cf_score, 36.0
ratio, 0.484848484848
[[ 11.  10.   9.]
 [ 12.  18.   8.]
 [  7.   7.  18.]]
cf_score, 31.0
ratio, 0.474747474747
[[ 11.   5.   9.]
 [ 13.  16.  12.]
 [  5.  12.  17.]]
cf_score, 30.0
ratio, 0.444444444444
[[ 17.   7.  12.]
 [ 15.  12.   6.]
 [  2.   9.  20.]]
cf_score, 35.0
ratio, 0.494949494949
[[ 11.  14.   6.]
 [  7.  19.  12.]
 [  5.  11.  15.]]
cf_score, 34.0
ratio, 0.454545454545
[[ 19.   7.   3.]
 [  7.  17.  14.]
 [ 11.   4.  18.]]
cf_score, 40.0
ratio, 0.545454545455
[[ 28.  10.   6.]
 [ 12.  11.   7.]
 [  3.  10.  13.]]
cf_score, 43.0
ratio, 0.525252525253
[[ 16.  10.   4.]
 [ 18.  17.   3.]
 [ 10.   8.  14.]]
cf_score, 33.0
ratio, 0.474747474747
[[ 13.   3.   7.]
 [ 11.  16.  11.]
 [  9.  14.  16.]]
cf_score, 29.0
ratio, 0.454545454545
[[ 12.  10.   8.]
 [ 12.  16.   9.]
 [  9.   7.  17.]]
cf_score, 28.0
ratio, 0.454545454545
[[ 17.   7.   7.]
 [ 15.  17.   5.]
 [  8.  10.  14.]]
cf_score, 33.0
ratio, 0.484848484848
[[ 13.   5.   8.]
 [ 13.  14.   8.]
 [  7.  12.  20.]]
cf_score, 32.0
ratio, 0.474747474747
[[ 15.   8.   2.]
 [ 12.  14.   8.]
 [  9.   9.  23.]]
cf_score, 41.0
ratio, 0.525252525253
[[ 11.  13.  11.]
 [ 14.  11.  13.]
 [  3.   9.  15.]]
cf_score, 23.0
ratio, 0.373737373737
[[ 13.  11.   6.]
 [ 16.  15.   5.]
 [ 10.   7.  17.]]
cf_score, 29.0
ratio, 0.454545454545
[[ 11.  11.   9.]
 [  8.  14.  11.]
 [  8.   6.  22.]]
cf_score, 30.0
ratio, 0.474747474747
[[ 10.  13.  16.]
 [  5.   9.   8.]
 [  4.  11.  24.]]
cf_score, 23.0
ratio, 0.434343434343
[[ 15.  11.   3.]
 [ 19.  12.   5.]
 [  7.  11.  17.]]
cf_score, 34.0
ratio, 0.444444444444
[[ 16.   8.  12.]
 [  7.  17.  13.]
 [  6.  12.   9.]]
cf_score, 24.0
ratio, 0.424242424242
[[ 19.   7.  10.]
 [  9.  15.   8.]
 [  9.  10.  13.]]
cf_score, 28.0
ratio, 0.474747474747
[[ 23.   7.   6.]
 [ 23.  11.   7.]
 [  5.   9.   9.]]
cf_score, 32.0
ratio, 0.434343434343
[[ 12.  13.  10.]
 [  7.  11.  10.]
 [  4.   9.  24.]]
cf_score, 33.0
ratio, 0.474747474747
[[ 15.  11.  13.]
 [ 10.   7.  14.]
 [  4.   6.  20.]]
cf_score, 25.0
ratio, 0.424242424242
[[ 17.  11.   8.]
 [ 13.   9.  11.]
 [  7.  13.  11.]]
cf_score, 22.0
ratio, 0.373737373737
[[ 10.   8.   9.]
 [  9.  19.   3.]
 [ 12.  12.  18.]]
cf_score, 26.0
ratio, 0.474747474747
[[ 20.  18.   8.]
 [ 18.   7.  10.]
 [  3.   6.  10.]]
cf_score, 26.0
ratio, 0.373737373737
[[ 16.  11.   9.]
 [  9.  24.   5.]
 [  7.  11.   8.]]
cf_score, 32.0
ratio, 0.484848484848
[[ 15.   4.  12.]
 [  7.  15.  14.]
 [  4.  13.  16.]]
cf_score, 30.0
ratio, 0.464646464646
[[ 13.   8.   3.]
 [  9.  16.  13.]
 [  7.  14.  17.]]
cf_score, 36.0
ratio, 0.464646464646
[[ 17.  15.   9.]
 [ 10.  11.   8.]
 [  5.  12.  13.]]
cf_score, 27.0
ratio, 0.414141414141
[[ 18.  10.   5.]
 [ 12.  18.   1.]
 [  7.  11.  18.]]
cf_score, 42.0
ratio, 0.545454545455
[[ 10.   7.  13.]
 [ 16.  22.   6.]
 [  4.   7.  15.]]
cf_score, 30.0
ratio, 0.474747474747
[[ 23.  10.   4.]
 [ 18.  14.   3.]
 [  8.   5.  15.]]
cf_score, 40.0
ratio, 0.525252525253
[[ 14.  12.   5.]
 [ 13.  13.  10.]
 [  8.  10.  15.]]
cf_score, 29.0
ratio, 0.424242424242
[[ 19.  12.  11.]
 [ 13.  10.   8.]
 [  7.   6.  14.]]
cf_score, 25.0
ratio, 0.434343434343
[[ 21.  12.   4.]
 [ 19.  14.   1.]
 [  5.   6.  18.]]
cf_score, 44.0
ratio, 0.535353535354
[[ 20.  15.   9.]
 [ 10.  15.   9.]
 [  3.   9.  10.]]
cf_score, 33.0
ratio, 0.454545454545
[[ 19.   5.   4.]
 [ 17.  15.   6.]
 [  8.  10.  16.]]
cf_score, 38.0
ratio, 0.505050505051
[[ 14.   6.  13.]
 [ 19.  14.   6.]
 [  9.   7.  12.]]
cf_score, 18.0
ratio, 0.40404040404
[[ 13.   7.   9.]
 [ 18.  15.   7.]
 [  6.  13.  12.]]
cf_score, 25.0
ratio, 0.40404040404
[[ 14.  15.   9.]
 [ 17.  12.   9.]
 [  3.   7.  14.]]
cf_score, 28.0
ratio, 0.40404040404
[[ 14.   9.   8.]
 [ 14.  18.   4.]
 [  6.   8.  19.]]
cf_score, 37.0
ratio, 0.515151515152
[[ 15.   8.   7.]
 [ 11.  13.   9.]
 [  6.   9.  22.]]
cf_score, 37.0
ratio, 0.505050505051
[[ 15.   8.   9.]
 [  5.  13.  15.]
 [  5.  14.  16.]]
cf_score, 30.0
ratio, 0.444444444444
