[[  0.  13.  18.]
 [  0.  17.  15.]
 [  0.  11.  26.]]
cf_score, 25.0
ratio, 0.434343434343
[[  1.  17.  14.]
 [  2.  21.  11.]
 [  2.  17.  15.]]
cf_score, 21.0
ratio, 0.373737373737
[[  0.  23.   9.]
 [  1.  24.   5.]
 [  2.  22.  14.]]
cf_score, 27.0
ratio, 0.383838383838
[[  2.  19.  14.]
 [  1.  20.  10.]
 [  1.  16.  17.]]
cf_score, 24.0
ratio, 0.393939393939
[[  3.  24.  12.]
 [  1.  24.   6.]
 [  1.  13.  16.]]
cf_score, 30.0
ratio, 0.434343434343
[[  1.  16.   8.]
 [  0.  33.   6.]
 [  5.  16.  15.]]
cf_score, 36.0
ratio, 0.494949494949
[[  2.  13.  20.]
 [  1.  16.  15.]
 [  3.   6.  24.]]
cf_score, 19.0
ratio, 0.424242424242
[[ 13.  13.  13.]
 [  4.  22.  11.]
 [  4.   7.  13.]]
cf_score, 31.0
ratio, 0.484848484848
[[  3.  17.   6.]
 [  5.  26.  10.]
 [  1.   6.  26.]]
cf_score, 48.0
ratio, 0.555555555556
[[  6.  15.  12.]
 [  9.  19.   5.]
 [  1.  10.  23.]]
cf_score, 35.0
ratio, 0.484848484848
[[  4.  17.  14.]
 [  2.  23.  11.]
 [  5.   5.  19.]]
cf_score, 27.0
ratio, 0.464646464646
[[  4.  19.  10.]
 [  5.  19.   8.]
 [  5.   7.  23.]]
cf_score, 31.0
ratio, 0.464646464646
[[  3.  13.  10.]
 [  5.  22.   8.]
 [  7.  14.  18.]]
cf_score, 26.0
ratio, 0.434343434343
[[  6.  12.  14.]
 [  8.  16.  13.]
 [  4.   3.  24.]]
cf_score, 28.0
ratio, 0.464646464646
[[  4.  22.   8.]
 [  7.  13.   9.]
 [ 12.  11.  14.]]
cf_score, 11.0
ratio, 0.313131313131
[[  2.  27.   8.]
 [  7.  24.   4.]
 [  2.  17.   9.]]
cf_score, 25.0
ratio, 0.353535353535
[[  9.   5.  18.]
 [ 12.   8.  15.]
 [  1.   3.  29.]]
cf_score, 27.0
ratio, 0.464646464646
[[  6.  16.  14.]
 [  8.  20.   6.]
 [  7.   6.  17.]]
cf_score, 22.0
ratio, 0.434343434343
[[ 10.   7.  14.]
 [ 11.  13.  19.]
 [  2.   4.  20.]]
cf_score, 27.0
ratio, 0.434343434343
[[ 10.  15.  18.]
 [  5.  14.   7.]
 [ 11.   3.  17.]]
cf_score, 12.0
ratio, 0.414141414141
[[  3.  18.   6.]
 [  7.  17.  10.]
 [ 11.   7.  21.]]
cf_score, 24.0
ratio, 0.414141414141
[[  3.  22.   8.]
 [  5.  25.   4.]
 [  5.  12.  16.]]
cf_score, 31.0
ratio, 0.444444444444
[[ 11.   9.  18.]
 [  5.  11.  12.]
 [  3.   5.  26.]]
cf_score, 27.0
ratio, 0.484848484848
[[  3.  20.  11.]
 [  4.  19.   7.]
 [  9.  11.  16.]]
cf_score, 18.0
ratio, 0.383838383838
[[  9.  11.  10.]
 [  9.  23.   6.]
 [  5.  12.  15.]]
cf_score, 32.0
ratio, 0.474747474747
[[ 11.  17.  10.]
 [ 10.  20.   5.]
 [  7.   3.  17.]]
cf_score, 31.0
ratio, 0.484848484848
[[  8.  21.   9.]
 [ 10.  15.   6.]
 [  2.   6.  23.]]
cf_score, 35.0
ratio, 0.464646464646
[[ 16.   5.  17.]
 [ 13.  11.   8.]
 [  1.   1.  28.]]
cf_score, 37.0
ratio, 0.555555555556
[[  4.  15.  18.]
 [  8.  17.   5.]
 [  3.   6.  24.]]
cf_score, 24.0
ratio, 0.454545454545
[[  5.  11.  15.]
 [  3.  26.   9.]
 [  6.  10.  15.]]
cf_score, 25.0
ratio, 0.464646464646
[[ 13.   9.   8.]
 [ 10.  18.   5.]
 [ 10.   5.  22.]]
cf_score, 35.0
ratio, 0.535353535354
[[ 11.  13.  11.]
 [  9.  17.   6.]
 [ 11.   8.  14.]]
cf_score, 20.0
ratio, 0.424242424242
[[ 12.  16.   5.]
 [  9.  18.   7.]
 [  9.  10.  14.]]
cf_score, 30.0
ratio, 0.444444444444
[[  9.  15.  13.]
 [  7.  15.  15.]
 [  6.   0.  20.]]
cf_score, 25.0
ratio, 0.444444444444
[[ 11.  12.   9.]
 [  5.  15.   8.]
 [  7.   9.  24.]]
cf_score, 34.0
ratio, 0.505050505051
[[  6.  13.  11.]
 [  8.  15.   6.]
 [  7.   7.  27.]]
cf_score, 30.0
ratio, 0.484848484848
[[  5.   7.  13.]
 [  8.   7.  20.]
 [  8.   4.  28.]]
cf_score, 19.0
ratio, 0.40404040404
[[  9.  14.   9.]
 [ 11.  14.   6.]
 [  9.   6.  22.]]
cf_score, 27.0
ratio, 0.454545454545
[[ 12.   8.  16.]
 [ 12.  14.   7.]
 [  6.   3.  22.]]
cf_score, 26.0
ratio, 0.484848484848
[[ 18.   3.  12.]
 [ 10.  14.  10.]
 [  3.   2.  28.]]
cf_score, 45.0
ratio, 0.606060606061
[[ 10.   6.  12.]
 [ 15.  13.  10.]
 [  8.   4.  22.]]
cf_score, 25.0
ratio, 0.454545454545
[[ 14.   9.  12.]
 [  8.  13.   9.]
 [  9.   7.  19.]]
cf_score, 25.0
ratio, 0.464646464646
[[ 10.  16.   7.]
 [  8.  19.   4.]
 [ 12.   7.  17.]]
cf_score, 27.0
ratio, 0.464646464646
[[ 14.   8.   6.]
 [ 14.  18.   9.]
 [ 12.   3.  16.]]
cf_score, 30.0
ratio, 0.484848484848
[[  9.  15.   9.]
 [ 10.  18.   9.]
 [  7.   8.  15.]]
cf_score, 26.0
ratio, 0.424242424242
[[  9.  17.   8.]
 [ 11.  15.  10.]
 [  9.   6.  15.]]
cf_score, 22.0
ratio, 0.393939393939
[[ 10.  10.   6.]
 [ 12.  13.   7.]
 [ 13.   6.  23.]]
cf_score, 27.0
ratio, 0.464646464646
[[ 14.  13.   6.]
 [ 14.  19.   7.]
 [  6.   7.  14.]]
cf_score, 35.0
ratio, 0.474747474747
[[ 12.  13.  11.]
 [ 12.  14.   5.]
 [  7.   6.  20.]]
cf_score, 28.0
ratio, 0.464646464646
[[ 12.   3.   8.]
 [ 15.   6.  23.]
 [  3.   3.  27.]]
cf_score, 34.0
ratio, 0.454545454545
[[  7.  18.   8.]
 [  6.  26.   2.]
 [ 14.   6.  13.]]
cf_score, 24.0
ratio, 0.464646464646
[[  7.   4.  25.]
 [ 13.  10.  16.]
 [  5.   3.  17.]]
cf_score, 4.0
ratio, 0.343434343434
[[ 12.   6.  10.]
 [ 12.  21.  11.]
 [  4.   8.  16.]]
cf_score, 35.0
ratio, 0.494949494949
[[ 11.   8.  13.]
 [ 18.  11.   6.]
 [ 11.   5.  17.]]
cf_score, 15.0
ratio, 0.393939393939
[[ 14.   4.  12.]
 [ 13.  12.  12.]
 [  5.   4.  24.]]
cf_score, 33.0
ratio, 0.505050505051
[[ 17.  16.  10.]
 [ 13.  14.   6.]
 [  5.   4.  15.]]
cf_score, 31.0
ratio, 0.464646464646
[[ 11.  20.   2.]
 [ 14.  14.   5.]
 [  9.   9.  16.]]
cf_score, 30.0
ratio, 0.414141414141
[[  9.  13.  14.]
 [ 13.  10.   9.]
 [  6.   4.  22.]]
cf_score, 21.0
ratio, 0.414141414141
[[ 17.   3.  19.]
 [ 15.  10.   4.]
 [  9.   4.  19.]]
cf_score, 18.0
ratio, 0.464646464646
[[ 14.   6.   9.]
 [ 23.   9.   5.]
 [  8.   4.  22.]]
cf_score, 28.0
ratio, 0.454545454545
[[ 12.  10.   4.]
 [ 12.  14.   9.]
 [  9.   7.  23.]]
cf_score, 36.0
ratio, 0.494949494949
[[ 12.   9.   8.]
 [ 18.   5.  10.]
 [  7.   6.  25.]]
cf_score, 27.0
ratio, 0.424242424242
[[ 15.  15.   8.]
 [  8.  19.   4.]
 [  6.   8.  17.]]
cf_score, 37.0
ratio, 0.515151515152
[[ 10.   4.  19.]
 [ 11.  13.   1.]
 [ 16.   5.  21.]]
cf_score, 9.0
ratio, 0.444444444444
[[ 14.   7.   9.]
 [ 10.  14.   7.]
 [ 13.   1.  25.]]
cf_score, 31.0
ratio, 0.535353535354
[[ 10.  13.   9.]
 [ 12.  17.   5.]
 [  9.   4.  21.]]
cf_score, 30.0
ratio, 0.484848484848
[[ 16.   8.  10.]
 [ 13.  13.  13.]
 [  8.   7.  12.]]
cf_score, 23.0
ratio, 0.414141414141
[[ 18.   6.  14.]
 [ 15.   5.  10.]
 [  4.   3.  25.]]
cf_score, 30.0
ratio, 0.484848484848
[[ 14.   7.  11.]
 [ 11.  17.   8.]
 [ 11.   9.  12.]]
cf_score, 21.0
ratio, 0.434343434343
[[ 11.  14.  10.]
 [ 11.  21.   5.]
 [  8.   9.  11.]]
cf_score, 25.0
ratio, 0.434343434343
[[ 15.   6.   9.]
 [ 16.  17.   6.]
 [  8.   6.  17.]]
cf_score, 32.0
ratio, 0.494949494949
[[ 14.  12.  14.]
 [ 15.  10.  10.]
 [  8.   2.  15.]]
cf_score, 17.0
ratio, 0.393939393939
[[ 14.  10.  12.]
 [ 13.  12.   7.]
 [  9.   5.  18.]]
cf_score, 23.0
ratio, 0.444444444444
[[ 16.   8.   7.]
 [ 16.  10.   5.]
 [ 15.   6.  17.]]
cf_score, 21.0
ratio, 0.434343434343
[[ 15.   8.   8.]
 [ 16.   9.   8.]
 [ 10.   2.  24.]]
cf_score, 30.0
ratio, 0.484848484848
[[ 19.   6.  10.]
 [ 14.   7.   9.]
 [  8.   4.  23.]]
cf_score, 31.0
ratio, 0.494949494949
[[ 11.   5.  14.]
 [ 13.   5.  13.]
 [  6.   3.  30.]]
cf_score, 26.0
ratio, 0.464646464646
[[ 20.   2.  15.]
 [ 14.   5.  12.]
 [  4.   4.  24.]]
cf_score, 30.0
ratio, 0.494949494949
[[ 14.   4.  15.]
 [ 13.  14.  10.]
 [ 15.   3.  12.]]
cf_score, 10.0
ratio, 0.40404040404
[[ 15.   8.  14.]
 [ 15.   7.   2.]
 [ 13.   3.  23.]]
cf_score, 18.0
ratio, 0.454545454545
[[  9.   2.  20.]
 [  8.   6.  12.]
 [ 10.   4.  29.]]
cf_score, 14.0
ratio, 0.444444444444
[[ 15.   9.   7.]
 [ 15.  13.   5.]
 [ 13.   5.  18.]]
cf_score, 26.0
ratio, 0.464646464646
[[ 19.   8.  10.]
 [ 18.  11.   4.]
 [  9.   6.  15.]]
cf_score, 26.0
ratio, 0.454545454545
[[  9.   7.  14.]
 [ 14.   9.  12.]
 [  8.   3.  24.]]
cf_score, 20.0
ratio, 0.424242424242
[[ 14.   5.  17.]
 [ 12.   9.  10.]
 [  6.   2.  25.]]
cf_score, 25.0
ratio, 0.484848484848
[[ 12.  11.   6.]
 [ 17.  10.   2.]
 [ 14.   9.  19.]]
cf_score, 21.0
ratio, 0.414141414141
[[ 22.   6.   8.]
 [ 12.  13.  11.]
 [  9.   2.  17.]]
cf_score, 35.0
ratio, 0.525252525253
[[ 13.   6.  18.]
 [ 18.   5.  11.]
 [  6.   2.  21.]]
cf_score, 15.0
ratio, 0.393939393939
[[ 15.   7.  11.]
 [ 15.   7.   8.]
 [  8.   3.  26.]]
cf_score, 29.0
ratio, 0.484848484848
[[ 13.   5.  17.]
 [ 23.  11.   9.]
 [  5.   1.  16.]]
cf_score, 18.0
ratio, 0.40404040404
[[ 23.   5.   7.]
 [ 27.   9.   3.]
 [  6.   4.  16.]]
cf_score, 35.0
ratio, 0.484848484848
[[ 18.   6.  15.]
 [ 13.   6.  10.]
 [  7.   4.  21.]]
cf_score, 23.0
ratio, 0.454545454545
[[ 15.  10.   8.]
 [ 18.  11.   8.]
 [ 12.   2.  16.]]
cf_score, 22.0
ratio, 0.424242424242
[[ 14.  12.  11.]
 [ 20.   5.   6.]
 [  8.   7.  17.]]
cf_score, 17.0
ratio, 0.363636363636
[[ 10.  15.  10.]
 [ 14.  12.   5.]
 [ 15.   3.  16.]]
cf_score, 13.0
ratio, 0.383838383838
[[ 22.   3.   6.]
 [ 23.   5.   3.]
 [ 15.   3.  20.]]
cf_score, 26.0
ratio, 0.474747474747
[[ 16.  16.   7.]
 [ 13.  14.   4.]
 [ 14.   6.  10.]]
cf_score, 19.0
ratio, 0.40404040404
[[ 23.  10.   8.]
 [ 10.  14.   7.]
 [ 11.   7.  10.]]
cf_score, 28.0
ratio, 0.474747474747
[[  7.   9.  10.]
 [ 23.   4.  11.]
 [ 12.   0.  24.]]
cf_score, 13.0
ratio, 0.353535353535
[[ 14.  12.  12.]
 [ 17.   9.   9.]
 [  9.   4.  14.]]
cf_score, 16.0
ratio, 0.373737373737
