[[ 13.   7.   1.]
 [  6.  26.   1.]
 [ 29.  16.   1.]]
cf_score, 10.0
ratio, 0.40404040404
[[ 23.  10.   2.]
 [  4.  30.   0.]
 [ 17.  14.   0.]]
cf_score, 34.0
ratio, 0.535353535354
[[ 19.   7.   2.]
 [  9.  31.   0.]
 [ 23.   9.   0.]]
cf_score, 25.0
ratio, 0.505050505051
[[ 19.  13.   1.]
 [  3.  27.   3.]
 [ 16.  16.   2.]]
cf_score, 31.0
ratio, 0.484848484848
[[ 17.   6.   2.]
 [  4.  29.   1.]
 [ 18.  16.   7.]]
cf_score, 33.0
ratio, 0.535353535354
[[ 19.  12.   6.]
 [  5.  25.   6.]
 [ 12.   8.   7.]]
cf_score, 33.0
ratio, 0.515151515152
[[ 17.  11.   9.]
 [  1.  24.   6.]
 [ 13.  10.   9.]]
cf_score, 28.0
ratio, 0.505050505051
[[ 18.   3.   3.]
 [  7.  27.   3.]
 [  9.  11.  19.]]
cf_score, 52.0
ratio, 0.646464646465
[[ 12.  10.  13.]
 [  4.  21.   7.]
 [  7.   6.  20.]]
cf_score, 33.0
ratio, 0.535353535354
[[ 17.  11.   6.]
 [  3.  15.   8.]
 [ 12.  15.  13.]]
cf_score, 27.0
ratio, 0.454545454545
[[ 17.   5.   5.]
 [  4.  26.   5.]
 [  9.   8.  21.]]
cf_score, 50.0
ratio, 0.646464646465
[[ 24.  10.   6.]
 [  5.  19.   4.]
 [  7.   8.  17.]]
cf_score, 47.0
ratio, 0.606060606061
[[ 19.   8.   5.]
 [  2.  22.   3.]
 [  6.  11.  24.]]
cf_score, 54.0
ratio, 0.656565656566
[[ 18.  11.  10.]
 [  3.  18.   5.]
 [ 11.  14.  10.]]
cf_score, 25.0
ratio, 0.464646464646
[[ 21.   7.   4.]
 [  5.  33.   3.]
 [  7.   7.  13.]]
cf_score, 56.0
ratio, 0.676767676768
[[ 15.   4.   5.]
 [  5.  31.   1.]
 [  9.  12.  18.]]
cf_score, 50.0
ratio, 0.646464646465
[[ 25.   9.   5.]
 [  4.  25.   1.]
 [  9.  11.  11.]]
cf_score, 47.0
ratio, 0.616161616162
[[ 23.   7.   4.]
 [  2.  23.   0.]
 [  7.  17.  17.]]
cf_score, 52.0
ratio, 0.636363636364
[[ 10.  13.   7.]
 [  3.  34.   2.]
 [  7.  10.  14.]]
cf_score, 44.0
ratio, 0.585858585859
[[ 15.   7.   6.]
 [  6.  32.   3.]
 [  8.  12.  11.]]
cf_score, 44.0
ratio, 0.585858585859
[[ 20.   6.   5.]
 [  8.  25.   9.]
 [ 12.   5.  10.]]
cf_score, 38.0
ratio, 0.555555555556
[[ 18.   3.   6.]
 [  4.  26.   3.]
 [ 12.  12.  16.]]
cf_score, 42.0
ratio, 0.606060606061
[[ 12.   7.   6.]
 [  3.  25.   2.]
 [ 12.  16.  17.]]
cf_score, 36.0
ratio, 0.545454545455
[[ 17.  12.   6.]
 [  3.  19.   2.]
 [  7.  15.  19.]]
cf_score, 42.0
ratio, 0.555555555556
[[ 20.  13.   3.]
 [  3.  24.   3.]
 [  6.  13.  15.]]
cf_score, 50.0
ratio, 0.59595959596
[[ 22.   5.   6.]
 [  5.  21.   0.]
 [  9.  12.  20.]]
cf_score, 48.0
ratio, 0.636363636364
[[ 14.  10.   8.]
 [  1.  30.   4.]
 [  7.   8.  18.]]
cf_score, 47.0
ratio, 0.626262626263
[[ 20.   6.   8.]
 [  8.  23.   3.]
 [  9.   9.  14.]]
cf_score, 40.0
ratio, 0.575757575758
[[ 16.  11.   4.]
 [  5.  24.   5.]
 [  8.  14.  13.]]
cf_score, 41.0
ratio, 0.535353535354
[[ 15.   9.  15.]
 [  4.  18.   4.]
 [  8.   9.  18.]]
cf_score, 28.0
ratio, 0.515151515152
[[ 19.   6.   7.]
 [  6.  31.   5.]
 [  6.   7.  13.]]
cf_score, 50.0
ratio, 0.636363636364
[[ 19.   6.   5.]
 [  5.  25.   7.]
 [ 10.  14.   9.]]
cf_score, 38.0
ratio, 0.535353535354
[[ 17.   4.   4.]
 [  2.  24.   6.]
 [  8.   9.  26.]]
cf_score, 55.0
ratio, 0.676767676768
[[ 27.  11.   4.]
 [  4.  20.   5.]
 [  6.   9.  14.]]
cf_score, 51.0
ratio, 0.616161616162
[[ 14.  13.   7.]
 [  4.  20.   4.]
 [  6.  11.  21.]]
cf_score, 42.0
ratio, 0.555555555556
[[ 21.   5.   6.]
 [  3.  26.   5.]
 [  8.  11.  15.]]
cf_score, 48.0
ratio, 0.626262626263
[[ 17.   3.   6.]
 [  3.  27.   7.]
 [  6.   9.  22.]]
cf_score, 54.0
ratio, 0.666666666667
[[ 14.   5.  11.]
 [  5.  21.   4.]
 [  6.  13.  21.]]
cf_score, 39.0
ratio, 0.565656565657
[[ 11.   8.   7.]
 [  6.  15.  10.]
 [ 10.  12.  21.]]
cf_score, 30.0
ratio, 0.474747474747
[[ 20.  11.   4.]
 [  2.  27.  11.]
 [  6.   6.  13.]]
cf_score, 50.0
ratio, 0.606060606061
[[ 32.   5.   6.]
 [  8.  21.   3.]
 [  5.   8.  12.]]
cf_score, 54.0
ratio, 0.656565656566
[[ 19.   7.   2.]
 [ 10.  26.   7.]
 [  9.   5.  15.]]
cf_score, 49.0
ratio, 0.606060606061
[[ 18.  12.   7.]
 [  2.  18.   4.]
 [  6.   8.  25.]]
cf_score, 48.0
ratio, 0.616161616162
[[ 13.   9.  11.]
 [  2.  20.   7.]
 [  6.   8.  24.]]
cf_score, 40.0
ratio, 0.575757575758
[[ 15.  12.   5.]
 [  4.  22.   5.]
 [  6.  15.  16.]]
cf_score, 42.0
ratio, 0.535353535354
[[ 17.   4.   9.]
 [  6.  28.   4.]
 [  6.   6.  20.]]
cf_score, 50.0
ratio, 0.656565656566
[[ 12.   9.   5.]
 [  1.  24.   7.]
 [ 12.  11.  19.]]
cf_score, 38.0
ratio, 0.555555555556
[[ 21.   6.   7.]
 [  5.  19.   4.]
 [ 12.  11.  15.]]
cf_score, 36.0
ratio, 0.555555555556
[[ 13.  10.   9.]
 [  6.  19.   8.]
 [ 12.   6.  17.]]
cf_score, 28.0
ratio, 0.494949494949
[[ 25.   5.   8.]
 [  6.  15.   3.]
 [ 12.   9.  17.]]
cf_score, 37.0
ratio, 0.575757575758
[[ 20.   8.   6.]
 [  3.  23.   6.]
 [ 13.   8.  13.]]
cf_score, 37.0
ratio, 0.565656565657
[[ 24.   7.   3.]
 [  7.  24.   3.]
 [  6.   5.  21.]]
cf_score, 60.0
ratio, 0.69696969697
[[ 22.   5.   3.]
 [  7.  24.   4.]
 [ 12.   8.  15.]]
cf_score, 46.0
ratio, 0.616161616162
[[ 19.   7.   5.]
 [  5.  24.   2.]
 [  9.  12.  17.]]
cf_score, 46.0
ratio, 0.606060606061
[[ 16.   8.   5.]
 [  5.  22.   6.]
 [  8.   6.  24.]]
cf_score, 49.0
ratio, 0.626262626263
[[ 19.   7.   6.]
 [  3.  21.   5.]
 [ 12.   5.  22.]]
cf_score, 44.0
ratio, 0.626262626263
[[ 14.  11.   0.]
 [  6.  32.   3.]
 [ 17.   8.   9.]]
cf_score, 38.0
ratio, 0.555555555556
[[ 23.   5.   4.]
 [  4.  22.   1.]
 [  7.   9.  25.]]
cf_score, 59.0
ratio, 0.707070707071
[[ 22.  11.   4.]
 [  5.  20.   6.]
 [  9.  13.  10.]]
cf_score, 39.0
ratio, 0.525252525253
[[ 21.  10.   8.]
 [  3.  27.   2.]
 [  4.   7.  18.]]
cf_score, 54.0
ratio, 0.666666666667
[[ 20.   6.   9.]
 [  3.  24.   5.]
 [  9.   8.  16.]]
cf_score, 42.0
ratio, 0.606060606061
[[ 22.   6.   6.]
 [  4.  19.   6.]
 [ 12.  14.  11.]]
cf_score, 34.0
ratio, 0.525252525253
[[ 15.  10.   8.]
 [  4.  24.   2.]
 [  6.  15.  16.]]
cf_score, 41.0
ratio, 0.555555555556
[[ 17.  11.  10.]
 [  5.  22.   7.]
 [  4.   9.  15.]]
cf_score, 40.0
ratio, 0.545454545455
[[ 14.   8.   1.]
 [  3.  27.   6.]
 [ 14.  12.  15.]]
cf_score, 41.0
ratio, 0.565656565657
[[ 18.  11.   7.]
 [  4.  29.   2.]
 [  7.   6.  16.]]
cf_score, 49.0
ratio, 0.636363636364
[[ 14.   9.   5.]
 [  5.  18.   4.]
 [ 14.  11.  20.]]
cf_score, 33.0
ratio, 0.525252525253
[[ 24.   8.  11.]
 [  3.  21.   1.]
 [  8.  10.  14.]]
cf_score, 40.0
ratio, 0.59595959596
[[ 13.   8.   7.]
 [  1.  31.   6.]
 [  4.  12.  18.]]
cf_score, 51.0
ratio, 0.626262626263
[[ 14.   8.   8.]
 [  4.  33.   1.]
 [  6.  10.  16.]]
cf_score, 49.0
ratio, 0.636363636364
[[ 22.   3.  11.]
 [  5.  24.   3.]
 [  7.   9.  16.]]
cf_score, 44.0
ratio, 0.626262626263
[[ 17.   6.   6.]
 [  4.  19.   4.]
 [ 10.  17.  17.]]
cf_score, 37.0
ratio, 0.535353535354
[[ 12.   7.   2.]
 [  4.  33.   4.]
 [ 10.  12.  16.]]
cf_score, 49.0
ratio, 0.616161616162
[[ 16.   8.   6.]
 [  4.  28.   3.]
 [ 10.   7.  18.]]
cf_score, 46.0
ratio, 0.626262626263
[[ 20.   9.   1.]
 [  6.  24.   2.]
 [ 10.   6.  22.]]
cf_score, 55.0
ratio, 0.666666666667
[[ 17.   5.   7.]
 [  6.  20.   7.]
 [ 13.   9.  16.]]
cf_score, 33.0
ratio, 0.535353535354
[[ 16.   7.   2.]
 [  6.  19.   6.]
 [ 19.   9.  16.]]
cf_score, 30.0
ratio, 0.515151515152
[[ 21.  14.   9.]
 [  6.  25.   3.]
 [  7.   8.   7.]]
cf_score, 37.0
ratio, 0.535353535354
[[ 20.   8.   7.]
 [  5.  19.   6.]
 [  6.   9.  20.]]
cf_score, 46.0
ratio, 0.59595959596
[[ 15.   9.   8.]
 [  5.  26.   5.]
 [  8.  10.  14.]]
cf_score, 39.0
ratio, 0.555555555556
[[  9.  14.   6.]
 [  5.  27.   4.]
 [  6.  14.  15.]]
cf_score, 39.0
ratio, 0.515151515152
[[ 25.   6.  10.]
 [  4.  24.   5.]
 [  7.   8.  11.]]
cf_score, 43.0
ratio, 0.606060606061
[[ 11.   8.   2.]
 [  5.  36.   3.]
 [ 11.   9.  15.]]
cf_score, 49.0
ratio, 0.626262626263
[[ 10.   7.  11.]
 [  5.  29.   3.]
 [ 10.   7.  18.]]
cf_score, 36.0
ratio, 0.575757575758
[[ 20.   5.   6.]
 [  3.  29.   6.]
 [  9.   9.  13.]]
cf_score, 47.0
ratio, 0.626262626263
[[ 15.   9.   4.]
 [  5.  26.   4.]
 [ 16.   6.  15.]]
cf_score, 36.0
ratio, 0.565656565657
[[ 26.   7.   4.]
 [  3.  25.   4.]
 [  7.   9.  15.]]
cf_score, 55.0
ratio, 0.666666666667
[[ 15.  11.   4.]
 [  4.  27.   3.]
 [  8.  15.  13.]]
cf_score, 43.0
ratio, 0.555555555556
[[ 16.   8.   6.]
 [  5.  24.   8.]
 [  9.   9.  15.]]
cf_score, 40.0
ratio, 0.555555555556
[[ 26.   5.   6.]
 [  3.  27.   6.]
 [  5.   8.  14.]]
cf_score, 56.0
ratio, 0.676767676768
[[ 20.   7.   6.]
 [  4.  22.   2.]
 [  7.   9.  23.]]
cf_score, 52.0
ratio, 0.656565656566
[[ 23.   4.   3.]
 [  3.  32.   6.]
 [  6.  12.  11.]]
cf_score, 57.0
ratio, 0.666666666667
[[ 22.   6.   3.]
 [  5.  20.   6.]
 [ 10.  13.  15.]]
cf_score, 44.0
ratio, 0.575757575758
[[ 19.   8.   3.]
 [  4.  28.   9.]
 [  8.   6.  15.]]
cf_score, 51.0
ratio, 0.626262626263
[[ 14.   8.   6.]
 [  6.  17.   5.]
 [  9.  11.  24.]]
cf_score, 40.0
ratio, 0.555555555556
[[ 19.   8.   8.]
 [  2.  24.   3.]
 [  6.   9.  21.]]
cf_score, 50.0
ratio, 0.646464646465
[[ 20.  14.   7.]
 [  6.  15.   7.]
 [ 13.  11.   7.]]
cf_score, 22.0
ratio, 0.424242424242
[[ 24.   4.   7.]
 [  7.  17.   3.]
 [ 10.  11.  17.]]
cf_score, 41.0
ratio, 0.585858585859
[[ 22.   7.   7.]
 [  3.  17.   4.]
 [ 10.   9.  21.]]
cf_score, 43.0
ratio, 0.606060606061
[[ 15.   5.   7.]
 [  4.  28.   9.]
 [  8.   3.  21.]]
cf_score, 49.0
ratio, 0.646464646465
