[[ 24.   1.   6.]
 [ 17.   1.  19.]
 [ 16.   0.  16.]]
cf_score, 19.0
ratio, 0.414141414141
[[ 28.   5.   7.]
 [ 14.   7.   6.]
 [  9.   3.  21.]]
cf_score, 40.0
ratio, 0.565656565657
[[ 21.   7.   5.]
 [ 15.   3.  13.]
 [ 13.   1.  22.]]
cf_score, 28.0
ratio, 0.464646464646
[[ 24.   5.   8.]
 [ 15.   5.  11.]
 [  9.   8.  15.]]
cf_score, 27.0
ratio, 0.444444444444
[[ 17.   3.  10.]
 [ 16.  10.  18.]
 [  7.   7.  12.]]
cf_score, 22.0
ratio, 0.393939393939
[[ 16.   9.  10.]
 [ 13.   7.  14.]
 [ 10.   6.  15.]]
cf_score, 18.0
ratio, 0.383838383838
[[ 18.   7.   7.]
 [ 13.   5.  12.]
 [ 15.   5.  18.]]
cf_score, 19.0
ratio, 0.414141414141
[[ 17.   6.  10.]
 [ 14.   6.   9.]
 [ 13.   7.  18.]]
cf_score, 18.0
ratio, 0.414141414141
[[ 23.   7.   7.]
 [ 12.  11.  15.]
 [  8.   5.  12.]]
cf_score, 31.0
ratio, 0.464646464646
[[ 26.   4.   7.]
 [ 17.   5.  13.]
 [ 13.   4.  11.]]
cf_score, 22.0
ratio, 0.424242424242
[[ 17.   8.   9.]
 [ 14.   8.   8.]
 [ 16.   3.  17.]]
cf_score, 17.0
ratio, 0.424242424242
[[ 20.   6.   6.]
 [ 18.   8.   9.]
 [ 12.   4.  17.]]
cf_score, 27.0
ratio, 0.454545454545
[[ 21.   6.   7.]
 [ 22.   7.  12.]
 [  7.   5.  13.]]
cf_score, 27.0
ratio, 0.414141414141
[[ 20.   5.   7.]
 [ 13.   4.  11.]
 [ 12.   4.  24.]]
cf_score, 29.0
ratio, 0.484848484848
[[ 19.   3.   5.]
 [ 18.   4.  18.]
 [ 14.   6.  13.]]
cf_score, 17.0
ratio, 0.363636363636
[[ 25.   6.   4.]
 [ 17.   7.   9.]
 [ 10.   2.  20.]]
cf_score, 38.0
ratio, 0.525252525253
[[  8.   3.  11.]
 [ 19.   6.  15.]
 [ 12.   3.  23.]]
cf_score, 14.0
ratio, 0.373737373737
[[ 16.   5.   5.]
 [ 18.   8.  14.]
 [  9.   3.  22.]]
cf_score, 32.0
ratio, 0.464646464646
[[ 26.   4.   8.]
 [ 25.   5.   6.]
 [ 10.   7.   9.]]
cf_score, 22.0
ratio, 0.40404040404
[[ 20.   3.   8.]
 [ 16.   4.   9.]
 [ 17.   7.  16.]]
cf_score, 15.0
ratio, 0.40404040404
[[ 20.   5.   5.]
 [ 23.   4.  10.]
 [ 17.   2.  14.]]
cf_score, 16.0
ratio, 0.383838383838
[[ 22.   4.   5.]
 [ 21.   7.  12.]
 [  4.   7.  18.]]
cf_score, 38.0
ratio, 0.474747474747
[[ 27.   4.  11.]
 [ 15.   6.   7.]
 [ 15.   2.  13.]]
cf_score, 20.0
ratio, 0.464646464646
[[ 36.   2.   4.]
 [ 13.   6.   6.]
 [ 11.   5.  17.]]
cf_score, 44.0
ratio, 0.59595959596
[[ 21.   4.  11.]
 [ 15.   5.  16.]
 [ 13.   2.  13.]]
cf_score, 15.0
ratio, 0.393939393939
[[ 19.   4.   7.]
 [ 22.  11.  11.]
 [  5.   4.  17.]]
cf_score, 35.0
ratio, 0.474747474747
[[ 24.   1.   2.]
 [ 22.  10.   8.]
 [ 16.   2.  15.]]
cf_score, 31.0
ratio, 0.494949494949
[[ 18.   3.   1.]
 [ 20.   7.  14.]
 [ 10.   5.  22.]]
cf_score, 36.0
ratio, 0.474747474747
[[ 21.   4.  10.]
 [ 23.   1.  14.]
 [  8.   2.  17.]]
cf_score, 21.0
ratio, 0.393939393939
[[ 24.   1.   6.]
 [ 19.   2.  11.]
 [ 12.   5.  20.]]
cf_score, 28.0
ratio, 0.464646464646
[[ 20.   1.   8.]
 [ 20.   6.  11.]
 [ 10.   6.  18.]]
cf_score, 26.0
ratio, 0.444444444444
[[ 24.   3.   7.]
 [ 17.   6.  10.]
 [  9.   1.  23.]]
cf_score, 37.0
ratio, 0.535353535354
[[ 30.   2.   7.]
 [ 22.   4.   8.]
 [ 11.   3.  13.]]
cf_score, 29.0
ratio, 0.474747474747
[[ 22.   4.   8.]
 [ 21.   7.  10.]
 [ 10.   3.  15.]]
cf_score, 26.0
ratio, 0.444444444444
[[ 25.   1.   3.]
 [ 31.   0.   9.]
 [ 11.   4.  16.]]
cf_score, 27.0
ratio, 0.414141414141
[[ 23.   3.   5.]
 [ 23.   4.  13.]
 [ 12.   4.  13.]]
cf_score, 23.0
ratio, 0.40404040404
[[ 20.   3.   5.]
 [ 12.   3.  18.]
 [ 10.   3.  26.]]
cf_score, 34.0
ratio, 0.494949494949
[[ 31.   0.   6.]
 [ 17.   7.  13.]
 [ 12.   2.  12.]]
cf_score, 32.0
ratio, 0.505050505051
[[ 18.   1.  10.]
 [ 17.   1.  14.]
 [ 13.   5.  21.]]
cf_score, 17.0
ratio, 0.40404040404
[[ 23.   3.   6.]
 [ 15.   2.  17.]
 [ 15.   2.  17.]]
cf_score, 21.0
ratio, 0.424242424242
[[ 16.   2.  10.]
 [ 25.   2.  12.]
 [ 13.   2.  18.]]
cf_score, 13.0
ratio, 0.363636363636
[[ 28.   2.   0.]
 [ 15.   7.  14.]
 [ 10.   3.  21.]]
cf_score, 46.0
ratio, 0.565656565657
[[ 20.   5.   7.]
 [ 17.   7.   6.]
 [ 10.   5.  23.]]
cf_score, 33.0
ratio, 0.505050505051
[[ 24.   4.   5.]
 [ 23.   6.   8.]
 [ 10.   4.  16.]]
cf_score, 31.0
ratio, 0.464646464646
[[ 26.   2.  12.]
 [ 20.   8.   9.]
 [  9.   2.  12.]]
cf_score, 25.0
ratio, 0.464646464646
[[ 23.   1.  10.]
 [ 17.   3.   7.]
 [ 15.   1.  23.]]
cf_score, 24.0
ratio, 0.494949494949
[[ 25.   4.  12.]
 [ 12.   3.   9.]
 [ 13.   4.  18.]]
cf_score, 21.0
ratio, 0.464646464646
[[ 24.   4.   4.]
 [ 16.   6.  13.]
 [ 12.   5.  16.]]
cf_score, 30.0
ratio, 0.464646464646
[[ 22.   0.   8.]
 [ 13.   5.  14.]
 [ 19.   0.  19.]]
cf_score, 19.0
ratio, 0.464646464646
[[ 26.   0.   9.]
 [ 17.   8.  11.]
 [ 11.   0.  18.]]
cf_score, 32.0
ratio, 0.525252525253
