[[  0.  15.  15.]
 [  0.  19.  17.]
 [  0.  16.  18.]]
cf_score, 22.0
ratio, 0.373737373737
[[  1.  29.   9.]
 [  1.  29.   4.]
 [  2.  14.  11.]]
cf_score, 30.0
ratio, 0.414141414141
[[  3.  20.  11.]
 [  3.  20.  13.]
 [  3.  11.  16.]]
cf_score, 25.0
ratio, 0.393939393939
[[  2.  17.   9.]
 [  0.  24.  13.]
 [  3.  11.  21.]]
cf_score, 35.0
ratio, 0.474747474747
[[  4.  25.  11.]
 [  4.  18.   7.]
 [  2.  14.  15.]]
cf_score, 24.0
ratio, 0.373737373737
[[  5.  18.  13.]
 [  4.  11.   8.]
 [  3.  22.  16.]]
cf_score, 16.0
ratio, 0.323232323232
[[  3.  18.   9.]
 [  0.  22.  13.]
 [  0.  16.  19.]]
cf_score, 35.0
ratio, 0.444444444444
[[  1.  15.  11.]
 [  3.  21.  10.]
 [  5.  14.  20.]]
cf_score, 26.0
ratio, 0.424242424242
[[  1.  24.   9.]
 [  3.  17.  13.]
 [  2.  13.  18.]]
cf_score, 25.0
ratio, 0.363636363636
[[  2.  26.   5.]
 [  1.  24.   6.]
 [  4.  20.  12.]]
cf_score, 29.0
ratio, 0.383838383838
[[  0.  22.  14.]
 [  1.  25.   7.]
 [  0.  17.  14.]]
cf_score, 25.0
ratio, 0.393939393939
[[  3.  17.  12.]
 [  2.  26.   4.]
 [  3.  15.  18.]]
cf_score, 32.0
ratio, 0.474747474747
[[ 10.  14.   5.]
 [  6.  25.   8.]
 [  2.  14.  16.]]
cf_score, 44.0
ratio, 0.515151515152
[[  0.  20.   9.]
 [  0.  26.  16.]
 [  0.  13.  16.]]
cf_score, 33.0
ratio, 0.424242424242
[[  8.  15.   9.]
 [ 11.  17.  10.]
 [  6.  11.  13.]]
cf_score, 23.0
ratio, 0.383838383838
[[  7.  15.  12.]
 [  7.  14.   7.]
 [  6.  11.  21.]]
cf_score, 24.0
ratio, 0.424242424242
[[  0.  34.   4.]
 [  0.  23.   6.]
 [  0.  15.  18.]]
cf_score, 37.0
ratio, 0.414141414141
[[  7.  17.   6.]
 [  4.  26.   9.]
 [  0.   9.  22.]]
cf_score, 49.0
ratio, 0.555555555556
[[ 10.   8.   9.]
 [ 16.  16.   5.]
 [ 15.  10.  11.]]
cf_score, 13.0
ratio, 0.373737373737
[[  1.  26.   7.]
 [  2.  20.   5.]
 [  5.  17.  17.]]
cf_score, 26.0
ratio, 0.383838383838
[[  4.  18.  13.]
 [  2.  26.   3.]
 [  1.  17.  16.]]
cf_score, 32.0
ratio, 0.464646464646
[[ 10.  15.   7.]
 [ 13.  23.   8.]
 [  5.   5.  14.]]
cf_score, 35.0
ratio, 0.474747474747
[[  4.  22.   8.]
 [  8.  21.   9.]
 [  7.   8.  13.]]
cf_score, 23.0
ratio, 0.383838383838
[[  3.  15.  12.]
 [  6.  17.   8.]
 [  4.  19.  16.]]
cf_score, 20.0
ratio, 0.363636363636
[[  0.  36.   6.]
 [  2.  23.   3.]
 [  1.  18.  11.]]
cf_score, 27.0
ratio, 0.343434343434
[[  5.  19.   7.]
 [ 10.  17.  11.]
 [  5.  10.  16.]]
cf_score, 26.0
ratio, 0.383838383838
[[  0.  25.   9.]
 [  0.  27.   8.]
 [  0.  15.  16.]]
cf_score, 34.0
ratio, 0.434343434343
[[  3.  15.  11.]
 [  7.  21.  14.]
 [  5.   7.  17.]]
cf_score, 25.0
ratio, 0.414141414141
[[  2.  24.   8.]
 [  8.  18.  10.]
 [  2.  15.  13.]]
cf_score, 23.0
ratio, 0.333333333333
[[ 24.   0.   8.]
 [ 30.   0.  11.]
 [ 12.   0.  15.]]
cf_score, 19.0
ratio, 0.393939393939
[[  0.  36.   8.]
 [  0.  17.   7.]
 [  0.  22.  10.]]
cf_score, 19.0
ratio, 0.272727272727
[[  5.  18.   9.]
 [ 11.  15.   7.]
 [  7.  11.  17.]]
cf_score, 21.0
ratio, 0.373737373737
[[  8.  16.   7.]
 [ 10.  14.  12.]
 [  7.   7.  19.]]
cf_score, 27.0
ratio, 0.414141414141
[[  4.  23.   6.]
 [  5.  21.  10.]
 [  4.   9.  18.]]
cf_score, 33.0
ratio, 0.434343434343
[[ 21.   0.   6.]
 [ 21.   0.   6.]
 [ 29.   0.  17.]]
cf_score, 3.0
ratio, 0.383838383838
[[  1.  29.   7.]
 [  4.  23.   8.]
 [  1.  12.  15.]]
cf_score, 31.0
ratio, 0.393939393939
[[ 32.   0.  11.]
 [ 27.   0.   6.]
 [ 13.   0.  11.]]
cf_score, 19.0
ratio, 0.434343434343
[[ 29.   0.   7.]
 [ 17.   0.   3.]
 [ 24.   0.  20.]]
cf_score, 18.0
ratio, 0.494949494949
[[  1.  24.   7.]
 [  2.  22.   6.]
 [  4.  19.  15.]]
cf_score, 27.0
ratio, 0.383838383838
[[ 29.   0.  11.]
 [ 22.   0.   9.]
 [ 17.   0.  12.]]
cf_score, 13.0
ratio, 0.414141414141
[[  7.  13.   8.]
 [ 16.  18.   3.]
 [ 11.   9.  15.]]
cf_score, 21.0
ratio, 0.40404040404
[[ 28.   1.   2.]
 [ 28.   0.   9.]
 [ 23.   0.   9.]]
cf_score, 12.0
ratio, 0.373737373737
[[ 30.   0.   3.]
 [ 21.   2.  11.]
 [ 14.   0.  19.]]
cf_score, 34.0
ratio, 0.515151515152
[[ 22.  12.   7.]
 [ 12.  14.   8.]
 [ 10.   2.  13.]]
cf_score, 32.0
ratio, 0.494949494949
[[ 23.   2.   6.]
 [ 24.   6.   5.]
 [ 13.   3.  18.]]
cf_score, 28.0
ratio, 0.474747474747
[[ 13.   8.   9.]
 [ 18.  16.   7.]
 [  6.  10.  13.]]
cf_score, 27.0
ratio, 0.424242424242
[[ 18.   7.   6.]
 [ 14.  14.  11.]
 [  8.   4.  18.]]
cf_score, 36.0
ratio, 0.505050505051
[[ 11.  10.  10.]
 [  9.  12.  13.]
 [ 12.   6.  17.]]
cf_score, 18.0
ratio, 0.40404040404
[[ 18.   6.  11.]
 [ 18.   6.  13.]
 [ 10.   5.  13.]]
cf_score, 16.0
ratio, 0.373737373737
[[ 19.  12.  13.]
 [ 13.  11.   7.]
 [ 11.   2.  12.]]
cf_score, 18.0
ratio, 0.424242424242
[[ 21.   8.  10.]
 [ 11.  10.  16.]
 [  8.   4.  12.]]
cf_score, 25.0
ratio, 0.434343434343
[[ 20.  10.   6.]
 [ 15.  15.   5.]
 [  7.   9.  13.]]
cf_score, 35.0
ratio, 0.484848484848
[[ 12.  11.   5.]
 [ 20.  20.   4.]
 [  8.   4.  16.]]
cf_score, 35.0
ratio, 0.484848484848
[[ 18.  10.   9.]
 [ 12.  10.   9.]
 [  4.   7.  21.]]
cf_score, 36.0
ratio, 0.494949494949
[[ 11.  16.   8.]
 [ 12.  18.   9.]
 [  7.   5.  14.]]
cf_score, 28.0
ratio, 0.434343434343
[[ 13.  10.  15.]
 [ 13.   8.   9.]
 [ 14.   2.  16.]]
cf_score, 8.0
ratio, 0.373737373737
[[ 16.  13.   9.]
 [ 14.   7.   9.]
 [  6.   6.  20.]]
cf_score, 28.0
ratio, 0.434343434343
[[ 18.   5.   9.]
 [ 13.  16.   5.]
 [ 11.   5.  18.]]
cf_score, 32.0
ratio, 0.525252525253
[[ 18.  14.   7.]
 [ 10.  10.   9.]
 [  7.   4.  21.]]
cf_score, 35.0
ratio, 0.494949494949
[[ 21.  11.   9.]
 [ 14.  15.  10.]
 [  8.   4.   8.]]
cf_score, 27.0
ratio, 0.444444444444
[[ 11.  12.  10.]
 [ 17.  11.   7.]
 [ 10.   4.  18.]]
cf_score, 20.0
ratio, 0.40404040404
[[ 11.  11.   8.]
 [ 21.  17.   9.]
 [  8.   2.  13.]]
cf_score, 25.0
ratio, 0.414141414141
[[ 18.   8.  15.]
 [ 13.   8.   4.]
 [  6.   7.  21.]]
cf_score, 26.0
ratio, 0.474747474747
[[ 14.  13.   6.]
 [ 15.  13.   9.]
 [ 14.   5.  11.]]
cf_score, 18.0
ratio, 0.383838383838
[[  7.  11.  10.]
 [ 18.  15.   8.]
 [  4.  10.  17.]]
cf_score, 25.0
ratio, 0.393939393939
[[ 16.  11.  10.]
 [ 14.  13.   7.]
 [  6.   4.  19.]]
cf_score, 32.0
ratio, 0.484848484848
[[ 16.   8.   7.]
 [ 19.  12.   9.]
 [ 13.   4.  12.]]
cf_score, 20.0
ratio, 0.40404040404
[[ 17.  15.   8.]
 [ 13.  14.   6.]
 [  7.   5.  15.]]
cf_score, 31.0
ratio, 0.464646464646
[[ 17.  10.  12.]
 [ 11.  14.   8.]
 [ 10.   2.  16.]]
cf_score, 25.0
ratio, 0.474747474747
[[ 14.  12.   7.]
 [ 12.  13.   2.]
 [ 12.  11.  17.]]
cf_score, 25.0
ratio, 0.444444444444
[[ 20.  13.   3.]
 [ 14.  17.   3.]
 [ 13.   6.  11.]]
cf_score, 32.0
ratio, 0.484848484848
[[ 18.  11.   8.]
 [  9.  14.   5.]
 [ 12.   6.  17.]]
cf_score, 29.0
ratio, 0.494949494949
[[ 14.  12.   9.]
 [ 16.  11.   7.]
 [  7.   6.  18.]]
cf_score, 27.0
ratio, 0.434343434343
[[ 20.  11.   8.]
 [ 13.  10.   8.]
 [  8.   8.  14.]]
cf_score, 28.0
ratio, 0.444444444444
[[ 15.   7.   9.]
 [ 13.  17.   6.]
 [ 12.   5.  16.]]
cf_score, 27.0
ratio, 0.484848484848
[[ 16.  12.  11.]
 [ 16.  12.   9.]
 [  9.   5.  10.]]
cf_score, 18.0
ratio, 0.383838383838
[[ 21.   6.   5.]
 [ 22.  13.   8.]
 [  5.   4.  16.]]
cf_score, 40.0
ratio, 0.505050505051
[[ 12.   9.  13.]
 [ 19.   8.  13.]
 [ 10.   5.  11.]]
cf_score, 8.0
ratio, 0.313131313131
[[ 19.   9.  16.]
 [  9.   9.   9.]
 [  7.   8.  14.]]
cf_score, 19.0
ratio, 0.424242424242
[[  6.   8.  11.]
 [ 14.  16.  10.]
 [ 10.   6.  19.]]
cf_score, 20.0
ratio, 0.414141414141
[[ 23.  10.   7.]
 [ 13.  13.   8.]
 [ 10.   1.  15.]]
cf_score, 34.0
ratio, 0.515151515152
[[ 21.   9.   7.]
 [ 18.   9.   9.]
 [ 12.   5.  10.]]
cf_score, 21.0
ratio, 0.40404040404
[[ 13.  11.   7.]
 [ 10.  15.   6.]
 [ 10.   8.  20.]]
cf_score, 31.0
ratio, 0.484848484848
[[ 16.   5.   5.]
 [ 16.  11.   9.]
 [ 16.   4.  18.]]
cf_score, 24.0
ratio, 0.454545454545
[[ 20.   8.   3.]
 [ 24.  13.   3.]
 [  9.   3.  17.]]
cf_score, 38.0
ratio, 0.505050505051
[[ 14.   4.  18.]
 [ 10.  18.   9.]
 [  8.   5.  14.]]
cf_score, 20.0
ratio, 0.464646464646
[[ 17.  17.   5.]
 [ 12.  16.   5.]
 [ 10.   2.  16.]]
cf_score, 34.0
ratio, 0.494949494949
[[ 11.  10.   7.]
 [ 15.  11.   6.]
 [ 14.   8.  18.]]
cf_score, 19.0
ratio, 0.40404040404
[[ 14.  11.   9.]
 [ 12.  13.  15.]
 [  9.   5.  12.]]
cf_score, 21.0
ratio, 0.393939393939
[[ 12.  11.   8.]
 [ 17.   9.   8.]
 [ 15.   6.  14.]]
cf_score, 12.0
ratio, 0.353535353535
[[ 17.  11.   7.]
 [ 12.  16.   6.]
 [ 14.   3.  14.]]
cf_score, 26.0
ratio, 0.474747474747
[[ 20.   5.  11.]
 [ 13.  11.  11.]
 [  7.   4.  18.]]
cf_score, 31.0
ratio, 0.494949494949
[[ 19.   5.  11.]
 [ 15.  12.   7.]
 [  9.   2.  20.]]
cf_score, 31.0
ratio, 0.515151515152
[[ 10.  11.   4.]
 [ 15.  16.   6.]
 [ 13.   6.  19.]]
cf_score, 28.0
ratio, 0.454545454545
[[ 14.   7.   7.]
 [ 22.  14.   2.]
 [ 11.   4.  19.]]
cf_score, 29.0
ratio, 0.474747474747
[[  8.  14.  10.]
 [ 20.  14.   7.]
 [  9.   5.  13.]]
cf_score, 16.0
ratio, 0.353535353535
[[ 10.  14.  13.]
 [ 14.  10.  11.]
 [  6.   4.  18.]]
cf_score, 19.0
ratio, 0.383838383838
[[ 12.  12.  12.]
 [ 13.  14.   7.]
 [  4.  10.  16.]]
cf_score, 26.0
ratio, 0.424242424242
[[ 15.  14.   8.]
 [ 15.  10.   9.]
 [  5.   6.  18.]]
cf_score, 30.0
ratio, 0.434343434343
[[ 12.  13.   9.]
 [ 11.  15.  11.]
 [  2.   7.  20.]]
cf_score, 36.0
ratio, 0.474747474747
