Loading Model: level_list/m1_100/tick_list/AGM/class/models/model.h5
history_filename: history_recent/AGM/history.json
UberYesterday: 2017-07-27: OHLCV: 70.7700, 70.7900, 69.3900, 69.8100, 38960
Yesterday    : 2017-07-28: OHLCV: 69.6900, 69.8900, 68.8076, 68.9400, 33733
[u'70.7700', u'70.7900', u'69.3900', u'69.8100', u'38960']
[u'69.6900', u'69.8900', u'68.8076', u'68.9400', u'33733']
question_base :[70.77, 70.79, 69.39, 69.81, 69.69, 69.89, 68.8076, 68.94]
62.046: [70.77, 70.79, 69.39, 69.81, 69.69, 69.89, 68.8076, 68.94, 62.046]
[[ 0.19372851  0.19741783  0.60885364]]
62.3907: [70.77, 70.79, 69.39, 69.81, 69.69, 69.89, 68.8076, 68.94, 62.3907]
[[ 0.19372892  0.19742009  0.6088509 ]]
62.7354: [70.77, 70.79, 69.39, 69.81, 69.69, 69.89, 68.8076, 68.94, 62.735400000000006]
[[ 0.19372973  0.19742371  0.60884655]]
63.0801: [70.77, 70.79, 69.39, 69.81, 69.69, 69.89, 68.8076, 68.94, 63.08010000000001]
[[ 0.19373089  0.19742957  0.60883951]]
63.4248: [70.77, 70.79, 69.39, 69.81, 69.69, 69.89, 68.8076, 68.94, 63.42480000000001]
[[ 0.19373287  0.19743916  0.60882801]]
63.7695: [70.77, 70.79, 69.39, 69.81, 69.69, 69.89, 68.8076, 68.94, 63.769500000000015]
[[ 0.19373602  0.19745456  0.60880941]]
64.1142: [70.77, 70.79, 69.39, 69.81, 69.69, 69.89, 68.8076, 68.94, 64.11420000000001]
[[ 0.19374128  0.19748035  0.60877836]]
64.4589: [70.77, 70.79, 69.39, 69.81, 69.69, 69.89, 68.8076, 68.94, 64.45890000000001]
[[ 0.19375035  0.19752479  0.60872489]]
64.8036: [70.77, 70.79, 69.39, 69.81, 69.69, 69.89, 68.8076, 68.94, 64.80360000000002]
[[ 0.1937668   0.19760537  0.6086278 ]]
65.1483: [70.77, 70.79, 69.39, 69.81, 69.69, 69.89, 68.8076, 68.94, 65.14830000000002]
[[ 0.19379887  0.19776285  0.60843831]]
65.493: [70.77, 70.79, 69.39, 69.81, 69.69, 69.89, 68.8076, 68.94, 65.49300000000002]
[[ 0.19386885  0.19810724  0.60802394]]
65.8377: [70.77, 70.79, 69.39, 69.81, 69.69, 69.89, 68.8076, 68.94, 65.83770000000003]
[[ 0.194049    0.19900095  0.60695004]]
66.1824: [70.77, 70.79, 69.39, 69.81, 69.69, 69.89, 68.8076, 68.94, 66.18240000000003]
[[ 0.19465306  0.20207249  0.60327441]]
66.5271: [70.77, 70.79, 69.39, 69.81, 69.69, 69.89, 68.8076, 68.94, 66.52710000000003]
[[ 0.19785222  0.22084413  0.58130366]]
66.8718: [70.77, 70.79, 69.39, 69.81, 69.69, 69.89, 68.8076, 68.94, 66.87180000000004]
[[ 0.24644656  0.36418965  0.38936377]]
67.2165: [70.77, 70.79, 69.39, 69.81, 69.69, 69.89, 68.8076, 68.94, 67.21650000000004]
[[ 0.3591426   0.39065573  0.2502017 ]]
67.5612: [70.77, 70.79, 69.39, 69.81, 69.69, 69.89, 68.8076, 68.94, 67.56120000000004]
[[ 0.34271961  0.40076631  0.25651404]]
67.9059: [70.77, 70.79, 69.39, 69.81, 69.69, 69.89, 68.8076, 68.94, 67.90590000000005]
[[ 0.35479996  0.39602837  0.24917175]]
68.2506: [70.77, 70.79, 69.39, 69.81, 69.69, 69.89, 68.8076, 68.94, 68.25060000000005]
[[ 0.38577855  0.3808524   0.23336908]]
68.5953: [70.77, 70.79, 69.39, 69.81, 69.69, 69.89, 68.8076, 68.94, 68.59530000000005]
[[ 0.43928456  0.35003534  0.21068004]]
68.94: [70.77, 70.79, 69.39, 69.81, 69.69, 69.89, 68.8076, 68.94, 68.94000000000005]
[[ 0.51415503  0.30331057  0.18253437]]
69.2847: [70.77, 70.79, 69.39, 69.81, 69.69, 69.89, 68.8076, 68.94, 69.28470000000006]
[[ 0.59627169  0.25078651  0.15294175]]
69.6294: [70.77, 70.79, 69.39, 69.81, 69.69, 69.89, 68.8076, 68.94, 69.62940000000006]
[[ 0.66735685  0.20524478  0.1273984 ]]
69.9741: [70.77, 70.79, 69.39, 69.81, 69.69, 69.89, 68.8076, 68.94, 69.97410000000006]
[[ 0.71928066  0.17213827  0.108581  ]]
70.3188: [70.77, 70.79, 69.39, 69.81, 69.69, 69.89, 68.8076, 68.94, 70.31880000000007]
[[ 0.75385123  0.15021272  0.09593599]]
70.6635: [70.77, 70.79, 69.39, 69.81, 69.69, 69.89, 68.8076, 68.94, 70.66350000000007]
[[ 0.77596289  0.13624805  0.08778907]]
71.0082: [70.77, 70.79, 69.39, 69.81, 69.69, 69.89, 68.8076, 68.94, 71.00820000000007]
[[ 0.78991675  0.12746181  0.08262137]]
71.3529: [70.77, 70.79, 69.39, 69.81, 69.69, 69.89, 68.8076, 68.94, 71.35290000000008]
[[ 0.79870051  0.12194232  0.07935719]]
71.6976: [70.77, 70.79, 69.39, 69.81, 69.69, 69.89, 68.8076, 68.94, 71.69760000000008]
[[ 0.8042357   0.11846875  0.07729554]]
72.0423: [70.77, 70.79, 69.39, 69.81, 69.69, 69.89, 68.8076, 68.94, 72.04230000000008]
[[ 0.80773014  0.11627774  0.07599209]]
72.387: [70.77, 70.79, 69.39, 69.81, 69.69, 69.89, 68.8076, 68.94, 72.38700000000009]
[[ 0.8099401   0.11489287  0.07516699]]
72.7317: [70.77, 70.79, 69.39, 69.81, 69.69, 69.89, 68.8076, 68.94, 72.73170000000009]
[[ 0.81133926  0.11401646  0.07464431]]
73.0764: [70.77, 70.79, 69.39, 69.81, 69.69, 69.89, 68.8076, 68.94, 73.07640000000009]
[[ 0.81222606  0.11346104  0.0743129 ]]
73.4211: [70.77, 70.79, 69.39, 69.81, 69.69, 69.89, 68.8076, 68.94, 73.4211000000001]
[[ 0.81278819  0.11310907  0.07410277]]
73.7658: [70.77, 70.79, 69.39, 69.81, 69.69, 69.89, 68.8076, 68.94, 73.7658000000001]
[[ 0.8131451   0.11288565  0.07396935]]
74.1105: [70.77, 70.79, 69.39, 69.81, 69.69, 69.89, 68.8076, 68.94, 74.1105000000001]
[[ 0.81337118  0.11274405  0.07388478]]
74.4552: [70.77, 70.79, 69.39, 69.81, 69.69, 69.89, 68.8076, 68.94, 74.4552000000001]
[[ 0.81351501  0.112654    0.073831  ]]
74.7999: [70.77, 70.79, 69.39, 69.81, 69.69, 69.89, 68.8076, 68.94, 74.79990000000011]
[[ 0.81360614  0.11259697  0.07379692]]
75.1446: [70.77, 70.79, 69.39, 69.81, 69.69, 69.89, 68.8076, 68.94, 75.14460000000011]
[[ 0.81366396  0.11256069  0.07377527]]
75.4893: [70.77, 70.79, 69.39, 69.81, 69.69, 69.89, 68.8076, 68.94, 75.48930000000011]
[[ 0.8137008   0.11253772  0.07376155]]
