[[  0.   0.  38.]
 [  0.   0.  33.]
 [  0.   0.  29.]]
cf_score, -9.0
nv_score, -80.0
ratio, 0.292929292929
[[  0.   0.  32.]
 [  0.   0.  40.]
 [  0.   0.  28.]]
cf_score, -4.0
nv_score, -76.0
ratio, 0.282828282828
[[  0.   7.  29.]
 [  0.  12.  25.]
 [  0.  13.  14.]]
cf_score, -3.0
nv_score, -69.0
ratio, 0.262626262626
[[  2.  25.  10.]
 [  0.  23.  12.]
 [  1.  15.  12.]]
cf_score, 26.0
nv_score, -20.0
ratio, 0.373737373737
[[ 23.   0.  11.]
 [ 28.   0.  11.]
 [ 18.   0.   9.]]
cf_score, 3.0
nv_score, -24.0
ratio, 0.323232323232
[[ 20.   0.  14.]
 [ 30.   0.   6.]
 [ 15.   0.  15.]]
cf_score, 6.0
nv_score, -19.0
ratio, 0.353535353535
[[ 26.   0.  17.]
 [ 28.   0.   7.]
 [ 10.   0.  12.]]
cf_score, 11.0
nv_score, -29.0
ratio, 0.383838383838
[[ 15.   0.  16.]
 [ 26.   2.   9.]
 [ 11.   0.  21.]]
cf_score, 11.0
nv_score, -20.0
ratio, 0.383838383838
[[ 15.   5.  16.]
 [ 20.   2.  12.]
 [ 12.   0.  18.]]
cf_score, 7.0
nv_score, -26.0
ratio, 0.353535353535
[[ 19.   1.  10.]
 [ 21.   0.  14.]
 [ 12.   0.  23.]]
cf_score, 20.0
nv_score, -11.0
ratio, 0.424242424242
[[ 19.   3.  13.]
 [ 24.   2.   9.]
 [ 14.   0.  16.]]
cf_score, 10.0
nv_score, -19.0
ratio, 0.373737373737
[[ 18.   0.  17.]
 [ 20.   0.   8.]
 [ 19.   1.  17.]]
cf_score, -1.0
nv_score, -25.0
ratio, 0.353535353535
[[ 20.   0.  21.]
 [ 23.   0.  11.]
 [ 15.   0.  10.]]
cf_score, -6.0
nv_score, -43.0
ratio, 0.30303030303
[[ 18.   0.  15.]
 [ 26.   0.  11.]
 [ 17.   0.  13.]]
cf_score, -1.0
nv_score, -28.0
ratio, 0.313131313131
[[ 21.   0.  18.]
 [ 28.   0.  10.]
 [ 13.   0.  10.]]
cf_score, 0.0
nv_score, -36.0
ratio, 0.313131313131
[[ 15.   0.  18.]
 [ 29.   0.   9.]
 [ 17.   0.  12.]]
cf_score, -8.0
nv_score, -33.0
ratio, 0.272727272727
[[ 18.   0.  16.]
 [ 27.   0.  13.]
 [  9.   0.  17.]]
cf_score, 10.0
nv_score, -28.0
ratio, 0.353535353535
[[ 25.   0.  19.]
 [ 22.   0.   9.]
 [ 17.   0.   8.]]
cf_score, -3.0
nv_score, -39.0
ratio, 0.333333333333
[[ 20.   0.   8.]
 [ 34.   0.  12.]
 [ 10.   0.  16.]]
cf_score, 18.0
nv_score, -12.0
ratio, 0.363636363636
[[ 19.   0.  14.]
 [ 27.   0.  11.]
 [ 18.   0.  11.]]
cf_score, -2.0
nv_score, -28.0
ratio, 0.30303030303
[[ 16.   0.  12.]
 [ 28.   0.   9.]
 [ 22.   0.  13.]]
cf_score, -5.0
nv_score, -20.0
ratio, 0.292929292929
[[ 19.   0.  19.]
 [ 22.   0.  12.]
 [ 10.   0.  18.]]
cf_score, 8.0
nv_score, -32.0
ratio, 0.373737373737
[[ 17.   0.  16.]
 [ 26.   0.  13.]
 [ 12.   0.  16.]]
cf_score, 5.0
nv_score, -29.0
ratio, 0.333333333333
[[ 20.   0.  17.]
 [ 22.   0.  14.]
 [ 15.   0.  12.]]
cf_score, 0.0
nv_score, -36.0
ratio, 0.323232323232
[[ 17.   0.  14.]
 [ 23.   0.   9.]
 [ 16.   0.  21.]]
cf_score, 8.0
nv_score, -16.0
ratio, 0.383838383838
[[ 18.   0.  14.]
 [ 27.   0.  11.]
 [ 15.   0.  15.]]
cf_score, 4.0
nv_score, -24.0
ratio, 0.333333333333
[[ 17.   0.  13.]
 [ 34.   0.   8.]
 [ 15.   0.  13.]]
cf_score, 2.0
nv_score, -21.0
ratio, 0.30303030303
[[ 25.   0.  12.]
 [ 20.   0.   9.]
 [ 18.   0.  16.]]
cf_score, 11.0
nv_score, -17.0
ratio, 0.414141414141
[[ 21.   0.  13.]
 [ 27.   0.  12.]
 [ 10.   0.  17.]]
cf_score, 15.0
nv_score, -21.0
ratio, 0.383838383838
[[ 19.   0.  10.]
 [ 26.   0.   6.]
 [ 20.   0.  19.]]
cf_score, 8.0
nv_score, -7.0
ratio, 0.383838383838
[[ 16.   0.  23.]
 [ 26.   0.   9.]
 [ 10.   0.  16.]]
cf_score, -1.0
nv_score, -39.0
ratio, 0.323232323232
[[ 19.   0.  14.]
 [ 35.   0.   7.]
 [  9.   0.  16.]]
cf_score, 12.0
nv_score, -19.0
ratio, 0.353535353535
[[ 17.   0.  16.]
 [ 37.   0.   5.]
 [  7.   0.  18.]]
cf_score, 12.0
nv_score, -19.0
ratio, 0.353535353535
[[ 16.   0.  12.]
 [ 32.   0.   8.]
 [ 16.   0.  16.]]
cf_score, 4.0
nv_score, -16.0
ratio, 0.323232323232
[[ 17.   0.  14.]
 [ 34.   0.   9.]
 [ 13.   0.  13.]]
cf_score, 3.0
nv_score, -24.0
ratio, 0.30303030303
[[ 12.   0.  14.]
 [ 34.   0.  14.]
 [ 11.   0.  15.]]
cf_score, 2.0
nv_score, -27.0
ratio, 0.272727272727
[[ 22.   0.  13.]
 [ 28.   0.   7.]
 [ 15.   0.  15.]]
cf_score, 9.0
nv_score, -18.0
ratio, 0.373737373737
[[ 27.   0.  13.]
 [ 26.   0.  12.]
 [ 14.   0.   8.]]
cf_score, 8.0
nv_score, -30.0
ratio, 0.353535353535
[[ 24.   0.  14.]
 [ 20.   0.   7.]
 [ 22.   0.  13.]]
cf_score, 1.0
nv_score, -22.0
ratio, 0.373737373737
[[ 24.   0.  18.]
 [ 28.   0.   4.]
 [ 16.   0.  10.]]
cf_score, 0.0
nv_score, -30.0
ratio, 0.343434343434
[[ 19.   0.  11.]
 [ 30.   0.   7.]
 [ 18.   0.  15.]]
cf_score, 5.0
nv_score, -14.0
ratio, 0.343434343434
[[ 15.   0.  19.]
 [ 30.   0.   6.]
 [ 11.   0.  19.]]
cf_score, 4.0
nv_score, -25.0
ratio, 0.343434343434
[[ 17.   0.  16.]
 [ 25.   0.   8.]
 [ 20.   0.  14.]]
cf_score, -5.0
nv_score, -26.0
ratio, 0.313131313131
[[ 24.   0.  13.]
 [ 22.   0.   5.]
 [ 15.   0.  21.]]
cf_score, 17.0
nv_score, -10.0
ratio, 0.454545454545
[[ 19.   0.  22.]
 [ 22.   0.   8.]
 [ 19.   0.  10.]]
cf_score, -12.0
nv_score, -42.0
ratio, 0.292929292929
[[ 21.   0.  16.]
 [ 29.   0.   7.]
 [ 10.   0.  17.]]
cf_score, 12.0
nv_score, -22.0
ratio, 0.383838383838
[[ 13.   0.  12.]
 [ 41.   0.   7.]
 [ 15.   0.  12.]]
cf_score, -2.0
nv_score, -19.0
ratio, 0.252525252525
[[ 19.   0.  13.]
 [ 24.   0.  14.]
 [ 20.   0.  10.]]
cf_score, -4.0
nv_score, -30.0
ratio, 0.292929292929
[[ 23.   0.  20.]
 [ 23.   0.   5.]
 [ 14.   0.  15.]]
cf_score, 4.0
nv_score, -30.0
ratio, 0.383838383838
[[ 23.   0.  19.]
 [ 29.   0.   9.]
 [ 13.   0.   7.]]
cf_score, -2.0
nv_score, -40.0
ratio, 0.30303030303
