[[  0.   0.  34.]
 [  0.   0.  46.]
 [  0.   0.  20.]]
cf_score, -14.0
nv_score, -94.0
ratio, 0.20202020202
[[  0.   0.  36.]
 [  0.   0.  31.]
 [  0.   0.  33.]]
cf_score, -3.0
nv_score, -70.0
ratio, 0.333333333333
[[  0.   0.  34.]
 [  0.   0.  26.]
 [  0.   0.  40.]]
cf_score, 6.0
nv_score, -54.0
ratio, 0.40404040404
[[  0.   0.  38.]
 [  0.   0.  37.]
 [  0.   0.  25.]]
cf_score, -13.0
nv_score, -88.0
ratio, 0.252525252525
[[  0.   0.  26.]
 [  0.   0.  40.]
 [  0.   0.  34.]]
cf_score, 8.0
nv_score, -58.0
ratio, 0.343434343434
[[  0.   0.  43.]
 [  0.   0.  35.]
 [  0.   0.  22.]]
cf_score, -21.0
nv_score, -99.0
ratio, 0.222222222222
[[  0.   0.  33.]
 [  0.   0.  33.]
 [  0.   0.  34.]]
cf_score, 1.0
nv_score, -65.0
ratio, 0.343434343434
[[ 26.   0.   8.]
 [ 31.   0.  10.]
 [ 17.   0.   8.]]
cf_score, 9.0
nv_score, -18.0
ratio, 0.343434343434
[[ 22.   0.  15.]
 [ 22.   0.  12.]
 [ 16.   0.  13.]]
cf_score, 4.0
nv_score, -29.0
ratio, 0.353535353535
[[ 21.   0.   7.]
 [ 36.   0.   5.]
 [ 30.   0.   1.]]
cf_score, -15.0
nv_score, -18.0
ratio, 0.222222222222
[[ 29.   0.   0.]
 [ 37.   0.   5.]
 [ 25.   0.   4.]]
cf_score, 8.0
nv_score, -1.0
ratio, 0.333333333333
[[ 39.   0.   2.]
 [ 26.   0.   7.]
 [ 25.   0.   1.]]
cf_score, 13.0
nv_score, -10.0
ratio, 0.40404040404
[[ 45.   0.   2.]
 [ 26.   0.   2.]
 [ 25.   0.   0.]]
cf_score, 18.0
nv_score, -6.0
ratio, 0.454545454545
[[ 10.  22.   0.]
 [ 11.  17.   3.]
 [ 14.  21.   2.]]
cf_score, 15.0
nv_score, -1.0
ratio, 0.292929292929
[[  9.  20.   1.]
 [ 10.  24.   1.]
 [  9.  25.   1.]]
cf_score, 24.0
nv_score, -2.0
ratio, 0.343434343434
[[ 15.  26.   1.]
 [ 10.  19.   4.]
 [  8.  17.   0.]]
cf_score, 25.0
nv_score, -6.0
ratio, 0.343434343434
[[ 12.  19.   1.]
 [  8.  27.   2.]
 [  8.  20.   3.]]
cf_score, 33.0
nv_score, -1.0
ratio, 0.424242424242
[[ 11.  18.   2.]
 [ 14.  26.   2.]
 [  6.  20.   1.]]
cf_score, 30.0
nv_score, -5.0
ratio, 0.383838383838
[[ 11.  23.   1.]
 [ 10.  25.   2.]
 [ 14.  14.   0.]]
cf_score, 21.0
nv_score, -4.0
ratio, 0.363636363636
[[ 12.  16.   3.]
 [  6.  30.   2.]
 [ 12.  19.   0.]]
cf_score, 27.0
nv_score, -8.0
ratio, 0.424242424242
[[ 12.  21.   1.]
 [ 14.  23.   4.]
 [ 11.  13.   1.]]
cf_score, 24.0
nv_score, -5.0
ratio, 0.363636363636
[[ 16.   8.  12.]
 [  9.   9.  18.]
 [ 11.   7.  10.]]
cf_score, 12.0
nv_score, -32.0
ratio, 0.353535353535
[[ 11.   2.  18.]
 [  9.   7.  15.]
 [ 18.   4.  16.]]
cf_score, -2.0
nv_score, -35.0
ratio, 0.343434343434
[[  8.   7.  15.]
 [ 13.  10.  23.]
 [  6.   2.  16.]]
cf_score, 13.0
nv_score, -37.0
ratio, 0.343434343434
[[ 16.   4.  11.]
 [  8.   1.  25.]
 [  7.   0.  28.]]
cf_score, 27.0
nv_score, -19.0
ratio, 0.454545454545
[[ 11.   1.  18.]
 [ 14.   0.  22.]
 [ 12.   0.  22.]]
cf_score, 3.0
nv_score, -36.0
ratio, 0.333333333333
[[ 16.   1.  18.]
 [  9.   0.  22.]
 [ 16.   0.  18.]]
cf_score, 0.0
nv_score, -40.0
ratio, 0.343434343434
[[ 13.   0.  19.]
 [ 10.   0.  22.]
 [ 13.   4.  19.]]
cf_score, 0.0
nv_score, -41.0
ratio, 0.323232323232
[[ 26.   1.  14.]
 [  8.   0.  14.]
 [ 18.   0.  19.]]
cf_score, 13.0
nv_score, -23.0
ratio, 0.454545454545
[[ 25.   0.   2.]
 [ 37.   2.   1.]
 [ 31.   2.   0.]]
cf_score, -6.0
nv_score, -5.0
ratio, 0.272727272727
[[ 18.   0.  26.]
 [ 15.   0.  14.]
 [ 10.   0.  17.]]
cf_score, -1.0
nv_score, -49.0
ratio, 0.353535353535
[[ 10.   0.  21.]
 [  8.   1.  21.]
 [ 17.   0.  22.]]
cf_score, -5.0
nv_score, -41.0
ratio, 0.333333333333
[[ 11.   1.  17.]
 [ 12.   2.  29.]
 [  7.   3.  18.]]
cf_score, 7.0
nv_score, -45.0
ratio, 0.313131313131
[[ 18.   2.  20.]
 [  6.   1.  23.]
 [  9.   7.  14.]]
cf_score, 4.0
nv_score, -49.0
ratio, 0.333333333333
[[ 13.   0.  16.]
 [ 12.   4.  23.]
 [ 11.   5.  16.]]
cf_score, 6.0
nv_score, -39.0
ratio, 0.333333333333
[[ 12.   2.  25.]
 [  5.   0.  28.]
 [  8.   2.  18.]]
cf_score, -3.0
nv_score, -60.0
ratio, 0.30303030303
[[ 11.   1.  22.]
 [ 11.   1.  19.]
 [ 12.   2.  21.]]
cf_score, -1.0
nv_score, -42.0
ratio, 0.333333333333
[[ 14.  16.   4.]
 [ 11.  19.   7.]
 [ 12.  13.   4.]]
cf_score, 21.0
nv_score, -11.0
ratio, 0.373737373737
[[  9.  18.  12.]
 [  5.  16.   5.]
 [  9.  19.   7.]]
cf_score, 11.0
nv_score, -22.0
ratio, 0.323232323232
[[ 11.  20.   2.]
 [ 14.  22.   2.]
 [ 14.  15.   0.]]
cf_score, 17.0
nv_score, -6.0
ratio, 0.333333333333
[[ 14.  21.   0.]
 [ 12.  11.   5.]
 [ 17.  19.   1.]]
cf_score, 9.0
nv_score, -4.0
ratio, 0.262626262626
[[ 21.  11.   0.]
 [ 25.  16.   1.]
 [ 14.  12.   0.]]
cf_score, 23.0
nv_score, -1.0
ratio, 0.373737373737
[[ 20.  17.   1.]
 [ 19.  14.   1.]
 [ 16.  10.   2.]]
cf_score, 19.0
nv_score, -1.0
ratio, 0.363636363636
[[ 22.  11.   0.]
 [ 23.  10.   2.]
 [  9.  21.   2.]]
cf_score, 25.0
nv_score, 0.0
ratio, 0.343434343434
[[ 20.  20.   1.]
 [ 11.  12.   2.]
 [ 14.  16.   4.]]
cf_score, 21.0
nv_score, 0.0
ratio, 0.363636363636
[[ 24.  20.   0.]
 [ 14.  14.   1.]
 [ 11.  15.   1.]]
cf_score, 28.0
nv_score, 0.0
ratio, 0.393939393939
[[ 17.  14.   1.]
 [ 19.  14.   0.]
 [  8.  25.   2.]]
cf_score, 24.0
nv_score, 0.0
ratio, 0.333333333333
[[ 17.  17.   0.]
 [ 15.  22.   1.]
 [  7.  19.   2.]]
cf_score, 34.0
nv_score, 1.0
ratio, 0.414141414141
[[ 15.  15.   0.]
 [ 29.  12.   0.]
 [  7.  19.   3.]]
cf_score, 23.0
nv_score, 3.0
ratio, 0.30303030303
[[ 23.   8.   0.]
 [ 16.  21.   1.]
 [ 11.  20.   0.]]
cf_score, 33.0
nv_score, -1.0
ratio, 0.444444444444
