[[  0.   0.  34.]
 [  0.   0.  37.]
 [  0.   0.  29.]]
cf_score, -5.0
nv_score, -76.0
ratio, 0.292929292929
[[  0.   0.  52.]
 [  0.   0.  23.]
 [  0.   0.  25.]]
cf_score, -27.0
nv_score, -102.0
ratio, 0.252525252525
[[  0.   0.  40.]
 [  0.   0.  29.]
 [  0.   0.  31.]]
cf_score, -9.0
nv_score, -78.0
ratio, 0.313131313131
[[  0.   0.  40.]
 [  0.   0.  34.]
 [  0.   0.  26.]]
cf_score, -14.0
nv_score, -88.0
ratio, 0.262626262626
[[  0.   0.  36.]
 [  0.   0.  43.]
 [  0.   0.  21.]]
cf_score, -15.0
nv_score, -94.0
ratio, 0.212121212121
[[  0.   0.  41.]
 [  0.   0.  36.]
 [  0.   0.  23.]]
cf_score, -18.0
nv_score, -95.0
ratio, 0.232323232323
[[  0.   0.  34.]
 [  0.   0.  39.]
 [  0.   0.  27.]]
cf_score, -7.0
nv_score, -80.0
ratio, 0.272727272727
[[  0.   0.  33.]
 [  0.   0.  41.]
 [  0.   0.  26.]]
cf_score, -7.0
nv_score, -81.0
ratio, 0.262626262626
[[  0.   0.  37.]
 [  0.   0.  41.]
 [  0.   0.  22.]]
cf_score, -15.0
nv_score, -93.0
ratio, 0.222222222222
[[  0.   0.  45.]
 [  0.   0.  28.]
 [  0.   0.  27.]]
cf_score, -18.0
nv_score, -91.0
ratio, 0.272727272727
[[  0.   0.  23.]
 [  0.   0.  43.]
 [  0.   0.  34.]]
cf_score, 11.0
nv_score, -55.0
ratio, 0.343434343434
[[  0.   0.  46.]
 [  0.   0.  29.]
 [  0.   0.  25.]]
cf_score, -21.0
nv_score, -96.0
ratio, 0.252525252525
[[  0.   0.  41.]
 [  0.   0.  43.]
 [  0.   0.  16.]]
cf_score, -25.0
nv_score, -109.0
ratio, 0.161616161616
[[  0.   0.  36.]
 [  0.   0.  40.]
 [  0.   0.  24.]]
cf_score, -12.0
nv_score, -88.0
ratio, 0.242424242424
[[  0.   0.  33.]
 [  0.   0.  40.]
 [  0.   0.  27.]]
cf_score, -6.0
nv_score, -79.0
ratio, 0.272727272727
[[  0.   0.  38.]
 [  0.   0.  36.]
 [  0.   0.  26.]]
cf_score, -12.0
nv_score, -86.0
ratio, 0.262626262626
[[  0.   0.  32.]
 [  0.   0.  44.]
 [  0.   0.  24.]]
cf_score, -8.0
nv_score, -84.0
ratio, 0.242424242424
[[  0.   0.  41.]
 [  0.   0.  33.]
 [  0.   0.  26.]]
cf_score, -15.0
nv_score, -89.0
ratio, 0.262626262626
[[  0.   0.  36.]
 [  0.   0.  36.]
 [  0.   0.  28.]]
cf_score, -8.0
nv_score, -80.0
ratio, 0.282828282828
[[  0.   0.  39.]
 [  0.   0.  39.]
 [  0.   0.  22.]]
cf_score, -17.0
nv_score, -95.0
ratio, 0.222222222222
[[  0.   0.  49.]
 [  0.   0.  24.]
 [  0.   0.  27.]]
cf_score, -22.0
nv_score, -95.0
ratio, 0.272727272727
[[  0.   0.  33.]
 [  0.   0.  33.]
 [  0.   0.  34.]]
cf_score, 1.0
nv_score, -65.0
ratio, 0.343434343434
[[  0.   0.  40.]
 [  0.   0.  30.]
 [  0.   0.  30.]]
cf_score, -10.0
nv_score, -80.0
ratio, 0.30303030303
[[  0.   0.  41.]
 [  0.   0.  35.]
 [  0.   0.  24.]]
cf_score, -17.0
nv_score, -93.0
ratio, 0.242424242424
[[  0.   0.  39.]
 [  0.   0.  32.]
 [  0.   0.  29.]]
cf_score, -10.0
nv_score, -81.0
ratio, 0.292929292929
[[  0.   0.  37.]
 [  0.   0.  35.]
 [  0.   0.  28.]]
cf_score, -9.0
nv_score, -81.0
ratio, 0.282828282828
[[  0.   0.  47.]
 [  0.   0.  32.]
 [  0.   0.  21.]]
cf_score, -26.0
nv_score, -105.0
ratio, 0.212121212121
[[  0.   0.  33.]
 [  0.   0.  33.]
 [  0.   0.  34.]]
cf_score, 1.0
nv_score, -65.0
ratio, 0.343434343434
[[  0.   0.  37.]
 [  0.   0.  34.]
 [  0.   0.  29.]]
cf_score, -8.0
nv_score, -79.0
ratio, 0.292929292929
[[  0.   0.  47.]
 [  0.   0.  32.]
 [  0.   0.  21.]]
cf_score, -26.0
nv_score, -105.0
ratio, 0.212121212121
[[  0.   0.  30.]
 [  0.   0.  35.]
 [  0.   0.  35.]]
cf_score, 5.0
nv_score, -60.0
ratio, 0.353535353535
[[  0.   0.  38.]
 [  0.   0.  35.]
 [  0.   0.  27.]]
cf_score, -11.0
nv_score, -84.0
ratio, 0.272727272727
[[  0.   0.  39.]
 [  0.   0.  34.]
 [  0.   0.  27.]]
cf_score, -12.0
nv_score, -85.0
ratio, 0.272727272727
[[  0.   0.  44.]
 [  0.   0.  33.]
 [  0.   0.  23.]]
cf_score, -21.0
nv_score, -98.0
ratio, 0.232323232323
[[  0.   0.  34.]
 [  0.   0.  37.]
 [  0.   0.  29.]]
cf_score, -5.0
nv_score, -76.0
ratio, 0.292929292929
[[  0.   0.  38.]
 [  0.   0.  46.]
 [  0.   0.  16.]]
cf_score, -22.0
nv_score, -106.0
ratio, 0.161616161616
[[  0.   0.  35.]
 [  0.   0.  39.]
 [  0.   0.  26.]]
cf_score, -9.0
nv_score, -83.0
ratio, 0.262626262626
[[  0.   0.  40.]
 [  0.   0.  38.]
 [  0.   0.  22.]]
cf_score, -18.0
nv_score, -96.0
ratio, 0.222222222222
[[  0.   0.  35.]
 [  0.   0.  42.]
 [  0.   0.  23.]]
cf_score, -12.0
nv_score, -89.0
ratio, 0.232323232323
[[  0.   0.  32.]
 [  0.   0.  43.]
 [  0.   0.  25.]]
cf_score, -7.0
nv_score, -82.0
ratio, 0.252525252525
[[  0.   0.  38.]
 [  0.   0.  40.]
 [  0.   0.  22.]]
cf_score, -16.0
nv_score, -94.0
ratio, 0.222222222222
[[  0.   0.  40.]
 [  0.   0.  37.]
 [  0.   0.  23.]]
cf_score, -17.0
nv_score, -94.0
ratio, 0.232323232323
[[  0.   0.  39.]
 [  0.   0.  28.]
 [  0.   0.  33.]]
cf_score, -6.0
nv_score, -73.0
ratio, 0.333333333333
[[  0.   0.  29.]
 [  0.   0.  51.]
 [  0.   0.  20.]]
cf_score, -9.0
nv_score, -89.0
ratio, 0.20202020202
[[  0.   0.  43.]
 [  0.   0.  37.]
 [  0.   0.  20.]]
cf_score, -23.0
nv_score, -103.0
ratio, 0.20202020202
[[  0.   0.  37.]
 [  0.   0.  40.]
 [  0.   0.  23.]]
cf_score, -14.0
nv_score, -91.0
ratio, 0.232323232323
[[  0.   0.  31.]
 [  0.   0.  40.]
 [  0.   0.  29.]]
cf_score, -2.0
nv_score, -73.0
ratio, 0.292929292929
[[  0.   0.  42.]
 [  0.   0.  34.]
 [  0.   0.  24.]]
cf_score, -18.0
nv_score, -94.0
ratio, 0.242424242424
[[  0.   0.  46.]
 [  0.   0.  33.]
 [  0.   0.  21.]]
cf_score, -25.0
nv_score, -104.0
ratio, 0.212121212121
[[  0.   0.  44.]
 [  0.   0.  34.]
 [  0.   0.  22.]]
cf_score, -22.0
nv_score, -100.0
ratio, 0.222222222222
