Loading Model: level_list/m1_100/tick_list/AGM/class/models/model.h5
history_filename: history_recent/AGM/history.json
Yesterday        : 2017-09-13: OHLCV: 65.7200, 66.4200, 64.8700, 65.5700, 74880
UberYesterday    : 2017-09-12: OHLCV: 65.0600, 66.6200, 64.6900, 65.9800, 48476
[u'65.7200', u'66.4200', u'64.8700', u'65.5700', u'74880']
[u'65.0600', u'66.6200', u'64.6900', u'65.9800', u'48476']
question_base :[65.06, 66.62, 64.69, 65.98, 65.72, 66.42, 64.87, 65.57]
59.013: [65.060, 66.620, 64.690, 65.980, 65.720, 66.420, 64.870, 65.570, 59.013][0.194, 0.197, 0.609]
59.34085: [65.060, 66.620, 64.690, 65.980, 65.720, 66.420, 64.870, 65.570, 59.341][0.194, 0.197, 0.609]
59.6687: [65.060, 66.620, 64.690, 65.980, 65.720, 66.420, 64.870, 65.570, 59.669][0.194, 0.197, 0.609]
59.99655: [65.060, 66.620, 64.690, 65.980, 65.720, 66.420, 64.870, 65.570, 59.997][0.194, 0.197, 0.609]
60.3244: [65.060, 66.620, 64.690, 65.980, 65.720, 66.420, 64.870, 65.570, 60.324][0.194, 0.197, 0.609]
60.65225: [65.060, 66.620, 64.690, 65.980, 65.720, 66.420, 64.870, 65.570, 60.652][0.194, 0.197, 0.609]
60.9801: [65.060, 66.620, 64.690, 65.980, 65.720, 66.420, 64.870, 65.570, 60.980][0.194, 0.197, 0.609]
61.30795: [65.060, 66.620, 64.690, 65.980, 65.720, 66.420, 64.870, 65.570, 61.308][0.194, 0.197, 0.609]
61.6358: [65.060, 66.620, 64.690, 65.980, 65.720, 66.420, 64.870, 65.570, 61.636][0.194, 0.198, 0.609]
61.96365: [65.060, 66.620, 64.690, 65.980, 65.720, 66.420, 64.870, 65.570, 61.964][0.194, 0.198, 0.609]
62.2915: [65.060, 66.620, 64.690, 65.980, 65.720, 66.420, 64.870, 65.570, 62.291][0.194, 0.198, 0.608]
62.61935: [65.060, 66.620, 64.690, 65.980, 65.720, 66.420, 64.870, 65.570, 62.619][0.194, 0.198, 0.608]
62.9472: [65.060, 66.620, 64.690, 65.980, 65.720, 66.420, 64.870, 65.570, 62.947][0.194, 0.199, 0.607]
63.27505: [65.060, 66.620, 64.690, 65.980, 65.720, 66.420, 64.870, 65.570, 63.275][0.195, 0.201, 0.604]
63.6029: [65.060, 66.620, 64.690, 65.980, 65.720, 66.420, 64.870, 65.570, 63.603][0.197, 0.214, 0.589]
63.93075: [65.060, 66.620, 64.690, 65.980, 65.720, 66.420, 64.870, 65.570, 63.931][0.203, 0.365, 0.432]
64.2586: [65.060, 66.620, 64.690, 65.980, 65.720, 66.420, 64.870, 65.570, 64.259][0.383, 0.373, 0.244]
64.58645: [65.060, 66.620, 64.690, 65.980, 65.720, 66.420, 64.870, 65.570, 64.586][0.343, 0.400, 0.256]
64.9143: [65.060, 66.620, 64.690, 65.980, 65.720, 66.420, 64.870, 65.570, 64.914][0.348, 0.399, 0.253]
65.24215: [65.060, 66.620, 64.690, 65.980, 65.720, 66.420, 64.870, 65.570, 65.242][0.370, 0.389, 0.241]
65.57: [65.060, 66.620, 64.690, 65.980, 65.720, 66.420, 64.870, 65.570, 65.570][0.412, 0.366, 0.222]
65.89785: [65.060, 66.620, 64.690, 65.980, 65.720, 66.420, 64.870, 65.570, 65.898][0.474, 0.329, 0.197]
66.2257: [65.060, 66.620, 64.690, 65.980, 65.720, 66.420, 64.870, 65.570, 66.226][0.551, 0.280, 0.169]
66.55355: [65.060, 66.620, 64.690, 65.980, 65.720, 66.420, 64.870, 65.570, 66.554][0.626, 0.232, 0.142]
66.8814: [65.060, 66.620, 64.690, 65.980, 65.720, 66.420, 64.870, 65.570, 66.881][0.687, 0.193, 0.120]
67.20925: [65.060, 66.620, 64.690, 65.980, 65.720, 66.420, 64.870, 65.570, 67.209][0.731, 0.165, 0.104]
67.5371: [65.060, 66.620, 64.690, 65.980, 65.720, 66.420, 64.870, 65.570, 67.537][0.760, 0.146, 0.094]
67.86495: [65.060, 66.620, 64.690, 65.980, 65.720, 66.420, 64.870, 65.570, 67.865][0.779, 0.134, 0.087]
68.1928: [65.060, 66.620, 64.690, 65.980, 65.720, 66.420, 64.870, 65.570, 68.193][0.791, 0.126, 0.082]
68.52065: [65.060, 66.620, 64.690, 65.980, 65.720, 66.420, 64.870, 65.570, 68.521][0.799, 0.122, 0.079]
68.8485: [65.060, 66.620, 64.690, 65.980, 65.720, 66.420, 64.870, 65.570, 68.848][0.804, 0.118, 0.077]
69.17635: [65.060, 66.620, 64.690, 65.980, 65.720, 66.420, 64.870, 65.570, 69.176][0.808, 0.116, 0.076]
69.5042: [65.060, 66.620, 64.690, 65.980, 65.720, 66.420, 64.870, 65.570, 69.504][0.810, 0.115, 0.075]
69.83205: [65.060, 66.620, 64.690, 65.980, 65.720, 66.420, 64.870, 65.570, 69.832][0.811, 0.114, 0.075]
70.1599: [65.060, 66.620, 64.690, 65.980, 65.720, 66.420, 64.870, 65.570, 70.160][0.812, 0.114, 0.074]
70.48775: [65.060, 66.620, 64.690, 65.980, 65.720, 66.420, 64.870, 65.570, 70.488][0.813, 0.113, 0.074]
70.8156: [65.060, 66.620, 64.690, 65.980, 65.720, 66.420, 64.870, 65.570, 70.816][0.813, 0.113, 0.074]
71.14345: [65.060, 66.620, 64.690, 65.980, 65.720, 66.420, 64.870, 65.570, 71.143][0.813, 0.113, 0.074]
71.4713: [65.060, 66.620, 64.690, 65.980, 65.720, 66.420, 64.870, 65.570, 71.471][0.813, 0.113, 0.074]
71.79915: [65.060, 66.620, 64.690, 65.980, 65.720, 66.420, 64.870, 65.570, 71.799][0.814, 0.113, 0.074]
72.127: [65.060, 66.620, 64.690, 65.980, 65.720, 66.420, 64.870, 65.570, 72.127][0.814, 0.113, 0.074]
