Loading Model: level_list/m1_100/tick_list/APOG/class/models/model.h5
history_filename: history_recent/APOG/history.json
Yesterday        : 2017-09-13: OHLCV: 45.0000, 45.5000, 44.6500, 44.9600, 230865
UberYesterday    : 2017-09-12: OHLCV: 45.3900, 45.5900, 44.8500, 45.0100, 305865
[u'45.0000', u'45.5000', u'44.6500', u'44.9600', u'230865']
[u'45.3900', u'45.5900', u'44.8500', u'45.0100', u'305865']
question_base :[45.39, 45.59, 44.85, 45.01, 45.0, 45.5, 44.65, 44.96]
40.464: [45.390, 45.590, 44.850, 45.010, 45.000, 45.500, 44.650, 44.960, 40.464][0.011, 0.006, 0.983]
40.6888: [45.390, 45.590, 44.850, 45.010, 45.000, 45.500, 44.650, 44.960, 40.689][0.011, 0.006, 0.983]
40.9136: [45.390, 45.590, 44.850, 45.010, 45.000, 45.500, 44.650, 44.960, 40.914][0.011, 0.006, 0.982]
41.1384: [45.390, 45.590, 44.850, 45.010, 45.000, 45.500, 44.650, 44.960, 41.138][0.011, 0.007, 0.982]
41.3632: [45.390, 45.590, 44.850, 45.010, 45.000, 45.500, 44.650, 44.960, 41.363][0.012, 0.007, 0.982]
41.588: [45.390, 45.590, 44.850, 45.010, 45.000, 45.500, 44.650, 44.960, 41.588][0.012, 0.007, 0.981]
41.8128: [45.390, 45.590, 44.850, 45.010, 45.000, 45.500, 44.650, 44.960, 41.813][0.013, 0.008, 0.980]
42.0376: [45.390, 45.590, 44.850, 45.010, 45.000, 45.500, 44.650, 44.960, 42.038][0.014, 0.008, 0.978]
42.2624: [45.390, 45.590, 44.850, 45.010, 45.000, 45.500, 44.650, 44.960, 42.262][0.016, 0.010, 0.974]
42.4872: [45.390, 45.590, 44.850, 45.010, 45.000, 45.500, 44.650, 44.960, 42.487][0.020, 0.014, 0.966]
42.712: [45.390, 45.590, 44.850, 45.010, 45.000, 45.500, 44.650, 44.960, 42.712][0.029, 0.024, 0.947]
42.9368: [45.390, 45.590, 44.850, 45.010, 45.000, 45.500, 44.650, 44.960, 42.937][0.058, 0.062, 0.880]
43.1616: [45.390, 45.590, 44.850, 45.010, 45.000, 45.500, 44.650, 44.960, 43.162][0.139, 0.223, 0.638]
43.3864: [45.390, 45.590, 44.850, 45.010, 45.000, 45.500, 44.650, 44.960, 43.386][0.235, 0.455, 0.310]
43.6112: [45.390, 45.590, 44.850, 45.010, 45.000, 45.500, 44.650, 44.960, 43.611][0.393, 0.450, 0.157]
43.836: [45.390, 45.590, 44.850, 45.010, 45.000, 45.500, 44.650, 44.960, 43.836][0.514, 0.381, 0.105]
44.0608: [45.390, 45.590, 44.850, 45.010, 45.000, 45.500, 44.650, 44.960, 44.061][0.548, 0.358, 0.094]
44.2856: [45.390, 45.590, 44.850, 45.010, 45.000, 45.500, 44.650, 44.960, 44.286][0.557, 0.353, 0.091]
44.5104: [45.390, 45.590, 44.850, 45.010, 45.000, 45.500, 44.650, 44.960, 44.510][0.559, 0.351, 0.090]
44.7352: [45.390, 45.590, 44.850, 45.010, 45.000, 45.500, 44.650, 44.960, 44.735][0.560, 0.350, 0.090]
44.96: [45.390, 45.590, 44.850, 45.010, 45.000, 45.500, 44.650, 44.960, 44.960][0.561, 0.350, 0.090]
45.1848: [45.390, 45.590, 44.850, 45.010, 45.000, 45.500, 44.650, 44.960, 45.185][0.561, 0.350, 0.090]
45.4096: [45.390, 45.590, 44.850, 45.010, 45.000, 45.500, 44.650, 44.960, 45.410][0.561, 0.350, 0.089]
45.6344: [45.390, 45.590, 44.850, 45.010, 45.000, 45.500, 44.650, 44.960, 45.634][0.561, 0.349, 0.089]
45.8592: [45.390, 45.590, 44.850, 45.010, 45.000, 45.500, 44.650, 44.960, 45.859][0.561, 0.349, 0.089]
46.084: [45.390, 45.590, 44.850, 45.010, 45.000, 45.500, 44.650, 44.960, 46.084][0.561, 0.349, 0.089]
46.3088: [45.390, 45.590, 44.850, 45.010, 45.000, 45.500, 44.650, 44.960, 46.309][0.561, 0.349, 0.089]
46.5336: [45.390, 45.590, 44.850, 45.010, 45.000, 45.500, 44.650, 44.960, 46.534][0.561, 0.349, 0.089]
46.7584: [45.390, 45.590, 44.850, 45.010, 45.000, 45.500, 44.650, 44.960, 46.758][0.561, 0.349, 0.089]
46.9832: [45.390, 45.590, 44.850, 45.010, 45.000, 45.500, 44.650, 44.960, 46.983][0.561, 0.349, 0.089]
47.208: [45.390, 45.590, 44.850, 45.010, 45.000, 45.500, 44.650, 44.960, 47.208][0.561, 0.349, 0.089]
47.4328: [45.390, 45.590, 44.850, 45.010, 45.000, 45.500, 44.650, 44.960, 47.433][0.561, 0.349, 0.089]
47.6576: [45.390, 45.590, 44.850, 45.010, 45.000, 45.500, 44.650, 44.960, 47.658][0.561, 0.349, 0.089]
47.8824: [45.390, 45.590, 44.850, 45.010, 45.000, 45.500, 44.650, 44.960, 47.882][0.561, 0.349, 0.089]
48.1072: [45.390, 45.590, 44.850, 45.010, 45.000, 45.500, 44.650, 44.960, 48.107][0.561, 0.349, 0.089]
48.332: [45.390, 45.590, 44.850, 45.010, 45.000, 45.500, 44.650, 44.960, 48.332][0.561, 0.349, 0.089]
48.5568: [45.390, 45.590, 44.850, 45.010, 45.000, 45.500, 44.650, 44.960, 48.557][0.561, 0.349, 0.089]
48.7816: [45.390, 45.590, 44.850, 45.010, 45.000, 45.500, 44.650, 44.960, 48.782][0.561, 0.349, 0.089]
49.0064: [45.390, 45.590, 44.850, 45.010, 45.000, 45.500, 44.650, 44.960, 49.006][0.561, 0.349, 0.089]
49.2312: [45.390, 45.590, 44.850, 45.010, 45.000, 45.500, 44.650, 44.960, 49.231][0.561, 0.349, 0.089]
