Loading Model: level_list/m1_100/tick_list/ATW/class/models/model.h5
history_filename: history_recent/ATW/history.json
Yesterday        : 2017-09-13: OHLCV: 7.4900, 8.0500, 7.4600, 7.8000, 4139861
UberYesterday    : 2017-09-12: OHLCV: 7.2100, 7.5900, 7.1300, 7.4600, 4148243
[u'7.4900', u'8.0500', u'7.4600', u'7.8000', u'4139861']
[u'7.2100', u'7.5900', u'7.1300', u'7.4600', u'4148243']
question_base :[7.21, 7.59, 7.13, 7.46, 7.49, 8.05, 7.46, 7.8]
7.02: [7.210, 7.590, 7.130, 7.460, 7.490, 8.050, 7.460, 7.800, 7.020][0.057, 0.121, 0.822]
7.059: [7.210, 7.590, 7.130, 7.460, 7.490, 8.050, 7.460, 7.800, 7.059][0.057, 0.121, 0.822]
7.098: [7.210, 7.590, 7.130, 7.460, 7.490, 8.050, 7.460, 7.800, 7.098][0.057, 0.121, 0.822]
7.137: [7.210, 7.590, 7.130, 7.460, 7.490, 8.050, 7.460, 7.800, 7.137][0.057, 0.121, 0.822]
7.176: [7.210, 7.590, 7.130, 7.460, 7.490, 8.050, 7.460, 7.800, 7.176][0.057, 0.121, 0.822]
7.215: [7.210, 7.590, 7.130, 7.460, 7.490, 8.050, 7.460, 7.800, 7.215][0.057, 0.121, 0.822]
7.254: [7.210, 7.590, 7.130, 7.460, 7.490, 8.050, 7.460, 7.800, 7.254][0.057, 0.121, 0.821]
7.293: [7.210, 7.590, 7.130, 7.460, 7.490, 8.050, 7.460, 7.800, 7.293][0.057, 0.121, 0.821]
7.332: [7.210, 7.590, 7.130, 7.460, 7.490, 8.050, 7.460, 7.800, 7.332][0.058, 0.121, 0.821]
7.371: [7.210, 7.590, 7.130, 7.460, 7.490, 8.050, 7.460, 7.800, 7.371][0.058, 0.121, 0.821]
7.41: [7.210, 7.590, 7.130, 7.460, 7.490, 8.050, 7.460, 7.800, 7.410][0.058, 0.122, 0.821]
7.449: [7.210, 7.590, 7.130, 7.460, 7.490, 8.050, 7.460, 7.800, 7.449][0.058, 0.122, 0.821]
7.488: [7.210, 7.590, 7.130, 7.460, 7.490, 8.050, 7.460, 7.800, 7.488][0.058, 0.122, 0.820]
7.527: [7.210, 7.590, 7.130, 7.460, 7.490, 8.050, 7.460, 7.800, 7.527][0.058, 0.122, 0.820]
7.566: [7.210, 7.590, 7.130, 7.460, 7.490, 8.050, 7.460, 7.800, 7.566][0.058, 0.122, 0.820]
7.605: [7.210, 7.590, 7.130, 7.460, 7.490, 8.050, 7.460, 7.800, 7.605][0.058, 0.123, 0.819]
7.644: [7.210, 7.590, 7.130, 7.460, 7.490, 8.050, 7.460, 7.800, 7.644][0.058, 0.123, 0.819]
7.683: [7.210, 7.590, 7.130, 7.460, 7.490, 8.050, 7.460, 7.800, 7.683][0.058, 0.123, 0.818]
7.722: [7.210, 7.590, 7.130, 7.460, 7.490, 8.050, 7.460, 7.800, 7.722][0.058, 0.124, 0.818]
7.761: [7.210, 7.590, 7.130, 7.460, 7.490, 8.050, 7.460, 7.800, 7.761][0.059, 0.124, 0.817]
7.8: [7.210, 7.590, 7.130, 7.460, 7.490, 8.050, 7.460, 7.800, 7.800][0.059, 0.125, 0.816]
7.839: [7.210, 7.590, 7.130, 7.460, 7.490, 8.050, 7.460, 7.800, 7.839][0.059, 0.125, 0.815]
7.878: [7.210, 7.590, 7.130, 7.460, 7.490, 8.050, 7.460, 7.800, 7.878][0.059, 0.126, 0.814]
7.917: [7.210, 7.590, 7.130, 7.460, 7.490, 8.050, 7.460, 7.800, 7.917][0.060, 0.127, 0.813]
7.956: [7.210, 7.590, 7.130, 7.460, 7.490, 8.050, 7.460, 7.800, 7.956][0.060, 0.128, 0.812]
7.995: [7.210, 7.590, 7.130, 7.460, 7.490, 8.050, 7.460, 7.800, 7.995][0.061, 0.129, 0.810]
8.034: [7.210, 7.590, 7.130, 7.460, 7.490, 8.050, 7.460, 7.800, 8.034][0.061, 0.130, 0.809]
8.073: [7.210, 7.590, 7.130, 7.460, 7.490, 8.050, 7.460, 7.800, 8.073][0.062, 0.132, 0.807]
8.112: [7.210, 7.590, 7.130, 7.460, 7.490, 8.050, 7.460, 7.800, 8.112][0.062, 0.133, 0.805]
8.151: [7.210, 7.590, 7.130, 7.460, 7.490, 8.050, 7.460, 7.800, 8.151][0.063, 0.135, 0.802]
8.19: [7.210, 7.590, 7.130, 7.460, 7.490, 8.050, 7.460, 7.800, 8.190][0.064, 0.137, 0.799]
8.229: [7.210, 7.590, 7.130, 7.460, 7.490, 8.050, 7.460, 7.800, 8.229][0.065, 0.139, 0.796]
8.268: [7.210, 7.590, 7.130, 7.460, 7.490, 8.050, 7.460, 7.800, 8.268][0.066, 0.142, 0.792]
8.307: [7.210, 7.590, 7.130, 7.460, 7.490, 8.050, 7.460, 7.800, 8.307][0.068, 0.145, 0.787]
8.346: [7.210, 7.590, 7.130, 7.460, 7.490, 8.050, 7.460, 7.800, 8.346][0.069, 0.149, 0.782]
8.385: [7.210, 7.590, 7.130, 7.460, 7.490, 8.050, 7.460, 7.800, 8.385][0.071, 0.153, 0.776]
8.424: [7.210, 7.590, 7.130, 7.460, 7.490, 8.050, 7.460, 7.800, 8.424][0.073, 0.157, 0.769]
8.463: [7.210, 7.590, 7.130, 7.460, 7.490, 8.050, 7.460, 7.800, 8.463][0.076, 0.163, 0.761]
8.502: [7.210, 7.590, 7.130, 7.460, 7.490, 8.050, 7.460, 7.800, 8.502][0.079, 0.169, 0.752]
8.541: [7.210, 7.590, 7.130, 7.460, 7.490, 8.050, 7.460, 7.800, 8.541][0.083, 0.175, 0.742]
8.58: [7.210, 7.590, 7.130, 7.460, 7.490, 8.050, 7.460, 7.800, 8.580][0.087, 0.183, 0.730]
