Loading Model: level_list/m1_100/tick_list/DXPE/class/models/model.h5
history_filename: history_recent/DXPE/history.json
Yesterday        : 2017-09-13: OHLCV: 28.3000, 29.2300, 28.3000, 29.1300, 61048
UberYesterday    : 2017-09-12: OHLCV: 28.7500, 28.7500, 28.3000, 28.3300, 39691
[u'28.3000', u'29.2300', u'28.3000', u'29.1300', u'61048']
[u'28.7500', u'28.7500', u'28.3000', u'28.3300', u'39691']
question_base :[28.75, 28.75, 28.3, 28.33, 28.3, 29.23, 28.3, 29.13]
26.217: [28.750, 28.750, 28.300, 28.330, 28.300, 29.230, 28.300, 29.130, 26.217][0.074, 0.667, 0.260]
26.36265: [28.750, 28.750, 28.300, 28.330, 28.300, 29.230, 28.300, 29.130, 26.363][0.074, 0.665, 0.261]
26.5083: [28.750, 28.750, 28.300, 28.330, 28.300, 29.230, 28.300, 29.130, 26.508][0.074, 0.664, 0.262]
26.65395: [28.750, 28.750, 28.300, 28.330, 28.300, 29.230, 28.300, 29.130, 26.654][0.074, 0.663, 0.263]
26.7996: [28.750, 28.750, 28.300, 28.330, 28.300, 29.230, 28.300, 29.130, 26.800][0.074, 0.661, 0.265]
26.94525: [28.750, 28.750, 28.300, 28.330, 28.300, 29.230, 28.300, 29.130, 26.945][0.074, 0.659, 0.266]
27.0909: [28.750, 28.750, 28.300, 28.330, 28.300, 29.230, 28.300, 29.130, 27.091][0.074, 0.658, 0.268]
27.23655: [28.750, 28.750, 28.300, 28.330, 28.300, 29.230, 28.300, 29.130, 27.237][0.075, 0.656, 0.270]
27.3822: [28.750, 28.750, 28.300, 28.330, 28.300, 29.230, 28.300, 29.130, 27.382][0.075, 0.654, 0.272]
27.52785: [28.750, 28.750, 28.300, 28.330, 28.300, 29.230, 28.300, 29.130, 27.528][0.075, 0.651, 0.274]
27.6735: [28.750, 28.750, 28.300, 28.330, 28.300, 29.230, 28.300, 29.130, 27.673][0.075, 0.649, 0.276]
27.81915: [28.750, 28.750, 28.300, 28.330, 28.300, 29.230, 28.300, 29.130, 27.819][0.075, 0.647, 0.278]
27.9648: [28.750, 28.750, 28.300, 28.330, 28.300, 29.230, 28.300, 29.130, 27.965][0.075, 0.644, 0.280]
28.11045: [28.750, 28.750, 28.300, 28.330, 28.300, 29.230, 28.300, 29.130, 28.110][0.076, 0.642, 0.283]
28.2561: [28.750, 28.750, 28.300, 28.330, 28.300, 29.230, 28.300, 29.130, 28.256][0.076, 0.639, 0.285]
28.40175: [28.750, 28.750, 28.300, 28.330, 28.300, 29.230, 28.300, 29.130, 28.402][0.076, 0.636, 0.288]
28.5474: [28.750, 28.750, 28.300, 28.330, 28.300, 29.230, 28.300, 29.130, 28.547][0.076, 0.633, 0.291]
28.69305: [28.750, 28.750, 28.300, 28.330, 28.300, 29.230, 28.300, 29.130, 28.693][0.077, 0.630, 0.293]
28.8387: [28.750, 28.750, 28.300, 28.330, 28.300, 29.230, 28.300, 29.130, 28.839][0.077, 0.627, 0.296]
28.98435: [28.750, 28.750, 28.300, 28.330, 28.300, 29.230, 28.300, 29.130, 28.984][0.077, 0.623, 0.299]
29.13: [28.750, 28.750, 28.300, 28.330, 28.300, 29.230, 28.300, 29.130, 29.130][0.077, 0.620, 0.303]
29.27565: [28.750, 28.750, 28.300, 28.330, 28.300, 29.230, 28.300, 29.130, 29.276][0.078, 0.616, 0.306]
29.4213: [28.750, 28.750, 28.300, 28.330, 28.300, 29.230, 28.300, 29.130, 29.421][0.078, 0.613, 0.309]
29.56695: [28.750, 28.750, 28.300, 28.330, 28.300, 29.230, 28.300, 29.130, 29.567][0.078, 0.609, 0.313]
29.7126: [28.750, 28.750, 28.300, 28.330, 28.300, 29.230, 28.300, 29.130, 29.713][0.079, 0.605, 0.316]
29.85825: [28.750, 28.750, 28.300, 28.330, 28.300, 29.230, 28.300, 29.130, 29.858][0.079, 0.601, 0.320]
30.0039: [28.750, 28.750, 28.300, 28.330, 28.300, 29.230, 28.300, 29.130, 30.004][0.079, 0.597, 0.324]
30.14955: [28.750, 28.750, 28.300, 28.330, 28.300, 29.230, 28.300, 29.130, 30.150][0.080, 0.593, 0.328]
30.2952: [28.750, 28.750, 28.300, 28.330, 28.300, 29.230, 28.300, 29.130, 30.295][0.080, 0.589, 0.331]
30.44085: [28.750, 28.750, 28.300, 28.330, 28.300, 29.230, 28.300, 29.130, 30.441][0.080, 0.585, 0.335]
30.5865: [28.750, 28.750, 28.300, 28.330, 28.300, 29.230, 28.300, 29.130, 30.586][0.081, 0.580, 0.339]
30.73215: [28.750, 28.750, 28.300, 28.330, 28.300, 29.230, 28.300, 29.130, 30.732][0.081, 0.576, 0.343]
30.8778: [28.750, 28.750, 28.300, 28.330, 28.300, 29.230, 28.300, 29.130, 30.878][0.082, 0.572, 0.346]
31.02345: [28.750, 28.750, 28.300, 28.330, 28.300, 29.230, 28.300, 29.130, 31.023][0.082, 0.568, 0.350]
31.1691: [28.750, 28.750, 28.300, 28.330, 28.300, 29.230, 28.300, 29.130, 31.169][0.083, 0.565, 0.353]
31.31475: [28.750, 28.750, 28.300, 28.330, 28.300, 29.230, 28.300, 29.130, 31.315][0.083, 0.561, 0.356]
31.4604: [28.750, 28.750, 28.300, 28.330, 28.300, 29.230, 28.300, 29.130, 31.460][0.084, 0.558, 0.358]
31.60605: [28.750, 28.750, 28.300, 28.330, 28.300, 29.230, 28.300, 29.130, 31.606][0.084, 0.555, 0.361]
31.7517: [28.750, 28.750, 28.300, 28.330, 28.300, 29.230, 28.300, 29.130, 31.752][0.085, 0.553, 0.362]
31.89735: [28.750, 28.750, 28.300, 28.330, 28.300, 29.230, 28.300, 29.130, 31.897][0.086, 0.551, 0.363]
32.043: [28.750, 28.750, 28.300, 28.330, 28.300, 29.230, 28.300, 29.130, 32.043][0.087, 0.549, 0.364]
