Loading Model: level_list/m1_100/tick_list/FLIR/class/models/model.h5
history_filename: history_recent/FLIR/history.json
Yesterday        : 2017-09-13: OHLCV: 39.1600, 39.2700, 38.8500, 39.1400, 808623
UberYesterday    : 2017-09-12: OHLCV: 39.0200, 39.5000, 39.0000, 39.3400, 754347
[u'39.1600', u'39.2700', u'38.8500', u'39.1400', u'808623']
[u'39.0200', u'39.5000', u'39.0000', u'39.3400', u'754347']
question_base :[39.02, 39.5, 39.0, 39.34, 39.16, 39.27, 38.85, 39.14]
35.226: [39.020, 39.500, 39.000, 39.340, 39.160, 39.270, 38.850, 39.140, 35.226][0.150, 0.313, 0.537]
35.4217: [39.020, 39.500, 39.000, 39.340, 39.160, 39.270, 38.850, 39.140, 35.422][0.150, 0.313, 0.537]
35.6174: [39.020, 39.500, 39.000, 39.340, 39.160, 39.270, 38.850, 39.140, 35.617][0.150, 0.312, 0.539]
35.8131: [39.020, 39.500, 39.000, 39.340, 39.160, 39.270, 38.850, 39.140, 35.813][0.149, 0.311, 0.540]
36.0088: [39.020, 39.500, 39.000, 39.340, 39.160, 39.270, 38.850, 39.140, 36.009][0.149, 0.310, 0.542]
36.2045: [39.020, 39.500, 39.000, 39.340, 39.160, 39.270, 38.850, 39.140, 36.205][0.148, 0.308, 0.544]
36.4002: [39.020, 39.500, 39.000, 39.340, 39.160, 39.270, 38.850, 39.140, 36.400][0.147, 0.306, 0.547]
36.5959: [39.020, 39.500, 39.000, 39.340, 39.160, 39.270, 38.850, 39.140, 36.596][0.146, 0.304, 0.550]
36.7916: [39.020, 39.500, 39.000, 39.340, 39.160, 39.270, 38.850, 39.140, 36.792][0.145, 0.301, 0.554]
36.9873: [39.020, 39.500, 39.000, 39.340, 39.160, 39.270, 38.850, 39.140, 36.987][0.143, 0.298, 0.559]
37.183: [39.020, 39.500, 39.000, 39.340, 39.160, 39.270, 38.850, 39.140, 37.183][0.142, 0.294, 0.564]
37.3787: [39.020, 39.500, 39.000, 39.340, 39.160, 39.270, 38.850, 39.140, 37.379][0.141, 0.291, 0.568]
37.5744: [39.020, 39.500, 39.000, 39.340, 39.160, 39.270, 38.850, 39.140, 37.574][0.141, 0.292, 0.567]
37.7701: [39.020, 39.500, 39.000, 39.340, 39.160, 39.270, 38.850, 39.140, 37.770][0.146, 0.300, 0.553]
37.9658: [39.020, 39.500, 39.000, 39.340, 39.160, 39.270, 38.850, 39.140, 37.966][0.163, 0.330, 0.507]
38.1615: [39.020, 39.500, 39.000, 39.340, 39.160, 39.270, 38.850, 39.140, 38.162][0.203, 0.394, 0.403]
38.3572: [39.020, 39.500, 39.000, 39.340, 39.160, 39.270, 38.850, 39.140, 38.357][0.263, 0.456, 0.281]
38.5529: [39.020, 39.500, 39.000, 39.340, 39.160, 39.270, 38.850, 39.140, 38.553][0.330, 0.450, 0.220]
38.7486: [39.020, 39.500, 39.000, 39.340, 39.160, 39.270, 38.850, 39.140, 38.749][0.387, 0.418, 0.196]
38.9443: [39.020, 39.500, 39.000, 39.340, 39.160, 39.270, 38.850, 39.140, 38.944][0.407, 0.405, 0.188]
39.14: [39.020, 39.500, 39.000, 39.340, 39.160, 39.270, 38.850, 39.140, 39.140][0.405, 0.407, 0.188]
39.3357: [39.020, 39.500, 39.000, 39.340, 39.160, 39.270, 38.850, 39.140, 39.336][0.398, 0.412, 0.190]
39.5314: [39.020, 39.500, 39.000, 39.340, 39.160, 39.270, 38.850, 39.140, 39.531][0.391, 0.417, 0.192]
39.7271: [39.020, 39.500, 39.000, 39.340, 39.160, 39.270, 38.850, 39.140, 39.727][0.385, 0.421, 0.193]
39.9228: [39.020, 39.500, 39.000, 39.340, 39.160, 39.270, 38.850, 39.140, 39.923][0.381, 0.424, 0.195]
40.1185: [39.020, 39.500, 39.000, 39.340, 39.160, 39.270, 38.850, 39.140, 40.119][0.378, 0.426, 0.195]
40.3142: [39.020, 39.500, 39.000, 39.340, 39.160, 39.270, 38.850, 39.140, 40.314][0.376, 0.428, 0.196]
40.5099: [39.020, 39.500, 39.000, 39.340, 39.160, 39.270, 38.850, 39.140, 40.510][0.375, 0.429, 0.196]
40.7056: [39.020, 39.500, 39.000, 39.340, 39.160, 39.270, 38.850, 39.140, 40.706][0.374, 0.429, 0.197]
40.9013: [39.020, 39.500, 39.000, 39.340, 39.160, 39.270, 38.850, 39.140, 40.901][0.373, 0.430, 0.197]
41.097: [39.020, 39.500, 39.000, 39.340, 39.160, 39.270, 38.850, 39.140, 41.097][0.373, 0.430, 0.197]
41.2927: [39.020, 39.500, 39.000, 39.340, 39.160, 39.270, 38.850, 39.140, 41.293][0.372, 0.431, 0.197]
41.4884: [39.020, 39.500, 39.000, 39.340, 39.160, 39.270, 38.850, 39.140, 41.488][0.372, 0.431, 0.197]
41.6841: [39.020, 39.500, 39.000, 39.340, 39.160, 39.270, 38.850, 39.140, 41.684][0.372, 0.431, 0.197]
41.8798: [39.020, 39.500, 39.000, 39.340, 39.160, 39.270, 38.850, 39.140, 41.880][0.372, 0.431, 0.197]
42.0755: [39.020, 39.500, 39.000, 39.340, 39.160, 39.270, 38.850, 39.140, 42.076][0.372, 0.431, 0.197]
42.2712: [39.020, 39.500, 39.000, 39.340, 39.160, 39.270, 38.850, 39.140, 42.271][0.371, 0.431, 0.197]
42.4669: [39.020, 39.500, 39.000, 39.340, 39.160, 39.270, 38.850, 39.140, 42.467][0.371, 0.431, 0.197]
42.6626: [39.020, 39.500, 39.000, 39.340, 39.160, 39.270, 38.850, 39.140, 42.663][0.371, 0.431, 0.197]
42.8583: [39.020, 39.500, 39.000, 39.340, 39.160, 39.270, 38.850, 39.140, 42.858][0.371, 0.431, 0.197]
