Loading Model: level_list/m1_100/tick_list/INSY/class/models/model.h5
history_filename: history_recent/INSY/history.json
Yesterday        : 2017-09-13: OHLCV: 9.6600, 9.7000, 9.3800, 9.4800, 367035
UberYesterday    : 2017-09-12: OHLCV: 9.6500, 9.8000, 9.5500, 9.6100, 559688
[u'9.6600', u'9.7000', u'9.3800', u'9.4800', u'367035']
[u'9.6500', u'9.8000', u'9.5500', u'9.6100', u'559688']
question_base :[9.65, 9.8, 9.55, 9.61, 9.66, 9.7, 9.38, 9.48]
8.532: [9.650, 9.800, 9.550, 9.610, 9.660, 9.700, 9.380, 9.480, 8.532][0.333, 0.400, 0.267]
8.5794: [9.650, 9.800, 9.550, 9.610, 9.660, 9.700, 9.380, 9.480, 8.579][0.333, 0.400, 0.267]
8.6268: [9.650, 9.800, 9.550, 9.610, 9.660, 9.700, 9.380, 9.480, 8.627][0.333, 0.400, 0.267]
8.6742: [9.650, 9.800, 9.550, 9.610, 9.660, 9.700, 9.380, 9.480, 8.674][0.333, 0.400, 0.267]
8.7216: [9.650, 9.800, 9.550, 9.610, 9.660, 9.700, 9.380, 9.480, 8.722][0.333, 0.400, 0.267]
8.769: [9.650, 9.800, 9.550, 9.610, 9.660, 9.700, 9.380, 9.480, 8.769][0.333, 0.400, 0.267]
8.8164: [9.650, 9.800, 9.550, 9.610, 9.660, 9.700, 9.380, 9.480, 8.816][0.333, 0.400, 0.267]
8.8638: [9.650, 9.800, 9.550, 9.610, 9.660, 9.700, 9.380, 9.480, 8.864][0.333, 0.400, 0.267]
8.9112: [9.650, 9.800, 9.550, 9.610, 9.660, 9.700, 9.380, 9.480, 8.911][0.333, 0.400, 0.267]
8.9586: [9.650, 9.800, 9.550, 9.610, 9.660, 9.700, 9.380, 9.480, 8.959][0.333, 0.400, 0.267]
9.006: [9.650, 9.800, 9.550, 9.610, 9.660, 9.700, 9.380, 9.480, 9.006][0.333, 0.400, 0.267]
9.0534: [9.650, 9.800, 9.550, 9.610, 9.660, 9.700, 9.380, 9.480, 9.053][0.333, 0.400, 0.267]
9.1008: [9.650, 9.800, 9.550, 9.610, 9.660, 9.700, 9.380, 9.480, 9.101][0.333, 0.400, 0.267]
9.1482: [9.650, 9.800, 9.550, 9.610, 9.660, 9.700, 9.380, 9.480, 9.148][0.333, 0.400, 0.267]
9.1956: [9.650, 9.800, 9.550, 9.610, 9.660, 9.700, 9.380, 9.480, 9.196][0.333, 0.400, 0.267]
9.243: [9.650, 9.800, 9.550, 9.610, 9.660, 9.700, 9.380, 9.480, 9.243][0.333, 0.400, 0.267]
9.2904: [9.650, 9.800, 9.550, 9.610, 9.660, 9.700, 9.380, 9.480, 9.290][0.333, 0.400, 0.267]
9.3378: [9.650, 9.800, 9.550, 9.610, 9.660, 9.700, 9.380, 9.480, 9.338][0.333, 0.400, 0.267]
9.3852: [9.650, 9.800, 9.550, 9.610, 9.660, 9.700, 9.380, 9.480, 9.385][0.333, 0.400, 0.267]
9.4326: [9.650, 9.800, 9.550, 9.610, 9.660, 9.700, 9.380, 9.480, 9.433][0.333, 0.400, 0.267]
9.48: [9.650, 9.800, 9.550, 9.610, 9.660, 9.700, 9.380, 9.480, 9.480][0.333, 0.400, 0.267]
9.5274: [9.650, 9.800, 9.550, 9.610, 9.660, 9.700, 9.380, 9.480, 9.527][0.333, 0.400, 0.267]
9.5748: [9.650, 9.800, 9.550, 9.610, 9.660, 9.700, 9.380, 9.480, 9.575][0.333, 0.400, 0.267]
9.6222: [9.650, 9.800, 9.550, 9.610, 9.660, 9.700, 9.380, 9.480, 9.622][0.333, 0.400, 0.267]
9.6696: [9.650, 9.800, 9.550, 9.610, 9.660, 9.700, 9.380, 9.480, 9.670][0.333, 0.400, 0.267]
9.717: [9.650, 9.800, 9.550, 9.610, 9.660, 9.700, 9.380, 9.480, 9.717][0.333, 0.400, 0.267]
9.7644: [9.650, 9.800, 9.550, 9.610, 9.660, 9.700, 9.380, 9.480, 9.764][0.333, 0.400, 0.267]
9.8118: [9.650, 9.800, 9.550, 9.610, 9.660, 9.700, 9.380, 9.480, 9.812][0.333, 0.400, 0.267]
9.8592: [9.650, 9.800, 9.550, 9.610, 9.660, 9.700, 9.380, 9.480, 9.859][0.333, 0.400, 0.267]
9.9066: [9.650, 9.800, 9.550, 9.610, 9.660, 9.700, 9.380, 9.480, 9.907][0.333, 0.400, 0.267]
9.954: [9.650, 9.800, 9.550, 9.610, 9.660, 9.700, 9.380, 9.480, 9.954][0.333, 0.400, 0.267]
10.0014: [9.650, 9.800, 9.550, 9.610, 9.660, 9.700, 9.380, 9.480, 10.001][0.333, 0.400, 0.267]
10.0488: [9.650, 9.800, 9.550, 9.610, 9.660, 9.700, 9.380, 9.480, 10.049][0.333, 0.400, 0.267]
10.0962: [9.650, 9.800, 9.550, 9.610, 9.660, 9.700, 9.380, 9.480, 10.096][0.333, 0.400, 0.267]
10.1436: [9.650, 9.800, 9.550, 9.610, 9.660, 9.700, 9.380, 9.480, 10.144][0.333, 0.400, 0.267]
10.191: [9.650, 9.800, 9.550, 9.610, 9.660, 9.700, 9.380, 9.480, 10.191][0.333, 0.400, 0.267]
10.2384: [9.650, 9.800, 9.550, 9.610, 9.660, 9.700, 9.380, 9.480, 10.238][0.333, 0.400, 0.267]
10.2858: [9.650, 9.800, 9.550, 9.610, 9.660, 9.700, 9.380, 9.480, 10.286][0.333, 0.400, 0.267]
10.3332: [9.650, 9.800, 9.550, 9.610, 9.660, 9.700, 9.380, 9.480, 10.333][0.333, 0.400, 0.267]
10.3806: [9.650, 9.800, 9.550, 9.610, 9.660, 9.700, 9.380, 9.480, 10.381][0.333, 0.400, 0.267]
10.428: [9.650, 9.800, 9.550, 9.610, 9.660, 9.700, 9.380, 9.480, 10.428][0.333, 0.400, 0.267]
