Loading Model: level_list/m1_100/tick_list/XONE/class/models/model.h5
history_filename: history_recent/XONE/history.json
Yesterday        : 2017-09-13: OHLCV: 9.3900, 9.7500, 9.3900, 9.6300, 152996
UberYesterday    : 2017-09-12: OHLCV: 8.9000, 9.5600, 8.9000, 9.3400, 172299
[u'9.3900', u'9.7500', u'9.3900', u'9.6300', u'152996']
[u'8.9000', u'9.5600', u'8.9000', u'9.3400', u'172299']
question_base :[8.9, 9.56, 8.9, 9.34, 9.39, 9.75, 9.39, 9.63]
8.667: [8.900, 9.560, 8.900, 9.340, 9.390, 9.750, 9.390, 9.630, 8.667][0.119, 0.170, 0.712]
8.71515: [8.900, 9.560, 8.900, 9.340, 9.390, 9.750, 9.390, 9.630, 8.715][0.119, 0.170, 0.712]
8.7633: [8.900, 9.560, 8.900, 9.340, 9.390, 9.750, 9.390, 9.630, 8.763][0.119, 0.170, 0.712]
8.81145: [8.900, 9.560, 8.900, 9.340, 9.390, 9.750, 9.390, 9.630, 8.811][0.119, 0.170, 0.712]
8.8596: [8.900, 9.560, 8.900, 9.340, 9.390, 9.750, 9.390, 9.630, 8.860][0.119, 0.170, 0.712]
8.90775: [8.900, 9.560, 8.900, 9.340, 9.390, 9.750, 9.390, 9.630, 8.908][0.119, 0.170, 0.712]
8.9559: [8.900, 9.560, 8.900, 9.340, 9.390, 9.750, 9.390, 9.630, 8.956][0.119, 0.170, 0.712]
9.00405: [8.900, 9.560, 8.900, 9.340, 9.390, 9.750, 9.390, 9.630, 9.004][0.118, 0.170, 0.712]
9.0522: [8.900, 9.560, 8.900, 9.340, 9.390, 9.750, 9.390, 9.630, 9.052][0.118, 0.170, 0.712]
9.10035: [8.900, 9.560, 8.900, 9.340, 9.390, 9.750, 9.390, 9.630, 9.100][0.118, 0.170, 0.712]
9.1485: [8.900, 9.560, 8.900, 9.340, 9.390, 9.750, 9.390, 9.630, 9.148][0.118, 0.171, 0.711]
9.19665: [8.900, 9.560, 8.900, 9.340, 9.390, 9.750, 9.390, 9.630, 9.197][0.115, 0.178, 0.708]
9.2448: [8.900, 9.560, 8.900, 9.340, 9.390, 9.750, 9.390, 9.630, 9.245][0.103, 0.214, 0.683]
9.29295: [8.900, 9.560, 8.900, 9.340, 9.390, 9.750, 9.390, 9.630, 9.293][0.077, 0.390, 0.533]
9.3411: [8.900, 9.560, 8.900, 9.340, 9.390, 9.750, 9.390, 9.630, 9.341][0.082, 0.570, 0.348]
9.38925: [8.900, 9.560, 8.900, 9.340, 9.390, 9.750, 9.390, 9.630, 9.389][0.139, 0.547, 0.314]
9.4374: [8.900, 9.560, 8.900, 9.340, 9.390, 9.750, 9.390, 9.630, 9.437][0.212, 0.480, 0.308]
9.48555: [8.900, 9.560, 8.900, 9.340, 9.390, 9.750, 9.390, 9.630, 9.486][0.274, 0.425, 0.302]
9.5337: [8.900, 9.560, 8.900, 9.340, 9.390, 9.750, 9.390, 9.630, 9.534][0.318, 0.388, 0.294]
9.58185: [8.900, 9.560, 8.900, 9.340, 9.390, 9.750, 9.390, 9.630, 9.582][0.348, 0.363, 0.288]
9.63: [8.900, 9.560, 8.900, 9.340, 9.390, 9.750, 9.390, 9.630, 9.630][0.369, 0.347, 0.284]
9.67815: [8.900, 9.560, 8.900, 9.340, 9.390, 9.750, 9.390, 9.630, 9.678][0.382, 0.337, 0.281]
9.7263: [8.900, 9.560, 8.900, 9.340, 9.390, 9.750, 9.390, 9.630, 9.726][0.392, 0.330, 0.278]
9.77445: [8.900, 9.560, 8.900, 9.340, 9.390, 9.750, 9.390, 9.630, 9.774][0.399, 0.325, 0.277]
9.8226: [8.900, 9.560, 8.900, 9.340, 9.390, 9.750, 9.390, 9.630, 9.823][0.404, 0.321, 0.275]
9.87075: [8.900, 9.560, 8.900, 9.340, 9.390, 9.750, 9.390, 9.630, 9.871][0.407, 0.318, 0.274]
9.9189: [8.900, 9.560, 8.900, 9.340, 9.390, 9.750, 9.390, 9.630, 9.919][0.410, 0.316, 0.274]
9.96705: [8.900, 9.560, 8.900, 9.340, 9.390, 9.750, 9.390, 9.630, 9.967][0.412, 0.314, 0.273]
10.0152: [8.900, 9.560, 8.900, 9.340, 9.390, 9.750, 9.390, 9.630, 10.015][0.414, 0.313, 0.273]
10.06335: [8.900, 9.560, 8.900, 9.340, 9.390, 9.750, 9.390, 9.630, 10.063][0.415, 0.312, 0.272]
10.1115: [8.900, 9.560, 8.900, 9.340, 9.390, 9.750, 9.390, 9.630, 10.111][0.417, 0.311, 0.272]
10.15965: [8.900, 9.560, 8.900, 9.340, 9.390, 9.750, 9.390, 9.630, 10.160][0.418, 0.311, 0.272]
10.2078: [8.900, 9.560, 8.900, 9.340, 9.390, 9.750, 9.390, 9.630, 10.208][0.418, 0.310, 0.272]
10.25595: [8.900, 9.560, 8.900, 9.340, 9.390, 9.750, 9.390, 9.630, 10.256][0.419, 0.310, 0.271]
10.3041: [8.900, 9.560, 8.900, 9.340, 9.390, 9.750, 9.390, 9.630, 10.304][0.420, 0.309, 0.271]
10.35225: [8.900, 9.560, 8.900, 9.340, 9.390, 9.750, 9.390, 9.630, 10.352][0.420, 0.309, 0.271]
10.4004: [8.900, 9.560, 8.900, 9.340, 9.390, 9.750, 9.390, 9.630, 10.400][0.420, 0.309, 0.271]
10.44855: [8.900, 9.560, 8.900, 9.340, 9.390, 9.750, 9.390, 9.630, 10.449][0.421, 0.308, 0.271]
10.4967: [8.900, 9.560, 8.900, 9.340, 9.390, 9.750, 9.390, 9.630, 10.497][0.421, 0.308, 0.271]
10.54485: [8.900, 9.560, 8.900, 9.340, 9.390, 9.750, 9.390, 9.630, 10.545][0.421, 0.308, 0.271]
10.593: [8.900, 9.560, 8.900, 9.340, 9.390, 9.750, 9.390, 9.630, 10.593][0.422, 0.308, 0.271]
