[[ 21.   0.   7.]
 [ 34.   0.  11.]
 [ 17.   0.  10.]]
cf_score, 7.0
nv_score, -15.0
ratio, 0.313131313131
[[ 20.   2.  11.]
 [ 25.   3.   9.]
 [ 11.   4.  15.]]
cf_score, 16.0
nv_score, -16.0
ratio, 0.383838383838
[[ 29.   0.   9.]
 [ 21.   0.  14.]
 [ 12.   0.  15.]]
cf_score, 23.0
nv_score, -17.0
ratio, 0.444444444444
[[ 31.   0.   5.]
 [ 27.   0.   7.]
 [ 23.   0.   7.]]
cf_score, 10.0
nv_score, -10.0
ratio, 0.383838383838
[[ 25.   0.   9.]
 [ 25.   0.   8.]
 [ 12.   0.  21.]]
cf_score, 25.0
nv_score, -5.0
ratio, 0.464646464646
[[ 27.   0.   4.]
 [ 28.   0.   8.]
 [ 17.   0.  16.]]
cf_score, 22.0
nv_score, 0.0
ratio, 0.434343434343
[[ 30.   0.   6.]
 [ 23.   0.   6.]
 [ 17.   0.  18.]]
cf_score, 25.0
nv_score, 0.0
ratio, 0.484848484848
[[  5.  23.   9.]
 [ 12.  14.  10.]
 [ 10.   7.  10.]]
cf_score, 10.0
nv_score, -18.0
ratio, 0.292929292929
[[ 17.   8.   8.]
 [ 25.   5.   7.]
 [  9.  10.  11.]]
cf_score, 16.0
nv_score, -12.0
ratio, 0.333333333333
[[  7.  19.  10.]
 [ 15.  11.   6.]
 [  4.  16.  12.]]
cf_score, 16.0
nv_score, -14.0
ratio, 0.30303030303
[[ 24.   0.  12.]
 [ 24.   0.  10.]
 [  8.   0.  22.]]
cf_score, 26.0
nv_score, -12.0
ratio, 0.464646464646
[[ 19.   0.  14.]
 [ 25.   0.  16.]
 [  7.   0.  19.]]
cf_score, 17.0
nv_score, -25.0
ratio, 0.383838383838
[[ 21.   1.  12.]
 [ 16.   0.  15.]
 [ 13.   4.  18.]]
cf_score, 14.0
nv_score, -21.0
ratio, 0.393939393939
[[ 26.   1.  11.]
 [ 13.   1.   8.]
 [ 11.   1.  28.]]
cf_score, 33.0
nv_score, -2.0
ratio, 0.555555555556
[[ 15.   7.  15.]
 [ 17.   7.  12.]
 [  5.   7.  15.]]
cf_score, 17.0
nv_score, -27.0
ratio, 0.373737373737
[[ 13.   5.  16.]
 [ 16.   7.  10.]
 [  4.  10.  19.]]
cf_score, 19.0
nv_score, -23.0
ratio, 0.393939393939
[[ 10.  12.   9.]
 [ 14.  13.  13.]
 [  4.   5.  20.]]
cf_score, 30.0
nv_score, -11.0
ratio, 0.434343434343
[[ 12.   9.  17.]
 [ 11.   7.  12.]
 [  3.   7.  22.]]
cf_score, 21.0
nv_score, -24.0
ratio, 0.414141414141
[[ 17.   5.  10.]
 [ 11.  14.  15.]
 [  5.   5.  18.]]
cf_score, 34.0
nv_score, -17.0
ratio, 0.494949494949
[[  9.   4.  11.]
 [ 13.  14.  15.]
 [  9.   5.  20.]]
cf_score, 23.0
nv_score, -17.0
ratio, 0.434343434343
[[ 18.   5.  12.]
 [ 17.   9.  12.]
 [  6.   2.  19.]]
cf_score, 28.0
nv_score, -17.0
ratio, 0.464646464646
[[ 26.   2.   9.]
 [ 17.   4.  12.]
 [  8.   4.  18.]]
cf_score, 31.0
nv_score, -12.0
ratio, 0.484848484848
[[ 12.   2.   6.]
 [ 18.   4.  13.]
 [ 20.   6.  19.]]
cf_score, 9.0
nv_score, -6.0
ratio, 0.353535353535
[[ 18.   8.  11.]
 [ 16.   5.  12.]
 [  3.  11.  16.]]
cf_score, 25.0
nv_score, -18.0
ratio, 0.393939393939
[[ 16.   5.  14.]
 [ 13.   4.  16.]
 [ 11.   4.  17.]]
cf_score, 12.0
nv_score, -27.0
ratio, 0.373737373737
[[ 11.   4.   6.]
 [ 26.   7.   5.]
 [ 12.   6.  23.]]
cf_score, 23.0
nv_score, 6.0
ratio, 0.414141414141
[[ 23.   6.  12.]
 [ 25.   5.   9.]
 [  2.   4.  14.]]
cf_score, 28.0
nv_score, -19.0
ratio, 0.424242424242
[[ 16.   8.  10.]
 [ 16.   6.  10.]
 [  6.   9.  19.]]
cf_score, 25.0
nv_score, -11.0
ratio, 0.414141414141
[[ 15.   1.   9.]
 [ 17.   7.   8.]
 [ 15.   3.  25.]]
cf_score, 23.0
nv_score, -1.0
ratio, 0.474747474747
[[ 26.   0.   7.]
 [ 20.   5.  12.]
 [ 11.   2.  17.]]
cf_score, 30.0
nv_score, -9.0
ratio, 0.484848484848
[[ 19.   3.  11.]
 [ 14.   3.  16.]
 [  2.   8.  24.]]
cf_score, 33.0
nv_score, -14.0
ratio, 0.464646464646
[[ 18.   6.  13.]
 [ 16.  10.   4.]
 [ 10.   4.  19.]]
cf_score, 24.0
nv_score, -11.0
ratio, 0.474747474747
[[ 24.   9.  10.]
 [ 16.   7.   7.]
 [  7.   4.  16.]]
cf_score, 30.0
nv_score, -11.0
ratio, 0.474747474747
[[ 20.   2.   4.]
 [ 16.   9.   6.]
 [ 13.   8.  22.]]
cf_score, 34.0
nv_score, 8.0
ratio, 0.515151515152
[[ 18.  11.   8.]
 [ 20.   4.  13.]
 [  8.   5.  13.]]
cf_score, 19.0
nv_score, -16.0
ratio, 0.353535353535
[[ 17.   3.   8.]
 [ 20.   9.  12.]
 [  9.   3.  19.]]
cf_score, 28.0
nv_score, -9.0
ratio, 0.454545454545
[[ 19.   5.  10.]
 [ 16.   9.  14.]
 [  5.   4.  18.]]
cf_score, 31.0
nv_score, -16.0
ratio, 0.464646464646
[[ 19.   3.   7.]
 [ 12.   7.  12.]
 [  6.   8.  26.]]
cf_score, 39.0
nv_score, 0.0
ratio, 0.525252525253
[[ 23.   2.  11.]
 [ 19.   1.   9.]
 [ 11.   5.  19.]]
cf_score, 21.0
nv_score, -12.0
ratio, 0.434343434343
[[ 18.   7.   7.]
 [ 17.  11.  11.]
 [  5.   3.  21.]]
cf_score, 38.0
nv_score, -4.0
ratio, 0.505050505051
[[ 13.   8.  11.]
 [ 11.   8.  13.]
 [  5.   5.  26.]]
cf_score, 31.0
nv_score, -9.0
ratio, 0.474747474747
[[ 16.   6.   7.]
 [ 24.   9.   8.]
 [  8.   6.  16.]]
cf_score, 26.0
nv_score, -6.0
ratio, 0.414141414141
[[ 14.   9.  14.]
 [ 10.   8.  15.]
 [  8.   1.  21.]]
cf_score, 21.0
nv_score, -22.0
ratio, 0.434343434343
[[ 19.   2.   7.]
 [ 18.   8.  11.]
 [  9.  11.  15.]]
cf_score, 26.0
nv_score, -10.0
ratio, 0.424242424242
[[ 26.   8.   6.]
 [ 17.   8.   6.]
 [  7.   3.  19.]]
cf_score, 40.0
nv_score, 1.0
ratio, 0.535353535354
[[ 26.  11.  12.]
 [  9.   5.   6.]
 [  6.   4.  21.]]
cf_score, 34.0
nv_score, -9.0
ratio, 0.525252525253
[[ 17.  11.   5.]
 [ 18.   6.   7.]
 [ 11.   9.  16.]]
cf_score, 23.0
nv_score, -1.0
ratio, 0.393939393939
[[ 23.   6.   5.]
 [ 14.   5.   8.]
 [ 10.   9.  20.]]
cf_score, 33.0
nv_score, 2.0
ratio, 0.484848484848
[[ 19.  10.   9.]
 [ 14.   8.  11.]
 [  5.   6.  18.]]
cf_score, 31.0
nv_score, -11.0
ratio, 0.454545454545
[[ 23.   8.   5.]
 [ 14.   7.   5.]
 [  9.   5.  24.]]
cf_score, 40.0
nv_score, 9.0
ratio, 0.545454545455
