[[ 31.   0.  16.]
 [ 18.   0.   7.]
 [ 13.   0.  15.]]
cf_score, 17.0
ratio, 0.464646464646
[[ 24.   5.   7.]
 [ 26.   8.   6.]
 [  5.   5.  14.]]
cf_score, 34.0
ratio, 0.464646464646
[[ 28.  10.   6.]
 [ 21.   5.   7.]
 [  7.   4.  12.]]
cf_score, 32.0
ratio, 0.454545454545
[[ 16.   8.   8.]
 [ 19.  13.  10.]
 [  6.   5.  15.]]
cf_score, 30.0
ratio, 0.444444444444
[[ 16.   7.  11.]
 [  8.  14.  12.]
 [ 10.   7.  15.]]
cf_score, 24.0
ratio, 0.454545454545
[[ 13.  10.   9.]
 [ 19.   9.  11.]
 [  9.   5.  15.]]
cf_score, 19.0
ratio, 0.373737373737
[[ 20.  11.   7.]
 [  5.  15.   5.]
 [  5.  14.  18.]]
cf_score, 41.0
ratio, 0.535353535354
[[ 17.  12.   7.]
 [  3.  25.   9.]
 [  6.   2.  19.]]
cf_score, 48.0
ratio, 0.616161616162
[[ 13.  11.  10.]
 [ 11.  21.   4.]
 [  4.  10.  16.]]
cf_score, 36.0
ratio, 0.505050505051
[[  9.  17.  10.]
 [  9.  17.  12.]
 [  1.   9.  16.]]
cf_score, 31.0
ratio, 0.424242424242
[[ 18.  14.  12.]
 [  4.  19.   8.]
 [  6.  11.   8.]]
cf_score, 27.0
ratio, 0.454545454545
[[ 12.  13.   9.]
 [  7.  19.  10.]
 [  6.  11.  13.]]
cf_score, 29.0
ratio, 0.444444444444
[[ 16.  12.   8.]
 [  4.  15.  14.]
 [  5.   9.  17.]]
cf_score, 35.0
ratio, 0.484848484848
[[ 11.  10.   5.]
 [  6.  25.   8.]
 [  7.  14.  14.]]
cf_score, 38.0
ratio, 0.505050505051
[[ 17.  14.   5.]
 [ 11.  15.   8.]
 [ 11.   8.  11.]]
cf_score, 27.0
ratio, 0.434343434343
[[ 12.  17.   5.]
 [  8.  16.   5.]
 [  9.   8.  20.]]
cf_score, 34.0
ratio, 0.484848484848
[[ 16.  17.   3.]
 [  8.  21.   8.]
 [  1.   8.  18.]]
cf_score, 51.0
ratio, 0.555555555556
[[ 18.   7.   5.]
 [  7.  20.   5.]
 [ 14.   8.  16.]]
cf_score, 35.0
ratio, 0.545454545455
[[ 18.  17.  15.]
 [  8.  14.   6.]
 [  4.   8.  10.]]
cf_score, 23.0
ratio, 0.424242424242
[[ 12.  16.  12.]
 [  2.  17.   9.]
 [  2.  11.  19.]]
cf_score, 34.0
ratio, 0.484848484848
[[ 12.  17.  10.]
 [  9.  17.   7.]
 [  6.  11.  11.]]
cf_score, 24.0
ratio, 0.40404040404
[[ 15.  14.   7.]
 [  8.  16.  14.]
 [  2.  10.  14.]]
cf_score, 36.0
ratio, 0.454545454545
[[ 13.  18.   5.]
 [ 11.  18.   5.]
 [  9.  11.  10.]]
cf_score, 27.0
ratio, 0.414141414141
[[  9.  15.  12.]
 [  5.  21.  10.]
 [  2.  12.  14.]]
cf_score, 30.0
ratio, 0.444444444444
[[ 21.   7.   9.]
 [  5.  25.  10.]
 [  4.   6.  13.]]
cf_score, 46.0
ratio, 0.59595959596
[[ 15.  13.   4.]
 [ 12.  15.   7.]
 [  6.  13.  15.]]
cf_score, 35.0
ratio, 0.454545454545
[[ 18.  12.  11.]
 [  6.  13.   7.]
 [  5.  10.  18.]]
cf_score, 33.0
ratio, 0.494949494949
[[ 24.  16.   9.]
 [  3.  15.   8.]
 [  3.  12.  10.]]
cf_score, 37.0
ratio, 0.494949494949
[[ 13.  13.  12.]
 [ 10.  22.  10.]
 [  3.   7.  10.]]
cf_score, 30.0
ratio, 0.454545454545
[[ 21.  16.   6.]
 [  7.  15.  10.]
 [  1.   9.  15.]]
cf_score, 44.0
ratio, 0.515151515152
[[ 17.  12.  12.]
 [  6.  19.   9.]
 [  4.  10.  11.]]
cf_score, 31.0
ratio, 0.474747474747
[[ 17.  15.   6.]
 [  6.  21.   4.]
 [  6.   9.  16.]]
cf_score, 42.0
ratio, 0.545454545455
[[ 14.   9.   6.]
 [  5.  18.  10.]
 [  6.  14.  18.]]
cf_score, 38.0
ratio, 0.505050505051
[[ 13.   9.   8.]
 [  7.  27.  13.]
 [  2.   6.  15.]]
cf_score, 45.0
ratio, 0.555555555556
[[ 14.  10.   3.]
 [ 12.  25.  10.]
 [  7.   7.  12.]]
cf_score, 41.0
ratio, 0.515151515152
[[ 12.  19.   6.]
 [  6.  20.   7.]
 [  3.  13.  14.]]
cf_score, 37.0
ratio, 0.464646464646
[[ 16.  13.   5.]
 [  8.  25.  10.]
 [  6.   5.  12.]]
cf_score, 42.0
ratio, 0.535353535354
[[ 11.   7.   8.]
 [  6.  25.   5.]
 [  7.  21.  10.]]
cf_score, 31.0
ratio, 0.464646464646
[[ 21.  11.   4.]
 [  3.  25.  13.]
 [  3.   9.  11.]]
cf_score, 50.0
ratio, 0.575757575758
[[ 17.  11.   4.]
 [ 19.  12.   9.]
 [  7.   9.  12.]]
cf_score, 30.0
ratio, 0.414141414141
[[ 18.  16.   8.]
 [  8.  17.   6.]
 [  5.  10.  12.]]
cf_score, 34.0
ratio, 0.474747474747
[[ 18.  17.   8.]
 [  8.  20.   4.]
 [  2.  11.  12.]]
cf_score, 40.0
ratio, 0.505050505051
[[ 13.   9.   8.]
 [  7.  21.   9.]
 [  7.  14.  12.]]
cf_score, 31.0
ratio, 0.464646464646
[[ 17.  11.   5.]
 [ 12.  15.   7.]
 [  7.  10.  16.]]
cf_score, 36.0
ratio, 0.484848484848
[[ 18.  17.  11.]
 [  5.  10.  10.]
 [  9.  10.  10.]]
cf_score, 18.0
ratio, 0.383838383838
[[ 13.  16.   7.]
 [  4.  25.  10.]
 [  2.   9.  14.]]
cf_score, 43.0
ratio, 0.525252525253
[[ 15.  14.   3.]
 [ 13.  22.   9.]
 [  2.   9.  13.]]
cf_score, 45.0
ratio, 0.505050505051
[[ 17.  15.   8.]
 [ 11.  19.   4.]
 [  2.   8.  16.]]
cf_score, 42.0
ratio, 0.525252525253
[[ 17.  14.   8.]
 [  3.  13.  10.]
 [  6.   9.  20.]]
cf_score, 36.0
ratio, 0.505050505051
[[ 18.  12.   5.]
 [  5.  25.   7.]
 [  7.   6.  15.]]
cf_score, 46.0
ratio, 0.585858585859
[[ 26.   7.   6.]
 [  5.  15.   5.]
 [ 13.   7.  16.]]
cf_score, 38.0
ratio, 0.575757575758
[[ 11.  15.   5.]
 [  3.  19.  13.]
 [  3.  11.  20.]]
cf_score, 42.0
ratio, 0.505050505051
[[ 21.  11.  10.]
 [  5.  18.   7.]
 [ 10.   6.  12.]]
cf_score, 31.0
ratio, 0.515151515152
[[ 16.   9.   8.]
 [  5.  26.   9.]
 [  4.   7.  16.]]
cf_score, 46.0
ratio, 0.585858585859
[[ 17.  16.   5.]
 [  6.  22.   4.]
 [ 11.   9.  10.]]
cf_score, 33.0
ratio, 0.494949494949
[[ 19.  12.   5.]
 [  4.  20.   8.]
 [ 11.  10.  11.]]
cf_score, 34.0
ratio, 0.505050505051
[[ 15.   9.   8.]
 [  4.  22.  11.]
 [  9.   7.  15.]]
cf_score, 35.0
ratio, 0.525252525253
[[ 19.  25.   4.]
 [  4.  16.   6.]
 [  8.   5.  13.]]
cf_score, 36.0
ratio, 0.484848484848
[[ 28.   6.   4.]
 [  6.  17.   7.]
 [  9.  10.  13.]]
cf_score, 45.0
ratio, 0.585858585859
[[ 21.  17.   9.]
 [  8.  13.   5.]
 [  4.   9.  14.]]
cf_score, 35.0
ratio, 0.484848484848
[[ 23.   5.   4.]
 [ 11.  22.  13.]
 [  8.   4.  10.]]
cf_score, 43.0
ratio, 0.555555555556
[[ 16.  12.  10.]
 [  7.  16.  11.]
 [  9.   8.  11.]]
cf_score, 24.0
ratio, 0.434343434343
[[ 18.  17.   5.]
 [  7.  18.   5.]
 [  4.  13.  13.]]
cf_score, 40.0
ratio, 0.494949494949
[[ 21.  14.   7.]
 [  6.  20.   9.]
 [  5.   7.  11.]]
cf_score, 40.0
ratio, 0.525252525253
[[ 19.   5.   3.]
 [ 14.  16.  10.]
 [  9.   5.  19.]]
cf_score, 42.0
ratio, 0.545454545455
[[ 26.   9.   3.]
 [  8.  17.  10.]
 [  7.   8.  12.]]
cf_score, 45.0
ratio, 0.555555555556
[[ 22.   6.  11.]
 [  4.  24.   8.]
 [  8.   3.  14.]]
cf_score, 41.0
ratio, 0.606060606061
[[ 14.  15.   9.]
 [  4.  20.  12.]
 [  4.   7.  15.]]
cf_score, 36.0
ratio, 0.494949494949
[[ 19.   5.   8.]
 [  7.  25.  11.]
 [  5.   6.  14.]]
cf_score, 45.0
ratio, 0.585858585859
[[ 19.   9.   9.]
 [  4.  24.   8.]
 [  2.  11.  14.]]
cf_score, 46.0
ratio, 0.575757575758
[[ 19.   8.   9.]
 [  7.  14.  13.]
 [  6.   6.  18.]]
cf_score, 36.0
ratio, 0.515151515152
[[ 18.  10.  10.]
 [  9.  19.   9.]
 [  3.   2.  20.]]
cf_score, 44.0
ratio, 0.575757575758
[[ 18.  12.   6.]
 [  5.  24.   8.]
 [  9.   4.  14.]]
cf_score, 41.0
ratio, 0.565656565657
[[ 19.  10.   6.]
 [  7.  14.  11.]
 [  7.   5.  21.]]
cf_score, 41.0
ratio, 0.545454545455
[[ 25.  12.  11.]
 [ 10.  16.   6.]
 [  4.   8.   8.]]
cf_score, 34.0
ratio, 0.494949494949
[[ 17.  14.   8.]
 [  5.  13.  14.]
 [  3.   9.  17.]]
cf_score, 36.0
ratio, 0.474747474747
[[ 12.   5.   4.]
 [  7.  31.  11.]
 [  7.  11.  12.]]
cf_score, 44.0
ratio, 0.555555555556
[[ 13.  14.  11.]
 [  7.  12.   5.]
 [  6.   7.  25.]]
cf_score, 33.0
ratio, 0.505050505051
[[ 16.   7.  10.]
 [ 11.  12.   9.]
 [  8.   5.  22.]]
cf_score, 32.0
ratio, 0.505050505051
[[ 17.   7.   8.]
 [  9.  19.  12.]
 [  6.   4.  18.]]
cf_score, 40.0
ratio, 0.545454545455
[[ 19.   7.   5.]
 [  7.  20.  10.]
 [  6.   9.  17.]]
cf_score, 45.0
ratio, 0.565656565657
[[ 21.   9.   9.]
 [  9.  22.   8.]
 [  5.   5.  12.]]
cf_score, 41.0
ratio, 0.555555555556
[[ 16.  21.   7.]
 [  2.  16.   4.]
 [  5.  13.  16.]]
cf_score, 36.0
ratio, 0.484848484848
[[ 12.  12.  12.]
 [  3.  25.  15.]
 [  6.   5.  10.]]
cf_score, 29.0
ratio, 0.474747474747
[[  6.  13.   8.]
 [  5.  16.  17.]
 [  5.  12.  18.]]
cf_score, 27.0
ratio, 0.40404040404
[[ 17.  10.   8.]
 [ 11.  22.   7.]
 [  4.   6.  15.]]
cf_score, 42.0
ratio, 0.545454545455
[[ 19.  16.   4.]
 [ 12.  22.   5.]
 [  3.   7.  12.]]
cf_score, 46.0
ratio, 0.535353535354
[[ 16.  13.   6.]
 [  8.  27.   8.]
 [  1.   8.  13.]]
cf_score, 49.0
ratio, 0.565656565657
[[ 12.  13.   5.]
 [ 17.  22.   3.]
 [  6.  13.   9.]]
cf_score, 32.0
ratio, 0.434343434343
[[ 18.  19.   5.]
 [  6.  16.   8.]
 [ 11.   5.  12.]]
cf_score, 30.0
ratio, 0.464646464646
[[ 17.   8.   6.]
 [  8.  26.   7.]
 [  6.   8.  14.]]
cf_score, 45.0
ratio, 0.575757575758
[[ 15.  11.   8.]
 [ 12.  21.   3.]
 [  9.   7.  14.]]
cf_score, 33.0
ratio, 0.505050505051
[[ 17.  13.   9.]
 [  5.  17.   9.]
 [  5.   7.  18.]]
cf_score, 38.0
ratio, 0.525252525253
[[ 10.  13.   6.]
 [  3.  22.  10.]
 [  5.   9.  22.]]
cf_score, 43.0
ratio, 0.545454545455
[[ 18.   9.   6.]
 [  8.  23.  10.]
 [  3.  11.  12.]]
cf_score, 44.0
ratio, 0.535353535354
[[ 17.  17.   4.]
 [ 10.  16.  10.]
 [  7.   5.  14.]]
cf_score, 36.0
ratio, 0.474747474747
[[ 18.   5.   7.]
 [  7.  17.  11.]
 [ 10.   7.  18.]]
cf_score, 36.0
ratio, 0.535353535354
[[ 12.  15.   5.]
 [  5.  17.  15.]
 [  2.  13.  16.]]
cf_score, 38.0
ratio, 0.454545454545
[[ 27.   4.   7.]
 [ 14.  18.   4.]
 [  9.   5.  12.]]
cf_score, 41.0
ratio, 0.575757575758
[[ 16.  13.   7.]
 [  9.  22.   5.]
 [  4.   5.  19.]]
cf_score, 46.0
ratio, 0.575757575758
