[[ 21.   0.  12.]
 [ 18.   0.  17.]
 [  8.   0.  24.]]
cf_score, 25.0
nv_score, -17.0
ratio, 0.454545454545
[[ 21.   0.   9.]
 [ 24.   0.  12.]
 [ 10.   0.  24.]]
cf_score, 26.0
nv_score, -6.0
ratio, 0.454545454545
[[ 16.   1.  16.]
 [ 20.   1.  18.]
 [  4.   0.  24.]]
cf_score, 21.0
nv_score, -26.0
ratio, 0.414141414141
[[ 21.   0.   8.]
 [ 24.   0.   9.]
 [ 12.   0.  26.]]
cf_score, 27.0
nv_score, 1.0
ratio, 0.474747474747
[[ 20.   0.   8.]
 [ 20.   0.  12.]
 [ 18.   0.  22.]]
cf_score, 16.0
nv_score, -6.0
ratio, 0.424242424242
[[ 24.   1.   4.]
 [ 25.   0.   7.]
 [ 11.   2.  26.]]
cf_score, 35.0
nv_score, 11.0
ratio, 0.505050505051
[[ 24.   1.   8.]
 [ 19.   3.  12.]
 [ 12.   1.  20.]]
cf_score, 27.0
nv_score, -8.0
ratio, 0.474747474747
[[ 23.   4.   2.]
 [ 21.   3.   9.]
 [ 17.   2.  19.]]
cf_score, 26.0
nv_score, 6.0
ratio, 0.454545454545
[[ 29.   0.   6.]
 [ 21.   0.  11.]
 [ 13.   0.  20.]]
cf_score, 30.0
nv_score, -3.0
ratio, 0.494949494949
[[ 19.   0.  10.]
 [ 18.   3.  13.]
 [  9.   2.  26.]]
cf_score, 29.0
nv_score, -7.0
ratio, 0.484848484848
[[ 21.   1.   6.]
 [ 32.   0.  11.]
 [ 10.   1.  18.]]
cf_score, 23.0
nv_score, -5.0
ratio, 0.393939393939
[[ 25.   2.   4.]
 [ 20.   1.  12.]
 [ 12.   0.  24.]]
cf_score, 34.0
nv_score, 4.0
ratio, 0.505050505051
[[ 20.   3.   3.]
 [ 34.   3.   6.]
 [  7.   0.  24.]]
cf_score, 37.0
nv_score, 12.0
ratio, 0.474747474747
[[ 21.   2.   9.]
 [ 29.   2.   5.]
 [ 14.   2.  16.]]
cf_score, 16.0
nv_score, -7.0
ratio, 0.393939393939
[[ 25.   1.   9.]
 [ 15.   1.   8.]
 [ 18.   1.  22.]]
cf_score, 21.0
nv_score, -4.0
ratio, 0.484848484848
[[ 28.   2.   6.]
 [ 28.   1.   7.]
 [ 10.   0.  18.]]
cf_score, 31.0
nv_score, -1.0
ratio, 0.474747474747
[[ 25.   1.   8.]
 [ 19.   0.  12.]
 [ 13.   4.  18.]]
cf_score, 22.0
nv_score, -10.0
ratio, 0.434343434343
[[ 19.   1.  10.]
 [ 16.   1.  10.]
 [ 10.   0.  33.]]
cf_score, 33.0
nv_score, 3.0
ratio, 0.535353535354
[[ 21.   3.   3.]
 [ 31.   0.   7.]
 [ 12.   3.  20.]]
cf_score, 26.0
nv_score, 7.0
ratio, 0.414141414141
[[ 19.   0.   6.]
 [ 20.   6.   9.]
 [ 13.   5.  22.]]
cf_score, 28.0
nv_score, 1.0
ratio, 0.474747474747
[[ 26.   1.   6.]
 [ 13.   4.  17.]
 [  9.   4.  20.]]
cf_score, 35.0
nv_score, -9.0
ratio, 0.505050505051
[[ 11.   1.   5.]
 [ 19.   6.  15.]
 [  6.   6.  31.]]
cf_score, 37.0
nv_score, 6.0
ratio, 0.484848484848
[[ 11.   7.  12.]
 [ 12.   4.  15.]
 [  7.   7.  25.]]
cf_score, 21.0
nv_score, -14.0
ratio, 0.40404040404
[[ 15.   6.   5.]
 [ 12.   5.  12.]
 [ 14.   1.  30.]]
cf_score, 31.0
nv_score, 8.0
ratio, 0.505050505051
[[ 21.   2.   4.]
 [ 14.   3.  10.]
 [ 11.   5.  30.]]
cf_score, 39.0
nv_score, 12.0
ratio, 0.545454545455
[[ 23.   0.   4.]
 [ 28.   1.   7.]
 [ 11.   3.  23.]]
cf_score, 32.0
nv_score, 8.0
ratio, 0.474747474747
[[ 15.   3.  11.]
 [ 18.   3.  11.]
 [ 10.   4.  25.]]
cf_score, 22.0
nv_score, -8.0
ratio, 0.434343434343
[[ 21.   1.   4.]
 [ 25.   5.  11.]
 [ 10.   1.  22.]]
cf_score, 34.0
nv_score, 3.0
ratio, 0.484848484848
[[ 18.   2.   4.]
 [ 31.   1.  11.]
 [ 13.   3.  17.]]
cf_score, 19.0
nv_score, -2.0
ratio, 0.363636363636
[[ 16.   5.  12.]
 [ 23.   3.   4.]
 [ 15.   5.  17.]]
cf_score, 9.0
nv_score, -11.0
ratio, 0.363636363636
[[ 23.   0.   4.]
 [ 19.   3.  15.]
 [  8.   3.  25.]]
cf_score, 39.0
nv_score, 2.0
ratio, 0.515151515152
[[ 22.   3.   1.]
 [ 29.   0.   9.]
 [  9.  11.  16.]]
cf_score, 28.0
nv_score, 5.0
ratio, 0.383838383838
[[ 16.   3.   7.]
 [ 27.   2.  11.]
 [ 14.   2.  18.]]
cf_score, 15.0
nv_score, -7.0
ratio, 0.363636363636
[[ 15.   3.   5.]
 [ 18.   7.  15.]
 [  5.   5.  27.]]
cf_score, 39.0
nv_score, 2.0
ratio, 0.494949494949
[[ 25.   6.   6.]
 [  5.  10.  13.]
 [  6.   3.  26.]]
cf_score, 49.0
nv_score, 1.0
ratio, 0.616161616162
[[ 22.   2.   5.]
 [ 24.   6.   8.]
 [  4.   8.  21.]]
cf_score, 40.0
nv_score, 3.0
ratio, 0.494949494949
[[ 22.   0.   2.]
 [ 26.   1.  11.]
 [ 14.   1.  23.]]
cf_score, 30.0
nv_score, 8.0
ratio, 0.464646464646
[[ 18.   1.   6.]
 [ 20.   8.   5.]
 [ 11.   4.  27.]]
cf_score, 36.0
nv_score, 10.0
ratio, 0.535353535354
[[ 21.   3.   4.]
 [ 24.   4.   9.]
 [  5.   8.  22.]]
cf_score, 38.0
nv_score, 5.0
ratio, 0.474747474747
[[ 24.   7.   1.]
 [ 22.   6.   4.]
 [  9.   4.  23.]]
cf_score, 43.0
nv_score, 17.0
ratio, 0.535353535354
[[ 12.   4.   4.]
 [ 27.   8.   2.]
 [  9.  12.  22.]]
cf_score, 29.0
nv_score, 12.0
ratio, 0.424242424242
[[ 29.   2.   3.]
 [ 21.   5.   6.]
 [ 15.   3.  16.]]
cf_score, 32.0
nv_score, 4.0
ratio, 0.505050505051
[[ 26.   2.   4.]
 [ 18.   6.   5.]
 [  9.  12.  18.]]
cf_score, 37.0
nv_score, 5.0
ratio, 0.505050505051
[[ 14.  11.   5.]
 [ 14.  17.   7.]
 [  6.   3.  23.]]
cf_score, 43.0
nv_score, 6.0
ratio, 0.545454545455
[[ 13.   3.  11.]
 [ 15.  10.  10.]
 [  4.   7.  27.]]
cf_score, 35.0
nv_score, -5.0
ratio, 0.505050505051
[[ 20.   5.   8.]
 [ 19.   8.  10.]
 [  4.   6.  20.]]
cf_score, 36.0
nv_score, -6.0
ratio, 0.484848484848
[[ 21.   8.   5.]
 [ 16.  14.   6.]
 [  8.   5.  17.]]
cf_score, 39.0
nv_score, 1.0
ratio, 0.525252525253
[[ 28.   2.   8.]
 [ 19.   5.   6.]
 [ 10.   2.  20.]]
cf_score, 35.0
nv_score, -2.0
ratio, 0.535353535354
[[ 14.   9.   4.]
 [ 10.  11.   7.]
 [  8.  12.  25.]]
cf_score, 38.0
nv_score, 10.0
ratio, 0.505050505051
[[ 27.   0.   5.]
 [ 19.   8.   7.]
 [ 10.   2.  22.]]
cf_score, 42.0
nv_score, 5.0
ratio, 0.575757575758
