[[  0.  10.  28.]
 [  0.   5.  20.]
 [  0.   8.  29.]]
cf_score, 6.0
ratio, 0.343434343434
[[ 13.   6.  11.]
 [ 17.   5.  17.]
 [ 10.   6.  15.]]
cf_score, 12.0
ratio, 0.333333333333
[[ 21.   3.   9.]
 [ 18.   5.  15.]
 [ 13.   2.  14.]]
cf_score, 18.0
ratio, 0.40404040404
[[ 26.   4.  11.]
 [  9.   4.  16.]
 [ 12.   3.  15.]]
cf_score, 22.0
ratio, 0.454545454545
[[ 16.   4.  24.]
 [ 10.   4.  24.]
 [  7.   0.  11.]]
cf_score, 0.0
ratio, 0.313131313131
[[ 20.   3.  16.]
 [ 10.   4.  16.]
 [ 11.   3.  17.]]
cf_score, 14.0
ratio, 0.414141414141
[[ 21.   9.  11.]
 [ 14.   7.  14.]
 [  5.   4.  15.]]
cf_score, 27.0
ratio, 0.434343434343
[[ 21.   2.   9.]
 [ 14.   8.  13.]
 [  5.   4.  24.]]
cf_score, 39.0
ratio, 0.535353535354
[[ 15.   5.  14.]
 [ 12.   7.  15.]
 [  5.   5.  22.]]
cf_score, 25.0
ratio, 0.444444444444
[[ 23.   5.   7.]
 [ 14.   9.  17.]
 [  9.   1.  15.]]
cf_score, 31.0
ratio, 0.474747474747
[[ 18.   6.  10.]
 [ 17.  10.   9.]
 [  7.   6.  17.]]
cf_score, 28.0
ratio, 0.454545454545
[[ 18.   8.  13.]
 [ 10.   8.  12.]
 [ 13.   5.  13.]]
cf_score, 13.0
ratio, 0.393939393939
[[ 16.   4.  13.]
 [ 17.  10.  11.]
 [  7.   8.  14.]]
cf_score, 20.0
ratio, 0.40404040404
[[ 18.   6.   6.]
 [ 17.   6.  10.]
 [ 11.   5.  21.]]
cf_score, 28.0
ratio, 0.454545454545
[[ 12.   8.  11.]
 [ 14.  10.  10.]
 [ 13.   7.  15.]]
cf_score, 13.0
ratio, 0.373737373737
[[ 21.   4.   9.]
 [ 17.   9.  14.]
 [  7.   3.  16.]]
cf_score, 30.0
ratio, 0.464646464646
[[ 23.   8.   7.]
 [ 18.   4.  11.]
 [ 10.   7.  12.]]
cf_score, 22.0
ratio, 0.393939393939
[[ 17.  10.  13.]
 [  9.   9.  14.]
 [  8.   3.  17.]]
cf_score, 22.0
ratio, 0.434343434343
[[ 18.   8.  14.]
 [  9.  10.   4.]
 [ 15.   8.  14.]]
cf_score, 13.0
ratio, 0.424242424242
[[ 20.   6.  10.]
 [ 14.  15.  11.]
 [  7.   4.  13.]]
cf_score, 31.0
ratio, 0.484848484848
[[ 18.   6.   8.]
 [  5.  17.  23.]
 [  4.   6.  13.]]
cf_score, 36.0
ratio, 0.484848484848
[[ 19.   8.  10.]
 [ 12.  12.  13.]
 [  5.   3.  18.]]
cf_score, 34.0
ratio, 0.494949494949
[[ 15.   9.  14.]
 [ 15.  10.  10.]
 [ 10.   4.  13.]]
cf_score, 14.0
ratio, 0.383838383838
[[  9.   5.   7.]
 [ 12.  13.  21.]
 [  6.   5.  22.]]
cf_score, 31.0
ratio, 0.444444444444
[[ 15.  10.   7.]
 [  9.  14.  15.]
 [  3.   7.  20.]]
cf_score, 39.0
ratio, 0.494949494949
[[ 23.   5.   4.]
 [ 13.  13.  11.]
 [  8.  11.  12.]]
cf_score, 36.0
ratio, 0.484848484848
[[  8.  12.  13.]
 [  4.  20.   9.]
 [ 11.   7.  16.]]
cf_score, 20.0
ratio, 0.444444444444
[[ 18.  14.  10.]
 [  7.  12.  11.]
 [  8.   5.  15.]]
cf_score, 27.0
ratio, 0.454545454545
[[ 17.   8.   6.]
 [  9.  14.  14.]
 [  6.   9.  17.]]
cf_score, 36.0
ratio, 0.484848484848
[[ 13.   9.   8.]
 [ 12.  15.  10.]
 [ 10.   3.  20.]]
cf_score, 30.0
ratio, 0.484848484848
[[ 18.   8.  10.]
 [ 16.   6.  11.]
 [  8.   7.  16.]]
cf_score, 22.0
ratio, 0.40404040404
[[ 16.   5.   4.]
 [ 11.  18.   9.]
 [ 16.   8.  13.]]
cf_score, 27.0
ratio, 0.474747474747
[[ 12.  12.   6.]
 [ 14.  14.  12.]
 [  9.   7.  14.]]
cf_score, 25.0
ratio, 0.40404040404
[[ 17.  12.   6.]
 [ 11.  14.  10.]
 [  7.  12.  11.]]
cf_score, 29.0
ratio, 0.424242424242
[[ 12.  14.   7.]
 [  6.  10.  12.]
 [  9.   9.  21.]]
cf_score, 27.0
ratio, 0.434343434343
[[ 19.   8.   5.]
 [ 13.  15.   5.]
 [ 10.  12.  13.]]
cf_score, 32.0
ratio, 0.474747474747
[[ 15.  11.   9.]
 [  8.  14.  12.]
 [  5.   4.  22.]]
cf_score, 37.0
ratio, 0.515151515152
[[ 10.  14.  11.]
 [ 12.  14.   8.]
 [  8.  10.  13.]]
cf_score, 18.0
ratio, 0.373737373737
[[ 16.   8.   6.]
 [ 14.  13.  16.]
 [  9.  11.   7.]]
cf_score, 21.0
ratio, 0.363636363636
[[ 18.   5.  11.]
 [ 15.  10.   9.]
 [  6.   9.  17.]]
cf_score, 28.0
ratio, 0.454545454545
[[ 15.   9.  11.]
 [  8.  14.  15.]
 [  5.   5.  18.]]
cf_score, 31.0
ratio, 0.474747474747
[[  9.  14.  13.]
 [ 17.   8.  13.]
 [  3.  13.  10.]]
cf_score, 11.0
ratio, 0.272727272727
[[ 11.  15.  10.]
 [ 10.   8.   9.]
 [ 13.   6.  18.]]
cf_score, 14.0
ratio, 0.373737373737
[[ 19.  15.   3.]
 [ 12.  14.  13.]
 [ 11.   3.  10.]]
cf_score, 29.0
ratio, 0.434343434343
[[ 18.  14.  10.]
 [ 10.  18.   5.]
 [  6.   4.  15.]]
cf_score, 35.0
ratio, 0.515151515152
[[ 12.   8.  12.]
 [ 15.  11.   6.]
 [  7.  10.  19.]]
cf_score, 23.0
ratio, 0.424242424242
[[ 19.  10.   9.]
 [  8.  12.  12.]
 [  4.  15.  11.]]
cf_score, 29.0
ratio, 0.424242424242
[[ 28.  14.   9.]
 [  8.  11.  11.]
 [  5.   5.   9.]]
cf_score, 34.0
ratio, 0.484848484848
[[ 14.  11.   7.]
 [ 12.  16.  16.]
 [  7.   7.  10.]]
cf_score, 26.0
ratio, 0.40404040404
[[ 20.   9.   6.]
 [  8.  15.  15.]
 [  9.   7.  11.]]
cf_score, 31.0
ratio, 0.464646464646
