[[  0.  16.  17.]
 [  0.  27.  14.]
 [  0.   7.  19.]]
cf_score, 29.0
nv_score, -29.0
ratio, 0.464646464646
[[  0.  14.  11.]
 [  1.  17.  17.]
 [  1.  18.  21.]]
cf_score, 26.0
nv_score, -18.0
ratio, 0.383838383838
[[  0.  20.  14.]
 [  0.  18.  12.]
 [  0.  18.  18.]]
cf_score, 22.0
nv_score, -22.0
ratio, 0.363636363636
[[  0.  23.   7.]
 [  0.  18.  10.]
 [  0.  17.  25.]]
cf_score, 36.0
nv_score, 1.0
ratio, 0.434343434343
[[ 18.   3.  13.]
 [ 24.   1.  13.]
 [  9.   2.  17.]]
cf_score, 14.0
nv_score, -22.0
ratio, 0.363636363636
[[ 21.   1.   8.]
 [ 13.   3.   8.]
 [ 19.   0.  27.]]
cf_score, 24.0
nv_score, 3.0
ratio, 0.515151515152
[[ 24.   0.   8.]
 [ 18.   0.  15.]
 [ 13.   0.  22.]]
cf_score, 25.0
nv_score, -9.0
ratio, 0.464646464646
[[ 32.   0.   7.]
 [ 25.   0.  11.]
 [ 15.   0.  10.]]
cf_score, 20.0
nv_score, -15.0
ratio, 0.424242424242
[[ 20.   0.  11.]
 [ 28.   0.   8.]
 [ 17.   0.  16.]]
cf_score, 8.0
nv_score, -14.0
ratio, 0.363636363636
[[ 29.   0.  15.]
 [  9.   0.  15.]
 [ 17.   0.  15.]]
cf_score, 12.0
nv_score, -30.0
ratio, 0.444444444444
[[ 30.   0.   9.]
 [ 10.   0.  11.]
 [ 21.   0.  19.]]
cf_score, 19.0
nv_score, -10.0
ratio, 0.494949494949
[[ 24.   0.  14.]
 [ 20.   0.  10.]
 [ 14.   0.  18.]]
cf_score, 14.0
nv_score, -20.0
ratio, 0.424242424242
[[ 30.   0.  11.]
 [ 18.   0.  12.]
 [ 19.   0.  10.]]
cf_score, 10.0
nv_score, -24.0
ratio, 0.40404040404
[[ 23.   0.  12.]
 [ 21.   0.  13.]
 [ 17.   0.  14.]]
cf_score, 8.0
nv_score, -23.0
ratio, 0.373737373737
[[ 29.   0.   6.]
 [ 18.   0.  12.]
 [ 21.   0.  14.]]
cf_score, 16.0
nv_score, -10.0
ratio, 0.434343434343
[[ 21.   0.   9.]
 [ 23.   0.  11.]
 [ 17.   1.  18.]]
cf_score, 13.0
nv_score, -11.0
ratio, 0.393939393939
[[ 25.   0.  10.]
 [ 24.   0.   9.]
 [ 18.   0.  14.]]
cf_score, 11.0
nv_score, -15.0
ratio, 0.393939393939
[[ 30.   2.   9.]
 [ 20.   2.  12.]
 [ 12.   0.  13.]]
cf_score, 24.0
nv_score, -17.0
ratio, 0.454545454545
[[ 19.   1.   8.]
 [ 26.   0.  11.]
 [ 18.   0.  17.]]
cf_score, 10.0
nv_score, -10.0
ratio, 0.363636363636
[[ 27.   1.  14.]
 [ 17.   2.  12.]
 [ 11.   1.  15.]]
cf_score, 19.0
nv_score, -25.0
ratio, 0.444444444444
[[ 26.   0.  11.]
 [ 15.   1.  12.]
 [ 21.   3.  11.]]
cf_score, 6.0
nv_score, -23.0
ratio, 0.383838383838
[[ 17.   4.  12.]
 [ 19.   0.   4.]
 [ 22.   1.  21.]]
cf_score, 4.0
nv_score, -7.0
ratio, 0.383838383838
[[ 19.   3.   9.]
 [ 21.   1.  12.]
 [ 18.   4.  13.]]
cf_score, 6.0
nv_score, -17.0
ratio, 0.333333333333
[[ 18.   5.   5.]
 [ 24.   5.  10.]
 [ 17.   1.  15.]]
cf_score, 16.0
nv_score, -5.0
ratio, 0.383838383838
[[ 32.   1.   6.]
 [ 17.   1.   7.]
 [ 15.   1.  20.]]
cf_score, 32.0
nv_score, 1.0
ratio, 0.535353535354
[[ 22.   3.   9.]
 [ 26.   3.   5.]
 [ 14.   4.  14.]]
cf_score, 16.0
nv_score, -9.0
ratio, 0.393939393939
[[ 20.   3.   7.]
 [ 16.   2.  11.]
 [ 19.   7.  15.]]
cf_score, 11.0
nv_score, -10.0
ratio, 0.373737373737
[[ 23.   2.   8.]
 [ 14.   3.   8.]
 [ 17.   4.  21.]]
cf_score, 22.0
nv_score, -3.0
ratio, 0.474747474747
[[ 23.   4.  14.]
 [ 13.   2.  13.]
 [ 10.   6.  15.]]
cf_score, 16.0
nv_score, -26.0
ratio, 0.40404040404
[[ 19.   2.   7.]
 [ 24.   6.  10.]
 [ 13.   8.  11.]]
cf_score, 16.0
nv_score, -13.0
ratio, 0.363636363636
[[ 19.   3.   9.]
 [ 16.   6.   4.]
 [ 20.   8.  15.]]
cf_score, 11.0
nv_score, -7.0
ratio, 0.40404040404
[[ 25.   4.   9.]
 [ 12.   3.  10.]
 [ 19.   4.  14.]]
cf_score, 14.0
nv_score, -14.0
ratio, 0.424242424242
[[ 24.   5.  14.]
 [ 21.   3.   6.]
 [ 12.   2.  13.]]
cf_score, 14.0
nv_score, -21.0
ratio, 0.40404040404
[[ 23.   4.   5.]
 [ 15.   5.   8.]
 [ 24.   5.  11.]]
cf_score, 10.0
nv_score, -7.0
ratio, 0.393939393939
[[ 22.   1.   9.]
 [ 15.   2.  10.]
 [ 22.   4.  15.]]
cf_score, 8.0
nv_score, -13.0
ratio, 0.393939393939
[[ 20.   4.   8.]
 [ 28.   2.   9.]
 [ 12.   3.  14.]]
cf_score, 16.0
nv_score, -11.0
ratio, 0.363636363636
[[ 21.   2.  10.]
 [ 22.   3.   9.]
 [ 13.   7.  13.]]
cf_score, 14.0
nv_score, -16.0
ratio, 0.373737373737
[[ 23.   3.  10.]
 [ 19.   3.  12.]
 [ 14.   3.  13.]]
cf_score, 15.0
nv_score, -19.0
ratio, 0.393939393939
[[ 28.   8.   3.]
 [ 12.   3.   8.]
 [ 19.   2.  17.]]
cf_score, 26.0
nv_score, 3.0
ratio, 0.484848484848
[[ 24.   4.   7.]
 [ 23.   5.   5.]
 [ 11.   7.  14.]]
cf_score, 25.0
nv_score, -5.0
ratio, 0.434343434343
[[ 25.   2.   5.]
 [ 19.   2.   7.]
 [ 20.   6.  14.]]
cf_score, 16.0
nv_score, -3.0
ratio, 0.414141414141
[[ 21.   3.   8.]
 [ 15.   7.  10.]
 [ 13.   8.  15.]]
cf_score, 22.0
nv_score, -11.0
ratio, 0.434343434343
[[ 24.   1.   6.]
 [ 19.   4.   4.]
 [ 18.   7.  17.]]
cf_score, 21.0
nv_score, 1.0
ratio, 0.454545454545
[[ 24.   4.  17.]
 [  7.   4.   6.]
 [ 14.   5.  19.]]
cf_score, 16.0
nv_score, -21.0
ratio, 0.474747474747
[[ 26.   2.   9.]
 [ 15.   4.   7.]
 [ 23.   4.  10.]]
cf_score, 8.0
nv_score, -15.0
ratio, 0.40404040404
[[ 17.   5.   4.]
 [ 24.   3.   4.]
 [ 16.   7.  20.]]
cf_score, 20.0
nv_score, 8.0
ratio, 0.40404040404
[[ 22.   3.   9.]
 [ 21.   9.   4.]
 [ 16.   2.  14.]]
cf_score, 20.0
nv_score, -8.0
ratio, 0.454545454545
[[ 30.   3.   8.]
 [ 12.   5.   8.]
 [ 11.   5.  18.]]
cf_score, 34.0
nv_score, -6.0
ratio, 0.535353535354
[[ 23.   3.  12.]
 [ 11.   5.   5.]
 [ 21.   6.  14.]]
cf_score, 9.0
nv_score, -15.0
ratio, 0.424242424242
[[ 24.   6.   5.]
 [ 15.   5.   8.]
 [ 17.   4.  16.]]
cf_score, 23.0
nv_score, -2.0
ratio, 0.454545454545
