[[  0.  33.   0.]
 [  0.  40.   0.]
 [  0.  27.   0.]]
cf_score, 40.0
nv_score, 0.0
ratio, 0.40404040404
[[ 18.   9.   0.]
 [  5.  30.   2.]
 [ 13.  23.   0.]]
cf_score, 35.0
nv_score, -2.0
ratio, 0.484848484848
[[ 12.  27.   0.]
 [ 12.  21.   0.]
 [ 12.  16.   0.]]
cf_score, 21.0
nv_score, 0.0
ratio, 0.333333333333
[[ 17.  15.   0.]
 [ 15.  20.   0.]
 [ 18.  15.   0.]]
cf_score, 19.0
nv_score, 0.0
ratio, 0.373737373737
[[ 16.  11.   0.]
 [ 12.  27.   0.]
 [ 17.  17.   0.]]
cf_score, 26.0
nv_score, 0.0
ratio, 0.434343434343
[[ 22.  16.   0.]
 [  8.  22.   0.]
 [ 17.  15.   0.]]
cf_score, 27.0
nv_score, 0.0
ratio, 0.444444444444
[[ 14.  25.   0.]
 [ 15.  14.   0.]
 [ 18.  14.   0.]]
cf_score, 10.0
nv_score, 0.0
ratio, 0.282828282828
[[ 19.  15.   0.]
 [ 10.  22.   0.]
 [ 17.  17.   0.]]
cf_score, 24.0
nv_score, 0.0
ratio, 0.414141414141
[[ 20.  18.   8.]
 [  4.  23.   0.]
 [ 12.  10.   5.]]
cf_score, 28.0
nv_score, -11.0
ratio, 0.484848484848
[[  8.  16.   0.]
 [  9.  30.   0.]
 [ 23.  14.   0.]]
cf_score, 15.0
nv_score, 0.0
ratio, 0.383838383838
[[ 22.  17.   0.]
 [  8.  21.   0.]
 [ 19.  13.   0.]]
cf_score, 24.0
nv_score, 0.0
ratio, 0.434343434343
[[ 23.  15.   0.]
 [ 19.  11.   0.]
 [ 19.  13.   0.]]
cf_score, 15.0
nv_score, 0.0
ratio, 0.343434343434
[[ 24.  12.   0.]
 [  7.  15.   0.]
 [ 25.  17.   0.]]
cf_score, 14.0
nv_score, 0.0
ratio, 0.393939393939
[[ 19.  14.   0.]
 [  9.  29.   0.]
 [ 18.   7.   4.]]
cf_score, 34.0
nv_score, 4.0
ratio, 0.525252525253
[[ 18.  15.   0.]
 [ 12.  23.   0.]
 [ 18.  14.   0.]]
cf_score, 23.0
nv_score, 0.0
ratio, 0.414141414141
[[ 18.  21.   0.]
 [  7.  24.   0.]
 [ 19.  11.   0.]]
cf_score, 23.0
nv_score, 0.0
ratio, 0.424242424242
[[  2.  11.  25.]
 [  3.  20.  10.]
 [  5.   9.  15.]]
cf_score, 7.0
nv_score, -45.0
ratio, 0.373737373737
[[ 21.  10.   0.]
 [  3.  33.   0.]
 [ 19.  14.   0.]]
cf_score, 35.0
nv_score, 0.0
ratio, 0.545454545455
[[ 24.  11.   2.]
 [  4.  28.   2.]
 [ 18.  10.   1.]]
cf_score, 33.0
nv_score, -5.0
ratio, 0.535353535354
[[ 19.  16.   0.]
 [ 10.  28.   1.]
 [ 14.  11.   1.]]
cf_score, 34.0
nv_score, 0.0
ratio, 0.484848484848
[[ 23.  12.   2.]
 [  8.  20.   1.]
 [ 20.  11.   3.]]
cf_score, 24.0
nv_score, -2.0
ratio, 0.464646464646
[[ 19.  14.   2.]
 [  6.  24.   5.]
 [ 12.  14.   4.]]
cf_score, 33.0
nv_score, -5.0
ratio, 0.474747474747
[[ 26.  16.   0.]
 [  9.  20.   1.]
 [ 22.   6.   0.]]
cf_score, 24.0
nv_score, -1.0
ratio, 0.464646464646
[[ 23.  18.   1.]
 [  8.  21.   1.]
 [ 12.  15.   1.]]
cf_score, 32.0
nv_score, -2.0
ratio, 0.454545454545
[[ 18.  14.   1.]
 [ 14.  16.   4.]
 [ 19.   9.   5.]]
cf_score, 19.0
nv_score, -1.0
ratio, 0.393939393939
[[ 14.  15.   1.]
 [ 10.  20.   4.]
 [ 18.   9.   9.]]
cf_score, 24.0
nv_score, 3.0
ratio, 0.434343434343
[[  6.  10.  15.]
 [  5.  22.   7.]
 [  7.  13.  15.]]
cf_score, 21.0
nv_score, -22.0
ratio, 0.434343434343
[[ 24.   7.   0.]
 [ 16.  21.   0.]
 [ 17.  13.   2.]]
cf_score, 30.0
nv_score, 2.0
ratio, 0.474747474747
[[ 29.  11.   4.]
 [  9.  15.   1.]
 [ 23.   5.   3.]]
cf_score, 20.0
nv_score, -6.0
ratio, 0.474747474747
[[ 23.  13.   0.]
 [  5.  22.   0.]
 [ 20.  17.   0.]]
cf_score, 25.0
nv_score, 0.0
ratio, 0.454545454545
[[ 22.  19.   0.]
 [ 16.  18.   0.]
 [ 16.   8.   1.]]
cf_score, 25.0
nv_score, 1.0
ratio, 0.414141414141
[[ 17.  14.   3.]
 [ 10.  18.   0.]
 [ 21.  13.   4.]]
cf_score, 15.0
nv_score, -2.0
ratio, 0.393939393939
[[ 18.  17.   3.]
 [  9.  24.   0.]
 [ 14.  14.   1.]]
cf_score, 26.0
nv_score, -5.0
ratio, 0.434343434343
[[ 23.   8.   3.]
 [  8.  21.   2.]
 [ 19.  12.   4.]]
cf_score, 26.0
nv_score, -4.0
ratio, 0.484848484848
[[ 23.   7.   9.]
 [  9.  23.   0.]
 [ 15.   9.   5.]]
cf_score, 27.0
nv_score, -13.0
ratio, 0.515151515152
[[ 25.  11.   6.]
 [ 12.  20.   1.]
 [ 14.   5.   6.]]
cf_score, 31.0
nv_score, -7.0
ratio, 0.515151515152
[[ 21.   8.   1.]
 [ 10.  25.   1.]
 [ 16.  15.   3.]]
cf_score, 32.0
nv_score, 0.0
ratio, 0.494949494949
[[  9.  11.  12.]
 [  4.  21.   9.]
 [ 14.  15.   5.]]
cf_score, 9.0
nv_score, -28.0
ratio, 0.353535353535
[[ 28.  13.   1.]
 [ 11.  17.   3.]
 [ 14.  10.   3.]]
cf_score, 33.0
nv_score, -2.0
ratio, 0.484848484848
[[ 22.  13.   2.]
 [  9.  23.   1.]
 [ 16.  11.   3.]]
cf_score, 30.0
nv_score, -2.0
ratio, 0.484848484848
[[ 26.  23.   0.]
 [ 10.  11.   1.]
 [ 10.  15.   4.]]
cf_score, 31.0
nv_score, 3.0
ratio, 0.414141414141
[[ 24.  13.   4.]
 [  4.  19.   2.]
 [ 16.  12.   6.]]
cf_score, 29.0
nv_score, -4.0
ratio, 0.494949494949
[[ 10.  12.   9.]
 [  9.  28.   1.]
 [  8.  18.   5.]]
cf_score, 26.0
nv_score, -14.0
ratio, 0.434343434343
[[ 18.  14.   1.]
 [  7.  22.   2.]
 [ 22.  12.   2.]]
cf_score, 19.0
nv_score, -2.0
ratio, 0.424242424242
[[ 10.  14.   3.]
 [  9.  29.   1.]
 [ 11.  16.   7.]]
cf_score, 32.0
nv_score, 0.0
ratio, 0.464646464646
[[ 17.  15.   5.]
 [  9.  21.   4.]
 [ 11.  11.   7.]]
cf_score, 29.0
nv_score, -7.0
ratio, 0.454545454545
[[ 14.  16.   3.]
 [ 17.  15.   2.]
 [ 12.  17.   4.]]
cf_score, 18.0
nv_score, -4.0
ratio, 0.333333333333
[[ 17.   7.   2.]
 [ 14.  21.   2.]
 [ 18.  17.   2.]]
cf_score, 20.0
nv_score, -4.0
ratio, 0.40404040404
[[ 23.   9.   1.]
 [ 11.  26.   4.]
 [ 17.   6.   3.]]
cf_score, 34.0
nv_score, -3.0
ratio, 0.525252525253
[[ 28.   9.   3.]
 [ 13.  24.   2.]
 [ 11.   8.   2.]]
cf_score, 40.0
nv_score, -6.0
ratio, 0.545454545455
