[[  0.   0.  40.]
 [  0.   0.  29.]
 [  0.   0.  31.]]
cf_score, -9.0
ratio, 0.313131313131
[[  0.   0.  34.]
 [  0.   0.  35.]
 [  0.   0.  31.]]
cf_score, -3.0
ratio, 0.313131313131
[[  0.   0.  40.]
 [  0.   0.  42.]
 [  0.   0.  18.]]
cf_score, -22.0
ratio, 0.181818181818
[[  0.   0.  36.]
 [  0.   0.  33.]
 [  0.   0.  31.]]
cf_score, -5.0
ratio, 0.313131313131
[[  0.   0.  42.]
 [  0.   0.  34.]
 [  0.   0.  24.]]
cf_score, -18.0
ratio, 0.242424242424
[[  0.   0.  41.]
 [  0.   0.  34.]
 [  0.   0.  25.]]
cf_score, -16.0
ratio, 0.252525252525
[[  0.   0.  39.]
 [  0.   0.  40.]
 [  0.   0.  21.]]
cf_score, -18.0
ratio, 0.212121212121
[[  0.   0.  38.]
 [  0.   0.  43.]
 [  0.   0.  19.]]
cf_score, -19.0
ratio, 0.191919191919
[[  0.   0.  34.]
 [  0.   0.  46.]
 [  0.   0.  20.]]
cf_score, -14.0
ratio, 0.20202020202
[[  0.   0.  38.]
 [  0.   0.  38.]
 [  0.   0.  24.]]
cf_score, -14.0
ratio, 0.242424242424
[[  0.   0.  34.]
 [  0.   0.  41.]
 [  0.   0.  25.]]
cf_score, -9.0
ratio, 0.252525252525
[[  0.   0.  37.]
 [  0.   0.  39.]
 [  0.   0.  24.]]
cf_score, -13.0
ratio, 0.242424242424
[[  0.   0.  38.]
 [  0.   0.  35.]
 [  0.   0.  27.]]
cf_score, -11.0
ratio, 0.272727272727
[[  0.   0.  37.]
 [  0.   0.  43.]
 [  0.   0.  20.]]
cf_score, -17.0
ratio, 0.20202020202
[[  0.   0.  39.]
 [  0.   0.  38.]
 [  0.   0.  23.]]
cf_score, -16.0
ratio, 0.232323232323
[[  0.   0.  30.]
 [  0.   0.  47.]
 [  0.   0.  23.]]
cf_score, -7.0
ratio, 0.232323232323
[[  0.   0.  40.]
 [  0.   0.  35.]
 [  0.   0.  25.]]
cf_score, -15.0
ratio, 0.252525252525
[[  0.   0.  43.]
 [  0.   0.  34.]
 [  0.   0.  23.]]
cf_score, -20.0
ratio, 0.232323232323
[[  0.   0.  32.]
 [  0.   0.  44.]
 [  0.   0.  24.]]
cf_score, -8.0
ratio, 0.242424242424
[[  0.   0.  44.]
 [  0.   0.  39.]
 [  0.   0.  17.]]
cf_score, -27.0
ratio, 0.171717171717
[[  0.   0.  42.]
 [  0.   0.  33.]
 [  0.   0.  25.]]
cf_score, -17.0
ratio, 0.252525252525
[[  0.   0.  44.]
 [  0.   0.  34.]
 [  0.   0.  22.]]
cf_score, -22.0
ratio, 0.222222222222
[[  0.   0.  40.]
 [  0.   0.  38.]
 [  0.   0.  22.]]
cf_score, -18.0
ratio, 0.222222222222
[[  0.   0.  38.]
 [  0.   0.  41.]
 [  0.   0.  21.]]
cf_score, -17.0
ratio, 0.212121212121
[[  0.   0.  40.]
 [  0.   0.  40.]
 [  0.   0.  20.]]
cf_score, -20.0
ratio, 0.20202020202
[[  0.   0.  43.]
 [  0.   0.  38.]
 [  0.   0.  19.]]
cf_score, -24.0
ratio, 0.191919191919
[[  0.   0.  43.]
 [  0.   0.  38.]
 [  0.   0.  19.]]
cf_score, -24.0
ratio, 0.191919191919
[[  0.   0.  34.]
 [  0.   0.  43.]
 [  0.   0.  23.]]
cf_score, -11.0
ratio, 0.232323232323
[[  0.   0.  30.]
 [  0.   0.  38.]
 [  0.   0.  32.]]
cf_score, 2.0
ratio, 0.323232323232
[[  0.   0.  40.]
 [  0.   0.  34.]
 [  0.   0.  26.]]
cf_score, -14.0
ratio, 0.262626262626
[[  0.   0.  38.]
 [  0.   0.  39.]
 [  0.   0.  23.]]
cf_score, -15.0
ratio, 0.232323232323
[[  0.   0.  24.]
 [  0.   0.  53.]
 [  0.   0.  23.]]
cf_score, -1.0
ratio, 0.232323232323
[[  0.   0.  42.]
 [  0.   0.  44.]
 [  0.   0.  14.]]
cf_score, -28.0
ratio, 0.141414141414
[[  0.   0.  34.]
 [  0.   0.  41.]
 [  0.   0.  25.]]
cf_score, -9.0
ratio, 0.252525252525
[[  0.   0.  33.]
 [  0.   0.  42.]
 [  0.   0.  25.]]
cf_score, -8.0
ratio, 0.252525252525
[[  0.   0.  38.]
 [  0.   0.  38.]
 [  0.   0.  24.]]
cf_score, -14.0
ratio, 0.242424242424
[[  0.   0.  44.]
 [  0.   0.  33.]
 [  0.   0.  23.]]
cf_score, -21.0
ratio, 0.232323232323
[[  0.   0.  35.]
 [  0.   0.  38.]
 [  0.   0.  27.]]
cf_score, -8.0
ratio, 0.272727272727
[[  0.   0.  37.]
 [  0.   0.  38.]
 [  0.   0.  25.]]
cf_score, -12.0
ratio, 0.252525252525
[[  0.   0.  38.]
 [  0.   0.  39.]
 [  0.   0.  23.]]
cf_score, -15.0
ratio, 0.232323232323
[[  0.   0.  38.]
 [  0.   0.  39.]
 [  0.   0.  23.]]
cf_score, -15.0
ratio, 0.232323232323
[[  0.   0.  38.]
 [  0.   0.  41.]
 [  0.   0.  21.]]
cf_score, -17.0
ratio, 0.212121212121
[[  0.   0.  26.]
 [  0.   0.  47.]
 [  0.   0.  27.]]
cf_score, 1.0
ratio, 0.272727272727
[[  0.   0.  43.]
 [  0.   0.  39.]
 [  0.   0.  18.]]
cf_score, -25.0
ratio, 0.181818181818
[[  0.   0.  44.]
 [  0.   0.  41.]
 [  0.   0.  15.]]
cf_score, -29.0
ratio, 0.151515151515
[[  0.   0.  32.]
 [  0.   0.  40.]
 [  0.   0.  28.]]
cf_score, -4.0
ratio, 0.282828282828
[[  0.   0.  26.]
 [  0.   0.  49.]
 [  0.   0.  25.]]
cf_score, -1.0
ratio, 0.252525252525
[[  0.   0.  25.]
 [  0.   0.  48.]
 [  0.   0.  27.]]
cf_score, 2.0
ratio, 0.272727272727
[[  0.   0.  34.]
 [  0.   0.  38.]
 [  0.   0.  28.]]
cf_score, -6.0
ratio, 0.282828282828
[[  0.   0.  35.]
 [  0.   0.  40.]
 [  0.   0.  25.]]
cf_score, -10.0
ratio, 0.252525252525
[[  0.   0.  36.]
 [  0.   0.  45.]
 [  0.   0.  19.]]
cf_score, -17.0
ratio, 0.191919191919
[[  0.   0.  31.]
 [  0.   0.  49.]
 [  0.   0.  20.]]
cf_score, -11.0
ratio, 0.20202020202
[[  0.   0.  30.]
 [  0.   0.  38.]
 [  0.   0.  32.]]
cf_score, 2.0
ratio, 0.323232323232
[[  0.   0.  30.]
 [  0.   0.  42.]
 [  0.   0.  28.]]
cf_score, -2.0
ratio, 0.282828282828
[[  0.   0.  30.]
 [  0.   0.  33.]
 [  0.   0.  37.]]
cf_score, 7.0
ratio, 0.373737373737
[[  0.   0.  37.]
 [  0.   0.  37.]
 [  0.   0.  26.]]
cf_score, -11.0
ratio, 0.262626262626
[[  0.   0.  29.]
 [  0.   0.  47.]
 [  0.   0.  24.]]
cf_score, -5.0
ratio, 0.242424242424
[[  0.   0.  39.]
 [  0.   0.  41.]
 [  0.   0.  20.]]
cf_score, -19.0
ratio, 0.20202020202
[[  0.   0.  38.]
 [  0.   0.  33.]
 [  0.   0.  29.]]
cf_score, -9.0
ratio, 0.292929292929
[[  0.   0.  38.]
 [  0.   0.  43.]
 [  0.   0.  19.]]
cf_score, -19.0
ratio, 0.191919191919
[[  0.   0.  33.]
 [  0.   0.  40.]
 [  0.   0.  27.]]
cf_score, -6.0
ratio, 0.272727272727
[[  0.   0.  41.]
 [  0.   0.  35.]
 [  0.   0.  24.]]
cf_score, -17.0
ratio, 0.242424242424
[[  0.   0.  40.]
 [  0.   0.  43.]
 [  0.   0.  17.]]
cf_score, -23.0
ratio, 0.171717171717
[[  0.   0.  41.]
 [  0.   0.  39.]
 [  0.   0.  20.]]
cf_score, -21.0
ratio, 0.20202020202
[[  0.   0.  39.]
 [  0.   0.  34.]
 [  0.   0.  27.]]
cf_score, -12.0
ratio, 0.272727272727
[[  0.   0.  41.]
 [  0.   0.  43.]
 [  0.   0.  16.]]
cf_score, -25.0
ratio, 0.161616161616
[[  0.   0.  35.]
 [  0.   0.  39.]
 [  0.   0.  26.]]
cf_score, -9.0
ratio, 0.262626262626
[[  0.   0.  38.]
 [  0.   0.  40.]
 [  0.   0.  22.]]
cf_score, -16.0
ratio, 0.222222222222
[[  0.   0.  39.]
 [  0.   0.  37.]
 [  0.   0.  24.]]
cf_score, -15.0
ratio, 0.242424242424
[[  0.   0.  38.]
 [  0.   0.  41.]
 [  0.   0.  21.]]
cf_score, -17.0
ratio, 0.212121212121
[[  0.   0.  33.]
 [  0.   0.  39.]
 [  0.   0.  28.]]
cf_score, -5.0
ratio, 0.282828282828
[[  0.   0.  42.]
 [  0.   0.  38.]
 [  0.   0.  20.]]
cf_score, -22.0
ratio, 0.20202020202
[[  0.   0.  46.]
 [  0.   0.  37.]
 [  0.   0.  17.]]
cf_score, -29.0
ratio, 0.171717171717
[[  0.   0.  27.]
 [  0.   0.  51.]
 [  0.   0.  22.]]
cf_score, -5.0
ratio, 0.222222222222
[[  0.   0.  36.]
 [  0.   0.  41.]
 [  0.   0.  23.]]
cf_score, -13.0
ratio, 0.232323232323
[[  0.   0.  34.]
 [  0.   0.  41.]
 [  0.   0.  25.]]
cf_score, -9.0
ratio, 0.252525252525
[[  0.   0.  36.]
 [  0.   0.  38.]
 [  0.   0.  26.]]
cf_score, -10.0
ratio, 0.262626262626
[[  0.   0.  46.]
 [  0.   0.  38.]
 [  0.   0.  16.]]
cf_score, -30.0
ratio, 0.161616161616
[[  0.   0.  42.]
 [  0.   0.  38.]
 [  0.   0.  20.]]
cf_score, -22.0
ratio, 0.20202020202
[[  0.   0.  35.]
 [  0.   0.  46.]
 [  0.   0.  19.]]
cf_score, -16.0
ratio, 0.191919191919
[[  0.   0.  42.]
 [  0.   0.  30.]
 [  0.   0.  28.]]
cf_score, -14.0
ratio, 0.282828282828
[[  0.   0.  38.]
 [  0.   0.  35.]
 [  0.   0.  27.]]
cf_score, -11.0
ratio, 0.272727272727
[[  0.   0.  34.]
 [  0.   0.  40.]
 [  0.   0.  26.]]
cf_score, -8.0
ratio, 0.262626262626
[[  0.   0.  25.]
 [  0.   0.  47.]
 [  0.   0.  28.]]
cf_score, 3.0
ratio, 0.282828282828
[[  0.   0.  42.]
 [  0.   0.  28.]
 [  0.   0.  30.]]
cf_score, -12.0
ratio, 0.30303030303
[[  0.   0.  36.]
 [  0.   0.  43.]
 [  0.   0.  21.]]
cf_score, -15.0
ratio, 0.212121212121
[[  0.   0.  39.]
 [  0.   0.  44.]
 [  0.   0.  17.]]
cf_score, -22.0
ratio, 0.171717171717
[[  0.   0.  37.]
 [  0.   0.  39.]
 [  0.   0.  24.]]
cf_score, -13.0
ratio, 0.242424242424
[[  0.   0.  39.]
 [  0.   0.  37.]
 [  0.   0.  24.]]
cf_score, -15.0
ratio, 0.242424242424
[[  0.   0.  45.]
 [  0.   0.  35.]
 [  0.   0.  20.]]
cf_score, -25.0
ratio, 0.20202020202
[[  0.   0.  38.]
 [  0.   0.  41.]
 [  0.   0.  21.]]
cf_score, -17.0
ratio, 0.212121212121
[[  0.   0.  38.]
 [  0.   0.  37.]
 [  0.   0.  25.]]
cf_score, -13.0
ratio, 0.252525252525
[[  0.   0.  39.]
 [  0.   0.  40.]
 [  0.   0.  21.]]
cf_score, -18.0
ratio, 0.212121212121
[[  0.   0.  28.]
 [  0.   0.  47.]
 [  0.   0.  25.]]
cf_score, -3.0
ratio, 0.252525252525
[[  0.   0.  37.]
 [  0.   0.  40.]
 [  0.   0.  23.]]
cf_score, -14.0
ratio, 0.232323232323
[[  0.   0.  32.]
 [  0.   0.  31.]
 [  0.   0.  37.]]
cf_score, 5.0
ratio, 0.373737373737
[[  0.   0.  37.]
 [  0.   0.  47.]
 [  0.   0.  16.]]
cf_score, -21.0
ratio, 0.161616161616
[[  0.   0.  34.]
 [  0.   0.  44.]
 [  0.   0.  22.]]
cf_score, -12.0
ratio, 0.222222222222
[[  0.   0.  36.]
 [  0.   0.  44.]
 [  0.   0.  20.]]
cf_score, -16.0
ratio, 0.20202020202
[[  0.   0.  41.]
 [  0.   0.  35.]
 [  0.   0.  24.]]
cf_score, -17.0
ratio, 0.242424242424
