[[ 36.   0.   2.]
 [ 32.   0.   0.]
 [ 28.   0.   2.]]
cf_score, 8.0
nv_score, -2.0
ratio, 0.383838383838
[[ 20.   0.  18.]
 [ 15.   1.   8.]
 [ 21.   2.  15.]]
cf_score, -3.0
nv_score, -29.0
ratio, 0.363636363636
[[ 20.   0.  12.]
 [ 21.   2.  15.]
 [ 13.   1.  16.]]
cf_score, 13.0
nv_score, -23.0
ratio, 0.383838383838
[[ 20.   0.  16.]
 [ 20.   0.   9.]
 [ 13.   0.  22.]]
cf_score, 13.0
nv_score, -19.0
ratio, 0.424242424242
[[ 16.   1.  14.]
 [ 15.   1.  20.]
 [ 17.   1.  15.]]
cf_score, 1.0
nv_score, -33.0
ratio, 0.323232323232
[[ 20.   0.  10.]
 [ 27.   0.  13.]
 [ 15.   0.  15.]]
cf_score, 10.0
nv_score, -18.0
ratio, 0.353535353535
[[ 17.   3.  12.]
 [ 11.   0.  19.]
 [ 12.   2.  24.]]
cf_score, 17.0
nv_score, -19.0
ratio, 0.414141414141
[[ 14.   0.  20.]
 [ 20.   0.  14.]
 [ 16.   0.  16.]]
cf_score, -6.0
nv_score, -38.0
ratio, 0.30303030303
[[ 17.   1.  12.]
 [ 18.   0.  19.]
 [ 12.   2.  19.]]
cf_score, 12.0
nv_score, -24.0
ratio, 0.363636363636
[[ 16.   1.  11.]
 [ 22.   0.  13.]
 [ 11.   0.  26.]]
cf_score, 20.0
nv_score, -9.0
ratio, 0.424242424242
[[ 19.   3.   9.]
 [ 17.   2.  13.]
 [ 10.   2.  25.]]
cf_score, 27.0
nv_score, -6.0
ratio, 0.464646464646
[[ 18.   4.  10.]
 [ 15.   3.  14.]
 [ 10.   3.  23.]]
cf_score, 24.0
nv_score, -11.0
ratio, 0.444444444444
[[ 22.   0.  14.]
 [ 24.   0.  18.]
 [  7.   1.  14.]]
cf_score, 15.0
nv_score, -32.0
ratio, 0.363636363636
[[ 17.   1.  12.]
 [ 19.   2.  14.]
 [ 13.   2.  20.]]
cf_score, 14.0
nv_score, -18.0
ratio, 0.393939393939
[[ 13.   5.  15.]
 [ 20.   4.  13.]
 [ 12.   0.  18.]]
cf_score, 8.0
nv_score, -25.0
ratio, 0.353535353535
[[ 18.   0.  13.]
 [ 17.   2.  12.]
 [  9.   4.  25.]]
cf_score, 23.0
nv_score, -13.0
ratio, 0.454545454545
[[ 17.   2.  12.]
 [ 19.   1.  12.]
 [ 14.   3.  20.]]
cf_score, 12.0
nv_score, -16.0
ratio, 0.383838383838
[[ 20.   2.  15.]
 [ 17.   4.   9.]
 [ 10.   1.  22.]]
cf_score, 21.0
nv_score, -17.0
ratio, 0.464646464646
[[ 22.   2.  15.]
 [ 12.   2.  15.]
 [ 10.   3.  19.]]
cf_score, 18.0
nv_score, -26.0
ratio, 0.434343434343
[[ 14.   5.  16.]
 [ 21.   2.  15.]
 [  9.   2.  16.]]
cf_score, 7.0
nv_score, -31.0
ratio, 0.323232323232
[[ 10.   1.  17.]
 [ 18.   3.  19.]
 [  8.   1.  23.]]
cf_score, 11.0
nv_score, -30.0
ratio, 0.363636363636
[[ 17.   3.  18.]
 [ 22.   1.   6.]
 [ 13.   4.  16.]]
cf_score, 3.0
nv_score, -26.0
ratio, 0.343434343434
[[ 15.   1.  20.]
 [ 12.   2.  16.]
 [ 11.   3.  20.]]
cf_score, 6.0
nv_score, -36.0
ratio, 0.373737373737
[[ 14.   1.  12.]
 [ 19.   0.  14.]
 [  7.   5.  28.]]
cf_score, 23.0
nv_score, -10.0
ratio, 0.424242424242
[[ 18.   2.  15.]
 [ 15.   1.  11.]
 [ 14.   2.  22.]]
cf_score, 12.0
nv_score, -19.0
ratio, 0.414141414141
[[ 18.   2.  18.]
 [ 17.   3.  11.]
 [  7.   1.  23.]]
cf_score, 19.0
nv_score, -24.0
ratio, 0.444444444444
[[ 17.   1.  16.]
 [ 25.   3.  11.]
 [ 11.   1.  15.]]
cf_score, 8.0
nv_score, -28.0
ratio, 0.353535353535
[[ 10.   1.  14.]
 [ 20.   0.  10.]
 [ 19.   1.  25.]]
cf_score, 2.0
nv_score, -13.0
ratio, 0.353535353535
[[ 15.   3.  10.]
 [ 15.   4.  19.]
 [ 13.   1.  20.]]
cf_score, 16.0
nv_score, -19.0
ratio, 0.393939393939
[[ 12.   1.  16.]
 [ 20.   2.  15.]
 [  9.   3.  22.]]
cf_score, 11.0
nv_score, -25.0
ratio, 0.363636363636
[[ 16.   4.  17.]
 [ 20.   2.  12.]
 [ 12.   1.  16.]]
cf_score, 5.0
nv_score, -30.0
ratio, 0.343434343434
[[ 19.   0.  14.]
 [ 19.   1.  10.]
 [ 15.   1.  21.]]
cf_score, 12.0
nv_score, -17.0
ratio, 0.414141414141
[[ 22.   2.  18.]
 [ 18.   1.  11.]
 [ 14.   1.  13.]]
cf_score, 4.0
nv_score, -34.0
ratio, 0.363636363636
[[ 13.   2.  15.]
 [ 21.   3.  15.]
 [  7.   3.  21.]]
cf_score, 15.0
nv_score, -24.0
ratio, 0.373737373737
[[ 17.   1.  13.]
 [ 15.   1.  15.]
 [ 12.   1.  25.]]
cf_score, 18.0
nv_score, -16.0
ratio, 0.434343434343
[[ 17.   2.  17.]
 [ 21.   2.  14.]
 [  8.   2.  17.]]
cf_score, 11.0
nv_score, -31.0
ratio, 0.363636363636
[[ 12.   4.  16.]
 [ 22.   4.  16.]
 [  7.   2.  17.]]
cf_score, 10.0
nv_score, -31.0
ratio, 0.333333333333
[[ 22.   3.  12.]
 [ 23.   4.  13.]
 [  5.   2.  16.]]
cf_score, 25.0
nv_score, -21.0
ratio, 0.424242424242
[[ 12.   1.  12.]
 [ 13.   1.  23.]
 [  8.   5.  25.]]
cf_score, 18.0
nv_score, -22.0
ratio, 0.383838383838
[[  9.   3.  13.]
 [ 19.   0.  17.]
 [ 14.   1.  24.]]
cf_score, 6.0
nv_score, -19.0
ratio, 0.333333333333
[[ 17.   1.  20.]
 [ 17.   3.  14.]
 [  8.   0.  20.]]
cf_score, 12.0
nv_score, -34.0
ratio, 0.40404040404
[[ 11.   0.  17.]
 [ 22.   3.  12.]
 [ 10.   5.  20.]]
cf_score, 7.0
nv_score, -26.0
ratio, 0.343434343434
[[ 20.   4.  14.]
 [ 20.   5.  12.]
 [ 10.   3.  12.]]
cf_score, 13.0
nv_score, -28.0
ratio, 0.373737373737
[[ 22.   2.  17.]
 [ 23.   2.  10.]
 [  8.   1.  15.]]
cf_score, 14.0
nv_score, -29.0
ratio, 0.393939393939
[[ 28.   1.  18.]
 [ 12.   3.  16.]
 [  5.   0.  17.]]
cf_score, 25.0
nv_score, -35.0
ratio, 0.484848484848
[[ 18.   2.  17.]
 [ 21.   2.   9.]
 [ 11.   1.  19.]]
cf_score, 11.0
nv_score, -24.0
ratio, 0.393939393939
[[ 19.   3.  16.]
 [ 13.   0.  11.]
 [ 17.   3.  18.]]
cf_score, 4.0
nv_score, -25.0
ratio, 0.373737373737
[[ 10.   0.  17.]
 [ 21.   1.  16.]
 [ 13.   3.  19.]]
cf_score, 0.0
nv_score, -31.0
ratio, 0.30303030303
[[ 13.   1.  14.]
 [ 25.   2.  13.]
 [ 10.   1.  21.]]
cf_score, 12.0
nv_score, -20.0
ratio, 0.363636363636
[[ 16.   4.   9.]
 [ 16.   2.  12.]
 [ 15.   2.  24.]]
cf_score, 18.0
nv_score, -6.0
ratio, 0.424242424242
