[[  0.   0.   0.]
 [  0.  68.   0.]
 [  0.  32.   0.]]
cf_score, 68.0
nv_score, 0.0
ratio, 0.686868686869
[[  0.   0.   0.]
 [  0.  61.   0.]
 [  0.  39.   0.]]
cf_score, 61.0
nv_score, 0.0
ratio, 0.616161616162
[[  0.   0.   0.]
 [  0.  76.   0.]
 [  0.  24.   0.]]
cf_score, 76.0
nv_score, 0.0
ratio, 0.767676767677
[[  0.   0.   0.]
 [  0.  50.  20.]
 [  0.   5.  25.]]
cf_score, 75.0
nv_score, 5.0
ratio, 0.757575757576
[[  0.   0.   0.]
 [  0.  49.  21.]
 [  0.   5.  25.]]
cf_score, 74.0
nv_score, 4.0
ratio, 0.747474747475
[[  0.   0.   0.]
 [  0.  39.  20.]
 [  0.   5.  36.]]
cf_score, 75.0
nv_score, 16.0
ratio, 0.757575757576
[[  0.   0.   0.]
 [  0.  48.  21.]
 [  0.   5.  26.]]
cf_score, 74.0
nv_score, 5.0
ratio, 0.747474747475
[[  0.   0.   0.]
 [  0.  43.  19.]
 [  0.   3.  35.]]
cf_score, 78.0
nv_score, 16.0
ratio, 0.787878787879
[[  0.   0.   0.]
 [  0.  42.  21.]
 [  0.   3.  34.]]
cf_score, 76.0
nv_score, 13.0
ratio, 0.767676767677
[[  0.   0.   0.]
 [  0.  42.  27.]
 [  0.   5.  26.]]
cf_score, 68.0
nv_score, -1.0
ratio, 0.686868686869
[[  0.   0.   0.]
 [  0.  45.  21.]
 [  0.   1.  33.]]
cf_score, 78.0
nv_score, 12.0
ratio, 0.787878787879
[[  0.   0.   0.]
 [  0.  57.  18.]
 [  0.   3.  22.]]
cf_score, 79.0
nv_score, 4.0
ratio, 0.79797979798
[[  0.   0.   0.]
 [  0.  38.  19.]
 [  0.   3.  40.]]
cf_score, 78.0
nv_score, 21.0
ratio, 0.787878787879
[[  0.   0.   0.]
 [  0.  53.  17.]
 [  0.   1.  29.]]
cf_score, 82.0
nv_score, 12.0
ratio, 0.828282828283
[[  0.   0.   0.]
 [  0.  31.  28.]
 [  0.   2.  39.]]
cf_score, 70.0
nv_score, 11.0
ratio, 0.707070707071
[[  0.   0.   0.]
 [  0.  46.  20.]
 [  0.   3.  31.]]
cf_score, 77.0
nv_score, 11.0
ratio, 0.777777777778
[[  0.   0.   0.]
 [  0.  48.  26.]
 [  0.   1.  25.]]
cf_score, 73.0
nv_score, -1.0
ratio, 0.737373737374
[[  0.   0.   0.]
 [  0.  44.  27.]
 [  0.   2.  27.]]
cf_score, 71.0
nv_score, 0.0
ratio, 0.717171717172
[[  0.   0.   0.]
 [  0.  45.  16.]
 [  0.   4.  35.]]
cf_score, 80.0
nv_score, 19.0
ratio, 0.808080808081
[[  0.   0.   0.]
 [  0.  41.  22.]
 [  0.   4.  33.]]
cf_score, 74.0
nv_score, 11.0
ratio, 0.747474747475
[[  0.   0.   0.]
 [  0.  43.  23.]
 [  0.   3.  31.]]
cf_score, 74.0
nv_score, 8.0
ratio, 0.747474747475
[[  0.   0.   0.]
 [  0.  46.  17.]
 [  0.   1.  36.]]
cf_score, 82.0
nv_score, 19.0
ratio, 0.828282828283
[[  0.   0.   0.]
 [  0.  49.  22.]
 [  0.   1.  28.]]
cf_score, 77.0
nv_score, 6.0
ratio, 0.777777777778
[[  0.   0.   0.]
 [  0.  54.  21.]
 [  0.   2.  23.]]
cf_score, 77.0
nv_score, 2.0
ratio, 0.777777777778
[[  0.   0.   0.]
 [  0.  48.  20.]
 [  0.   1.  31.]]
cf_score, 79.0
nv_score, 11.0
ratio, 0.79797979798
[[  0.   0.   0.]
 [  0.  44.  26.]
 [  0.   2.  28.]]
cf_score, 72.0
nv_score, 2.0
ratio, 0.727272727273
[[  0.   0.   0.]
 [  0.  38.  25.]
 [  0.   1.  36.]]
cf_score, 74.0
nv_score, 11.0
ratio, 0.747474747475
[[  0.   0.   0.]
 [  0.  40.  27.]
 [  0.   3.  30.]]
cf_score, 70.0
nv_score, 3.0
ratio, 0.707070707071
[[  0.   0.   0.]
 [  0.  54.  17.]
 [  0.   2.  27.]]
cf_score, 81.0
nv_score, 10.0
ratio, 0.818181818182
[[  0.   0.   0.]
 [  0.  51.  18.]
 [  0.   2.  29.]]
cf_score, 80.0
nv_score, 11.0
ratio, 0.808080808081
[[  0.   0.   0.]
 [  0.  44.  27.]
 [  0.   3.  26.]]
cf_score, 70.0
nv_score, -1.0
ratio, 0.707070707071
[[  0.   0.   0.]
 [  0.  39.  26.]
 [  0.   1.  34.]]
cf_score, 73.0
nv_score, 8.0
ratio, 0.737373737374
[[  0.   0.   0.]
 [  0.  49.  19.]
 [  0.   2.  30.]]
cf_score, 79.0
nv_score, 11.0
ratio, 0.79797979798
[[  0.   0.   0.]
 [  0.  45.  23.]
 [  0.   4.  28.]]
cf_score, 73.0
nv_score, 5.0
ratio, 0.737373737374
[[  0.   0.   0.]
 [  0.  49.  22.]
 [  0.   2.  27.]]
cf_score, 76.0
nv_score, 5.0
ratio, 0.767676767677
[[  0.   0.   0.]
 [  0.  39.  27.]
 [  0.   7.  27.]]
cf_score, 66.0
nv_score, 0.0
ratio, 0.666666666667
[[  0.   0.   0.]
 [  0.  51.  23.]
 [  0.   2.  24.]]
cf_score, 75.0
nv_score, 1.0
ratio, 0.757575757576
[[  0.   0.   0.]
 [  0.  40.  12.]
 [  0.   3.  45.]]
cf_score, 85.0
nv_score, 33.0
ratio, 0.858585858586
[[  0.   0.   0.]
 [  0.  38.  21.]
 [  0.   5.  36.]]
cf_score, 74.0
nv_score, 15.0
ratio, 0.747474747475
[[  0.   0.   0.]
 [  0.  49.  20.]
 [  0.   4.  27.]]
cf_score, 76.0
nv_score, 7.0
ratio, 0.767676767677
[[  0.   0.   0.]
 [  0.  33.  31.]
 [  0.   2.  34.]]
cf_score, 67.0
nv_score, 3.0
ratio, 0.676767676768
[[  0.   0.   0.]
 [  0.  46.  23.]
 [  0.   5.  26.]]
cf_score, 72.0
nv_score, 3.0
ratio, 0.727272727273
[[  0.   0.   0.]
 [  0.  51.  19.]
 [  0.   4.  26.]]
cf_score, 77.0
nv_score, 7.0
ratio, 0.777777777778
[[  0.   0.   0.]
 [  0.  47.  14.]
 [  0.   0.  39.]]
cf_score, 86.0
nv_score, 25.0
ratio, 0.868686868687
[[  0.   0.   0.]
 [  0.  49.  18.]
 [  0.   2.  31.]]
cf_score, 80.0
nv_score, 13.0
ratio, 0.808080808081
[[  0.   0.   0.]
 [  0.  42.  32.]
 [  0.   2.  24.]]
cf_score, 66.0
nv_score, -8.0
ratio, 0.666666666667
[[  0.   0.   0.]
 [  0.  45.  18.]
 [  0.   5.  32.]]
cf_score, 77.0
nv_score, 14.0
ratio, 0.777777777778
[[  0.   0.   0.]
 [  0.  50.  23.]
 [  0.   2.  25.]]
cf_score, 75.0
nv_score, 2.0
ratio, 0.757575757576
[[  0.   0.   0.]
 [  0.  46.  24.]
 [  0.   4.  26.]]
cf_score, 72.0
nv_score, 2.0
ratio, 0.727272727273
[[  0.   0.   0.]
 [  0.  42.  21.]
 [  0.   1.  36.]]
cf_score, 78.0
nv_score, 15.0
ratio, 0.787878787879
