[[ 26.   0.   0.]
 [ 37.   0.   0.]
 [ 37.   0.   0.]]
cf_score, -11.0
ratio, 0.262626262626
[[ 32.   0.   0.]
 [ 34.   0.   0.]
 [ 34.   0.   0.]]
cf_score, -2.0
ratio, 0.323232323232
[[ 23.   0.   0.]
 [ 42.   0.   0.]
 [ 35.   0.   0.]]
cf_score, -12.0
ratio, 0.232323232323
[[ 28.   0.   0.]
 [ 38.   0.   0.]
 [ 34.   0.   0.]]
cf_score, -6.0
ratio, 0.282828282828
[[ 25.   0.   0.]
 [ 37.   0.   0.]
 [ 38.   0.   0.]]
cf_score, -13.0
ratio, 0.252525252525
[[ 32.   0.   0.]
 [ 36.   0.   0.]
 [ 32.   0.   0.]]
cf_score, 0.0
ratio, 0.323232323232
[[ 18.   0.   0.]
 [ 39.   0.   0.]
 [ 43.   0.   0.]]
cf_score, -25.0
ratio, 0.181818181818
[[ 27.   0.   0.]
 [ 42.   0.   0.]
 [ 31.   0.   0.]]
cf_score, -4.0
ratio, 0.272727272727
[[ 25.   0.   0.]
 [ 41.   0.   0.]
 [ 34.   0.   0.]]
cf_score, -9.0
ratio, 0.252525252525
[[ 28.   0.   0.]
 [ 39.   0.   0.]
 [ 33.   0.   0.]]
cf_score, -5.0
ratio, 0.282828282828
[[ 23.   0.   0.]
 [ 38.   0.   0.]
 [ 39.   0.   0.]]
cf_score, -16.0
ratio, 0.232323232323
[[ 15.   0.   0.]
 [ 49.   0.   0.]
 [ 36.   0.   0.]]
cf_score, -21.0
ratio, 0.151515151515
[[ 19.   0.   0.]
 [ 36.   0.   0.]
 [ 45.   0.   0.]]
cf_score, -26.0
ratio, 0.191919191919
[[ 27.   0.   0.]
 [ 37.   0.   0.]
 [ 36.   0.   0.]]
cf_score, -9.0
ratio, 0.272727272727
[[ 23.   0.   0.]
 [ 37.   0.   0.]
 [ 40.   0.   0.]]
cf_score, -17.0
ratio, 0.232323232323
[[ 23.   0.   0.]
 [ 42.   0.   0.]
 [ 35.   0.   0.]]
cf_score, -12.0
ratio, 0.232323232323
[[ 24.   0.   0.]
 [ 42.   0.   0.]
 [ 34.   0.   0.]]
cf_score, -10.0
ratio, 0.242424242424
[[ 27.   0.   0.]
 [ 39.   0.   0.]
 [ 34.   0.   0.]]
cf_score, -7.0
ratio, 0.272727272727
[[ 24.   0.   0.]
 [ 34.   0.   0.]
 [ 42.   0.   0.]]
cf_score, -18.0
ratio, 0.242424242424
[[ 24.   0.   0.]
 [ 30.   0.   0.]
 [ 46.   0.   0.]]
cf_score, -22.0
ratio, 0.242424242424
[[ 24.   0.   0.]
 [ 38.   0.   0.]
 [ 38.   0.   0.]]
cf_score, -14.0
ratio, 0.242424242424
[[ 25.   0.   0.]
 [ 38.   0.   0.]
 [ 37.   0.   0.]]
cf_score, -12.0
ratio, 0.252525252525
[[ 26.   0.   0.]
 [ 35.   0.   0.]
 [ 39.   0.   0.]]
cf_score, -13.0
ratio, 0.262626262626
[[ 30.   0.   0.]
 [ 41.   0.   0.]
 [ 29.   0.   0.]]
cf_score, 1.0
ratio, 0.30303030303
[[ 32.   0.   0.]
 [ 33.   0.   0.]
 [ 35.   0.   0.]]
cf_score, -3.0
ratio, 0.323232323232
[[ 25.   0.   0.]
 [ 38.   0.   0.]
 [ 37.   0.   0.]]
cf_score, -12.0
ratio, 0.252525252525
[[ 26.   0.   0.]
 [ 37.   0.   0.]
 [ 37.   0.   0.]]
cf_score, -11.0
ratio, 0.262626262626
[[ 26.   0.   0.]
 [ 35.   0.   0.]
 [ 39.   0.   0.]]
cf_score, -13.0
ratio, 0.262626262626
[[ 26.   0.   0.]
 [ 38.   0.   0.]
 [ 36.   0.   0.]]
cf_score, -10.0
ratio, 0.262626262626
[[ 19.   0.   0.]
 [ 39.   0.   0.]
 [ 42.   0.   0.]]
cf_score, -23.0
ratio, 0.191919191919
[[ 26.   0.   0.]
 [ 38.   0.   0.]
 [ 36.   0.   0.]]
cf_score, -10.0
ratio, 0.262626262626
[[ 25.   0.   0.]
 [ 33.   0.   0.]
 [ 42.   0.   0.]]
cf_score, -17.0
ratio, 0.252525252525
[[ 35.   0.   0.]
 [ 28.   0.   0.]
 [ 37.   0.   0.]]
cf_score, -2.0
ratio, 0.353535353535
[[ 23.   0.   0.]
 [ 42.   0.   0.]
 [ 35.   0.   0.]]
cf_score, -12.0
ratio, 0.232323232323
[[ 24.   0.   0.]
 [ 36.   0.   0.]
 [ 40.   0.   0.]]
cf_score, -16.0
ratio, 0.242424242424
[[ 25.   0.   0.]
 [ 41.   0.   0.]
 [ 34.   0.   0.]]
cf_score, -9.0
ratio, 0.252525252525
[[ 29.   0.   0.]
 [ 35.   0.   0.]
 [ 36.   0.   0.]]
cf_score, -7.0
ratio, 0.292929292929
[[ 26.   0.   0.]
 [ 37.   0.   0.]
 [ 37.   0.   0.]]
cf_score, -11.0
ratio, 0.262626262626
[[ 28.   0.   0.]
 [ 34.   0.   0.]
 [ 38.   0.   0.]]
cf_score, -10.0
ratio, 0.282828282828
[[ 21.   0.   0.]
 [ 35.   0.   0.]
 [ 44.   0.   0.]]
cf_score, -23.0
ratio, 0.212121212121
[[ 27.   0.   0.]
 [ 41.   0.   0.]
 [ 32.   0.   0.]]
cf_score, -5.0
ratio, 0.272727272727
[[ 19.   0.   0.]
 [ 38.   0.   0.]
 [ 43.   0.   0.]]
cf_score, -24.0
ratio, 0.191919191919
[[ 28.   0.   0.]
 [ 29.   0.   0.]
 [ 43.   0.   0.]]
cf_score, -15.0
ratio, 0.282828282828
[[ 25.   0.   0.]
 [ 40.   0.   0.]
 [ 35.   0.   0.]]
cf_score, -10.0
ratio, 0.252525252525
[[ 33.   0.   0.]
 [ 28.   0.   0.]
 [ 39.   0.   0.]]
cf_score, -6.0
ratio, 0.333333333333
[[ 20.   0.   0.]
 [ 43.   0.   0.]
 [ 37.   0.   0.]]
cf_score, -17.0
ratio, 0.20202020202
[[ 31.   0.   0.]
 [ 30.   0.   0.]
 [ 39.   0.   0.]]
cf_score, -8.0
ratio, 0.313131313131
[[ 24.   0.   0.]
 [ 44.   0.   0.]
 [ 32.   0.   0.]]
cf_score, -8.0
ratio, 0.242424242424
[[ 21.   0.   0.]
 [ 44.   0.   0.]
 [ 35.   0.   0.]]
cf_score, -14.0
ratio, 0.212121212121
[[ 26.   0.   0.]
 [ 40.   0.   0.]
 [ 34.   0.   0.]]
cf_score, -8.0
ratio, 0.262626262626
[[ 20.   0.   0.]
 [ 41.   0.   0.]
 [ 39.   0.   0.]]
cf_score, -19.0
ratio, 0.20202020202
[[ 24.   0.   0.]
 [ 40.   0.   0.]
 [ 36.   0.   0.]]
cf_score, -12.0
ratio, 0.242424242424
[[ 23.   0.   0.]
 [ 34.   0.   0.]
 [ 43.   0.   0.]]
cf_score, -20.0
ratio, 0.232323232323
[[ 30.   0.   0.]
 [ 37.   0.   0.]
 [ 33.   0.   0.]]
cf_score, -3.0
ratio, 0.30303030303
[[ 18.   0.   0.]
 [ 44.   0.   0.]
 [ 38.   0.   0.]]
cf_score, -20.0
ratio, 0.181818181818
[[ 25.   0.   0.]
 [ 49.   0.   0.]
 [ 26.   0.   0.]]
cf_score, -1.0
ratio, 0.252525252525
[[ 21.   0.   0.]
 [ 39.   0.   0.]
 [ 40.   0.   0.]]
cf_score, -19.0
ratio, 0.212121212121
[[ 23.   0.   0.]
 [ 49.   0.   0.]
 [ 28.   0.   0.]]
cf_score, -5.0
ratio, 0.232323232323
[[ 17.   0.   0.]
 [ 40.   0.   0.]
 [ 43.   0.   0.]]
cf_score, -26.0
ratio, 0.171717171717
[[ 27.   0.   0.]
 [ 36.   0.   0.]
 [ 37.   0.   0.]]
cf_score, -10.0
ratio, 0.272727272727
[[ 26.   0.   0.]
 [ 39.   0.   0.]
 [ 35.   0.   0.]]
cf_score, -9.0
ratio, 0.262626262626
[[ 21.   0.   0.]
 [ 33.   0.   0.]
 [ 46.   0.   0.]]
cf_score, -25.0
ratio, 0.212121212121
[[ 24.   0.   0.]
 [ 32.   0.   0.]
 [ 44.   0.   0.]]
cf_score, -20.0
ratio, 0.242424242424
[[ 23.   0.   0.]
 [ 40.   0.   0.]
 [ 37.   0.   0.]]
cf_score, -14.0
ratio, 0.232323232323
[[ 23.   0.   0.]
 [ 40.   0.   0.]
 [ 37.   0.   0.]]
cf_score, -14.0
ratio, 0.232323232323
[[ 20.   0.   0.]
 [ 44.   0.   0.]
 [ 36.   0.   0.]]
cf_score, -16.0
ratio, 0.20202020202
[[ 24.   0.   0.]
 [ 40.   0.   0.]
 [ 36.   0.   0.]]
cf_score, -12.0
ratio, 0.242424242424
[[ 29.   0.   0.]
 [ 38.   0.   0.]
 [ 33.   0.   0.]]
cf_score, -4.0
ratio, 0.292929292929
[[ 29.   0.   0.]
 [ 35.   0.   0.]
 [ 36.   0.   0.]]
cf_score, -7.0
ratio, 0.292929292929
[[ 19.   0.   0.]
 [ 43.   0.   0.]
 [ 38.   0.   0.]]
cf_score, -19.0
ratio, 0.191919191919
[[ 32.   0.   0.]
 [ 33.   0.   0.]
 [ 35.   0.   0.]]
cf_score, -3.0
ratio, 0.323232323232
[[ 27.   0.   0.]
 [ 42.   0.   0.]
 [ 31.   0.   0.]]
cf_score, -4.0
ratio, 0.272727272727
[[ 19.   0.   0.]
 [ 37.   0.   0.]
 [ 44.   0.   0.]]
cf_score, -25.0
ratio, 0.191919191919
[[ 27.   0.   0.]
 [ 41.   0.   0.]
 [ 32.   0.   0.]]
cf_score, -5.0
ratio, 0.272727272727
[[ 21.   0.   0.]
 [ 46.   0.   0.]
 [ 33.   0.   0.]]
cf_score, -12.0
ratio, 0.212121212121
[[ 32.   0.   0.]
 [ 39.   0.   0.]
 [ 29.   0.   0.]]
cf_score, 3.0
ratio, 0.323232323232
[[ 24.   0.   0.]
 [ 42.   0.   0.]
 [ 34.   0.   0.]]
cf_score, -10.0
ratio, 0.242424242424
[[ 20.   0.   0.]
 [ 46.   0.   0.]
 [ 34.   0.   0.]]
cf_score, -14.0
ratio, 0.20202020202
[[ 30.   0.   0.]
 [ 27.   0.   0.]
 [ 43.   0.   0.]]
cf_score, -13.0
ratio, 0.30303030303
[[ 19.   0.   0.]
 [ 39.   0.   0.]
 [ 42.   0.   0.]]
cf_score, -23.0
ratio, 0.191919191919
[[ 29.   0.   0.]
 [ 40.   0.   0.]
 [ 31.   0.   0.]]
cf_score, -2.0
ratio, 0.292929292929
[[ 25.   0.   0.]
 [ 29.   0.   0.]
 [ 46.   0.   0.]]
cf_score, -21.0
ratio, 0.252525252525
[[ 26.   0.   0.]
 [ 40.   0.   0.]
 [ 34.   0.   0.]]
cf_score, -8.0
ratio, 0.262626262626
[[ 25.   0.   0.]
 [ 40.   0.   0.]
 [ 35.   0.   0.]]
cf_score, -10.0
ratio, 0.252525252525
[[ 28.   0.   0.]
 [ 32.   0.   0.]
 [ 40.   0.   0.]]
cf_score, -12.0
ratio, 0.282828282828
[[ 28.   0.   0.]
 [ 45.   0.   0.]
 [ 27.   0.   0.]]
cf_score, 1.0
ratio, 0.282828282828
[[ 18.   0.   0.]
 [ 49.   0.   0.]
 [ 33.   0.   0.]]
cf_score, -15.0
ratio, 0.181818181818
[[ 23.   0.   0.]
 [ 40.   0.   0.]
 [ 37.   0.   0.]]
cf_score, -14.0
ratio, 0.232323232323
[[ 18.   0.   0.]
 [ 47.   0.   0.]
 [ 35.   0.   0.]]
cf_score, -17.0
ratio, 0.181818181818
[[ 25.   0.   0.]
 [ 42.   0.   0.]
 [ 33.   0.   0.]]
cf_score, -8.0
ratio, 0.252525252525
[[ 25.   0.   0.]
 [ 41.   0.   0.]
 [ 34.   0.   0.]]
cf_score, -9.0
ratio, 0.252525252525
[[ 30.   0.   0.]
 [ 36.   0.   0.]
 [ 34.   0.   0.]]
cf_score, -4.0
ratio, 0.30303030303
[[ 23.   0.   0.]
 [ 33.   0.   0.]
 [ 44.   0.   0.]]
cf_score, -21.0
ratio, 0.232323232323
[[ 27.   0.   0.]
 [ 46.   0.   0.]
 [ 27.   0.   0.]]
cf_score, 0.0
ratio, 0.272727272727
[[ 22.   0.   0.]
 [ 40.   0.   0.]
 [ 38.   0.   0.]]
cf_score, -16.0
ratio, 0.222222222222
[[ 16.   0.   0.]
 [ 42.   0.   0.]
 [ 42.   0.   0.]]
cf_score, -26.0
ratio, 0.161616161616
[[ 20.   0.   0.]
 [ 32.   0.   0.]
 [ 48.   0.   0.]]
cf_score, -28.0
ratio, 0.20202020202
[[ 25.   0.   0.]
 [ 35.   0.   0.]
 [ 40.   0.   0.]]
cf_score, -15.0
ratio, 0.252525252525
[[ 26.   0.   0.]
 [ 41.   0.   0.]
 [ 33.   0.   0.]]
cf_score, -7.0
ratio, 0.262626262626
[[ 22.   0.   0.]
 [ 37.   0.   0.]
 [ 41.   0.   0.]]
cf_score, -19.0
ratio, 0.222222222222
