[[  0.   0.  41.]
 [  0.   0.  30.]
 [  0.   0.  29.]]
cf_score, -12.0
ratio, 0.292929292929
[[ 21.   2.  15.]
 [ 12.   4.  18.]
 [  8.   2.  18.]]
cf_score, 20.0
ratio, 0.434343434343
[[ 16.   2.  20.]
 [ 18.   5.  15.]
 [ 10.   1.  13.]]
cf_score, 4.0
ratio, 0.343434343434
[[ 13.   8.  14.]
 [ 10.   4.  23.]
 [ 12.   3.  13.]]
cf_score, 4.0
ratio, 0.30303030303
[[ 13.   6.  22.]
 [ 10.   7.  14.]
 [ 10.   7.  11.]]
cf_score, -1.0
ratio, 0.313131313131
[[  9.   6.  13.]
 [  5.  10.  14.]
 [  8.  10.  25.]]
cf_score, 23.0
ratio, 0.444444444444
[[ 20.  19.  11.]
 [ 14.   9.   3.]
 [  9.   3.  12.]]
cf_score, 21.0
ratio, 0.414141414141
[[ 13.  12.  12.]
 [  8.  11.  14.]
 [  7.   7.  16.]]
cf_score, 21.0
ratio, 0.40404040404
[[ 16.  12.  11.]
 [ 12.  14.   8.]
 [  9.   3.  15.]]
cf_score, 25.0
ratio, 0.454545454545
[[ 17.  11.   9.]
 [ 13.  16.  11.]
 [  3.   4.  16.]]
cf_score, 37.0
ratio, 0.494949494949
[[ 14.   7.   7.]
 [ 17.  14.  10.]
 [ 11.   8.  12.]]
cf_score, 22.0
ratio, 0.40404040404
[[ 12.  16.  13.]
 [  7.   8.  12.]
 [ 11.   5.  16.]]
cf_score, 12.0
ratio, 0.363636363636
[[ 14.   7.   8.]
 [  7.  14.  17.]
 [ 19.   6.   8.]]
cf_score, 9.0
ratio, 0.363636363636
[[ 12.   8.   9.]
 [ 16.  10.  12.]
 [ 13.  10.  10.]]
cf_score, 10.0
ratio, 0.323232323232
[[ 11.  12.  11.]
 [  9.  17.  11.]
 [ 10.   6.  13.]]
cf_score, 20.0
ratio, 0.414141414141
[[ 16.  11.   4.]
 [ 10.  15.   6.]
 [ 11.   6.  21.]]
cf_score, 37.0
ratio, 0.525252525253
[[ 15.  11.   7.]
 [ 16.   7.   7.]
 [ 11.   6.  20.]]
cf_score, 24.0
ratio, 0.424242424242
[[ 20.  11.  12.]
 [ 11.  12.   6.]
 [  8.   8.  12.]]
cf_score, 24.0
ratio, 0.444444444444
[[ 15.  12.   9.]
 [  7.  15.  11.]
 [ 11.   8.  12.]]
cf_score, 22.0
ratio, 0.424242424242
[[ 11.  13.  13.]
 [ 12.  15.   8.]
 [ 14.   6.   8.]]
cf_score, 7.0
ratio, 0.343434343434
[[ 16.  10.   2.]
 [ 19.  17.   7.]
 [ 10.  12.   7.]]
cf_score, 28.0
ratio, 0.40404040404
[[ 15.  12.   4.]
 [ 12.  19.   7.]
 [  9.  11.  11.]]
cf_score, 32.0
ratio, 0.454545454545
[[ 19.   9.   7.]
 [ 13.  16.   2.]
 [ 10.  14.  10.]]
cf_score, 28.0
ratio, 0.454545454545
[[  9.  13.   8.]
 [ 16.   8.  12.]
 [ 11.   8.  15.]]
cf_score, 13.0
ratio, 0.323232323232
[[ 12.  14.   7.]
 [ 14.  17.   4.]
 [  9.  11.  12.]]
cf_score, 25.0
ratio, 0.414141414141
[[ 13.  21.   9.]
 [ 10.  19.   6.]
 [ 11.   8.   3.]]
cf_score, 15.0
ratio, 0.353535353535
[[ 23.   9.   5.]
 [ 13.   9.   9.]
 [ 15.   8.   9.]]
cf_score, 21.0
ratio, 0.414141414141
[[  6.  14.   6.]
 [ 12.  23.   7.]
 [ 12.   8.  12.]]
cf_score, 23.0
ratio, 0.414141414141
[[ 14.  15.   9.]
 [ 12.  12.   7.]
 [  8.   5.  18.]]
cf_score, 27.0
ratio, 0.444444444444
[[ 15.  11.   5.]
 [  9.  18.   6.]
 [ 10.  10.  16.]]
cf_score, 34.0
ratio, 0.494949494949
[[ 11.  13.   5.]
 [ 10.  14.  13.]
 [ 15.  13.   6.]]
cf_score, 11.0
ratio, 0.313131313131
[[ 14.   5.   9.]
 [ 12.  16.  11.]
 [  9.  11.  13.]]
cf_score, 25.0
ratio, 0.434343434343
[[ 19.   9.   4.]
 [ 12.  17.  10.]
 [  8.  11.  10.]]
cf_score, 34.0
ratio, 0.464646464646
[[ 26.   8.   2.]
 [ 10.  14.   6.]
 [ 16.  12.   6.]]
cf_score, 28.0
ratio, 0.464646464646
[[ 19.   8.   5.]
 [ 16.  13.   8.]
 [ 13.   4.  14.]]
cf_score, 28.0
ratio, 0.464646464646
[[ 21.  12.   5.]
 [ 18.  13.   8.]
 [  5.   8.  10.]]
cf_score, 34.0
ratio, 0.444444444444
[[ 14.  12.   5.]
 [  9.  17.  10.]
 [ 15.  12.   6.]]
cf_score, 17.0
ratio, 0.373737373737
[[ 16.  13.   6.]
 [ 13.  17.   8.]
 [ 10.   8.   9.]]
cf_score, 26.0
ratio, 0.424242424242
[[ 17.  18.   8.]
 [ 10.  11.   5.]
 [ 13.   6.  12.]]
cf_score, 19.0
ratio, 0.40404040404
[[ 14.  14.   9.]
 [  6.  19.   8.]
 [  9.   5.  16.]]
cf_score, 31.0
ratio, 0.494949494949
[[ 18.  12.   6.]
 [ 13.  13.   6.]
 [  8.  10.  14.]]
cf_score, 31.0
ratio, 0.454545454545
[[ 20.  16.   8.]
 [  9.  15.   5.]
 [ 11.  11.   5.]]
cf_score, 21.0
ratio, 0.40404040404
[[ 19.  15.   2.]
 [ 12.  13.   8.]
 [ 15.   5.  11.]]
cf_score, 26.0
ratio, 0.434343434343
[[ 19.  10.  10.]
 [  5.  17.  10.]
 [  8.  11.  10.]]
cf_score, 28.0
ratio, 0.464646464646
[[ 16.  12.   9.]
 [ 10.  12.  12.]
 [ 11.   4.  14.]]
cf_score, 22.0
ratio, 0.424242424242
[[ 14.  14.   2.]
 [  8.  11.   8.]
 [ 16.  15.  12.]]
cf_score, 19.0
ratio, 0.373737373737
[[ 10.  15.   5.]
 [ 12.  13.  11.]
 [  7.  12.  15.]]
cf_score, 26.0
ratio, 0.383838383838
[[ 16.  12.   6.]
 [ 14.  19.   8.]
 [  8.   4.  13.]]
cf_score, 34.0
ratio, 0.484848484848
[[ 18.  15.   6.]
 [ 13.  13.   5.]
 [ 10.   9.  11.]]
cf_score, 26.0
ratio, 0.424242424242
[[ 17.   9.   3.]
 [ 12.  12.  13.]
 [ 12.   9.  13.]]
cf_score, 27.0
ratio, 0.424242424242
