[[ 19.   1.  14.]
 [ 19.   2.  10.]
 [ 11.   6.  18.]]
cf_score, 14.0
nv_score, -20.0
ratio, 0.393939393939
[[ 15.   8.  15.]
 [ 13.   4.   8.]
 [ 11.   5.  21.]]
cf_score, 14.0
nv_score, -17.0
ratio, 0.40404040404
[[ 13.   5.  12.]
 [ 17.   7.  14.]
 [  6.   8.  18.]]
cf_score, 20.0
nv_score, -20.0
ratio, 0.383838383838
[[ 10.  12.  15.]
 [ 12.   6.  12.]
 [  9.   7.  17.]]
cf_score, 9.0
nv_score, -25.0
ratio, 0.333333333333
[[ 19.  14.  13.]
 [ 13.   8.   9.]
 [  8.   3.  13.]]
cf_score, 19.0
nv_score, -22.0
ratio, 0.40404040404
[[ 13.  11.   8.]
 [ 13.  13.  13.]
 [  3.   7.  19.]]
cf_score, 34.0
nv_score, -10.0
ratio, 0.454545454545
[[ 17.  15.   8.]
 [  9.   7.  11.]
 [ 11.   4.  18.]]
cf_score, 23.0
nv_score, -9.0
ratio, 0.424242424242
[[ 15.   8.  13.]
 [  8.  12.  20.]
 [  1.   4.  19.]]
cf_score, 32.0
nv_score, -27.0
ratio, 0.464646464646
[[ 19.  10.  15.]
 [ 12.  11.   9.]
 [  7.   5.  12.]]
cf_score, 20.0
nv_score, -27.0
ratio, 0.424242424242
[[ 16.  17.  10.]
 [ 12.   6.  15.]
 [  5.   7.  12.]]
cf_score, 19.0
nv_score, -23.0
ratio, 0.343434343434
[[ 18.  13.  11.]
 [  9.  10.   9.]
 [  5.  10.  15.]]
cf_score, 27.0
nv_score, -16.0
ratio, 0.434343434343
[[  8.   8.  18.]
 [  9.  20.  13.]
 [  4.   9.  11.]]
cf_score, 17.0
nv_score, -38.0
ratio, 0.393939393939
[[ 26.   9.   4.]
 [ 14.   6.   5.]
 [  3.  15.  18.]]
cf_score, 43.0
nv_score, 5.0
ratio, 0.505050505051
[[ 15.   7.   7.]
 [ 14.  12.   9.]
 [  7.  12.  17.]]
cf_score, 30.0
nv_score, -6.0
ratio, 0.444444444444
[[ 16.  16.   7.]
 [  8.  12.   6.]
 [  5.  11.  19.]]
cf_score, 35.0
nv_score, -1.0
ratio, 0.474747474747
[[ 14.   7.   6.]
 [  7.  16.  10.]
 [  8.  12.  20.]]
cf_score, 36.0
nv_score, -2.0
ratio, 0.505050505051
[[ 18.  21.   9.]
 [  6.  11.   6.]
 [  6.   7.  16.]]
cf_score, 30.0
nv_score, -8.0
ratio, 0.454545454545
[[ 12.  14.  12.]
 [  5.  10.  12.]
 [  2.  10.  23.]]
cf_score, 31.0
nv_score, -13.0
ratio, 0.454545454545
[[ 21.  16.   9.]
 [  4.  10.  17.]
 [  3.   8.  12.]]
cf_score, 31.0
nv_score, -23.0
ratio, 0.434343434343
[[ 13.  10.  13.]
 [ 12.  16.   3.]
 [  1.  16.  16.]]
cf_score, 31.0
nv_score, -13.0
ratio, 0.454545454545
[[ 18.   8.  12.]
 [  9.   9.  10.]
 [  9.   9.  16.]]
cf_score, 22.0
nv_score, -18.0
ratio, 0.434343434343
[[  7.  13.  13.]
 [ 13.  10.   8.]
 [  9.  11.  16.]]
cf_score, 11.0
nv_score, -18.0
ratio, 0.333333333333
[[ 14.  12.   8.]
 [  8.  13.   9.]
 [  8.  12.  16.]]
cf_score, 27.0
nv_score, -9.0
ratio, 0.434343434343
[[ 16.  20.   7.]
 [  8.  17.  11.]
 [  5.   7.   9.]]
cf_score, 30.0
nv_score, -16.0
ratio, 0.424242424242
[[ 19.  14.   8.]
 [  8.  18.   2.]
 [ 10.   8.  13.]]
cf_score, 32.0
nv_score, -5.0
ratio, 0.505050505051
[[  9.  16.  11.]
 [ 16.  17.   8.]
 [  3.   6.  14.]]
cf_score, 26.0
nv_score, -16.0
ratio, 0.40404040404
[[ 13.  15.   9.]
 [ 11.  11.   5.]
 [  9.   9.  18.]]
cf_score, 24.0
nv_score, -5.0
ratio, 0.424242424242
[[  8.  12.  22.]
 [  1.  10.  14.]
 [  4.  14.  15.]]
cf_score, 7.0
nv_score, -43.0
ratio, 0.333333333333
[[ 10.  18.   8.]
 [  6.  21.   5.]
 [  5.  15.  12.]]
cf_score, 30.0
nv_score, -9.0
ratio, 0.434343434343
[[  4.  14.  13.]
 [  8.  19.  11.]
 [  6.   7.  18.]]
cf_score, 22.0
nv_score, -19.0
ratio, 0.414141414141
[[ 18.  16.   7.]
 [ 15.   8.   4.]
 [  6.  13.  13.]]
cf_score, 26.0
nv_score, -5.0
ratio, 0.393939393939
[[ 16.  10.   1.]
 [ 15.  17.   7.]
 [  5.  14.  15.]]
cf_score, 42.0
nv_score, 6.0
ratio, 0.484848484848
[[ 13.  12.   9.]
 [ 11.  16.  10.]
 [  5.   6.  18.]]
cf_score, 33.0
nv_score, -10.0
ratio, 0.474747474747
[[ 23.  10.   2.]
 [ 12.  15.   8.]
 [  7.   6.  17.]]
cf_score, 46.0
nv_score, 5.0
ratio, 0.555555555556
[[  5.  11.  10.]
 [  7.  15.  12.]
 [  5.  16.  19.]]
cf_score, 24.0
nv_score, -13.0
ratio, 0.393939393939
[[ 13.  11.  13.]
 [  7.  18.  11.]
 [  2.  11.  14.]]
cf_score, 30.0
nv_score, -23.0
ratio, 0.454545454545
[[ 10.  20.   7.]
 [ 11.  12.   7.]
 [  3.  18.  12.]]
cf_score, 24.0
nv_score, -9.0
ratio, 0.343434343434
[[ 14.  14.   7.]
 [ 15.  12.   6.]
 [  7.   9.  16.]]
cf_score, 28.0
nv_score, -4.0
ratio, 0.424242424242
[[ 13.  15.   9.]
 [ 11.  12.   7.]
 [  3.   9.  21.]]
cf_score, 34.0
nv_score, -4.0
ratio, 0.464646464646
[[ 18.  10.   8.]
 [ 14.  10.   6.]
 [  6.  13.  15.]]
cf_score, 29.0
nv_score, -7.0
ratio, 0.434343434343
[[ 11.  16.  10.]
 [  6.  13.   7.]
 [  7.  17.  13.]]
cf_score, 20.0
nv_score, -14.0
ratio, 0.373737373737
[[ 13.  10.   7.]
 [ 17.  14.   4.]
 [  2.  11.  22.]]
cf_score, 40.0
nv_score, 4.0
ratio, 0.494949494949
[[ 13.  18.   5.]
 [ 10.  12.   3.]
 [  5.  13.  21.]]
cf_score, 36.0
nv_score, 8.0
ratio, 0.464646464646
[[ 15.  16.   4.]
 [ 11.  10.   5.]
 [  8.  13.  18.]]
cf_score, 31.0
nv_score, 5.0
ratio, 0.434343434343
[[ 20.  15.   5.]
 [  9.  16.  11.]
 [  8.   8.   8.]]
cf_score, 31.0
nv_score, -13.0
ratio, 0.444444444444
[[ 17.  15.   8.]
 [ 20.   9.   8.]
 [  7.   9.   7.]]
cf_score, 18.0
nv_score, -17.0
ratio, 0.333333333333
[[ 14.  12.   7.]
 [ 13.  11.  12.]
 [  3.  11.  17.]]
cf_score, 32.0
nv_score, -9.0
ratio, 0.424242424242
[[ 12.  18.   7.]
 [ 12.   9.   3.]
 [ 14.  12.  13.]]
cf_score, 13.0
nv_score, -4.0
ratio, 0.343434343434
[[ 20.  10.   7.]
 [  4.  15.  11.]
 [  7.   8.  18.]]
cf_score, 39.0
nv_score, -7.0
ratio, 0.535353535354
[[ 17.  11.   9.]
 [  9.   9.  10.]
 [  6.  10.  19.]]
cf_score, 30.0
nv_score, -9.0
ratio, 0.454545454545
