[[  0.  36.   0.]
 [  0.  30.   0.]
 [  0.  34.   0.]]
cf_score, 30.0
ratio, 0.30303030303
[[  0.  28.   0.]
 [  0.  39.   0.]
 [  0.  33.   0.]]
cf_score, 39.0
ratio, 0.393939393939
[[  0.   0.  35.]
 [  0.   0.  33.]
 [  0.   0.  32.]]
cf_score, -3.0
ratio, 0.323232323232
[[  0.  29.   0.]
 [  0.  30.   3.]
 [  0.  37.   1.]]
cf_score, 31.0
ratio, 0.313131313131
[[  1.  28.   0.]
 [  0.  30.   5.]
 [  0.  33.   3.]]
cf_score, 34.0
ratio, 0.343434343434
[[ 24.  17.   0.]
 [ 10.  12.   0.]
 [ 11.  26.   0.]]
cf_score, 25.0
ratio, 0.363636363636
[[  4.  26.   4.]
 [  8.  25.   0.]
 [  5.  28.   0.]]
cf_score, 20.0
ratio, 0.292929292929
[[  0.  17.  13.]
 [  0.  23.  11.]
 [  0.  23.  13.]]
cf_score, 23.0
ratio, 0.363636363636
[[  0.  19.  14.]
 [  0.  26.   9.]
 [  0.  25.   7.]]
cf_score, 19.0
ratio, 0.333333333333
[[  0.  22.  12.]
 [  0.  18.   9.]
 [  0.  35.   4.]]
cf_score, 10.0
ratio, 0.222222222222
[[  0.  18.  10.]
 [  0.  24.   6.]
 [  0.  34.   8.]]
cf_score, 22.0
ratio, 0.323232323232
[[  0.  19.  14.]
 [  0.  28.   6.]
 [  0.  28.   5.]]
cf_score, 19.0
ratio, 0.333333333333
[[  0.  17.  14.]
 [  0.  31.   8.]
 [  0.  21.   9.]]
cf_score, 26.0
ratio, 0.40404040404
[[  0.  24.  10.]
 [  0.  21.  13.]
 [  0.  20.  12.]]
cf_score, 23.0
ratio, 0.333333333333
[[  0.  17.  13.]
 [  0.  25.   7.]
 [  1.  26.  11.]]
cf_score, 22.0
ratio, 0.363636363636
[[  0.  19.  14.]
 [  0.  19.  12.]
 [  0.  27.   9.]]
cf_score, 14.0
ratio, 0.282828282828
[[  0.  26.   6.]
 [  0.  22.  13.]
 [  0.  23.  10.]]
cf_score, 26.0
ratio, 0.323232323232
[[  0.  26.  14.]
 [  0.  18.   7.]
 [  0.  27.   8.]]
cf_score, 12.0
ratio, 0.262626262626
[[  0.  24.  16.]
 [  0.  22.  11.]
 [  0.  24.   3.]]
cf_score, 9.0
ratio, 0.252525252525
[[  0.  23.  14.]
 [  0.  33.   6.]
 [  0.  18.   6.]]
cf_score, 25.0
ratio, 0.393939393939
[[  1.  17.  12.]
 [  0.  32.   7.]
 [  0.  24.   7.]]
cf_score, 28.0
ratio, 0.40404040404
[[  1.  22.  16.]
 [  0.  27.  11.]
 [  0.  16.   7.]]
cf_score, 19.0
ratio, 0.353535353535
[[  0.  21.  16.]
 [  0.  20.   7.]
 [  0.  25.  11.]]
cf_score, 15.0
ratio, 0.313131313131
[[  1.  17.  11.]
 [  0.  31.   5.]
 [  0.  30.   5.]]
cf_score, 26.0
ratio, 0.373737373737
[[  0.  25.  16.]
 [  0.  20.   8.]
 [  0.  28.   3.]]
cf_score, 7.0
ratio, 0.232323232323
[[  2.  21.  18.]
 [  0.  18.  10.]
 [  0.  24.   7.]]
cf_score, 9.0
ratio, 0.272727272727
[[  2.  20.  11.]
 [  1.  29.  13.]
 [  0.  17.   7.]]
cf_score, 27.0
ratio, 0.383838383838
[[  0.  27.  10.]
 [  2.  22.   6.]
 [  0.  24.   9.]]
cf_score, 21.0
ratio, 0.313131313131
[[  3.  18.  13.]
 [  0.  22.   9.]
 [  0.  27.   8.]]
cf_score, 20.0
ratio, 0.333333333333
[[  1.  20.   9.]
 [  0.  25.  13.]
 [  0.  23.   9.]]
cf_score, 26.0
ratio, 0.353535353535
[[  0.  24.  16.]
 [  0.  16.   8.]
 [  0.  30.   6.]]
cf_score, 6.0
ratio, 0.222222222222
[[  1.  19.  12.]
 [  0.  29.  12.]
 [  0.  25.   2.]]
cf_score, 20.0
ratio, 0.323232323232
[[  2.  24.   8.]
 [  0.  20.   9.]
 [  1.  26.  10.]]
cf_score, 23.0
ratio, 0.323232323232
[[  2.  19.  13.]
 [  0.  24.   8.]
 [  3.  24.   7.]]
cf_score, 17.0
ratio, 0.333333333333
[[  0.  23.  15.]
 [  0.  26.   5.]
 [  0.  19.  12.]]
cf_score, 23.0
ratio, 0.383838383838
[[  1.  28.  12.]
 [  1.  20.   6.]
 [  0.  27.   5.]]
cf_score, 14.0
ratio, 0.262626262626
[[  0.  25.  13.]
 [  0.  26.   3.]
 [  2.  28.   3.]]
cf_score, 14.0
ratio, 0.292929292929
[[  0.  21.  15.]
 [  0.  29.   7.]
 [  0.  24.   4.]]
cf_score, 18.0
ratio, 0.333333333333
[[  0.  21.  17.]
 [  0.  22.   7.]
 [  1.  20.  12.]]
cf_score, 16.0
ratio, 0.343434343434
[[  1.  32.  11.]
 [  0.  20.  10.]
 [  0.  21.   5.]]
cf_score, 15.0
ratio, 0.262626262626
[[  1.  24.  17.]
 [  0.  31.   9.]
 [  0.  16.   2.]]
cf_score, 17.0
ratio, 0.343434343434
[[  0.  19.  13.]
 [  0.  22.   4.]
 [  0.  35.   7.]]
cf_score, 16.0
ratio, 0.292929292929
[[  1.  27.  13.]
 [  0.  22.   5.]
 [  0.  28.   4.]]
cf_score, 14.0
ratio, 0.272727272727
[[  1.  27.  11.]
 [  0.  22.   9.]
 [  1.  21.   8.]]
cf_score, 19.0
ratio, 0.313131313131
[[  1.  20.  10.]
 [  0.  36.   9.]
 [  0.  18.   6.]]
cf_score, 33.0
ratio, 0.434343434343
[[  1.  26.  17.]
 [  0.  27.   5.]
 [  2.  19.   3.]]
cf_score, 12.0
ratio, 0.313131313131
[[  0.  23.   8.]
 [  0.  30.   8.]
 [  0.  22.   9.]]
cf_score, 31.0
ratio, 0.393939393939
[[  0.  20.  14.]
 [  0.  30.   6.]
 [  0.  25.   5.]]
cf_score, 21.0
ratio, 0.353535353535
[[  0.  21.  10.]
 [  0.  24.  10.]
 [  0.  28.   7.]]
cf_score, 21.0
ratio, 0.313131313131
[[  0.  24.   6.]
 [  0.  29.   4.]
 [  1.  27.   9.]]
cf_score, 31.0
ratio, 0.383838383838
[[  0.  24.  11.]
 [  0.  36.   6.]
 [  0.  16.   7.]]
cf_score, 32.0
ratio, 0.434343434343
[[  3.  14.  17.]
 [  4.  27.   7.]
 [  2.  20.   6.]]
cf_score, 17.0
ratio, 0.363636363636
[[  0.  21.   9.]
 [  1.  27.  13.]
 [  5.  18.   6.]]
cf_score, 19.0
ratio, 0.333333333333
[[  0.  27.  12.]
 [  0.  25.   8.]
 [  0.  22.   6.]]
cf_score, 19.0
ratio, 0.313131313131
[[  1.  23.  14.]
 [  0.  29.   5.]
 [  0.  24.   4.]]
cf_score, 20.0
ratio, 0.343434343434
[[  0.  25.  11.]
 [  0.  26.  10.]
 [  3.  20.   5.]]
cf_score, 17.0
ratio, 0.313131313131
[[  0.  24.  14.]
 [  0.  26.   8.]
 [  0.  27.   1.]]
cf_score, 13.0
ratio, 0.272727272727
[[  0.  19.  17.]
 [  2.  23.  10.]
 [  1.  21.   7.]]
cf_score, 12.0
ratio, 0.30303030303
[[  0.  27.  13.]
 [  0.  19.   3.]
 [  0.  31.   7.]]
cf_score, 13.0
ratio, 0.262626262626
[[  1.  20.  12.]
 [  0.  25.  12.]
 [  0.  25.   5.]]
cf_score, 19.0
ratio, 0.313131313131
[[  1.  15.  13.]
 [  3.  28.  10.]
 [  0.  17.  13.]]
cf_score, 29.0
ratio, 0.424242424242
[[  0.  19.  12.]
 [  0.  23.  12.]
 [  0.  26.   8.]]
cf_score, 19.0
ratio, 0.313131313131
[[  0.  19.  17.]
 [  0.  26.   9.]
 [  2.  25.   2.]]
cf_score, 9.0
ratio, 0.282828282828
[[  0.  25.  11.]
 [  0.  28.   7.]
 [  0.  22.   7.]]
cf_score, 24.0
ratio, 0.353535353535
[[  0.  20.  15.]
 [  0.  29.   4.]
 [  0.  28.   4.]]
cf_score, 18.0
ratio, 0.333333333333
[[  1.  23.  12.]
 [  0.  21.   6.]
 [  0.  29.   8.]]
cf_score, 18.0
ratio, 0.30303030303
[[  2.  18.  10.]
 [  0.  26.   5.]
 [  2.  29.   8.]]
cf_score, 24.0
ratio, 0.363636363636
[[  3.  18.  13.]
 [  5.  23.  10.]
 [  4.  20.   4.]]
cf_score, 13.0
ratio, 0.30303030303
[[  0.  18.  15.]
 [  1.  27.   7.]
 [  1.  26.   5.]]
cf_score, 16.0
ratio, 0.323232323232
[[  0.  28.  17.]
 [  1.  29.   2.]
 [  1.  16.   6.]]
cf_score, 17.0
ratio, 0.353535353535
[[  0.  23.  13.]
 [  0.  21.  10.]
 [  0.  25.   8.]]
cf_score, 16.0
ratio, 0.292929292929
[[  1.  15.  17.]
 [  0.  22.   6.]
 [  0.  28.  11.]]
cf_score, 17.0
ratio, 0.343434343434
[[  1.  16.   6.]
 [  0.  34.  10.]
 [  3.  26.   4.]]
cf_score, 30.0
ratio, 0.393939393939
[[  0.  24.  16.]
 [  0.  26.   6.]
 [  0.  23.   5.]]
cf_score, 15.0
ratio, 0.313131313131
[[  0.  26.  16.]
 [  0.  25.  10.]
 [  0.  16.   7.]]
cf_score, 16.0
ratio, 0.323232323232
[[  0.  21.  11.]
 [  0.  27.   2.]
 [  3.  26.  10.]]
cf_score, 23.0
ratio, 0.373737373737
[[  1.  16.  13.]
 [  2.  26.   7.]
 [  1.  29.   5.]]
cf_score, 18.0
ratio, 0.323232323232
[[  0.  27.   7.]
 [  1.  25.  12.]
 [  0.  24.   4.]]
cf_score, 22.0
ratio, 0.292929292929
[[  1.  21.  11.]
 [  0.  24.   9.]
 [  2.  29.   3.]]
cf_score, 15.0
ratio, 0.282828282828
[[  0.  31.  15.]
 [  0.  18.   6.]
 [  0.  22.   8.]]
cf_score, 11.0
ratio, 0.262626262626
[[  0.  22.  11.]
 [  0.  22.   9.]
 [  1.  31.   4.]]
cf_score, 14.0
ratio, 0.262626262626
[[  2.  23.   9.]
 [  0.  35.   6.]
 [  2.  19.   4.]]
cf_score, 30.0
ratio, 0.414141414141
[[  0.  28.   9.]
 [  0.  24.   7.]
 [  0.  28.   4.]]
cf_score, 19.0
ratio, 0.282828282828
[[  1.  22.  10.]
 [  0.  25.   6.]
 [  0.  31.   5.]]
cf_score, 21.0
ratio, 0.313131313131
[[  1.  18.  11.]
 [  0.  30.   5.]
 [  1.  29.   5.]]
cf_score, 24.0
ratio, 0.363636363636
[[  1.  26.  13.]
 [  0.  26.   6.]
 [  2.  18.   8.]]
cf_score, 20.0
ratio, 0.353535353535
[[  1.  21.  14.]
 [  0.  24.   7.]
 [  0.  26.   7.]]
cf_score, 18.0
ratio, 0.323232323232
[[  0.  26.  12.]
 [  1.  20.  12.]
 [  0.  20.   9.]]
cf_score, 17.0
ratio, 0.292929292929
[[  0.  27.  10.]
 [  0.  30.   9.]
 [  0.  21.   3.]]
cf_score, 23.0
ratio, 0.333333333333
[[  0.  19.  12.]
 [  0.  34.   9.]
 [  1.  20.   5.]]
cf_score, 26.0
ratio, 0.393939393939
[[  2.  17.  10.]
 [  5.  32.   7.]
 [  1.  17.   9.]]
cf_score, 32.0
ratio, 0.434343434343
[[  2.  20.   7.]
 [  0.  27.  10.]
 [  3.  24.   7.]]
cf_score, 26.0
ratio, 0.363636363636
[[  1.  26.  11.]
 [  0.  27.   6.]
 [  2.  23.   4.]]
cf_score, 19.0
ratio, 0.323232323232
[[  3.  20.  16.]
 [  0.  28.   8.]
 [  1.  15.   9.]]
cf_score, 23.0
ratio, 0.40404040404
[[  2.  26.  15.]
 [  0.  19.   7.]
 [  2.  18.  11.]]
cf_score, 15.0
ratio, 0.323232323232
[[  0.  20.  17.]
 [  0.  20.  15.]
 [  0.  23.   5.]]
cf_score, 8.0
ratio, 0.252525252525
[[  1.  20.  12.]
 [  1.  27.   8.]
 [  1.  22.   8.]]
cf_score, 23.0
ratio, 0.363636363636
[[  0.  21.  14.]
 [  1.  24.   8.]
 [  1.  27.   4.]]
cf_score, 13.0
ratio, 0.282828282828
[[  1.  30.  14.]
 [  0.  22.   5.]
 [  1.  18.   9.]]
cf_score, 17.0
ratio, 0.323232323232
[[  1.  20.  18.]
 [  0.  20.   8.]
 [  4.  20.   9.]]
cf_score, 8.0
ratio, 0.30303030303
