[[  3.  14.  22.]
 [  4.  15.  12.]
 [  6.  12.  12.]]
cf_score, 2.0
nv_score, -44.0
ratio, 0.30303030303
[[ 20.  13.   0.]
 [ 10.  21.   0.]
 [ 25.  11.   0.]]
cf_score, 16.0
nv_score, 0.0
ratio, 0.414141414141
[[ 21.  13.   0.]
 [  8.  19.   2.]
 [ 29.   7.   1.]]
cf_score, 12.0
nv_score, -1.0
ratio, 0.414141414141
[[ 18.  14.   1.]
 [ 11.  21.   4.]
 [ 21.   8.   2.]]
cf_score, 19.0
nv_score, -4.0
ratio, 0.414141414141
[[ 17.  12.   7.]
 [  4.  15.   9.]
 [ 18.  10.   8.]]
cf_score, 15.0
nv_score, -15.0
ratio, 0.40404040404
[[ 21.  12.   2.]
 [ 13.  16.   1.]
 [ 31.   4.   0.]]
cf_score, 4.0
nv_score, -5.0
ratio, 0.373737373737
[[ 13.  12.   1.]
 [  9.  23.   2.]
 [ 21.  13.   6.]]
cf_score, 20.0
nv_score, 2.0
ratio, 0.424242424242
[[ 32.   9.   0.]
 [ 10.  10.   0.]
 [ 26.  13.   0.]]
cf_score, 16.0
nv_score, 0.0
ratio, 0.424242424242
[[ 22.   5.   0.]
 [ 12.  22.   0.]
 [ 25.  14.   0.]]
cf_score, 19.0
nv_score, 0.0
ratio, 0.444444444444
[[ 26.   9.   0.]
 [ 15.  15.   0.]
 [ 25.  10.   0.]]
cf_score, 16.0
nv_score, 0.0
ratio, 0.414141414141
[[ 23.  11.   0.]
 [  8.  30.   0.]
 [ 19.   9.   0.]]
cf_score, 34.0
nv_score, 0.0
ratio, 0.535353535354
[[ 14.  10.   3.]
 [  9.  28.   1.]
 [ 24.   9.   2.]]
cf_score, 17.0
nv_score, -5.0
ratio, 0.444444444444
[[ 21.  11.   5.]
 [  6.  19.   3.]
 [ 16.  13.   6.]]
cf_score, 25.0
nv_score, -7.0
ratio, 0.464646464646
[[ 23.  14.   0.]
 [  8.  19.   0.]
 [ 24.  12.   0.]]
cf_score, 18.0
nv_score, 0.0
ratio, 0.424242424242
[[ 22.  12.   1.]
 [ 18.  18.   0.]
 [ 22.   6.   1.]]
cf_score, 18.0
nv_score, -1.0
ratio, 0.414141414141
[[ 22.  16.   0.]
 [  5.  25.   0.]
 [ 20.  12.   0.]]
cf_score, 27.0
nv_score, 0.0
ratio, 0.474747474747
[[ 28.  13.   1.]
 [  7.  20.   0.]
 [ 18.   9.   4.]]
cf_score, 33.0
nv_score, 2.0
ratio, 0.525252525253
[[ 17.  12.   3.]
 [  5.  29.   1.]
 [ 15.  12.   6.]]
cf_score, 34.0
nv_score, -1.0
ratio, 0.525252525253
[[ 25.   9.   0.]
 [ 11.  22.   0.]
 [ 23.  10.   0.]]
cf_score, 24.0
nv_score, 0.0
ratio, 0.474747474747
[[ 16.   9.   3.]
 [  4.  23.   3.]
 [ 24.  14.   4.]]
cf_score, 16.0
nv_score, -5.0
ratio, 0.434343434343
[[ 15.  12.   1.]
 [ 12.  16.   3.]
 [ 29.  12.   0.]]
cf_score, 1.0
nv_score, -5.0
ratio, 0.313131313131
[[ 13.  13.   9.]
 [  9.  15.   4.]
 [ 20.   9.   8.]]
cf_score, 7.0
nv_score, -14.0
ratio, 0.363636363636
[[ 27.   9.   0.]
 [ 14.  18.   0.]
 [ 20.  12.   0.]]
cf_score, 25.0
nv_score, 0.0
ratio, 0.454545454545
[[ 21.  10.   3.]
 [  7.  19.   3.]
 [ 25.   8.   4.]]
cf_score, 16.0
nv_score, -5.0
ratio, 0.444444444444
[[ 22.  11.   0.]
 [ 10.  19.   0.]
 [ 27.  10.   1.]]
cf_score, 15.0
nv_score, 1.0
ratio, 0.424242424242
[[ 22.   7.   1.]
 [  8.  18.   3.]
 [ 25.  14.   2.]]
cf_score, 16.0
nv_score, -3.0
ratio, 0.424242424242
[[ 24.  13.   5.]
 [ 10.  16.   8.]
 [ 18.   5.   1.]]
cf_score, 18.0
nv_score, -17.0
ratio, 0.414141414141
[[ 20.  12.   2.]
 [ 12.  15.   2.]
 [ 25.   8.   4.]]
cf_score, 12.0
nv_score, -2.0
ratio, 0.393939393939
[[ 20.  14.   5.]
 [ 10.  21.   3.]
 [ 18.   7.   2.]]
cf_score, 20.0
nv_score, -11.0
ratio, 0.434343434343
[[ 20.  10.   4.]
 [  8.  23.   3.]
 [ 20.   8.   4.]]
cf_score, 23.0
nv_score, -7.0
ratio, 0.474747474747
[[ 25.   6.   4.]
 [ 18.  15.   1.]
 [ 26.   3.   2.]]
cf_score, 12.0
nv_score, -7.0
ratio, 0.424242424242
[[ 19.  12.   5.]
 [  9.  22.   3.]
 [ 25.   4.   1.]]
cf_score, 12.0
nv_score, -12.0
ratio, 0.424242424242
[[ 18.  10.   2.]
 [  9.  26.   1.]
 [ 20.  13.   1.]]
cf_score, 23.0
nv_score, -4.0
ratio, 0.454545454545
[[ 22.  10.   0.]
 [ 13.  17.   0.]
 [ 22.  16.   0.]]
cf_score, 17.0
nv_score, 0.0
ratio, 0.393939393939
[[ 11.   9.   6.]
 [ 12.  21.   4.]
 [ 14.  14.   9.]]
cf_score, 21.0
nv_score, -7.0
ratio, 0.414141414141
[[ 20.  11.   7.]
 [  9.  16.   9.]
 [ 16.   7.   5.]]
cf_score, 18.0
nv_score, -18.0
ratio, 0.414141414141
[[ 17.   9.   5.]
 [ 13.  26.   4.]
 [ 10.  11.   5.]]
cf_score, 33.0
nv_score, -9.0
ratio, 0.484848484848
[[ 17.   8.   5.]
 [ 11.  19.   4.]
 [ 30.   4.   2.]]
cf_score, 3.0
nv_score, -12.0
ratio, 0.383838383838
[[ 22.  10.   5.]
 [  8.  18.   5.]
 [ 16.  10.   6.]]
cf_score, 25.0
nv_score, -9.0
ratio, 0.464646464646
[[ 16.   7.   7.]
 [ 17.  21.   0.]
 [ 21.   8.   3.]]
cf_score, 12.0
nv_score, -11.0
ratio, 0.40404040404
[[ 12.   7.   7.]
 [  5.  28.   5.]
 [ 17.  16.   3.]]
cf_score, 19.0
nv_score, -16.0
ratio, 0.434343434343
[[ 17.  16.   5.]
 [ 10.  22.   1.]
 [ 11.  11.   7.]]
cf_score, 30.0
nv_score, -4.0
ratio, 0.464646464646
[[ 11.  12.   9.]
 [  7.  21.   5.]
 [ 20.   5.  10.]]
cf_score, 13.0
nv_score, -13.0
ratio, 0.424242424242
[[ 17.   6.   5.]
 [ 11.  22.   2.]
 [ 23.   8.   6.]]
cf_score, 17.0
nv_score, -6.0
ratio, 0.454545454545
[[ 16.   7.  13.]
 [  6.  12.   4.]
 [ 19.   9.  14.]]
cf_score, 10.0
nv_score, -16.0
ratio, 0.424242424242
[[ 17.  10.   4.]
 [  9.  19.   6.]
 [ 18.  12.   5.]]
cf_score, 19.0
nv_score, -9.0
ratio, 0.414141414141
[[ 14.  10.  14.]
 [  5.  17.  11.]
 [  9.   8.  12.]]
cf_score, 20.0
nv_score, -27.0
ratio, 0.434343434343
[[ 12.   9.   9.]
 [ 10.  25.   7.]
 [ 13.   8.   7.]]
cf_score, 22.0
nv_score, -18.0
ratio, 0.444444444444
[[ 10.   6.  12.]
 [  7.  23.   8.]
 [ 11.   9.  14.]]
cf_score, 24.0
nv_score, -18.0
ratio, 0.474747474747
[[ 12.  12.   5.]
 [  8.  27.   2.]
 [ 17.   8.   9.]]
cf_score, 26.0
nv_score, -3.0
ratio, 0.484848484848
