[[  0.  32.   5.]
 [  0.  30.   5.]
 [  0.  15.  13.]]
cf_score, 38.0
nv_score, -2.0
ratio, 0.434343434343
[[  0.  24.   5.]
 [  2.  24.  13.]
 [  0.  16.  16.]]
cf_score, 35.0
nv_score, -7.0
ratio, 0.40404040404
[[  0.  18.  11.]
 [  0.  29.  12.]
 [  0.  10.  20.]]
cf_score, 38.0
nv_score, -14.0
ratio, 0.494949494949
[[  0.  22.  14.]
 [  4.  23.   9.]
 [  1.  10.  17.]]
cf_score, 25.0
nv_score, -20.0
ratio, 0.40404040404
[[  0.  23.  10.]
 [  0.  27.   7.]
 [  0.   8.  25.]]
cf_score, 42.0
nv_score, -2.0
ratio, 0.525252525253
[[  0.  22.   8.]
 [  0.  23.  10.]
 [  0.  21.  16.]]
cf_score, 31.0
nv_score, -10.0
ratio, 0.393939393939
[[ 30.   0.   6.]
 [ 28.   0.   9.]
 [ 12.   0.  15.]]
cf_score, 27.0
nv_score, -6.0
ratio, 0.454545454545
[[ 19.   0.   7.]
 [ 29.   0.  14.]
 [ 11.   0.  20.]]
cf_score, 21.0
nv_score, -8.0
ratio, 0.393939393939
[[ 24.   0.  10.]
 [ 22.   0.  12.]
 [ 18.   0.  14.]]
cf_score, 10.0
nv_score, -18.0
ratio, 0.383838383838
[[ 31.   0.   3.]
 [ 26.   0.  11.]
 [ 16.   0.  13.]]
cf_score, 25.0
nv_score, -4.0
ratio, 0.444444444444
[[ 20.   0.  11.]
 [ 34.   0.   6.]
 [  9.   0.  20.]]
cf_score, 20.0
nv_score, -8.0
ratio, 0.40404040404
[[ 29.   0.  13.]
 [ 24.   0.  13.]
 [  3.   0.  18.]]
cf_score, 31.0
nv_score, -21.0
ratio, 0.474747474747
[[ 24.   0.   8.]
 [ 28.   6.  12.]
 [  7.   0.  15.]]
cf_score, 30.0
nv_score, -13.0
ratio, 0.454545454545
[[ 18.   5.  13.]
 [ 20.   6.  17.]
 [  4.   0.  17.]]
cf_score, 24.0
nv_score, -26.0
ratio, 0.414141414141
[[ 23.   0.   8.]
 [ 30.   0.  11.]
 [ 14.   0.  14.]]
cf_score, 15.0
nv_score, -13.0
ratio, 0.373737373737
[[  0.  20.   7.]
 [  0.  24.  11.]
 [  0.  12.  26.]]
cf_score, 43.0
nv_score, 1.0
ratio, 0.505050505051
[[ 25.   0.  11.]
 [ 28.   0.   8.]
 [ 12.   0.  16.]]
cf_score, 18.0
nv_score, -14.0
ratio, 0.414141414141
[[ 17.   5.  11.]
 [ 23.   2.  17.]
 [  5.   0.  20.]]
cf_score, 23.0
nv_score, -19.0
ratio, 0.393939393939
[[  0.  23.   8.]
 [  0.  26.  18.]
 [  0.   5.  20.]]
cf_score, 38.0
nv_score, -14.0
ratio, 0.464646464646
[[ 18.   8.   8.]
 [ 13.   9.  12.]
 [  3.   8.  21.]]
cf_score, 37.0
nv_score, -7.0
ratio, 0.484848484848
[[ 21.   2.  14.]
 [ 17.   6.   7.]
 [  9.   9.  15.]]
cf_score, 19.0
nv_score, -20.0
ratio, 0.424242424242
[[ 29.   0.   8.]
 [ 25.   0.  13.]
 [ 13.   0.  12.]]
cf_score, 20.0
nv_score, -17.0
ratio, 0.414141414141
[[ 30.   0.   6.]
 [ 21.   2.   9.]
 [ 11.   3.  18.]]
cf_score, 33.0
nv_score, -3.0
ratio, 0.505050505051
[[ 25.   1.   5.]
 [ 28.   2.   9.]
 [  9.   2.  19.]]
cf_score, 32.0
nv_score, 0.0
ratio, 0.464646464646
[[ 20.   0.   8.]
 [ 20.   3.  14.]
 [  6.   2.  27.]]
cf_score, 36.0
nv_score, -3.0
ratio, 0.505050505051
[[ 30.   0.   9.]
 [ 20.   1.  11.]
 [  8.   0.  21.]]
cf_score, 35.0
nv_score, -8.0
ratio, 0.525252525253
[[ 24.   3.  12.]
 [ 12.   2.  20.]
 [ 11.   5.  11.]]
cf_score, 14.0
nv_score, -33.0
ratio, 0.373737373737
[[ 23.   0.   2.]
 [ 28.   3.   9.]
 [  9.   4.  22.]]
cf_score, 37.0
nv_score, 9.0
ratio, 0.484848484848
[[  7.  11.  20.]
 [ 10.  14.  12.]
 [  2.   7.  17.]]
cf_score, 16.0
nv_score, -35.0
ratio, 0.383838383838
[[ 27.   0.   9.]
 [ 27.   2.  10.]
 [ 13.   1.  11.]]
cf_score, 18.0
nv_score, -17.0
ratio, 0.40404040404
[[ 17.  14.   7.]
 [ 12.   6.  12.]
 [  3.   8.  21.]]
cf_score, 34.0
nv_score, -5.0
ratio, 0.444444444444
[[ 24.   3.  12.]
 [ 17.   5.  14.]
 [  5.   7.  13.]]
cf_score, 25.0
nv_score, -25.0
ratio, 0.424242424242
[[ 12.   8.  11.]
 [ 19.  10.  12.]
 [  6.   6.  16.]]
cf_score, 21.0
nv_score, -18.0
ratio, 0.383838383838
[[ 15.   7.  10.]
 [ 11.   9.  15.]
 [  7.   5.  21.]]
cf_score, 28.0
nv_score, -14.0
ratio, 0.454545454545
[[ 24.   1.   8.]
 [ 25.   3.   6.]
 [ 14.   2.  17.]]
cf_score, 22.0
nv_score, -5.0
ratio, 0.444444444444
[[ 11.   8.  10.]
 [ 15.  12.   7.]
 [  1.  10.  26.]]
cf_score, 38.0
nv_score, -1.0
ratio, 0.494949494949
[[ 28.   0.   8.]
 [ 26.   3.  11.]
 [  7.   2.  15.]]
cf_score, 31.0
nv_score, -12.0
ratio, 0.464646464646
[[ 24.   1.   6.]
 [ 20.   6.  13.]
 [  7.   5.  18.]]
cf_score, 35.0
nv_score, -7.0
ratio, 0.484848484848
[[ 12.   4.   9.]
 [ 17.   8.  13.]
 [  6.   8.  23.]]
cf_score, 28.0
nv_score, -8.0
ratio, 0.434343434343
[[ 26.   0.   7.]
 [ 24.   5.  10.]
 [  4.   4.  20.]]
cf_score, 40.0
nv_score, -4.0
ratio, 0.515151515152
[[ 28.   1.   4.]
 [ 21.   4.  15.]
 [  8.   5.  14.]]
cf_score, 34.0
nv_score, -9.0
ratio, 0.464646464646
[[ 21.   2.  12.]
 [ 20.   5.   9.]
 [  8.   7.  16.]]
cf_score, 22.0
nv_score, -17.0
ratio, 0.424242424242
[[ 18.   0.  11.]
 [ 23.   6.  11.]
 [  8.   6.  17.]]
cf_score, 22.0
nv_score, -16.0
ratio, 0.414141414141
[[ 20.   4.   4.]
 [ 31.   3.   8.]
 [  6.   9.  15.]]
cf_score, 28.0
nv_score, -1.0
ratio, 0.383838383838
[[ 21.   6.   5.]
 [ 20.   6.   6.]
 [  2.   8.  26.]]
cf_score, 46.0
nv_score, 10.0
ratio, 0.535353535354
[[ 26.   2.   8.]
 [ 22.   8.  11.]
 [  3.   5.  15.]]
cf_score, 38.0
nv_score, -12.0
ratio, 0.494949494949
[[ 20.   7.   6.]
 [ 16.  11.  11.]
 [  2.   4.  23.]]
cf_score, 46.0
nv_score, 0.0
ratio, 0.545454545455
[[ 17.   4.   8.]
 [ 21.   8.  10.]
 [  7.   4.  21.]]
cf_score, 31.0
nv_score, -5.0
ratio, 0.464646464646
[[ 11.  11.  10.]
 [ 11.   8.  17.]
 [  3.   7.  22.]]
cf_score, 28.0
nv_score, -15.0
ratio, 0.414141414141
[[ 19.  13.   9.]
 [ 19.   7.  11.]
 [  4.   1.  17.]]
cf_score, 30.0
nv_score, -12.0
ratio, 0.434343434343
