[[ 32.   0.   3.]
 [ 25.   0.   7.]
 [ 22.   0.  11.]]
cf_score, 18.0
nv_score, -2.0
ratio, 0.434343434343
[[ 16.   1.  12.]
 [ 22.   1.  13.]
 [ 21.   0.  14.]]
cf_score, -2.0
nv_score, -23.0
ratio, 0.313131313131
[[ 24.   0.   7.]
 [ 20.   1.   9.]
 [ 24.   0.  15.]]
cf_score, 9.0
nv_score, -8.0
ratio, 0.40404040404
[[ 21.   2.   6.]
 [ 26.   0.   9.]
 [ 25.   0.  11.]]
cf_score, 1.0
nv_score, -10.0
ratio, 0.323232323232
[[ 21.   1.   9.]
 [ 24.   1.  10.]
 [ 22.   0.  12.]]
cf_score, 3.0
nv_score, -16.0
ratio, 0.343434343434
[[ 19.   3.   8.]
 [ 20.   3.  11.]
 [ 20.   1.  15.]]
cf_score, 9.0
nv_score, -12.0
ratio, 0.373737373737
[[ 35.   0.   5.]
 [ 20.   1.   8.]
 [ 16.   2.  13.]]
cf_score, 28.0
nv_score, -5.0
ratio, 0.494949494949
[[ 21.   3.  10.]
 [ 25.   0.  15.]
 [  9.   2.  15.]]
cf_score, 17.0
nv_score, -20.0
ratio, 0.363636363636
[[ 25.   1.  11.]
 [ 13.   0.  17.]
 [ 14.   2.  17.]]
cf_score, 17.0
nv_score, -22.0
ratio, 0.424242424242
[[ 12.   5.   5.]
 [ 24.   2.  20.]
 [ 13.   2.  17.]]
cf_score, 13.0
nv_score, -13.0
ratio, 0.313131313131
[[ 19.   1.   9.]
 [ 26.   2.   9.]
 [ 18.   0.  16.]]
cf_score, 10.0
nv_score, -11.0
ratio, 0.373737373737
[[ 19.   1.   7.]
 [ 19.   2.  18.]
 [ 13.   1.  20.]]
cf_score, 21.0
nv_score, -12.0
ratio, 0.414141414141
[[ 22.   4.   5.]
 [ 27.   2.   7.]
 [ 16.   1.  16.]]
cf_score, 19.0
nv_score, -1.0
ratio, 0.40404040404
[[ 17.   4.   8.]
 [ 18.   1.  11.]
 [ 20.   2.  19.]]
cf_score, 9.0
nv_score, -8.0
ratio, 0.373737373737
[[ 20.   1.   7.]
 [ 28.   2.  10.]
 [ 15.   0.  17.]]
cf_score, 17.0
nv_score, -7.0
ratio, 0.393939393939
[[ 17.   0.   5.]
 [ 23.   2.  10.]
 [ 20.   3.  20.]]
cf_score, 14.0
nv_score, 0.0
ratio, 0.393939393939
[[ 15.   2.   8.]
 [ 15.   1.  20.]
 [ 16.   0.  23.]]
cf_score, 15.0
nv_score, -13.0
ratio, 0.393939393939
[[ 28.   0.   7.]
 [ 19.   0.  10.]
 [ 19.   1.  16.]]
cf_score, 18.0
nv_score, -8.0
ratio, 0.444444444444
[[ 28.   0.   4.]
 [ 26.   0.  12.]
 [ 14.   2.  14.]]
cf_score, 24.0
nv_score, -6.0
ratio, 0.424242424242
[[ 25.   0.   5.]
 [ 15.   1.  21.]
 [ 17.   0.  16.]]
cf_score, 20.0
nv_score, -15.0
ratio, 0.424242424242
[[ 19.   0.   4.]
 [ 29.   0.  10.]
 [ 16.   0.  22.]]
cf_score, 21.0
nv_score, 4.0
ratio, 0.414141414141
[[ 30.   0.   7.]
 [ 19.   0.   6.]
 [ 21.   0.  17.]]
cf_score, 19.0
nv_score, -3.0
ratio, 0.474747474747
[[ 24.   0.   5.]
 [ 21.   0.  21.]
 [ 15.   0.  14.]]
cf_score, 18.0
nv_score, -17.0
ratio, 0.383838383838
[[ 22.   0.   7.]
 [ 23.   0.  11.]
 [ 17.   0.  20.]]
cf_score, 18.0
nv_score, -5.0
ratio, 0.424242424242
[[ 25.   0.   7.]
 [ 15.   0.  15.]
 [ 17.   0.  21.]]
cf_score, 22.0
nv_score, -8.0
ratio, 0.464646464646
[[ 24.   0.   5.]
 [ 20.   0.  16.]
 [ 19.   0.  16.]]
cf_score, 16.0
nv_score, -10.0
ratio, 0.40404040404
[[ 24.   0.   7.]
 [ 19.   0.  14.]
 [ 20.   0.  16.]]
cf_score, 13.0
nv_score, -12.0
ratio, 0.40404040404
[[ 27.   0.   5.]
 [ 28.   0.  10.]
 [ 17.   0.  13.]]
cf_score, 18.0
nv_score, -7.0
ratio, 0.40404040404
[[ 22.   0.   4.]
 [ 21.   0.  12.]
 [ 19.   0.  22.]]
cf_score, 21.0
nv_score, 2.0
ratio, 0.444444444444
[[ 23.   0.   5.]
 [ 28.   0.  13.]
 [ 17.   0.  14.]]
cf_score, 15.0
nv_score, -9.0
ratio, 0.373737373737
[[ 22.   0.   5.]
 [ 35.   0.   9.]
 [ 17.   0.  12.]]
cf_score, 12.0
nv_score, -7.0
ratio, 0.343434343434
[[ 28.   0.  10.]
 [ 22.   0.   8.]
 [ 16.   0.  16.]]
cf_score, 18.0
nv_score, -12.0
ratio, 0.444444444444
[[ 24.   0.   7.]
 [ 18.   0.  14.]
 [ 17.   0.  20.]]
cf_score, 20.0
nv_score, -8.0
ratio, 0.444444444444
[[ 22.   0.  10.]
 [ 32.   0.   3.]
 [ 19.   0.  14.]]
cf_score, 7.0
nv_score, -9.0
ratio, 0.363636363636
[[ 21.   0.   6.]
 [ 32.   0.   7.]
 [ 16.   0.  18.]]
cf_score, 17.0
nv_score, -1.0
ratio, 0.393939393939
[[ 25.   0.   7.]
 [ 21.   0.  14.]
 [ 13.   0.  20.]]
cf_score, 25.0
nv_score, -8.0
ratio, 0.454545454545
[[ 24.   0.   2.]
 [ 26.   0.  13.]
 [ 20.   0.  15.]]
cf_score, 17.0
nv_score, -2.0
ratio, 0.393939393939
[[ 21.   0.   6.]
 [ 24.   0.  15.]
 [ 13.   0.  21.]]
cf_score, 23.0
nv_score, -6.0
ratio, 0.424242424242
[[ 27.   0.   8.]
 [ 24.   0.  13.]
 [ 12.   0.  16.]]
cf_score, 23.0
nv_score, -13.0
ratio, 0.434343434343
[[ 25.   0.   2.]
 [ 23.   0.   6.]
 [ 26.   0.  18.]]
cf_score, 15.0
nv_score, 8.0
ratio, 0.434343434343
[[ 25.   0.   8.]
 [ 20.   0.  11.]
 [ 16.   0.  20.]]
cf_score, 21.0
nv_score, -7.0
ratio, 0.454545454545
[[ 33.   0.   3.]
 [ 14.   0.   9.]
 [ 17.   0.  24.]]
cf_score, 37.0
nv_score, 9.0
ratio, 0.575757575758
[[ 21.   0.   5.]
 [ 25.   0.   7.]
 [ 23.   0.  19.]]
cf_score, 12.0
nv_score, 2.0
ratio, 0.40404040404
[[ 25.   0.   3.]
 [ 32.   0.  11.]
 [ 14.   0.  15.]]
cf_score, 23.0
nv_score, -2.0
ratio, 0.40404040404
[[ 17.   0.  10.]
 [ 27.   0.  17.]
 [  9.   0.  20.]]
cf_score, 18.0
nv_score, -17.0
ratio, 0.373737373737
[[ 23.   0.   4.]
 [ 25.   0.  14.]
 [ 14.   0.  20.]]
cf_score, 25.0
nv_score, -2.0
ratio, 0.434343434343
[[ 31.   0.   2.]
 [ 19.   0.  10.]
 [ 21.   0.  17.]]
cf_score, 25.0
nv_score, 3.0
ratio, 0.484848484848
[[ 20.   0.   3.]
 [ 32.   0.   8.]
 [ 13.   0.  24.]]
cf_score, 28.0
nv_score, 10.0
ratio, 0.444444444444
[[ 20.   0.   7.]
 [ 26.   0.  11.]
 [ 24.   0.  12.]]
cf_score, 1.0
nv_score, -13.0
ratio, 0.323232323232
[[ 37.   0.   5.]
 [ 25.   0.   9.]
 [ 17.   0.   7.]]
cf_score, 22.0
nv_score, -12.0
ratio, 0.444444444444
