[[  0.  25.   0.]
 [  0.  42.   0.]
 [  0.  33.   0.]]
cf_score, 42.0
ratio, 0.424242424242
[[  0.   0.  32.]
 [  0.   0.  37.]
 [  0.   0.  31.]]
cf_score, -1.0
ratio, 0.313131313131
[[  0.   0.  36.]
 [  0.   0.  35.]
 [  0.   0.  29.]]
cf_score, -7.0
ratio, 0.292929292929
[[  0.  29.   0.]
 [  0.  34.   0.]
 [  0.  37.   0.]]
cf_score, 34.0
ratio, 0.343434343434
[[  0.  36.   0.]
 [  0.  25.   0.]
 [  0.  39.   0.]]
cf_score, 25.0
ratio, 0.252525252525
[[ 29.   0.   0.]
 [ 35.   0.   0.]
 [ 36.   0.   0.]]
cf_score, -7.0
ratio, 0.292929292929
[[  0.  32.   0.]
 [  0.  29.   0.]
 [  0.  39.   0.]]
cf_score, 29.0
ratio, 0.292929292929
[[ 37.   0.   0.]
 [ 29.   0.   0.]
 [ 34.   0.   0.]]
cf_score, 3.0
ratio, 0.373737373737
[[ 46.   0.   0.]
 [ 22.   0.   0.]
 [ 32.   0.   0.]]
cf_score, 14.0
ratio, 0.464646464646
[[  0.   0.  34.]
 [  0.   0.  34.]
 [  0.   0.  32.]]
cf_score, -2.0
ratio, 0.323232323232
[[  0.  20.   0.]
 [  0.  44.   0.]
 [  0.  36.   0.]]
cf_score, 44.0
ratio, 0.444444444444
[[  0.  26.   0.]
 [  0.  32.   0.]
 [  0.  42.   0.]]
cf_score, 32.0
ratio, 0.323232323232
[[  0.   0.  33.]
 [  0.   0.  37.]
 [  0.   0.  30.]]
cf_score, -3.0
ratio, 0.30303030303
[[  0.  33.   0.]
 [  0.  30.   0.]
 [  0.  37.   0.]]
cf_score, 30.0
ratio, 0.30303030303
[[ 35.   0.   0.]
 [ 33.   0.   0.]
 [ 32.   0.   0.]]
cf_score, 3.0
ratio, 0.353535353535
[[ 34.   0.   0.]
 [ 28.   0.   0.]
 [ 38.   0.   0.]]
cf_score, -4.0
ratio, 0.343434343434
[[ 33.   0.   0.]
 [ 30.   0.   0.]
 [ 37.   0.   0.]]
cf_score, -4.0
ratio, 0.333333333333
[[ 27.   0.   0.]
 [ 36.   0.   0.]
 [ 37.   0.   0.]]
cf_score, -10.0
ratio, 0.272727272727
[[  0.  30.   0.]
 [  0.  39.   0.]
 [  0.  31.   0.]]
cf_score, 39.0
ratio, 0.393939393939
[[  0.  39.   0.]
 [  0.  31.   0.]
 [  0.  30.   0.]]
cf_score, 31.0
ratio, 0.313131313131
[[  0.  26.   0.]
 [  0.  46.   0.]
 [  0.  28.   0.]]
cf_score, 46.0
ratio, 0.464646464646
[[  0.  32.   0.]
 [  0.  33.   0.]
 [  0.  35.   0.]]
cf_score, 33.0
ratio, 0.333333333333
[[  0.   0.  24.]
 [  0.   0.  38.]
 [  0.   0.  38.]]
cf_score, 14.0
ratio, 0.383838383838
[[  0.   0.  23.]
 [  0.   0.  43.]
 [  0.   0.  34.]]
cf_score, 11.0
ratio, 0.343434343434
[[  0.  34.   0.]
 [  0.  32.   0.]
 [  0.  34.   0.]]
cf_score, 32.0
ratio, 0.323232323232
[[ 33.   0.   0.]
 [ 32.   0.   0.]
 [ 35.   0.   0.]]
cf_score, -2.0
ratio, 0.333333333333
[[ 31.   0.   0.]
 [ 39.   0.   0.]
 [ 30.   0.   0.]]
cf_score, 1.0
ratio, 0.313131313131
[[ 33.   0.   0.]
 [ 40.   0.   0.]
 [ 27.   0.   0.]]
cf_score, 6.0
ratio, 0.333333333333
[[ 37.   0.   0.]
 [ 34.   0.   0.]
 [ 29.   0.   0.]]
cf_score, 8.0
ratio, 0.373737373737
[[  0.  34.   0.]
 [  0.  36.   0.]
 [  0.  30.   0.]]
cf_score, 36.0
ratio, 0.363636363636
[[ 23.   0.   0.]
 [ 30.   0.   0.]
 [ 47.   0.   0.]]
cf_score, -24.0
ratio, 0.232323232323
[[ 30.   0.   0.]
 [ 30.   0.   0.]
 [ 40.   0.   0.]]
cf_score, -10.0
ratio, 0.30303030303
[[  0.  44.   0.]
 [  0.  27.   0.]
 [  0.  29.   0.]]
cf_score, 27.0
ratio, 0.272727272727
[[  0.  26.   0.]
 [  0.  34.   0.]
 [  0.  40.   0.]]
cf_score, 34.0
ratio, 0.343434343434
[[  0.  33.   0.]
 [  0.  30.   0.]
 [  0.  37.   0.]]
cf_score, 30.0
ratio, 0.30303030303
[[  0.  32.   0.]
 [  0.  35.   0.]
 [  0.  33.   0.]]
cf_score, 35.0
ratio, 0.353535353535
[[ 24.   0.   0.]
 [ 39.   0.   0.]
 [ 37.   0.   0.]]
cf_score, -13.0
ratio, 0.242424242424
[[ 29.   0.   0.]
 [ 38.   0.   0.]
 [ 33.   0.   0.]]
cf_score, -4.0
ratio, 0.292929292929
[[ 27.   0.   0.]
 [ 40.   0.   0.]
 [ 33.   0.   0.]]
cf_score, -6.0
ratio, 0.272727272727
[[  0.  37.   0.]
 [  0.  27.   0.]
 [  0.  36.   0.]]
cf_score, 27.0
ratio, 0.272727272727
[[  0.  24.   0.]
 [  0.  35.   0.]
 [  0.  41.   0.]]
cf_score, 35.0
ratio, 0.353535353535
[[  0.  35.   0.]
 [  0.  29.   0.]
 [  0.  36.   0.]]
cf_score, 29.0
ratio, 0.292929292929
[[ 31.   0.   0.]
 [ 27.   0.   0.]
 [ 42.   0.   0.]]
cf_score, -11.0
ratio, 0.313131313131
[[  0.   0.  33.]
 [  0.   0.  35.]
 [  0.   0.  32.]]
cf_score, -1.0
ratio, 0.323232323232
[[  0.  38.   0.]
 [  0.  28.   0.]
 [  0.  34.   0.]]
cf_score, 28.0
ratio, 0.282828282828
[[ 27.   0.   0.]
 [ 38.   0.   0.]
 [ 35.   0.   0.]]
cf_score, -8.0
ratio, 0.272727272727
[[  0.  29.   0.]
 [  0.  34.   0.]
 [  0.  37.   0.]]
cf_score, 34.0
ratio, 0.343434343434
[[  0.  33.   0.]
 [  0.  25.   0.]
 [  0.  42.   0.]]
cf_score, 25.0
ratio, 0.252525252525
[[ 31.   0.   0.]
 [ 30.   0.   0.]
 [ 39.   0.   0.]]
cf_score, -8.0
ratio, 0.313131313131
[[  0.  28.   0.]
 [  0.  36.   0.]
 [  0.  36.   0.]]
cf_score, 36.0
ratio, 0.363636363636
[[  0.   0.  34.]
 [  0.   0.  36.]
 [  0.   0.  30.]]
cf_score, -4.0
ratio, 0.30303030303
[[  0.  25.   0.]
 [  0.  39.   0.]
 [  0.  36.   0.]]
cf_score, 39.0
ratio, 0.393939393939
[[  0.  38.   0.]
 [  0.  36.   0.]
 [  0.  26.   0.]]
cf_score, 36.0
ratio, 0.363636363636
[[  0.  31.   0.]
 [  0.  31.   0.]
 [  0.  38.   0.]]
cf_score, 31.0
ratio, 0.313131313131
[[ 27.   0.   0.]
 [ 36.   0.   0.]
 [ 37.   0.   0.]]
cf_score, -10.0
ratio, 0.272727272727
[[ 31.   0.   0.]
 [ 32.   0.   0.]
 [ 37.   0.   0.]]
cf_score, -6.0
ratio, 0.313131313131
[[  0.  28.   0.]
 [  0.  32.   0.]
 [  0.  40.   0.]]
cf_score, 32.0
ratio, 0.323232323232
[[ 31.   0.   0.]
 [ 36.   0.   0.]
 [ 33.   0.   0.]]
cf_score, -2.0
ratio, 0.313131313131
[[ 38.   0.   0.]
 [ 30.   0.   0.]
 [ 32.   0.   0.]]
cf_score, 6.0
ratio, 0.383838383838
[[  0.  28.   0.]
 [  0.  38.   0.]
 [  0.  34.   0.]]
cf_score, 38.0
ratio, 0.383838383838
[[  0.   0.  28.]
 [  0.   0.  41.]
 [  0.   0.  31.]]
cf_score, 3.0
ratio, 0.313131313131
[[  0.   0.  25.]
 [  0.   0.  35.]
 [  0.   0.  40.]]
cf_score, 15.0
ratio, 0.40404040404
[[ 33.   0.   0.]
 [ 29.   0.   0.]
 [ 38.   0.   0.]]
cf_score, -5.0
ratio, 0.333333333333
[[ 37.   0.   0.]
 [ 31.   0.   0.]
 [ 32.   0.   0.]]
cf_score, 5.0
ratio, 0.373737373737
[[  0.   0.  32.]
 [  0.   0.  30.]
 [  0.   0.  38.]]
cf_score, 6.0
ratio, 0.383838383838
[[  0.  31.   0.]
 [  0.  36.   0.]
 [  0.  33.   0.]]
cf_score, 36.0
ratio, 0.363636363636
[[ 28.   0.   0.]
 [ 30.   0.   0.]
 [ 42.   0.   0.]]
cf_score, -14.0
ratio, 0.282828282828
[[  0.   0.  37.]
 [  0.   0.  35.]
 [  0.   0.  28.]]
cf_score, -9.0
ratio, 0.282828282828
[[  0.  27.   0.]
 [  0.  32.   0.]
 [  0.  41.   0.]]
cf_score, 32.0
ratio, 0.323232323232
[[ 27.   0.   0.]
 [ 31.   0.   0.]
 [ 42.   0.   0.]]
cf_score, -15.0
ratio, 0.272727272727
[[ 40.   0.   0.]
 [ 34.   0.   0.]
 [ 26.   0.   0.]]
cf_score, 14.0
ratio, 0.40404040404
[[ 38.   0.   0.]
 [ 26.   0.   0.]
 [ 36.   0.   0.]]
cf_score, 2.0
ratio, 0.383838383838
[[ 22.   0.   0.]
 [ 44.   0.   0.]
 [ 34.   0.   0.]]
cf_score, -12.0
ratio, 0.222222222222
[[ 31.   0.   0.]
 [ 28.   0.   0.]
 [ 41.   0.   0.]]
cf_score, -10.0
ratio, 0.313131313131
[[  0.  31.   0.]
 [  0.  34.   0.]
 [  0.  35.   0.]]
cf_score, 34.0
ratio, 0.343434343434
[[  0.  32.   0.]
 [  0.  31.   0.]
 [  0.  37.   0.]]
cf_score, 31.0
ratio, 0.313131313131
[[  0.  42.   0.]
 [  0.  29.   0.]
 [  0.  29.   0.]]
cf_score, 29.0
ratio, 0.292929292929
[[  0.  24.   0.]
 [  0.  34.   0.]
 [  0.  42.   0.]]
cf_score, 34.0
ratio, 0.343434343434
[[  0.  26.   0.]
 [  0.  30.   0.]
 [  0.  44.   0.]]
cf_score, 30.0
ratio, 0.30303030303
[[  0.   0.  28.]
 [  0.   0.  33.]
 [  0.   0.  39.]]
cf_score, 11.0
ratio, 0.393939393939
[[  0.  36.   0.]
 [  0.  31.   0.]
 [  0.  33.   0.]]
cf_score, 31.0
ratio, 0.313131313131
[[  0.   0.  30.]
 [  0.   0.  36.]
 [  0.   0.  34.]]
cf_score, 4.0
ratio, 0.343434343434
[[  0.  41.   0.]
 [  0.  31.   0.]
 [  0.  28.   0.]]
cf_score, 31.0
ratio, 0.313131313131
[[  0.   0.  29.]
 [  0.   0.  37.]
 [  0.   0.  34.]]
cf_score, 5.0
ratio, 0.343434343434
[[  0.  35.   0.]
 [  0.  29.   0.]
 [  0.  36.   0.]]
cf_score, 29.0
ratio, 0.292929292929
[[  0.  40.   0.]
 [  0.  34.   0.]
 [  0.  26.   0.]]
cf_score, 34.0
ratio, 0.343434343434
[[ 27.   0.   0.]
 [ 38.   0.   0.]
 [ 35.   0.   0.]]
cf_score, -8.0
ratio, 0.272727272727
[[  0.  40.   0.]
 [  0.  33.   0.]
 [  0.  27.   0.]]
cf_score, 33.0
ratio, 0.333333333333
[[ 35.   0.   0.]
 [ 29.   0.   0.]
 [ 36.   0.   0.]]
cf_score, -1.0
ratio, 0.353535353535
[[  0.  35.   0.]
 [  0.  28.   0.]
 [  0.  37.   0.]]
cf_score, 28.0
ratio, 0.282828282828
[[  0.   0.  30.]
 [  0.   0.  42.]
 [  0.   0.  28.]]
cf_score, -2.0
ratio, 0.282828282828
[[  0.  36.   0.]
 [  0.  30.   0.]
 [  0.  34.   0.]]
cf_score, 30.0
ratio, 0.30303030303
[[  0.  34.   0.]
 [  0.  31.   0.]
 [  0.  35.   0.]]
cf_score, 31.0
ratio, 0.313131313131
[[  0.   0.  30.]
 [  0.   0.  33.]
 [  0.   0.  37.]]
cf_score, 7.0
ratio, 0.373737373737
[[ 35.   0.   0.]
 [ 34.   0.   0.]
 [ 31.   0.   0.]]
cf_score, 4.0
ratio, 0.353535353535
[[  0.  31.   0.]
 [  0.  31.   0.]
 [  0.  38.   0.]]
cf_score, 31.0
ratio, 0.313131313131
[[ 28.   0.   0.]
 [ 37.   0.   0.]
 [ 35.   0.   0.]]
cf_score, -7.0
ratio, 0.282828282828
[[  0.  29.   0.]
 [  0.  36.   0.]
 [  0.  35.   0.]]
cf_score, 36.0
ratio, 0.363636363636
[[ 39.   0.   0.]
 [ 31.   0.   0.]
 [ 30.   0.   0.]]
cf_score, 9.0
ratio, 0.393939393939
[[ 32.   0.   0.]
 [ 37.   0.   0.]
 [ 31.   0.   0.]]
cf_score, 1.0
ratio, 0.323232323232
