[[  0.   6.  21.]
 [  0.  19.  21.]
 [  0.   8.  25.]]
cf_score, 23.0
ratio, 0.444444444444
[[  1.  12.  22.]
 [  5.  14.  14.]
 [  1.   8.  23.]]
cf_score, 15.0
ratio, 0.383838383838
[[  5.  14.  15.]
 [  1.   9.  18.]
 [  1.  13.  24.]]
cf_score, 22.0
ratio, 0.383838383838
[[  1.   7.  13.]
 [  0.  25.  27.]
 [  1.   9.  17.]]
cf_score, 29.0
ratio, 0.434343434343
[[ 10.  11.  14.]
 [  5.  16.   9.]
 [  1.  12.  22.]]
cf_score, 33.0
ratio, 0.484848484848
[[  5.   9.  20.]
 [  4.  15.  17.]
 [  0.  10.  20.]]
cf_score, 20.0
ratio, 0.40404040404
[[  0.  21.   8.]
 [  0.  26.  22.]
 [  0.   7.  16.]]
cf_score, 34.0
ratio, 0.424242424242
[[  3.  18.   9.]
 [ 12.  14.   6.]
 [  5.  10.  23.]]
cf_score, 26.0
ratio, 0.40404040404
[[  8.   8.  12.]
 [ 15.  13.   9.]
 [  5.   8.  22.]]
cf_score, 26.0
ratio, 0.434343434343
[[ 19.  10.  14.]
 [ 16.   7.  10.]
 [  4.   7.  13.]]
cf_score, 21.0
ratio, 0.393939393939
[[ 16.   8.  11.]
 [ 19.   5.   8.]
 [  8.   6.  19.]]
cf_score, 21.0
ratio, 0.40404040404
[[ 19.   5.   9.]
 [ 24.   3.  11.]
 [ 16.   3.  10.]]
cf_score, 7.0
ratio, 0.323232323232
[[ 12.   4.  12.]
 [ 15.  14.  10.]
 [  6.   8.  19.]]
cf_score, 27.0
ratio, 0.454545454545
[[ 15.   8.   5.]
 [ 14.   6.  16.]
 [  9.   8.  19.]]
cf_score, 26.0
ratio, 0.40404040404
[[ 19.   8.   8.]
 [ 13.   6.  18.]
 [  3.  11.  14.]]
cf_score, 28.0
ratio, 0.393939393939
[[ 17.   3.   6.]
 [ 17.  14.   6.]
 [ 15.   5.  17.]]
cf_score, 27.0
ratio, 0.484848484848
[[ 22.   5.   7.]
 [  9.   9.  12.]
 [  8.   9.  19.]]
cf_score, 35.0
ratio, 0.505050505051
[[ 20.  10.   8.]
 [ 12.   8.  11.]
 [  7.   9.  15.]]
cf_score, 28.0
ratio, 0.434343434343
[[ 25.   9.   6.]
 [  9.  10.   7.]
 [  6.   9.  19.]]
cf_score, 42.0
ratio, 0.545454545455
[[ 17.  11.   8.]
 [ 12.  13.   3.]
 [ 12.  10.  14.]]
cf_score, 24.0
ratio, 0.444444444444
[[ 15.   9.   6.]
 [  9.  10.   9.]
 [ 11.  11.  20.]]
cf_score, 28.0
ratio, 0.454545454545
[[ 16.   7.   3.]
 [ 15.  19.  15.]
 [  6.   5.  14.]]
cf_score, 40.0
ratio, 0.494949494949
[[ 19.   6.   7.]
 [ 15.   9.  15.]
 [  7.  10.  12.]]
cf_score, 26.0
ratio, 0.40404040404
[[ 18.  10.   6.]
 [ 13.   9.   8.]
 [ 10.  10.  16.]]
cf_score, 27.0
ratio, 0.434343434343
[[ 14.   9.  12.]
 [ 10.  17.   8.]
 [  3.  12.  15.]]
cf_score, 31.0
ratio, 0.464646464646
[[ 19.  13.   8.]
 [ 17.  11.  11.]
 [  5.   7.   9.]]
cf_score, 26.0
ratio, 0.393939393939
[[ 12.  13.   8.]
 [ 11.  15.  10.]
 [ 10.   6.  15.]]
cf_score, 24.0
ratio, 0.424242424242
[[ 16.   9.   8.]
 [ 13.  10.   7.]
 [  9.  10.  18.]]
cf_score, 27.0
ratio, 0.444444444444
[[ 14.  12.   3.]
 [  8.  23.   8.]
 [  4.  11.  17.]]
cf_score, 47.0
ratio, 0.545454545455
[[ 18.  13.   3.]
 [ 11.  12.   9.]
 [  5.   9.  20.]]
cf_score, 42.0
ratio, 0.505050505051
[[ 15.  13.   4.]
 [  7.  17.   8.]
 [  5.  12.  19.]]
cf_score, 42.0
ratio, 0.515151515152
[[ 11.  13.   4.]
 [ 16.  17.   6.]
 [  9.   7.  17.]]
cf_score, 32.0
ratio, 0.454545454545
[[ 15.  12.   4.]
 [ 11.  15.  13.]
 [  9.  13.   8.]]
cf_score, 25.0
ratio, 0.383838383838
[[ 19.  15.   7.]
 [ 12.  10.   7.]
 [  7.  11.  12.]]
cf_score, 27.0
ratio, 0.414141414141
[[ 15.  14.   6.]
 [ 10.  17.   8.]
 [  4.   9.  17.]]
cf_score, 39.0
ratio, 0.494949494949
[[ 14.  11.   6.]
 [ 11.  17.  10.]
 [  6.  10.  15.]]
cf_score, 34.0
ratio, 0.464646464646
[[ 17.  10.   3.]
 [  6.  18.   9.]
 [  4.  14.  19.]]
cf_score, 47.0
ratio, 0.545454545455
[[ 16.   9.   5.]
 [ 18.  13.   9.]
 [  5.  11.  14.]]
cf_score, 33.0
ratio, 0.434343434343
[[ 21.  10.   2.]
 [ 16.  10.   6.]
 [  7.  10.  18.]]
cf_score, 40.0
ratio, 0.494949494949
[[ 13.  10.   4.]
 [  6.  16.  13.]
 [  4.  18.  16.]]
cf_score, 37.0
ratio, 0.454545454545
[[ 14.  14.   1.]
 [  7.  16.  12.]
 [  8.   9.  19.]]
cf_score, 40.0
ratio, 0.494949494949
[[ 23.  14.   3.]
 [ 10.  16.  10.]
 [  2.  14.   8.]]
cf_score, 42.0
ratio, 0.474747474747
[[ 13.  14.   5.]
 [  5.  18.  15.]
 [  5.  10.  15.]]
cf_score, 36.0
ratio, 0.464646464646
[[ 20.  19.   6.]
 [  6.   8.  10.]
 [  7.   5.  19.]]
cf_score, 34.0
ratio, 0.474747474747
[[ 24.  10.   3.]
 [ 11.  22.   2.]
 [  6.   6.  16.]]
cf_score, 53.0
ratio, 0.626262626263
[[ 18.   3.   6.]
 [  9.  25.   9.]
 [  9.  11.  10.]]
cf_score, 38.0
ratio, 0.535353535354
[[ 17.   5.   6.]
 [ 11.  21.  11.]
 [  7.   6.  16.]]
cf_score, 41.0
ratio, 0.545454545455
[[ 11.  11.   6.]
 [ 12.  16.   9.]
 [ 11.   7.  17.]]
cf_score, 27.0
ratio, 0.444444444444
[[ 20.   9.   5.]
 [ 14.  13.  13.]
 [  3.   9.  14.]]
cf_score, 39.0
ratio, 0.474747474747
[[ 19.   9.   4.]
 [  6.  13.  11.]
 [  7.  16.  15.]]
cf_score, 36.0
ratio, 0.474747474747
[[ 13.  15.   3.]
 [  6.  18.   8.]
 [  6.  12.  19.]]
cf_score, 41.0
ratio, 0.505050505051
[[ 21.  10.   4.]
 [  9.  14.   8.]
 [ 11.   6.  17.]]
cf_score, 37.0
ratio, 0.525252525253
[[ 19.  15.   0.]
 [  9.  17.   8.]
 [  9.  13.  10.]]
cf_score, 37.0
ratio, 0.464646464646
[[ 14.  12.   4.]
 [ 10.  13.  14.]
 [ 10.  12.  11.]]
cf_score, 24.0
ratio, 0.383838383838
[[ 12.  15.  14.]
 [  6.  12.  11.]
 [  5.   8.  17.]]
cf_score, 22.0
ratio, 0.414141414141
[[ 16.  11.   4.]
 [ 12.  20.  10.]
 [  5.   8.  14.]]
cf_score, 41.0
ratio, 0.505050505051
[[ 19.  10.   8.]
 [  8.  14.  10.]
 [  0.   9.  22.]]
cf_score, 47.0
ratio, 0.555555555556
[[ 10.  11.   6.]
 [  9.  23.   6.]
 [  9.   9.  17.]]
cf_score, 35.0
ratio, 0.505050505051
[[ 20.  12.   1.]
 [ 10.  18.   7.]
 [  3.  10.  19.]]
cf_score, 53.0
ratio, 0.575757575758
[[ 14.  14.   3.]
 [  8.  13.  12.]
 [  4.  12.  20.]]
cf_score, 40.0
ratio, 0.474747474747
[[ 17.  12.   8.]
 [  6.  12.  13.]
 [  7.  10.  15.]]
cf_score, 29.0
ratio, 0.444444444444
[[ 17.   9.   7.]
 [ 14.  11.  10.]
 [  4.   8.  20.]]
cf_score, 37.0
ratio, 0.484848484848
[[ 11.  11.   6.]
 [ 12.  21.   9.]
 [  4.   9.  17.]]
cf_score, 39.0
ratio, 0.494949494949
[[ 15.   9.   6.]
 [  4.  14.  10.]
 [  9.  15.  18.]]
cf_score, 32.0
ratio, 0.474747474747
[[  8.  16.   3.]
 [ 10.  17.  10.]
 [  5.   6.  25.]]
cf_score, 42.0
ratio, 0.505050505051
[[ 13.   6.   5.]
 [ 20.  16.   7.]
 [  8.   6.  19.]]
cf_score, 35.0
ratio, 0.484848484848
[[ 18.  11.   8.]
 [  4.  11.  12.]
 [  5.  13.  18.]]
cf_score, 34.0
ratio, 0.474747474747
[[ 17.  11.   4.]
 [  5.  19.  10.]
 [  7.  10.  17.]]
cf_score, 42.0
ratio, 0.535353535354
[[ 15.   7.   3.]
 [ 14.  12.  12.]
 [  5.   7.  25.]]
cf_score, 44.0
ratio, 0.525252525253
[[ 11.  16.   5.]
 [ 10.  18.  12.]
 [  5.   8.  15.]]
cf_score, 34.0
ratio, 0.444444444444
[[ 22.   9.   4.]
 [ 13.  22.   6.]
 [  4.   7.  13.]]
cf_score, 49.0
ratio, 0.575757575758
[[ 20.  14.   8.]
 [  5.  18.   8.]
 [  3.  10.  14.]]
cf_score, 41.0
ratio, 0.525252525253
[[ 13.  14.   8.]
 [ 14.  16.   3.]
 [  8.   9.  15.]]
cf_score, 28.0
ratio, 0.444444444444
[[ 13.   5.   6.]
 [  7.  24.   6.]
 [  9.  16.  14.]]
cf_score, 36.0
ratio, 0.515151515152
[[ 13.  15.   7.]
 [  9.  16.   7.]
 [  4.   7.  22.]]
cf_score, 40.0
ratio, 0.515151515152
[[ 14.  15.   5.]
 [ 12.  18.   5.]
 [  5.   9.  17.]]
cf_score, 39.0
ratio, 0.494949494949
[[ 18.   6.   7.]
 [  7.  26.  11.]
 [  4.   9.  12.]]
cf_score, 45.0
ratio, 0.565656565657
[[ 18.   9.   5.]
 [ 11.   7.  12.]
 [  9.  15.  14.]]
cf_score, 25.0
ratio, 0.393939393939
[[ 23.   6.   5.]
 [ 14.   8.   6.]
 [  8.  14.  16.]]
cf_score, 34.0
ratio, 0.474747474747
[[ 15.  15.   4.]
 [  9.  15.   9.]
 [  6.   7.  20.]]
cf_score, 40.0
ratio, 0.505050505051
[[ 19.  13.   1.]
 [ 14.  14.   7.]
 [  5.  12.  15.]]
cf_score, 42.0
ratio, 0.484848484848
[[ 14.  12.   5.]
 [ 11.  19.  11.]
 [  5.   8.  15.]]
cf_score, 38.0
ratio, 0.484848484848
[[ 21.   6.   5.]
 [  7.  15.   9.]
 [  8.  11.  18.]]
cf_score, 41.0
ratio, 0.545454545455
[[  8.  12.   9.]
 [  8.  29.   9.]
 [  5.   8.  12.]]
cf_score, 35.0
ratio, 0.494949494949
[[ 19.  11.   5.]
 [  8.  15.   5.]
 [  7.   9.  21.]]
cf_score, 43.0
ratio, 0.555555555556
[[ 12.  13.   6.]
 [ 14.  14.   9.]
 [  6.   7.  19.]]
cf_score, 33.0
ratio, 0.454545454545
[[ 14.  10.   3.]
 [ 12.  16.   7.]
 [  9.   8.  21.]]
cf_score, 39.0
ratio, 0.515151515152
[[ 15.  16.   5.]
 [ 10.  21.   9.]
 [  6.   5.  13.]]
cf_score, 38.0
ratio, 0.494949494949
[[ 16.  12.   2.]
 [ 22.  10.  11.]
 [  9.   6.  12.]]
cf_score, 27.0
ratio, 0.383838383838
[[ 11.   8.   6.]
 [  8.  26.   9.]
 [  8.  11.  13.]]
cf_score, 36.0
ratio, 0.505050505051
[[ 11.  17.   4.]
 [  8.  15.  10.]
 [  7.   9.  19.]]
cf_score, 34.0
ratio, 0.454545454545
[[ 23.  12.   5.]
 [ 11.  14.   4.]
 [  7.  17.   7.]]
cf_score, 32.0
ratio, 0.444444444444
[[ 17.   6.   4.]
 [ 18.  20.  13.]
 [  3.   4.  15.]]
cf_score, 45.0
ratio, 0.525252525253
[[ 23.  11.  11.]
 [ 12.  11.   7.]
 [  5.  12.   8.]]
cf_score, 26.0
ratio, 0.424242424242
[[ 14.  12.   2.]
 [  5.  24.  12.]
 [  7.   9.  15.]]
cf_score, 44.0
ratio, 0.535353535354
[[ 17.   6.   4.]
 [ 11.  22.   4.]
 [  7.  15.  14.]]
cf_score, 42.0
ratio, 0.535353535354
[[ 14.   6.   3.]
 [ 10.  10.  15.]
 [  6.  14.  22.]]
cf_score, 37.0
ratio, 0.464646464646
[[ 22.  10.   6.]
 [ 11.  14.   7.]
 [  6.  12.  12.]]
cf_score, 36.0
ratio, 0.484848484848
[[ 15.   8.   4.]
 [ 10.  15.   9.]
 [  9.  16.  14.]]
cf_score, 31.0
ratio, 0.444444444444
[[ 22.   6.   3.]
 [ 12.  16.   7.]
 [  3.  13.  18.]]
cf_score, 50.0
ratio, 0.565656565657
