[[  0.   0.  25.]
 [  0.   0.  39.]
 [  0.   0.  36.]]
cf_score, 11.0
nv_score, -53.0
ratio, 0.363636363636
[[  0.   0.  37.]
 [  0.   0.  41.]
 [  0.   0.  22.]]
cf_score, -15.0
nv_score, -93.0
ratio, 0.222222222222
[[  0.   0.  33.]
 [  0.   0.  41.]
 [  0.   0.  26.]]
cf_score, -7.0
nv_score, -81.0
ratio, 0.262626262626
[[  0.   0.  44.]
 [  0.   0.  37.]
 [  0.   0.  19.]]
cf_score, -25.0
nv_score, -106.0
ratio, 0.191919191919
[[  0.   0.  31.]
 [  0.   0.  34.]
 [  0.   0.  35.]]
cf_score, 4.0
nv_score, -61.0
ratio, 0.353535353535
[[  0.   0.  35.]
 [  0.   0.  37.]
 [  0.   0.  28.]]
cf_score, -7.0
nv_score, -79.0
ratio, 0.282828282828
[[  0.   0.  32.]
 [  0.   0.  40.]
 [  0.   0.  28.]]
cf_score, -4.0
nv_score, -76.0
ratio, 0.282828282828
[[  0.   0.  37.]
 [  0.   0.  43.]
 [  0.   0.  20.]]
cf_score, -17.0
nv_score, -97.0
ratio, 0.20202020202
[[  0.   0.  34.]
 [  0.   0.  34.]
 [  0.   0.  32.]]
cf_score, -2.0
nv_score, -70.0
ratio, 0.323232323232
[[  0.   0.  38.]
 [  0.   0.  31.]
 [  0.   0.  31.]]
cf_score, -7.0
nv_score, -76.0
ratio, 0.313131313131
[[  0.   0.  35.]
 [  0.   0.  36.]
 [  0.   0.  29.]]
cf_score, -6.0
nv_score, -77.0
ratio, 0.292929292929
[[  0.   0.  34.]
 [  0.   0.  38.]
 [  0.   0.  28.]]
cf_score, -6.0
nv_score, -78.0
ratio, 0.282828282828
[[  0.   0.  29.]
 [  0.   0.  33.]
 [  0.   0.  38.]]
cf_score, 9.0
nv_score, -53.0
ratio, 0.383838383838
[[  0.   0.  31.]
 [  0.   0.  36.]
 [  0.   0.  33.]]
cf_score, 2.0
nv_score, -65.0
ratio, 0.333333333333
[[  0.   0.  37.]
 [  0.   0.  31.]
 [  0.   0.  32.]]
cf_score, -5.0
nv_score, -73.0
ratio, 0.323232323232
[[  0.   0.  30.]
 [  0.   0.  36.]
 [  0.   0.  34.]]
cf_score, 4.0
nv_score, -62.0
ratio, 0.343434343434
[[  0.   0.  41.]
 [  0.   0.  29.]
 [  0.   0.  30.]]
cf_score, -11.0
nv_score, -81.0
ratio, 0.30303030303
[[  0.   0.  36.]
 [  0.   0.  29.]
 [  0.   0.  35.]]
cf_score, -1.0
nv_score, -66.0
ratio, 0.353535353535
[[  0.   0.  32.]
 [  0.   0.  38.]
 [  0.   0.  30.]]
cf_score, -2.0
nv_score, -72.0
ratio, 0.30303030303
[[  0.   0.  42.]
 [  0.   0.  34.]
 [  0.   0.  24.]]
cf_score, -18.0
nv_score, -94.0
ratio, 0.242424242424
[[  0.   0.  35.]
 [  0.   0.  41.]
 [  0.   0.  24.]]
cf_score, -11.0
nv_score, -87.0
ratio, 0.242424242424
[[  0.   0.  33.]
 [  0.   0.  36.]
 [  0.   0.  31.]]
cf_score, -2.0
nv_score, -71.0
ratio, 0.313131313131
[[  0.   0.  27.]
 [  0.   0.  44.]
 [  0.   0.  29.]]
cf_score, 2.0
nv_score, -69.0
ratio, 0.292929292929
[[  0.   0.  40.]
 [  0.   0.  36.]
 [  0.   0.  24.]]
cf_score, -16.0
nv_score, -92.0
ratio, 0.242424242424
[[  0.   0.  36.]
 [  0.   0.  39.]
 [  0.   0.  25.]]
cf_score, -11.0
nv_score, -86.0
ratio, 0.252525252525
[[  0.   0.  27.]
 [  0.   0.  36.]
 [  0.   0.  37.]]
cf_score, 10.0
nv_score, -53.0
ratio, 0.373737373737
[[  0.   0.  38.]
 [  0.   0.  32.]
 [  0.   0.  30.]]
cf_score, -8.0
nv_score, -78.0
ratio, 0.30303030303
[[  0.   0.  38.]
 [  0.   0.  35.]
 [  0.   0.  27.]]
cf_score, -11.0
nv_score, -84.0
ratio, 0.272727272727
[[  0.   0.  36.]
 [  0.   0.  39.]
 [  0.   0.  25.]]
cf_score, -11.0
nv_score, -86.0
ratio, 0.252525252525
[[  0.   0.  30.]
 [  0.   0.  38.]
 [  0.   0.  32.]]
cf_score, 2.0
nv_score, -66.0
ratio, 0.323232323232
[[  0.   0.  41.]
 [  0.   0.  32.]
 [  0.   0.  27.]]
cf_score, -14.0
nv_score, -87.0
ratio, 0.272727272727
[[  0.   0.  46.]
 [  0.   0.  33.]
 [  0.   0.  21.]]
cf_score, -25.0
nv_score, -104.0
ratio, 0.212121212121
[[  0.   0.  43.]
 [  0.   0.  31.]
 [  0.   0.  26.]]
cf_score, -17.0
nv_score, -91.0
ratio, 0.262626262626
[[  0.  16.  18.]
 [  0.  13.  26.]
 [  0.  11.  16.]]
cf_score, 11.0
nv_score, -46.0
ratio, 0.292929292929
[[  0.  19.  21.]
 [  0.  12.  20.]
 [  0.  10.  18.]]
cf_score, 9.0
nv_score, -44.0
ratio, 0.30303030303
[[  0.  18.  18.]
 [  0.  12.  23.]
 [  0.  10.  19.]]
cf_score, 13.0
nv_score, -40.0
ratio, 0.313131313131
[[  0.  17.  26.]
 [  0.  12.  17.]
 [  0.   9.  19.]]
cf_score, 5.0
nv_score, -50.0
ratio, 0.313131313131
[[  0.  16.  19.]
 [  0.   9.  24.]
 [  0.  15.  17.]]
cf_score, 7.0
nv_score, -45.0
ratio, 0.262626262626
[[  4.  18.  15.]
 [  2.  12.  13.]
 [  7.  15.  14.]]
cf_score, 8.0
nv_score, -29.0
ratio, 0.30303030303
[[  8.  21.   5.]
 [ 10.   9.  15.]
 [  5.  11.  16.]]
cf_score, 23.0
nv_score, -9.0
ratio, 0.333333333333
[[ 11.  15.   8.]
 [  9.  11.  13.]
 [  5.   9.  19.]]
cf_score, 28.0
nv_score, -10.0
ratio, 0.414141414141
[[ 18.  14.   8.]
 [ 13.  13.   7.]
 [ 11.   5.  11.]]
cf_score, 23.0
nv_score, -12.0
ratio, 0.424242424242
[[ 10.  20.  12.]
 [ 16.  14.   8.]
 [  6.   6.   8.]]
cf_score, 14.0
nv_score, -24.0
ratio, 0.323232323232
[[ 10.   8.  13.]
 [ 16.  17.   8.]
 [  9.   9.  10.]]
cf_score, 15.0
nv_score, -24.0
ratio, 0.373737373737
[[ 14.  18.  16.]
 [ 14.  16.   7.]
 [  6.   6.   3.]]
cf_score, 11.0
nv_score, -36.0
ratio, 0.333333333333
[[ 11.  16.   7.]
 [ 14.  18.   5.]
 [  9.  13.   7.]]
cf_score, 20.0
nv_score, -12.0
ratio, 0.363636363636
[[ 13.  15.  10.]
 [ 20.   9.   5.]
 [ 12.  10.   6.]]
cf_score, 6.0
nv_score, -19.0
ratio, 0.282828282828
[[ 11.  11.   7.]
 [ 11.  12.  15.]
 [ 10.  11.  12.]]
cf_score, 18.0
nv_score, -17.0
ratio, 0.353535353535
[[ 15.  14.   8.]
 [ 15.  13.   6.]
 [ 16.   6.   7.]]
cf_score, 11.0
nv_score, -15.0
ratio, 0.353535353535
[[  9.  14.   6.]
 [ 18.  11.   8.]
 [ 16.  10.   8.]]
cf_score, 6.0
nv_score, -12.0
ratio, 0.282828282828
