[[  2.   0.  23.]
 [  1.   0.  33.]
 [  0.   0.  41.]]
cf_score, 20.0
nv_score, -38.0
ratio, 0.434343434343
[[ 26.   0.  11.]
 [ 16.   0.  19.]
 [ 21.   0.   7.]]
cf_score, 1.0
nv_score, -34.0
ratio, 0.333333333333
[[ 25.   0.   6.]
 [ 28.   3.   8.]
 [ 13.   0.  17.]]
cf_score, 26.0
nv_score, -3.0
ratio, 0.454545454545
[[ 29.   1.  12.]
 [ 15.   2.  10.]
 [ 17.   0.  14.]]
cf_score, 16.0
nv_score, -20.0
ratio, 0.454545454545
[[ 17.   1.   8.]
 [ 26.   0.  11.]
 [ 17.   0.  20.]]
cf_score, 12.0
nv_score, -7.0
ratio, 0.373737373737
[[ 21.   0.   8.]
 [ 26.   0.  16.]
 [ 18.   1.  10.]]
cf_score, 5.0
nv_score, -22.0
ratio, 0.313131313131
[[ 23.   2.   8.]
 [ 20.   3.  15.]
 [ 11.   0.  18.]]
cf_score, 25.0
nv_score, -13.0
ratio, 0.444444444444
[[ 26.   0.   8.]
 [ 17.   1.  19.]
 [ 15.   0.  14.]]
cf_score, 18.0
nv_score, -21.0
ratio, 0.414141414141
[[ 22.   2.   6.]
 [ 23.   1.  15.]
 [ 13.   0.  18.]]
cf_score, 22.0
nv_score, -9.0
ratio, 0.414141414141
[[ 22.   0.   8.]
 [ 23.   3.  13.]
 [ 19.   1.  11.]]
cf_score, 9.0
nv_score, -18.0
ratio, 0.363636363636
[[ 25.   0.   9.]
 [ 18.   2.  18.]
 [ 17.   1.  10.]]
cf_score, 11.0
nv_score, -26.0
ratio, 0.373737373737
[[ 19.   2.  18.]
 [ 21.   2.  13.]
 [ 16.   0.   9.]]
cf_score, -4.0
nv_score, -40.0
ratio, 0.30303030303
[[ 26.   1.   8.]
 [ 21.   3.  12.]
 [ 13.   0.  16.]]
cf_score, 24.0
nv_score, -12.0
ratio, 0.454545454545
[[ 27.   0.   2.]
 [ 31.   2.  11.]
 [ 14.   1.  12.]]
cf_score, 25.0
nv_score, -3.0
ratio, 0.414141414141
[[ 25.   0.   4.]
 [ 19.   2.  15.]
 [ 20.   1.  14.]]
cf_score, 17.0
nv_score, -9.0
ratio, 0.414141414141
[[ 26.   1.  12.]
 [ 15.   0.  16.]
 [ 16.   2.  12.]]
cf_score, 10.0
nv_score, -28.0
ratio, 0.383838383838
[[ 25.   0.   8.]
 [ 30.   3.  11.]
 [ 14.   2.   7.]]
cf_score, 13.0
nv_score, -20.0
ratio, 0.353535353535
[[ 26.   2.  12.]
 [ 20.   0.   9.]
 [ 15.   0.  16.]]
cf_score, 15.0
nv_score, -17.0
ratio, 0.424242424242
[[ 22.   1.   8.]
 [ 19.   2.  12.]
 [ 18.   1.  17.]]
cf_score, 15.0
nv_score, -11.0
ratio, 0.414141414141
[[ 24.   3.   6.]
 [ 20.   0.  12.]
 [ 18.   3.  14.]]
cf_score, 14.0
nv_score, -10.0
ratio, 0.383838383838
[[ 17.   6.   6.]
 [ 16.   4.  15.]
 [ 17.   0.  19.]]
cf_score, 17.0
nv_score, -8.0
ratio, 0.40404040404
[[ 29.   0.  11.]
 [ 23.   3.  10.]
 [ 16.   0.   8.]]
cf_score, 13.0
nv_score, -24.0
ratio, 0.40404040404
[[ 27.   4.   8.]
 [ 13.   4.  14.]
 [ 16.   2.  12.]]
cf_score, 19.0
nv_score, -18.0
ratio, 0.434343434343
[[ 21.   3.  12.]
 [ 19.   4.  14.]
 [ 11.   5.  11.]]
cf_score, 13.0
nv_score, -27.0
ratio, 0.363636363636
[[ 29.   1.   6.]
 [ 18.   4.  10.]
 [ 18.   2.  12.]]
cf_score, 21.0
nv_score, -10.0
ratio, 0.454545454545
[[ 25.   3.   9.]
 [ 29.   2.   9.]
 [ 12.   1.  10.]]
cf_score, 16.0
nv_score, -17.0
ratio, 0.373737373737
[[ 27.   4.  12.]
 [ 11.   2.  16.]
 [ 13.   1.  14.]]
cf_score, 18.0
nv_score, -26.0
ratio, 0.434343434343
[[ 16.   5.  15.]
 [ 21.   2.  13.]
 [ 20.   1.   7.]]
cf_score, -10.0
nv_score, -36.0
ratio, 0.252525252525
[[ 19.   0.   7.]
 [ 23.   1.  18.]
 [ 17.   1.  14.]]
cf_score, 10.0
nv_score, -18.0
ratio, 0.343434343434
[[ 28.   3.  10.]
 [ 25.   1.  13.]
 [  9.   1.  10.]]
cf_score, 20.0
nv_score, -23.0
ratio, 0.393939393939
[[ 23.   2.  10.]
 [ 13.   1.  10.]
 [ 23.   3.  15.]]
cf_score, 6.0
nv_score, -15.0
ratio, 0.393939393939
[[ 23.   1.   8.]
 [ 19.   4.  16.]
 [ 13.   0.  16.]]
cf_score, 22.0
nv_score, -16.0
ratio, 0.434343434343
[[ 16.   5.  12.]
 [ 16.   5.   9.]
 [ 18.   4.  15.]]
cf_score, 6.0
nv_score, -18.0
ratio, 0.363636363636
[[ 23.   1.   7.]
 [ 20.   4.  14.]
 [ 16.   1.  14.]]
cf_score, 18.0
nv_score, -14.0
ratio, 0.414141414141
[[ 25.   3.   9.]
 [ 18.   5.   8.]
 [ 12.   4.  16.]]
cf_score, 25.0
nv_score, -10.0
ratio, 0.464646464646
[[ 24.   2.   7.]
 [ 19.   5.   7.]
 [ 15.   4.  17.]]
cf_score, 24.0
nv_score, -4.0
ratio, 0.464646464646
[[ 24.   1.  12.]
 [ 22.   5.  11.]
 [ 15.   0.  10.]]
cf_score, 12.0
nv_score, -25.0
ratio, 0.393939393939
[[ 19.   0.   4.]
 [ 20.   4.  15.]
 [ 12.   2.  24.]]
cf_score, 31.0
nv_score, 1.0
ratio, 0.474747474747
[[ 23.   5.  12.]
 [ 16.   2.   6.]
 [ 17.   4.  15.]]
cf_score, 11.0
nv_score, -15.0
ratio, 0.40404040404
[[ 23.   3.  11.]
 [  9.   4.  12.]
 [ 18.   2.  18.]]
cf_score, 16.0
nv_score, -16.0
ratio, 0.454545454545
[[ 17.   5.  10.]
 [ 21.   4.  10.]
 [ 20.   2.  11.]]
cf_score, 2.0
nv_score, -19.0
ratio, 0.323232323232
[[ 16.  12.   6.]
 [ 20.   5.  18.]
 [ 15.   0.   8.]]
cf_score, 8.0
nv_score, -22.0
ratio, 0.292929292929
[[ 25.   4.   4.]
 [ 22.   6.   7.]
 [ 13.   2.  17.]]
cf_score, 31.0
nv_score, 2.0
ratio, 0.484848484848
[[ 23.   3.  15.]
 [ 11.   4.  15.]
 [  8.   4.  17.]]
cf_score, 21.0
nv_score, -28.0
ratio, 0.444444444444
[[ 15.   2.  12.]
 [ 18.   5.   9.]
 [ 27.   1.  11.]]
cf_score, -8.0
nv_score, -22.0
ratio, 0.313131313131
[[ 16.   2.   7.]
 [ 20.   9.  15.]
 [ 13.   3.  15.]]
cf_score, 20.0
nv_score, -14.0
ratio, 0.40404040404
[[ 19.   0.   8.]
 [ 13.   3.  22.]
 [ 16.   2.  17.]]
cf_score, 15.0
nv_score, -21.0
ratio, 0.393939393939
[[ 26.   2.   6.]
 [ 19.   3.  20.]
 [ 11.   3.  10.]]
cf_score, 22.0
nv_score, -22.0
ratio, 0.393939393939
[[ 17.   6.   8.]
 [ 19.   9.   9.]
 [ 17.   4.  11.]]
cf_score, 12.0
nv_score, -14.0
ratio, 0.373737373737
[[ 25.   1.   3.]
 [ 20.   3.   7.]
 [ 23.   2.  16.]]
cf_score, 18.0
nv_score, 3.0
ratio, 0.444444444444
