[[ 30.   0.   0.]
 [ 29.   0.   0.]
 [ 41.   0.   0.]]
cf_score, -11.0
ratio, 0.30303030303
[[  0.  38.   0.]
 [  0.  31.   0.]
 [  0.  31.   0.]]
cf_score, 31.0
ratio, 0.313131313131
[[ 24.   0.   0.]
 [ 39.   0.   0.]
 [ 37.   0.   0.]]
cf_score, -13.0
ratio, 0.242424242424
[[  0.  31.   0.]
 [  0.  35.   0.]
 [  0.  34.   0.]]
cf_score, 35.0
ratio, 0.353535353535
[[ 30.   0.   0.]
 [ 31.   0.   0.]
 [ 39.   0.   0.]]
cf_score, -9.0
ratio, 0.30303030303
[[ 31.   0.   0.]
 [ 32.   0.   0.]
 [ 37.   0.   0.]]
cf_score, -6.0
ratio, 0.313131313131
[[ 32.   0.   0.]
 [ 30.   0.   0.]
 [ 38.   0.   0.]]
cf_score, -6.0
ratio, 0.323232323232
[[ 40.   0.   0.]
 [ 31.   0.   0.]
 [ 29.   0.   0.]]
cf_score, 11.0
ratio, 0.40404040404
[[ 32.   0.   0.]
 [ 34.   0.   0.]
 [ 34.   0.   0.]]
cf_score, -2.0
ratio, 0.323232323232
[[ 36.   0.   0.]
 [ 38.   0.   0.]
 [ 26.   0.   0.]]
cf_score, 10.0
ratio, 0.363636363636
[[ 35.   0.   0.]
 [ 28.   0.   0.]
 [ 37.   0.   0.]]
cf_score, -2.0
ratio, 0.353535353535
[[  0.  41.   0.]
 [  0.  31.   0.]
 [  0.  28.   0.]]
cf_score, 31.0
ratio, 0.313131313131
[[ 31.   0.   0.]
 [ 34.   0.   0.]
 [ 35.   0.   0.]]
cf_score, -4.0
ratio, 0.313131313131
[[ 34.   0.   0.]
 [ 34.   0.   0.]
 [ 32.   0.   0.]]
cf_score, 2.0
ratio, 0.343434343434
[[ 45.   0.   0.]
 [ 32.   0.   0.]
 [ 23.   0.   0.]]
cf_score, 22.0
ratio, 0.454545454545
[[ 35.   0.   0.]
 [ 32.   0.   0.]
 [ 33.   0.   0.]]
cf_score, 2.0
ratio, 0.353535353535
[[ 34.   0.   0.]
 [ 33.   0.   0.]
 [ 33.   0.   0.]]
cf_score, 1.0
ratio, 0.343434343434
[[ 40.   0.   0.]
 [ 31.   0.   0.]
 [ 29.   0.   0.]]
cf_score, 11.0
ratio, 0.40404040404
[[  0.   0.  39.]
 [  0.   0.  31.]
 [  0.   0.  30.]]
cf_score, -9.0
ratio, 0.30303030303
[[ 33.   0.   0.]
 [ 40.   0.   0.]
 [ 27.   0.   0.]]
cf_score, 6.0
ratio, 0.333333333333
[[ 29.   0.   0.]
 [ 40.   0.   0.]
 [ 31.   0.   0.]]
cf_score, -2.0
ratio, 0.292929292929
[[  0.  44.   0.]
 [  0.  36.   0.]
 [  0.  20.   0.]]
cf_score, 36.0
ratio, 0.363636363636
[[  0.   0.  32.]
 [  0.   0.  33.]
 [  0.   0.  35.]]
cf_score, 3.0
ratio, 0.353535353535
[[ 36.   0.   0.]
 [ 27.   0.   0.]
 [ 37.   0.   0.]]
cf_score, -1.0
ratio, 0.363636363636
[[ 34.   0.   0.]
 [ 32.   0.   0.]
 [ 34.   0.   0.]]
cf_score, 0.0
ratio, 0.343434343434
[[ 33.   0.   0.]
 [ 36.   0.   0.]
 [ 31.   0.   0.]]
cf_score, 2.0
ratio, 0.333333333333
[[ 26.   0.   0.]
 [ 34.   0.   0.]
 [ 40.   0.   0.]]
cf_score, -14.0
ratio, 0.262626262626
[[  0.   0.  33.]
 [  0.   0.  27.]
 [  0.   0.  40.]]
cf_score, 7.0
ratio, 0.40404040404
[[ 40.   0.   0.]
 [ 32.   0.   0.]
 [ 28.   0.   0.]]
cf_score, 12.0
ratio, 0.40404040404
[[ 25.   0.   0.]
 [ 38.   0.   0.]
 [ 37.   0.   0.]]
cf_score, -12.0
ratio, 0.252525252525
[[ 35.   0.   0.]
 [ 31.   0.   0.]
 [ 34.   0.   0.]]
cf_score, 1.0
ratio, 0.353535353535
[[ 36.   0.   0.]
 [ 35.   0.   0.]
 [ 29.   0.   0.]]
cf_score, 7.0
ratio, 0.363636363636
[[  0.  32.   0.]
 [  0.  31.   0.]
 [  0.  37.   0.]]
cf_score, 31.0
ratio, 0.313131313131
[[ 33.   0.   0.]
 [ 31.   0.   0.]
 [ 36.   0.   0.]]
cf_score, -3.0
ratio, 0.333333333333
[[  0.  33.   0.]
 [  0.  38.   0.]
 [  0.  29.   0.]]
cf_score, 38.0
ratio, 0.383838383838
[[ 40.   0.   0.]
 [ 30.   0.   0.]
 [ 30.   0.   0.]]
cf_score, 10.0
ratio, 0.40404040404
[[ 36.   0.   0.]
 [ 32.   0.   0.]
 [ 32.   0.   0.]]
cf_score, 4.0
ratio, 0.363636363636
[[ 30.   0.   0.]
 [ 41.   0.   0.]
 [ 29.   0.   0.]]
cf_score, 1.0
ratio, 0.30303030303
[[ 30.   0.   0.]
 [ 33.   0.   0.]
 [ 37.   0.   0.]]
cf_score, -7.0
ratio, 0.30303030303
[[ 29.   0.   0.]
 [ 36.   0.   0.]
 [ 35.   0.   0.]]
cf_score, -6.0
ratio, 0.292929292929
[[ 38.   0.   0.]
 [ 28.   0.   0.]
 [ 34.   0.   0.]]
cf_score, 4.0
ratio, 0.383838383838
[[ 29.   0.   0.]
 [ 28.   0.   0.]
 [ 43.   0.   0.]]
cf_score, -14.0
ratio, 0.292929292929
[[  0.  36.   0.]
 [  0.  30.   0.]
 [  0.  34.   0.]]
cf_score, 30.0
ratio, 0.30303030303
[[ 31.   0.   0.]
 [ 31.   0.   0.]
 [ 38.   0.   0.]]
cf_score, -7.0
ratio, 0.313131313131
[[ 30.   0.   0.]
 [ 38.   0.   0.]
 [ 32.   0.   0.]]
cf_score, -2.0
ratio, 0.30303030303
[[ 36.   0.   0.]
 [ 28.   0.   0.]
 [ 36.   0.   0.]]
cf_score, 0.0
ratio, 0.363636363636
[[ 30.   0.   0.]
 [ 31.   0.   0.]
 [ 39.   0.   0.]]
cf_score, -9.0
ratio, 0.30303030303
[[  0.  28.   0.]
 [  0.  30.   0.]
 [  0.  42.   0.]]
cf_score, 30.0
ratio, 0.30303030303
[[ 37.   0.   0.]
 [ 37.   0.   0.]
 [ 26.   0.   0.]]
cf_score, 11.0
ratio, 0.373737373737
[[ 25.   0.   0.]
 [ 33.   0.   0.]
 [ 42.   0.   0.]]
cf_score, -17.0
ratio, 0.252525252525
[[ 32.   0.   0.]
 [ 25.   0.   0.]
 [ 43.   0.   0.]]
cf_score, -11.0
ratio, 0.323232323232
[[  0.  32.   0.]
 [  0.  38.   0.]
 [  0.  30.   0.]]
cf_score, 38.0
ratio, 0.383838383838
[[ 30.   0.   0.]
 [ 36.   0.   0.]
 [ 34.   0.   0.]]
cf_score, -4.0
ratio, 0.30303030303
[[ 33.   0.   0.]
 [ 40.   0.   0.]
 [ 27.   0.   0.]]
cf_score, 6.0
ratio, 0.333333333333
[[ 29.   0.   0.]
 [ 41.   0.   0.]
 [ 30.   0.   0.]]
cf_score, -1.0
ratio, 0.292929292929
[[ 33.   0.   0.]
 [ 29.   0.   0.]
 [ 38.   0.   0.]]
cf_score, -5.0
ratio, 0.333333333333
[[ 32.   0.   0.]
 [ 31.   0.   0.]
 [ 37.   0.   0.]]
cf_score, -5.0
ratio, 0.323232323232
[[  0.   0.  23.]
 [  0.   0.  42.]
 [  0.   0.  35.]]
cf_score, 12.0
ratio, 0.353535353535
[[ 33.   0.   0.]
 [ 36.   0.   0.]
 [ 31.   0.   0.]]
cf_score, 2.0
ratio, 0.333333333333
[[ 33.   0.   0.]
 [ 34.   0.   0.]
 [ 33.   0.   0.]]
cf_score, 0.0
ratio, 0.333333333333
[[ 32.   0.   0.]
 [ 31.   0.   0.]
 [ 37.   0.   0.]]
cf_score, -5.0
ratio, 0.323232323232
[[ 31.   0.   0.]
 [ 36.   0.   0.]
 [ 33.   0.   0.]]
cf_score, -2.0
ratio, 0.313131313131
[[ 28.   0.   0.]
 [ 34.   0.   0.]
 [ 38.   0.   0.]]
cf_score, -10.0
ratio, 0.282828282828
[[ 37.   0.   0.]
 [ 30.   0.   0.]
 [ 33.   0.   0.]]
cf_score, 4.0
ratio, 0.373737373737
[[ 20.   0.   0.]
 [ 38.   0.   0.]
 [ 42.   0.   0.]]
cf_score, -22.0
ratio, 0.20202020202
[[  0.  32.   0.]
 [  0.  35.   0.]
 [  0.  33.   0.]]
cf_score, 35.0
ratio, 0.353535353535
[[ 32.   0.   0.]
 [ 32.   0.   0.]
 [ 36.   0.   0.]]
cf_score, -4.0
ratio, 0.323232323232
[[ 34.   0.   0.]
 [ 30.   0.   0.]
 [ 36.   0.   0.]]
cf_score, -2.0
ratio, 0.343434343434
[[ 31.   0.   0.]
 [ 32.   0.   0.]
 [ 37.   0.   0.]]
cf_score, -6.0
ratio, 0.313131313131
[[ 33.   0.   0.]
 [ 29.   0.   0.]
 [ 38.   0.   0.]]
cf_score, -5.0
ratio, 0.333333333333
[[  0.  33.   0.]
 [  0.  38.   0.]
 [  0.  29.   0.]]
cf_score, 38.0
ratio, 0.383838383838
[[  0.  34.   0.]
 [  0.  31.   0.]
 [  0.  35.   0.]]
cf_score, 31.0
ratio, 0.313131313131
[[ 39.   0.   0.]
 [ 22.   0.   0.]
 [ 39.   0.   0.]]
cf_score, 0.0
ratio, 0.393939393939
[[ 29.   0.   0.]
 [ 40.   0.   0.]
 [ 31.   0.   0.]]
cf_score, -2.0
ratio, 0.292929292929
[[ 33.   0.   0.]
 [ 35.   0.   0.]
 [ 32.   0.   0.]]
cf_score, 1.0
ratio, 0.333333333333
[[ 29.   0.   0.]
 [ 30.   0.   0.]
 [ 41.   0.   0.]]
cf_score, -12.0
ratio, 0.292929292929
[[ 29.   0.   0.]
 [ 33.   0.   0.]
 [ 38.   0.   0.]]
cf_score, -9.0
ratio, 0.292929292929
[[ 34.   0.   0.]
 [ 32.   0.   0.]
 [ 34.   0.   0.]]
cf_score, 0.0
ratio, 0.343434343434
[[  0.  39.   0.]
 [  0.  28.   0.]
 [  0.  33.   0.]]
cf_score, 28.0
ratio, 0.282828282828
[[ 26.   0.   0.]
 [ 33.   0.   0.]
 [ 41.   0.   0.]]
cf_score, -15.0
ratio, 0.262626262626
[[ 34.   0.   0.]
 [ 26.   0.   0.]
 [ 40.   0.   0.]]
cf_score, -6.0
ratio, 0.343434343434
[[ 31.   0.   0.]
 [ 34.   0.   0.]
 [ 35.   0.   0.]]
cf_score, -4.0
ratio, 0.313131313131
[[ 29.   0.   0.]
 [ 36.   0.   0.]
 [ 35.   0.   0.]]
cf_score, -6.0
ratio, 0.292929292929
[[ 30.   0.   0.]
 [ 33.   0.   0.]
 [ 37.   0.   0.]]
cf_score, -7.0
ratio, 0.30303030303
[[ 31.   0.   0.]
 [ 35.   0.   0.]
 [ 34.   0.   0.]]
cf_score, -3.0
ratio, 0.313131313131
[[ 25.   0.   0.]
 [ 32.   0.   0.]
 [ 43.   0.   0.]]
cf_score, -18.0
ratio, 0.252525252525
[[ 27.   0.   0.]
 [ 38.   0.   0.]
 [ 35.   0.   0.]]
cf_score, -8.0
ratio, 0.272727272727
[[  0.  24.   0.]
 [  0.  36.   0.]
 [  0.  40.   0.]]
cf_score, 36.0
ratio, 0.363636363636
[[ 29.   0.   0.]
 [ 30.   0.   0.]
 [ 41.   0.   0.]]
cf_score, -12.0
ratio, 0.292929292929
[[ 33.   0.   0.]
 [ 31.   0.   0.]
 [ 36.   0.   0.]]
cf_score, -3.0
ratio, 0.333333333333
[[ 38.   0.   0.]
 [ 25.   0.   0.]
 [ 37.   0.   0.]]
cf_score, 1.0
ratio, 0.383838383838
[[ 33.   0.   0.]
 [ 34.   0.   0.]
 [ 33.   0.   0.]]
cf_score, 0.0
ratio, 0.333333333333
[[ 38.   0.   0.]
 [ 25.   0.   0.]
 [ 37.   0.   0.]]
cf_score, 1.0
ratio, 0.383838383838
[[ 29.   0.   0.]
 [ 40.   0.   0.]
 [ 31.   0.   0.]]
cf_score, -2.0
ratio, 0.292929292929
[[ 30.   0.   0.]
 [ 39.   0.   0.]
 [ 31.   0.   0.]]
cf_score, -1.0
ratio, 0.30303030303
[[ 36.   0.   0.]
 [ 29.   0.   0.]
 [ 35.   0.   0.]]
cf_score, 1.0
ratio, 0.363636363636
[[  0.  26.   0.]
 [  0.  33.   0.]
 [  0.  41.   0.]]
cf_score, 33.0
ratio, 0.333333333333
[[ 29.   0.   0.]
 [ 38.   0.   0.]
 [ 33.   0.   0.]]
cf_score, -4.0
ratio, 0.292929292929
[[ 40.   0.   0.]
 [ 31.   0.   0.]
 [ 29.   0.   0.]]
cf_score, 11.0
ratio, 0.40404040404
[[ 35.   0.   0.]
 [ 29.   0.   0.]
 [ 36.   0.   0.]]
cf_score, -1.0
ratio, 0.353535353535
