[[  0.  45.   0.]
 [  0.  55.   0.]
 [  0.   0.   0.]]
cf_score, 55.0
nv_score, 0.0
ratio, 0.555555555556
[[  0.  38.   0.]
 [  0.  62.   0.]
 [  0.   0.   0.]]
cf_score, 62.0
nv_score, 0.0
ratio, 0.626262626263
[[  0.  38.   0.]
 [  0.  62.   0.]
 [  0.   0.   0.]]
cf_score, 62.0
nv_score, 0.0
ratio, 0.626262626263
[[ 11.  25.   0.]
 [  6.  58.   0.]
 [  0.   0.   0.]]
cf_score, 69.0
nv_score, 0.0
ratio, 0.69696969697
[[  9.  27.   0.]
 [  5.  59.   0.]
 [  0.   0.   0.]]
cf_score, 68.0
nv_score, 0.0
ratio, 0.686868686869
[[ 14.  20.   0.]
 [ 10.  56.   0.]
 [  0.   0.   0.]]
cf_score, 70.0
nv_score, 0.0
ratio, 0.707070707071
[[  6.  26.   0.]
 [  7.  61.   0.]
 [  0.   0.   0.]]
cf_score, 67.0
nv_score, 0.0
ratio, 0.676767676768
[[  5.  26.   0.]
 [  9.  60.   0.]
 [  0.   0.   0.]]
cf_score, 65.0
nv_score, 0.0
ratio, 0.656565656566
[[  6.  24.   0.]
 [  8.  62.   0.]
 [  0.   0.   0.]]
cf_score, 68.0
nv_score, 0.0
ratio, 0.686868686869
[[ 11.  34.   0.]
 [  6.  49.   0.]
 [  0.   0.   0.]]
cf_score, 60.0
nv_score, 0.0
ratio, 0.606060606061
[[ 10.  35.   0.]
 [  2.  53.   0.]
 [  0.   0.   0.]]
cf_score, 63.0
nv_score, 0.0
ratio, 0.636363636364
[[ 10.  24.   0.]
 [  9.  57.   0.]
 [  0.   0.   0.]]
cf_score, 67.0
nv_score, 0.0
ratio, 0.676767676768
[[  9.  22.   0.]
 [  8.  61.   0.]
 [  0.   0.   0.]]
cf_score, 70.0
nv_score, 0.0
ratio, 0.707070707071
[[  7.  28.   0.]
 [  8.  57.   0.]
 [  0.   0.   0.]]
cf_score, 64.0
nv_score, 0.0
ratio, 0.646464646465
[[  9.  25.   0.]
 [ 15.  51.   0.]
 [  0.   0.   0.]]
cf_score, 60.0
nv_score, 0.0
ratio, 0.606060606061
[[  4.  28.   0.]
 [  1.  67.   0.]
 [  0.   0.   0.]]
cf_score, 71.0
nv_score, 0.0
ratio, 0.717171717172
[[ 15.  24.   0.]
 [  8.  53.   0.]
 [  0.   0.   0.]]
cf_score, 68.0
nv_score, 0.0
ratio, 0.686868686869
[[  7.  27.   0.]
 [  6.  60.   0.]
 [  0.   0.   0.]]
cf_score, 67.0
nv_score, 0.0
ratio, 0.676767676768
[[ 10.  27.   0.]
 [  6.  57.   0.]
 [  0.   0.   0.]]
cf_score, 67.0
nv_score, 0.0
ratio, 0.676767676768
[[ 11.  20.   0.]
 [  6.  63.   0.]
 [  0.   0.   0.]]
cf_score, 74.0
nv_score, 0.0
ratio, 0.747474747475
[[ 14.  21.   0.]
 [  6.  59.   0.]
 [  0.   0.   0.]]
cf_score, 73.0
nv_score, 0.0
ratio, 0.737373737374
[[ 11.  21.   0.]
 [  7.  61.   0.]
 [  0.   0.   0.]]
cf_score, 72.0
nv_score, 0.0
ratio, 0.727272727273
[[  7.  25.   0.]
 [  7.  61.   0.]
 [  0.   0.   0.]]
cf_score, 68.0
nv_score, 0.0
ratio, 0.686868686869
[[ 10.  24.   0.]
 [  3.  63.   0.]
 [  0.   0.   0.]]
cf_score, 73.0
nv_score, 0.0
ratio, 0.737373737374
[[ 10.  30.   0.]
 [ 13.  47.   0.]
 [  0.   0.   0.]]
cf_score, 57.0
nv_score, 0.0
ratio, 0.575757575758
[[ 15.  29.   0.]
 [  0.  56.   0.]
 [  0.   0.   0.]]
cf_score, 71.0
nv_score, 0.0
ratio, 0.717171717172
[[  9.  24.   0.]
 [ 10.  57.   0.]
 [  0.   0.   0.]]
cf_score, 66.0
nv_score, 0.0
ratio, 0.666666666667
[[ 12.  20.   0.]
 [  7.  61.   0.]
 [  0.   0.   0.]]
cf_score, 73.0
nv_score, 0.0
ratio, 0.737373737374
[[ 11.  21.   0.]
 [  6.  62.   0.]
 [  0.   0.   0.]]
cf_score, 73.0
nv_score, 0.0
ratio, 0.737373737374
[[  7.  21.   0.]
 [  5.  67.   0.]
 [  0.   0.   0.]]
cf_score, 74.0
nv_score, 0.0
ratio, 0.747474747475
[[ 11.  37.   0.]
 [  8.  44.   0.]
 [  0.   0.   0.]]
cf_score, 55.0
nv_score, 0.0
ratio, 0.555555555556
[[  9.  18.   0.]
 [  8.  65.   0.]
 [  0.   0.   0.]]
cf_score, 74.0
nv_score, 0.0
ratio, 0.747474747475
[[  8.  27.   0.]
 [  5.  60.   0.]
 [  0.   0.   0.]]
cf_score, 68.0
nv_score, 0.0
ratio, 0.686868686869
[[ 11.  29.   0.]
 [  5.  55.   0.]
 [  0.   0.   0.]]
cf_score, 66.0
nv_score, 0.0
ratio, 0.666666666667
[[ 10.  23.   0.]
 [  4.  63.   0.]
 [  0.   0.   0.]]
cf_score, 73.0
nv_score, 0.0
ratio, 0.737373737374
[[  6.  24.   0.]
 [ 15.  55.   0.]
 [  0.   0.   0.]]
cf_score, 61.0
nv_score, 0.0
ratio, 0.616161616162
[[ 13.  23.   0.]
 [  5.  59.   0.]
 [  0.   0.   0.]]
cf_score, 72.0
nv_score, 0.0
ratio, 0.727272727273
[[  9.  25.   0.]
 [ 12.  54.   0.]
 [  0.   0.   0.]]
cf_score, 63.0
nv_score, 0.0
ratio, 0.636363636364
[[  9.  28.   0.]
 [ 13.  50.   0.]
 [  0.   0.   0.]]
cf_score, 59.0
nv_score, 0.0
ratio, 0.59595959596
[[  5.  22.   0.]
 [  6.  67.   0.]
 [  0.   0.   0.]]
cf_score, 72.0
nv_score, 0.0
ratio, 0.727272727273
[[  8.  27.   0.]
 [  5.  60.   0.]
 [  0.   0.   0.]]
cf_score, 68.0
nv_score, 0.0
ratio, 0.686868686869
[[ 11.  24.   0.]
 [ 11.  54.   0.]
 [  0.   0.   0.]]
cf_score, 65.0
nv_score, 0.0
ratio, 0.656565656566
[[  5.  22.   0.]
 [ 14.  59.   0.]
 [  0.   0.   0.]]
cf_score, 64.0
nv_score, 0.0
ratio, 0.646464646465
[[ 12.  25.   0.]
 [  9.  54.   0.]
 [  0.   0.   0.]]
cf_score, 66.0
nv_score, 0.0
ratio, 0.666666666667
[[  7.  29.   0.]
 [ 12.  52.   0.]
 [  0.   0.   0.]]
cf_score, 59.0
nv_score, 0.0
ratio, 0.59595959596
[[  8.  25.   0.]
 [ 10.  57.   0.]
 [  0.   0.   0.]]
cf_score, 65.0
nv_score, 0.0
ratio, 0.656565656566
[[  8.  26.   0.]
 [ 11.  55.   0.]
 [  0.   0.   0.]]
cf_score, 63.0
nv_score, 0.0
ratio, 0.636363636364
[[  6.  23.   0.]
 [  6.  65.   0.]
 [  0.   0.   0.]]
cf_score, 71.0
nv_score, 0.0
ratio, 0.717171717172
[[ 13.  19.   0.]
 [ 11.  57.   0.]
 [  0.   0.   0.]]
cf_score, 70.0
nv_score, 0.0
ratio, 0.707070707071
[[ 17.  20.   0.]
 [ 14.  49.   0.]
 [  0.   0.   0.]]
cf_score, 66.0
nv_score, 0.0
ratio, 0.666666666667
