[[ 28.   0.   0.]
 [ 40.   0.   0.]
 [ 32.   0.   0.]]
cf_score, -4.0
nv_score, 0.0
ratio, 0.282828282828
[[ 26.   0.   0.]
 [ 35.   0.   0.]
 [ 39.   0.   0.]]
cf_score, -13.0
nv_score, 0.0
ratio, 0.262626262626
[[ 32.   0.   0.]
 [ 37.   0.   0.]
 [ 31.   0.   0.]]
cf_score, 1.0
nv_score, 0.0
ratio, 0.323232323232
[[ 31.   0.   0.]
 [ 33.   0.   0.]
 [ 36.   0.   0.]]
cf_score, -5.0
nv_score, 0.0
ratio, 0.313131313131
[[ 34.   0.   0.]
 [ 32.   0.   0.]
 [ 34.   0.   0.]]
cf_score, 0.0
nv_score, 0.0
ratio, 0.343434343434
[[ 36.   0.   0.]
 [ 28.   0.   0.]
 [ 36.   0.   0.]]
cf_score, 0.0
nv_score, 0.0
ratio, 0.363636363636
[[ 26.   0.   0.]
 [ 37.   0.   0.]
 [ 37.   0.   0.]]
cf_score, -11.0
nv_score, 0.0
ratio, 0.262626262626
[[ 20.   0.   0.]
 [ 39.   0.   0.]
 [ 41.   0.   0.]]
cf_score, -21.0
nv_score, 0.0
ratio, 0.20202020202
[[ 26.   0.   0.]
 [ 38.   0.   0.]
 [ 36.   0.   0.]]
cf_score, -10.0
nv_score, 0.0
ratio, 0.262626262626
[[ 29.   0.   0.]
 [ 37.   0.   0.]
 [ 34.   0.   0.]]
cf_score, -5.0
nv_score, 0.0
ratio, 0.292929292929
[[ 29.   0.   0.]
 [ 30.   0.   0.]
 [ 41.   0.   0.]]
cf_score, -12.0
nv_score, 0.0
ratio, 0.292929292929
[[ 30.   0.   0.]
 [ 35.   0.   0.]
 [ 35.   0.   0.]]
cf_score, -5.0
nv_score, 0.0
ratio, 0.30303030303
[[ 28.   0.   0.]
 [ 33.   0.   0.]
 [ 39.   0.   0.]]
cf_score, -11.0
nv_score, 0.0
ratio, 0.282828282828
[[ 29.   0.   0.]
 [ 36.   0.   0.]
 [ 35.   0.   0.]]
cf_score, -6.0
nv_score, 0.0
ratio, 0.292929292929
[[ 27.   0.   0.]
 [ 40.   0.   0.]
 [ 33.   0.   0.]]
cf_score, -6.0
nv_score, 0.0
ratio, 0.272727272727
[[ 33.   0.   0.]
 [ 32.   0.   0.]
 [ 35.   0.   0.]]
cf_score, -2.0
nv_score, 0.0
ratio, 0.333333333333
[[ 22.   0.   0.]
 [ 28.   0.   0.]
 [ 50.   0.   0.]]
cf_score, -28.0
nv_score, 0.0
ratio, 0.222222222222
[[ 33.   0.   0.]
 [ 37.   0.   0.]
 [ 30.   0.   0.]]
cf_score, 3.0
nv_score, 0.0
ratio, 0.333333333333
[[ 26.   0.   0.]
 [ 37.   0.   0.]
 [ 37.   0.   0.]]
cf_score, -11.0
nv_score, 0.0
ratio, 0.262626262626
[[ 32.   0.   0.]
 [ 32.   0.   0.]
 [ 36.   0.   0.]]
cf_score, -4.0
nv_score, 0.0
ratio, 0.323232323232
[[ 35.   0.   0.]
 [ 30.   0.   0.]
 [ 35.   0.   0.]]
cf_score, 0.0
nv_score, 0.0
ratio, 0.353535353535
[[ 26.   0.   0.]
 [ 39.   0.   0.]
 [ 35.   0.   0.]]
cf_score, -9.0
nv_score, 0.0
ratio, 0.262626262626
[[ 30.   0.   0.]
 [ 35.   0.   0.]
 [ 35.   0.   0.]]
cf_score, -5.0
nv_score, 0.0
ratio, 0.30303030303
[[ 22.   0.   0.]
 [ 43.   0.   0.]
 [ 35.   0.   0.]]
cf_score, -13.0
nv_score, 0.0
ratio, 0.222222222222
[[ 27.   0.   0.]
 [ 38.   0.   0.]
 [ 35.   0.   0.]]
cf_score, -8.0
nv_score, 0.0
ratio, 0.272727272727
[[ 35.   0.   0.]
 [ 34.   0.   0.]
 [ 31.   0.   0.]]
cf_score, 4.0
nv_score, 0.0
ratio, 0.353535353535
[[ 30.   0.   0.]
 [ 26.   0.   0.]
 [ 44.   0.   0.]]
cf_score, -14.0
nv_score, 0.0
ratio, 0.30303030303
[[ 29.   0.   0.]
 [ 37.   0.   0.]
 [ 34.   0.   0.]]
cf_score, -5.0
nv_score, 0.0
ratio, 0.292929292929
[[ 38.   0.   0.]
 [ 37.   0.   0.]
 [ 25.   0.   0.]]
cf_score, 13.0
nv_score, 0.0
ratio, 0.383838383838
[[ 26.   0.   0.]
 [ 34.   0.   0.]
 [ 40.   0.   0.]]
cf_score, -14.0
nv_score, 0.0
ratio, 0.262626262626
[[ 25.   0.   0.]
 [ 38.   0.   0.]
 [ 37.   0.   0.]]
cf_score, -12.0
nv_score, 0.0
ratio, 0.252525252525
[[ 31.   0.   0.]
 [ 27.   0.   0.]
 [ 42.   0.   0.]]
cf_score, -11.0
nv_score, 0.0
ratio, 0.313131313131
[[ 32.   0.   0.]
 [ 37.   0.   0.]
 [ 31.   0.   0.]]
cf_score, 1.0
nv_score, 0.0
ratio, 0.323232323232
[[ 35.   0.   0.]
 [ 31.   0.   0.]
 [ 34.   0.   0.]]
cf_score, 1.0
nv_score, 0.0
ratio, 0.353535353535
[[ 30.   0.   0.]
 [ 27.   0.   0.]
 [ 43.   0.   0.]]
cf_score, -13.0
nv_score, 0.0
ratio, 0.30303030303
[[ 23.   0.   0.]
 [ 42.   0.   0.]
 [ 35.   0.   0.]]
cf_score, -12.0
nv_score, 0.0
ratio, 0.232323232323
[[ 30.   0.   0.]
 [ 36.   0.   0.]
 [ 34.   0.   0.]]
cf_score, -4.0
nv_score, 0.0
ratio, 0.30303030303
[[ 33.   0.   0.]
 [ 37.   0.   0.]
 [ 30.   0.   0.]]
cf_score, 3.0
nv_score, 0.0
ratio, 0.333333333333
[[ 38.   0.   0.]
 [ 29.   0.   0.]
 [ 33.   0.   0.]]
cf_score, 5.0
nv_score, 0.0
ratio, 0.383838383838
[[ 30.   0.   0.]
 [ 37.   0.   0.]
 [ 33.   0.   0.]]
cf_score, -3.0
nv_score, 0.0
ratio, 0.30303030303
[[ 31.   0.   0.]
 [ 31.   0.   0.]
 [ 38.   0.   0.]]
cf_score, -7.0
nv_score, 0.0
ratio, 0.313131313131
[[ 31.   0.   0.]
 [ 38.   0.   0.]
 [ 31.   0.   0.]]
cf_score, 0.0
nv_score, 0.0
ratio, 0.313131313131
[[ 22.   0.   0.]
 [ 39.   0.   0.]
 [ 39.   0.   0.]]
cf_score, -17.0
nv_score, 0.0
ratio, 0.222222222222
[[ 27.   0.   0.]
 [ 39.   0.   0.]
 [ 34.   0.   0.]]
cf_score, -7.0
nv_score, 0.0
ratio, 0.272727272727
[[ 30.   0.   0.]
 [ 36.   0.   0.]
 [ 34.   0.   0.]]
cf_score, -4.0
nv_score, 0.0
ratio, 0.30303030303
[[ 30.   0.   0.]
 [ 37.   0.   0.]
 [ 33.   0.   0.]]
cf_score, -3.0
nv_score, 0.0
ratio, 0.30303030303
[[ 33.   0.   0.]
 [ 38.   0.   0.]
 [ 29.   0.   0.]]
cf_score, 4.0
nv_score, 0.0
ratio, 0.333333333333
[[ 26.   0.   0.]
 [ 35.   0.   0.]
 [ 39.   0.   0.]]
cf_score, -13.0
nv_score, 0.0
ratio, 0.262626262626
[[ 33.   0.   0.]
 [ 35.   0.   0.]
 [ 32.   0.   0.]]
cf_score, 1.0
nv_score, 0.0
ratio, 0.333333333333
[[ 31.   0.   0.]
 [ 30.   0.   0.]
 [ 39.   0.   0.]]
cf_score, -8.0
nv_score, 0.0
ratio, 0.313131313131
