[[ 29.   0.   0.]
 [ 40.   0.   0.]
 [ 31.   0.   0.]]
cf_score, -2.0
ratio, 0.292929292929
[[ 28.   0.   0.]
 [ 37.   0.   0.]
 [ 35.   0.   0.]]
cf_score, -7.0
ratio, 0.282828282828
[[ 32.   0.   0.]
 [ 36.   0.   0.]
 [ 32.   0.   0.]]
cf_score, 0.0
ratio, 0.323232323232
[[ 32.   0.   0.]
 [ 33.   0.   0.]
 [ 35.   0.   0.]]
cf_score, -3.0
ratio, 0.323232323232
[[ 31.   0.   0.]
 [ 34.   0.   0.]
 [ 35.   0.   0.]]
cf_score, -4.0
ratio, 0.313131313131
[[ 35.   0.   0.]
 [ 32.   0.   0.]
 [ 33.   0.   0.]]
cf_score, 2.0
ratio, 0.353535353535
[[ 29.   0.   0.]
 [ 41.   0.   0.]
 [ 30.   0.   0.]]
cf_score, -1.0
ratio, 0.292929292929
[[ 27.   0.   0.]
 [ 31.   0.   0.]
 [ 42.   0.   0.]]
cf_score, -15.0
ratio, 0.272727272727
[[ 33.   0.   0.]
 [ 22.   0.   0.]
 [ 45.   0.   0.]]
cf_score, -12.0
ratio, 0.333333333333
[[ 27.   0.   0.]
 [ 38.   0.   0.]
 [ 35.   0.   0.]]
cf_score, -8.0
ratio, 0.272727272727
[[ 39.   0.   0.]
 [ 38.   0.   0.]
 [ 23.   0.   0.]]
cf_score, 16.0
ratio, 0.393939393939
[[ 28.   0.   0.]
 [ 34.   0.   0.]
 [ 38.   0.   0.]]
cf_score, -10.0
ratio, 0.282828282828
[[ 30.   0.   0.]
 [ 34.   0.   0.]
 [ 36.   0.   0.]]
cf_score, -6.0
ratio, 0.30303030303
[[ 37.   0.   0.]
 [ 31.   0.   0.]
 [ 32.   0.   0.]]
cf_score, 5.0
ratio, 0.373737373737
[[ 31.   0.   0.]
 [ 40.   0.   0.]
 [ 29.   0.   0.]]
cf_score, 2.0
ratio, 0.313131313131
[[ 30.   0.   0.]
 [ 36.   0.   0.]
 [ 34.   0.   0.]]
cf_score, -4.0
ratio, 0.30303030303
[[ 27.   0.   0.]
 [ 41.   0.   0.]
 [ 32.   0.   0.]]
cf_score, -5.0
ratio, 0.272727272727
[[ 31.   0.   0.]
 [ 37.   0.   0.]
 [ 32.   0.   0.]]
cf_score, -1.0
ratio, 0.313131313131
[[ 29.   0.   0.]
 [ 38.   0.   0.]
 [ 33.   0.   0.]]
cf_score, -4.0
ratio, 0.292929292929
[[ 33.   0.   0.]
 [ 39.   0.   0.]
 [ 28.   0.   0.]]
cf_score, 5.0
ratio, 0.333333333333
[[  0.   0.  34.]
 [  0.   0.  25.]
 [  0.   0.  41.]]
cf_score, 7.0
ratio, 0.414141414141
[[ 35.   0.   0.]
 [ 30.   0.   0.]
 [ 35.   0.   0.]]
cf_score, 0.0
ratio, 0.353535353535
[[ 29.   0.   0.]
 [ 43.   0.   0.]
 [ 28.   0.   0.]]
cf_score, 1.0
ratio, 0.292929292929
[[ 24.   0.   0.]
 [ 35.   0.   0.]
 [ 41.   0.   0.]]
cf_score, -17.0
ratio, 0.242424242424
[[ 34.   0.   0.]
 [ 31.   0.   0.]
 [ 35.   0.   0.]]
cf_score, -1.0
ratio, 0.343434343434
[[ 40.   0.   0.]
 [ 36.   0.   0.]
 [ 24.   0.   0.]]
cf_score, 16.0
ratio, 0.40404040404
[[ 35.   0.   0.]
 [ 40.   0.   0.]
 [ 25.   0.   0.]]
cf_score, 10.0
ratio, 0.353535353535
[[ 29.   0.   0.]
 [ 38.   0.   0.]
 [ 33.   0.   0.]]
cf_score, -4.0
ratio, 0.292929292929
[[ 32.   0.   0.]
 [ 36.   0.   0.]
 [ 32.   0.   0.]]
cf_score, 0.0
ratio, 0.323232323232
[[ 35.   0.   0.]
 [ 33.   0.   0.]
 [ 32.   0.   0.]]
cf_score, 3.0
ratio, 0.353535353535
[[ 37.   0.   0.]
 [ 35.   0.   0.]
 [ 28.   0.   0.]]
cf_score, 9.0
ratio, 0.373737373737
[[ 36.   0.   0.]
 [ 33.   0.   0.]
 [ 31.   0.   0.]]
cf_score, 5.0
ratio, 0.363636363636
[[ 38.   0.   0.]
 [ 31.   0.   0.]
 [ 31.   0.   0.]]
cf_score, 7.0
ratio, 0.383838383838
[[ 35.   0.   0.]
 [ 34.   0.   0.]
 [ 31.   0.   0.]]
cf_score, 4.0
ratio, 0.353535353535
[[ 42.   0.   0.]
 [ 33.   0.   0.]
 [ 25.   0.   0.]]
cf_score, 17.0
ratio, 0.424242424242
[[ 28.   0.   0.]
 [ 37.   0.   0.]
 [ 35.   0.   0.]]
cf_score, -7.0
ratio, 0.282828282828
[[ 38.   0.   0.]
 [ 29.   0.   0.]
 [ 33.   0.   0.]]
cf_score, 5.0
ratio, 0.383838383838
[[  0.   0.  20.]
 [  0.   0.  39.]
 [  0.   0.  41.]]
cf_score, 21.0
ratio, 0.414141414141
[[ 36.   0.   0.]
 [ 31.   0.   0.]
 [ 33.   0.   0.]]
cf_score, 3.0
ratio, 0.363636363636
[[ 27.   0.   0.]
 [ 40.   0.   0.]
 [ 33.   0.   0.]]
cf_score, -6.0
ratio, 0.272727272727
[[ 30.   0.   0.]
 [ 37.   0.   0.]
 [ 33.   0.   0.]]
cf_score, -3.0
ratio, 0.30303030303
[[ 40.   0.   0.]
 [ 32.   0.   0.]
 [ 28.   0.   0.]]
cf_score, 12.0
ratio, 0.40404040404
[[ 31.   0.   0.]
 [ 34.   0.   0.]
 [ 35.   0.   0.]]
cf_score, -4.0
ratio, 0.313131313131
[[ 30.   0.   0.]
 [ 30.   0.   0.]
 [ 40.   0.   0.]]
cf_score, -10.0
ratio, 0.30303030303
[[ 40.   0.   0.]
 [ 28.   0.   0.]
 [ 32.   0.   0.]]
cf_score, 8.0
ratio, 0.40404040404
[[ 32.   0.   0.]
 [ 29.   0.   0.]
 [ 39.   0.   0.]]
cf_score, -7.0
ratio, 0.323232323232
[[ 37.   0.   0.]
 [ 34.   0.   0.]
 [ 29.   0.   0.]]
cf_score, 8.0
ratio, 0.373737373737
[[ 26.   0.   0.]
 [ 40.   0.   0.]
 [ 34.   0.   0.]]
cf_score, -8.0
ratio, 0.262626262626
[[ 42.   0.   0.]
 [ 31.   0.   0.]
 [ 27.   0.   0.]]
cf_score, 15.0
ratio, 0.424242424242
[[  0.   0.  28.]
 [  0.   0.  34.]
 [  0.   0.  38.]]
cf_score, 10.0
ratio, 0.383838383838
[[ 33.   0.   0.]
 [ 33.   0.   0.]
 [ 34.   0.   0.]]
cf_score, -1.0
ratio, 0.333333333333
[[ 28.   0.   0.]
 [ 33.   0.   0.]
 [ 39.   0.   0.]]
cf_score, -11.0
ratio, 0.282828282828
[[ 28.   0.   0.]
 [ 44.   0.   0.]
 [ 28.   0.   0.]]
cf_score, 0.0
ratio, 0.282828282828
[[ 33.   0.   0.]
 [ 39.   0.   0.]
 [ 28.   0.   0.]]
cf_score, 5.0
ratio, 0.333333333333
[[ 26.   0.   0.]
 [ 40.   0.   0.]
 [ 34.   0.   0.]]
cf_score, -8.0
ratio, 0.262626262626
[[ 43.   0.   0.]
 [ 31.   0.   0.]
 [ 26.   0.   0.]]
cf_score, 17.0
ratio, 0.434343434343
[[ 29.   0.   0.]
 [ 36.   0.   0.]
 [ 35.   0.   0.]]
cf_score, -6.0
ratio, 0.292929292929
[[ 37.   0.   0.]
 [ 25.   0.   0.]
 [ 38.   0.   0.]]
cf_score, -1.0
ratio, 0.373737373737
[[  0.   0.  37.]
 [  0.   0.  26.]
 [  0.   0.  37.]]
cf_score, 0.0
ratio, 0.373737373737
[[ 37.   0.   0.]
 [ 25.   0.   0.]
 [ 38.   0.   0.]]
cf_score, -1.0
ratio, 0.373737373737
[[ 28.   0.   0.]
 [ 30.   0.   0.]
 [ 42.   0.   0.]]
cf_score, -14.0
ratio, 0.282828282828
[[ 30.   0.   0.]
 [ 40.   0.   0.]
 [ 30.   0.   0.]]
cf_score, 0.0
ratio, 0.30303030303
[[ 33.   0.   0.]
 [ 33.   0.   0.]
 [ 34.   0.   0.]]
cf_score, -1.0
ratio, 0.333333333333
[[ 31.   0.   0.]
 [ 33.   0.   0.]
 [ 36.   0.   0.]]
cf_score, -5.0
ratio, 0.313131313131
[[ 29.   0.   0.]
 [ 30.   0.   0.]
 [ 41.   0.   0.]]
cf_score, -12.0
ratio, 0.292929292929
[[ 30.   0.   0.]
 [ 41.   0.   0.]
 [ 29.   0.   0.]]
cf_score, 1.0
ratio, 0.30303030303
[[ 36.   0.   0.]
 [ 32.   0.   0.]
 [ 32.   0.   0.]]
cf_score, 4.0
ratio, 0.363636363636
[[ 32.   0.   0.]
 [ 32.   0.   0.]
 [ 36.   0.   0.]]
cf_score, -4.0
ratio, 0.323232323232
[[ 33.   0.   0.]
 [ 33.   0.   0.]
 [ 34.   0.   0.]]
cf_score, -1.0
ratio, 0.333333333333
[[ 33.   0.   0.]
 [ 30.   0.   0.]
 [ 37.   0.   0.]]
cf_score, -4.0
ratio, 0.333333333333
[[ 38.   0.   0.]
 [ 32.   0.   0.]
 [ 30.   0.   0.]]
cf_score, 8.0
ratio, 0.383838383838
[[ 46.   0.   0.]
 [ 22.   0.   0.]
 [ 32.   0.   0.]]
cf_score, 14.0
ratio, 0.464646464646
[[ 37.   0.   0.]
 [ 35.   0.   0.]
 [ 28.   0.   0.]]
cf_score, 9.0
ratio, 0.373737373737
[[ 28.   0.   0.]
 [ 38.   0.   0.]
 [ 34.   0.   0.]]
cf_score, -6.0
ratio, 0.282828282828
[[ 29.   0.   0.]
 [ 37.   0.   0.]
 [ 34.   0.   0.]]
cf_score, -5.0
ratio, 0.292929292929
[[ 33.   0.   0.]
 [ 36.   0.   0.]
 [ 31.   0.   0.]]
cf_score, 2.0
ratio, 0.333333333333
[[ 30.   0.   0.]
 [ 32.   0.   0.]
 [ 38.   0.   0.]]
cf_score, -8.0
ratio, 0.30303030303
[[ 23.   0.   0.]
 [ 39.   0.   0.]
 [ 38.   0.   0.]]
cf_score, -15.0
ratio, 0.232323232323
[[ 36.   0.   0.]
 [ 26.   0.   0.]
 [ 38.   0.   0.]]
cf_score, -2.0
ratio, 0.363636363636
[[ 16.   0.   0.]
 [ 40.   0.   0.]
 [ 44.   0.   0.]]
cf_score, -28.0
ratio, 0.161616161616
[[ 38.   0.   0.]
 [ 32.   0.   0.]
 [ 30.   0.   0.]]
cf_score, 8.0
ratio, 0.383838383838
[[ 30.   0.   0.]
 [ 32.   0.   0.]
 [ 38.   0.   0.]]
cf_score, -8.0
ratio, 0.30303030303
[[ 31.   0.   0.]
 [ 33.   0.   0.]
 [ 36.   0.   0.]]
cf_score, -5.0
ratio, 0.313131313131
[[ 30.   0.   0.]
 [ 37.   0.   0.]
 [ 33.   0.   0.]]
cf_score, -3.0
ratio, 0.30303030303
[[ 34.   0.   0.]
 [ 27.   0.   0.]
 [ 39.   0.   0.]]
cf_score, -5.0
ratio, 0.343434343434
[[ 34.   0.   0.]
 [ 29.   0.   0.]
 [ 37.   0.   0.]]
cf_score, -3.0
ratio, 0.343434343434
[[ 36.   0.   0.]
 [ 37.   0.   0.]
 [ 27.   0.   0.]]
cf_score, 9.0
ratio, 0.363636363636
[[  0.   0.  30.]
 [  0.   0.  34.]
 [  0.   0.  36.]]
cf_score, 6.0
ratio, 0.363636363636
[[ 39.   0.   0.]
 [ 30.   0.   0.]
 [ 31.   0.   0.]]
cf_score, 8.0
ratio, 0.393939393939
[[ 32.   0.   0.]
 [ 38.   0.   0.]
 [ 30.   0.   0.]]
cf_score, 2.0
ratio, 0.323232323232
[[  0.   0.  38.]
 [  0.   0.  30.]
 [  0.   0.  32.]]
cf_score, -6.0
ratio, 0.323232323232
[[ 23.   0.   0.]
 [ 35.   0.   0.]
 [ 42.   0.   0.]]
cf_score, -19.0
ratio, 0.232323232323
[[ 29.   0.   0.]
 [ 35.   0.   0.]
 [ 36.   0.   0.]]
cf_score, -7.0
ratio, 0.292929292929
[[ 33.   0.   0.]
 [ 34.   0.   0.]
 [ 33.   0.   0.]]
cf_score, 0.0
ratio, 0.333333333333
[[ 33.   0.   0.]
 [ 31.   0.   0.]
 [ 36.   0.   0.]]
cf_score, -3.0
ratio, 0.333333333333
[[ 30.   0.   0.]
 [ 31.   0.   0.]
 [ 39.   0.   0.]]
cf_score, -9.0
ratio, 0.30303030303
[[  0.   0.  32.]
 [  0.   0.  28.]
 [  0.   0.  40.]]
cf_score, 8.0
ratio, 0.40404040404
[[ 29.   0.   0.]
 [ 35.   0.   0.]
 [ 36.   0.   0.]]
cf_score, -7.0
ratio, 0.292929292929
[[ 26.   0.   0.]
 [ 36.   0.   0.]
 [ 38.   0.   0.]]
cf_score, -12.0
ratio, 0.262626262626
[[ 24.   0.   0.]
 [ 36.   0.   0.]
 [ 40.   0.   0.]]
cf_score, -16.0
ratio, 0.242424242424
