[[ 25.   0.   9.]
 [ 18.   0.  14.]
 [ 11.   0.  23.]]
cf_score, 28.0
nv_score, -9.0
ratio, 0.484848484848
[[ 24.   0.   7.]
 [ 17.   1.  15.]
 [ 12.   2.  22.]]
cf_score, 28.0
nv_score, -7.0
ratio, 0.474747474747
[[ 21.   0.   7.]
 [ 26.   5.  10.]
 [ 10.   0.  21.]]
cf_score, 30.0
nv_score, -3.0
ratio, 0.474747474747
[[ 21.   5.  10.]
 [ 24.   1.  13.]
 [  2.   1.  23.]]
cf_score, 33.0
nv_score, -10.0
ratio, 0.454545454545
[[ 23.   4.   7.]
 [ 13.   3.  20.]
 [  9.   1.  20.]]
cf_score, 30.0
nv_score, -14.0
ratio, 0.464646464646
[[ 15.   2.   5.]
 [ 17.   5.  14.]
 [  4.   2.  36.]]
cf_score, 47.0
nv_score, 12.0
ratio, 0.565656565657
[[ 21.   1.   9.]
 [ 26.   5.   6.]
 [  6.   5.  21.]]
cf_score, 32.0
nv_score, -3.0
ratio, 0.474747474747
[[ 14.  10.   9.]
 [ 14.   5.  13.]
 [  6.   3.  26.]]
cf_score, 30.0
nv_score, -5.0
ratio, 0.454545454545
[[ 21.   7.  10.]
 [ 21.   7.  10.]
 [  3.   2.  19.]]
cf_score, 34.0
nv_score, -11.0
ratio, 0.474747474747
[[ 16.   5.   6.]
 [ 25.  10.  14.]
 [  4.   3.  17.]]
cf_score, 33.0
nv_score, -9.0
ratio, 0.434343434343
[[ 12.   5.  12.]
 [ 18.  19.   9.]
 [  4.   7.  14.]]
cf_score, 29.0
nv_score, -19.0
ratio, 0.454545454545
[[  9.  20.   4.]
 [ 11.  16.   8.]
 [  1.   6.  25.]]
cf_score, 45.0
nv_score, 9.0
ratio, 0.505050505051
[[ 13.  11.  16.]
 [  5.  15.  11.]
 [  5.   4.  20.]]
cf_score, 27.0
nv_score, -23.0
ratio, 0.484848484848
[[  8.   9.  10.]
 [ 10.  15.  17.]
 [  2.   6.  23.]]
cf_score, 34.0
nv_score, -14.0
ratio, 0.464646464646
[[ 14.   8.  12.]
 [ 13.  10.  14.]
 [  1.   7.  21.]]
cf_score, 32.0
nv_score, -17.0
ratio, 0.454545454545
[[ 12.  16.   6.]
 [  9.  16.   9.]
 [  4.   8.  20.]]
cf_score, 38.0
nv_score, -1.0
ratio, 0.484848484848
[[ 23.   9.   5.]
 [ 11.  10.  13.]
 [  2.   8.  19.]]
cf_score, 45.0
nv_score, -4.0
ratio, 0.525252525253
[[ 11.  10.   8.]
 [ 15.  12.  13.]
 [  6.   6.  19.]]
cf_score, 28.0
nv_score, -10.0
ratio, 0.424242424242
[[ 11.  16.   4.]
 [ 13.  16.  13.]
 [  2.   8.  17.]]
cf_score, 38.0
nv_score, -4.0
ratio, 0.444444444444
[[ 10.  10.   6.]
 [  8.  17.  15.]
 [  2.  10.  22.]]
cf_score, 41.0
nv_score, -5.0
ratio, 0.494949494949
[[ 12.   7.   9.]
 [  9.  17.  12.]
 [  2.  11.  21.]]
cf_score, 39.0
nv_score, -9.0
ratio, 0.505050505051
[[ 10.  16.  10.]
 [  8.  16.   5.]
 [  4.   7.  24.]]
cf_score, 36.0
nv_score, -1.0
ratio, 0.505050505051
[[  9.  14.  13.]
 [ 15.  13.   9.]
 [  3.   5.  19.]]
cf_score, 25.0
nv_score, -16.0
ratio, 0.414141414141
[[ 11.  14.  12.]
 [ 13.  14.   9.]
 [  2.   7.  18.]]
cf_score, 29.0
nv_score, -15.0
ratio, 0.434343434343
[[  8.  21.   9.]
 [  7.  16.  10.]
 [  3.   5.  21.]]
cf_score, 33.0
nv_score, -7.0
ratio, 0.454545454545
[[  4.  15.   8.]
 [  7.  22.  12.]
 [  1.   8.  23.]]
cf_score, 40.0
nv_score, -5.0
ratio, 0.494949494949
[[ 11.  10.  10.]
 [ 12.  20.   9.]
 [  2.   9.  17.]]
cf_score, 36.0
nv_score, -12.0
ratio, 0.484848484848
[[ 10.  16.   9.]
 [ 18.  13.  10.]
 [  3.   3.  18.]]
cf_score, 29.0
nv_score, -10.0
ratio, 0.414141414141
[[ 12.  10.  11.]
 [  9.  18.   5.]
 [  5.  13.  17.]]
cf_score, 31.0
nv_score, -10.0
ratio, 0.474747474747
[[ 14.  18.   6.]
 [  7.  17.   7.]
 [  1.  11.  19.]]
cf_score, 43.0
nv_score, 0.0
ratio, 0.505050505051
[[  8.  14.   8.]
 [  8.  12.  11.]
 [  1.  12.  26.]]
cf_score, 37.0
nv_score, -1.0
ratio, 0.464646464646
[[ 11.  18.   5.]
 [ 12.  13.  13.]
 [  3.   5.  20.]]
cf_score, 36.0
nv_score, -3.0
ratio, 0.444444444444
[[  8.  17.  16.]
 [  6.  14.   5.]
 [  4.   5.  25.]]
cf_score, 27.0
nv_score, -12.0
ratio, 0.474747474747
[[ 10.  14.  10.]
 [  6.  12.  12.]
 [  5.  12.  19.]]
cf_score, 26.0
nv_score, -13.0
ratio, 0.414141414141
[[ 13.  10.   3.]
 [  9.  16.  14.]
 [  1.  13.  21.]]
cf_score, 46.0
nv_score, 1.0
ratio, 0.505050505051
[[ 11.  18.   8.]
 [  5.  13.  14.]
 [  5.   8.  18.]]
cf_score, 29.0
nv_score, -12.0
ratio, 0.424242424242
[[  5.  15.   6.]
 [ 13.  14.  16.]
 [  1.  13.  17.]]
cf_score, 29.0
nv_score, -11.0
ratio, 0.363636363636
[[ 11.  12.   4.]
 [ 13.  21.  15.]
 [  0.   9.  15.]]
cf_score, 43.0
nv_score, -8.0
ratio, 0.474747474747
[[  7.  13.  12.]
 [ 11.  16.   7.]
 [  0.  13.  21.]]
cf_score, 32.0
nv_score, -10.0
ratio, 0.444444444444
[[  9.  21.   9.]
 [  6.  17.   7.]
 [  0.   9.  22.]]
cf_score, 39.0
nv_score, -3.0
ratio, 0.484848484848
[[  9.  22.   6.]
 [  6.  20.   7.]
 [  3.   8.  19.]]
cf_score, 39.0
nv_score, 0.0
ratio, 0.484848484848
[[ 11.  13.   7.]
 [ 12.  17.  12.]
 [  4.   6.  18.]]
cf_score, 35.0
nv_score, -8.0
ratio, 0.464646464646
[[  9.  13.   7.]
 [  9.  19.  10.]
 [  1.   9.  23.]]
cf_score, 43.0
nv_score, -1.0
ratio, 0.515151515152
[[ 11.  16.   8.]
 [ 11.  18.   9.]
 [  0.   6.  21.]]
cf_score, 42.0
nv_score, -4.0
ratio, 0.505050505051
[[  8.  19.  10.]
 [ 10.  14.   7.]
 [  3.   8.  21.]]
cf_score, 30.0
nv_score, -6.0
ratio, 0.434343434343
[[  6.  16.   5.]
 [ 12.  16.   8.]
 [  4.   8.  25.]]
cf_score, 38.0
nv_score, 7.0
ratio, 0.474747474747
[[ 10.  12.   7.]
 [  6.  23.   9.]
 [  1.  12.  20.]]
cf_score, 45.0
nv_score, -3.0
ratio, 0.535353535354
[[ 13.  17.   5.]
 [ 13.  17.  12.]
 [  1.   6.  16.]]
cf_score, 40.0
nv_score, -6.0
ratio, 0.464646464646
[[ 13.  18.   6.]
 [ 10.  16.   4.]
 [  1.  10.  22.]]
cf_score, 44.0
nv_score, 6.0
ratio, 0.515151515152
[[  6.  14.   7.]
 [  4.  20.   8.]
 [  5.  13.  23.]]
cf_score, 37.0
nv_score, 1.0
ratio, 0.494949494949
