[[ 19.   0.  16.]
 [ 22.   0.   7.]
 [ 24.   1.  11.]]
cf_score, -10.0
ratio, 0.30303030303
[[  0.  27.   9.]
 [  0.  24.   8.]
 [  0.  22.  10.]]
cf_score, 25.0
ratio, 0.343434343434
[[  0.  25.   9.]
 [  0.  27.  10.]
 [  0.  20.   9.]]
cf_score, 27.0
ratio, 0.363636363636
[[ 15.   8.  10.]
 [ 14.  11.   9.]
 [  9.   7.  17.]]
cf_score, 24.0
ratio, 0.434343434343
[[  6.   6.   9.]
 [ 24.   6.  13.]
 [ 13.   5.  18.]]
cf_score, 8.0
ratio, 0.30303030303
[[ 19.  11.  13.]
 [ 16.   1.   5.]
 [ 14.   6.  15.]]
cf_score, 8.0
ratio, 0.353535353535
[[ 19.   7.  11.]
 [ 19.   6.  11.]
 [ 13.   4.  10.]]
cf_score, 11.0
ratio, 0.353535353535
[[ 15.  12.   8.]
 [ 13.  11.  12.]
 [ 10.   4.  15.]]
cf_score, 23.0
ratio, 0.414141414141
[[ 15.   9.  11.]
 [ 20.  10.   5.]
 [ 15.   5.  10.]]
cf_score, 9.0
ratio, 0.353535353535
[[  7.  13.  11.]
 [ 24.   5.   9.]
 [ 13.   5.  13.]]
cf_score, 1.0
ratio, 0.252525252525
[[ 13.  15.   6.]
 [ 12.  11.   6.]
 [ 12.   8.  17.]]
cf_score, 23.0
ratio, 0.414141414141
[[  9.  19.  15.]
 [ 10.  11.  12.]
 [  6.   9.   9.]]
cf_score, 8.0
ratio, 0.292929292929
[[ 12.  11.   6.]
 [  6.  18.   7.]
 [ 13.   7.  20.]]
cf_score, 31.0
ratio, 0.505050505051
[[ 20.  13.   7.]
 [  8.  11.   4.]
 [  8.   7.  22.]]
cf_score, 38.0
ratio, 0.535353535354
[[ 15.   9.  10.]
 [  9.  11.  12.]
 [  5.  10.  19.]]
cf_score, 30.0
ratio, 0.454545454545
[[ 10.  11.  14.]
 [ 12.  15.   8.]
 [  6.  13.  11.]]
cf_score, 16.0
ratio, 0.363636363636
[[ 12.   7.  11.]
 [ 14.  13.   9.]
 [  9.  10.  15.]]
cf_score, 20.0
ratio, 0.40404040404
[[  7.  16.  13.]
 [ 13.   4.  13.]
 [  5.   6.  23.]]
cf_score, 16.0
ratio, 0.343434343434
[[ 11.  12.  11.]
 [  9.   9.  17.]
 [  5.  10.  16.]]
cf_score, 20.0
ratio, 0.363636363636
[[ 12.  15.   8.]
 [  9.  13.   7.]
 [  2.   8.  26.]]
cf_score, 41.0
ratio, 0.515151515152
[[ 17.   5.  14.]
 [  7.  12.   9.]
 [  3.  13.  20.]]
cf_score, 32.0
ratio, 0.494949494949
[[ 13.   7.   8.]
 [ 14.  17.   7.]
 [  6.   5.  23.]]
cf_score, 39.0
ratio, 0.535353535354
[[ 15.  12.   9.]
 [ 15.  14.   7.]
 [  5.   6.  17.]]
cf_score, 32.0
ratio, 0.464646464646
[[  9.  14.  12.]
 [  6.  14.   9.]
 [  3.  13.  20.]]
cf_score, 28.0
ratio, 0.434343434343
[[ 12.  17.   9.]
 [  9.  15.  10.]
 [  2.   8.  18.]]
cf_score, 34.0
ratio, 0.454545454545
[[ 15.  10.  11.]
 [  3.  15.  15.]
 [  1.   7.  23.]]
cf_score, 41.0
ratio, 0.535353535354
[[ 11.  12.  10.]
 [  9.  17.  13.]
 [  2.   5.  21.]]
cf_score, 37.0
ratio, 0.494949494949
[[  6.  15.  12.]
 [ 11.  13.   9.]
 [  3.   6.  25.]]
cf_score, 29.0
ratio, 0.444444444444
[[  8.   8.   6.]
 [ 10.  17.   9.]
 [  6.  14.  22.]]
cf_score, 35.0
ratio, 0.474747474747
[[ 17.   8.  12.]
 [ 14.  18.   8.]
 [  6.   7.  10.]]
cf_score, 27.0
ratio, 0.454545454545
[[ 14.  10.  13.]
 [  8.  14.  12.]
 [  5.   8.  16.]]
cf_score, 26.0
ratio, 0.444444444444
[[  9.   7.  14.]
 [  5.  25.  11.]
 [  5.   9.  15.]]
cf_score, 30.0
ratio, 0.494949494949
[[ 13.  12.  11.]
 [  6.  15.   6.]
 [  8.  10.  19.]]
cf_score, 28.0
ratio, 0.474747474747
[[  9.  13.   7.]
 [  8.  12.   8.]
 [ 13.  12.  18.]]
cf_score, 19.0
ratio, 0.393939393939
[[ 10.  13.  12.]
 [ 12.  11.  12.]
 [  3.   9.  18.]]
cf_score, 24.0
ratio, 0.393939393939
[[ 13.  19.   6.]
 [  8.  14.   9.]
 [  2.  12.  17.]]
cf_score, 36.0
ratio, 0.444444444444
[[ 12.  15.   9.]
 [ 10.  11.  11.]
 [  4.   7.  21.]]
cf_score, 31.0
ratio, 0.444444444444
[[ 14.  10.   8.]
 [ 10.  18.   8.]
 [  8.  10.  14.]]
cf_score, 30.0
ratio, 0.464646464646
[[ 21.  13.  10.]
 [ 10.  13.   9.]
 [  8.   7.   9.]]
cf_score, 25.0
ratio, 0.434343434343
[[ 15.  12.  10.]
 [ 13.  12.   8.]
 [  5.  10.  15.]]
cf_score, 27.0
ratio, 0.424242424242
[[  8.   9.  13.]
 [  7.  19.   7.]
 [  5.  10.  22.]]
cf_score, 31.0
ratio, 0.494949494949
[[ 17.   7.  12.]
 [  8.  11.  13.]
 [  2.  12.  18.]]
cf_score, 32.0
ratio, 0.464646464646
[[ 18.   9.  14.]
 [ 14.   9.   9.]
 [  1.  13.  13.]]
cf_score, 25.0
ratio, 0.40404040404
[[  6.  12.  22.]
 [  8.  11.   7.]
 [  2.   8.  24.]]
cf_score, 17.0
ratio, 0.414141414141
[[ 13.  11.  19.]
 [  6.  12.   5.]
 [  4.   6.  24.]]
cf_score, 26.0
ratio, 0.494949494949
[[ 15.  14.   9.]
 [ 10.  16.   7.]
 [  5.   8.  16.]]
cf_score, 33.0
ratio, 0.474747474747
[[ 13.  13.   9.]
 [  9.  15.  10.]
 [  3.  11.  17.]]
cf_score, 33.0
ratio, 0.454545454545
[[ 15.   9.  14.]
 [  7.  17.  13.]
 [  4.   5.  16.]]
cf_score, 30.0
ratio, 0.484848484848
[[ 15.  16.  13.]
 [  6.  13.   7.]
 [  3.   5.  22.]]
cf_score, 34.0
ratio, 0.505050505051
[[ 16.   4.  16.]
 [ 13.  14.  15.]
 [  7.   4.  11.]]
cf_score, 18.0
ratio, 0.414141414141
[[ 11.   9.  12.]
 [ 12.  10.  14.]
 [  3.  11.  18.]]
cf_score, 24.0
ratio, 0.393939393939
[[  4.  13.   8.]
 [ 16.  14.   5.]
 [  9.  10.  21.]]
cf_score, 22.0
ratio, 0.393939393939
[[ 13.  13.  12.]
 [ 12.   9.   6.]
 [  6.   8.  21.]]
cf_score, 25.0
ratio, 0.434343434343
[[ 13.   7.  13.]
 [ 10.  11.  14.]
 [  4.   9.  19.]]
cf_score, 26.0
ratio, 0.434343434343
[[ 15.   8.  12.]
 [  4.  15.  11.]
 [  7.  11.  17.]]
cf_score, 28.0
ratio, 0.474747474747
[[ 10.  12.  14.]
 [ 15.  14.  11.]
 [  5.   8.  11.]]
cf_score, 16.0
ratio, 0.353535353535
[[ 12.   7.  12.]
 [ 12.  13.   9.]
 [  3.   8.  24.]]
cf_score, 34.0
ratio, 0.494949494949
[[ 14.  12.  11.]
 [ 18.  10.   4.]
 [  3.   9.  19.]]
cf_score, 29.0
ratio, 0.434343434343
[[ 18.  10.   9.]
 [  9.  13.  11.]
 [  3.   6.  21.]]
cf_score, 40.0
ratio, 0.525252525253
[[ 20.   8.   9.]
 [  9.  10.  10.]
 [  4.  12.  18.]]
cf_score, 35.0
ratio, 0.484848484848
[[  9.  10.  10.]
 [ 16.   8.  11.]
 [  6.   9.  21.]]
cf_score, 22.0
ratio, 0.383838383838
[[ 13.   7.  20.]
 [ 15.  10.   8.]
 [  2.  10.  15.]]
cf_score, 16.0
ratio, 0.383838383838
[[ 13.  11.   7.]
 [ 15.  13.   4.]
 [  6.  12.  19.]]
cf_score, 32.0
ratio, 0.454545454545
[[ 15.  11.  10.]
 [ 13.  12.  11.]
 [  6.   1.  21.]]
cf_score, 32.0
ratio, 0.484848484848
[[  9.   8.  11.]
 [ 16.   6.  14.]
 [  5.  12.  19.]]
cf_score, 18.0
ratio, 0.343434343434
[[ 16.   7.  11.]
 [ 13.  18.   8.]
 [  5.  12.  10.]]
cf_score, 28.0
ratio, 0.444444444444
[[ 14.   8.  10.]
 [  9.  12.  10.]
 [  8.   6.  23.]]
cf_score, 31.0
ratio, 0.494949494949
[[ 16.  10.  10.]
 [ 11.  11.   9.]
 [  7.   8.  18.]]
cf_score, 28.0
ratio, 0.454545454545
[[ 21.   4.  12.]
 [ 10.  18.  12.]
 [  3.   5.  15.]]
cf_score, 39.0
ratio, 0.545454545455
[[  7.  13.  11.]
 [ 11.  14.   9.]
 [  3.  15.  17.]]
cf_score, 24.0
ratio, 0.383838383838
[[ 18.   9.  13.]
 [  8.  11.   6.]
 [  4.  10.  21.]]
cf_score, 33.0
ratio, 0.505050505051
[[ 10.   9.  12.]
 [ 16.   9.   8.]
 [  6.  11.  19.]]
cf_score, 20.0
ratio, 0.383838383838
[[ 11.  13.   8.]
 [ 17.  12.   7.]
 [  4.   8.  20.]]
cf_score, 31.0
ratio, 0.434343434343
[[ 14.  10.  14.]
 [ 13.  14.   8.]
 [  3.   6.  18.]]
cf_score, 29.0
ratio, 0.464646464646
[[ 16.  10.   7.]
 [ 16.  13.   7.]
 [  5.   8.  18.]]
cf_score, 35.0
ratio, 0.474747474747
[[ 23.  10.  13.]
 [  9.   8.   7.]
 [  5.   9.  16.]]
cf_score, 29.0
ratio, 0.474747474747
[[ 10.  10.   9.]
 [ 15.  16.   5.]
 [  3.  14.  18.]]
cf_score, 32.0
ratio, 0.444444444444
[[ 12.   9.   7.]
 [ 11.  18.   5.]
 [  8.   9.  21.]]
cf_score, 36.0
ratio, 0.515151515152
[[ 13.  10.  13.]
 [ 14.  12.  13.]
 [  6.   6.  13.]]
cf_score, 19.0
ratio, 0.383838383838
[[ 14.   9.  10.]
 [  7.  15.  12.]
 [  8.  10.  15.]]
cf_score, 26.0
ratio, 0.444444444444
[[ 13.  10.  20.]
 [  8.  12.   5.]
 [  4.  10.  18.]]
cf_score, 19.0
ratio, 0.434343434343
[[  5.  13.  12.]
 [ 11.  15.  17.]
 [  5.   5.  17.]]
cf_score, 20.0
ratio, 0.373737373737
[[ 12.   8.   9.]
 [ 14.  18.  11.]
 [  4.  11.  13.]]
cf_score, 30.0
ratio, 0.434343434343
[[ 16.   7.  14.]
 [  9.   9.  12.]
 [  4.  10.  19.]]
cf_score, 26.0
ratio, 0.444444444444
[[  9.  15.  11.]
 [ 15.  12.   7.]
 [  6.   5.  20.]]
cf_score, 24.0
ratio, 0.414141414141
[[ 11.  11.   7.]
 [  9.  17.  13.]
 [  0.  13.  19.]]
cf_score, 40.0
ratio, 0.474747474747
[[ 17.  11.   4.]
 [ 12.  11.   8.]
 [ 11.   9.  17.]]
cf_score, 30.0
ratio, 0.454545454545
[[ 10.  10.  12.]
 [ 12.  11.   7.]
 [  4.  14.  20.]]
cf_score, 25.0
ratio, 0.414141414141
[[ 11.   9.   4.]
 [ 11.  16.  15.]
 [  7.   9.  18.]]
cf_score, 34.0
ratio, 0.454545454545
[[ 20.   6.  16.]
 [  7.  10.   7.]
 [  3.   6.  25.]]
cf_score, 36.0
ratio, 0.555555555556
[[ 12.   8.  15.]
 [  9.  14.  11.]
 [  2.  11.  18.]]
cf_score, 27.0
ratio, 0.444444444444
[[ 12.   7.   9.]
 [  8.  15.  11.]
 [  5.   8.  25.]]
cf_score, 38.0
ratio, 0.525252525253
[[ 12.   8.  11.]
 [ 13.   9.  15.]
 [  7.   6.  19.]]
cf_score, 22.0
ratio, 0.40404040404
[[ 19.  17.   7.]
 [ 14.   9.  13.]
 [  2.   7.  12.]]
cf_score, 31.0
ratio, 0.40404040404
[[ 16.  12.   9.]
 [ 13.  14.   9.]
 [  5.   9.  13.]]
cf_score, 29.0
ratio, 0.434343434343
[[ 17.   8.  14.]
 [ 13.  16.   4.]
 [  9.   8.  11.]]
cf_score, 21.0
ratio, 0.444444444444
[[  8.  12.  10.]
 [ 16.  10.  12.]
 [  5.  15.  12.]]
cf_score, 15.0
ratio, 0.30303030303
[[ 12.  11.   7.]
 [ 10.   7.  10.]
 [  7.  15.  21.]]
cf_score, 26.0
ratio, 0.40404040404
[[ 15.  12.   8.]
 [ 18.  10.   9.]
 [  5.   7.  16.]]
cf_score, 28.0
ratio, 0.414141414141
[[ 13.   9.   9.]
 [ 12.  15.   8.]
 [  7.  13.  14.]]
cf_score, 26.0
ratio, 0.424242424242
