[[  0.  26.  12.]
 [  0.  16.  12.]
 [  0.  18.  16.]]
cf_score, 20.0
ratio, 0.323232323232
[[  0.   9.  16.]
 [  0.  15.  20.]
 [  0.  11.  29.]]
cf_score, 28.0
ratio, 0.444444444444
[[  9.   1.  26.]
 [ 15.   2.  19.]
 [  4.   3.  21.]]
cf_score, 2.0
ratio, 0.323232323232
[[ 22.   3.  11.]
 [ 16.   2.  12.]
 [  6.   2.  26.]]
cf_score, 33.0
ratio, 0.505050505051
[[  7.  12.  19.]
 [ 10.   4.  19.]
 [  5.   3.  21.]]
cf_score, 8.0
ratio, 0.323232323232
[[ 18.   9.   5.]
 [ 11.   8.  13.]
 [  5.   9.  22.]]
cf_score, 38.0
ratio, 0.484848484848
[[ 19.   7.   8.]
 [ 20.   5.  10.]
 [  5.   9.  17.]]
cf_score, 28.0
ratio, 0.414141414141
[[ 10.   3.  20.]
 [  6.   9.  18.]
 [  6.   5.  23.]]
cf_score, 16.0
ratio, 0.424242424242
[[ 12.  10.  17.]
 [ 11.  10.  18.]
 [  5.   7.  10.]]
cf_score, 10.0
ratio, 0.323232323232
[[  6.  10.   8.]
 [ 21.   5.  14.]
 [  8.   3.  25.]]
cf_score, 20.0
ratio, 0.363636363636
[[ 13.   4.  20.]
 [ 17.   4.  12.]
 [  8.   0.  22.]]
cf_score, 11.0
ratio, 0.393939393939
[[ 12.   8.  11.]
 [ 13.   5.  17.]
 [  5.   3.  26.]]
cf_score, 27.0
ratio, 0.434343434343
[[ 13.  10.  14.]
 [ 14.   8.  15.]
 [  1.   5.  20.]]
cf_score, 26.0
ratio, 0.414141414141
[[ 12.  12.  13.]
 [ 16.   9.   7.]
 [  3.  11.  17.]]
cf_score, 22.0
ratio, 0.383838383838
[[ 19.   3.  15.]
 [ 18.   6.   9.]
 [  9.   5.  16.]]
cf_score, 17.0
ratio, 0.414141414141
[[ 14.  12.  10.]
 [  9.   7.  18.]
 [  6.   6.  18.]]
cf_score, 23.0
ratio, 0.393939393939
[[ 13.   4.  13.]
 [ 20.   7.  12.]
 [  9.   4.  18.]]
cf_score, 16.0
ratio, 0.383838383838
[[ 14.   8.  11.]
 [ 14.   5.  18.]
 [  8.   2.  20.]]
cf_score, 20.0
ratio, 0.393939393939
[[ 25.   3.   4.]
 [ 22.   4.   6.]
 [ 20.   1.  15.]]
cf_score, 20.0
ratio, 0.444444444444
[[  8.  13.  13.]
 [ 13.   9.  10.]
 [  3.   6.  25.]]
cf_score, 26.0
ratio, 0.424242424242
[[ 10.  12.  14.]
 [  9.   7.  20.]
 [  3.   5.  20.]]
cf_score, 20.0
ratio, 0.373737373737
[[ 12.  12.  18.]
 [ 11.   8.  15.]
 [  1.   5.  18.]]
cf_score, 19.0
ratio, 0.383838383838
[[  5.  13.  16.]
 [  5.   8.  18.]
 [  4.   9.  22.]]
cf_score, 15.0
ratio, 0.353535353535
[[ 11.  16.   4.]
 [ 17.   5.  11.]
 [  5.   9.  22.]]
cf_score, 29.0
ratio, 0.383838383838
[[ 25.   3.   5.]
 [ 14.   7.   9.]
 [ 17.   5.  15.]]
cf_score, 25.0
ratio, 0.474747474747
[[ 16.   5.   7.]
 [ 20.  11.  10.]
 [  5.   5.  21.]]
cf_score, 36.0
ratio, 0.484848484848
[[ 18.   3.   5.]
 [ 18.   6.  10.]
 [ 15.  10.  15.]]
cf_score, 19.0
ratio, 0.393939393939
[[ 25.   5.   1.]
 [ 25.   5.  13.]
 [ 10.   5.  11.]]
cf_score, 30.0
ratio, 0.414141414141
[[ 11.   7.   6.]
 [ 21.   6.   5.]
 [ 10.  12.  22.]]
cf_score, 23.0
ratio, 0.393939393939
[[ 11.   8.  19.]
 [  2.   8.  16.]
 [  4.   5.  27.]]
cf_score, 23.0
ratio, 0.464646464646
[[  3.  12.  19.]
 [  9.   4.  19.]
 [  6.   5.  23.]]
cf_score, 5.0
ratio, 0.30303030303
[[ 20.   6.  16.]
 [ 11.  10.  12.]
 [  4.   4.  17.]]
cf_score, 27.0
ratio, 0.474747474747
[[ 14.   3.   8.]
 [ 22.   2.  14.]
 [ 15.   1.  21.]]
cf_score, 14.0
ratio, 0.373737373737
[[ 25.   5.   6.]
 [ 21.   2.  10.]
 [ 13.   4.  14.]]
cf_score, 22.0
ratio, 0.414141414141
[[ 16.   3.  15.]
 [ 17.   7.  11.]
 [  6.   6.  19.]]
cf_score, 21.0
ratio, 0.424242424242
[[ 18.   9.  12.]
 [ 15.   3.   7.]
 [  3.   8.  25.]]
cf_score, 31.0
ratio, 0.464646464646
[[  7.   8.  17.]
 [  5.   7.  19.]
 [  9.  11.  17.]]
cf_score, 5.0
ratio, 0.313131313131
[[ 15.   7.  11.]
 [ 13.   8.  11.]
 [ 10.   5.  20.]]
cf_score, 22.0
ratio, 0.434343434343
[[ 12.   7.  10.]
 [ 17.   3.  15.]
 [  6.   3.  27.]]
cf_score, 26.0
ratio, 0.424242424242
[[ 10.   3.  15.]
 [ 14.   1.  17.]
 [ 11.   4.  25.]]
cf_score, 10.0
ratio, 0.363636363636
[[ 18.   0.  12.]
 [ 14.   1.  11.]
 [ 17.   5.  22.]]
cf_score, 12.0
ratio, 0.414141414141
[[ 15.   4.  10.]
 [ 13.   3.  10.]
 [ 13.   5.  27.]]
cf_score, 22.0
ratio, 0.454545454545
[[ 19.  10.   7.]
 [ 18.   7.   7.]
 [  7.  11.  14.]]
cf_score, 26.0
ratio, 0.40404040404
[[ 25.   6.  11.]
 [ 13.   2.  15.]
 [  3.   7.  18.]]
cf_score, 31.0
ratio, 0.454545454545
[[  5.   9.  18.]
 [ 11.   5.  22.]
 [  1.   6.  23.]]
cf_score, 14.0
ratio, 0.333333333333
[[ 11.  11.  11.]
 [ 19.   7.  14.]
 [  8.   8.  11.]]
cf_score, 10.0
ratio, 0.292929292929
[[ 13.  10.  15.]
 [ 12.   5.   7.]
 [ 10.   5.  23.]]
cf_score, 16.0
ratio, 0.414141414141
[[ 22.   7.  10.]
 [ 17.   1.  11.]
 [  9.   7.  16.]]
cf_score, 20.0
ratio, 0.393939393939
[[ 26.   4.   3.]
 [ 19.   6.   5.]
 [ 15.  11.  11.]]
cf_score, 25.0
ratio, 0.434343434343
[[ 15.  10.   9.]
 [ 12.   3.  17.]
 [  7.   7.  20.]]
cf_score, 22.0
ratio, 0.383838383838
[[ 14.  10.  13.]
 [ 10.   5.  11.]
 [  6.   5.  26.]]
cf_score, 26.0
ratio, 0.454545454545
[[ 21.  14.   7.]
 [ 18.   6.   8.]
 [ 11.   5.  10.]]
cf_score, 19.0
ratio, 0.373737373737
[[ 20.   5.  10.]
 [ 10.   5.  10.]
 [ 19.   3.  18.]]
cf_score, 14.0
ratio, 0.434343434343
[[ 12.  12.   5.]
 [ 18.   5.  12.]
 [ 12.   4.  20.]]
cf_score, 20.0
ratio, 0.373737373737
[[  6.   9.  22.]
 [ 10.   6.  17.]
 [  6.   4.  20.]]
cf_score, 4.0
ratio, 0.323232323232
[[  9.  16.  11.]
 [  7.  17.   5.]
 [  6.  12.  17.]]
cf_score, 26.0
ratio, 0.434343434343
[[ 11.  11.  14.]
 [ 11.   7.  13.]
 [  3.   7.  23.]]
cf_score, 24.0
ratio, 0.414141414141
[[ 14.   4.  14.]
 [ 16.   2.  10.]
 [ 10.   4.  26.]]
cf_score, 18.0
ratio, 0.424242424242
[[ 17.   9.  10.]
 [ 12.   6.   6.]
 [  7.   9.  24.]]
cf_score, 30.0
ratio, 0.474747474747
[[ 26.   7.   3.]
 [ 25.   6.   9.]
 [ 11.   5.   8.]]
cf_score, 26.0
ratio, 0.40404040404
[[  6.   8.  16.]
 [  6.   8.  21.]
 [  3.   7.  25.]]
cf_score, 20.0
ratio, 0.393939393939
[[ 19.   5.   8.]
 [ 20.   3.  11.]
 [ 19.   2.  13.]]
cf_score, 8.0
ratio, 0.353535353535
[[ 18.   8.   8.]
 [ 19.   5.  10.]
 [  8.   6.  18.]]
cf_score, 25.0
ratio, 0.414141414141
[[ 21.   7.  11.]
 [ 14.   8.   3.]
 [ 16.   8.  12.]]
cf_score, 14.0
ratio, 0.414141414141
[[ 13.   3.  16.]
 [  9.   6.  20.]
 [  2.   5.  26.]]
cf_score, 27.0
ratio, 0.454545454545
[[ 14.   8.  11.]
 [ 17.   3.  18.]
 [  7.   8.  14.]]
cf_score, 13.0
ratio, 0.313131313131
[[ 12.   5.  14.]
 [ 14.  11.  10.]
 [  7.   8.  19.]]
cf_score, 21.0
ratio, 0.424242424242
[[ 14.   9.  10.]
 [ 14.  11.  12.]
 [  3.   6.  21.]]
cf_score, 33.0
ratio, 0.464646464646
[[ 20.   0.  10.]
 [ 24.   0.  15.]
 [  5.   2.  24.]]
cf_score, 29.0
ratio, 0.444444444444
[[ 19.  10.   7.]
 [ 19.   4.  13.]
 [  5.   8.  15.]]
cf_score, 26.0
ratio, 0.383838383838
[[  8.  14.  14.]
 [ 10.   8.   8.]
 [  2.   7.  29.]]
cf_score, 29.0
ratio, 0.454545454545
[[  5.  14.  17.]
 [  8.  13.  11.]
 [  1.   6.  25.]]
cf_score, 25.0
ratio, 0.434343434343
[[  7.  10.   8.]
 [ 19.  13.  15.]
 [  4.  14.  10.]]
cf_score, 18.0
ratio, 0.30303030303
[[  1.   4.  21.]
 [  5.  12.  18.]
 [  0.   6.  33.]]
cf_score, 25.0
ratio, 0.464646464646
[[  8.  11.  14.]
 [ 13.  11.   9.]
 [  4.   3.  27.]]
cf_score, 28.0
ratio, 0.464646464646
[[ 10.  10.   7.]
 [  9.   8.  19.]
 [  2.   9.  26.]]
cf_score, 35.0
ratio, 0.444444444444
[[ 13.  12.   8.]
 [ 17.   7.  14.]
 [  4.   7.  18.]]
cf_score, 26.0
ratio, 0.383838383838
[[ 11.  11.   6.]
 [ 10.   9.  11.]
 [  3.  17.  22.]]
cf_score, 33.0
ratio, 0.424242424242
[[ 17.   7.   6.]
 [ 16.   5.  14.]
 [  7.   8.  20.]]
cf_score, 29.0
ratio, 0.424242424242
[[ 17.   0.  12.]
 [ 28.   1.   9.]
 [ 13.   1.  19.]]
cf_score, 12.0
ratio, 0.373737373737
[[ 15.   6.  10.]
 [ 21.   3.   7.]
 [  5.   2.  31.]]
cf_score, 34.0
ratio, 0.494949494949
[[  8.  10.  13.]
 [  7.  11.  20.]
 [  2.   4.  25.]]
cf_score, 29.0
ratio, 0.444444444444
[[ 11.  11.  12.]
 [ 12.  17.  10.]
 [  3.  10.  14.]]
cf_score, 27.0
ratio, 0.424242424242
[[ 10.  16.  10.]
 [ 11.  10.  11.]
 [  6.  12.  14.]]
cf_score, 18.0
ratio, 0.343434343434
[[  7.  15.  13.]
 [  4.  15.  15.]
 [  5.   6.  20.]]
cf_score, 24.0
ratio, 0.424242424242
[[ 12.   5.  13.]
 [ 12.   5.  11.]
 [  5.   3.  34.]]
cf_score, 33.0
ratio, 0.515151515152
[[ 12.  11.   7.]
 [ 19.   8.   8.]
 [  8.   6.  21.]]
cf_score, 26.0
ratio, 0.414141414141
[[ 11.  13.  11.]
 [ 11.   8.  12.]
 [  4.   9.  21.]]
cf_score, 25.0
ratio, 0.40404040404
[[  4.  14.  13.]
 [ 10.  10.   7.]
 [  0.   9.  33.]]
cf_score, 34.0
ratio, 0.474747474747
[[ 10.   6.  13.]
 [ 15.   3.  12.]
 [ 12.   5.  24.]]
cf_score, 12.0
ratio, 0.373737373737
[[  5.  15.   7.]
 [ 17.  11.   9.]
 [  4.  11.  21.]]
cf_score, 26.0
ratio, 0.373737373737
[[  5.  10.   9.]
 [ 13.  10.  14.]
 [  4.  16.  19.]]
cf_score, 21.0
ratio, 0.343434343434
[[  8.  13.  10.]
 [  8.   7.  20.]
 [  1.   6.  27.]]
cf_score, 31.0
ratio, 0.424242424242
[[  8.  14.  10.]
 [ 11.   8.  15.]
 [  6.   9.  19.]]
cf_score, 19.0
ratio, 0.353535353535
[[  6.   8.  18.]
 [  7.   7.  19.]
 [  6.   2.  27.]]
cf_score, 16.0
ratio, 0.40404040404
[[ 11.  16.   9.]
 [ 15.  14.  14.]
 [  3.   7.  11.]]
cf_score, 24.0
ratio, 0.363636363636
[[ 14.  12.   3.]
 [ 25.   8.   8.]
 [  8.  14.   8.]]
cf_score, 19.0
ratio, 0.30303030303
[[  6.   9.   9.]
 [ 12.  12.   9.]
 [  4.  14.  25.]]
cf_score, 30.0
ratio, 0.434343434343
[[ 11.   6.   9.]
 [ 10.  11.  21.]
 [  8.  11.  13.]]
cf_score, 18.0
ratio, 0.353535353535
[[ 16.  13.   4.]
 [  5.  20.   6.]
 [  7.   9.  20.]]
cf_score, 45.0
ratio, 0.565656565657
