[[  0.  22.  14.]
 [  0.  22.   8.]
 [  0.  16.  18.]]
cf_score, 26.0
nv_score, -18.0
ratio, 0.40404040404
[[  0.  28.   7.]
 [  1.  24.   3.]
 [  1.  15.  21.]]
cf_score, 37.0
nv_score, 4.0
ratio, 0.454545454545
[[  1.  24.   2.]
 [  1.  32.   5.]
 [  2.  12.  21.]]
cf_score, 50.0
nv_score, 12.0
ratio, 0.545454545455
[[  0.  18.   9.]
 [  0.  35.   7.]
 [  1.  14.  16.]]
cf_score, 41.0
nv_score, -9.0
ratio, 0.515151515152
[[ 19.   7.  14.]
 [  3.  22.   8.]
 [  0.  10.  17.]]
cf_score, 44.0
nv_score, -19.0
ratio, 0.585858585859
[[ 10.  12.   5.]
 [  5.  29.   4.]
 [  2.  19.  14.]]
cf_score, 46.0
nv_score, 0.0
ratio, 0.535353535354
[[ 12.  17.   7.]
 [  6.  21.   8.]
 [  0.  12.  17.]]
cf_score, 43.0
nv_score, -5.0
ratio, 0.505050505051
[[  7.  11.   8.]
 [  1.  33.   3.]
 [  2.  13.  22.]]
cf_score, 52.0
nv_score, 3.0
ratio, 0.626262626263
[[ 13.  19.   6.]
 [  4.  31.   6.]
 [  1.   8.  12.]]
cf_score, 49.0
nv_score, -6.0
ratio, 0.565656565657
[[  8.  14.  10.]
 [  6.  31.   3.]
 [  2.  12.  14.]]
cf_score, 41.0
nv_score, -9.0
ratio, 0.535353535354
[[ 12.  12.   5.]
 [  5.  24.   8.]
 [  2.  11.  21.]]
cf_score, 50.0
nv_score, 3.0
ratio, 0.575757575758
[[  8.  18.   5.]
 [  4.  20.   4.]
 [  2.  16.  23.]]
cf_score, 44.0
nv_score, 9.0
ratio, 0.515151515152
[[ 14.  13.   2.]
 [  2.  30.   5.]
 [  1.  12.  21.]]
cf_score, 62.0
nv_score, 12.0
ratio, 0.656565656566
[[ 15.  10.  12.]
 [  2.  29.   2.]
 [  2.  15.  13.]]
cf_score, 43.0
nv_score, -13.0
ratio, 0.575757575758
[[ 14.  12.  14.]
 [  1.  22.   4.]
 [  0.  14.  19.]]
cf_score, 41.0
nv_score, -13.0
ratio, 0.555555555556
[[ 12.  15.  10.]
 [  1.  28.   3.]
 [  2.  12.  17.]]
cf_score, 45.0
nv_score, -6.0
ratio, 0.575757575758
[[  5.  21.   4.]
 [  3.  32.   4.]
 [  1.  16.  14.]]
cf_score, 46.0
nv_score, 2.0
ratio, 0.515151515152
[[ 12.  14.   8.]
 [  0.  27.   4.]
 [  0.  12.  23.]]
cf_score, 54.0
nv_score, 3.0
ratio, 0.626262626263
[[ 10.  14.   6.]
 [  4.  20.   6.]
 [  1.  18.  21.]]
cf_score, 44.0
nv_score, 3.0
ratio, 0.515151515152
[[ 10.  13.  11.]
 [  5.  29.   3.]
 [  2.  14.  13.]]
cf_score, 39.0
nv_score, -12.0
ratio, 0.525252525253
[[ 10.  12.   3.]
 [  8.  30.   3.]
 [  1.  11.  22.]]
cf_score, 58.0
nv_score, 13.0
ratio, 0.626262626263
[[  7.  15.   5.]
 [  7.  25.   6.]
 [  1.   8.  26.]]
cf_score, 52.0
nv_score, 10.0
ratio, 0.585858585859
[[  8.  12.   8.]
 [  4.  34.   2.]
 [  1.  15.  16.]]
cf_score, 49.0
nv_score, -2.0
ratio, 0.585858585859
[[  8.  17.   8.]
 [  2.  35.   3.]
 [  0.  14.  13.]]
cf_score, 48.0
nv_score, -6.0
ratio, 0.565656565657
[[ 12.  17.  10.]
 [  1.  28.   1.]
 [  2.  18.  11.]]
cf_score, 39.0
nv_score, -10.0
ratio, 0.515151515152
[[ 11.  17.   8.]
 [  0.  26.   6.]
 [  1.  13.  18.]]
cf_score, 46.0
nv_score, -4.0
ratio, 0.555555555556
[[  7.  13.  12.]
 [  2.  28.   5.]
 [  1.  13.  19.]]
cf_score, 41.0
nv_score, -10.0
ratio, 0.545454545455
[[  9.  14.  10.]
 [  2.  26.   3.]
 [  1.  20.  15.]]
cf_score, 39.0
nv_score, -8.0
ratio, 0.505050505051
[[  4.  19.   9.]
 [  6.  25.   4.]
 [  1.  13.  19.]]
cf_score, 38.0
nv_score, -3.0
ratio, 0.484848484848
[[ 13.  12.  11.]
 [  3.  23.   3.]
 [  1.  16.  18.]]
cf_score, 42.0
nv_score, -7.0
ratio, 0.545454545455
[[  8.  13.  10.]
 [  2.  32.   2.]
 [  3.  14.  16.]]
cf_score, 43.0
nv_score, -6.0
ratio, 0.565656565657
[[ 10.  13.   6.]
 [  0.  30.   8.]
 [  4.  11.  18.]]
cf_score, 48.0
nv_score, -2.0
ratio, 0.585858585859
[[  8.  11.   4.]
 [  4.  32.   5.]
 [  3.  13.  20.]]
cf_score, 53.0
nv_score, 7.0
ratio, 0.606060606061
[[  7.  10.   7.]
 [  3.  26.   6.]
 [  2.  18.  21.]]
cf_score, 45.0
nv_score, 1.0
ratio, 0.545454545455
[[  5.  12.  13.]
 [  3.  28.   4.]
 [  1.  14.  20.]]
cf_score, 39.0
nv_score, -10.0
ratio, 0.535353535354
[[  9.  18.   9.]
 [  1.  22.   6.]
 [  1.  18.  16.]]
cf_score, 37.0
nv_score, -8.0
ratio, 0.474747474747
[[  8.  20.   9.]
 [  7.  22.   3.]
 [  1.  13.  17.]]
cf_score, 37.0
nv_score, -4.0
ratio, 0.474747474747
[[ 12.  11.  11.]
 [  1.  28.   5.]
 [  1.  15.  16.]]
cf_score, 44.0
nv_score, -11.0
ratio, 0.565656565657
[[ 12.  15.  11.]
 [  1.  30.   2.]
 [  3.  12.  14.]]
cf_score, 42.0
nv_score, -10.0
ratio, 0.565656565657
[[ 10.  11.   6.]
 [  1.  28.  11.]
 [  0.  16.  17.]]
cf_score, 49.0
nv_score, -6.0
ratio, 0.555555555556
[[  6.  16.   9.]
 [  5.  22.   5.]
 [  1.  15.  21.]]
cf_score, 39.0
nv_score, -2.0
ratio, 0.494949494949
[[  9.  11.   5.]
 [  2.  33.   4.]
 [  1.  15.  20.]]
cf_score, 56.0
nv_score, 6.0
ratio, 0.626262626263
[[  7.  19.   7.]
 [  4.  23.   5.]
 [  0.  15.  20.]]
cf_score, 43.0
nv_score, 1.0
ratio, 0.505050505051
[[ 10.  13.   5.]
 [  1.  24.   3.]
 [  1.  19.  24.]]
cf_score, 52.0
nv_score, 11.0
ratio, 0.585858585859
[[  5.  16.   6.]
 [  1.  20.   9.]
 [  4.  22.  17.]]
cf_score, 32.0
nv_score, -4.0
ratio, 0.424242424242
[[  3.  19.   7.]
 [  1.  26.   9.]
 [  2.  15.  18.]]
cf_score, 38.0
nv_score, -5.0
ratio, 0.474747474747
[[ 13.  11.   5.]
 [  3.  31.   4.]
 [  2.  11.  20.]]
cf_score, 57.0
nv_score, 6.0
ratio, 0.646464646465
[[  8.  16.  10.]
 [  1.  37.   1.]
 [  1.  15.  11.]]
cf_score, 45.0
nv_score, -10.0
ratio, 0.565656565657
[[  9.  11.   9.]
 [  4.  26.   6.]
 [  0.  10.  25.]]
cf_score, 51.0
nv_score, 1.0
ratio, 0.606060606061
[[  4.  14.   6.]
 [  2.  31.   4.]
 [  1.  12.  26.]]
cf_score, 54.0
nv_score, 10.0
ratio, 0.616161616162
