Loading Model: level_list/m1_100/tick_list/AGM/class/models/model.h5
history_filename: history_recent/AGM/history.json
Yesterday        : 2017-09-01: OHLCV: 68.2000, 68.3900, 66.8100, 67.3100, 33587
UberYesterday    : 2017-08-30: OHLCV: 66.4400, 67.7000, 66.1500, 66.3700, 57032
[u'68.2000', u'68.3900', u'66.8100', u'67.3100', u'33587']
[u'66.4400', u'67.7000', u'66.1500', u'66.3700', u'57032']
question_base :[66.44, 67.7, 66.15, 66.37, 68.2, 68.39, 66.81, 67.31]
60.579: [66.440, 67.700, 66.150, 66.370, 68.200, 68.390, 66.810, 67.310, 60.579][0.194, 0.197, 0.609]
60.91555: [66.440, 67.700, 66.150, 66.370, 68.200, 68.390, 66.810, 67.310, 60.916][0.194, 0.197, 0.609]
61.2521: [66.440, 67.700, 66.150, 66.370, 68.200, 68.390, 66.810, 67.310, 61.252][0.194, 0.197, 0.609]
61.58865: [66.440, 67.700, 66.150, 66.370, 68.200, 68.390, 66.810, 67.310, 61.589][0.194, 0.197, 0.609]
61.9252: [66.440, 67.700, 66.150, 66.370, 68.200, 68.390, 66.810, 67.310, 61.925][0.194, 0.197, 0.609]
62.26175: [66.440, 67.700, 66.150, 66.370, 68.200, 68.390, 66.810, 67.310, 62.262][0.194, 0.197, 0.609]
62.5983: [66.440, 67.700, 66.150, 66.370, 68.200, 68.390, 66.810, 67.310, 62.598][0.194, 0.197, 0.609]
62.93485: [66.440, 67.700, 66.150, 66.370, 68.200, 68.390, 66.810, 67.310, 62.935][0.194, 0.197, 0.609]
63.2714: [66.440, 67.700, 66.150, 66.370, 68.200, 68.390, 66.810, 67.310, 63.271][0.194, 0.198, 0.609]
63.60795: [66.440, 67.700, 66.150, 66.370, 68.200, 68.390, 66.810, 67.310, 63.608][0.194, 0.198, 0.609]
63.9445: [66.440, 67.700, 66.150, 66.370, 68.200, 68.390, 66.810, 67.310, 63.945][0.194, 0.198, 0.608]
64.28105: [66.440, 67.700, 66.150, 66.370, 68.200, 68.390, 66.810, 67.310, 64.281][0.194, 0.198, 0.608]
64.6176: [66.440, 67.700, 66.150, 66.370, 68.200, 68.390, 66.810, 67.310, 64.618][0.194, 0.199, 0.607]
64.95415: [66.440, 67.700, 66.150, 66.370, 68.200, 68.390, 66.810, 67.310, 64.954][0.195, 0.202, 0.603]
65.2907: [66.440, 67.700, 66.150, 66.370, 68.200, 68.390, 66.810, 67.310, 65.291][0.198, 0.220, 0.582]
65.62725: [66.440, 67.700, 66.150, 66.370, 68.200, 68.390, 66.810, 67.310, 65.627][0.228, 0.379, 0.394]
65.9638: [66.440, 67.700, 66.150, 66.370, 68.200, 68.390, 66.810, 67.310, 65.964][0.362, 0.388, 0.249]
66.30035: [66.440, 67.700, 66.150, 66.370, 68.200, 68.390, 66.810, 67.310, 66.300][0.343, 0.401, 0.257]
66.6369: [66.440, 67.700, 66.150, 66.370, 68.200, 68.390, 66.810, 67.310, 66.637][0.353, 0.397, 0.250]
66.97345: [66.440, 67.700, 66.150, 66.370, 68.200, 68.390, 66.810, 67.310, 66.973][0.381, 0.384, 0.236]
67.31: [66.440, 67.700, 66.150, 66.370, 68.200, 68.390, 66.810, 67.310, 67.310][0.430, 0.356, 0.214]
67.64655: [66.440, 67.700, 66.150, 66.370, 68.200, 68.390, 66.810, 67.310, 67.647][0.500, 0.312, 0.188]
67.9831: [66.440, 67.700, 66.150, 66.370, 68.200, 68.390, 66.810, 67.310, 67.983][0.580, 0.261, 0.159]
68.31965: [66.440, 67.700, 66.150, 66.370, 68.200, 68.390, 66.810, 67.310, 68.320][0.653, 0.214, 0.133]
68.6562: [66.440, 67.700, 66.150, 66.370, 68.200, 68.390, 66.810, 67.310, 68.656][0.708, 0.179, 0.113]
68.99275: [66.440, 67.700, 66.150, 66.370, 68.200, 68.390, 66.810, 67.310, 68.993][0.746, 0.155, 0.099]
69.3293: [66.440, 67.700, 66.150, 66.370, 68.200, 68.390, 66.810, 67.310, 69.329][0.771, 0.140, 0.090]
69.66585: [66.440, 67.700, 66.150, 66.370, 68.200, 68.390, 66.810, 67.310, 69.666][0.786, 0.130, 0.084]
70.0024: [66.440, 67.700, 66.150, 66.370, 68.200, 68.390, 66.810, 67.310, 70.002][0.796, 0.124, 0.080]
70.33895: [66.440, 67.700, 66.150, 66.370, 68.200, 68.390, 66.810, 67.310, 70.339][0.803, 0.120, 0.078]
70.6755: [66.440, 67.700, 66.150, 66.370, 68.200, 68.390, 66.810, 67.310, 70.676][0.807, 0.117, 0.076]
71.01205: [66.440, 67.700, 66.150, 66.370, 68.200, 68.390, 66.810, 67.310, 71.012][0.809, 0.115, 0.075]
71.3486: [66.440, 67.700, 66.150, 66.370, 68.200, 68.390, 66.810, 67.310, 71.349][0.811, 0.114, 0.075]
71.68515: [66.440, 67.700, 66.150, 66.370, 68.200, 68.390, 66.810, 67.310, 71.685][0.812, 0.114, 0.074]
72.0217: [66.440, 67.700, 66.150, 66.370, 68.200, 68.390, 66.810, 67.310, 72.022][0.813, 0.113, 0.074]
72.35825: [66.440, 67.700, 66.150, 66.370, 68.200, 68.390, 66.810, 67.310, 72.358][0.813, 0.113, 0.074]
72.6948: [66.440, 67.700, 66.150, 66.370, 68.200, 68.390, 66.810, 67.310, 72.695][0.813, 0.113, 0.074]
73.03135: [66.440, 67.700, 66.150, 66.370, 68.200, 68.390, 66.810, 67.310, 73.031][0.813, 0.113, 0.074]
73.3679: [66.440, 67.700, 66.150, 66.370, 68.200, 68.390, 66.810, 67.310, 73.368][0.814, 0.113, 0.074]
73.70445: [66.440, 67.700, 66.150, 66.370, 68.200, 68.390, 66.810, 67.310, 73.704][0.814, 0.113, 0.074]
