Loading Model: level_list/m1_100/tick_list/APOG/class/models/model.h5
history_filename: history_recent/APOG/history.json
Yesterday        : 2017-09-01: OHLCV: 43.7000, 43.7900, 43.3400, 43.3700, 138085
UberYesterday    : 2017-08-30: OHLCV: 43.0800, 43.6900, 42.8400, 43.5500, 253215
[u'43.7000', u'43.7900', u'43.3400', u'43.3700', u'138085']
[u'43.0800', u'43.6900', u'42.8400', u'43.5500', u'253215']
question_base :[43.08, 43.69, 42.84, 43.55, 43.7, 43.79, 43.34, 43.37]
39.033: [43.080, 43.690, 42.840, 43.550, 43.700, 43.790, 43.340, 43.370, 39.033][0.011, 0.006, 0.982]
39.24985: [43.080, 43.690, 42.840, 43.550, 43.700, 43.790, 43.340, 43.370, 39.250][0.011, 0.006, 0.982]
39.4667: [43.080, 43.690, 42.840, 43.550, 43.700, 43.790, 43.340, 43.370, 39.467][0.012, 0.007, 0.982]
39.68355: [43.080, 43.690, 42.840, 43.550, 43.700, 43.790, 43.340, 43.370, 39.684][0.012, 0.007, 0.981]
39.9004: [43.080, 43.690, 42.840, 43.550, 43.700, 43.790, 43.340, 43.370, 39.900][0.012, 0.007, 0.981]
40.11725: [43.080, 43.690, 42.840, 43.550, 43.700, 43.790, 43.340, 43.370, 40.117][0.013, 0.008, 0.980]
40.3341: [43.080, 43.690, 42.840, 43.550, 43.700, 43.790, 43.340, 43.370, 40.334][0.014, 0.008, 0.978]
40.55095: [43.080, 43.690, 42.840, 43.550, 43.700, 43.790, 43.340, 43.370, 40.551][0.016, 0.010, 0.974]
40.7678: [43.080, 43.690, 42.840, 43.550, 43.700, 43.790, 43.340, 43.370, 40.768][0.020, 0.014, 0.967]
40.98465: [43.080, 43.690, 42.840, 43.550, 43.700, 43.790, 43.340, 43.370, 40.985][0.028, 0.023, 0.949]
41.2015: [43.080, 43.690, 42.840, 43.550, 43.700, 43.790, 43.340, 43.370, 41.202][0.053, 0.054, 0.893]
41.41835: [43.080, 43.690, 42.840, 43.550, 43.700, 43.790, 43.340, 43.370, 41.418][0.123, 0.186, 0.691]
41.6352: [43.080, 43.690, 42.840, 43.550, 43.700, 43.790, 43.340, 43.370, 41.635][0.217, 0.428, 0.356]
41.85205: [43.080, 43.690, 42.840, 43.550, 43.700, 43.790, 43.340, 43.370, 41.852][0.353, 0.467, 0.180]
42.0689: [43.080, 43.690, 42.840, 43.550, 43.700, 43.790, 43.340, 43.370, 42.069][0.495, 0.393, 0.112]
42.28575: [43.080, 43.690, 42.840, 43.550, 43.700, 43.790, 43.340, 43.370, 42.286][0.542, 0.362, 0.096]
42.5026: [43.080, 43.690, 42.840, 43.550, 43.700, 43.790, 43.340, 43.370, 42.503][0.555, 0.354, 0.091]
42.71945: [43.080, 43.690, 42.840, 43.550, 43.700, 43.790, 43.340, 43.370, 42.719][0.558, 0.351, 0.090]
42.9363: [43.080, 43.690, 42.840, 43.550, 43.700, 43.790, 43.340, 43.370, 42.936][0.560, 0.350, 0.090]
43.15315: [43.080, 43.690, 42.840, 43.550, 43.700, 43.790, 43.340, 43.370, 43.153][0.560, 0.350, 0.090]
43.37: [43.080, 43.690, 42.840, 43.550, 43.700, 43.790, 43.340, 43.370, 43.370][0.561, 0.350, 0.090]
43.58685: [43.080, 43.690, 42.840, 43.550, 43.700, 43.790, 43.340, 43.370, 43.587][0.561, 0.350, 0.090]
43.8037: [43.080, 43.690, 42.840, 43.550, 43.700, 43.790, 43.340, 43.370, 43.804][0.561, 0.349, 0.089]
44.02055: [43.080, 43.690, 42.840, 43.550, 43.700, 43.790, 43.340, 43.370, 44.021][0.561, 0.349, 0.089]
44.2374: [43.080, 43.690, 42.840, 43.550, 43.700, 43.790, 43.340, 43.370, 44.237][0.561, 0.349, 0.089]
44.45425: [43.080, 43.690, 42.840, 43.550, 43.700, 43.790, 43.340, 43.370, 44.454][0.561, 0.349, 0.089]
44.6711: [43.080, 43.690, 42.840, 43.550, 43.700, 43.790, 43.340, 43.370, 44.671][0.561, 0.349, 0.089]
44.88795: [43.080, 43.690, 42.840, 43.550, 43.700, 43.790, 43.340, 43.370, 44.888][0.561, 0.349, 0.089]
45.1048: [43.080, 43.690, 42.840, 43.550, 43.700, 43.790, 43.340, 43.370, 45.105][0.561, 0.349, 0.089]
45.32165: [43.080, 43.690, 42.840, 43.550, 43.700, 43.790, 43.340, 43.370, 45.322][0.561, 0.349, 0.089]
45.5385: [43.080, 43.690, 42.840, 43.550, 43.700, 43.790, 43.340, 43.370, 45.539][0.561, 0.349, 0.089]
45.75535: [43.080, 43.690, 42.840, 43.550, 43.700, 43.790, 43.340, 43.370, 45.755][0.561, 0.349, 0.089]
45.9722: [43.080, 43.690, 42.840, 43.550, 43.700, 43.790, 43.340, 43.370, 45.972][0.561, 0.349, 0.089]
46.18905: [43.080, 43.690, 42.840, 43.550, 43.700, 43.790, 43.340, 43.370, 46.189][0.561, 0.349, 0.089]
46.4059: [43.080, 43.690, 42.840, 43.550, 43.700, 43.790, 43.340, 43.370, 46.406][0.561, 0.349, 0.089]
46.62275: [43.080, 43.690, 42.840, 43.550, 43.700, 43.790, 43.340, 43.370, 46.623][0.561, 0.349, 0.089]
46.8396: [43.080, 43.690, 42.840, 43.550, 43.700, 43.790, 43.340, 43.370, 46.840][0.561, 0.349, 0.089]
47.05645: [43.080, 43.690, 42.840, 43.550, 43.700, 43.790, 43.340, 43.370, 47.056][0.561, 0.349, 0.089]
47.2733: [43.080, 43.690, 42.840, 43.550, 43.700, 43.790, 43.340, 43.370, 47.273][0.561, 0.349, 0.089]
47.49015: [43.080, 43.690, 42.840, 43.550, 43.700, 43.790, 43.340, 43.370, 47.490][0.561, 0.349, 0.089]
