Loading Model: level_list/m1_100/tick_list/ATW/class/models/model.h5
history_filename: history_recent/ATW/history.json
Yesterday        : 2017-09-01: OHLCV: 6.6100, 7.0700, 6.5600, 7.0500, 3326458
UberYesterday    : 2017-08-30: OHLCV: 7.1100, 7.1800, 6.6900, 6.8000, 8771154
[u'6.6100', u'7.0700', u'6.5600', u'7.0500', u'3326458']
[u'7.1100', u'7.1800', u'6.6900', u'6.8000', u'8771154']
question_base :[7.11, 7.18, 6.69, 6.8, 6.61, 7.07, 6.56, 7.05]
6.345: [7.110, 7.180, 6.690, 6.800, 6.610, 7.070, 6.560, 7.050, 6.345][0.057, 0.121, 0.822]
6.38025: [7.110, 7.180, 6.690, 6.800, 6.610, 7.070, 6.560, 7.050, 6.380][0.057, 0.121, 0.822]
6.4155: [7.110, 7.180, 6.690, 6.800, 6.610, 7.070, 6.560, 7.050, 6.416][0.057, 0.121, 0.822]
6.45075: [7.110, 7.180, 6.690, 6.800, 6.610, 7.070, 6.560, 7.050, 6.451][0.057, 0.121, 0.821]
6.486: [7.110, 7.180, 6.690, 6.800, 6.610, 7.070, 6.560, 7.050, 6.486][0.057, 0.121, 0.821]
6.52125: [7.110, 7.180, 6.690, 6.800, 6.610, 7.070, 6.560, 7.050, 6.521][0.058, 0.121, 0.821]
6.5565: [7.110, 7.180, 6.690, 6.800, 6.610, 7.070, 6.560, 7.050, 6.557][0.058, 0.121, 0.821]
6.59175: [7.110, 7.180, 6.690, 6.800, 6.610, 7.070, 6.560, 7.050, 6.592][0.058, 0.121, 0.821]
6.627: [7.110, 7.180, 6.690, 6.800, 6.610, 7.070, 6.560, 7.050, 6.627][0.058, 0.122, 0.821]
6.66225: [7.110, 7.180, 6.690, 6.800, 6.610, 7.070, 6.560, 7.050, 6.662][0.058, 0.122, 0.821]
6.6975: [7.110, 7.180, 6.690, 6.800, 6.610, 7.070, 6.560, 7.050, 6.698][0.058, 0.122, 0.820]
6.73275: [7.110, 7.180, 6.690, 6.800, 6.610, 7.070, 6.560, 7.050, 6.733][0.058, 0.122, 0.820]
6.768: [7.110, 7.180, 6.690, 6.800, 6.610, 7.070, 6.560, 7.050, 6.768][0.058, 0.122, 0.820]
6.80325: [7.110, 7.180, 6.690, 6.800, 6.610, 7.070, 6.560, 7.050, 6.803][0.058, 0.123, 0.819]
6.8385: [7.110, 7.180, 6.690, 6.800, 6.610, 7.070, 6.560, 7.050, 6.839][0.058, 0.123, 0.819]
6.87375: [7.110, 7.180, 6.690, 6.800, 6.610, 7.070, 6.560, 7.050, 6.874][0.058, 0.123, 0.818]
6.909: [7.110, 7.180, 6.690, 6.800, 6.610, 7.070, 6.560, 7.050, 6.909][0.058, 0.124, 0.818]
6.94425: [7.110, 7.180, 6.690, 6.800, 6.610, 7.070, 6.560, 7.050, 6.944][0.059, 0.124, 0.817]
6.9795: [7.110, 7.180, 6.690, 6.800, 6.610, 7.070, 6.560, 7.050, 6.980][0.059, 0.125, 0.817]
7.01475: [7.110, 7.180, 6.690, 6.800, 6.610, 7.070, 6.560, 7.050, 7.015][0.059, 0.125, 0.816]
7.05: [7.110, 7.180, 6.690, 6.800, 6.610, 7.070, 6.560, 7.050, 7.050][0.059, 0.126, 0.815]
7.08525: [7.110, 7.180, 6.690, 6.800, 6.610, 7.070, 6.560, 7.050, 7.085][0.059, 0.126, 0.814]
7.1205: [7.110, 7.180, 6.690, 6.800, 6.610, 7.070, 6.560, 7.050, 7.121][0.060, 0.127, 0.813]
7.15575: [7.110, 7.180, 6.690, 6.800, 6.610, 7.070, 6.560, 7.050, 7.156][0.060, 0.128, 0.812]
7.191: [7.110, 7.180, 6.690, 6.800, 6.610, 7.070, 6.560, 7.050, 7.191][0.061, 0.129, 0.811]
7.22625: [7.110, 7.180, 6.690, 6.800, 6.610, 7.070, 6.560, 7.050, 7.226][0.061, 0.130, 0.809]
7.2615: [7.110, 7.180, 6.690, 6.800, 6.610, 7.070, 6.560, 7.050, 7.262][0.061, 0.131, 0.807]
7.29675: [7.110, 7.180, 6.690, 6.800, 6.610, 7.070, 6.560, 7.050, 7.297][0.062, 0.133, 0.805]
7.332: [7.110, 7.180, 6.690, 6.800, 6.610, 7.070, 6.560, 7.050, 7.332][0.063, 0.134, 0.803]
7.36725: [7.110, 7.180, 6.690, 6.800, 6.610, 7.070, 6.560, 7.050, 7.367][0.064, 0.136, 0.800]
7.4025: [7.110, 7.180, 6.690, 6.800, 6.610, 7.070, 6.560, 7.050, 7.403][0.064, 0.138, 0.797]
7.43775: [7.110, 7.180, 6.690, 6.800, 6.610, 7.070, 6.560, 7.050, 7.438][0.065, 0.141, 0.794]
7.473: [7.110, 7.180, 6.690, 6.800, 6.610, 7.070, 6.560, 7.050, 7.473][0.067, 0.143, 0.790]
7.50825: [7.110, 7.180, 6.690, 6.800, 6.610, 7.070, 6.560, 7.050, 7.508][0.068, 0.146, 0.786]
7.5435: [7.110, 7.180, 6.690, 6.800, 6.610, 7.070, 6.560, 7.050, 7.544][0.070, 0.150, 0.781]
7.57875: [7.110, 7.180, 6.690, 6.800, 6.610, 7.070, 6.560, 7.050, 7.579][0.071, 0.154, 0.775]
7.614: [7.110, 7.180, 6.690, 6.800, 6.610, 7.070, 6.560, 7.050, 7.614][0.074, 0.158, 0.768]
7.64925: [7.110, 7.180, 6.690, 6.800, 6.610, 7.070, 6.560, 7.050, 7.649][0.076, 0.163, 0.761]
7.6845: [7.110, 7.180, 6.690, 6.800, 6.610, 7.070, 6.560, 7.050, 7.685][0.079, 0.168, 0.753]
7.71975: [7.110, 7.180, 6.690, 6.800, 6.610, 7.070, 6.560, 7.050, 7.720][0.082, 0.175, 0.743]
