Loading Model: level_list/m1_100/tick_list/DXPE/class/models/model.h5
history_filename: history_recent/DXPE/history.json
Yesterday        : 2017-09-01: OHLCV: 27.0800, 27.0800, 26.4700, 26.7500, 114594
UberYesterday    : 2017-08-30: OHLCV: 27.2700, 28.5700, 27.2200, 28.4100, 101740
[u'27.0800', u'27.0800', u'26.4700', u'26.7500', u'114594']
[u'27.2700', u'28.5700', u'27.2200', u'28.4100', u'101740']
question_base :[27.27, 28.57, 27.22, 28.41, 27.08, 27.08, 26.47, 26.75]
24.075: [27.270, 28.570, 27.220, 28.410, 27.080, 27.080, 26.470, 26.750, 24.075][0.074, 0.654, 0.271]
24.20875: [27.270, 28.570, 27.220, 28.410, 27.080, 27.080, 26.470, 26.750, 24.209][0.075, 0.653, 0.273]
24.3425: [27.270, 28.570, 27.220, 28.410, 27.080, 27.080, 26.470, 26.750, 24.342][0.075, 0.651, 0.274]
24.47625: [27.270, 28.570, 27.220, 28.410, 27.080, 27.080, 26.470, 26.750, 24.476][0.075, 0.650, 0.276]
24.61: [27.270, 28.570, 27.220, 28.410, 27.080, 27.080, 26.470, 26.750, 24.610][0.075, 0.648, 0.277]
24.74375: [27.270, 28.570, 27.220, 28.410, 27.080, 27.080, 26.470, 26.750, 24.744][0.075, 0.646, 0.279]
24.8775: [27.270, 28.570, 27.220, 28.410, 27.080, 27.080, 26.470, 26.750, 24.877][0.075, 0.644, 0.281]
25.01125: [27.270, 28.570, 27.220, 28.410, 27.080, 27.080, 26.470, 26.750, 25.011][0.075, 0.642, 0.283]
25.145: [27.270, 28.570, 27.220, 28.410, 27.080, 27.080, 26.470, 26.750, 25.145][0.076, 0.639, 0.285]
25.27875: [27.270, 28.570, 27.220, 28.410, 27.080, 27.080, 26.470, 26.750, 25.279][0.076, 0.637, 0.287]
25.4125: [27.270, 28.570, 27.220, 28.410, 27.080, 27.080, 26.470, 26.750, 25.412][0.076, 0.634, 0.290]
25.54625: [27.270, 28.570, 27.220, 28.410, 27.080, 27.080, 26.470, 26.750, 25.546][0.076, 0.632, 0.292]
25.68: [27.270, 28.570, 27.220, 28.410, 27.080, 27.080, 26.470, 26.750, 25.680][0.076, 0.629, 0.295]
25.81375: [27.270, 28.570, 27.220, 28.410, 27.080, 27.080, 26.470, 26.750, 25.814][0.077, 0.626, 0.297]
25.9475: [27.270, 28.570, 27.220, 28.410, 27.080, 27.080, 26.470, 26.750, 25.947][0.077, 0.623, 0.300]
26.08125: [27.270, 28.570, 27.220, 28.410, 27.080, 27.080, 26.470, 26.750, 26.081][0.077, 0.620, 0.303]
26.215: [27.270, 28.570, 27.220, 28.410, 27.080, 27.080, 26.470, 26.750, 26.215][0.077, 0.617, 0.306]
26.34875: [27.270, 28.570, 27.220, 28.410, 27.080, 27.080, 26.470, 26.750, 26.349][0.077, 0.613, 0.309]
26.4825: [27.270, 28.570, 27.220, 28.410, 27.080, 27.080, 26.470, 26.750, 26.482][0.078, 0.610, 0.312]
26.61625: [27.270, 28.570, 27.220, 28.410, 27.080, 27.080, 26.470, 26.750, 26.616][0.078, 0.606, 0.316]
26.75: [27.270, 28.570, 27.220, 28.410, 27.080, 27.080, 26.470, 26.750, 26.750][0.078, 0.603, 0.319]
26.88375: [27.270, 28.570, 27.220, 28.410, 27.080, 27.080, 26.470, 26.750, 26.884][0.078, 0.599, 0.323]
27.0175: [27.270, 28.570, 27.220, 28.410, 27.080, 27.080, 26.470, 26.750, 27.017][0.079, 0.595, 0.326]
27.15125: [27.270, 28.570, 27.220, 28.410, 27.080, 27.080, 26.470, 26.750, 27.151][0.079, 0.591, 0.330]
27.285: [27.270, 28.570, 27.220, 28.410, 27.080, 27.080, 26.470, 26.750, 27.285][0.079, 0.587, 0.334]
27.41875: [27.270, 28.570, 27.220, 28.410, 27.080, 27.080, 26.470, 26.750, 27.419][0.080, 0.582, 0.338]
27.5525: [27.270, 28.570, 27.220, 28.410, 27.080, 27.080, 26.470, 26.750, 27.552][0.080, 0.578, 0.342]
27.68625: [27.270, 28.570, 27.220, 28.410, 27.080, 27.080, 26.470, 26.750, 27.686][0.080, 0.574, 0.346]
27.82: [27.270, 28.570, 27.220, 28.410, 27.080, 27.080, 26.470, 26.750, 27.820][0.080, 0.569, 0.350]
27.95375: [27.270, 28.570, 27.220, 28.410, 27.080, 27.080, 26.470, 26.750, 27.954][0.081, 0.565, 0.355]
28.0875: [27.270, 28.570, 27.220, 28.410, 27.080, 27.080, 26.470, 26.750, 28.087][0.081, 0.560, 0.359]
28.22125: [27.270, 28.570, 27.220, 28.410, 27.080, 27.080, 26.470, 26.750, 28.221][0.082, 0.556, 0.363]
28.355: [27.270, 28.570, 27.220, 28.410, 27.080, 27.080, 26.470, 26.750, 28.355][0.082, 0.551, 0.367]
28.48875: [27.270, 28.570, 27.220, 28.410, 27.080, 27.080, 26.470, 26.750, 28.489][0.082, 0.547, 0.371]
28.6225: [27.270, 28.570, 27.220, 28.410, 27.080, 27.080, 26.470, 26.750, 28.622][0.083, 0.542, 0.375]
28.75625: [27.270, 28.570, 27.220, 28.410, 27.080, 27.080, 26.470, 26.750, 28.756][0.083, 0.538, 0.379]
28.89: [27.270, 28.570, 27.220, 28.410, 27.080, 27.080, 26.470, 26.750, 28.890][0.084, 0.534, 0.382]
29.02375: [27.270, 28.570, 27.220, 28.410, 27.080, 27.080, 26.470, 26.750, 29.024][0.084, 0.530, 0.386]
29.1575: [27.270, 28.570, 27.220, 28.410, 27.080, 27.080, 26.470, 26.750, 29.157][0.085, 0.526, 0.389]
29.29125: [27.270, 28.570, 27.220, 28.410, 27.080, 27.080, 26.470, 26.750, 29.291][0.085, 0.523, 0.391]
29.425: [27.270, 28.570, 27.220, 28.410, 27.080, 27.080, 26.470, 26.750, 29.425][0.086, 0.520, 0.394]
