Loading Model: level_list/m1_100/tick_list/FLIR/class/models/model.h5
history_filename: history_recent/FLIR/history.json
Yesterday        : 2017-09-01: OHLCV: 38.0200, 38.7700, 38.0000, 38.2500, 991619
UberYesterday    : 2017-08-30: OHLCV: 37.7400, 38.5300, 37.7400, 38.4700, 918971
[u'38.0200', u'38.7700', u'38.0000', u'38.2500', u'991619']
[u'37.7400', u'38.5300', u'37.7400', u'38.4700', u'918971']
question_base :[37.74, 38.53, 37.74, 38.47, 38.02, 38.77, 38.0, 38.25]
34.425: [37.740, 38.530, 37.740, 38.470, 38.020, 38.770, 38.000, 38.250, 34.425][0.151, 0.314, 0.535]
34.61625: [37.740, 38.530, 37.740, 38.470, 38.020, 38.770, 38.000, 38.250, 34.616][0.150, 0.314, 0.536]
34.8075: [37.740, 38.530, 37.740, 38.470, 38.020, 38.770, 38.000, 38.250, 34.807][0.150, 0.313, 0.536]
34.99875: [37.740, 38.530, 37.740, 38.470, 38.020, 38.770, 38.000, 38.250, 34.999][0.150, 0.313, 0.537]
35.19: [37.740, 38.530, 37.740, 38.470, 38.020, 38.770, 38.000, 38.250, 35.190][0.150, 0.312, 0.538]
35.38125: [37.740, 38.530, 37.740, 38.470, 38.020, 38.770, 38.000, 38.250, 35.381][0.149, 0.311, 0.540]
35.5725: [37.740, 38.530, 37.740, 38.470, 38.020, 38.770, 38.000, 38.250, 35.572][0.149, 0.310, 0.542]
35.76375: [37.740, 38.530, 37.740, 38.470, 38.020, 38.770, 38.000, 38.250, 35.764][0.148, 0.308, 0.544]
35.955: [37.740, 38.530, 37.740, 38.470, 38.020, 38.770, 38.000, 38.250, 35.955][0.147, 0.306, 0.547]
36.14625: [37.740, 38.530, 37.740, 38.470, 38.020, 38.770, 38.000, 38.250, 36.146][0.146, 0.304, 0.550]
36.3375: [37.740, 38.530, 37.740, 38.470, 38.020, 38.770, 38.000, 38.250, 36.337][0.145, 0.301, 0.554]
36.52875: [37.740, 38.530, 37.740, 38.470, 38.020, 38.770, 38.000, 38.250, 36.529][0.143, 0.298, 0.559]
36.72: [37.740, 38.530, 37.740, 38.470, 38.020, 38.770, 38.000, 38.250, 36.720][0.142, 0.294, 0.564]
36.91125: [37.740, 38.530, 37.740, 38.470, 38.020, 38.770, 38.000, 38.250, 36.911][0.141, 0.292, 0.567]
37.1025: [37.740, 38.530, 37.740, 38.470, 38.020, 38.770, 38.000, 38.250, 37.102][0.141, 0.292, 0.567]
37.29375: [37.740, 38.530, 37.740, 38.470, 38.020, 38.770, 38.000, 38.250, 37.294][0.146, 0.299, 0.555]
37.485: [37.740, 38.530, 37.740, 38.470, 38.020, 38.770, 38.000, 38.250, 37.485][0.160, 0.324, 0.516]
37.67625: [37.740, 38.530, 37.740, 38.470, 38.020, 38.770, 38.000, 38.250, 37.676][0.195, 0.383, 0.423]
37.8675: [37.740, 38.530, 37.740, 38.470, 38.020, 38.770, 38.000, 38.250, 37.867][0.252, 0.450, 0.299]
38.05875: [37.740, 38.530, 37.740, 38.470, 38.020, 38.770, 38.000, 38.250, 38.059][0.316, 0.455, 0.228]
38.25: [37.740, 38.530, 37.740, 38.470, 38.020, 38.770, 38.000, 38.250, 38.250][0.377, 0.423, 0.199]
38.44125: [37.740, 38.530, 37.740, 38.470, 38.020, 38.770, 38.000, 38.250, 38.441][0.405, 0.406, 0.189]
38.6325: [37.740, 38.530, 37.740, 38.470, 38.020, 38.770, 38.000, 38.250, 38.632][0.407, 0.405, 0.188]
38.82375: [37.740, 38.530, 37.740, 38.470, 38.020, 38.770, 38.000, 38.250, 38.824][0.400, 0.410, 0.189]
39.015: [37.740, 38.530, 37.740, 38.470, 38.020, 38.770, 38.000, 38.250, 39.015][0.393, 0.416, 0.191]
39.20625: [37.740, 38.530, 37.740, 38.470, 38.020, 38.770, 38.000, 38.250, 39.206][0.387, 0.420, 0.193]
39.3975: [37.740, 38.530, 37.740, 38.470, 38.020, 38.770, 38.000, 38.250, 39.397][0.383, 0.423, 0.194]
39.58875: [37.740, 38.530, 37.740, 38.470, 38.020, 38.770, 38.000, 38.250, 39.589][0.379, 0.426, 0.195]
39.78: [37.740, 38.530, 37.740, 38.470, 38.020, 38.770, 38.000, 38.250, 39.780][0.377, 0.427, 0.196]
39.97125: [37.740, 38.530, 37.740, 38.470, 38.020, 38.770, 38.000, 38.250, 39.971][0.376, 0.428, 0.196]
40.1625: [37.740, 38.530, 37.740, 38.470, 38.020, 38.770, 38.000, 38.250, 40.162][0.374, 0.429, 0.196]
40.35375: [37.740, 38.530, 37.740, 38.470, 38.020, 38.770, 38.000, 38.250, 40.354][0.374, 0.430, 0.197]
40.545: [37.740, 38.530, 37.740, 38.470, 38.020, 38.770, 38.000, 38.250, 40.545][0.373, 0.430, 0.197]
40.73625: [37.740, 38.530, 37.740, 38.470, 38.020, 38.770, 38.000, 38.250, 40.736][0.373, 0.430, 0.197]
40.9275: [37.740, 38.530, 37.740, 38.470, 38.020, 38.770, 38.000, 38.250, 40.927][0.372, 0.431, 0.197]
41.11875: [37.740, 38.530, 37.740, 38.470, 38.020, 38.770, 38.000, 38.250, 41.119][0.372, 0.431, 0.197]
41.31: [37.740, 38.530, 37.740, 38.470, 38.020, 38.770, 38.000, 38.250, 41.310][0.372, 0.431, 0.197]
41.50125: [37.740, 38.530, 37.740, 38.470, 38.020, 38.770, 38.000, 38.250, 41.501][0.372, 0.431, 0.197]
41.6925: [37.740, 38.530, 37.740, 38.470, 38.020, 38.770, 38.000, 38.250, 41.692][0.372, 0.431, 0.197]
41.88375: [37.740, 38.530, 37.740, 38.470, 38.020, 38.770, 38.000, 38.250, 41.884][0.371, 0.431, 0.197]
42.075: [37.740, 38.530, 37.740, 38.470, 38.020, 38.770, 38.000, 38.250, 42.075][0.371, 0.431, 0.197]
