Loading Model: level_list/m1_100/tick_list/INSY/class/models/model.h5
history_filename: history_recent/INSY/history.json
Yesterday        : 2017-09-01: OHLCV: 9.1200, 9.3200, 8.8000, 9.2200, 634428
UberYesterday    : 2017-08-30: OHLCV: 9.5600, 9.6200, 9.3200, 9.5500, 214586
[u'9.1200', u'9.3200', u'8.8000', u'9.2200', u'634428']
[u'9.5600', u'9.6200', u'9.3200', u'9.5500', u'214586']
question_base :[9.56, 9.62, 9.32, 9.55, 9.12, 9.32, 8.8, 9.22]
8.298: [9.560, 9.620, 9.320, 9.550, 9.120, 9.320, 8.800, 9.220, 8.298][0.333, 0.400, 0.267]
8.3441: [9.560, 9.620, 9.320, 9.550, 9.120, 9.320, 8.800, 9.220, 8.344][0.333, 0.400, 0.267]
8.3902: [9.560, 9.620, 9.320, 9.550, 9.120, 9.320, 8.800, 9.220, 8.390][0.333, 0.400, 0.267]
8.4363: [9.560, 9.620, 9.320, 9.550, 9.120, 9.320, 8.800, 9.220, 8.436][0.333, 0.400, 0.267]
8.4824: [9.560, 9.620, 9.320, 9.550, 9.120, 9.320, 8.800, 9.220, 8.482][0.333, 0.400, 0.267]
8.5285: [9.560, 9.620, 9.320, 9.550, 9.120, 9.320, 8.800, 9.220, 8.528][0.333, 0.400, 0.267]
8.5746: [9.560, 9.620, 9.320, 9.550, 9.120, 9.320, 8.800, 9.220, 8.575][0.333, 0.400, 0.267]
8.6207: [9.560, 9.620, 9.320, 9.550, 9.120, 9.320, 8.800, 9.220, 8.621][0.333, 0.400, 0.267]
8.6668: [9.560, 9.620, 9.320, 9.550, 9.120, 9.320, 8.800, 9.220, 8.667][0.333, 0.400, 0.267]
8.7129: [9.560, 9.620, 9.320, 9.550, 9.120, 9.320, 8.800, 9.220, 8.713][0.333, 0.400, 0.267]
8.759: [9.560, 9.620, 9.320, 9.550, 9.120, 9.320, 8.800, 9.220, 8.759][0.333, 0.400, 0.267]
8.8051: [9.560, 9.620, 9.320, 9.550, 9.120, 9.320, 8.800, 9.220, 8.805][0.333, 0.400, 0.267]
8.8512: [9.560, 9.620, 9.320, 9.550, 9.120, 9.320, 8.800, 9.220, 8.851][0.333, 0.400, 0.267]
8.8973: [9.560, 9.620, 9.320, 9.550, 9.120, 9.320, 8.800, 9.220, 8.897][0.333, 0.400, 0.267]
8.9434: [9.560, 9.620, 9.320, 9.550, 9.120, 9.320, 8.800, 9.220, 8.943][0.333, 0.400, 0.267]
8.9895: [9.560, 9.620, 9.320, 9.550, 9.120, 9.320, 8.800, 9.220, 8.989][0.333, 0.400, 0.267]
9.0356: [9.560, 9.620, 9.320, 9.550, 9.120, 9.320, 8.800, 9.220, 9.036][0.333, 0.400, 0.267]
9.0817: [9.560, 9.620, 9.320, 9.550, 9.120, 9.320, 8.800, 9.220, 9.082][0.333, 0.400, 0.267]
9.1278: [9.560, 9.620, 9.320, 9.550, 9.120, 9.320, 8.800, 9.220, 9.128][0.333, 0.400, 0.267]
9.1739: [9.560, 9.620, 9.320, 9.550, 9.120, 9.320, 8.800, 9.220, 9.174][0.333, 0.400, 0.267]
9.22: [9.560, 9.620, 9.320, 9.550, 9.120, 9.320, 8.800, 9.220, 9.220][0.333, 0.400, 0.267]
9.2661: [9.560, 9.620, 9.320, 9.550, 9.120, 9.320, 8.800, 9.220, 9.266][0.333, 0.400, 0.267]
9.3122: [9.560, 9.620, 9.320, 9.550, 9.120, 9.320, 8.800, 9.220, 9.312][0.333, 0.400, 0.267]
9.3583: [9.560, 9.620, 9.320, 9.550, 9.120, 9.320, 8.800, 9.220, 9.358][0.333, 0.400, 0.267]
9.4044: [9.560, 9.620, 9.320, 9.550, 9.120, 9.320, 8.800, 9.220, 9.404][0.333, 0.400, 0.267]
9.4505: [9.560, 9.620, 9.320, 9.550, 9.120, 9.320, 8.800, 9.220, 9.450][0.333, 0.400, 0.267]
9.4966: [9.560, 9.620, 9.320, 9.550, 9.120, 9.320, 8.800, 9.220, 9.497][0.333, 0.400, 0.267]
9.5427: [9.560, 9.620, 9.320, 9.550, 9.120, 9.320, 8.800, 9.220, 9.543][0.333, 0.400, 0.267]
9.5888: [9.560, 9.620, 9.320, 9.550, 9.120, 9.320, 8.800, 9.220, 9.589][0.333, 0.400, 0.267]
9.6349: [9.560, 9.620, 9.320, 9.550, 9.120, 9.320, 8.800, 9.220, 9.635][0.333, 0.400, 0.267]
9.681: [9.560, 9.620, 9.320, 9.550, 9.120, 9.320, 8.800, 9.220, 9.681][0.333, 0.400, 0.267]
9.7271: [9.560, 9.620, 9.320, 9.550, 9.120, 9.320, 8.800, 9.220, 9.727][0.333, 0.400, 0.267]
9.7732: [9.560, 9.620, 9.320, 9.550, 9.120, 9.320, 8.800, 9.220, 9.773][0.333, 0.400, 0.267]
9.8193: [9.560, 9.620, 9.320, 9.550, 9.120, 9.320, 8.800, 9.220, 9.819][0.333, 0.400, 0.267]
9.8654: [9.560, 9.620, 9.320, 9.550, 9.120, 9.320, 8.800, 9.220, 9.865][0.333, 0.400, 0.267]
9.9115: [9.560, 9.620, 9.320, 9.550, 9.120, 9.320, 8.800, 9.220, 9.911][0.333, 0.400, 0.267]
9.9576: [9.560, 9.620, 9.320, 9.550, 9.120, 9.320, 8.800, 9.220, 9.958][0.333, 0.400, 0.267]
10.0037: [9.560, 9.620, 9.320, 9.550, 9.120, 9.320, 8.800, 9.220, 10.004][0.333, 0.400, 0.267]
10.0498: [9.560, 9.620, 9.320, 9.550, 9.120, 9.320, 8.800, 9.220, 10.050][0.333, 0.400, 0.267]
10.0959: [9.560, 9.620, 9.320, 9.550, 9.120, 9.320, 8.800, 9.220, 10.096][0.333, 0.400, 0.267]
10.142: [9.560, 9.620, 9.320, 9.550, 9.120, 9.320, 8.800, 9.220, 10.142][0.333, 0.400, 0.267]
