Loading Model: level_list/m1_100/tick_list/XONE/class/models/model.h5
history_filename: history_recent/XONE/history.json
Yesterday        : 2017-09-01: OHLCV: 8.1000, 8.2200, 8.0000, 8.1100, 76310
UberYesterday    : 2017-08-30: OHLCV: 7.8500, 8.0800, 7.8000, 7.8900, 102969
[u'8.1000', u'8.2200', u'8.0000', u'8.1100', u'76310']
[u'7.8500', u'8.0800', u'7.8000', u'7.8900', u'102969']
question_base :[7.85, 8.08, 7.8, 7.89, 8.1, 8.22, 8.0, 8.11]
7.299: [7.850, 8.080, 7.800, 7.890, 8.100, 8.220, 8.000, 8.110, 7.299][0.119, 0.170, 0.712]
7.33955: [7.850, 8.080, 7.800, 7.890, 8.100, 8.220, 8.000, 8.110, 7.340][0.119, 0.170, 0.712]
7.3801: [7.850, 8.080, 7.800, 7.890, 8.100, 8.220, 8.000, 8.110, 7.380][0.119, 0.170, 0.712]
7.42065: [7.850, 8.080, 7.800, 7.890, 8.100, 8.220, 8.000, 8.110, 7.421][0.119, 0.170, 0.712]
7.4612: [7.850, 8.080, 7.800, 7.890, 8.100, 8.220, 8.000, 8.110, 7.461][0.119, 0.170, 0.712]
7.50175: [7.850, 8.080, 7.800, 7.890, 8.100, 8.220, 8.000, 8.110, 7.502][0.119, 0.170, 0.712]
7.5423: [7.850, 8.080, 7.800, 7.890, 8.100, 8.220, 8.000, 8.110, 7.542][0.119, 0.170, 0.712]
7.58285: [7.850, 8.080, 7.800, 7.890, 8.100, 8.220, 8.000, 8.110, 7.583][0.119, 0.170, 0.712]
7.6234: [7.850, 8.080, 7.800, 7.890, 8.100, 8.220, 8.000, 8.110, 7.623][0.118, 0.170, 0.712]
7.66395: [7.850, 8.080, 7.800, 7.890, 8.100, 8.220, 8.000, 8.110, 7.664][0.118, 0.170, 0.712]
7.7045: [7.850, 8.080, 7.800, 7.890, 8.100, 8.220, 8.000, 8.110, 7.704][0.118, 0.170, 0.712]
7.74505: [7.850, 8.080, 7.800, 7.890, 8.100, 8.220, 8.000, 8.110, 7.745][0.118, 0.170, 0.712]
7.7856: [7.850, 8.080, 7.800, 7.890, 8.100, 8.220, 8.000, 8.110, 7.786][0.117, 0.172, 0.711]
7.82615: [7.850, 8.080, 7.800, 7.890, 8.100, 8.220, 8.000, 8.110, 7.826][0.115, 0.177, 0.708]
7.8667: [7.850, 8.080, 7.800, 7.890, 8.100, 8.220, 8.000, 8.110, 7.867][0.107, 0.199, 0.694]
7.90725: [7.850, 8.080, 7.800, 7.890, 8.100, 8.220, 8.000, 8.110, 7.907][0.088, 0.294, 0.618]
7.9478: [7.850, 8.080, 7.800, 7.890, 8.100, 8.220, 8.000, 8.110, 7.948][0.072, 0.495, 0.432]
7.98835: [7.850, 8.080, 7.800, 7.890, 8.100, 8.220, 8.000, 8.110, 7.988][0.094, 0.575, 0.331]
8.0289: [7.850, 8.080, 7.800, 7.890, 8.100, 8.220, 8.000, 8.110, 8.029][0.146, 0.540, 0.313]
8.06945: [7.850, 8.080, 7.800, 7.890, 8.100, 8.220, 8.000, 8.110, 8.069][0.207, 0.484, 0.309]
8.11: [7.850, 8.080, 7.800, 7.890, 8.100, 8.220, 8.000, 8.110, 8.110][0.261, 0.436, 0.303]
8.15055: [7.850, 8.080, 7.800, 7.890, 8.100, 8.220, 8.000, 8.110, 8.151][0.303, 0.400, 0.297]
8.1911: [7.850, 8.080, 7.800, 7.890, 8.100, 8.220, 8.000, 8.110, 8.191][0.333, 0.375, 0.291]
8.23165: [7.850, 8.080, 7.800, 7.890, 8.100, 8.220, 8.000, 8.110, 8.232][0.355, 0.358, 0.287]
8.2722: [7.850, 8.080, 7.800, 7.890, 8.100, 8.220, 8.000, 8.110, 8.272][0.371, 0.346, 0.283]
8.31275: [7.850, 8.080, 7.800, 7.890, 8.100, 8.220, 8.000, 8.110, 8.313][0.382, 0.337, 0.281]
8.3533: [7.850, 8.080, 7.800, 7.890, 8.100, 8.220, 8.000, 8.110, 8.353][0.391, 0.331, 0.279]
8.39385: [7.850, 8.080, 7.800, 7.890, 8.100, 8.220, 8.000, 8.110, 8.394][0.397, 0.326, 0.277]
8.4344: [7.850, 8.080, 7.800, 7.890, 8.100, 8.220, 8.000, 8.110, 8.434][0.402, 0.322, 0.276]
8.47495: [7.850, 8.080, 7.800, 7.890, 8.100, 8.220, 8.000, 8.110, 8.475][0.405, 0.320, 0.275]
8.5155: [7.850, 8.080, 7.800, 7.890, 8.100, 8.220, 8.000, 8.110, 8.515][0.408, 0.317, 0.274]
8.55605: [7.850, 8.080, 7.800, 7.890, 8.100, 8.220, 8.000, 8.110, 8.556][0.411, 0.316, 0.274]
8.5966: [7.850, 8.080, 7.800, 7.890, 8.100, 8.220, 8.000, 8.110, 8.597][0.412, 0.314, 0.273]
8.63715: [7.850, 8.080, 7.800, 7.890, 8.100, 8.220, 8.000, 8.110, 8.637][0.414, 0.313, 0.273]
8.6777: [7.850, 8.080, 7.800, 7.890, 8.100, 8.220, 8.000, 8.110, 8.678][0.415, 0.312, 0.272]
8.71825: [7.850, 8.080, 7.800, 7.890, 8.100, 8.220, 8.000, 8.110, 8.718][0.416, 0.312, 0.272]
8.7588: [7.850, 8.080, 7.800, 7.890, 8.100, 8.220, 8.000, 8.110, 8.759][0.417, 0.311, 0.272]
8.79935: [7.850, 8.080, 7.800, 7.890, 8.100, 8.220, 8.000, 8.110, 8.799][0.418, 0.310, 0.272]
8.8399: [7.850, 8.080, 7.800, 7.890, 8.100, 8.220, 8.000, 8.110, 8.840][0.419, 0.310, 0.272]
8.88045: [7.850, 8.080, 7.800, 7.890, 8.100, 8.220, 8.000, 8.110, 8.880][0.419, 0.310, 0.271]
8.921: [7.850, 8.080, 7.800, 7.890, 8.100, 8.220, 8.000, 8.110, 8.921][0.420, 0.309, 0.271]
