[[  0.  21.  15.]
 [  0.  18.  13.]
 [  0.  12.  21.]]
cf_score, 24.0
nv_score, -22.0
ratio, 0.393939393939
[[  0.  16.  25.]
 [  0.  14.   9.]
 [  0.  12.  24.]]
cf_score, 13.0
nv_score, -35.0
ratio, 0.383838383838
[[ 18.  14.   9.]
 [  5.  17.   4.]
 [ 15.  11.   7.]]
cf_score, 18.0
nv_score, -15.0
ratio, 0.424242424242
[[ 21.   6.   4.]
 [ 12.  26.   5.]
 [ 19.   7.   0.]]
cf_score, 24.0
nv_score, -13.0
ratio, 0.474747474747
[[ 27.   3.   3.]
 [ 16.  15.   5.]
 [ 20.   7.   4.]]
cf_score, 23.0
nv_score, -7.0
ratio, 0.464646464646
[[ 22.  11.   2.]
 [ 12.  16.   7.]
 [ 19.  11.   0.]]
cf_score, 17.0
nv_score, -11.0
ratio, 0.383838383838
[[ 21.   6.   2.]
 [ 10.  16.   4.]
 [ 25.  11.   5.]]
cf_score, 15.0
nv_score, -3.0
ratio, 0.424242424242
[[ 17.   7.   6.]
 [ 10.  22.   5.]
 [ 13.  12.   8.]]
cf_score, 28.0
nv_score, -9.0
ratio, 0.474747474747
[[ 14.  12.   9.]
 [  8.  21.  10.]
 [ 12.   8.   6.]]
cf_score, 20.0
nv_score, -22.0
ratio, 0.414141414141
[[ 15.  15.  13.]
 [  5.  21.   5.]
 [ 13.   9.   4.]]
cf_score, 14.0
nv_score, -27.0
ratio, 0.40404040404
[[  9.   9.  21.]
 [  5.  16.   6.]
 [ 12.  14.   8.]]
cf_score, 0.0
nv_score, -40.0
ratio, 0.333333333333
[[ 10.  13.  10.]
 [  7.  23.   7.]
 [ 10.   8.  12.]]
cf_score, 25.0
nv_score, -15.0
ratio, 0.454545454545
[[ 20.   9.  13.]
 [  9.  10.   7.]
 [ 13.  10.   9.]]
cf_score, 13.0
nv_score, -24.0
ratio, 0.393939393939
[[ 13.  13.  11.]
 [  4.  20.  15.]
 [  9.  10.   5.]]
cf_score, 18.0
nv_score, -32.0
ratio, 0.383838383838
[[ 12.   9.  10.]
 [  4.  19.   4.]
 [ 11.  22.   9.]]
cf_score, 19.0
nv_score, -15.0
ratio, 0.40404040404
[[ 18.  10.  11.]
 [  1.  13.  10.]
 [ 10.  17.  10.]]
cf_score, 20.0
nv_score, -22.0
ratio, 0.414141414141
[[ 15.  10.  10.]
 [  4.  16.   3.]
 [ 17.  13.  12.]]
cf_score, 16.0
nv_score, -11.0
ratio, 0.434343434343
[[  9.   9.  13.]
 [  5.  20.  12.]
 [  7.  11.  14.]]
cf_score, 23.0
nv_score, -24.0
ratio, 0.434343434343
[[ 16.   6.  11.]
 [  4.  19.   9.]
 [ 12.  17.   6.]]
cf_score, 18.0
nv_score, -25.0
ratio, 0.414141414141
[[ 12.   8.   9.]
 [  4.  21.  15.]
 [  8.  14.   9.]]
cf_score, 25.0
nv_score, -24.0
ratio, 0.424242424242
[[ 15.   9.   5.]
 [  9.  18.   7.]
 [ 13.  13.  11.]]
cf_score, 26.0
nv_score, -6.0
ratio, 0.444444444444
[[ 12.   9.  18.]
 [  1.  16.   4.]
 [  9.  19.  12.]]
cf_score, 13.0
nv_score, -28.0
ratio, 0.40404040404
[[ 12.   9.  18.]
 [  6.  16.   9.]
 [  7.  13.  10.]]
cf_score, 13.0
nv_score, -35.0
ratio, 0.383838383838
[[ 19.  10.  12.]
 [  4.  18.   4.]
 [ 11.  13.   9.]]
cf_score, 23.0
nv_score, -19.0
ratio, 0.464646464646
[[ 11.  10.  13.]
 [  6.  12.  14.]
 [ 10.  10.  14.]]
cf_score, 14.0
nv_score, -26.0
ratio, 0.373737373737
[[ 12.  13.  10.]
 [  4.  20.   9.]
 [ 13.  11.   8.]]
cf_score, 17.0
nv_score, -21.0
ratio, 0.40404040404
[[ 16.   6.  10.]
 [  8.  15.  16.]
 [ 13.   8.   8.]]
cf_score, 16.0
nv_score, -28.0
ratio, 0.393939393939
[[ 19.  13.  10.]
 [  7.  15.  10.]
 [  9.   8.   9.]]
cf_score, 24.0
nv_score, -21.0
ratio, 0.434343434343
[[ 13.   9.  12.]
 [  3.  15.   9.]
 [ 13.  17.   9.]]
cf_score, 12.0
nv_score, -24.0
ratio, 0.373737373737
[[ 10.  13.   6.]
 [  8.  18.   8.]
 [  9.  22.   6.]]
cf_score, 19.0
nv_score, -14.0
ratio, 0.343434343434
[[ 15.  16.  14.]
 [  4.  18.   6.]
 [  3.   5.  19.]]
cf_score, 35.0
nv_score, -15.0
ratio, 0.525252525253
[[ 12.   9.  13.]
 [  5.  16.  12.]
 [ 15.   9.   9.]]
cf_score, 9.0
nv_score, -29.0
ratio, 0.373737373737
[[ 14.   6.   8.]
 [  5.  13.   6.]
 [ 22.  15.  11.]]
cf_score, 8.0
nv_score, -11.0
ratio, 0.383838383838
[[  8.  10.  13.]
 [  4.  20.   2.]
 [  8.  22.  13.]]
cf_score, 20.0
nv_score, -15.0
ratio, 0.414141414141
[[ 13.   8.  12.]
 [  3.  16.   8.]
 [ 18.  13.   9.]]
cf_score, 8.0
nv_score, -23.0
ratio, 0.383838383838
[[ 11.  13.  15.]
 [  5.  21.   7.]
 [  5.  14.   9.]]
cf_score, 21.0
nv_score, -28.0
ratio, 0.414141414141
[[  9.   8.  12.]
 [  3.  21.  11.]
 [ 11.  10.  15.]]
cf_score, 22.0
nv_score, -20.0
ratio, 0.454545454545
[[ 13.  10.  13.]
 [  1.  18.   7.]
 [  5.  15.  18.]]
cf_score, 31.0
nv_score, -15.0
ratio, 0.494949494949
[[ 18.   8.   5.]
 [  5.  15.  15.]
 [ 11.  10.  13.]]
cf_score, 30.0
nv_score, -12.0
ratio, 0.464646464646
[[ 17.   9.   3.]
 [ 16.   8.   6.]
 [ 17.  12.  12.]]
cf_score, 17.0
nv_score, 0.0
ratio, 0.373737373737
[[ 17.  10.   8.]
 [  3.  17.   7.]
 [ 15.  12.  11.]]
cf_score, 22.0
nv_score, -12.0
ratio, 0.454545454545
[[ 13.   8.   5.]
 [  6.  15.  15.]
 [ 21.   8.   9.]]
cf_score, 11.0
nv_score, -16.0
ratio, 0.373737373737
[[ 13.   8.  15.]
 [  5.  24.   6.]
 [ 10.  10.   9.]]
cf_score, 21.0
nv_score, -27.0
ratio, 0.464646464646
[[ 12.  12.  14.]
 [  6.  22.   7.]
 [  9.   9.   9.]]
cf_score, 20.0
nv_score, -26.0
ratio, 0.434343434343
[[ 12.  10.  14.]
 [  8.  17.   8.]
 [ 12.  11.   8.]]
cf_score, 11.0
nv_score, -28.0
ratio, 0.373737373737
[[ 15.   7.   7.]
 [ 12.  19.   8.]
 [ 17.   8.   7.]]
cf_score, 17.0
nv_score, -15.0
ratio, 0.414141414141
[[ 15.  15.  11.]
 [  8.  15.   6.]
 [ 13.  12.   5.]]
cf_score, 11.0
nv_score, -23.0
ratio, 0.353535353535
[[ 14.   7.  10.]
 [  5.  19.   8.]
 [ 17.  16.   4.]]
cf_score, 10.0
nv_score, -24.0
ratio, 0.373737373737
[[ 12.   8.  16.]
 [  6.  24.   7.]
 [  9.  11.   7.]]
cf_score, 18.0
nv_score, -32.0
ratio, 0.434343434343
[[  9.   8.  14.]
 [  3.  18.   7.]
 [ 11.  18.  12.]]
cf_score, 14.0
nv_score, -23.0
ratio, 0.393939393939
