[[ 39.   0.   0.]
 [ 23.   0.   0.]
 [ 38.   0.   0.]]
cf_score, 1.0
ratio, 0.393939393939
[[  0.  35.   0.]
 [  0.  20.   0.]
 [  0.  45.   0.]]
cf_score, 20.0
ratio, 0.20202020202
[[  0.  35.   0.]
 [  0.  22.   0.]
 [  0.  43.   0.]]
cf_score, 22.0
ratio, 0.222222222222
[[  0.  35.   0.]
 [  0.  31.   0.]
 [  0.  34.   0.]]
cf_score, 31.0
ratio, 0.313131313131
[[  0.  35.   0.]
 [  0.  24.   0.]
 [  0.  41.   0.]]
cf_score, 24.0
ratio, 0.242424242424
[[  0.  25.   0.]
 [  4.  21.   0.]
 [  2.  48.   0.]]
cf_score, 19.0
ratio, 0.212121212121
[[  0.  36.   2.]
 [  0.  28.   0.]
 [  0.  32.   2.]]
cf_score, 28.0
ratio, 0.30303030303
[[  0.  30.   0.]
 [  0.  18.   1.]
 [  0.  46.   5.]]
cf_score, 23.0
ratio, 0.232323232323
[[ 28.   7.   3.]
 [ 19.   3.   4.]
 [ 21.   9.   6.]]
cf_score, 13.0
ratio, 0.373737373737
[[  1.  24.   4.]
 [  7.  13.   3.]
 [  3.  35.  10.]]
cf_score, 17.0
ratio, 0.242424242424
[[  1.  19.   7.]
 [  7.  10.   8.]
 [  3.  23.  22.]]
cf_score, 23.0
ratio, 0.333333333333
[[ 21.   6.   4.]
 [ 13.   7.   4.]
 [ 21.   9.  15.]]
cf_score, 18.0
ratio, 0.434343434343
[[ 17.   7.   7.]
 [ 20.   0.   7.]
 [ 14.   0.  28.]]
cf_score, 24.0
ratio, 0.454545454545
[[ 11.  22.   7.]
 [  6.   6.  15.]
 [  7.  13.  13.]]
cf_score, 16.0
ratio, 0.30303030303
[[ 17.  10.   6.]
 [ 17.   3.   8.]
 [ 15.   8.  16.]]
cf_score, 15.0
ratio, 0.363636363636
[[ 15.   6.  10.]
 [ 14.   1.  13.]
 [ 11.   8.  22.]]
cf_score, 17.0
ratio, 0.383838383838
[[ 28.   9.   3.]
 [ 14.   4.   2.]
 [ 15.  15.  10.]]
cf_score, 24.0
ratio, 0.424242424242
[[ 25.   2.   1.]
 [ 13.   6.   5.]
 [ 27.  12.   9.]]
cf_score, 12.0
ratio, 0.40404040404
[[ 16.  12.   7.]
 [ 17.   2.   5.]
 [ 19.   8.  14.]]
cf_score, 6.0
ratio, 0.323232323232
[[ 17.  17.   8.]
 [ 12.   5.   5.]
 [ 13.   3.  20.]]
cf_score, 21.0
ratio, 0.424242424242
[[ 20.   4.   7.]
 [ 12.   6.   8.]
 [ 18.   5.  20.]]
cf_score, 21.0
ratio, 0.464646464646
[[ 13.  12.  10.]
 [ 11.   2.   5.]
 [ 20.   7.  20.]]
cf_score, 5.0
ratio, 0.353535353535
[[  7.   1.  16.]
 [ 12.   1.  11.]
 [ 19.   6.  27.]]
cf_score, 0.0
ratio, 0.353535353535
[[ 14.  10.   8.]
 [ 15.   2.   6.]
 [ 20.   8.  17.]]
cf_score, 5.0
ratio, 0.333333333333
[[ 17.   3.  13.]
 [ 18.   1.   4.]
 [ 23.   1.  20.]]
cf_score, 2.0
ratio, 0.383838383838
[[ 25.   5.   1.]
 [ 19.   7.   6.]
 [ 24.   7.   6.]]
cf_score, 13.0
ratio, 0.383838383838
[[ 18.   4.   6.]
 [ 13.   4.  10.]
 [ 22.   3.  20.]]
cf_score, 14.0
ratio, 0.424242424242
[[ 14.   6.  13.]
 [  9.   2.   7.]
 [ 18.   3.  28.]]
cf_score, 13.0
ratio, 0.444444444444
[[ 13.  11.  10.]
 [ 19.   4.  10.]
 [ 14.   2.  17.]]
cf_score, 10.0
ratio, 0.343434343434
[[ 15.  11.   3.]
 [ 20.   2.   3.]
 [ 20.   8.  18.]]
cf_score, 12.0
ratio, 0.353535353535
[[  9.   5.  13.]
 [ 11.   3.   9.]
 [ 14.   8.  28.]]
cf_score, 13.0
ratio, 0.40404040404
[[  8.  11.   6.]
 [ 14.   6.  14.]
 [ 11.  10.  20.]]
cf_score, 17.0
ratio, 0.343434343434
[[ 10.   8.  21.]
 [  8.   7.   7.]
 [  7.   7.  25.]]
cf_score, 14.0
ratio, 0.424242424242
[[ 18.  15.   8.]
 [ 17.   4.   4.]
 [ 11.  15.   8.]]
cf_score, 11.0
ratio, 0.30303030303
[[ 18.   6.   9.]
 [ 12.   4.   4.]
 [ 17.   4.  26.]]
cf_score, 22.0
ratio, 0.484848484848
[[  9.   6.  21.]
 [  5.   3.  18.]
 [  8.   6.  24.]]
cf_score, 7.0
ratio, 0.363636363636
[[ 16.   2.   9.]
 [ 17.   4.   8.]
 [ 16.   6.  22.]]
cf_score, 17.0
ratio, 0.424242424242
[[ 21.  12.   5.]
 [ 13.   2.  10.]
 [ 18.  13.   6.]]
cf_score, 6.0
ratio, 0.292929292929
[[  9.  13.  10.]
 [ 12.   4.   4.]
 [ 19.  18.  11.]]
cf_score, -5.0
ratio, 0.242424242424
[[ 10.   4.  18.]
 [  5.   4.  10.]
 [ 17.   6.  26.]]
cf_score, 5.0
ratio, 0.40404040404
[[  8.  10.  16.]
 [  6.   6.  13.]
 [  5.   7.  29.]]
cf_score, 22.0
ratio, 0.434343434343
[[ 26.   7.   1.]
 [ 22.   1.   5.]
 [ 24.   4.  10.]]
cf_score, 12.0
ratio, 0.373737373737
[[ 22.   8.   5.]
 [ 14.   4.   6.]
 [ 17.  14.  10.]]
cf_score, 14.0
ratio, 0.363636363636
[[ 11.  10.   9.]
 [  7.   5.  11.]
 [ 14.  13.  20.]]
cf_score, 13.0
ratio, 0.363636363636
[[  8.   9.  13.]
 [  7.   5.  13.]
 [  9.  13.  23.]]
cf_score, 14.0
ratio, 0.363636363636
[[ 11.   6.   9.]
 [ 19.   9.   6.]
 [ 12.  20.   8.]]
cf_score, 7.0
ratio, 0.282828282828
[[ 12.  12.  13.]
 [ 12.   5.   4.]
 [  8.  14.  20.]]
cf_score, 16.0
ratio, 0.373737373737
[[ 13.  15.   9.]
 [ 13.   3.   4.]
 [ 19.   6.  18.]]
cf_score, 6.0
ratio, 0.343434343434
[[ 16.   6.  12.]
 [  9.   7.  15.]
 [  8.   8.  19.]]
cf_score, 22.0
ratio, 0.424242424242
[[ 20.   5.   6.]
 [ 14.   8.   8.]
 [ 17.  10.  12.]]
cf_score, 17.0
ratio, 0.40404040404
