[[  0.  23.  10.]
 [  0.  24.  13.]
 [  0.  23.   7.]]
cf_score, 21.0
nv_score, -26.0
ratio, 0.313131313131
[[  0.  23.   6.]
 [  0.  33.   5.]
 [  0.  25.   8.]]
cf_score, 35.0
nv_score, -9.0
ratio, 0.414141414141
[[  1.  28.   8.]
 [  0.  27.   5.]
 [  0.  26.   5.]]
cf_score, 25.0
nv_score, -16.0
ratio, 0.333333333333
[[  1.  27.   8.]
 [  1.  25.   4.]
 [  0.  26.   8.]]
cf_score, 26.0
nv_score, -12.0
ratio, 0.343434343434
[[  2.  25.   8.]
 [  0.  29.  10.]
 [  0.  20.   6.]]
cf_score, 29.0
nv_score, -20.0
ratio, 0.373737373737
[[  2.  12.  11.]
 [  6.  18.  14.]
 [  5.  10.  22.]]
cf_score, 26.0
nv_score, -14.0
ratio, 0.424242424242
[[  7.  22.   4.]
 [  2.  32.   3.]
 [  3.  21.   6.]]
cf_score, 38.0
nv_score, -5.0
ratio, 0.454545454545
[[  5.  17.   4.]
 [  0.  31.   3.]
 [  8.  24.   8.]]
cf_score, 32.0
nv_score, -3.0
ratio, 0.444444444444
[[  3.  18.   7.]
 [  7.  24.   2.]
 [  9.  22.   8.]]
cf_score, 19.0
nv_score, -8.0
ratio, 0.353535353535
[[ 20.  16.   5.]
 [ 10.  12.   1.]
 [ 12.  16.   8.]]
cf_score, 23.0
nv_score, -3.0
ratio, 0.40404040404
[[  4.  18.   2.]
 [  1.  33.   4.]
 [  8.  25.   5.]]
cf_score, 32.0
nv_score, -3.0
ratio, 0.424242424242
[[ 11.  13.   6.]
 [  7.  26.   4.]
 [  6.  21.   6.]]
cf_score, 31.0
nv_score, -10.0
ratio, 0.434343434343
[[  5.  21.   2.]
 [  4.  25.   4.]
 [  7.  23.   9.]]
cf_score, 30.0
nv_score, 1.0
ratio, 0.393939393939
[[ 13.  10.   9.]
 [  7.  31.   2.]
 [  3.  22.   3.]]
cf_score, 35.0
nv_score, -17.0
ratio, 0.474747474747
[[ 11.  14.   6.]
 [  7.  19.   7.]
 [ 14.  13.   9.]]
cf_score, 19.0
nv_score, -10.0
ratio, 0.393939393939
[[ 14.  20.   4.]
 [  6.  24.   2.]
 [  9.  17.   4.]]
cf_score, 29.0
nv_score, -6.0
ratio, 0.424242424242
[[  4.  16.   2.]
 [  6.  22.   4.]
 [  7.  27.  12.]]
cf_score, 29.0
nv_score, 4.0
ratio, 0.383838383838
[[ 13.  21.   2.]
 [  1.  28.   4.]
 [ 10.  15.   6.]]
cf_score, 35.0
nv_score, -2.0
ratio, 0.474747474747
[[ 11.  17.   8.]
 [  4.  31.   3.]
 [  8.  14.   4.]]
cf_score, 30.0
nv_score, -15.0
ratio, 0.464646464646
[[  8.  21.   4.]
 [  8.  22.   2.]
 [  8.  21.   6.]]
cf_score, 24.0
nv_score, -4.0
ratio, 0.363636363636
[[  6.  15.  10.]
 [  6.  18.   3.]
 [  9.  16.  17.]]
cf_score, 22.0
nv_score, -6.0
ratio, 0.414141414141
[[ 10.  16.   2.]
 [  8.  35.   1.]
 [ 12.  10.   6.]]
cf_score, 37.0
nv_score, 1.0
ratio, 0.515151515152
[[ 11.  17.   4.]
 [  7.  21.   1.]
 [ 18.  19.   2.]]
cf_score, 12.0
nv_score, -7.0
ratio, 0.343434343434
[[ 19.   7.   4.]
 [ 11.  23.   1.]
 [ 14.  11.  10.]]
cf_score, 34.0
nv_score, 1.0
ratio, 0.525252525253
[[  1.  29.   4.]
 [  5.  29.   2.]
 [  7.  17.   6.]]
cf_score, 25.0
nv_score, -4.0
ratio, 0.363636363636
[[ 14.  14.   7.]
 [  3.  30.   3.]
 [ 13.   6.  10.]]
cf_score, 34.0
nv_score, -7.0
ratio, 0.545454545455
[[ 11.  12.   4.]
 [  9.  27.   3.]
 [ 11.  11.  12.]]
cf_score, 35.0
nv_score, 1.0
ratio, 0.505050505051
[[ 14.   9.   6.]
 [  5.  19.   2.]
 [ 14.  20.  11.]]
cf_score, 24.0
nv_score, -3.0
ratio, 0.444444444444
[[ 17.  10.  12.]
 [  6.  19.   6.]
 [ 15.   5.  10.]]
cf_score, 19.0
nv_score, -20.0
ratio, 0.464646464646
[[  9.  16.   9.]
 [  6.  24.   4.]
 [ 13.  13.   6.]]
cf_score, 17.0
nv_score, -16.0
ratio, 0.393939393939
[[ 10.  15.   3.]
 [  6.  22.   1.]
 [ 18.  18.   7.]]
cf_score, 18.0
nv_score, 0.0
ratio, 0.393939393939
[[ 14.  11.   8.]
 [ 11.  23.   3.]
 [ 13.   7.  10.]]
cf_score, 26.0
nv_score, -9.0
ratio, 0.474747474747
[[ 14.  17.   3.]
 [  6.  20.   0.]
 [ 12.  22.   6.]]
cf_score, 25.0
nv_score, 0.0
ratio, 0.40404040404
[[  6.  15.   8.]
 [ 12.  23.   2.]
 [ 14.  12.   8.]]
cf_score, 15.0
nv_score, -10.0
ratio, 0.373737373737
[[ 12.  15.   5.]
 [  3.  28.   2.]
 [ 15.  15.   5.]]
cf_score, 25.0
nv_score, -7.0
ratio, 0.454545454545
[[ 12.  20.   7.]
 [  7.  18.   4.]
 [  9.  18.   5.]]
cf_score, 19.0
nv_score, -13.0
ratio, 0.353535353535
[[  9.  17.   5.]
 [ 10.  17.   3.]
 [ 15.  20.   4.]]
cf_score, 10.0
nv_score, -9.0
ratio, 0.30303030303
[[ 12.  12.   6.]
 [  6.  28.   3.]
 [ 14.  13.   6.]]
cf_score, 26.0
nv_score, -9.0
ratio, 0.464646464646
[[ 15.  13.   3.]
 [ 11.  22.   2.]
 [ 17.  10.   7.]]
cf_score, 24.0
nv_score, -1.0
ratio, 0.444444444444
[[ 11.  15.   4.]
 [  6.  22.   2.]
 [ 13.  19.   8.]]
cf_score, 24.0
nv_score, -2.0
ratio, 0.414141414141
[[ 10.  11.   3.]
 [ 11.  22.   3.]
 [ 20.  16.   4.]]
cf_score, 13.0
nv_score, -5.0
ratio, 0.363636363636
[[ 12.  15.   8.]
 [ 13.  16.   5.]
 [ 15.   4.  12.]]
cf_score, 17.0
nv_score, -9.0
ratio, 0.40404040404
[[  8.  15.   9.]
 [  4.  24.   0.]
 [ 17.  13.  10.]]
cf_score, 16.0
nv_score, -8.0
ratio, 0.424242424242
[[ 11.  11.   4.]
 [  6.  24.   5.]
 [ 13.  18.   8.]]
cf_score, 26.0
nv_score, -5.0
ratio, 0.434343434343
[[ 15.  11.   3.]
 [  4.  33.   3.]
 [ 16.  10.   5.]]
cf_score, 34.0
nv_score, -4.0
ratio, 0.535353535354
[[ 14.  13.   2.]
 [ 11.  22.   2.]
 [ 18.  11.   7.]]
cf_score, 23.0
nv_score, 1.0
ratio, 0.434343434343
[[ 13.  16.   2.]
 [  7.  22.   4.]
 [  9.  21.   6.]]
cf_score, 30.0
nv_score, -2.0
ratio, 0.414141414141
[[ 13.  14.   3.]
 [  8.  20.   5.]
 [ 11.  18.   8.]]
cf_score, 27.0
nv_score, -3.0
ratio, 0.414141414141
[[  8.  17.   4.]
 [  8.  31.   2.]
 [ 11.  14.   5.]]
cf_score, 29.0
nv_score, -5.0
ratio, 0.444444444444
[[ 21.  14.   6.]
 [  6.  17.   2.]
 [ 16.  10.   8.]]
cf_score, 24.0
nv_score, -6.0
ratio, 0.464646464646
