[[  0.  24.  12.]
 [  0.  23.   3.]
 [  0.  29.   9.]]
cf_score, 20.0
ratio, 0.323232323232
[[  1.  24.  11.]
 [  0.  25.   6.]
 [  0.  19.  14.]]
cf_score, 29.0
ratio, 0.40404040404
[[  0.  28.   7.]
 [  0.  31.   2.]
 [  0.  23.   9.]]
cf_score, 33.0
ratio, 0.40404040404
[[  4.  22.  13.]
 [  1.  20.   7.]
 [  0.  19.  14.]]
cf_score, 25.0
ratio, 0.383838383838
[[  1.  22.   6.]
 [  0.  23.  10.]
 [  4.  17.  17.]]
cf_score, 31.0
ratio, 0.414141414141
[[  0.  28.   5.]
 [  0.  20.   6.]
 [  0.  30.  11.]]
cf_score, 26.0
ratio, 0.313131313131
[[  0.  28.  10.]
 [  0.  17.   8.]
 [  0.  24.  13.]]
cf_score, 20.0
ratio, 0.30303030303
[[  1.  19.   8.]
 [  0.  32.   7.]
 [  0.  20.  13.]]
cf_score, 38.0
ratio, 0.464646464646
[[  1.  30.   9.]
 [  0.  19.   9.]
 [  0.  19.  13.]]
cf_score, 24.0
ratio, 0.333333333333
[[  0.  23.   7.]
 [  0.  36.   5.]
 [  0.  20.   9.]]
cf_score, 38.0
ratio, 0.454545454545
[[  0.  24.   7.]
 [  0.  29.  11.]
 [  0.  19.  10.]]
cf_score, 32.0
ratio, 0.393939393939
[[  0.  35.   9.]
 [  0.  29.   2.]
 [  0.  15.  10.]]
cf_score, 30.0
ratio, 0.393939393939
[[  0.  21.   4.]
 [  1.  30.   8.]
 [  1.  22.  13.]]
cf_score, 38.0
ratio, 0.434343434343
[[  0.  22.   6.]
 [  0.  29.   7.]
 [  0.  26.  10.]]
cf_score, 33.0
ratio, 0.393939393939
[[  0.  31.  15.]
 [  0.  19.   9.]
 [  0.  18.   8.]]
cf_score, 12.0
ratio, 0.272727272727
[[  2.  30.   9.]
 [  0.  25.   7.]
 [  0.  13.  14.]]
cf_score, 32.0
ratio, 0.414141414141
[[  0.  21.   4.]
 [  0.  31.   6.]
 [  0.  26.  12.]]
cf_score, 39.0
ratio, 0.434343434343
[[  0.  26.   9.]
 [  0.  23.   5.]
 [  0.  28.   9.]]
cf_score, 23.0
ratio, 0.323232323232
[[  0.  31.   6.]
 [  0.  28.   2.]
 [  0.  20.  13.]]
cf_score, 35.0
ratio, 0.414141414141
[[  0.  23.  12.]
 [  0.  28.   5.]
 [  0.  18.  14.]]
cf_score, 30.0
ratio, 0.424242424242
[[  0.  25.   7.]
 [  0.  24.   5.]
 [  0.  22.  17.]]
cf_score, 34.0
ratio, 0.414141414141
[[  0.  32.   7.]
 [  0.  24.   2.]
 [  0.  21.  14.]]
cf_score, 31.0
ratio, 0.383838383838
[[  0.  24.   9.]
 [  0.  26.   2.]
 [  0.  20.  19.]]
cf_score, 36.0
ratio, 0.454545454545
[[  0.  26.  11.]
 [  0.  25.   2.]
 [  0.  25.  11.]]
cf_score, 25.0
ratio, 0.363636363636
[[  0.  26.   3.]
 [  0.  32.   2.]
 [  0.  24.  13.]]
cf_score, 42.0
ratio, 0.454545454545
[[  0.  29.   5.]
 [  0.  25.   9.]
 [  0.  20.  12.]]
cf_score, 32.0
ratio, 0.373737373737
[[  2.  19.  12.]
 [  4.  30.   3.]
 [  6.  11.  13.]]
cf_score, 27.0
ratio, 0.454545454545
[[  6.  21.   9.]
 [  1.  33.   3.]
 [  2.  18.   7.]]
cf_score, 35.0
ratio, 0.464646464646
[[  8.  17.   9.]
 [  6.  24.   5.]
 [  1.  16.  14.]]
cf_score, 36.0
ratio, 0.464646464646
[[  7.  27.   7.]
 [  1.  30.   2.]
 [  3.  12.  11.]]
cf_score, 38.0
ratio, 0.484848484848
[[  6.  22.  13.]
 [  5.  26.   3.]
 [  4.  15.   6.]]
cf_score, 21.0
ratio, 0.383838383838
[[ 15.  14.   3.]
 [ 10.  20.   1.]
 [ 15.  14.   8.]]
cf_score, 25.0
ratio, 0.434343434343
[[ 10.  19.   7.]
 [ 11.  16.   8.]
 [  7.  13.   9.]]
cf_score, 21.0
ratio, 0.353535353535
[[  3.  25.   9.]
 [  1.  23.   3.]
 [  2.  23.  11.]]
cf_score, 26.0
ratio, 0.373737373737
[[ 12.  22.   4.]
 [ 16.  17.   2.]
 [ 12.  12.   3.]]
cf_score, 16.0
ratio, 0.323232323232
[[ 11.  19.   6.]
 [  8.  20.   6.]
 [  2.  12.  16.]]
cf_score, 39.0
ratio, 0.474747474747
[[ 12.  21.   8.]
 [  8.  17.   6.]
 [  6.   9.  13.]]
cf_score, 28.0
ratio, 0.424242424242
[[ 10.  16.   6.]
 [ 14.  19.   3.]
 [  9.   7.  16.]]
cf_score, 30.0
ratio, 0.454545454545
[[  6.  18.   7.]
 [ 11.  19.   2.]
 [  5.  21.  11.]]
cf_score, 24.0
ratio, 0.363636363636
[[ 10.  23.   2.]
 [  9.  25.   4.]
 [  3.  14.  10.]]
cf_score, 40.0
ratio, 0.454545454545
[[  8.   9.   5.]
 [ 15.  22.   7.]
 [  7.  16.  11.]]
cf_score, 29.0
ratio, 0.414141414141
[[  5.  20.   5.]
 [  8.  26.   5.]
 [  4.  15.  12.]]
cf_score, 34.0
ratio, 0.434343434343
[[ 10.  16.   5.]
 [ 13.  20.   3.]
 [  7.  14.  12.]]
cf_score, 30.0
ratio, 0.424242424242
[[ 16.  14.   8.]
 [ 13.  16.   5.]
 [  6.   8.  14.]]
cf_score, 32.0
ratio, 0.464646464646
[[  8.  15.   6.]
 [  9.  20.   1.]
 [ 15.   9.  17.]]
cf_score, 24.0
ratio, 0.454545454545
[[  8.  18.   9.]
 [  4.  25.   5.]
 [  6.  13.  12.]]
cf_score, 30.0
ratio, 0.454545454545
[[ 10.  12.   1.]
 [ 19.  20.   3.]
 [  9.  18.   8.]]
cf_score, 28.0
ratio, 0.383838383838
[[ 12.  13.  14.]
 [  7.  14.   6.]
 [  8.  13.  13.]]
cf_score, 17.0
ratio, 0.393939393939
[[ 13.  13.   6.]
 [ 14.  13.   3.]
 [ 16.  14.   8.]]
cf_score, 12.0
ratio, 0.343434343434
[[  8.  21.   6.]
 [ 11.  21.   6.]
 [  3.  10.  14.]]
cf_score, 34.0
ratio, 0.434343434343
[[ 15.  12.   6.]
 [ 14.  18.   5.]
 [  8.  12.  10.]]
cf_score, 29.0
ratio, 0.434343434343
[[ 13.  18.   7.]
 [ 15.  10.   6.]
 [ 10.  11.  10.]]
cf_score, 16.0
ratio, 0.333333333333
[[ 22.  14.   8.]
 [ 10.   9.   3.]
 [ 13.   7.  14.]]
cf_score, 24.0
ratio, 0.454545454545
[[  9.  18.  11.]
 [ 13.  19.   3.]
 [  5.  10.  12.]]
cf_score, 24.0
ratio, 0.40404040404
[[ 12.   9.  10.]
 [ 16.  14.   4.]
 [  6.  18.  11.]]
cf_score, 21.0
ratio, 0.373737373737
[[  5.  14.   7.]
 [ 13.  15.   6.]
 [ 12.   9.  19.]]
cf_score, 20.0
ratio, 0.393939393939
[[ 12.  14.   8.]
 [  6.  21.   5.]
 [  6.  13.  15.]]
cf_score, 34.0
ratio, 0.484848484848
[[ 12.  12.  10.]
 [ 11.  20.   2.]
 [ 11.   9.  13.]]
cf_score, 24.0
ratio, 0.454545454545
[[ 13.   9.   9.]
 [ 10.  19.   6.]
 [ 14.  10.  10.]]
cf_score, 19.0
ratio, 0.424242424242
[[  9.  12.  10.]
 [ 14.  16.   4.]
 [  5.  12.  18.]]
cf_score, 28.0
ratio, 0.434343434343
[[ 12.  15.  14.]
 [  8.  21.   6.]
 [  9.   4.  11.]]
cf_score, 21.0
ratio, 0.444444444444
[[  9.   8.  11.]
 [  7.  13.   8.]
 [ 11.  19.  14.]]
cf_score, 14.0
ratio, 0.363636363636
[[ 12.  13.   7.]
 [ 12.  19.   6.]
 [ 10.   6.  15.]]
cf_score, 29.0
ratio, 0.464646464646
[[ 12.  12.   9.]
 [ 19.  16.   4.]
 [  8.   9.  11.]]
cf_score, 22.0
ratio, 0.393939393939
[[ 12.  14.   8.]
 [ 12.  19.   4.]
 [  7.   6.  18.]]
cf_score, 34.0
ratio, 0.494949494949
[[ 12.  12.  13.]
 [  9.  17.   6.]
 [  4.  15.  12.]]
cf_score, 24.0
ratio, 0.414141414141
[[  7.  10.  14.]
 [ 11.  14.   8.]
 [  4.  12.  20.]]
cf_score, 23.0
ratio, 0.414141414141
[[ 11.  13.   7.]
 [  9.  21.   7.]
 [  6.  11.  15.]]
cf_score, 34.0
ratio, 0.474747474747
[[ 18.  12.   7.]
 [ 14.  12.   3.]
 [  7.   8.  19.]]
cf_score, 35.0
ratio, 0.494949494949
[[ 22.  11.  10.]
 [ 13.   9.  10.]
 [  4.   8.  13.]]
cf_score, 30.0
ratio, 0.444444444444
[[ 11.  14.  12.]
 [ 12.  15.   7.]
 [  3.   9.  17.]]
cf_score, 28.0
ratio, 0.434343434343
[[ 11.   5.  10.]
 [ 22.  10.   7.]
 [ 18.   3.  14.]]
cf_score, 7.0
ratio, 0.353535353535
[[ 17.  11.   6.]
 [ 24.   6.   5.]
 [ 14.   5.  12.]]
cf_score, 15.0
ratio, 0.353535353535
[[ 10.   7.  10.]
 [  9.  18.   6.]
 [ 13.  16.  11.]]
cf_score, 16.0
ratio, 0.393939393939
[[ 15.   9.   8.]
 [ 21.   8.   6.]
 [ 14.   8.  11.]]
cf_score, 12.0
ratio, 0.343434343434
[[ 17.   8.   7.]
 [ 21.   6.   6.]
 [ 17.  10.   8.]]
cf_score, 7.0
ratio, 0.313131313131
[[  6.   5.  24.]
 [ 12.  17.   6.]
 [  8.   7.  15.]]
cf_score, 6.0
ratio, 0.383838383838
[[ 14.   4.  10.]
 [ 25.   8.   6.]
 [  8.   8.  17.]]
cf_score, 21.0
ratio, 0.393939393939
[[ 14.  14.  13.]
 [ 11.   7.   9.]
 [ 12.   6.  14.]]
cf_score, 10.0
ratio, 0.353535353535
[[ 14.   9.   9.]
 [ 26.   9.   7.]
 [  5.  11.  10.]]
cf_score, 19.0
ratio, 0.333333333333
[[ 15.   8.  15.]
 [ 13.  15.  12.]
 [  7.   5.  10.]]
cf_score, 18.0
ratio, 0.40404040404
[[ 15.  13.   4.]
 [ 11.   8.  15.]
 [  7.  10.  17.]]
cf_score, 29.0
ratio, 0.40404040404
[[ 15.   9.  12.]
 [ 19.   7.   7.]
 [ 10.   9.  12.]]
cf_score, 12.0
ratio, 0.343434343434
[[ 15.   6.  10.]
 [ 22.  13.   6.]
 [  9.   3.  16.]]
cf_score, 25.0
ratio, 0.444444444444
[[ 22.  10.   7.]
 [ 15.  12.   7.]
 [  9.   7.  11.]]
cf_score, 29.0
ratio, 0.454545454545
[[ 11.  13.  12.]
 [ 15.   8.   8.]
 [  8.  11.  14.]]
cf_score, 13.0
ratio, 0.333333333333
[[ 12.  10.  10.]
 [ 21.  12.   5.]
 [  7.   5.  18.]]
cf_score, 25.0
ratio, 0.424242424242
[[ 10.  10.  12.]
 [ 14.  18.   9.]
 [  8.   8.  11.]]
cf_score, 19.0
ratio, 0.393939393939
[[ 21.   9.   3.]
 [ 20.   5.   5.]
 [ 17.   8.  12.]]
cf_score, 18.0
ratio, 0.383838383838
[[ 19.   8.   9.]
 [ 20.  12.   8.]
 [ 11.   5.   8.]]
cf_score, 19.0
ratio, 0.393939393939
[[ 21.   4.  10.]
 [ 17.   8.   7.]
 [ 10.   9.  14.]]
cf_score, 23.0
ratio, 0.434343434343
[[ 14.   5.  11.]
 [ 20.   7.  11.]
 [ 15.   5.  12.]]
cf_score, 7.0
ratio, 0.333333333333
[[ 11.   7.  11.]
 [ 19.  13.   8.]
 [  8.   8.  15.]]
cf_score, 20.0
ratio, 0.393939393939
[[ 14.   8.  12.]
 [ 17.  12.   8.]
 [  8.   7.  14.]]
cf_score, 20.0
ratio, 0.40404040404
[[ 15.  10.  14.]
 [ 19.   9.   4.]
 [ 11.   6.  12.]]
cf_score, 11.0
ratio, 0.363636363636
[[ 10.   6.   7.]
 [ 11.  11.  18.]
 [ 12.  10.  15.]]
cf_score, 17.0
ratio, 0.363636363636
[[ 13.  11.   7.]
 [  9.  11.   6.]
 [ 15.   5.  23.]]
cf_score, 25.0
ratio, 0.474747474747
[[ 17.   9.  10.]
 [ 14.   8.   7.]
 [ 16.   6.  13.]]
cf_score, 12.0
ratio, 0.383838383838
[[ 14.   6.  11.]
 [ 11.  13.   9.]
 [  9.  10.  17.]]
cf_score, 24.0
ratio, 0.444444444444
[[ 18.  13.  14.]
 [ 18.   6.   4.]
 [ 10.   5.  12.]]
cf_score, 12.0
ratio, 0.363636363636
