[[  0.  27.  13.]
 [  0.  28.   4.]
 [  0.  22.   6.]]
cf_score, 21.0
ratio, 0.343434343434
[[ 19.  11.   6.]
 [ 17.   5.   9.]
 [ 20.   6.   7.]]
cf_score, 5.0
ratio, 0.313131313131
[[ 23.   3.   1.]
 [ 27.   7.   2.]
 [ 23.   7.   7.]]
cf_score, 13.0
ratio, 0.373737373737
[[ 29.   5.   3.]
 [ 19.   1.   1.]
 [ 29.   8.   5.]]
cf_score, 3.0
ratio, 0.353535353535
[[ 19.  10.   2.]
 [ 23.   9.   2.]
 [ 19.  12.   4.]]
cf_score, 11.0
ratio, 0.323232323232
[[  5.  23.   9.]
 [  2.  21.   6.]
 [  7.  11.  16.]]
cf_score, 26.0
ratio, 0.424242424242
[[ 15.  17.  10.]
 [ 12.   5.  10.]
 [  4.   7.  20.]]
cf_score, 26.0
ratio, 0.40404040404
[[ 27.   7.   8.]
 [ 16.   4.   9.]
 [  7.   3.  19.]]
cf_score, 35.0
ratio, 0.505050505051
[[ 21.   9.   4.]
 [ 12.   8.   9.]
 [  8.   5.  24.]]
cf_score, 41.0
ratio, 0.535353535354
[[ 30.   5.   7.]
 [ 18.  12.   5.]
 [  8.   2.  13.]]
cf_score, 40.0
ratio, 0.555555555556
[[ 16.   1.  13.]
 [ 11.   5.  16.]
 [ 11.   3.  24.]]
cf_score, 21.0
ratio, 0.454545454545
[[ 11.   5.  12.]
 [ 16.   9.   8.]
 [ 11.   2.  26.]]
cf_score, 23.0
ratio, 0.464646464646
[[ 16.   4.  11.]
 [ 21.   6.  13.]
 [  8.   5.  16.]]
cf_score, 19.0
ratio, 0.383838383838
[[ 18.   5.   4.]
 [ 15.   9.  10.]
 [ 14.   5.  20.]]
cf_score, 29.0
ratio, 0.474747474747
[[ 15.   9.  11.]
 [ 16.   7.  10.]
 [  5.   5.  22.]]
cf_score, 28.0
ratio, 0.444444444444
[[ 22.   1.   7.]
 [ 14.  11.   7.]
 [ 11.   3.  24.]]
cf_score, 39.0
ratio, 0.575757575758
[[ 21.   8.   5.]
 [ 13.   9.  14.]
 [ 10.   2.  18.]]
cf_score, 33.0
ratio, 0.484848484848
[[ 28.   3.   7.]
 [ 20.   6.  10.]
 [  9.   3.  14.]]
cf_score, 32.0
ratio, 0.484848484848
[[ 24.   9.   8.]
 [ 14.   6.   3.]
 [ 11.   7.  18.]]
cf_score, 29.0
ratio, 0.484848484848
[[ 13.   7.  14.]
 [ 13.   9.  12.]
 [  8.   6.  18.]]
cf_score, 18.0
ratio, 0.40404040404
[[ 14.   8.  12.]
 [ 16.   9.   7.]
 [  4.   4.  26.]]
cf_score, 33.0
ratio, 0.494949494949
[[ 23.   7.   9.]
 [ 11.   7.  12.]
 [  6.   3.  22.]]
cf_score, 37.0
ratio, 0.525252525253
[[ 15.  11.   9.]
 [ 11.  10.   4.]
 [  9.   8.  23.]]
cf_score, 30.0
ratio, 0.484848484848
[[ 20.  16.  12.]
 [  9.   8.  12.]
 [  6.   3.  14.]]
cf_score, 24.0
ratio, 0.424242424242
[[ 20.   6.   8.]
 [ 18.  13.   9.]
 [  9.   3.  14.]]
cf_score, 30.0
ratio, 0.474747474747
[[ 11.  13.  11.]
 [ 14.  10.   8.]
 [  8.   5.  20.]]
cf_score, 22.0
ratio, 0.414141414141
[[ 18.   6.   6.]
 [ 17.   9.   8.]
 [ 10.  10.  16.]]
cf_score, 27.0
ratio, 0.434343434343
[[ 16.  16.   8.]
 [ 15.   6.   9.]
 [  4.   8.  18.]]
cf_score, 28.0
ratio, 0.40404040404
[[ 15.   6.  12.]
 [  9.  20.   9.]
 [  7.   8.  14.]]
cf_score, 30.0
ratio, 0.494949494949
[[ 16.   8.  11.]
 [ 11.  13.  14.]
 [  5.   4.  18.]]
cf_score, 31.0
ratio, 0.474747474747
[[  5.  10.  14.]
 [ 12.  12.  11.]
 [  9.   9.  18.]]
cf_score, 12.0
ratio, 0.353535353535
[[ 17.  12.  10.]
 [  9.  10.   7.]
 [  6.   9.  20.]]
cf_score, 31.0
ratio, 0.474747474747
[[ 15.   8.   6.]
 [ 18.  18.   4.]
 [  6.   7.  18.]]
cf_score, 39.0
ratio, 0.515151515152
[[ 15.   7.  11.]
 [ 11.  12.   5.]
 [  8.  13.  18.]]
cf_score, 26.0
ratio, 0.454545454545
[[ 11.  11.  10.]
 [ 14.  15.   9.]
 [  4.   6.  20.]]
cf_score, 32.0
ratio, 0.464646464646
[[ 12.   4.   8.]
 [ 22.  13.   8.]
 [  6.   7.  20.]]
cf_score, 31.0
ratio, 0.454545454545
[[ 16.   6.  12.]
 [ 11.   7.   4.]
 [  6.  11.  27.]]
cf_score, 32.0
ratio, 0.505050505051
[[ 26.   7.   4.]
 [  8.  19.   3.]
 [  6.   6.  21.]]
cf_score, 56.0
ratio, 0.666666666667
[[ 12.  10.   9.]
 [  8.  14.   9.]
 [  8.   9.  21.]]
cf_score, 30.0
ratio, 0.474747474747
[[ 18.   8.   4.]
 [ 16.  16.   8.]
 [  8.   7.  15.]]
cf_score, 37.0
ratio, 0.494949494949
[[ 14.  11.  11.]
 [ 19.   7.   9.]
 [  7.   6.  16.]]
cf_score, 19.0
ratio, 0.373737373737
[[ 14.  10.  15.]
 [ 14.  15.   6.]
 [  6.   7.  13.]]
cf_score, 21.0
ratio, 0.424242424242
[[ 15.  11.  11.]
 [  5.   9.  13.]
 [  4.   7.  25.]]
cf_score, 34.0
ratio, 0.494949494949
[[ 13.  11.  10.]
 [ 11.  16.   5.]
 [  3.  16.  15.]]
cf_score, 31.0
ratio, 0.444444444444
[[  9.   6.  16.]
 [  8.  14.   3.]
 [ 11.  11.  22.]]
cf_score, 18.0
ratio, 0.454545454545
[[  9.  10.  13.]
 [ 11.  22.   7.]
 [  5.   8.  15.]]
cf_score, 28.0
ratio, 0.464646464646
[[ 11.   5.  14.]
 [ 10.  14.   7.]
 [  6.  13.  20.]]
cf_score, 25.0
ratio, 0.454545454545
[[ 11.  11.  12.]
 [ 14.   9.   4.]
 [  6.   9.  24.]]
cf_score, 26.0
ratio, 0.444444444444
[[ 15.  10.  14.]
 [ 15.  16.   4.]
 [  5.   3.  18.]]
cf_score, 30.0
ratio, 0.494949494949
[[ 19.  14.   9.]
 [ 14.   9.   6.]
 [  5.   5.  19.]]
cf_score, 33.0
ratio, 0.474747474747
[[ 11.   9.  16.]
 [  8.  17.  12.]
 [  4.   6.  17.]]
cf_score, 25.0
ratio, 0.454545454545
[[ 13.  10.  11.]
 [ 15.  11.   9.]
 [  6.   8.  17.]]
cf_score, 24.0
ratio, 0.414141414141
[[ 12.  21.  10.]
 [  8.  11.   8.]
 [  3.   9.  18.]]
cf_score, 28.0
ratio, 0.414141414141
[[  9.   9.   9.]
 [ 17.  10.  11.]
 [ 11.   6.  18.]]
cf_score, 17.0
ratio, 0.373737373737
[[  7.  12.   8.]
 [ 10.  17.  13.]
 [  8.  11.  14.]]
cf_score, 22.0
ratio, 0.383838383838
[[ 12.  12.  10.]
 [ 14.  11.  12.]
 [  6.   7.  16.]]
cf_score, 23.0
ratio, 0.393939393939
[[  9.   5.   6.]
 [  9.  23.   7.]
 [  5.  10.  26.]]
cf_score, 47.0
ratio, 0.585858585859
[[ 15.   6.  12.]
 [ 16.  10.   6.]
 [  8.   7.  20.]]
cf_score, 25.0
ratio, 0.454545454545
[[ 17.   7.   9.]
 [ 15.   9.   6.]
 [  7.  11.  19.]]
cf_score, 29.0
ratio, 0.454545454545
[[ 17.  12.   9.]
 [ 13.  10.  11.]
 [  3.   4.  21.]]
cf_score, 36.0
ratio, 0.484848484848
[[ 10.   9.   6.]
 [  9.  18.   9.]
 [  9.   4.  26.]]
cf_score, 39.0
ratio, 0.545454545455
[[ 16.   6.  13.]
 [  8.  12.  11.]
 [  6.   5.  23.]]
cf_score, 32.0
ratio, 0.515151515152
[[ 10.   5.  19.]
 [ 12.  17.   5.]
 [ 10.   5.  17.]]
cf_score, 15.0
ratio, 0.444444444444
[[ 22.  14.   9.]
 [ 15.   9.   6.]
 [  1.   9.  15.]]
cf_score, 36.0
ratio, 0.464646464646
[[ 17.  15.  14.]
 [ 10.  11.  11.]
 [  4.   6.  12.]]
cf_score, 22.0
ratio, 0.40404040404
[[  8.   9.  10.]
 [ 14.  18.   7.]
 [  9.   7.  18.]]
cf_score, 25.0
ratio, 0.444444444444
[[ 10.   5.  13.]
 [ 12.  20.  11.]
 [  2.   7.  20.]]
cf_score, 35.0
ratio, 0.505050505051
[[ 12.   9.   8.]
 [ 14.  14.  10.]
 [  4.   7.  22.]]
cf_score, 36.0
ratio, 0.484848484848
[[ 19.   8.  10.]
 [ 16.  12.   8.]
 [  8.   5.  14.]]
cf_score, 27.0
ratio, 0.454545454545
[[ 11.  11.   7.]
 [ 18.  16.   7.]
 [  8.   9.  13.]]
cf_score, 25.0
ratio, 0.40404040404
[[  5.  12.   6.]
 [ 11.  18.  12.]
 [  2.   8.  26.]]
cf_score, 41.0
ratio, 0.494949494949
[[  9.  14.  11.]
 [ 11.  20.   6.]
 [  6.   5.  18.]]
cf_score, 30.0
ratio, 0.474747474747
[[ 16.  11.  14.]
 [ 10.  10.   8.]
 [  4.   9.  18.]]
cf_score, 26.0
ratio, 0.444444444444
[[ 16.  14.   7.]
 [ 11.   9.   7.]
 [  8.  13.  15.]]
cf_score, 25.0
ratio, 0.40404040404
[[  6.  10.  15.]
 [  9.  20.   9.]
 [  7.   8.  16.]]
cf_score, 20.0
ratio, 0.424242424242
[[ 12.   8.  13.]
 [ 11.  11.   7.]
 [ 13.   3.  22.]]
cf_score, 19.0
ratio, 0.454545454545
[[ 14.  11.   7.]
 [ 14.  16.   5.]
 [  4.   9.  20.]]
cf_score, 39.0
ratio, 0.505050505051
[[ 15.  10.   7.]
 [ 13.  13.   6.]
 [  6.  11.  19.]]
cf_score, 34.0
ratio, 0.474747474747
[[ 12.   9.   6.]
 [ 12.  10.  10.]
 [ 11.   9.  21.]]
cf_score, 26.0
ratio, 0.434343434343
[[  8.   5.  14.]
 [ 15.  12.   5.]
 [ 13.  10.  18.]]
cf_score, 11.0
ratio, 0.383838383838
[[ 15.  11.   8.]
 [ 19.   9.   4.]
 [  6.   2.  26.]]
cf_score, 36.0
ratio, 0.505050505051
[[ 13.   5.   9.]
 [ 12.  10.   6.]
 [  9.  11.  25.]]
cf_score, 30.0
ratio, 0.484848484848
[[ 15.  16.   5.]
 [  6.  12.  12.]
 [  8.   7.  19.]]
cf_score, 33.0
ratio, 0.464646464646
[[ 16.  15.   8.]
 [ 10.  15.   3.]
 [  4.   3.  26.]]
cf_score, 45.0
ratio, 0.575757575758
[[ 20.  10.   6.]
 [ 14.  11.   8.]
 [  5.   7.  19.]]
cf_score, 39.0
ratio, 0.505050505051
[[ 16.  15.  16.]
 [  9.   8.   5.]
 [ 10.  10.  11.]]
cf_score, 9.0
ratio, 0.353535353535
[[ 13.  12.  11.]
 [ 11.  11.  11.]
 [  5.   7.  19.]]
cf_score, 27.0
ratio, 0.434343434343
[[ 19.   7.   6.]
 [ 17.   8.   9.]
 [  6.  10.  18.]]
cf_score, 33.0
ratio, 0.454545454545
[[ 13.  12.  13.]
 [ 10.  15.   4.]
 [  8.   5.  20.]]
cf_score, 27.0
ratio, 0.484848484848
[[ 12.   8.  11.]
 [ 11.  13.  13.]
 [  9.   6.  17.]]
cf_score, 22.0
ratio, 0.424242424242
[[ 18.   9.   8.]
 [ 12.  10.   8.]
 [  3.   5.  27.]]
cf_score, 44.0
ratio, 0.555555555556
[[ 12.   7.  11.]
 [ 11.  13.   7.]
 [  3.  14.  22.]]
cf_score, 33.0
ratio, 0.474747474747
[[ 13.  14.  13.]
 [ 10.   6.   8.]
 [  9.  10.  17.]]
cf_score, 14.0
ratio, 0.363636363636
[[ 14.  10.  11.]
 [ 13.  16.   4.]
 [  5.  10.  17.]]
cf_score, 31.0
ratio, 0.474747474747
[[ 12.   7.   6.]
 [ 11.  14.   4.]
 [  7.   9.  30.]]
cf_score, 43.0
ratio, 0.565656565657
[[ 13.   8.  11.]
 [ 13.  24.  10.]
 [  5.   1.  15.]]
cf_score, 36.0
ratio, 0.525252525253
[[ 15.  12.  11.]
 [ 10.  18.   8.]
 [  6.   7.  13.]]
cf_score, 29.0
ratio, 0.464646464646
[[ 14.  10.   9.]
 [ 12.  16.  10.]
 [  8.   7.  14.]]
cf_score, 27.0
ratio, 0.444444444444
[[ 11.  11.  11.]
 [ 11.  12.   6.]
 [  7.  12.  19.]]
cf_score, 24.0
ratio, 0.424242424242
[[ 19.  13.   5.]
 [ 11.  15.   7.]
 [  6.   6.  18.]]
cf_score, 41.0
ratio, 0.525252525253
