[[ 11.   0.  23.]
 [ 12.   0.  22.]
 [ 16.   0.  16.]]
cf_score, -12.0
nv_score, -52.0
ratio, 0.272727272727
[[ 18.   4.  12.]
 [ 15.   4.  11.]
 [ 19.   6.  11.]]
cf_score, 2.0
nv_score, -24.0
ratio, 0.333333333333
[[  4.  21.  12.]
 [  0.  17.  20.]
 [  1.  18.   7.]]
cf_score, 15.0
nv_score, -37.0
ratio, 0.282828282828
[[  6.  20.  11.]
 [  2.  16.  15.]
 [  8.  14.   8.]]
cf_score, 11.0
nv_score, -29.0
ratio, 0.30303030303
[[  6.  23.   9.]
 [  3.  17.  14.]
 [  2.  14.  12.]]
cf_score, 24.0
nv_score, -20.0
ratio, 0.353535353535
[[  5.  20.  13.]
 [  5.  14.  11.]
 [  5.  17.  10.]]
cf_score, 11.0
nv_score, -27.0
ratio, 0.292929292929
[[ 23.   1.  11.]
 [ 12.   0.  16.]
 [ 19.   0.  18.]]
cf_score, 11.0
nv_score, -20.0
ratio, 0.414141414141
[[  9.   3.   9.]
 [ 19.   0.  23.]
 [ 12.   0.  25.]]
cf_score, 13.0
nv_score, -16.0
ratio, 0.343434343434
[[ 20.   0.  13.]
 [ 19.   1.  12.]
 [ 17.   1.  17.]]
cf_score, 8.0
nv_score, -21.0
ratio, 0.383838383838
[[ 17.   6.  14.]
 [ 21.   3.  12.]
 [ 14.   3.  10.]]
cf_score, 2.0
nv_score, -30.0
ratio, 0.30303030303
[[ 21.   2.   7.]
 [ 24.   4.  13.]
 [ 10.   1.  18.]]
cf_score, 26.0
nv_score, -9.0
ratio, 0.434343434343
[[ 30.   4.   4.]
 [ 17.   1.  15.]
 [ 11.   5.  13.]]
cf_score, 29.0
nv_score, -10.0
ratio, 0.444444444444
[[ 24.   4.  10.]
 [ 16.   1.  16.]
 [ 11.   2.  16.]]
cf_score, 20.0
nv_score, -20.0
ratio, 0.414141414141
[[ 21.   1.   5.]
 [ 19.   2.  18.]
 [ 13.   2.  19.]]
cf_score, 24.0
nv_score, -9.0
ratio, 0.424242424242
[[ 18.   3.  12.]
 [ 19.   6.  11.]
 [ 12.   3.  16.]]
cf_score, 16.0
nv_score, -19.0
ratio, 0.40404040404
[[ 24.   3.  16.]
 [ 20.   4.   7.]
 [  9.   1.  16.]]
cf_score, 19.0
nv_score, -23.0
ratio, 0.444444444444
[[ 20.   2.  11.]
 [ 18.   4.  11.]
 [ 19.   0.  15.]]
cf_score, 9.0
nv_score, -18.0
ratio, 0.393939393939
[[ 21.   6.  11.]
 [ 13.   4.   9.]
 [ 10.   4.  22.]]
cf_score, 26.0
nv_score, -9.0
ratio, 0.474747474747
[[ 21.   5.   6.]
 [ 21.   3.   9.]
 [ 15.   4.  16.]]
cf_score, 19.0
nv_score, -5.0
ratio, 0.40404040404
[[ 23.   5.   5.]
 [ 18.   8.  12.]
 [ 13.   3.  13.]]
cf_score, 26.0
nv_score, -9.0
ratio, 0.444444444444
[[ 14.   3.   9.]
 [ 17.   3.  14.]
 [ 13.   1.  26.]]
cf_score, 21.0
nv_score, -6.0
ratio, 0.434343434343
[[ 20.   6.  12.]
 [ 19.   2.   8.]
 [ 19.   2.  12.]]
cf_score, 3.0
nv_score, -20.0
ratio, 0.343434343434
[[ 17.   6.   7.]
 [ 12.   4.  14.]
 [ 18.   5.  17.]]
cf_score, 13.0
nv_score, -11.0
ratio, 0.383838383838
[[ 20.   5.   5.]
 [ 22.   6.   8.]
 [ 16.   3.  15.]]
cf_score, 20.0
nv_score, -3.0
ratio, 0.414141414141
[[ 23.   4.   9.]
 [ 13.   7.  13.]
 [ 15.   0.  16.]]
cf_score, 22.0
nv_score, -15.0
ratio, 0.464646464646
[[ 18.   5.   9.]
 [ 21.   6.  16.]
 [  5.   3.  17.]]
cf_score, 27.0
nv_score, -17.0
ratio, 0.414141414141
[[ 13.   8.   9.]
 [ 15.   5.  17.]
 [ 16.   2.  15.]]
cf_score, 8.0
nv_score, -20.0
ratio, 0.333333333333
[[ 21.   9.   6.]
 [ 16.   7.   8.]
 [ 11.   2.  20.]]
cf_score, 31.0
nv_score, 0.0
ratio, 0.484848484848
[[ 13.   4.  10.]
 [ 21.   3.  11.]
 [ 15.   3.  20.]]
cf_score, 11.0
nv_score, -11.0
ratio, 0.363636363636
[[ 30.   9.   5.]
 [ 10.   7.  13.]
 [ 10.   3.  13.]]
cf_score, 35.0
nv_score, -10.0
ratio, 0.505050505051
[[ 19.   5.   8.]
 [ 17.   4.  11.]
 [ 18.   4.  14.]]
cf_score, 11.0
nv_score, -13.0
ratio, 0.373737373737
[[ 16.   3.   6.]
 [ 22.  10.   7.]
 [ 16.   7.  13.]]
cf_score, 17.0
nv_score, -6.0
ratio, 0.393939393939
[[ 21.   6.   9.]
 [ 12.   9.   5.]
 [ 20.   3.  15.]]
cf_score, 16.0
nv_score, -8.0
ratio, 0.454545454545
[[ 20.   4.   9.]
 [ 17.   5.  10.]
 [ 20.   4.  11.]]
cf_score, 7.0
nv_score, -17.0
ratio, 0.363636363636
[[ 29.   5.   2.]
 [ 23.   3.   7.]
 [ 14.   2.  15.]]
cf_score, 31.0
nv_score, 4.0
ratio, 0.474747474747
[[ 28.   5.   6.]
 [ 16.   5.  10.]
 [ 13.   0.  17.]]
cf_score, 31.0
nv_score, -5.0
ratio, 0.505050505051
[[ 22.  11.  11.]
 [ 13.   3.   9.]
 [ 13.   5.  13.]]
cf_score, 14.0
nv_score, -18.0
ratio, 0.383838383838
[[ 21.   5.   3.]
 [ 20.   6.  13.]
 [ 14.   0.  18.]]
cf_score, 28.0
nv_score, -1.0
ratio, 0.454545454545
[[ 21.   8.   5.]
 [ 15.   2.  17.]
 [ 14.   2.  16.]]
cf_score, 20.0
nv_score, -11.0
ratio, 0.393939393939
[[ 21.   8.   6.]
 [ 21.   3.   9.]
 [ 16.   0.  16.]]
cf_score, 18.0
nv_score, -5.0
ratio, 0.40404040404
[[ 21.   5.   6.]
 [ 15.   6.   8.]
 [ 16.   3.  20.]]
cf_score, 25.0
nv_score, 0.0
ratio, 0.474747474747
[[ 18.   8.   9.]
 [ 15.   6.  13.]
 [ 12.   5.  14.]]
cf_score, 17.0
nv_score, -17.0
ratio, 0.383838383838
[[ 26.   6.   6.]
 [ 16.   1.   9.]
 [ 10.   3.  23.]]
cf_score, 34.0
nv_score, 2.0
ratio, 0.505050505051
[[ 16.   6.   6.]
 [ 16.   7.   9.]
 [ 13.   3.  24.]]
cf_score, 28.0
nv_score, 3.0
ratio, 0.474747474747
[[ 22.   8.   5.]
 [ 17.   5.  13.]
 [ 14.   3.  13.]]
cf_score, 21.0
nv_score, -10.0
ratio, 0.40404040404
[[ 18.   6.   6.]
 [ 22.   5.  11.]
 [ 13.   4.  15.]]
cf_score, 19.0
nv_score, -8.0
ratio, 0.383838383838
[[ 24.   3.   5.]
 [ 17.   6.  10.]
 [ 14.   0.  21.]]
cf_score, 32.0
nv_score, 1.0
ratio, 0.515151515152
[[ 23.   3.   7.]
 [ 24.   2.   8.]
 [ 13.   4.  16.]]
cf_score, 21.0
nv_score, -6.0
ratio, 0.414141414141
[[ 20.   5.   9.]
 [ 11.   6.  17.]
 [ 13.   4.  15.]]
cf_score, 19.0
nv_score, -20.0
ratio, 0.414141414141
[[ 16.   8.   2.]
 [ 19.   3.  19.]
 [ 13.   1.  19.]]
cf_score, 23.0
nv_score, -4.0
ratio, 0.383838383838
