[[ 17.  18.   2.]
 [ 15.  16.   4.]
 [ 10.  16.   2.]]
cf_score, 23.0
nv_score, -6.0
ratio, 0.353535353535
[[  0.  27.  12.]
 [  0.  22.   9.]
 [  0.  18.  12.]]
cf_score, 22.0
nv_score, -21.0
ratio, 0.343434343434
[[  0.  18.  12.]
 [  3.  21.  16.]
 [  0.   8.  22.]]
cf_score, 31.0
nv_score, -18.0
ratio, 0.434343434343
[[  1.  26.   9.]
 [  0.  17.  13.]
 [  0.  22.  12.]]
cf_score, 21.0
nv_score, -19.0
ratio, 0.30303030303
[[  1.  29.  12.]
 [  1.  20.  12.]
 [  3.  14.   8.]]
cf_score, 14.0
nv_score, -28.0
ratio, 0.292929292929
[[  0.  23.   6.]
 [  0.  22.  15.]
 [  0.  16.  18.]]
cf_score, 34.0
nv_score, -9.0
ratio, 0.40404040404
[[  6.  26.   8.]
 [  3.  27.   6.]
 [  1.  10.  13.]]
cf_score, 37.0
nv_score, -9.0
ratio, 0.464646464646
[[  3.  25.  13.]
 [  2.  24.   5.]
 [  9.   9.  10.]]
cf_score, 15.0
nv_score, -21.0
ratio, 0.373737373737
[[  0.  20.  15.]
 [  0.  22.  17.]
 [  0.  13.  13.]]
cf_score, 20.0
nv_score, -34.0
ratio, 0.353535353535
[[  1.  22.  14.]
 [  2.  27.   7.]
 [  0.  16.  11.]]
cf_score, 25.0
nv_score, -24.0
ratio, 0.393939393939
[[  2.  25.  11.]
 [  1.  29.   2.]
 [  2.  15.  13.]]
cf_score, 31.0
nv_score, -11.0
ratio, 0.444444444444
[[ 11.  17.   5.]
 [  5.  27.   4.]
 [  8.  16.   7.]]
cf_score, 32.0
nv_score, -7.0
ratio, 0.454545454545
[[  0.  21.  14.]
 [  1.  24.   9.]
 [  0.  18.  13.]]
cf_score, 23.0
nv_score, -24.0
ratio, 0.373737373737
[[  3.  18.  12.]
 [  2.  27.   7.]
 [  2.  14.  15.]]
cf_score, 31.0
nv_score, -16.0
ratio, 0.454545454545
[[  0.  16.  23.]
 [  0.  18.  17.]
 [  0.  10.  16.]]
cf_score, 11.0
nv_score, -47.0
ratio, 0.343434343434
[[  0.  27.  12.]
 [  0.  24.  13.]
 [  0.  12.  12.]]
cf_score, 24.0
nv_score, -25.0
ratio, 0.363636363636
[[ 11.  14.  10.]
 [  6.  23.   1.]
 [ 12.  12.  11.]]
cf_score, 23.0
nv_score, -10.0
ratio, 0.454545454545
[[  7.  18.   6.]
 [  8.  24.   1.]
 [ 11.  15.  10.]]
cf_score, 24.0
nv_score, -3.0
ratio, 0.414141414141
[[ 14.  23.   1.]
 [  3.  25.   2.]
 [ 13.  16.   3.]]
cf_score, 28.0
nv_score, -1.0
ratio, 0.424242424242
[[  7.  19.   8.]
 [  8.  23.   5.]
 [  5.  15.  10.]]
cf_score, 27.0
nv_score, -11.0
ratio, 0.40404040404
[[  9.  18.   4.]
 [  5.  31.   1.]
 [ 10.  16.   6.]]
cf_score, 32.0
nv_score, -3.0
ratio, 0.464646464646
[[ 19.  17.   2.]
 [  3.  29.   1.]
 [  5.  10.  14.]]
cf_score, 55.0
nv_score, 9.0
ratio, 0.626262626263
[[ 10.  27.   5.]
 [  5.  30.   2.]
 [  6.  11.   4.]]
cf_score, 33.0
nv_score, -8.0
ratio, 0.444444444444
[[ 11.  27.   2.]
 [  5.  26.   2.]
 [  5.  20.   2.]]
cf_score, 32.0
nv_score, -4.0
ratio, 0.393939393939
[[  9.  22.   5.]
 [  9.  29.   2.]
 [  8.   9.   7.]]
cf_score, 32.0
nv_score, -5.0
ratio, 0.454545454545
[[  7.  19.   5.]
 [  6.  29.   0.]
 [ 11.  17.   6.]]
cf_score, 26.0
nv_score, -4.0
ratio, 0.424242424242
[[ 15.  17.   4.]
 [  7.  27.   0.]
 [  9.  17.   4.]]
cf_score, 33.0
nv_score, -4.0
ratio, 0.464646464646
[[ 13.  21.   7.]
 [  7.  22.   0.]
 [  9.  14.   7.]]
cf_score, 26.0
nv_score, -7.0
ratio, 0.424242424242
[[ 13.  25.   5.]
 [  5.  23.   1.]
 [  7.  15.   6.]]
cf_score, 30.0
nv_score, -5.0
ratio, 0.424242424242
[[  8.  12.   2.]
 [ 12.  27.   1.]
 [ 12.  17.   9.]]
cf_score, 30.0
nv_score, 4.0
ratio, 0.444444444444
[[  8.  20.   5.]
 [  6.  34.   0.]
 [  8.  15.   4.]]
cf_score, 33.0
nv_score, -6.0
ratio, 0.464646464646
[[ 16.  18.   5.]
 [  7.  22.   3.]
 [  7.  19.   3.]]
cf_score, 29.0
nv_score, -10.0
ratio, 0.414141414141
[[ 16.  23.  11.]
 [  4.  18.   0.]
 [ 12.   6.  10.]]
cf_score, 21.0
nv_score, -12.0
ratio, 0.444444444444
[[ 15.  14.   7.]
 [ 13.  22.   1.]
 [  9.  11.   8.]]
cf_score, 29.0
nv_score, -7.0
ratio, 0.454545454545
[[ 14.  13.   6.]
 [  8.  26.   1.]
 [ 11.  15.   6.]]
cf_score, 29.0
nv_score, -7.0
ratio, 0.464646464646
[[  9.  18.   6.]
 [ 10.  22.   3.]
 [  9.  14.   9.]]
cf_score, 25.0
nv_score, -6.0
ratio, 0.40404040404
[[ 12.  22.   3.]
 [  6.  28.   1.]
 [ 10.  14.   4.]]
cf_score, 31.0
nv_score, -3.0
ratio, 0.444444444444
[[  7.  30.   2.]
 [  4.  26.   1.]
 [  3.  22.   5.]]
cf_score, 33.0
nv_score, 0.0
ratio, 0.383838383838
[[  6.  22.   2.]
 [  6.  30.   4.]
 [ 15.  14.   1.]]
cf_score, 20.0
nv_score, -7.0
ratio, 0.373737373737
[[  7.  17.   1.]
 [ 11.  23.   2.]
 [ 13.  20.   6.]]
cf_score, 22.0
nv_score, 2.0
ratio, 0.363636363636
[[  7.  26.   6.]
 [ 11.  25.   0.]
 [  8.  15.   2.]]
cf_score, 20.0
nv_score, -10.0
ratio, 0.343434343434
[[ 14.  22.   1.]
 [  9.  20.   2.]
 [  9.  17.   6.]]
cf_score, 30.0
nv_score, 2.0
ratio, 0.40404040404
[[ 11.  15.  11.]
 [  4.  29.   0.]
 [  6.  14.  10.]]
cf_score, 33.0
nv_score, -12.0
ratio, 0.505050505051
[[ 12.  11.   8.]
 [  4.  30.   2.]
 [  5.  21.   7.]]
cf_score, 36.0
nv_score, -11.0
ratio, 0.494949494949
[[ 16.  15.   8.]
 [  6.  13.   1.]
 [  9.  23.   9.]]
cf_score, 21.0
nv_score, -8.0
ratio, 0.383838383838
[[ 21.  20.   5.]
 [  6.  21.   1.]
 [  5.  14.   7.]]
cf_score, 39.0
nv_score, -4.0
ratio, 0.494949494949
[[ 11.  25.   5.]
 [ 11.  24.   0.]
 [  4.  13.   7.]]
cf_score, 33.0
nv_score, -3.0
ratio, 0.424242424242
[[ 11.  16.   5.]
 [  6.  27.   0.]
 [ 10.  18.   7.]]
cf_score, 30.0
nv_score, -3.0
ratio, 0.454545454545
[[ 10.  16.   6.]
 [  6.  23.   1.]
 [ 13.  19.   6.]]
cf_score, 20.0
nv_score, -7.0
ratio, 0.393939393939
[[ 11.  21.   4.]
 [  7.  26.   0.]
 [  9.  17.   5.]]
cf_score, 29.0
nv_score, -3.0
ratio, 0.424242424242
