[[ 24.   4.   5.]
 [ 29.   2.   4.]
 [ 11.   4.  17.]]
cf_score, 27.0
nv_score, 3.0
ratio, 0.434343434343
[[  9.  11.  13.]
 [ 13.  11.  14.]
 [  5.   6.  18.]]
cf_score, 20.0
nv_score, -22.0
ratio, 0.383838383838
[[ 21.   5.   4.]
 [ 23.   7.   7.]
 [ 18.   5.  10.]]
cf_score, 16.0
nv_score, -5.0
ratio, 0.383838383838
[[ 17.  12.  13.]
 [  9.  14.   9.]
 [  2.  12.  12.]]
cf_score, 28.0
nv_score, -23.0
ratio, 0.434343434343
[[ 17.  14.  10.]
 [  9.  15.  13.]
 [  2.   6.  14.]]
cf_score, 34.0
nv_score, -19.0
ratio, 0.464646464646
[[ 15.  11.   9.]
 [  9.  18.   6.]
 [  8.  12.  12.]]
cf_score, 28.0
nv_score, -12.0
ratio, 0.454545454545
[[ 13.  16.  12.]
 [  6.  19.   6.]
 [  4.  14.  10.]]
cf_score, 26.0
nv_score, -20.0
ratio, 0.424242424242
[[  9.  18.  13.]
 [  8.  13.   9.]
 [  5.   7.  18.]]
cf_score, 22.0
nv_score, -17.0
ratio, 0.40404040404
[[  8.  20.   8.]
 [  2.  28.   9.]
 [  1.   9.  15.]]
cf_score, 42.0
nv_score, -10.0
ratio, 0.515151515152
[[  9.  18.   5.]
 [  8.  17.   7.]
 [  5.   8.  23.]]
cf_score, 39.0
nv_score, 6.0
ratio, 0.494949494949
[[  6.  16.   7.]
 [  5.  14.  14.]
 [  6.   9.  23.]]
cf_score, 30.0
nv_score, -5.0
ratio, 0.434343434343
[[ 12.  22.   7.]
 [ 13.  14.   4.]
 [  4.  12.  12.]]
cf_score, 27.0
nv_score, -6.0
ratio, 0.383838383838
[[  6.  22.  11.]
 [  5.  19.  11.]
 [  4.   6.  16.]]
cf_score, 26.0
nv_score, -17.0
ratio, 0.414141414141
[[ 10.  17.   7.]
 [  7.  20.  10.]
 [  3.  12.  14.]]
cf_score, 34.0
nv_score, -10.0
ratio, 0.444444444444
[[ 10.  17.   4.]
 [ 11.  18.   3.]
 [  8.  12.  17.]]
cf_score, 33.0
nv_score, 6.0
ratio, 0.454545454545
[[  7.  16.   9.]
 [  8.  20.   4.]
 [  3.  10.  23.]]
cf_score, 38.0
nv_score, 1.0
ratio, 0.505050505051
[[  7.  20.   8.]
 [ 10.  15.   6.]
 [  2.   7.  25.]]
cf_score, 37.0
nv_score, 3.0
ratio, 0.474747474747
[[  9.  22.   3.]
 [  6.  16.  15.]
 [  3.   9.  17.]]
cf_score, 36.0
nv_score, -4.0
ratio, 0.424242424242
[[  6.  13.   5.]
 [ 11.  20.  11.]
 [  4.  16.  14.]]
cf_score, 31.0
nv_score, -7.0
ratio, 0.40404040404
[[ 11.  15.   7.]
 [ 13.  19.   7.]
 [  2.  13.  13.]]
cf_score, 34.0
nv_score, -8.0
ratio, 0.434343434343
[[ 13.  13.   6.]
 [  7.  19.  10.]
 [  7.  12.  13.]]
cf_score, 32.0
nv_score, -9.0
ratio, 0.454545454545
[[ 11.  20.   4.]
 [  9.  14.   6.]
 [  5.  14.  17.]]
cf_score, 33.0
nv_score, 3.0
ratio, 0.424242424242
[[  8.  13.  10.]
 [ 15.  15.   6.]
 [  6.  11.  16.]]
cf_score, 23.0
nv_score, -10.0
ratio, 0.393939393939
[[ 11.  11.  10.]
 [  5.  18.  12.]
 [  4.  12.  17.]]
cf_score, 32.0
nv_score, -15.0
ratio, 0.464646464646
[[ 10.  18.   8.]
 [  7.  19.  12.]
 [  1.   8.  17.]]
cf_score, 37.0
nv_score, -11.0
ratio, 0.464646464646
[[ 11.  12.   6.]
 [ 11.  21.  13.]
 [  1.   6.  19.]]
cf_score, 44.0
nv_score, -6.0
ratio, 0.515151515152
[[  3.  20.   4.]
 [ 15.  20.  12.]
 [  1.  11.  14.]]
cf_score, 32.0
nv_score, -6.0
ratio, 0.373737373737
[[  9.  14.   9.]
 [  3.  16.   9.]
 [  4.  19.  17.]]
cf_score, 29.0
nv_score, -10.0
ratio, 0.424242424242
[[  5.  16.  10.]
 [ 11.  20.   6.]
 [  4.  12.  16.]]
cf_score, 27.0
nv_score, -10.0
ratio, 0.414141414141
[[  6.  17.   8.]
 [ 11.  18.  10.]
 [  8.  10.  12.]]
cf_score, 20.0
nv_score, -14.0
ratio, 0.363636363636
[[ 10.  19.  10.]
 [  7.  16.   8.]
 [  6.  13.  11.]]
cf_score, 21.0
nv_score, -17.0
ratio, 0.373737373737
[[ 13.  10.   8.]
 [ 12.  21.   8.]
 [  4.   9.  15.]]
cf_score, 37.0
nv_score, -9.0
ratio, 0.494949494949
[[  5.  20.   6.]
 [ 16.  17.   4.]
 [  6.  11.  15.]]
cf_score, 25.0
nv_score, -1.0
ratio, 0.373737373737
[[  6.  21.   9.]
 [  9.  20.   5.]
 [  1.  12.  17.]]
cf_score, 33.0
nv_score, -6.0
ratio, 0.434343434343
[[  7.  15.   8.]
 [ 11.  17.   5.]
 [  5.  15.  17.]]
cf_score, 28.0
nv_score, -4.0
ratio, 0.414141414141
[[ 11.  15.   8.]
 [ 12.  18.   8.]
 [  3.  12.  13.]]
cf_score, 31.0
nv_score, -11.0
ratio, 0.424242424242
[[  5.  13.  10.]
 [  9.  18.  15.]
 [  3.   9.  18.]]
cf_score, 28.0
nv_score, -17.0
ratio, 0.414141414141
[[  9.  17.   4.]
 [  9.  17.   8.]
 [  4.   8.  24.]]
cf_score, 42.0
nv_score, 8.0
ratio, 0.505050505051
[[ 14.  16.   8.]
 [ 11.  13.   8.]
 [  7.  13.  10.]]
cf_score, 22.0
nv_score, -14.0
ratio, 0.373737373737
[[ 13.  13.   8.]
 [ 12.  16.  11.]
 [  4.  11.  12.]]
cf_score, 29.0
nv_score, -15.0
ratio, 0.414141414141
[[  8.  12.   8.]
 [  7.  24.   9.]
 [  3.  15.  14.]]
cf_score, 35.0
nv_score, -11.0
ratio, 0.464646464646
[[ 11.  11.  10.]
 [ 12.  19.   5.]
 [  7.   4.  21.]]
cf_score, 34.0
nv_score, -4.0
ratio, 0.515151515152
[[ 11.  13.   6.]
 [ 18.  16.   7.]
 [  2.  13.  14.]]
cf_score, 33.0
nv_score, -5.0
ratio, 0.414141414141
[[ 13.  20.   6.]
 [  6.  15.   9.]
 [  1.  11.  19.]]
cf_score, 40.0
nv_score, -2.0
ratio, 0.474747474747
[[ 10.  17.   9.]
 [  6.  20.  10.]
 [  4.   9.  15.]]
cf_score, 32.0
nv_score, -13.0
ratio, 0.454545454545
[[ 11.  15.   8.]
 [  9.  12.  12.]
 [  2.  12.  19.]]
cf_score, 32.0
nv_score, -9.0
ratio, 0.424242424242
[[ 16.  12.   5.]
 [ 12.  16.   7.]
 [  6.   9.  17.]]
cf_score, 38.0
nv_score, 0.0
ratio, 0.494949494949
[[  7.  19.   8.]
 [ 11.  22.  11.]
 [  3.  13.   6.]]
cf_score, 24.0
nv_score, -21.0
ratio, 0.353535353535
[[ 12.  13.   9.]
 [ 12.  24.   8.]
 [  4.   8.  10.]]
cf_score, 33.0
nv_score, -16.0
ratio, 0.464646464646
[[  5.   9.   6.]
 [ 14.  24.  10.]
 [  2.  11.  19.]]
cf_score, 40.0
nv_score, -3.0
ratio, 0.484848484848
