[[  0.  21.   0.]
 [  0.  79.   0.]
 [  0.   0.   0.]]
cf_score, 79.0
ratio, 0.79797979798
[[  0.  26.   0.]
 [  0.  74.   0.]
 [  0.   0.   0.]]
cf_score, 74.0
ratio, 0.747474747475
[[  0.  23.   0.]
 [  0.  77.   0.]
 [  0.   0.   0.]]
cf_score, 77.0
ratio, 0.777777777778
[[  0.  30.   0.]
 [  0.  70.   0.]
 [  0.   0.   0.]]
cf_score, 70.0
ratio, 0.707070707071
[[  0.  27.   0.]
 [  0.  73.   0.]
 [  0.   0.   0.]]
cf_score, 73.0
ratio, 0.737373737374
[[  0.  31.   0.]
 [  0.  69.   0.]
 [  0.   0.   0.]]
cf_score, 69.0
ratio, 0.69696969697
[[ 18.  11.   0.]
 [ 13.  58.   0.]
 [  0.   0.   0.]]
cf_score, 76.0
ratio, 0.767676767677
[[ 12.  15.   0.]
 [ 10.  63.   0.]
 [  0.   0.   0.]]
cf_score, 75.0
ratio, 0.757575757576
[[ 18.  18.   0.]
 [ 10.  54.   0.]
 [  0.   0.   0.]]
cf_score, 72.0
ratio, 0.727272727273
[[ 12.  25.   0.]
 [ 14.  49.   0.]
 [  0.   0.   0.]]
cf_score, 61.0
ratio, 0.616161616162
