[[ 22.   2.   0.]
 [  5.  35.   1.]
 [  9.  25.   1.]]
cf_score, 49.0
ratio, 0.585858585859
[[ 23.   5.   0.]
 [  6.  27.   1.]
 [ 12.  26.   0.]]
cf_score, 38.0
ratio, 0.505050505051
[[ 32.  10.   1.]
 [  5.  29.   0.]
 [  3.  20.   0.]]
cf_score, 57.0
ratio, 0.616161616162
[[ 22.   2.   0.]
 [  2.  33.   0.]
 [  8.  33.   0.]]
cf_score, 47.0
ratio, 0.555555555556
[[ 28.   5.   0.]
 [  3.  35.   0.]
 [  7.  22.   0.]]
cf_score, 56.0
ratio, 0.636363636364
[[ 34.   5.   0.]
 [  3.  27.   0.]
 [  6.  24.   1.]]
cf_score, 56.0
ratio, 0.626262626263
[[ 31.   5.   0.]
 [  2.  29.   0.]
 [  8.  25.   0.]]
cf_score, 52.0
ratio, 0.606060606061
[[ 23.   5.   0.]
 [  5.  34.   0.]
 [  7.  26.   0.]]
cf_score, 50.0
ratio, 0.575757575758
[[ 32.   7.   0.]
 [  2.  32.   0.]
 [  9.  18.   0.]]
cf_score, 55.0
ratio, 0.646464646465
[[ 26.   9.   0.]
 [  9.  28.   0.]
 [  5.  23.   0.]]
cf_score, 49.0
ratio, 0.545454545455
