[[  0.  23.  11.]
 [  0.  26.   7.]
 [  0.  19.  14.]]
cf_score, 29.0
ratio, 0.40404040404
[[  0.  17.  13.]
 [  0.  33.   6.]
 [  3.   9.  19.]]
cf_score, 36.0
ratio, 0.525252525253
[[  3.  15.  12.]
 [  1.  26.   3.]
 [  2.  16.  22.]]
cf_score, 37.0
ratio, 0.515151515152
[[  2.  22.  10.]
 [  4.  23.   5.]
 [  3.  21.  10.]]
cf_score, 22.0
ratio, 0.353535353535
[[  6.  25.  10.]
 [  3.  24.   4.]
 [  6.  13.   9.]]
cf_score, 23.0
ratio, 0.393939393939
[[ 12.  11.   9.]
 [  7.  16.  14.]
 [  2.   7.  22.]]
cf_score, 39.0
ratio, 0.505050505051
[[  6.  12.  10.]
 [ 15.  14.   9.]
 [  7.   8.  19.]]
cf_score, 22.0
ratio, 0.393939393939
[[  3.  22.   5.]
 [  5.  22.   8.]
 [  6.   9.  20.]]
cf_score, 34.0
ratio, 0.454545454545
[[  3.  15.   9.]
 [  7.  19.  13.]
 [  8.   6.  20.]]
cf_score, 25.0
ratio, 0.424242424242
[[ 12.  14.  19.]
 [  7.   9.  11.]
 [ 10.   1.  17.]]
cf_score, 9.0
ratio, 0.383838383838
