[[  0.   0.   0.]
 [  0.  65.   0.]
 [  0.  35.   0.]]
cf_score, 65.0
ratio, 0.656565656566
[[  0.   0.   0.]
 [  0.  64.   0.]
 [  0.  36.   0.]]
cf_score, 64.0
ratio, 0.646464646465
[[  0.   0.   0.]
 [  0.  65.   0.]
 [  0.  35.   0.]]
cf_score, 65.0
ratio, 0.656565656566
[[  0.   0.   0.]
 [  0.  64.   0.]
 [  0.  36.   0.]]
cf_score, 64.0
ratio, 0.646464646465
[[  0.   0.   0.]
 [  0.  75.   0.]
 [  0.  25.   0.]]
cf_score, 75.0
ratio, 0.757575757576
[[  0.   0.   0.]
 [  0.  65.   0.]
 [  0.  35.   0.]]
cf_score, 65.0
ratio, 0.656565656566
[[  0.   0.   0.]
 [  0.  57.   3.]
 [  0.  26.  14.]]
cf_score, 71.0
ratio, 0.717171717172
[[  0.   0.   0.]
 [  0.  59.   9.]
 [  0.  25.   7.]]
cf_score, 66.0
ratio, 0.666666666667
[[  0.   0.   0.]
 [  0.  61.  12.]
 [  0.  18.   9.]]
cf_score, 70.0
ratio, 0.707070707071
[[  0.   0.   0.]
 [  0.  51.  17.]
 [  0.  21.  11.]]
cf_score, 62.0
ratio, 0.626262626263
