[[  0.  31.   7.]
 [  0.  27.   1.]
 [  0.   9.  25.]]
cf_score, 45.0
ratio, 0.525252525253
[[  2.  29.   6.]
 [  3.  23.   4.]
 [  2.   7.  24.]]
cf_score, 41.0
ratio, 0.494949494949
[[  1.  22.   2.]
 [  2.  31.   1.]
 [  2.   9.  30.]]
cf_score, 58.0
ratio, 0.626262626263
[[  2.  25.   3.]
 [  4.  27.   1.]
 [  4.   7.  27.]]
cf_score, 49.0
ratio, 0.565656565657
[[  3.  30.   2.]
 [  1.  24.   3.]
 [  1.   6.  30.]]
cf_score, 54.0
ratio, 0.575757575758
[[  2.  23.   3.]
 [  2.  26.   5.]
 [  6.   4.  29.]]
cf_score, 48.0
ratio, 0.575757575758
[[  2.  19.   2.]
 [  6.  25.   4.]
 [  2.   4.  36.]]
cf_score, 59.0
ratio, 0.636363636364
[[  3.  22.   2.]
 [  2.  34.   2.]
 [  4.   3.  28.]]
cf_score, 59.0
ratio, 0.656565656566
[[  4.  28.   2.]
 [  2.  27.   3.]
 [  2.   5.  27.]]
cf_score, 54.0
ratio, 0.585858585859
[[  1.  17.   3.]
 [  3.  28.   5.]
 [  3.   3.  37.]]
cf_score, 60.0
ratio, 0.666666666667
