[[ 17.  20.   0.]
 [  9.  30.   0.]
 [  7.  17.   0.]]
cf_score, 40.0
ratio, 0.474747474747
[[ 18.  10.   2.]
 [ 14.  20.   1.]
 [ 17.  18.   0.]]
cf_score, 19.0
ratio, 0.383838383838
[[ 21.  15.   1.]
 [  6.  30.   0.]
 [ 10.  16.   1.]]
cf_score, 41.0
ratio, 0.525252525253
[[ 19.   8.   0.]
 [ 17.  20.   5.]
 [  8.  22.   1.]]
cf_score, 32.0
ratio, 0.40404040404
[[ 21.   9.   5.]
 [ 10.  27.   3.]
 [  7.  15.   3.]]
cf_score, 39.0
ratio, 0.515151515152
[[ 23.   7.   7.]
 [ 10.  21.   9.]
 [  7.  13.   3.]]
cf_score, 33.0
ratio, 0.474747474747
[[ 20.   7.  11.]
 [  3.  24.   9.]
 [  7.  17.   2.]]
cf_score, 28.0
ratio, 0.464646464646
[[ 17.   2.   7.]
 [ 13.  13.   7.]
 [ 21.  11.   9.]]
cf_score, 11.0
ratio, 0.393939393939
[[ 22.   4.   9.]
 [ 11.   9.  11.]
 [ 12.   7.  15.]]
cf_score, 25.0
ratio, 0.464646464646
[[ 14.  12.   6.]
 [  8.  23.   9.]
 [  8.  10.  10.]]
cf_score, 33.0
ratio, 0.474747474747
