[[ 16.   0.  13.]
 [ 20.   0.  11.]
 [ 16.   0.  24.]]
cf_score, 11.0
nv_score, -13.0
ratio, 0.40404040404
[[ 20.   1.  10.]
 [ 21.   0.  12.]
 [  8.   0.  28.]]
cf_score, 30.0
nv_score, -4.0
ratio, 0.484848484848
[[ 15.   0.  11.]
 [ 19.   1.  16.]
 [ 11.   1.  26.]]
cf_score, 20.0
nv_score, -12.0
ratio, 0.424242424242
[[ 12.   2.  20.]
 [ 17.   2.   9.]
 [ 10.   2.  26.]]
cf_score, 10.0
nv_score, -23.0
ratio, 0.40404040404
[[ 13.   3.  16.]
 [ 15.   6.  14.]
 [ 12.   3.  18.]]
cf_score, 9.0
nv_score, -28.0
ratio, 0.373737373737
[[ 22.   5.  15.]
 [ 14.   6.  10.]
 [  5.   1.  22.]]
cf_score, 30.0
nv_score, -18.0
ratio, 0.505050505051
[[ 23.   3.   1.]
 [ 25.   2.  13.]
 [  7.   4.  22.]]
cf_score, 39.0
nv_score, 7.0
ratio, 0.474747474747
[[ 11.   5.  18.]
 [ 14.   2.  18.]
 [  7.   4.  21.]]
cf_score, 9.0
nv_score, -33.0
ratio, 0.343434343434
[[ 20.   4.   8.]
 [ 15.   5.  17.]
 [  5.   2.  24.]]
cf_score, 36.0
nv_score, -9.0
ratio, 0.494949494949
[[ 11.   6.  12.]
 [ 18.   4.  11.]
 [ 10.   7.  21.]]
cf_score, 14.0
nv_score, -14.0
ratio, 0.363636363636
[[  8.   9.  16.]
 [ 10.   6.  15.]
 [  7.   4.  25.]]
cf_score, 16.0
nv_score, -22.0
ratio, 0.393939393939
[[ 19.   7.  14.]
 [ 13.   5.  12.]
 [  4.   5.  21.]]
cf_score, 27.0
nv_score, -19.0
ratio, 0.454545454545
[[  9.   9.  17.]
 [  3.  14.  14.]
 [  2.   6.  26.]]
cf_score, 30.0
nv_score, -22.0
ratio, 0.494949494949
[[ 11.  16.  14.]
 [ 10.   4.  13.]
 [  1.   1.  30.]]
cf_score, 30.0
nv_score, -11.0
ratio, 0.454545454545
[[ 18.   9.   9.]
 [  8.   5.  14.]
 [  4.   4.  29.]]
cf_score, 39.0
nv_score, -3.0
ratio, 0.525252525253
[[  8.   8.  15.]
 [ 16.  12.   9.]
 [  4.   3.  25.]]
cf_score, 26.0
nv_score, -14.0
ratio, 0.454545454545
[[ 20.   6.   9.]
 [ 21.   7.  11.]
 [  5.   5.  16.]]
cf_score, 29.0
nv_score, -13.0
ratio, 0.434343434343
[[ 12.   8.  11.]
 [ 15.   8.  16.]
 [  4.   4.  22.]]
cf_score, 27.0
nv_score, -16.0
ratio, 0.424242424242
[[ 23.   8.   9.]
 [ 12.  13.   6.]
 [  6.   6.  17.]]
cf_score, 38.0
nv_score, -7.0
ratio, 0.535353535354
[[ 17.  10.  11.]
 [ 12.  11.   9.]
 [  6.   5.  19.]]
cf_score, 30.0
nv_score, -12.0
ratio, 0.474747474747
[[ 10.  10.  12.]
 [  9.   7.   9.]
 [  2.   6.  35.]]
cf_score, 38.0
nv_score, 2.0
ratio, 0.525252525253
[[ 18.  11.  19.]
 [  9.   9.  10.]
 [  3.   5.  16.]]
cf_score, 21.0
nv_score, -32.0
ratio, 0.434343434343
[[ 15.  12.  14.]
 [ 12.   4.   9.]
 [  6.   6.  22.]]
cf_score, 21.0
nv_score, -15.0
ratio, 0.414141414141
[[  9.   7.  16.]
 [ 13.   7.  10.]
 [  4.   7.  27.]]
cf_score, 23.0
nv_score, -15.0
ratio, 0.434343434343
[[  9.  11.  11.]
 [  9.   6.  14.]
 [  6.   9.  25.]]
cf_score, 23.0
nv_score, -11.0
ratio, 0.40404040404
[[ 12.  10.  12.]
 [  9.  12.  13.]
 [  5.   4.  23.]]
cf_score, 30.0
nv_score, -14.0
ratio, 0.474747474747
[[  9.  12.   8.]
 [ 14.  12.  14.]
 [  4.   9.  18.]]
cf_score, 27.0
nv_score, -12.0
ratio, 0.393939393939
[[  9.  11.   9.]
 [ 18.  13.  14.]
 [  6.   3.  17.]]
cf_score, 24.0
nv_score, -15.0
ratio, 0.393939393939
[[  8.   7.  17.]
 [ 10.  12.  12.]
 [  2.   7.  25.]]
cf_score, 26.0
nv_score, -21.0
ratio, 0.454545454545
[[ 13.   7.  11.]
 [ 10.  11.  16.]
 [  2.   7.  23.]]
cf_score, 34.0
nv_score, -15.0
ratio, 0.474747474747
[[ 14.  10.  13.]
 [ 11.  11.  11.]
 [  3.   3.  24.]]
cf_score, 33.0
nv_score, -13.0
ratio, 0.494949494949
[[  8.  14.  18.]
 [  9.  12.  14.]
 [  4.   6.  15.]]
cf_score, 13.0
nv_score, -35.0
ratio, 0.353535353535
[[ 10.   6.  10.]
 [ 16.   8.  15.]
 [  5.  15.  15.]]
cf_score, 18.0
nv_score, -20.0
ratio, 0.333333333333
[[ 15.   9.   9.]
 [  7.  12.   8.]
 [  5.   8.  27.]]
cf_score, 40.0
nv_score, 1.0
ratio, 0.545454545455
[[ 14.  13.  12.]
 [ 16.   8.   5.]
 [  5.   5.  22.]]
cf_score, 27.0
nv_score, -7.0
ratio, 0.444444444444
[[ 12.  12.  11.]
 [ 14.   5.   9.]
 [  7.   5.  25.]]
cf_score, 24.0
nv_score, -6.0
ratio, 0.424242424242
[[ 16.   4.  15.]
 [ 12.  10.  13.]
 [  5.   7.  18.]]
cf_score, 24.0
nv_score, -25.0
ratio, 0.444444444444
[[ 23.   6.   9.]
 [ 12.   5.  10.]
 [  9.   7.  19.]]
cf_score, 29.0
nv_score, -9.0
ratio, 0.474747474747
[[ 11.  11.  11.]
 [ 15.   4.   8.]
 [  7.  10.  23.]]
cf_score, 20.0
nv_score, -7.0
ratio, 0.383838383838
[[  8.  13.  15.]
 [  9.   9.  10.]
 [  7.   6.  23.]]
cf_score, 18.0
nv_score, -17.0
ratio, 0.40404040404
[[ 15.  14.  11.]
 [  9.  11.   9.]
 [  1.   4.  26.]]
cf_score, 40.0
nv_score, -5.0
ratio, 0.525252525253
[[ 13.  13.   9.]
 [  3.  12.  13.]
 [  5.   9.  23.]]
cf_score, 34.0
nv_score, -8.0
ratio, 0.484848484848
[[  9.  13.   9.]
 [  3.  14.  21.]
 [  1.   5.  25.]]
cf_score, 38.0
nv_score, -14.0
ratio, 0.484848484848
[[  9.  13.  15.]
 [ 13.  10.   9.]
 [  4.   9.  18.]]
cf_score, 18.0
nv_score, -21.0
ratio, 0.373737373737
[[ 15.  13.  10.]
 [ 13.  14.  10.]
 [  2.  12.  11.]]
cf_score, 28.0
nv_score, -19.0
ratio, 0.40404040404
[[ 12.  14.  11.]
 [ 15.  11.  14.]
 [  5.   3.  15.]]
cf_score, 22.0
nv_score, -21.0
ratio, 0.383838383838
[[ 14.  10.  11.]
 [ 13.  13.  12.]
 [  2.   5.  20.]]
cf_score, 34.0
nv_score, -14.0
ratio, 0.474747474747
[[ 21.  11.   7.]
 [ 15.   9.  10.]
 [  0.   7.  20.]]
cf_score, 43.0
nv_score, -4.0
ratio, 0.505050505051
[[ 14.  10.  15.]
 [  9.   9.  15.]
 [  4.   4.  20.]]
cf_score, 24.0
nv_score, -25.0
ratio, 0.434343434343
[[ 14.  13.   7.]
 [ 13.   7.  11.]
 [  5.  11.  19.]]
cf_score, 28.0
nv_score, -6.0
ratio, 0.40404040404
