[[  0.  18.   7.]
 [  0.  23.  13.]
 [  0.  15.  24.]]
cf_score, 40.0
nv_score, -3.0
ratio, 0.474747474747
[[ 14.   0.  11.]
 [ 16.   0.  21.]
 [  6.   0.  32.]]
cf_score, 29.0
nv_score, -11.0
ratio, 0.464646464646
[[ 11.   0.  18.]
 [ 11.   0.  24.]
 [  1.   0.  35.]]
cf_score, 27.0
nv_score, -25.0
ratio, 0.464646464646
[[ 10.   0.  24.]
 [ 15.   4.  25.]
 [  1.   1.  20.]]
cf_score, 9.0
nv_score, -53.0
ratio, 0.343434343434
[[ 15.   1.  10.]
 [ 16.   0.  24.]
 [  8.   1.  25.]]
cf_score, 22.0
nv_score, -19.0
ratio, 0.40404040404
[[ 12.   2.  19.]
 [  8.   0.  24.]
 [  3.   0.  32.]]
cf_score, 22.0
nv_score, -30.0
ratio, 0.444444444444
[[ 16.   1.  16.]
 [  8.   3.  16.]
 [  5.   1.  34.]]
cf_score, 32.0
nv_score, -14.0
ratio, 0.535353535354
[[  9.   1.  11.]
 [ 14.   0.  29.]
 [  7.   0.  29.]]
cf_score, 20.0
nv_score, -22.0
ratio, 0.383838383838
[[ 18.   1.   9.]
 [ 11.   3.  23.]
 [  5.   0.  30.]]
cf_score, 37.0
nv_score, -11.0
ratio, 0.515151515152
[[ 21.   0.  10.]
 [ 20.   1.  16.]
 [  4.   0.  28.]]
cf_score, 36.0
nv_score, -8.0
ratio, 0.505050505051
[[  9.   0.  20.]
 [  8.   0.  24.]
 [  4.   1.  34.]]
cf_score, 19.0
nv_score, -30.0
ratio, 0.434343434343
[[ 12.   0.  19.]
 [  9.   1.  15.]
 [  5.   0.  39.]]
cf_score, 28.0
nv_score, -14.0
ratio, 0.525252525253
[[ 21.   1.  20.]
 [ 11.   4.  16.]
 [  1.   1.  25.]]
cf_score, 29.0
nv_score, -31.0
ratio, 0.505050505051
[[ 13.   0.  11.]
 [ 24.   0.  16.]
 [  7.   1.  28.]]
cf_score, 23.0
nv_score, -10.0
ratio, 0.414141414141
[[ 19.   1.  16.]
 [  8.   1.  22.]
 [  4.   0.  29.]]
cf_score, 29.0
nv_score, -25.0
ratio, 0.494949494949
[[  8.   1.  18.]
 [ 14.   1.  21.]
 [  8.   1.  28.]]
cf_score, 11.0
nv_score, -29.0
ratio, 0.373737373737
[[ 10.   3.  18.]
 [  7.   0.  24.]
 [  3.   2.  33.]]
cf_score, 22.0
nv_score, -27.0
ratio, 0.434343434343
[[  9.   0.  16.]
 [ 10.   5.  21.]
 [  3.   0.  36.]]
cf_score, 31.0
nv_score, -17.0
ratio, 0.505050505051
[[ 10.   4.  21.]
 [ 12.   2.  16.]
 [  4.   1.  30.]]
cf_score, 17.0
nv_score, -28.0
ratio, 0.424242424242
[[ 16.   1.  15.]
 [ 12.   2.  16.]
 [  6.   0.  32.]]
cf_score, 29.0
nv_score, -14.0
ratio, 0.505050505051
[[ 13.   9.  14.]
 [  8.   6.  13.]
 [  5.   7.  25.]]
cf_score, 25.0
nv_score, -16.0
ratio, 0.444444444444
[[ 11.   2.  19.]
 [ 17.   1.  15.]
 [  6.   0.  29.]]
cf_score, 16.0
nv_score, -24.0
ratio, 0.414141414141
[[  6.   4.  14.]
 [  9.   3.  25.]
 [  2.   3.  34.]]
cf_score, 27.0
nv_score, -19.0
ratio, 0.434343434343
[[ 11.   2.  19.]
 [ 13.   3.  19.]
 [  5.   1.  27.]]
cf_score, 17.0
nv_score, -30.0
ratio, 0.414141414141
[[ 18.   3.  21.]
 [ 11.   2.  14.]
 [  0.   1.  30.]]
cf_score, 29.0
nv_score, -26.0
ratio, 0.505050505051
[[ 14.   4.  12.]
 [ 15.   7.  15.]
 [  4.   2.  27.]]
cf_score, 32.0
nv_score, -12.0
ratio, 0.484848484848
[[ 11.   7.  12.]
 [ 12.   3.  19.]
 [  1.   6.  29.]]
cf_score, 30.0
nv_score, -14.0
ratio, 0.434343434343
[[  9.   5.  19.]
 [  9.   5.  21.]
 [  3.   2.  27.]]
cf_score, 19.0
nv_score, -32.0
ratio, 0.414141414141
[[ 11.   7.  20.]
 [  5.   7.  14.]
 [  1.   1.  34.]]
cf_score, 31.0
nv_score, -20.0
ratio, 0.525252525253
[[  8.   4.  19.]
 [  6.   3.  17.]
 [  2.   2.  39.]]
cf_score, 29.0
nv_score, -16.0
ratio, 0.505050505051
[[ 10.   3.  19.]
 [ 11.   8.  10.]
 [  3.   4.  32.]]
cf_score, 28.0
nv_score, -16.0
ratio, 0.505050505051
[[  9.   9.  13.]
 [  8.  16.  19.]
 [  6.   5.  15.]]
cf_score, 21.0
nv_score, -30.0
ratio, 0.40404040404
[[ 11.   7.  12.]
 [ 11.   8.  17.]
 [  1.   7.  26.]]
cf_score, 32.0
nv_score, -15.0
ratio, 0.454545454545
[[ 19.   5.   6.]
 [ 15.  13.  14.]
 [  2.   7.  19.]]
cf_score, 43.0
nv_score, -7.0
ratio, 0.515151515152
[[ 14.   8.  13.]
 [  9.   5.  14.]
 [  1.   7.  29.]]
cf_score, 34.0
nv_score, -11.0
ratio, 0.484848484848
[[ 17.   7.  10.]
 [ 14.   1.  18.]
 [  9.   3.  21.]]
cf_score, 20.0
nv_score, -17.0
ratio, 0.393939393939
[[ 11.   4.  10.]
 [ 15.   7.  13.]
 [  3.   7.  30.]]
cf_score, 35.0
nv_score, -3.0
ratio, 0.484848484848
[[ 15.   8.  11.]
 [  9.   8.  19.]
 [  1.   5.  24.]]
cf_score, 35.0
nv_score, -17.0
ratio, 0.474747474747
[[ 10.   5.  12.]
 [ 10.   6.  16.]
 [  5.   5.  31.]]
cf_score, 30.0
nv_score, -9.0
ratio, 0.474747474747
[[ 11.   5.  11.]
 [ 12.   5.  17.]
 [  2.   9.  28.]]
cf_score, 31.0
nv_score, -11.0
ratio, 0.444444444444
[[  9.  11.  14.]
 [  4.  10.  14.]
 [  3.  10.  25.]]
cf_score, 27.0
nv_score, -17.0
ratio, 0.444444444444
[[  8.   9.  15.]
 [  8.  13.  17.]
 [  1.   8.  21.]]
cf_score, 26.0
nv_score, -26.0
ratio, 0.424242424242
[[ 17.   5.   7.]
 [ 15.  15.  12.]
 [  5.   8.  16.]]
cf_score, 36.0
nv_score, -10.0
ratio, 0.484848484848
[[ 17.   9.   9.]
 [ 14.   6.   7.]
 [  7.   6.  25.]]
cf_score, 32.0
nv_score, 0.0
ratio, 0.484848484848
[[  6.  19.   9.]
 [ 14.  10.  11.]
 [  3.   8.  20.]]
cf_score, 24.0
nv_score, -9.0
ratio, 0.363636363636
[[ 16.   8.  10.]
 [  8.   5.  14.]
 [  2.   8.  29.]]
cf_score, 38.0
nv_score, -5.0
ratio, 0.505050505051
[[ 10.   5.   8.]
 [ 12.   8.  17.]
 [  3.   4.  33.]]
cf_score, 40.0
nv_score, 0.0
ratio, 0.515151515152
[[ 10.  11.  11.]
 [  3.  13.  18.]
 [  4.   7.  23.]]
cf_score, 31.0
nv_score, -17.0
ratio, 0.464646464646
[[  5.  15.  11.]
 [  8.  12.  16.]
 [  4.   4.  25.]]
cf_score, 27.0
nv_score, -13.0
ratio, 0.424242424242
[[ 12.  12.  14.]
 [  8.   6.  12.]
 [  5.   5.  26.]]
cf_score, 25.0
nv_score, -14.0
ratio, 0.444444444444
