[[ 22.   5.   0.]
 [ 11.  23.   1.]
 [ 25.  12.   1.]]
cf_score, 21.0
ratio, 0.464646464646
[[ 26.   5.   2.]
 [  6.  20.   3.]
 [  6.  28.   4.]]
cf_score, 42.0
ratio, 0.505050505051
[[ 21.   7.   1.]
 [  9.  29.   6.]
 [  7.  18.   2.]]
cf_score, 44.0
ratio, 0.525252525253
[[ 13.  18.   2.]
 [  5.  20.   5.]
 [ 12.  21.   4.]]
cf_score, 23.0
ratio, 0.373737373737
[[ 16.  13.   4.]
 [ 13.  20.   2.]
 [  7.  14.  11.]]
cf_score, 36.0
ratio, 0.474747474747
[[ 14.   6.   9.]
 [ 12.  11.   4.]
 [ 20.  19.   5.]]
cf_score, 1.0
ratio, 0.30303030303
[[ 12.  10.  10.]
 [  2.  17.  12.]
 [ 10.  12.  15.]]
cf_score, 24.0
ratio, 0.444444444444
[[ 19.   5.  10.]
 [  3.  14.   8.]
 [  7.  16.  18.]]
cf_score, 34.0
ratio, 0.515151515152
[[ 16.   7.   8.]
 [  8.  12.  11.]
 [  5.  10.  23.]]
cf_score, 38.0
ratio, 0.515151515152
[[ 10.  11.   4.]
 [  2.   6.  17.]
 [  5.  11.  34.]]
cf_score, 41.0
ratio, 0.505050505051
[[ 13.   8.  11.]
 [  6.   8.  11.]
 [  8.  16.  19.]]
cf_score, 21.0
ratio, 0.40404040404
[[ 21.   8.   5.]
 [  8.  16.  11.]
 [  8.   8.  15.]]
cf_score, 39.0
ratio, 0.525252525253
[[ 14.   8.   6.]
 [  3.  13.  13.]
 [ 11.   7.  25.]]
cf_score, 35.0
ratio, 0.525252525253
[[ 18.   4.   5.]
 [  5.  19.  10.]
 [  6.  12.  21.]]
cf_score, 47.0
ratio, 0.585858585859
[[ 15.   5.   6.]
 [  6.  15.  10.]
 [  5.  18.  20.]]
cf_score, 39.0
ratio, 0.505050505051
[[ 14.   3.   3.]
 [  6.  20.   9.]
 [  9.  15.  21.]]
cf_score, 43.0
ratio, 0.555555555556
[[ 20.   4.   4.]
 [  6.  19.  10.]
 [  9.   9.  19.]]
cf_score, 45.0
ratio, 0.585858585859
[[ 15.   7.   8.]
 [  6.  19.  12.]
 [  4.  11.  18.]]
cf_score, 40.0
ratio, 0.525252525253
[[ 18.   7.   9.]
 [  8.  13.  10.]
 [  3.  10.  22.]]
cf_score, 41.0
ratio, 0.535353535354
[[ 20.   5.  11.]
 [  9.  14.  12.]
 [  3.  15.  11.]]
cf_score, 31.0
ratio, 0.454545454545
[[ 19.   6.   7.]
 [  8.  14.   8.]
 [  6.  12.  20.]]
cf_score, 40.0
ratio, 0.535353535354
[[ 19.   4.   7.]
 [  9.  10.  14.]
 [  5.   8.  24.]]
cf_score, 41.0
ratio, 0.535353535354
[[ 12.   7.  16.]
 [  6.  15.   8.]
 [  6.   8.  22.]]
cf_score, 27.0
ratio, 0.494949494949
[[ 12.   7.  16.]
 [  1.  14.  13.]
 [ 10.   7.  20.]]
cf_score, 20.0
ratio, 0.464646464646
[[ 12.   7.   6.]
 [  6.  22.   5.]
 [  7.  12.  23.]]
cf_score, 44.0
ratio, 0.575757575758
[[ 10.   5.   7.]
 [  6.  19.  10.]
 [  8.  13.  22.]]
cf_score, 36.0
ratio, 0.515151515152
[[ 20.  10.   6.]
 [  4.  11.  14.]
 [  9.  10.  16.]]
cf_score, 32.0
ratio, 0.474747474747
[[ 14.  10.  16.]
 [  4.  12.  14.]
 [  5.  10.  15.]]
cf_score, 20.0
ratio, 0.414141414141
[[ 25.  11.   6.]
 [  3.  11.   6.]
 [ 13.  12.  13.]]
cf_score, 30.0
ratio, 0.494949494949
[[ 11.   9.   5.]
 [  5.  22.  10.]
 [  6.  17.  15.]]
cf_score, 37.0
ratio, 0.484848484848
[[ 12.  11.   5.]
 [  2.  14.  15.]
 [ 11.  15.  15.]]
cf_score, 25.0
ratio, 0.414141414141
[[ 13.  14.   7.]
 [  6.  19.  12.]
 [  4.   8.  17.]]
cf_score, 38.0
ratio, 0.494949494949
[[ 14.   5.  12.]
 [  4.  19.   4.]
 [ 11.  11.  20.]]
cf_score, 30.0
ratio, 0.535353535354
[[ 11.   6.  10.]
 [  0.  15.  15.]
 [  4.  14.  25.]]
cf_score, 37.0
ratio, 0.515151515152
[[ 21.   8.  11.]
 [  3.  15.   7.]
 [  5.  10.  20.]]
cf_score, 40.0
ratio, 0.565656565657
[[ 11.  10.  12.]
 [  8.  21.  12.]
 [  3.   9.  14.]]
cf_score, 31.0
ratio, 0.464646464646
[[ 19.  11.   9.]
 [  5.  16.   7.]
 [  2.  10.  21.]]
cf_score, 45.0
ratio, 0.565656565657
[[ 13.   7.  11.]
 [  2.  15.   7.]
 [  5.   6.  34.]]
cf_score, 46.0
ratio, 0.626262626263
[[ 12.  13.   7.]
 [  3.  18.  10.]
 [  5.  13.  19.]]
cf_score, 37.0
ratio, 0.494949494949
[[ 13.   5.  11.]
 [  6.  17.  12.]
 [  4.  10.  22.]]
cf_score, 37.0
ratio, 0.525252525253
[[ 14.   9.   6.]
 [ 10.  14.   5.]
 [  2.  15.  25.]]
cf_score, 45.0
ratio, 0.535353535354
[[ 15.  10.   7.]
 [  6.  13.  10.]
 [  6.  14.  19.]]
cf_score, 34.0
ratio, 0.474747474747
[[ 17.   9.   5.]
 [  7.  25.   2.]
 [  9.  11.  15.]]
cf_score, 43.0
ratio, 0.575757575758
[[ 14.   6.  10.]
 [  4.  17.  17.]
 [  5.  11.  16.]]
cf_score, 32.0
ratio, 0.474747474747
[[ 22.  11.   7.]
 [  3.  15.   8.]
 [  5.   9.  20.]]
cf_score, 45.0
ratio, 0.575757575758
[[ 24.   8.   9.]
 [  6.  13.  10.]
 [  8.   4.  18.]]
cf_score, 38.0
ratio, 0.555555555556
[[ 17.   5.   4.]
 [  9.  16.  11.]
 [  5.  10.  23.]]
cf_score, 47.0
ratio, 0.565656565657
[[ 11.   4.   8.]
 [  6.  14.  15.]
 [  4.  10.  28.]]
cf_score, 41.0
ratio, 0.535353535354
[[ 21.   9.   8.]
 [  7.   7.   9.]
 [  8.  11.  20.]]
cf_score, 32.0
ratio, 0.484848484848
[[ 21.   8.  11.]
 [  5.   9.  10.]
 [  2.  14.  20.]]
cf_score, 37.0
ratio, 0.505050505051
[[ 22.   6.   5.]
 [  4.  13.  12.]
 [  8.  13.  17.]]
cf_score, 39.0
ratio, 0.525252525253
[[ 22.   3.   2.]
 [  7.  22.   9.]
 [  5.  12.  18.]]
cf_score, 55.0
ratio, 0.626262626263
[[ 12.   9.   8.]
 [  4.  21.   7.]
 [  5.  16.  18.]]
cf_score, 38.0
ratio, 0.515151515152
[[ 15.   8.  11.]
 [  4.  16.  14.]
 [  1.   7.  24.]]
cf_score, 43.0
ratio, 0.555555555556
[[ 14.   4.  11.]
 [  6.  22.   9.]
 [  4.   9.  21.]]
cf_score, 42.0
ratio, 0.575757575758
[[ 13.   5.   6.]
 [  2.  17.  16.]
 [  4.  14.  23.]]
cf_score, 43.0
ratio, 0.535353535354
[[ 14.   6.   7.]
 [  8.  16.   5.]
 [ 11.   9.  24.]]
cf_score, 36.0
ratio, 0.545454545455
[[ 16.   7.  10.]
 [  2.  15.   9.]
 [  7.  18.  16.]]
cf_score, 30.0
ratio, 0.474747474747
[[ 14.   7.  10.]
 [  6.  14.  19.]
 [  5.   8.  17.]]
cf_score, 30.0
ratio, 0.454545454545
[[ 20.   6.   5.]
 [  2.  14.  14.]
 [  5.  14.  20.]]
cf_score, 44.0
ratio, 0.545454545455
[[ 23.  12.   7.]
 [  3.  17.  11.]
 [  2.   9.  16.]]
cf_score, 47.0
ratio, 0.565656565657
[[ 16.   9.   6.]
 [  2.  14.   9.]
 [  8.  21.  15.]]
cf_score, 31.0
ratio, 0.454545454545
[[ 20.  10.   5.]
 [  6.  15.   6.]
 [  5.  10.  23.]]
cf_score, 48.0
ratio, 0.585858585859
[[ 12.  12.   7.]
 [  7.  15.   8.]
 [  8.  16.  15.]]
cf_score, 27.0
ratio, 0.424242424242
[[ 14.   9.   7.]
 [  3.  16.  10.]
 [  4.  14.  23.]]
cf_score, 42.0
ratio, 0.535353535354
[[ 15.   7.   6.]
 [  7.  11.  14.]
 [  7.  13.  20.]]
cf_score, 33.0
ratio, 0.464646464646
[[ 18.   9.   8.]
 [  5.  22.   9.]
 [  3.  13.  13.]]
cf_score, 42.0
ratio, 0.535353535354
[[ 18.   6.  12.]
 [  2.  13.  11.]
 [  3.  11.  24.]]
cf_score, 40.0
ratio, 0.555555555556
[[ 18.   9.   8.]
 [  4.  12.  14.]
 [  7.  11.  17.]]
cf_score, 32.0
ratio, 0.474747474747
[[ 18.  10.   7.]
 [  4.  19.  11.]
 [  4.  14.  13.]]
cf_score, 39.0
ratio, 0.505050505051
[[ 23.   6.   7.]
 [  2.  17.   9.]
 [  5.   8.  23.]]
cf_score, 51.0
ratio, 0.636363636364
[[ 14.   8.   4.]
 [  3.  12.   4.]
 [  7.  22.  26.]]
cf_score, 41.0
ratio, 0.525252525253
[[ 10.   6.   7.]
 [  1.  22.  12.]
 [  4.  16.  22.]]
cf_score, 43.0
ratio, 0.545454545455
[[ 10.   4.  12.]
 [  2.  15.  17.]
 [  4.  13.  23.]]
cf_score, 32.0
ratio, 0.484848484848
[[ 14.  12.  10.]
 [  2.  10.   9.]
 [  4.  14.  25.]]
cf_score, 35.0
ratio, 0.494949494949
[[ 16.  11.   6.]
 [  1.  17.  11.]
 [  4.  11.  23.]]
cf_score, 46.0
ratio, 0.565656565657
[[ 20.   6.   5.]
 [  3.  22.   6.]
 [  9.  15.  14.]]
cf_score, 42.0
ratio, 0.565656565657
[[ 11.  12.   6.]
 [  6.  23.   9.]
 [  7.  10.  16.]]
cf_score, 37.0
ratio, 0.505050505051
[[ 20.   3.   6.]
 [  6.  12.   9.]
 [ 10.  12.  22.]]
cf_score, 38.0
ratio, 0.545454545455
[[ 19.   8.   7.]
 [  2.  20.  11.]
 [  7.   9.  17.]]
cf_score, 42.0
ratio, 0.565656565657
[[ 14.  11.   2.]
 [  5.  19.  11.]
 [  4.  12.  22.]]
cf_score, 49.0
ratio, 0.555555555556
[[ 19.   8.   7.]
 [  6.  13.   4.]
 [  5.  12.  26.]]
cf_score, 46.0
ratio, 0.585858585859
[[ 14.  10.  12.]
 [  4.  10.  10.]
 [  6.   9.  25.]]
cf_score, 31.0
ratio, 0.494949494949
[[ 16.  10.   9.]
 [  2.  11.  14.]
 [  6.  13.  19.]]
cf_score, 31.0
ratio, 0.464646464646
[[ 16.   8.   6.]
 [  5.  12.  12.]
 [ 13.  10.  18.]]
cf_score, 27.0
ratio, 0.464646464646
[[ 12.   9.  12.]
 [  3.  24.   9.]
 [  3.  12.  16.]]
cf_score, 37.0
ratio, 0.525252525253
[[ 31.   4.   4.]
 [  6.  16.  14.]
 [  2.  14.   9.]]
cf_score, 50.0
ratio, 0.565656565657
[[ 19.   3.  10.]
 [  2.  15.  13.]
 [  7.   6.  25.]]
cf_score, 42.0
ratio, 0.59595959596
[[ 24.   4.   7.]
 [  4.  17.   8.]
 [  7.   9.  20.]]
cf_score, 47.0
ratio, 0.616161616162
[[ 22.   4.   5.]
 [  4.  11.  12.]
 [  5.   8.  29.]]
cf_score, 52.0
ratio, 0.626262626263
[[ 12.   7.   7.]
 [  5.  12.  11.]
 [  6.  13.  27.]]
cf_score, 38.0
ratio, 0.515151515152
[[ 20.   7.   7.]
 [  3.  12.  11.]
 [  9.  10.  21.]]
cf_score, 37.0
ratio, 0.535353535354
[[ 18.  11.   5.]
 [  7.  14.  16.]
 [  4.  11.  14.]]
cf_score, 37.0
ratio, 0.464646464646
[[ 13.   9.   4.]
 [  3.  15.  15.]
 [  2.  18.  21.]]
cf_score, 43.0
ratio, 0.494949494949
[[ 15.   5.   6.]
 [  3.  22.   9.]
 [  7.  12.  21.]]
cf_score, 45.0
ratio, 0.585858585859
[[ 26.   7.   2.]
 [  1.  19.   6.]
 [  2.  10.  27.]]
cf_score, 68.0
ratio, 0.727272727273
[[ 15.  12.   5.]
 [  1.  23.  12.]
 [  4.  11.  17.]]
cf_score, 46.0
ratio, 0.555555555556
[[ 20.  12.   8.]
 [  0.  19.   9.]
 [  1.  17.  14.]]
cf_score, 44.0
ratio, 0.535353535354
[[ 16.   5.   9.]
 [  1.  13.  11.]
 [  3.  19.  23.]]
cf_score, 40.0
ratio, 0.525252525253
[[ 15.  10.   4.]
 [  2.  15.   8.]
 [  4.  14.  28.]]
cf_score, 50.0
ratio, 0.585858585859
