[[  0.  19.   7.]
 [  0.  26.   8.]
 [  1.  14.  25.]]
cf_score, 43.0
nv_score, 3.0
ratio, 0.515151515152
[[ 27.   0.  10.]
 [ 18.   0.  12.]
 [ 10.   0.  23.]]
cf_score, 30.0
nv_score, -9.0
ratio, 0.505050505051
[[ 19.   0.   7.]
 [ 33.   0.  13.]
 [ 10.   0.  18.]]
cf_score, 20.0
nv_score, -9.0
ratio, 0.373737373737
[[ 25.   1.   7.]
 [ 20.   0.  11.]
 [ 14.   2.  20.]]
cf_score, 24.0
nv_score, -5.0
ratio, 0.454545454545
[[ 16.   0.  12.]
 [ 34.   2.   5.]
 [ 15.   3.  13.]]
cf_score, 4.0
nv_score, -16.0
ratio, 0.313131313131
[[ 26.   3.  10.]
 [ 24.   2.   9.]
 [ 11.   2.  13.]]
cf_score, 20.0
nv_score, -16.0
ratio, 0.414141414141
[[ 23.   0.   9.]
 [ 24.   3.  17.]
 [ 11.   0.  13.]]
cf_score, 19.0
nv_score, -22.0
ratio, 0.393939393939
[[ 26.   3.  10.]
 [ 21.   3.   3.]
 [ 15.   7.  12.]]
cf_score, 16.0
nv_score, -11.0
ratio, 0.414141414141
[[ 22.   2.   8.]
 [ 17.   4.  12.]
 [ 15.   2.  18.]]
cf_score, 21.0
nv_score, -10.0
ratio, 0.444444444444
[[ 21.   6.   7.]
 [ 23.   4.   5.]
 [ 11.   3.  20.]]
cf_score, 27.0
nv_score, 1.0
ratio, 0.454545454545
[[ 14.   2.   8.]
 [ 34.   0.  10.]
 [ 14.   2.  16.]]
cf_score, 8.0
nv_score, -10.0
ratio, 0.30303030303
[[ 19.   0.   8.]
 [ 31.   3.   5.]
 [ 13.   2.  19.]]
cf_score, 20.0
nv_score, -2.0
ratio, 0.414141414141
[[ 26.   4.   5.]
 [ 15.   3.  13.]
 [  9.   3.  22.]]
cf_score, 37.0
nv_score, -1.0
ratio, 0.515151515152
[[ 23.   0.   5.]
 [ 31.   3.   6.]
 [ 15.   4.  13.]]
cf_score, 19.0
nv_score, -3.0
ratio, 0.393939393939
[[ 22.   3.   8.]
 [ 13.   7.  16.]
 [  8.   0.  23.]]
cf_score, 36.0
nv_score, -9.0
ratio, 0.525252525253
[[ 33.   1.   6.]
 [ 20.   3.   6.]
 [ 13.   6.  12.]]
cf_score, 29.0
nv_score, -6.0
ratio, 0.484848484848
[[ 33.   2.   5.]
 [ 17.   5.   5.]
 [ 12.   9.  12.]]
cf_score, 33.0
nv_score, -3.0
ratio, 0.505050505051
[[ 22.   4.   2.]
 [ 24.   6.   9.]
 [ 10.   4.  19.]]
cf_score, 35.0
nv_score, 6.0
ratio, 0.474747474747
[[ 26.   2.   5.]
 [ 22.   4.   8.]
 [ 12.   4.  17.]]
cf_score, 30.0
nv_score, -1.0
ratio, 0.474747474747
[[ 22.   6.   9.]
 [ 21.   7.   9.]
 [  7.   2.  17.]]
cf_score, 30.0
nv_score, -10.0
ratio, 0.464646464646
[[ 25.   0.   2.]
 [ 25.   5.   9.]
 [ 12.   2.  20.]]
cf_score, 36.0
nv_score, 7.0
ratio, 0.505050505051
[[ 26.   1.   4.]
 [ 22.   6.   8.]
 [ 14.   2.  17.]]
cf_score, 31.0
nv_score, 1.0
ratio, 0.494949494949
[[ 24.   4.   5.]
 [ 18.   1.  16.]
 [ 16.   2.  14.]]
cf_score, 18.0
nv_score, -12.0
ratio, 0.393939393939
[[ 18.   1.   7.]
 [ 21.   2.  12.]
 [ 18.   1.  20.]]
cf_score, 15.0
nv_score, -6.0
ratio, 0.40404040404
[[ 18.   1.   4.]
 [ 22.   7.  11.]
 [  7.   0.  30.]]
cf_score, 44.0
nv_score, 11.0
ratio, 0.555555555556
[[ 24.   1.   1.]
 [ 29.   2.  12.]
 [  8.   5.  18.]]
cf_score, 35.0
nv_score, 4.0
ratio, 0.444444444444
[[ 17.   4.   9.]
 [ 26.   5.   5.]
 [ 12.   6.  16.]]
cf_score, 17.0
nv_score, -7.0
ratio, 0.383838383838
[[ 19.   1.   3.]
 [ 16.   5.  14.]
 [ 14.   8.  20.]]
cf_score, 27.0
nv_score, 0.0
ratio, 0.444444444444
[[ 24.   5.   4.]
 [ 23.   7.   8.]
 [ 16.   2.  11.]]
cf_score, 22.0
nv_score, -5.0
ratio, 0.424242424242
[[ 28.   2.   2.]
 [ 26.   3.   5.]
 [ 16.   6.  12.]]
cf_score, 25.0
nv_score, 3.0
ratio, 0.434343434343
[[ 27.   0.   4.]
 [ 19.   5.   5.]
 [ 16.   4.  20.]]
cf_score, 32.0
nv_score, 7.0
ratio, 0.525252525253
[[ 26.   3.   5.]
 [ 19.   5.   7.]
 [ 10.   2.  23.]]
cf_score, 39.0
nv_score, 6.0
ratio, 0.545454545455
[[ 21.   2.   3.]
 [ 24.   3.   6.]
 [ 12.   4.  25.]]
cf_score, 34.0
nv_score, 13.0
ratio, 0.494949494949
[[ 26.   4.   1.]
 [ 27.   5.   4.]
 [ 13.   2.  18.]]
cf_score, 35.0
nv_score, 12.0
ratio, 0.494949494949
[[ 25.   5.   5.]
 [ 25.   4.  13.]
 [ 11.   2.  10.]]
cf_score, 23.0
nv_score, -13.0
ratio, 0.393939393939
[[ 18.   2.   4.]
 [ 32.   4.   8.]
 [ 11.   5.  16.]]
cf_score, 23.0
nv_score, 0.0
ratio, 0.383838383838
[[ 32.   1.   6.]
 [ 21.   5.   5.]
 [  9.   3.  18.]]
cf_score, 40.0
nv_score, 1.0
ratio, 0.555555555556
[[ 29.   3.   3.]
 [ 25.   2.   7.]
 [ 13.   3.  15.]]
cf_score, 30.0
nv_score, 2.0
ratio, 0.464646464646
[[ 27.   4.   3.]
 [ 22.   6.   8.]
 [ 11.   6.  13.]]
cf_score, 32.0
nv_score, -1.0
ratio, 0.464646464646
[[ 18.   2.   2.]
 [ 26.   3.  16.]
 [ 10.   4.  19.]]
cf_score, 28.0
nv_score, -1.0
ratio, 0.40404040404
[[ 27.   3.   4.]
 [ 21.   6.  12.]
 [  9.   2.  16.]]
cf_score, 36.0
nv_score, -4.0
ratio, 0.494949494949
[[ 21.   4.   4.]
 [ 20.   7.  15.]
 [  5.   3.  21.]]
cf_score, 40.0
nv_score, -2.0
ratio, 0.494949494949
[[ 19.   1.   2.]
 [ 22.   5.  19.]
 [  7.   8.  17.]]
cf_score, 32.0
nv_score, -6.0
ratio, 0.414141414141
[[ 18.   3.   5.]
 [ 26.   5.  10.]
 [ 13.   2.  18.]]
cf_score, 23.0
nv_score, -2.0
ratio, 0.414141414141
[[ 18.   1.   5.]
 [ 29.   3.   6.]
 [ 18.   5.  15.]]
cf_score, 13.0
nv_score, -1.0
ratio, 0.363636363636
[[ 28.   2.   3.]
 [ 20.   3.   8.]
 [ 19.   0.  17.]]
cf_score, 26.0
nv_score, 3.0
ratio, 0.484848484848
[[ 27.   2.   7.]
 [ 21.   6.  10.]
 [  4.   3.  20.]]
cf_score, 42.0
nv_score, -4.0
ratio, 0.535353535354
[[ 30.   5.   2.]
 [ 22.   3.   7.]
 [ 16.   4.  11.]]
cf_score, 26.0
nv_score, 0.0
ratio, 0.444444444444
[[ 19.   4.   4.]
 [ 18.   2.  13.]
 [ 10.   5.  25.]]
cf_score, 32.0
nv_score, 4.0
ratio, 0.464646464646
[[ 25.   2.   2.]
 [ 28.   2.   7.]
 [ 18.   6.  10.]]
cf_score, 17.0
nv_score, -1.0
ratio, 0.373737373737
