[[  3.   9.  14.]
 [  2.  26.  10.]
 [  0.  19.  17.]]
cf_score, 32.0
ratio, 0.464646464646
[[  2.  24.   5.]
 [  1.  25.  11.]
 [  1.  15.  16.]]
cf_score, 37.0
ratio, 0.434343434343
[[  5.  18.  11.]
 [  2.  24.   7.]
 [  3.  14.  16.]]
cf_score, 31.0
ratio, 0.454545454545
[[  6.  16.  12.]
 [  3.  18.  11.]
 [  5.  18.  11.]]
cf_score, 18.0
ratio, 0.353535353535
[[  5.  19.   7.]
 [ 10.  14.   5.]
 [  2.  21.  17.]]
cf_score, 27.0
ratio, 0.363636363636
[[  5.  22.   3.]
 [  6.  16.   7.]
 [  8.  20.  13.]]
cf_score, 23.0
ratio, 0.343434343434
[[  6.  18.  11.]
 [  3.  23.   5.]
 [  8.  15.  11.]]
cf_score, 21.0
ratio, 0.40404040404
[[  8.  25.   3.]
 [  8.  17.   3.]
 [  6.  14.  16.]]
cf_score, 32.0
ratio, 0.414141414141
[[  4.  23.   6.]
 [  3.  25.   7.]
 [  9.  15.   8.]]
cf_score, 22.0
ratio, 0.373737373737
[[  4.  20.   3.]
 [  6.  23.   4.]
 [  7.  18.  15.]]
cf_score, 32.0
ratio, 0.424242424242
[[ 11.  25.   5.]
 [  3.  18.   2.]
 [  7.  21.   8.]]
cf_score, 25.0
ratio, 0.373737373737
[[  8.  22.   6.]
 [  6.  24.   4.]
 [  6.  15.   9.]]
cf_score, 29.0
ratio, 0.414141414141
[[  5.  24.   5.]
 [  4.  16.   5.]
 [  4.  26.  11.]]
cf_score, 23.0
ratio, 0.323232323232
[[ 12.  13.   8.]
 [  4.  19.   6.]
 [  5.  25.   8.]]
cf_score, 26.0
ratio, 0.393939393939
[[  3.  31.   1.]
 [  5.  21.   8.]
 [  6.  16.   9.]]
cf_score, 26.0
ratio, 0.333333333333
[[  8.  22.   4.]
 [  3.  20.   7.]
 [  6.  19.  11.]]
cf_score, 29.0
ratio, 0.393939393939
[[  6.  20.   3.]
 [ 10.  16.   4.]
 [ 10.  14.  17.]]
cf_score, 26.0
ratio, 0.393939393939
[[  6.  18.   7.]
 [  8.  27.   2.]
 [  3.  18.  11.]]
cf_score, 34.0
ratio, 0.444444444444
[[  4.  23.   6.]
 [  0.  22.   5.]
 [  4.  21.  15.]]
cf_score, 31.0
ratio, 0.414141414141
[[  4.  19.   5.]
 [  5.  24.   9.]
 [  4.  15.  15.]]
cf_score, 34.0
ratio, 0.434343434343
[[  2.  29.   8.]
 [  3.  13.  10.]
 [  4.  22.   9.]]
cf_score, 12.0
ratio, 0.242424242424
[[  4.  20.   9.]
 [  1.  16.  11.]
 [  5.  19.  15.]]
cf_score, 21.0
ratio, 0.353535353535
[[  2.  19.   7.]
 [  2.  21.  13.]
 [  8.  15.  13.]]
cf_score, 21.0
ratio, 0.363636363636
[[  2.  19.   7.]
 [  3.  23.  10.]
 [  3.  19.  14.]]
cf_score, 29.0
ratio, 0.393939393939
[[  5.  23.   9.]
 [  4.  20.   9.]
 [  3.  15.  12.]]
cf_score, 25.0
ratio, 0.373737373737
[[  3.  14.   9.]
 [  1.  22.   8.]
 [  5.  22.  16.]]
cf_score, 27.0
ratio, 0.414141414141
[[  0.  26.   6.]
 [  6.  20.   6.]
 [  4.  15.  17.]]
cf_score, 27.0
ratio, 0.373737373737
[[  3.  19.  11.]
 [  2.  16.  12.]
 [  3.  21.  13.]]
cf_score, 18.0
ratio, 0.323232323232
[[  4.  23.  12.]
 [  2.  17.  10.]
 [  2.  17.  13.]]
cf_score, 20.0
ratio, 0.343434343434
[[  4.  24.   6.]
 [  1.  18.   6.]
 [  4.  15.  22.]]
cf_score, 34.0
ratio, 0.444444444444
[[  4.  20.   8.]
 [  3.  18.   5.]
 [  5.  19.  18.]]
cf_score, 27.0
ratio, 0.40404040404
[[  3.  15.   9.]
 [  3.  22.  11.]
 [  6.  20.  11.]]
cf_score, 21.0
ratio, 0.363636363636
[[  2.  13.  16.]
 [  2.  17.   8.]
 [  3.  19.  20.]]
cf_score, 20.0
ratio, 0.393939393939
[[  4.  18.  12.]
 [  3.  17.   8.]
 [  3.  17.  18.]]
cf_score, 24.0
ratio, 0.393939393939
[[  2.  18.   7.]
 [  3.  28.  11.]
 [  1.  13.  17.]]
cf_score, 39.0
ratio, 0.474747474747
[[  4.  20.   9.]
 [  1.  18.  12.]
 [  2.  13.  21.]]
cf_score, 32.0
ratio, 0.434343434343
[[  4.  17.   8.]
 [  3.  19.  12.]
 [  0.  18.  19.]]
cf_score, 34.0
ratio, 0.424242424242
[[  4.  22.  11.]
 [  3.  16.  10.]
 [  1.  22.  11.]]
cf_score, 19.0
ratio, 0.313131313131
[[  5.  18.   7.]
 [  0.  17.  19.]
 [  5.  14.  15.]]
cf_score, 25.0
ratio, 0.373737373737
[[  7.  18.  12.]
 [  4.  21.  11.]
 [  1.  13.  13.]]
cf_score, 28.0
ratio, 0.414141414141
[[  6.  19.   4.]
 [  5.   7.  14.]
 [  2.  24.  19.]]
cf_score, 26.0
ratio, 0.323232323232
[[  9.  17.   7.]
 [  2.  16.  10.]
 [  2.  15.  22.]]
cf_score, 38.0
ratio, 0.474747474747
[[  9.  14.   7.]
 [  6.  14.  16.]
 [  1.  13.  20.]]
cf_score, 35.0
ratio, 0.434343434343
[[  7.  10.   4.]
 [  7.  17.  15.]
 [  6.  17.  17.]]
cf_score, 31.0
ratio, 0.414141414141
[[  8.  17.  13.]
 [  8.  14.   8.]
 [  3.  16.  13.]]
cf_score, 19.0
ratio, 0.353535353535
[[  6.  22.  12.]
 [  1.  11.  10.]
 [  4.  14.  20.]]
cf_score, 21.0
ratio, 0.373737373737
[[ 12.  17.   6.]
 [  5.   9.  12.]
 [  4.  18.  17.]]
cf_score, 28.0
ratio, 0.383838383838
[[  8.  15.   8.]
 [  5.  14.  11.]
 [  4.  13.  22.]]
cf_score, 32.0
ratio, 0.444444444444
[[  9.  18.   8.]
 [  6.  14.   5.]
 [  2.  15.  23.]]
cf_score, 36.0
ratio, 0.464646464646
[[ 14.  26.   8.]
 [  3.   6.  10.]
 [  4.  12.  17.]]
cf_score, 25.0
ratio, 0.373737373737
