[[ 13.  23.   0.]
 [  0.  29.   0.]
 [  1.  34.   0.]]
cf_score, 41.0
nv_score, 0.0
ratio, 0.424242424242
[[ 14.  23.   0.]
 [  0.  34.   0.]
 [  4.  24.   1.]]
cf_score, 45.0
nv_score, 1.0
ratio, 0.494949494949
[[  6.  25.   0.]
 [  0.  19.   0.]
 [  3.  47.   0.]]
cf_score, 22.0
nv_score, 0.0
ratio, 0.252525252525
[[ 10.  18.   0.]
 [  0.  34.   0.]
 [  3.  33.   2.]]
cf_score, 43.0
nv_score, 2.0
ratio, 0.464646464646
[[ 12.  16.   0.]
 [  1.  38.   0.]
 [  3.  30.   0.]]
cf_score, 47.0
nv_score, 0.0
ratio, 0.505050505051
[[ 10.  13.   0.]
 [  1.  51.   0.]
 [  0.  25.   0.]]
cf_score, 61.0
nv_score, 0.0
ratio, 0.616161616162
[[ 12.  18.   0.]
 [  0.  30.   0.]
 [  2.  36.   2.]]
cf_score, 42.0
nv_score, 2.0
ratio, 0.444444444444
[[ 13.  23.   0.]
 [  0.  31.   0.]
 [  1.  32.   0.]]
cf_score, 43.0
nv_score, 0.0
ratio, 0.444444444444
[[ 12.  24.   0.]
 [  0.  31.   0.]
 [  1.  31.   1.]]
cf_score, 43.0
nv_score, 1.0
ratio, 0.444444444444
[[ 13.  16.   0.]
 [  0.  31.   0.]
 [  5.  35.   0.]]
cf_score, 39.0
nv_score, 0.0
ratio, 0.444444444444
[[ 11.  16.   0.]
 [  0.  35.   0.]
 [  3.  35.   0.]]
cf_score, 43.0
nv_score, 0.0
ratio, 0.464646464646
[[  8.  31.   0.]
 [  0.  22.   0.]
 [  2.  36.   1.]]
cf_score, 29.0
nv_score, 1.0
ratio, 0.313131313131
[[  6.  24.   0.]
 [  0.  36.   0.]
 [  1.  32.   1.]]
cf_score, 42.0
nv_score, 1.0
ratio, 0.434343434343
[[ 11.  22.   0.]
 [  1.  34.   0.]
 [  2.  28.   2.]]
cf_score, 45.0
nv_score, 2.0
ratio, 0.474747474747
[[ 10.  17.   0.]
 [  0.  30.   1.]
 [  1.  39.   2.]]
cf_score, 41.0
nv_score, 1.0
ratio, 0.424242424242
[[ 11.  11.   8.]
 [  0.  20.   9.]
 [  4.  15.  22.]]
cf_score, 41.0
nv_score, -3.0
ratio, 0.535353535354
[[  9.  14.   7.]
 [  0.  22.  10.]
 [  0.  18.  20.]]
cf_score, 44.0
nv_score, -4.0
ratio, 0.515151515152
[[ 10.  10.   9.]
 [  0.  17.  17.]
 [  2.  18.  17.]]
cf_score, 33.0
nv_score, -18.0
ratio, 0.444444444444
[[ 13.   9.   2.]
 [  0.  26.   8.]
 [  1.  11.  30.]]
cf_score, 66.0
nv_score, 18.0
ratio, 0.69696969697
[[  9.  17.   6.]
 [  0.  24.  10.]
 [  2.   9.  23.]]
cf_score, 48.0
nv_score, 1.0
ratio, 0.565656565657
[[ 14.  12.   5.]
 [  0.  32.   9.]
 [  1.  10.  17.]]
cf_score, 57.0
nv_score, -2.0
ratio, 0.636363636364
[[ 11.  20.   4.]
 [  0.  19.  12.]
 [  1.  13.  20.]]
cf_score, 45.0
nv_score, 0.0
ratio, 0.505050505051
[[ 11.  17.   9.]
 [  1.  21.  13.]
 [  1.  14.  13.]]
cf_score, 35.0
nv_score, -18.0
ratio, 0.454545454545
[[  6.  18.   6.]
 [  0.  21.  11.]
 [  1.  14.  23.]]
cf_score, 43.0
nv_score, 0.0
ratio, 0.505050505051
[[ 13.  13.   8.]
 [  0.  25.   9.]
 [  2.  13.  17.]]
cf_score, 45.0
nv_score, -8.0
ratio, 0.555555555556
[[  9.  15.   6.]
 [  0.  26.   8.]
 [  3.  13.  20.]]
cf_score, 46.0
nv_score, 0.0
ratio, 0.555555555556
[[ 11.  12.   8.]
 [  0.  28.  10.]
 [  2.   9.  20.]]
cf_score, 49.0
nv_score, -6.0
ratio, 0.59595959596
[[  9.  16.   6.]
 [  0.  22.  12.]
 [  1.  12.  22.]]
cf_score, 46.0
nv_score, -2.0
ratio, 0.535353535354
[[  8.  14.   5.]
 [  0.  28.  11.]
 [  2.  15.  17.]]
cf_score, 46.0
nv_score, -4.0
ratio, 0.535353535354
[[  7.  18.   6.]
 [  0.  20.   8.]
 [  1.  18.  22.]]
cf_score, 42.0
nv_score, 2.0
ratio, 0.494949494949
[[ 11.  16.   6.]
 [  0.  28.  10.]
 [  0.   7.  22.]]
cf_score, 55.0
nv_score, 0.0
ratio, 0.616161616162
[[ 13.  18.  10.]
 [  0.  23.  14.]
 [  2.  13.   7.]]
cf_score, 31.0
nv_score, -27.0
ratio, 0.434343434343
[[  9.  15.   4.]
 [  0.  18.  11.]
 [  3.  19.  21.]]
cf_score, 41.0
nv_score, 2.0
ratio, 0.484848484848
[[ 13.  11.  10.]
 [  0.  19.  15.]
 [  1.  15.  16.]]
cf_score, 37.0
nv_score, -19.0
ratio, 0.484848484848
[[ 10.  12.   6.]
 [  0.  26.   7.]
 [  1.  13.  25.]]
cf_score, 54.0
nv_score, 6.0
ratio, 0.616161616162
[[  8.   9.  10.]
 [  1.  31.  11.]
 [  2.   8.  20.]]
cf_score, 47.0
nv_score, -11.0
ratio, 0.59595959596
[[ 16.  11.   5.]
 [  0.  20.  13.]
 [  2.  21.  12.]]
cf_score, 41.0
nv_score, -11.0
ratio, 0.484848484848
[[ 10.  10.   4.]
 [  0.  26.   2.]
 [  1.  19.  28.]]
cf_score, 59.0
nv_score, 18.0
ratio, 0.646464646465
[[  9.  17.  10.]
 [  0.  23.  11.]
 [  2.  15.  13.]]
cf_score, 33.0
nv_score, -18.0
ratio, 0.454545454545
[[  6.  22.   5.]
 [  0.  27.   8.]
 [  1.  10.  21.]]
cf_score, 48.0
nv_score, 3.0
ratio, 0.545454545455
[[  3.  12.  16.]
 [  0.  30.  10.]
 [  1.  12.  16.]]
cf_score, 32.0
nv_score, -26.0
ratio, 0.494949494949
[[  9.  16.   6.]
 [  0.  22.   9.]
 [  1.  20.  17.]]
cf_score, 41.0
nv_score, -4.0
ratio, 0.484848484848
[[ 11.  19.   6.]
 [  0.  22.   8.]
 [  0.  16.  18.]]
cf_score, 45.0
nv_score, -2.0
ratio, 0.515151515152
[[ 11.  11.   4.]
 [  0.  30.  13.]
 [  1.  15.  15.]]
cf_score, 51.0
nv_score, -6.0
ratio, 0.565656565657
[[ 12.  14.   8.]
 [  0.  20.   7.]
 [  3.  20.  16.]]
cf_score, 37.0
nv_score, -7.0
ratio, 0.484848484848
[[ 13.  19.   8.]
 [  0.  27.   5.]
 [  0.  11.  17.]]
cf_score, 49.0
nv_score, -4.0
ratio, 0.575757575758
[[ 10.  11.   6.]
 [  0.  25.   8.]
 [  2.  17.  21.]]
cf_score, 48.0
nv_score, 1.0
ratio, 0.565656565657
[[ 13.  10.   4.]
 [  0.  23.   9.]
 [  2.  21.  18.]]
cf_score, 48.0
nv_score, 1.0
ratio, 0.545454545455
[[ 10.  13.   5.]
 [  0.  27.  13.]
 [  2.  14.  16.]]
cf_score, 46.0
nv_score, -7.0
ratio, 0.535353535354
[[ 11.  14.   8.]
 [  0.  22.  11.]
 [  2.  17.  15.]]
cf_score, 38.0
nv_score, -12.0
ratio, 0.484848484848
