[[  0.  16.  16.]
 [  0.  30.  13.]
 [  0.   8.  17.]]
cf_score, 31.0
nv_score, -28.0
ratio, 0.474747474747
[[  0.  19.  27.]
 [  0.  18.  17.]
 [  0.   4.  15.]]
cf_score, 6.0
nv_score, -56.0
ratio, 0.333333333333
[[  1.   8.  20.]
 [  0.  26.  16.]
 [  0.   7.  22.]]
cf_score, 29.0
nv_score, -34.0
ratio, 0.494949494949
[[  0.   9.  22.]
 [  0.  29.  10.]
 [  0.   4.  26.]]
cf_score, 33.0
nv_score, -28.0
ratio, 0.555555555556
[[ 15.  11.   4.]
 [  7.  30.   3.]
 [ 10.  11.   9.]]
cf_score, 40.0
nv_score, -2.0
ratio, 0.545454545455
[[ 19.   9.   1.]
 [  5.  35.   4.]
 [ 17.   8.   2.]]
cf_score, 38.0
nv_score, -4.0
ratio, 0.565656565657
[[  3.  12.  23.]
 [  0.  21.  16.]
 [  0.   8.  17.]]
cf_score, 18.0
nv_score, -45.0
ratio, 0.414141414141
[[  0.   8.  25.]
 [  0.  31.  11.]
 [  0.   7.  18.]]
cf_score, 24.0
nv_score, -43.0
ratio, 0.494949494949
[[  0.   9.  16.]
 [  0.  33.   8.]
 [  0.   9.  25.]]
cf_score, 42.0
nv_score, -15.0
ratio, 0.585858585859
[[  0.  10.  30.]
 [  0.  24.  15.]
 [  0.   9.  12.]]
cf_score, 6.0
nv_score, -63.0
ratio, 0.363636363636
[[  4.  16.  17.]
 [  0.  24.   9.]
 [  2.   6.  22.]]
cf_score, 31.0
nv_score, -21.0
ratio, 0.505050505051
[[  0.  15.  21.]
 [  0.  27.   5.]
 [  0.  23.   9.]]
cf_score, 15.0
nv_score, -38.0
ratio, 0.363636363636
[[  0.  12.  21.]
 [  0.  33.   9.]
 [  0.   6.  19.]]
cf_score, 31.0
nv_score, -32.0
ratio, 0.525252525253
[[  0.  10.  31.]
 [  0.  18.  11.]
 [  0.   7.  23.]]
cf_score, 10.0
nv_score, -50.0
ratio, 0.414141414141
[[  0.  10.  25.]
 [  0.  21.  12.]
 [  0.  11.  21.]]
cf_score, 17.0
nv_score, -41.0
ratio, 0.424242424242
[[  6.  13.  19.]
 [  1.  26.   7.]
 [  3.  13.  12.]]
cf_score, 22.0
nv_score, -33.0
ratio, 0.444444444444
[[  1.  17.  18.]
 [  3.  30.   4.]
 [  1.  13.  13.]]
cf_score, 25.0
nv_score, -27.0
ratio, 0.444444444444
[[  1.  22.  16.]
 [  1.  26.   2.]
 [  3.  16.  13.]]
cf_score, 21.0
nv_score, -21.0
ratio, 0.40404040404
[[  2.  12.  17.]
 [  3.  27.   5.]
 [  4.  15.  15.]]
cf_score, 23.0
nv_score, -24.0
ratio, 0.444444444444
[[  9.  19.   9.]
 [  3.  31.   4.]
 [  8.   7.  10.]]
cf_score, 33.0
nv_score, -12.0
ratio, 0.505050505051
[[ 10.  11.  10.]
 [  7.  35.   5.]
 [  4.   5.  13.]]
cf_score, 44.0
nv_score, -12.0
ratio, 0.585858585859
[[  3.  13.  19.]
 [  2.  29.   7.]
 [  4.   6.  17.]]
cf_score, 26.0
nv_score, -28.0
ratio, 0.494949494949
[[  5.  18.   8.]
 [  4.  27.   4.]
 [  2.  22.  10.]]
cf_score, 32.0
nv_score, -10.0
ratio, 0.424242424242
[[ 12.  14.   6.]
 [  6.  32.   3.]
 [ 11.  10.   6.]]
cf_score, 33.0
nv_score, -9.0
ratio, 0.505050505051
[[  8.  14.  15.]
 [  7.  18.   4.]
 [ 14.  10.  10.]]
cf_score, 7.0
nv_score, -24.0
ratio, 0.363636363636
[[  7.  18.   9.]
 [  5.  31.   1.]
 [ 14.   8.   7.]]
cf_score, 22.0
nv_score, -12.0
ratio, 0.454545454545
[[  3.  15.  24.]
 [  5.  24.   6.]
 [  2.   7.  14.]]
cf_score, 15.0
nv_score, -40.0
ratio, 0.414141414141
[[  7.  16.   7.]
 [  4.  33.   0.]
 [ 11.  18.   4.]]
cf_score, 26.0
nv_score, -10.0
ratio, 0.444444444444
[[  9.  23.   7.]
 [  5.  26.   0.]
 [ 12.  13.   5.]]
cf_score, 21.0
nv_score, -9.0
ratio, 0.40404040404
[[  1.  19.   4.]
 [  2.  41.   2.]
 [  5.  16.  10.]]
cf_score, 43.0
nv_score, 0.0
ratio, 0.525252525253
[[  7.  12.  16.]
 [  2.  37.   1.]
 [  2.  15.   8.]]
cf_score, 34.0
nv_score, -25.0
ratio, 0.525252525253
[[ 14.  16.   7.]
 [  4.  24.   1.]
 [  9.  19.   6.]]
cf_score, 28.0
nv_score, -9.0
ratio, 0.444444444444
[[  9.  17.   4.]
 [ 13.  29.   1.]
 [ 10.  13.   4.]]
cf_score, 28.0
nv_score, -5.0
ratio, 0.424242424242
[[ 12.  17.   7.]
 [  9.  23.   2.]
 [  6.  15.   9.]]
cf_score, 31.0
nv_score, -7.0
ratio, 0.444444444444
[[  8.  15.   9.]
 [  6.  23.   2.]
 [ 14.  12.  11.]]
cf_score, 19.0
nv_score, -9.0
ratio, 0.424242424242
[[ 10.  17.   9.]
 [  9.  23.   0.]
 [ 16.  11.   5.]]
cf_score, 13.0
nv_score, -13.0
ratio, 0.383838383838
[[ 11.  14.   9.]
 [  8.  32.   1.]
 [ 12.   6.   7.]]
cf_score, 29.0
nv_score, -12.0
ratio, 0.505050505051
[[ 10.  20.  13.]
 [  3.  29.   0.]
 [ 10.  11.   4.]]
cf_score, 20.0
nv_score, -22.0
ratio, 0.434343434343
[[ 12.  11.  10.]
 [ 14.  26.   0.]
 [ 15.   6.   6.]]
cf_score, 19.0
nv_score, -14.0
ratio, 0.444444444444
[[  9.  19.   5.]
 [  6.  24.   1.]
 [ 16.  16.   4.]]
cf_score, 16.0
nv_score, -7.0
ratio, 0.373737373737
[[  3.  21.  13.]
 [  2.  30.   5.]
 [  7.  12.   7.]]
cf_score, 20.0
nv_score, -24.0
ratio, 0.40404040404
[[  9.  23.   6.]
 [  8.  24.   0.]
 [ 16.   9.   5.]]
cf_score, 16.0
nv_score, -7.0
ratio, 0.383838383838
[[  4.  21.   9.]
 [  7.  24.   0.]
 [  7.  21.   7.]]
cf_score, 19.0
nv_score, -11.0
ratio, 0.353535353535
[[  9.  22.   5.]
 [  7.  27.   4.]
 [  7.   8.  11.]]
cf_score, 35.0
nv_score, -3.0
ratio, 0.474747474747
[[  6.  21.  13.]
 [  6.  32.   0.]
 [  7.   9.   6.]]
cf_score, 24.0
nv_score, -20.0
ratio, 0.444444444444
[[  6.  23.   8.]
 [  6.  22.   3.]
 [ 10.  14.   8.]]
cf_score, 18.0
nv_score, -11.0
ratio, 0.363636363636
[[  7.  16.  10.]
 [  6.  24.   1.]
 [ 12.   8.  16.]]
cf_score, 25.0
nv_score, -5.0
ratio, 0.474747474747
[[ 19.  10.   5.]
 [ 14.  30.   2.]
 [ 11.   8.   1.]]
cf_score, 34.0
nv_score, -11.0
ratio, 0.505050505051
[[ 15.  10.   5.]
 [ 11.  24.   2.]
 [ 17.  10.   6.]]
cf_score, 23.0
nv_score, -6.0
ratio, 0.454545454545
[[ 10.  11.   7.]
 [  8.  32.   2.]
 [ 12.  14.   4.]]
cf_score, 27.0
nv_score, -12.0
ratio, 0.464646464646
