[[  0.   0.  34.]
 [  0.   0.  28.]
 [  0.   0.  38.]]
cf_score, 4.0
nv_score, -58.0
ratio, 0.383838383838
[[  0.  39.   0.]
 [  0.  29.   0.]
 [  0.  32.   0.]]
cf_score, 29.0
nv_score, 0.0
ratio, 0.292929292929
[[ 13.   0.  19.]
 [  9.   0.  22.]
 [  4.   0.  33.]]
cf_score, 23.0
nv_score, -27.0
ratio, 0.464646464646
[[ 12.   0.  17.]
 [ 18.   0.  18.]
 [  4.   0.  31.]]
cf_score, 22.0
nv_score, -21.0
ratio, 0.434343434343
[[ 16.   0.  17.]
 [ 16.   0.  19.]
 [  1.   1.  30.]]
cf_score, 28.0
nv_score, -23.0
ratio, 0.464646464646
[[ 24.   0.  17.]
 [  9.   0.  18.]
 [  4.   1.  27.]]
cf_score, 30.0
nv_score, -25.0
ratio, 0.515151515152
[[ 18.   0.  25.]
 [  9.   0.  15.]
 [  5.   2.  26.]]
cf_score, 14.0
nv_score, -39.0
ratio, 0.444444444444
[[ 13.   0.  14.]
 [ 15.   0.  15.]
 [  5.   4.  34.]]
cf_score, 28.0
nv_score, -9.0
ratio, 0.474747474747
[[ 13.   0.  24.]
 [ 20.   0.  18.]
 [  4.   3.  18.]]
cf_score, 3.0
nv_score, -48.0
ratio, 0.313131313131
[[ 16.   0.  25.]
 [ 10.   0.  12.]
 [  5.   1.  31.]]
cf_score, 17.0
nv_score, -31.0
ratio, 0.474747474747
[[ 13.   0.  21.]
 [ 15.   0.  20.]
 [  4.   2.  25.]]
cf_score, 13.0
nv_score, -37.0
ratio, 0.383838383838
[[ 12.   0.  18.]
 [ 20.   0.  20.]
 [  7.   0.  23.]]
cf_score, 10.0
nv_score, -33.0
ratio, 0.353535353535
[[ 20.   0.  18.]
 [ 11.   0.  20.]
 [  4.   1.  26.]]
cf_score, 24.0
nv_score, -30.0
ratio, 0.464646464646
[[ 16.   0.  19.]
 [ 11.   0.  17.]
 [  6.   1.  30.]]
cf_score, 21.0
nv_score, -25.0
ratio, 0.464646464646
[[ 10.   0.  21.]
 [ 14.   0.  21.]
 [  5.   3.  26.]]
cf_score, 10.0
nv_score, -37.0
ratio, 0.363636363636
[[ 18.   0.  20.]
 [ 15.   0.  22.]
 [  4.   1.  20.]]
cf_score, 14.0
nv_score, -42.0
ratio, 0.383838383838
[[ 22.   0.  13.]
 [ 14.   0.  17.]
 [  5.   0.  29.]]
cf_score, 33.0
nv_score, -14.0
ratio, 0.515151515152
[[ 15.   0.  18.]
 [ 16.   0.  15.]
 [  9.   0.  27.]]
cf_score, 15.0
nv_score, -24.0
ratio, 0.424242424242
[[ 14.   0.  14.]
 [ 14.   0.  21.]
 [ 12.   0.  25.]]
cf_score, 13.0
nv_score, -24.0
ratio, 0.393939393939
[[ 16.   0.  24.]
 [ 16.   0.  18.]
 [  7.   0.  19.]]
cf_score, 4.0
nv_score, -47.0
ratio, 0.353535353535
[[ 11.   0.  19.]
 [ 14.   0.  20.]
 [  6.   0.  30.]]
cf_score, 16.0
nv_score, -28.0
ratio, 0.414141414141
[[ 18.   0.  16.]
 [ 15.   0.  18.]
 [  7.   0.  26.]]
cf_score, 21.0
nv_score, -24.0
ratio, 0.444444444444
[[ 17.   0.  23.]
 [ 10.   0.  13.]
 [ 13.   0.  24.]]
cf_score, 5.0
nv_score, -35.0
ratio, 0.414141414141
[[ 19.   0.  21.]
 [  8.   0.  20.]
 [  9.   0.  23.]]
cf_score, 12.0
nv_score, -39.0
ratio, 0.424242424242
[[ 14.   0.  14.]
 [ 13.   0.  17.]
 [  5.   0.  37.]]
cf_score, 32.0
nv_score, -8.0
ratio, 0.515151515152
[[ 14.   0.  20.]
 [ 16.   0.  14.]
 [  6.   0.  30.]]
cf_score, 18.0
nv_score, -24.0
ratio, 0.444444444444
[[ 13.   0.  20.]
 [ 17.   0.  21.]
 [  2.   0.  27.]]
cf_score, 18.0
nv_score, -34.0
ratio, 0.40404040404
[[ 13.   0.  21.]
 [ 14.   0.  22.]
 [  4.   0.  26.]]
cf_score, 14.0
nv_score, -38.0
ratio, 0.393939393939
[[ 15.   0.  21.]
 [  9.   0.  20.]
 [  3.   8.  24.]]
cf_score, 15.0
nv_score, -38.0
ratio, 0.393939393939
[[ 17.   0.  10.]
 [ 16.   0.  24.]
 [  6.   1.  26.]]
cf_score, 27.0
nv_score, -18.0
ratio, 0.434343434343
[[ 17.   0.  23.]
 [  6.   0.  21.]
 [ 10.   1.  22.]]
cf_score, 6.0
nv_score, -45.0
ratio, 0.393939393939
[[ 11.   0.  18.]
 [ 14.   0.  23.]
 [ 10.   0.  24.]]
cf_score, 7.0
nv_score, -35.0
ratio, 0.353535353535
[[ 23.   0.  19.]
 [ 17.   0.  17.]
 [  3.   0.  21.]]
cf_score, 22.0
nv_score, -34.0
ratio, 0.444444444444
[[ 15.   0.  20.]
 [ 15.   0.  17.]
 [  9.   0.  24.]]
cf_score, 10.0
nv_score, -33.0
ratio, 0.393939393939
[[ 14.   0.  21.]
 [ 15.   0.  20.]
 [  6.   0.  24.]]
cf_score, 11.0
nv_score, -38.0
ratio, 0.383838383838
[[ 23.   0.  23.]
 [ 12.   0.  17.]
 [  5.   0.  20.]]
cf_score, 15.0
nv_score, -43.0
ratio, 0.434343434343
[[ 17.   0.  21.]
 [ 18.   0.  20.]
 [  4.   0.  20.]]
cf_score, 12.0
nv_score, -42.0
ratio, 0.373737373737
[[ 21.   0.  22.]
 [  8.   0.  16.]
 [ 12.   0.  21.]]
cf_score, 8.0
nv_score, -39.0
ratio, 0.424242424242
[[ 11.   0.  12.]
 [ 20.   0.  22.]
 [  9.   0.  26.]]
cf_score, 16.0
nv_score, -20.0
ratio, 0.373737373737
[[ 19.   0.  23.]
 [ 12.   0.  16.]
 [  5.   0.  25.]]
cf_score, 16.0
nv_score, -37.0
ratio, 0.444444444444
[[  6.   0.  25.]
 [ 17.   0.  20.]
 [  8.   0.  24.]]
cf_score, -3.0
nv_score, -46.0
ratio, 0.30303030303
[[ 11.   0.  15.]
 [ 14.   0.  15.]
 [  6.   0.  39.]]
cf_score, 29.0
nv_score, -6.0
ratio, 0.505050505051
[[ 20.   0.  25.]
 [ 12.   0.  14.]
 [  6.   0.  23.]]
cf_score, 12.0
nv_score, -41.0
ratio, 0.434343434343
[[ 13.   0.  25.]
 [ 16.   0.  20.]
 [  5.   0.  21.]]
cf_score, 4.0
nv_score, -49.0
ratio, 0.343434343434
[[ 21.   0.  19.]
 [ 12.   0.  13.]
 [  6.   0.  29.]]
cf_score, 25.0
nv_score, -22.0
ratio, 0.505050505051
[[ 18.   0.  23.]
 [ 17.   0.  22.]
 [  6.   0.  14.]]
cf_score, 3.0
nv_score, -54.0
ratio, 0.323232323232
[[ 21.   0.  24.]
 [  8.   0.  24.]
 [  8.   0.  15.]]
cf_score, 4.0
nv_score, -57.0
ratio, 0.363636363636
[[ 16.   0.  23.]
 [ 15.   0.  17.]
 [  5.   0.  24.]]
cf_score, 12.0
nv_score, -39.0
ratio, 0.40404040404
[[ 21.   0.  20.]
 [ 14.   0.  20.]
 [  8.   0.  17.]]
cf_score, 10.0
nv_score, -43.0
ratio, 0.383838383838
[[ 15.   0.  19.]
 [  9.   0.  23.]
 [  7.   0.  27.]]
cf_score, 16.0
nv_score, -34.0
ratio, 0.424242424242
