[[  0.   0.  34.]
 [  0.   0.  34.]
 [  0.   0.  32.]]
cf_score, -2.0
nv_score, -70.0
ratio, 0.323232323232
[[  0.   0.  25.]
 [  0.   0.  40.]
 [  0.   0.  35.]]
cf_score, 10.0
nv_score, -55.0
ratio, 0.353535353535
[[  0.   0.  31.]
 [  0.   0.  46.]
 [  0.   0.  23.]]
cf_score, -8.0
nv_score, -85.0
ratio, 0.232323232323
[[  0.   0.  25.]
 [  0.   0.  42.]
 [  0.   0.  33.]]
cf_score, 8.0
nv_score, -59.0
ratio, 0.333333333333
[[  0.   0.  33.]
 [  0.   0.  40.]
 [  0.   0.  27.]]
cf_score, -6.0
nv_score, -79.0
ratio, 0.272727272727
[[  0.   0.  32.]
 [  0.   0.  38.]
 [  0.   0.  30.]]
cf_score, -2.0
nv_score, -72.0
ratio, 0.30303030303
[[  0.   0.  39.]
 [  0.   0.  33.]
 [  0.   0.  28.]]
cf_score, -11.0
nv_score, -83.0
ratio, 0.282828282828
[[  0.   0.  37.]
 [  0.   0.  48.]
 [  0.   0.  15.]]
cf_score, -22.0
nv_score, -107.0
ratio, 0.151515151515
[[  0.   0.  31.]
 [  0.   0.  38.]
 [  0.   0.  31.]]
cf_score, 0.0
nv_score, -69.0
ratio, 0.313131313131
[[  0.   0.  30.]
 [  0.   0.  39.]
 [  0.   0.  31.]]
cf_score, 1.0
nv_score, -68.0
ratio, 0.313131313131
[[ 35.   0.   0.]
 [ 38.   0.   0.]
 [ 27.   0.   0.]]
cf_score, 8.0
nv_score, 0.0
ratio, 0.353535353535
[[  0.   0.  28.]
 [  0.   0.  38.]
 [  0.   0.  34.]]
cf_score, 6.0
nv_score, -60.0
ratio, 0.343434343434
[[  0.   0.  31.]
 [  0.   0.  36.]
 [  0.   0.  33.]]
cf_score, 2.0
nv_score, -65.0
ratio, 0.333333333333
[[  0.   0.  42.]
 [  0.   0.  32.]
 [  0.   0.  26.]]
cf_score, -16.0
nv_score, -90.0
ratio, 0.262626262626
[[  0.   0.  30.]
 [  0.   0.  37.]
 [  0.   0.  33.]]
cf_score, 3.0
nv_score, -64.0
ratio, 0.333333333333
[[  0.   0.  38.]
 [  0.   0.  35.]
 [  0.   0.  27.]]
cf_score, -11.0
nv_score, -84.0
ratio, 0.272727272727
[[  0.   0.  38.]
 [  0.   0.  36.]
 [  0.   0.  26.]]
cf_score, -12.0
nv_score, -86.0
ratio, 0.262626262626
[[  0.   0.  27.]
 [  0.   0.  39.]
 [  0.   0.  34.]]
cf_score, 7.0
nv_score, -59.0
ratio, 0.343434343434
[[  0.   0.  27.]
 [  0.   0.  38.]
 [  0.   0.  35.]]
cf_score, 8.0
nv_score, -57.0
ratio, 0.353535353535
[[  0.   0.  53.]
 [  0.   0.  27.]
 [  0.   0.  20.]]
cf_score, -33.0
nv_score, -113.0
ratio, 0.20202020202
[[  0.   0.  29.]
 [  0.   0.  34.]
 [  0.   0.  37.]]
cf_score, 8.0
nv_score, -55.0
ratio, 0.373737373737
[[  0.   0.  33.]
 [  0.   0.  34.]
 [  0.   0.  33.]]
cf_score, 0.0
nv_score, -67.0
ratio, 0.333333333333
[[ 33.   0.   0.]
 [ 38.   0.   0.]
 [ 29.   0.   0.]]
cf_score, 4.0
nv_score, 0.0
ratio, 0.333333333333
[[  0.   0.  33.]
 [  0.   0.  35.]
 [  0.   0.  32.]]
cf_score, -1.0
nv_score, -69.0
ratio, 0.323232323232
[[  0.   0.  37.]
 [  0.   0.  35.]
 [  0.   0.  28.]]
cf_score, -9.0
nv_score, -81.0
ratio, 0.282828282828
[[  0.   0.  36.]
 [  0.   0.  39.]
 [  0.   0.  25.]]
cf_score, -11.0
nv_score, -86.0
ratio, 0.252525252525
[[ 24.   0.   0.]
 [ 46.   0.   0.]
 [ 30.   0.   0.]]
cf_score, -6.0
nv_score, 0.0
ratio, 0.242424242424
[[ 30.   0.   0.]
 [ 40.   0.   0.]
 [ 30.   0.   0.]]
cf_score, 0.0
nv_score, 0.0
ratio, 0.30303030303
[[  0.   0.  29.]
 [  0.   0.  40.]
 [  0.   0.  31.]]
cf_score, 2.0
nv_score, -67.0
ratio, 0.313131313131
[[ 25.   0.   0.]
 [ 40.   0.   0.]
 [ 35.   0.   0.]]
cf_score, -10.0
nv_score, 0.0
ratio, 0.252525252525
[[ 28.   0.   0.]
 [ 31.   0.   0.]
 [ 41.   0.   0.]]
cf_score, -13.0
nv_score, 0.0
ratio, 0.282828282828
[[ 34.   0.   0.]
 [ 41.   0.   0.]
 [ 25.   0.   0.]]
cf_score, 9.0
nv_score, 0.0
ratio, 0.343434343434
[[ 33.   0.   0.]
 [ 37.   0.   0.]
 [ 30.   0.   0.]]
cf_score, 3.0
nv_score, 0.0
ratio, 0.333333333333
[[ 39.   0.   0.]
 [ 35.   0.   0.]
 [ 26.   0.   0.]]
cf_score, 13.0
nv_score, 0.0
ratio, 0.393939393939
[[  0.   0.  32.]
 [  0.   0.  38.]
 [  0.   0.  30.]]
cf_score, -2.0
nv_score, -72.0
ratio, 0.30303030303
[[  0.   0.  36.]
 [  0.   0.  33.]
 [  0.   0.  31.]]
cf_score, -5.0
nv_score, -74.0
ratio, 0.313131313131
[[  0.   0.  22.]
 [  0.   0.  39.]
 [  0.   0.  39.]]
cf_score, 17.0
nv_score, -44.0
ratio, 0.393939393939
[[  0.   0.  37.]
 [  0.   0.  33.]
 [  0.   0.  30.]]
cf_score, -7.0
nv_score, -77.0
ratio, 0.30303030303
[[  0.   0.  40.]
 [  0.   0.  34.]
 [  0.   0.  26.]]
cf_score, -14.0
nv_score, -88.0
ratio, 0.262626262626
[[  0.   0.  36.]
 [  0.   0.  35.]
 [  0.   0.  29.]]
cf_score, -7.0
nv_score, -78.0
ratio, 0.292929292929
[[ 35.   0.   0.]
 [ 43.   0.   0.]
 [ 22.   0.   0.]]
cf_score, 13.0
nv_score, 0.0
ratio, 0.353535353535
[[  0.   0.  33.]
 [  0.   0.  36.]
 [  0.   0.  31.]]
cf_score, -2.0
nv_score, -71.0
ratio, 0.313131313131
[[  0.   0.  33.]
 [  0.   0.  36.]
 [  0.   0.  31.]]
cf_score, -2.0
nv_score, -71.0
ratio, 0.313131313131
[[  0.   0.  32.]
 [  0.   0.  43.]
 [  0.   0.  25.]]
cf_score, -7.0
nv_score, -82.0
ratio, 0.252525252525
[[  0.   0.  38.]
 [  0.   0.  34.]
 [  0.   0.  28.]]
cf_score, -10.0
nv_score, -82.0
ratio, 0.282828282828
[[ 39.   0.   0.]
 [ 38.   0.   0.]
 [ 23.   0.   0.]]
cf_score, 16.0
nv_score, 0.0
ratio, 0.393939393939
[[ 43.   0.   0.]
 [ 39.   0.   0.]
 [ 18.   0.   0.]]
cf_score, 25.0
nv_score, 0.0
ratio, 0.434343434343
[[  0.   0.  35.]
 [  0.   0.  39.]
 [  0.   0.  26.]]
cf_score, -9.0
nv_score, -83.0
ratio, 0.262626262626
[[ 31.   0.   0.]
 [ 39.   0.   0.]
 [ 30.   0.   0.]]
cf_score, 1.0
nv_score, 0.0
ratio, 0.313131313131
[[  0.   0.  28.]
 [  0.   0.  36.]
 [  0.   0.  36.]]
cf_score, 8.0
nv_score, -56.0
ratio, 0.363636363636
