[[  0.  38.   0.]
 [  0.  27.   0.]
 [  0.  35.   0.]]
cf_score, 27.0
nv_score, 0.0
ratio, 0.272727272727
[[ 16.   6.   5.]
 [ 19.  15.   4.]
 [ 23.   2.  10.]]
cf_score, 13.0
nv_score, -4.0
ratio, 0.414141414141
[[  0.  18.  13.]
 [  0.  27.   7.]
 [  0.  22.  13.]]
cf_score, 27.0
nv_score, -20.0
ratio, 0.40404040404
[[  0.  34.  15.]
 [  0.  14.   5.]
 [  1.  27.   4.]]
cf_score, 2.0
nv_score, -31.0
ratio, 0.181818181818
[[  1.  30.   5.]
 [  0.  20.   5.]
 [  4.  29.   6.]]
cf_score, 18.0
nv_score, -9.0
ratio, 0.272727272727
[[  3.  26.   4.]
 [  0.  20.   5.]
 [  2.  34.   6.]]
cf_score, 23.0
nv_score, -7.0
ratio, 0.292929292929
[[  0.  26.   2.]
 [  0.  34.   3.]
 [  0.  34.   1.]]
cf_score, 33.0
nv_score, -6.0
ratio, 0.353535353535
[[  0.  25.  14.]
 [  0.  25.   4.]
 [  0.  26.   6.]]
cf_score, 17.0
nv_score, -26.0
ratio, 0.313131313131
[[  0.  18.  11.]
 [  0.  32.   4.]
 [  1.  27.   7.]]
cf_score, 27.0
nv_score, -19.0
ratio, 0.393939393939
[[  0.  29.   4.]
 [  0.  38.   2.]
 [  0.  18.   9.]]
cf_score, 43.0
nv_score, -1.0
ratio, 0.474747474747
[[  2.  14.  13.]
 [  1.  22.  10.]
 [  2.  28.   8.]]
cf_score, 17.0
nv_score, -28.0
ratio, 0.323232323232
[[  1.  23.   7.]
 [  0.  25.   4.]
 [  0.  29.  11.]]
cf_score, 30.0
nv_score, -7.0
ratio, 0.373737373737
[[  1.  21.   7.]
 [  0.  20.   7.]
 [  0.  37.   7.]]
cf_score, 21.0
nv_score, -14.0
ratio, 0.282828282828
[[  0.  30.  14.]
 [  0.  23.   8.]
 [  0.  22.   3.]]
cf_score, 12.0
nv_score, -33.0
ratio, 0.262626262626
[[  0.  29.   9.]
 [  0.  27.   3.]
 [  0.  23.   9.]]
cf_score, 27.0
nv_score, -12.0
ratio, 0.363636363636
[[  0.  25.   8.]
 [  0.  21.   6.]
 [  2.  27.  11.]]
cf_score, 22.0
nv_score, -11.0
ratio, 0.323232323232
[[  2.  22.   5.]
 [  1.  30.   6.]
 [  0.  28.   6.]]
cf_score, 33.0
nv_score, -10.0
ratio, 0.383838383838
[[ 11.  20.  13.]
 [  7.  13.   8.]
 [  6.  15.   7.]]
cf_score, 12.0
nv_score, -27.0
ratio, 0.313131313131
[[  9.  12.   8.]
 [ 14.  16.   2.]
 [ 15.  17.   7.]]
cf_score, 9.0
nv_score, -11.0
ratio, 0.323232323232
[[  7.  16.  10.]
 [  4.  17.   3.]
 [ 21.  10.  12.]]
cf_score, 5.0
nv_score, -11.0
ratio, 0.363636363636
[[  7.  10.  11.]
 [  8.  16.   7.]
 [  9.  20.  12.]]
cf_score, 15.0
nv_score, -17.0
ratio, 0.353535353535
[[ 10.  10.  15.]
 [  4.  14.   4.]
 [ 22.  12.   9.]]
cf_score, -4.0
nv_score, -25.0
ratio, 0.333333333333
[[  5.  13.   9.]
 [  8.  15.   3.]
 [ 16.  22.   9.]]
cf_score, 4.0
nv_score, -12.0
ratio, 0.292929292929
[[ 10.  11.   7.]
 [ 11.  24.   4.]
 [ 12.   8.  13.]]
cf_score, 28.0
nv_score, -5.0
ratio, 0.474747474747
[[  9.  14.  11.]
 [ 11.  18.   7.]
 [ 10.  12.   8.]]
cf_score, 14.0
nv_score, -21.0
ratio, 0.353535353535
[[ 10.  20.  10.]
 [  7.  21.   3.]
 [ 10.   8.  11.]]
cf_score, 22.0
nv_score, -12.0
ratio, 0.424242424242
[[ 11.  15.  10.]
 [ 10.  20.   4.]
 [ 15.   9.   6.]]
cf_score, 12.0
nv_score, -18.0
ratio, 0.373737373737
[[ 12.  16.   6.]
 [ 12.  13.   6.]
 [  8.  20.   7.]]
cf_score, 18.0
nv_score, -11.0
ratio, 0.323232323232
[[ 12.  13.  10.]
 [ 12.  20.   4.]
 [  4.  14.  11.]]
cf_score, 29.0
nv_score, -13.0
ratio, 0.434343434343
[[  9.  15.   6.]
 [ 12.  21.   7.]
 [  7.  13.  10.]]
cf_score, 27.0
nv_score, -9.0
ratio, 0.40404040404
[[ 11.  16.  12.]
 [  4.  15.   2.]
 [ 16.  15.   9.]]
cf_score, 7.0
nv_score, -17.0
ratio, 0.353535353535
[[  4.  17.  15.]
 [ 10.  18.   3.]
 [ 12.   6.  15.]]
cf_score, 10.0
nv_score, -18.0
ratio, 0.373737373737
[[ 14.  21.   6.]
 [  8.  13.   4.]
 [  9.  19.   6.]]
cf_score, 18.0
nv_score, -10.0
ratio, 0.333333333333
[[ 11.  12.  10.]
 [  8.  16.   7.]
 [ 12.  13.  11.]]
cf_score, 16.0
nv_score, -16.0
ratio, 0.383838383838
[[ 10.  15.   7.]
 [  3.  18.   2.]
 [ 12.  17.  16.]]
cf_score, 25.0
nv_score, 0.0
ratio, 0.444444444444
[[  9.  18.   6.]
 [ 11.   8.   9.]
 [ 14.  18.   7.]]
cf_score, 4.0
nv_score, -14.0
ratio, 0.242424242424
[[ 12.  11.   3.]
 [ 14.  17.   1.]
 [ 12.  17.  13.]]
cf_score, 27.0
nv_score, 6.0
ratio, 0.424242424242
[[  7.  14.   9.]
 [  7.  15.   7.]
 [ 12.  14.  15.]]
cf_score, 16.0
nv_score, -10.0
ratio, 0.373737373737
[[  8.  15.   9.]
 [ 10.  15.   6.]
 [ 14.  12.  11.]]
cf_score, 11.0
nv_score, -13.0
ratio, 0.343434343434
[[ 11.  17.   6.]
 [  9.  18.   5.]
 [ 12.  12.  10.]]
cf_score, 21.0
nv_score, -7.0
ratio, 0.393939393939
[[  6.  12.  15.]
 [ 11.  17.   4.]
 [  8.  17.  10.]]
cf_score, 10.0
nv_score, -24.0
ratio, 0.333333333333
[[  8.  11.  10.]
 [ 12.  13.   8.]
 [ 16.  11.  11.]]
cf_score, 6.0
nv_score, -17.0
ratio, 0.323232323232
[[ 12.  15.   4.]
 [ 11.  22.   7.]
 [ 16.   8.   5.]]
cf_score, 19.0
nv_score, -10.0
ratio, 0.393939393939
[[  7.  14.  11.]
 [ 15.  18.   5.]
 [  6.  17.   7.]]
cf_score, 15.0
nv_score, -20.0
ratio, 0.323232323232
[[ 13.  13.   8.]
 [  7.  19.   9.]
 [  6.  10.  15.]]
cf_score, 33.0
nv_score, -10.0
ratio, 0.474747474747
[[  8.  22.   7.]
 [ 10.  16.   7.]
 [  8.  14.   8.]]
cf_score, 17.0
nv_score, -13.0
ratio, 0.323232323232
[[ 14.  16.   7.]
 [  9.  17.   4.]
 [ 12.  15.   6.]]
cf_score, 18.0
nv_score, -12.0
ratio, 0.373737373737
[[ 12.   8.  12.]
 [ 11.  19.   4.]
 [ 17.  10.   7.]]
cf_score, 9.0
nv_score, -21.0
ratio, 0.383838383838
[[  6.  23.   9.]
 [ 10.  15.   2.]
 [ 17.  10.   8.]]
cf_score, 3.0
nv_score, -12.0
ratio, 0.292929292929
[[  4.  14.  14.]
 [ 15.  13.   4.]
 [ 13.  16.   7.]]
cf_score, -3.0
nv_score, -25.0
ratio, 0.242424242424
