[[  0.  42.   0.]
 [  0.  23.   0.]
 [  0.  35.   0.]]
cf_score, 23.0
nv_score, 0.0
ratio, 0.232323232323
[[  0.  32.   0.]
 [  0.  30.   0.]
 [  0.  38.   0.]]
cf_score, 30.0
nv_score, 0.0
ratio, 0.30303030303
[[  0.  39.   0.]
 [  0.  34.   0.]
 [  0.  27.   0.]]
cf_score, 34.0
nv_score, 0.0
ratio, 0.343434343434
[[  0.  39.   0.]
 [  0.  37.   0.]
 [  0.  24.   0.]]
cf_score, 37.0
nv_score, 0.0
ratio, 0.373737373737
[[  0.  33.   0.]
 [  0.  33.   0.]
 [  0.  34.   0.]]
cf_score, 33.0
nv_score, 0.0
ratio, 0.333333333333
[[  0.  41.   0.]
 [  0.  32.   0.]
 [  0.  27.   0.]]
cf_score, 32.0
nv_score, 0.0
ratio, 0.323232323232
[[ 35.  12.   1.]
 [  1.  21.   1.]
 [  6.  23.   0.]]
cf_score, 49.0
nv_score, -3.0
ratio, 0.565656565657
[[ 25.  13.   0.]
 [  2.  20.   2.]
 [  8.  28.   2.]]
cf_score, 39.0
nv_score, 0.0
ratio, 0.474747474747
[[ 25.   8.   0.]
 [  1.  29.   1.]
 [  5.  30.   1.]]
cf_score, 50.0
nv_score, 0.0
ratio, 0.555555555556
[[ 22.  12.   2.]
 [  1.  23.   3.]
 [  3.  28.   6.]]
cf_score, 46.0
nv_score, -1.0
ratio, 0.515151515152
[[ 27.   9.   2.]
 [  2.  25.   0.]
 [  5.  25.   5.]]
cf_score, 50.0
nv_score, 1.0
ratio, 0.575757575758
[[ 27.  10.   2.]
 [  2.  22.   2.]
 [  5.  27.   3.]]
cf_score, 45.0
nv_score, -3.0
ratio, 0.525252525253
[[ 16.   4.   1.]
 [  2.  31.   3.]
 [  5.  32.   6.]]
cf_score, 47.0
nv_score, 1.0
ratio, 0.535353535354
[[ 18.  14.   1.]
 [  4.  27.   1.]
 [  4.  26.   5.]]
cf_score, 45.0
nv_score, 2.0
ratio, 0.505050505051
[[ 30.   8.   3.]
 [  1.  18.   4.]
 [  6.  23.   7.]]
cf_score, 46.0
nv_score, -3.0
ratio, 0.555555555556
[[ 19.   9.   1.]
 [  2.  22.   3.]
 [  9.  21.  14.]]
cf_score, 45.0
nv_score, 9.0
ratio, 0.555555555556
[[ 30.   4.   2.]
 [  0.  32.   1.]
 [  4.  23.   4.]]
cf_score, 60.0
nv_score, -1.0
ratio, 0.666666666667
[[ 25.   9.   5.]
 [  2.  18.   5.]
 [  3.  22.  11.]]
cf_score, 46.0
nv_score, -4.0
ratio, 0.545454545455
[[ 20.   8.   3.]
 [  5.  29.   2.]
 [  4.  21.   8.]]
cf_score, 50.0
nv_score, 0.0
ratio, 0.575757575758
[[ 27.   7.   1.]
 [  4.  22.   4.]
 [  5.  18.  12.]]
cf_score, 55.0
nv_score, 6.0
ratio, 0.616161616162
[[ 29.   9.   3.]
 [  1.  30.   4.]
 [  4.  12.   8.]]
cf_score, 60.0
nv_score, -2.0
ratio, 0.676767676768
[[ 23.   6.   2.]
 [  1.  31.   3.]
 [  6.  14.  14.]]
cf_score, 60.0
nv_score, 7.0
ratio, 0.686868686869
[[ 28.   5.   1.]
 [  5.  15.   6.]
 [  6.  21.  13.]]
cf_score, 49.0
nv_score, 5.0
ratio, 0.565656565657
[[ 18.   7.   2.]
 [  1.  23.   8.]
 [  4.  22.  15.]]
cf_score, 50.0
nv_score, 3.0
ratio, 0.565656565657
[[ 29.   5.   2.]
 [  3.  21.   7.]
 [  4.  20.   9.]]
cf_score, 53.0
nv_score, -2.0
ratio, 0.59595959596
[[ 26.   8.   7.]
 [  0.  22.   7.]
 [  2.  14.  14.]]
cf_score, 53.0
nv_score, -7.0
ratio, 0.626262626263
[[ 25.   8.   0.]
 [  0.  31.   3.]
 [  4.  18.  11.]]
cf_score, 63.0
nv_score, 8.0
ratio, 0.676767676768
[[ 29.  11.   4.]
 [  4.  22.   5.]
 [  4.  12.   9.]]
cf_score, 52.0
nv_score, -4.0
ratio, 0.606060606061
[[ 25.   7.   1.]
 [  1.  19.   9.]
 [  3.  19.  16.]]
cf_score, 56.0
nv_score, 5.0
ratio, 0.606060606061
[[ 27.   4.   4.]
 [  4.  22.   5.]
 [  4.  19.  11.]]
cf_score, 52.0
nv_score, -2.0
ratio, 0.606060606061
[[ 20.   9.   1.]
 [  1.  20.   5.]
 [  8.  20.  16.]]
cf_score, 47.0
nv_score, 9.0
ratio, 0.565656565657
[[ 24.  15.   2.]
 [  1.  25.   6.]
 [  5.  15.   7.]]
cf_score, 49.0
nv_score, -3.0
ratio, 0.565656565657
[[ 21.   8.   4.]
 [  2.  23.   4.]
 [  3.  25.  10.]]
cf_score, 47.0
nv_score, -2.0
ratio, 0.545454545455
[[ 34.   3.   5.]
 [  0.  24.   2.]
 [  4.  13.  15.]]
cf_score, 64.0
nv_score, 3.0
ratio, 0.737373737374
[[ 25.   8.   1.]
 [  1.  27.   8.]
 [  5.  13.  12.]]
cf_score, 58.0
nv_score, 2.0
ratio, 0.646464646465
[[ 31.   7.   8.]
 [  0.  22.   3.]
 [  3.  13.  13.]]
cf_score, 55.0
nv_score, -6.0
ratio, 0.666666666667
[[ 19.   6.   1.]
 [  1.  27.   6.]
 [  6.  20.  14.]]
cf_score, 53.0
nv_score, 6.0
ratio, 0.606060606061
[[ 22.  11.   3.]
 [  2.  24.   1.]
 [  7.  18.  12.]]
cf_score, 48.0
nv_score, 5.0
ratio, 0.585858585859
[[ 24.   9.   2.]
 [  1.  28.   2.]
 [  3.  20.  11.]]
cf_score, 58.0
nv_score, 5.0
ratio, 0.636363636364
[[ 27.   4.   4.]
 [  1.  24.   3.]
 [  4.  28.   5.]]
cf_score, 48.0
nv_score, -6.0
ratio, 0.565656565657
[[ 25.  10.   1.]
 [  2.  34.   1.]
 [  5.  15.   7.]]
cf_score, 60.0
nv_score, 4.0
ratio, 0.666666666667
[[ 24.   8.   3.]
 [  2.  33.   0.]
 [  4.  16.  10.]]
cf_score, 60.0
nv_score, 4.0
ratio, 0.676767676768
[[ 26.   8.   4.]
 [  3.  28.   0.]
 [  7.  17.   7.]]
cf_score, 50.0
nv_score, -1.0
ratio, 0.616161616162
[[ 20.   5.   1.]
 [  1.  36.   1.]
 [  6.  23.   7.]]
cf_score, 56.0
nv_score, 4.0
ratio, 0.636363636364
[[ 32.   9.   5.]
 [  4.  17.   3.]
 [  3.  22.   5.]]
cf_score, 46.0
nv_score, -8.0
ratio, 0.545454545455
[[ 27.   5.   3.]
 [  3.  17.   8.]
 [  7.  20.  10.]]
cf_score, 44.0
nv_score, -4.0
ratio, 0.545454545455
[[ 21.   8.   3.]
 [  1.  29.   2.]
 [  6.  20.  10.]]
cf_score, 51.0
nv_score, 2.0
ratio, 0.606060606061
[[ 32.   3.   2.]
 [  0.  16.   8.]
 [  5.  24.  10.]]
cf_score, 51.0
nv_score, -2.0
ratio, 0.585858585859
[[ 24.   9.   8.]
 [  3.  16.   9.]
 [  4.  14.  13.]]
cf_score, 41.0
nv_score, -12.0
ratio, 0.535353535354
[[ 28.   7.   2.]
 [  1.  24.   5.]
 [  3.  18.  12.]]
cf_score, 59.0
nv_score, 3.0
ratio, 0.646464646465
[[ 28.   9.   2.]
 [  3.  23.   4.]
 [  4.  14.  13.]]
cf_score, 58.0
nv_score, 5.0
ratio, 0.646464646465
[[ 28.  11.   0.]
 [  2.  16.   1.]
 [  9.  25.   8.]]
cf_score, 43.0
nv_score, 7.0
ratio, 0.525252525253
[[ 30.   6.   3.]
 [  5.  23.   5.]
 [  4.  14.  10.]]
cf_score, 56.0
nv_score, -1.0
ratio, 0.636363636364
[[ 24.   6.   2.]
 [  4.  25.   5.]
 [  7.  16.  11.]]
cf_score, 51.0
nv_score, 2.0
ratio, 0.606060606061
[[ 22.   7.   7.]
 [  1.  20.   7.]
 [  9.  14.  13.]]
cf_score, 39.0
nv_score, -8.0
ratio, 0.555555555556
[[ 28.   5.   5.]
 [  2.  17.   5.]
 [  5.  18.  15.]]
cf_score, 50.0
nv_score, 0.0
ratio, 0.606060606061
[[ 26.   8.   7.]
 [  1.  23.   5.]
 [  8.  10.  12.]]
cf_score, 46.0
nv_score, -7.0
ratio, 0.616161616162
[[ 24.   4.   4.]
 [  0.  30.   2.]
 [  6.  20.  10.]]
cf_score, 54.0
nv_score, 0.0
ratio, 0.646464646465
[[ 18.   3.   7.]
 [  1.  28.   4.]
 [  1.  19.  19.]]
cf_score, 57.0
nv_score, 1.0
ratio, 0.656565656566
[[ 25.   7.   6.]
 [  4.  18.   7.]
 [  7.  12.  14.]]
cf_score, 44.0
nv_score, -5.0
ratio, 0.575757575758
[[ 29.   5.   2.]
 [  3.  23.   6.]
 [  6.  17.   9.]]
cf_score, 53.0
nv_score, -1.0
ratio, 0.616161616162
[[ 25.   7.   7.]
 [  1.  16.   9.]
 [  3.  12.  20.]]
cf_score, 51.0
nv_score, -3.0
ratio, 0.616161616162
[[ 33.   4.   4.]
 [  1.  24.   3.]
 [  4.  14.  13.]]
cf_score, 62.0
nv_score, 2.0
ratio, 0.707070707071
[[ 23.   5.   5.]
 [  1.  25.   2.]
 [  2.  23.  14.]]
cf_score, 55.0
nv_score, 2.0
ratio, 0.626262626263
[[ 21.   7.   5.]
 [  1.  25.  11.]
 [  3.  16.  11.]]
cf_score, 49.0
nv_score, -10.0
ratio, 0.575757575758
[[ 19.   6.   4.]
 [  5.  27.   7.]
 [  6.  14.  12.]]
cf_score, 48.0
nv_score, -3.0
ratio, 0.585858585859
[[ 30.   6.   8.]
 [  1.  25.   4.]
 [  4.  16.   6.]]
cf_score, 49.0
nv_score, -14.0
ratio, 0.616161616162
[[ 25.   9.   4.]
 [  0.  29.   3.]
 [  3.  16.  11.]]
cf_score, 58.0
nv_score, 0.0
ratio, 0.656565656566
[[ 18.   5.   3.]
 [  0.  31.   6.]
 [  5.  15.  17.]]
cf_score, 58.0
nv_score, 5.0
ratio, 0.666666666667
[[ 24.   5.   3.]
 [  5.  33.   4.]
 [  4.  10.  12.]]
cf_score, 62.0
nv_score, 2.0
ratio, 0.69696969697
[[ 21.   4.   8.]
 [  1.  16.   8.]
 [  6.  17.  19.]]
cf_score, 42.0
nv_score, -5.0
ratio, 0.565656565657
[[ 22.   8.   1.]
 [  2.  27.   2.]
 [  5.  17.  16.]]
cf_score, 59.0
nv_score, 12.0
ratio, 0.656565656566
[[ 22.   3.   8.]
 [  0.  29.   5.]
 [  3.  14.  16.]]
cf_score, 56.0
nv_score, -5.0
ratio, 0.676767676768
[[ 27.   8.   3.]
 [  1.  25.   4.]
 [  3.  15.  14.]]
cf_score, 60.0
nv_score, 4.0
ratio, 0.666666666667
[[ 20.   7.   0.]
 [  3.  24.   1.]
 [  5.  25.  15.]]
cf_score, 54.0
nv_score, 14.0
ratio, 0.59595959596
[[ 26.   4.   3.]
 [  2.  22.   1.]
 [  5.  24.  13.]]
cf_score, 53.0
nv_score, 6.0
ratio, 0.616161616162
[[ 27.   9.   2.]
 [  2.  18.   1.]
 [  4.  24.  13.]]
cf_score, 52.0
nv_score, 8.0
ratio, 0.585858585859
[[ 25.   8.   4.]
 [  3.  23.   6.]
 [  1.  17.  13.]]
cf_score, 56.0
nv_score, -1.0
ratio, 0.616161616162
[[ 21.   7.   6.]
 [  4.  23.   2.]
 [  4.  14.  19.]]
cf_score, 53.0
nv_score, 5.0
ratio, 0.636363636364
[[ 33.   4.   4.]
 [  4.  20.   3.]
 [  3.  22.   7.]]
cf_score, 53.0
nv_score, -4.0
ratio, 0.606060606061
[[ 25.   9.   7.]
 [  0.  20.   3.]
 [  5.  17.  14.]]
cf_score, 47.0
nv_score, -3.0
ratio, 0.59595959596
[[ 27.   6.   3.]
 [  5.  21.   2.]
 [  2.  22.  12.]]
cf_score, 55.0
nv_score, 4.0
ratio, 0.606060606061
[[ 38.   7.   1.]
 [  2.  19.   4.]
 [  1.  21.   7.]]
cf_score, 62.0
nv_score, 1.0
ratio, 0.646464646465
[[ 24.   7.   9.]
 [  1.  13.   9.]
 [  5.  13.  19.]]
cf_score, 42.0
nv_score, -8.0
ratio, 0.565656565657
[[ 32.   8.   1.]
 [  2.  20.   5.]
 [  5.  18.   9.]]
cf_score, 55.0
nv_score, 2.0
ratio, 0.616161616162
[[ 27.   5.   3.]
 [  1.  26.   6.]
 [  3.  12.  17.]]
cf_score, 64.0
nv_score, 5.0
ratio, 0.707070707071
[[ 26.   4.   5.]
 [  2.  17.   2.]
 [  4.  24.  16.]]
cf_score, 50.0
nv_score, 4.0
ratio, 0.59595959596
[[ 23.   7.   2.]
 [  3.  28.   6.]
 [  3.  22.   6.]]
cf_score, 52.0
nv_score, -4.0
ratio, 0.575757575758
[[ 21.   7.   8.]
 [  2.  17.   8.]
 [  3.   9.  25.]]
cf_score, 52.0
nv_score, 1.0
ratio, 0.636363636364
[[ 31.   3.   4.]
 [  4.  20.  10.]
 [  4.  14.  10.]]
cf_score, 53.0
nv_score, -8.0
ratio, 0.616161616162
[[ 22.  12.   2.]
 [  7.  21.   3.]
 [  0.  13.  20.]]
cf_score, 61.0
nv_score, 13.0
ratio, 0.636363636364
[[ 24.   7.   3.]
 [  4.  14.   7.]
 [  8.  14.  19.]]
cf_score, 46.0
nv_score, 6.0
ratio, 0.575757575758
[[ 26.   7.   4.]
 [  0.  23.   4.]
 [  7.  16.  13.]]
cf_score, 51.0
nv_score, 1.0
ratio, 0.626262626263
[[ 25.   6.   3.]
 [  1.  13.  11.]
 [  4.  14.  23.]]
cf_score, 54.0
nv_score, 6.0
ratio, 0.616161616162
[[ 21.   7.   6.]
 [  3.  24.   4.]
 [  5.  19.  11.]]
cf_score, 45.0
nv_score, -5.0
ratio, 0.565656565657
[[ 21.  11.   3.]
 [  2.  22.   2.]
 [  5.  21.  13.]]
cf_score, 48.0
nv_score, 5.0
ratio, 0.565656565657
[[ 26.   7.   3.]
 [  1.  22.   4.]
 [  3.  15.  19.]]
cf_score, 61.0
nv_score, 9.0
ratio, 0.676767676768
[[ 30.   7.   6.]
 [  0.  21.   7.]
 [  3.  12.  14.]]
cf_score, 56.0
nv_score, -5.0
ratio, 0.656565656566
[[ 28.   4.   5.]
 [  2.  21.   5.]
 [  1.  16.  18.]]
cf_score, 61.0
nv_score, 3.0
ratio, 0.676767676768
[[ 19.   6.   6.]
 [  2.  22.   7.]
 [  4.  18.  16.]]
cf_score, 47.0
nv_score, -3.0
ratio, 0.575757575758
[[ 29.   8.   5.]
 [  2.  20.   7.]
 [  5.  13.  11.]]
cf_score, 50.0
nv_score, -6.0
ratio, 0.606060606061
[[ 22.   8.   4.]
 [  3.  23.   4.]
 [  3.  20.  13.]]
cf_score, 51.0
nv_score, 1.0
ratio, 0.585858585859
[[ 29.   7.   6.]
 [  2.  15.   6.]
 [  1.  19.  15.]]
cf_score, 52.0
nv_score, -3.0
ratio, 0.59595959596
[[ 14.   6.   6.]
 [  3.  21.   8.]
 [  3.  32.   7.]]
cf_score, 33.0
nv_score, -13.0
ratio, 0.424242424242
[[ 25.   4.   9.]
 [  4.  13.   5.]
 [  5.   6.  29.]]
cf_score, 53.0
nv_score, 6.0
ratio, 0.676767676768
[[ 23.   6.   2.]
 [  1.  26.   3.]
 [  4.  17.  18.]]
cf_score, 61.0
nv_score, 11.0
ratio, 0.676767676768
[[ 26.   5.   4.]
 [  3.  20.   5.]
 [  4.  18.  15.]]
cf_score, 53.0
nv_score, 2.0
ratio, 0.616161616162
[[ 24.   4.   3.]
 [  3.  16.  10.]
 [  3.  20.  17.]]
cf_score, 51.0
nv_score, 1.0
ratio, 0.575757575758
[[ 23.   5.   4.]
 [  5.  21.   4.]
 [  7.  16.  15.]]
cf_score, 48.0
nv_score, 3.0
ratio, 0.59595959596
[[ 28.   5.   1.]
 [  3.  22.   5.]
 [  1.  20.  15.]]
cf_score, 63.0
nv_score, 8.0
ratio, 0.656565656566
[[ 29.   3.   6.]
 [  1.  18.  10.]
 [  2.  15.  16.]]
cf_score, 55.0
nv_score, -6.0
ratio, 0.636363636364
[[ 21.   4.   8.]
 [  1.  18.   5.]
 [  5.  13.  25.]]
cf_score, 51.0
nv_score, 4.0
ratio, 0.646464646465
[[ 31.   8.   5.]
 [  2.  21.   2.]
 [  1.  18.  12.]]
cf_score, 58.0
nv_score, 0.0
ratio, 0.646464646465
[[ 25.   9.   4.]
 [  1.  21.   8.]
 [  5.  11.  16.]]
cf_score, 53.0
nv_score, 0.0
ratio, 0.626262626263
[[ 31.   5.   4.]
 [  1.  18.   7.]
 [  3.  15.  16.]]
cf_score, 58.0
nv_score, 1.0
ratio, 0.656565656566
[[ 16.   4.   7.]
 [  1.  21.   8.]
 [  5.  24.  14.]]
cf_score, 39.0
nv_score, -8.0
ratio, 0.515151515152
[[ 20.   6.   4.]
 [  1.  21.  10.]
 [  3.  21.  14.]]
cf_score, 48.0
nv_score, -4.0
ratio, 0.555555555556
[[ 23.   3.   4.]
 [  2.  22.   6.]
 [  4.  19.  17.]]
cf_score, 54.0
nv_score, 3.0
ratio, 0.626262626263
[[ 23.   6.   6.]
 [  3.  22.   6.]
 [  4.  14.  16.]]
cf_score, 51.0
nv_score, -2.0
ratio, 0.616161616162
[[ 25.   6.   4.]
 [  1.  20.   6.]
 [  6.  15.  17.]]
cf_score, 52.0
nv_score, 3.0
ratio, 0.626262626263
[[ 23.   8.   9.]
 [  1.  17.   5.]
 [  2.  20.  15.]]
cf_score, 44.0
nv_score, -8.0
ratio, 0.555555555556
[[ 25.   7.   3.]
 [  2.  21.   9.]
 [  3.  15.  15.]]
cf_score, 55.0
nv_score, 0.0
ratio, 0.616161616162
[[ 15.   7.   4.]
 [  5.  20.  13.]
 [  7.   9.  20.]]
cf_score, 44.0
nv_score, -1.0
ratio, 0.555555555556
[[ 25.   8.   5.]
 [  1.  22.   5.]
 [  3.  16.  15.]]
cf_score, 54.0
nv_score, 0.0
ratio, 0.626262626263
[[ 20.  11.   3.]
 [  2.  26.   6.]
 [  6.  17.   9.]]
cf_score, 46.0
nv_score, -3.0
ratio, 0.555555555556
[[ 30.  10.   2.]
 [  1.  21.   5.]
 [  5.  15.  11.]]
cf_score, 55.0
nv_score, 2.0
ratio, 0.626262626263
[[ 28.   3.   3.]
 [  1.  21.   7.]
 [  7.  15.  15.]]
cf_score, 54.0
nv_score, 2.0
ratio, 0.646464646465
[[ 28.   8.   6.]
 [  2.  18.   2.]
 [  3.  22.  11.]]
cf_score, 48.0
nv_score, -3.0
ratio, 0.575757575758
[[ 22.  14.   2.]
 [  1.  17.   9.]
 [  1.  17.  17.]]
cf_score, 53.0
nv_score, 4.0
ratio, 0.565656565657
[[ 26.   5.   1.]
 [  3.  23.   2.]
 [  7.  21.  12.]]
cf_score, 53.0
nv_score, 8.0
ratio, 0.616161616162
[[ 24.   7.   3.]
 [  1.  25.   5.]
 [  5.  12.  18.]]
cf_score, 59.0
nv_score, 7.0
ratio, 0.676767676768
[[ 28.   6.   4.]
 [  1.  14.   9.]
 [  3.  10.  25.]]
cf_score, 60.0
nv_score, 8.0
ratio, 0.676767676768
[[ 25.   5.   8.]
 [  3.  16.  10.]
 [  1.  14.  18.]]
cf_score, 50.0
nv_score, -8.0
ratio, 0.59595959596
[[ 27.   5.   5.]
 [  0.  20.   8.]
 [  3.  16.  16.]]
cf_score, 55.0
nv_score, -2.0
ratio, 0.636363636364
[[ 30.   9.   1.]
 [  3.  24.   5.]
 [  2.  18.   8.]]
cf_score, 59.0
nv_score, 1.0
ratio, 0.626262626263
[[ 27.  10.   5.]
 [  1.  15.   9.]
 [  4.  18.  11.]]
cf_score, 44.0
nv_score, -8.0
ratio, 0.535353535354
[[ 20.   3.   4.]
 [  2.  27.  11.]
 [  3.   9.  21.]]
cf_score, 61.0
nv_score, 2.0
ratio, 0.686868686869
[[ 26.   6.   3.]
 [  4.  21.   4.]
 [  4.  15.  17.]]
cf_score, 57.0
nv_score, 7.0
ratio, 0.646464646465
[[ 35.   6.   3.]
 [  1.  13.   7.]
 [  6.   9.  20.]]
cf_score, 59.0
nv_score, 7.0
ratio, 0.686868686869
[[ 28.   8.   3.]
 [  3.  24.   4.]
 [  1.  18.  11.]]
cf_score, 59.0
nv_score, 1.0
ratio, 0.636363636364
[[ 22.   5.   4.]
 [  1.  22.  12.]
 [  4.  13.  17.]]
cf_score, 53.0
nv_score, -3.0
ratio, 0.616161616162
[[ 30.   4.  10.]
 [  0.  23.   4.]
 [  5.  12.  12.]]
cf_score, 50.0
nv_score, -12.0
ratio, 0.656565656566
[[ 24.  10.   3.]
 [  2.  24.   6.]
 [  1.  19.  11.]]
cf_score, 55.0
nv_score, -1.0
ratio, 0.59595959596
[[ 32.   8.   3.]
 [  0.  19.   4.]
 [  5.  14.  15.]]
cf_score, 58.0
nv_score, 5.0
ratio, 0.666666666667
[[ 28.   6.   5.]
 [  4.  19.   7.]
 [  4.   7.  20.]]
cf_score, 58.0
nv_score, 3.0
ratio, 0.676767676768
[[ 22.   9.   2.]
 [  1.  22.   2.]
 [  5.  23.  14.]]
cf_score, 51.0
nv_score, 8.0
ratio, 0.585858585859
[[ 28.   6.   2.]
 [  2.  22.   5.]
 [  1.  18.  16.]]
cf_score, 63.0
nv_score, 7.0
ratio, 0.666666666667
[[ 31.   6.   3.]
 [  2.  23.   4.]
 [  7.  15.   9.]]
cf_score, 53.0
nv_score, -1.0
ratio, 0.636363636364
[[ 34.   7.   8.]
 [  0.  21.   2.]
 [  2.  12.  14.]]
cf_score, 59.0
nv_score, -4.0
ratio, 0.69696969697
[[ 26.   4.   7.]
 [  2.  21.   9.]
 [  2.  15.  14.]]
cf_score, 52.0
nv_score, -9.0
ratio, 0.616161616162
[[ 23.   9.   3.]
 [  1.  15.   4.]
 [  5.  22.  18.]]
cf_score, 48.0
nv_score, 8.0
ratio, 0.565656565657
[[ 28.   8.   4.]
 [  3.  19.   8.]
 [  2.  14.  14.]]
cf_score, 55.0
nv_score, -2.0
ratio, 0.616161616162
[[ 23.   1.   7.]
 [  4.  23.   7.]
 [  4.  19.  12.]]
cf_score, 47.0
nv_score, -9.0
ratio, 0.585858585859
[[ 26.   8.   3.]
 [  2.  17.  11.]
 [  6.  11.  16.]]
cf_score, 50.0
nv_score, -1.0
ratio, 0.59595959596
[[ 30.   6.   2.]
 [  4.  17.   9.]
 [  6.  15.  11.]]
cf_score, 50.0
nv_score, -2.0
ratio, 0.585858585859
[[ 25.  10.   1.]
 [  0.  26.   2.]
 [  4.  17.  15.]]
cf_score, 61.0
nv_score, 11.0
ratio, 0.666666666667
[[ 23.   6.   5.]
 [  1.  23.   4.]
 [  3.  23.  12.]]
cf_score, 50.0
nv_score, -2.0
ratio, 0.585858585859
[[ 23.   5.   4.]
 [  2.  21.   5.]
 [  5.  17.  18.]]
cf_score, 53.0
nv_score, 5.0
ratio, 0.626262626263
[[ 20.  10.   4.]
 [  3.  28.   9.]
 [  4.  10.  12.]]
cf_score, 52.0
nv_score, -5.0
ratio, 0.606060606061
[[ 25.   5.   5.]
 [  5.  16.   8.]
 [  4.  12.  20.]]
cf_score, 52.0
nv_score, 2.0
ratio, 0.616161616162
[[ 25.   5.   8.]
 [  3.  20.   8.]
 [  2.  11.  18.]]
cf_score, 53.0
nv_score, -6.0
ratio, 0.636363636364
[[ 26.  13.   4.]
 [  2.  20.   6.]
 [  2.   8.  19.]]
cf_score, 59.0
nv_score, 5.0
ratio, 0.656565656566
[[ 24.   5.   2.]
 [  3.  23.  11.]
 [  5.  10.  17.]]
cf_score, 57.0
nv_score, 2.0
ratio, 0.646464646465
[[ 29.   3.   6.]
 [  2.  20.   6.]
 [  7.  15.  12.]]
cf_score, 48.0
nv_score, -6.0
ratio, 0.616161616162
[[ 29.   4.   4.]
 [  2.  19.   8.]
 [  8.  10.  16.]]
cf_score, 52.0
nv_score, 0.0
ratio, 0.646464646465
[[ 20.   8.   5.]
 [  4.  23.   6.]
 [  2.   9.  23.]]
cf_score, 59.0
nv_score, 7.0
ratio, 0.666666666667
[[ 26.   3.   7.]
 [  2.  17.   8.]
 [  6.  13.  18.]]
cf_score, 48.0
nv_score, -4.0
ratio, 0.616161616162
[[ 28.  11.   1.]
 [  5.  22.   1.]
 [  3.  14.  15.]]
cf_score, 61.0
nv_score, 12.0
ratio, 0.656565656566
[[ 24.   7.   3.]
 [  1.  11.  10.]
 [  3.  14.  27.]]
cf_score, 56.0
nv_score, 11.0
ratio, 0.626262626263
[[ 25.   6.   1.]
 [  1.  18.   4.]
 [  6.  21.  18.]]
cf_score, 54.0
nv_score, 12.0
ratio, 0.616161616162
[[ 23.   4.   4.]
 [  3.  19.   8.]
 [  5.  15.  19.]]
cf_score, 52.0
nv_score, 3.0
ratio, 0.616161616162
[[ 27.   7.   2.]
 [  5.  21.   6.]
 [  4.  18.  10.]]
cf_score, 52.0
nv_score, 0.0
ratio, 0.585858585859
[[ 25.   4.   2.]
 [  2.  28.   5.]
 [  7.  12.  15.]]
cf_score, 59.0
nv_score, 6.0
ratio, 0.686868686869
[[ 25.  10.   3.]
 [  4.  19.   3.]
 [  6.  18.  12.]]
cf_score, 47.0
nv_score, 3.0
ratio, 0.565656565657
[[ 23.   2.   9.]
 [  2.  20.   6.]
 [  6.  14.  18.]]
cf_score, 46.0
nv_score, -6.0
ratio, 0.616161616162
[[ 30.  12.   5.]
 [  1.  15.   4.]
 [  2.  16.  15.]]
cf_score, 53.0
nv_score, 1.0
ratio, 0.606060606061
[[ 29.   5.   4.]
 [  1.  14.   5.]
 [  4.  20.  18.]]
cf_score, 53.0
nv_score, 5.0
ratio, 0.616161616162
[[ 23.   5.   3.]
 [  0.  21.   4.]
 [  3.  26.  15.]]
cf_score, 53.0
nv_score, 5.0
ratio, 0.59595959596
[[ 31.   8.   1.]
 [  2.  18.   6.]
 [  7.  11.  16.]]
cf_score, 57.0
nv_score, 8.0
ratio, 0.656565656566
[[ 22.   1.   7.]
 [  2.  29.   6.]
 [  4.  18.  11.]]
cf_score, 51.0
nv_score, -9.0
ratio, 0.626262626263
[[ 18.   4.   5.]
 [  2.  16.  14.]
 [  6.  10.  25.]]
cf_score, 48.0
nv_score, 1.0
ratio, 0.59595959596
[[ 22.   8.   2.]
 [  3.  20.   4.]
 [  4.  23.  14.]]
cf_score, 50.0
nv_score, 6.0
ratio, 0.565656565657
[[ 30.   3.   1.]
 [  1.  20.   9.]
 [  8.  10.  18.]]
cf_score, 59.0
nv_score, 7.0
ratio, 0.686868686869
[[ 25.   8.   5.]
 [  1.  20.   2.]
 [  8.  19.  12.]]
cf_score, 44.0
nv_score, 0.0
ratio, 0.575757575758
[[ 21.   7.   4.]
 [  1.  22.   9.]
 [  4.  20.  12.]]
cf_score, 47.0
nv_score, -5.0
ratio, 0.555555555556
[[ 22.   4.   7.]
 [  1.  25.  10.]
 [  3.  17.  11.]]
cf_score, 48.0
nv_score, -13.0
ratio, 0.585858585859
[[ 31.   2.   8.]
 [  1.  19.   3.]
 [  2.  18.  16.]]
cf_score, 56.0
nv_score, -3.0
ratio, 0.666666666667
[[ 19.   1.   2.]
 [  3.  24.   7.]
 [  3.  23.  18.]]
cf_score, 56.0
nv_score, 7.0
ratio, 0.616161616162
[[ 20.   6.   5.]
 [  4.  24.   7.]
 [  6.  14.  14.]]
cf_score, 47.0
nv_score, -3.0
ratio, 0.585858585859
[[ 17.   7.   7.]
 [  3.  23.   4.]
 [  1.  15.  23.]]
cf_score, 55.0
nv_score, 5.0
ratio, 0.636363636364
[[ 26.   3.   4.]
 [  2.  16.   7.]
 [  3.  19.  20.]]
cf_score, 55.0
nv_score, 5.0
ratio, 0.626262626263
[[ 26.  10.   4.]
 [  2.  28.   5.]
 [  3.  15.   7.]]
cf_score, 54.0
nv_score, -6.0
ratio, 0.616161616162
[[ 19.   4.   5.]
 [  4.  24.  10.]
 [  5.  16.  13.]]
cf_score, 46.0
nv_score, -7.0
ratio, 0.565656565657
[[ 22.   2.   6.]
 [  2.  25.   6.]
 [  6.  17.  14.]]
cf_score, 49.0
nv_score, -4.0
ratio, 0.616161616162
[[ 21.   3.   4.]
 [  2.  21.   3.]
 [  8.  18.  20.]]
cf_score, 50.0
nv_score, 9.0
ratio, 0.626262626263
[[ 28.   4.   5.]
 [  1.  20.   8.]
 [  4.  12.  18.]]
cf_score, 57.0
nv_score, 0.0
ratio, 0.666666666667
[[ 25.   7.   9.]
 [  3.  17.  10.]
 [  3.  12.  14.]]
cf_score, 44.0
nv_score, -14.0
ratio, 0.565656565657
[[ 20.   7.   4.]
 [  3.  26.   2.]
 [  6.  15.  17.]]
cf_score, 53.0
nv_score, 7.0
ratio, 0.636363636364
[[ 19.   9.   6.]
 [  2.  19.   7.]
 [  6.  15.  17.]]
cf_score, 43.0
nv_score, -2.0
ratio, 0.555555555556
[[ 28.  10.   2.]
 [  0.  20.   5.]
 [  3.  17.  15.]]
cf_score, 58.0
nv_score, 6.0
ratio, 0.636363636364
[[ 18.  10.   3.]
 [  4.  25.   7.]
 [  4.  17.  12.]]
cf_score, 48.0
nv_score, -1.0
ratio, 0.555555555556
[[ 30.   4.   6.]
 [  0.  19.   2.]
 [  3.  21.  15.]]
cf_score, 55.0
nv_score, 1.0
ratio, 0.646464646465
[[ 24.   9.   3.]
 [  2.  27.   3.]
 [  3.  13.  16.]]
cf_score, 61.0
nv_score, 7.0
ratio, 0.676767676768
[[ 29.   5.   3.]
 [  2.  20.   4.]
 [  5.  18.  14.]]
cf_score, 55.0
nv_score, 4.0
ratio, 0.636363636364
[[ 33.   6.   7.]
 [  1.  15.   7.]
 [  4.  15.  12.]]
cf_score, 49.0
nv_score, -9.0
ratio, 0.606060606061
[[ 28.   7.   4.]
 [  4.  20.   7.]
 [  2.  17.  11.]]
cf_score, 53.0
nv_score, -4.0
ratio, 0.59595959596
[[ 29.   5.   5.]
 [  3.  15.  12.]
 [  5.   6.  20.]]
cf_score, 54.0
nv_score, -2.0
ratio, 0.646464646465
[[ 27.   9.   8.]
 [  4.  16.   3.]
 [  3.  22.   8.]]
cf_score, 40.0
nv_score, -11.0
ratio, 0.515151515152
[[ 25.   2.   5.]
 [  3.  27.   5.]
 [  5.  15.  13.]]
cf_score, 55.0
nv_score, -2.0
ratio, 0.656565656566
[[ 31.   6.   2.]
 [  2.  18.   5.]
 [  5.  15.  16.]]
cf_score, 58.0
nv_score, 7.0
ratio, 0.656565656566
[[ 31.   5.   7.]
 [  0.  15.  12.]
 [  1.  10.  19.]]
cf_score, 57.0
nv_score, -7.0
ratio, 0.656565656566
[[ 35.   6.   6.]
 [  1.  16.   6.]
 [  4.   8.  18.]]
cf_score, 59.0
nv_score, 0.0
ratio, 0.69696969697
[[ 18.   8.   2.]
 [  3.  30.   4.]
 [  5.  20.  10.]]
cf_score, 51.0
nv_score, 2.0
ratio, 0.585858585859
[[ 28.   3.   2.]
 [  3.  23.   8.]
 [  3.  17.  13.]]
cf_score, 59.0
nv_score, 1.0
ratio, 0.646464646465
[[ 18.   6.   9.]
 [  2.  15.  10.]
 [ 12.  13.  15.]]
cf_score, 27.0
nv_score, -13.0
ratio, 0.484848484848
[[ 33.   4.   5.]
 [  4.  17.   5.]
 [  8.  15.   9.]]
cf_score, 46.0
nv_score, -6.0
ratio, 0.59595959596
[[ 32.   6.   4.]
 [  1.  18.  12.]
 [  5.   8.  14.]]
cf_score, 55.0
nv_score, -6.0
ratio, 0.646464646465
[[ 27.  11.   4.]
 [  5.  19.   4.]
 [  5.  17.   8.]]
cf_score, 45.0
nv_score, -4.0
ratio, 0.545454545455
[[ 21.  12.   4.]
 [  2.  19.   7.]
 [  6.  10.  19.]]
cf_score, 49.0
nv_score, 4.0
ratio, 0.59595959596
[[ 25.   4.   6.]
 [  3.  12.   9.]
 [  9.  12.  20.]]
cf_score, 42.0
nv_score, -1.0
ratio, 0.575757575758
[[ 23.   8.   5.]
 [  2.  18.   7.]
 [  6.  17.  14.]]
cf_score, 44.0
nv_score, -3.0
ratio, 0.555555555556
[[ 19.  13.   7.]
 [  3.  18.   8.]
 [  2.  10.  20.]]
cf_score, 48.0
nv_score, -2.0
ratio, 0.575757575758
[[ 28.  10.   8.]
 [  4.  22.   6.]
 [  6.   8.   8.]]
cf_score, 44.0
nv_score, -14.0
ratio, 0.585858585859
[[ 23.   5.   2.]
 [  4.  25.   7.]
 [  5.  18.  11.]]
cf_score, 52.0
nv_score, 0.0
ratio, 0.59595959596
[[ 15.   5.   8.]
 [  2.  17.  11.]
 [  4.  10.  28.]]
cf_score, 48.0
nv_score, 1.0
ratio, 0.606060606061
[[ 23.   7.   4.]
 [  3.  33.   4.]
 [  4.  12.  10.]]
cf_score, 58.0
nv_score, -2.0
ratio, 0.666666666667
[[ 18.  12.   5.]
 [  4.  23.   3.]
 [  3.  23.   9.]]
cf_score, 42.0
nv_score, -4.0
ratio, 0.505050505051
[[ 25.   8.   6.]
 [  1.  21.   3.]
 [  6.  14.  16.]]
cf_score, 50.0
nv_score, 1.0
ratio, 0.626262626263
[[ 28.   2.   5.]
 [  2.  16.   8.]
 [  5.  11.  23.]]
cf_score, 57.0
nv_score, 5.0
ratio, 0.676767676768
[[ 27.   4.   8.]
 [  3.  14.   8.]
 [  2.  16.  18.]]
cf_score, 49.0
nv_score, -6.0
ratio, 0.59595959596
[[ 17.   3.   7.]
 [  2.  25.   8.]
 [  4.  13.  21.]]
cf_score, 52.0
nv_score, -1.0
ratio, 0.636363636364
[[ 25.   8.   4.]
 [  3.  20.   3.]
 [  5.  17.  15.]]
cf_score, 51.0
nv_score, 4.0
ratio, 0.606060606061
[[ 20.   8.   5.]
 [  3.  17.   5.]
 [  5.  18.  19.]]
cf_score, 46.0
nv_score, 4.0
ratio, 0.565656565657
[[ 18.   8.   8.]
 [  1.  23.   4.]
 [  8.  21.   9.]]
cf_score, 34.0
nv_score, -11.0
ratio, 0.505050505051
[[ 33.   4.   4.]
 [  0.  19.   7.]
 [  6.  19.   8.]]
cf_score, 50.0
nv_score, -7.0
ratio, 0.606060606061
[[ 25.   4.  14.]
 [  0.  21.   5.]
 [  1.   8.  22.]]
cf_score, 53.0
nv_score, -11.0
ratio, 0.686868686869
[[ 27.   4.   6.]
 [  4.  13.   9.]
 [  4.  16.  17.]]
cf_score, 47.0
nv_score, -4.0
ratio, 0.575757575758
[[ 30.   4.   5.]
 [  6.  21.   7.]
 [  3.  13.  11.]]
cf_score, 54.0
nv_score, -6.0
ratio, 0.626262626263
[[ 21.   4.  11.]
 [  3.  14.  12.]
 [  4.  14.  17.]]
cf_score, 37.0
nv_score, -17.0
ratio, 0.525252525253
[[ 25.  12.   6.]
 [  3.  19.   7.]
 [  1.  11.  16.]]
cf_score, 53.0
nv_score, -3.0
ratio, 0.606060606061
[[ 24.  13.   5.]
 [  2.  11.  12.]
 [  4.  18.  11.]]
cf_score, 37.0
nv_score, -11.0
ratio, 0.464646464646
[[ 27.   5.   4.]
 [  3.  23.   6.]
 [  9.   8.  15.]]
cf_score, 52.0
nv_score, 1.0
ratio, 0.656565656566
[[ 27.   7.  15.]
 [  3.  10.   8.]
 [  2.   8.  20.]]
cf_score, 40.0
nv_score, -18.0
ratio, 0.575757575758
[[ 31.   5.   4.]
 [  3.  14.   7.]
 [  7.  16.  13.]]
cf_score, 47.0
nv_score, -2.0
ratio, 0.585858585859
[[ 25.   8.   1.]
 [  3.  19.   6.]
 [  3.  14.  21.]]
cf_score, 61.0
nv_score, 13.0
ratio, 0.656565656566
[[ 21.   5.   4.]
 [  1.  23.   9.]
 [  4.  14.  19.]]
cf_score, 55.0
nv_score, 2.0
ratio, 0.636363636364
[[ 29.   4.   9.]
 [  2.  27.   4.]
 [  3.   9.  13.]]
cf_score, 57.0
nv_score, -9.0
ratio, 0.69696969697
[[ 23.   6.   4.]
 [  1.  18.  11.]
 [  4.  10.  23.]]
cf_score, 56.0
nv_score, 4.0
ratio, 0.646464646465
[[ 31.   5.   6.]
 [  3.  18.   4.]
 [  4.  11.  18.]]
cf_score, 57.0
nv_score, 2.0
ratio, 0.676767676768
[[ 17.   5.  10.]
 [  5.  18.   4.]
 [  8.  15.  18.]]
cf_score, 35.0
nv_score, -6.0
ratio, 0.535353535354
[[ 27.   5.   6.]
 [  4.  18.   7.]
 [  3.  17.  13.]]
cf_score, 49.0
nv_score, -6.0
ratio, 0.585858585859
[[ 18.   9.   8.]
 [  1.  21.   9.]
 [  6.   9.  19.]]
cf_score, 44.0
nv_score, -6.0
ratio, 0.585858585859
[[ 22.   8.   7.]
 [  2.  14.   9.]
 [  7.   9.  22.]]
cf_score, 44.0
nv_score, -1.0
ratio, 0.585858585859
[[ 31.   8.   7.]
 [  3.  17.   7.]
 [  9.   8.  10.]]
cf_score, 42.0
nv_score, -11.0
ratio, 0.585858585859
[[ 20.   4.   4.]
 [  4.  19.  10.]
 [  9.  19.  11.]]
cf_score, 37.0
nv_score, -7.0
ratio, 0.505050505051
[[ 22.   6.  11.]
 [  3.  15.  10.]
 [  3.  18.  12.]]
cf_score, 35.0
nv_score, -20.0
ratio, 0.494949494949
[[ 25.   4.   3.]
 [  2.  32.   6.]
 [  1.  16.  11.]]
cf_score, 64.0
nv_score, -1.0
ratio, 0.686868686869
[[ 24.   5.   6.]
 [  3.  16.   8.]
 [  7.  13.  18.]]
cf_score, 45.0
nv_score, -2.0
ratio, 0.585858585859
[[ 27.   6.   1.]
 [  1.  24.   7.]
 [  7.  18.   9.]]
cf_score, 52.0
nv_score, 0.0
ratio, 0.606060606061
[[ 20.   8.   6.]
 [  0.  14.  16.]
 [  6.  13.  17.]]
cf_score, 39.0
nv_score, -11.0
ratio, 0.515151515152
[[ 24.   7.   4.]
 [  1.  20.   9.]
 [  8.  13.  14.]]
cf_score, 46.0
nv_score, -3.0
ratio, 0.585858585859
[[ 23.   8.   7.]
 [  0.  18.  11.]
 [  5.  15.  13.]]
cf_score, 42.0
nv_score, -12.0
ratio, 0.545454545455
[[ 27.   4.   3.]
 [  4.  14.   8.]
 [ 11.  12.  17.]]
cf_score, 44.0
nv_score, 3.0
ratio, 0.585858585859
[[ 25.   7.   7.]
 [  2.  13.   6.]
 [  9.   9.  22.]]
cf_score, 44.0
nv_score, 2.0
ratio, 0.606060606061
[[ 26.   2.   6.]
 [  5.  20.  14.]
 [  3.  13.  11.]]
cf_score, 48.0
nv_score, -15.0
ratio, 0.575757575758
[[ 25.   8.   1.]
 [  1.  29.   3.]
 [  7.  12.  14.]]
cf_score, 60.0
nv_score, 9.0
ratio, 0.686868686869
[[ 29.   8.   8.]
 [  5.  20.   4.]
 [  5.  16.   5.]]
cf_score, 41.0
nv_score, -15.0
ratio, 0.545454545455
[[ 28.   7.   8.]
 [  3.  21.   3.]
 [  5.  14.  11.]]
cf_score, 47.0
nv_score, -8.0
ratio, 0.606060606061
[[ 28.   8.   5.]
 [  2.  24.   3.]
 [  3.  15.  12.]]
cf_score, 56.0
nv_score, -1.0
ratio, 0.646464646465
[[ 26.   4.   6.]
 [  2.  25.   3.]
 [  4.  11.  19.]]
cf_score, 60.0
nv_score, 4.0
ratio, 0.707070707071
[[ 23.   8.   8.]
 [  1.  17.   7.]
 [  9.  16.  11.]]
cf_score, 34.0
nv_score, -12.0
ratio, 0.515151515152
[[ 29.   7.   5.]
 [  0.  17.   7.]
 [  4.  19.  12.]]
cf_score, 49.0
nv_score, -5.0
ratio, 0.585858585859
[[ 31.   4.   2.]
 [  1.  22.  10.]
 [  6.  13.  11.]]
cf_score, 56.0
nv_score, -3.0
ratio, 0.646464646465
[[ 25.  10.   4.]
 [  6.  16.   8.]
 [  1.  13.  17.]]
cf_score, 53.0
nv_score, 1.0
ratio, 0.585858585859
[[ 19.   4.  10.]
 [  2.  24.  11.]
 [  5.  13.  12.]]
cf_score, 40.0
nv_score, -19.0
ratio, 0.555555555556
[[ 21.   9.   6.]
 [  1.  22.   6.]
 [  4.  19.  12.]]
cf_score, 45.0
nv_score, -6.0
ratio, 0.555555555556
[[ 23.   5.   3.]
 [  2.  24.   4.]
 [  4.  18.  17.]]
cf_score, 57.0
nv_score, 7.0
ratio, 0.646464646465
[[ 30.   4.   8.]
 [  2.  19.   6.]
 [  5.  17.   9.]]
cf_score, 45.0
nv_score, -13.0
ratio, 0.585858585859
[[ 21.   7.   5.]
 [  4.  25.   2.]
 [  6.  17.  13.]]
cf_score, 48.0
nv_score, 1.0
ratio, 0.59595959596
[[ 26.   7.   5.]
 [  3.   9.  12.]
 [  4.  15.  19.]]
cf_score, 45.0
nv_score, -3.0
ratio, 0.545454545455
[[ 33.   4.   1.]
 [  2.  20.   9.]
 [  3.  13.  15.]]
cf_score, 64.0
nv_score, 4.0
ratio, 0.686868686869
[[ 26.   4.   8.]
 [  3.  21.  10.]
 [  5.  14.   9.]]
cf_score, 43.0
nv_score, -17.0
ratio, 0.565656565657
[[ 33.  12.   2.]
 [  3.  16.   6.]
 [  4.  12.  12.]]
cf_score, 55.0
nv_score, 2.0
ratio, 0.616161616162
[[ 19.   2.   5.]
 [  4.  25.   6.]
 [  4.  18.  17.]]
cf_score, 52.0
nv_score, 1.0
ratio, 0.616161616162
[[ 22.   5.   3.]
 [  5.  15.   7.]
 [  7.  19.  17.]]
cf_score, 44.0
nv_score, 4.0
ratio, 0.545454545455
[[ 24.   4.   6.]
 [  1.  18.   4.]
 [  8.  16.  19.]]
cf_score, 47.0
nv_score, 3.0
ratio, 0.616161616162
[[ 22.   7.   3.]
 [  0.  17.  10.]
 [  6.  18.  17.]]
cf_score, 47.0
nv_score, 1.0
ratio, 0.565656565657
[[ 26.   8.   2.]
 [  5.  21.   5.]
 [  8.  12.  13.]]
cf_score, 50.0
nv_score, 4.0
ratio, 0.606060606061
[[ 26.   4.   2.]
 [  2.  21.   8.]
 [  6.  14.  17.]]
cf_score, 56.0
nv_score, 5.0
ratio, 0.646464646465
[[ 20.   6.  10.]
 [  3.  23.   5.]
 [  3.  17.  13.]]
cf_score, 43.0
nv_score, -12.0
ratio, 0.565656565657
[[ 16.   5.   2.]
 [  4.  25.   7.]
 [  8.  13.  20.]]
cf_score, 51.0
nv_score, 9.0
ratio, 0.616161616162
[[ 29.   6.   5.]
 [  3.  12.   4.]
 [  2.  14.  25.]]
cf_score, 59.0
nv_score, 11.0
ratio, 0.666666666667
[[ 20.  11.   2.]
 [  5.  24.   7.]
 [  5.   6.  20.]]
cf_score, 57.0
nv_score, 9.0
ratio, 0.646464646465
[[ 27.   6.   4.]
 [  2.  18.   6.]
 [  6.  14.  17.]]
cf_score, 52.0
nv_score, 3.0
ratio, 0.626262626263
[[ 27.   8.   3.]
 [  2.  26.   5.]
 [  4.  14.  11.]]
cf_score, 57.0
nv_score, 0.0
ratio, 0.646464646465
[[ 22.   8.   3.]
 [  4.  23.   5.]
 [  4.  17.  14.]]
cf_score, 52.0
nv_score, 3.0
ratio, 0.59595959596
[[ 18.   9.   5.]
 [  6.  18.   6.]
 [  3.  14.  21.]]
cf_score, 49.0
nv_score, 5.0
ratio, 0.575757575758
[[ 24.   1.   7.]
 [  4.  26.   2.]
 [  2.   9.  25.]]
cf_score, 66.0
nv_score, 9.0
ratio, 0.757575757576
[[ 26.   5.   3.]
 [  3.  15.   8.]
 [  4.  17.  19.]]
cf_score, 53.0
nv_score, 5.0
ratio, 0.606060606061
[[ 23.   3.   3.]
 [  6.  19.   4.]
 [  7.  17.  18.]]
cf_score, 50.0
nv_score, 8.0
ratio, 0.606060606061
[[ 21.   3.   3.]
 [  1.  30.   4.]
 [  7.  15.  16.]]
cf_score, 57.0
nv_score, 6.0
ratio, 0.676767676768
[[ 25.   9.   5.]
 [  2.  22.   2.]
 [  4.   8.  23.]]
cf_score, 61.0
nv_score, 11.0
ratio, 0.707070707071
[[ 23.   6.   9.]
 [  1.  20.   5.]
 [  9.  12.  15.]]
cf_score, 40.0
nv_score, -8.0
ratio, 0.585858585859
[[ 23.   4.   6.]
 [  2.  19.   8.]
 [  4.  12.  22.]]
cf_score, 54.0
nv_score, 2.0
ratio, 0.646464646465
[[ 25.   1.   7.]
 [  2.  21.   7.]
 [  5.  16.  16.]]
cf_score, 50.0
nv_score, -5.0
ratio, 0.626262626263
[[ 21.   5.   6.]
 [  2.  18.   6.]
 [  5.  23.  14.]]
cf_score, 42.0
nv_score, -4.0
ratio, 0.535353535354
[[ 23.   4.   7.]
 [  2.  14.   5.]
 [  7.  16.  22.]]
cf_score, 45.0
nv_score, 3.0
ratio, 0.59595959596
[[ 27.   4.   5.]
 [  3.  28.   7.]
 [  3.   9.  14.]]
cf_score, 61.0
nv_score, -3.0
ratio, 0.69696969697
[[ 19.   9.   6.]
 [  3.  23.   8.]
 [  0.  20.  12.]]
cf_score, 48.0
nv_score, -8.0
ratio, 0.545454545455
[[ 32.   8.   6.]
 [  1.  15.   5.]
 [  2.  13.  18.]]
cf_score, 57.0
nv_score, 1.0
ratio, 0.656565656566
[[ 25.   7.   4.]
 [  1.  20.   7.]
 [  6.  13.  17.]]
cf_score, 52.0
nv_score, 2.0
ratio, 0.626262626263
[[ 25.   5.   6.]
 [  1.  15.   3.]
 [  6.  27.  12.]]
cf_score, 40.0
nv_score, -3.0
ratio, 0.525252525253
[[ 25.   6.   5.]
 [  1.  23.   7.]
 [  3.  11.  19.]]
cf_score, 59.0
nv_score, 2.0
ratio, 0.676767676768
[[ 22.   9.   6.]
 [  4.  16.   7.]
 [  6.  14.  16.]]
cf_score, 42.0
nv_score, -3.0
ratio, 0.545454545455
[[ 26.   6.   5.]
 [  6.  20.   6.]
 [  7.  10.  14.]]
cf_score, 48.0
nv_score, -2.0
ratio, 0.606060606061
[[ 22.   8.   6.]
 [  2.  19.   4.]
 [  5.  18.  16.]]
cf_score, 46.0
nv_score, 0.0
ratio, 0.575757575758
[[ 32.  10.   0.]
 [  1.  22.   4.]
 [  1.  12.  18.]]
cf_score, 71.0
nv_score, 14.0
ratio, 0.727272727273
[[ 26.   3.   2.]
 [  1.  30.   4.]
 [  5.  13.  16.]]
cf_score, 65.0
nv_score, 8.0
ratio, 0.727272727273
[[ 30.   5.   9.]
 [  4.  18.   9.]
 [  3.  13.   9.]]
cf_score, 45.0
nv_score, -18.0
ratio, 0.575757575758
[[ 20.   5.   6.]
 [  4.  18.   7.]
 [  8.  17.  15.]]
cf_score, 39.0
nv_score, -4.0
ratio, 0.535353535354
[[ 19.   8.   5.]
 [  3.  20.   3.]
 [  6.  17.  19.]]
cf_score, 47.0
nv_score, 6.0
ratio, 0.585858585859
[[ 25.   6.   4.]
 [  4.  12.  14.]
 [ 11.  10.  14.]]
cf_score, 36.0
nv_score, -8.0
ratio, 0.515151515152
[[ 25.   4.   5.]
 [  5.  20.   3.]
 [  3.  15.  20.]]
cf_score, 57.0
nv_score, 7.0
ratio, 0.656565656566
[[ 28.   4.  10.]
 [  1.  25.   3.]
 [  7.   7.  15.]]
cf_score, 51.0
nv_score, -8.0
ratio, 0.686868686869
[[ 24.   4.   4.]
 [  2.  21.   8.]
 [  6.  16.  15.]]
cf_score, 50.0
nv_score, -1.0
ratio, 0.606060606061
[[ 25.   4.   7.]
 [  1.  21.   3.]
 [  4.  23.  12.]]
cf_score, 47.0
nv_score, -5.0
ratio, 0.585858585859
[[ 27.   7.   7.]
 [  2.  16.   8.]
 [  2.  15.  16.]]
cf_score, 50.0
nv_score, -6.0
ratio, 0.59595959596
[[ 28.   2.   2.]
 [  3.  26.   5.]
 [  3.  12.  19.]]
cf_score, 68.0
nv_score, 10.0
ratio, 0.737373737374
[[ 21.   6.   6.]
 [  3.  21.   7.]
 [  4.  17.  15.]]
cf_score, 47.0
nv_score, -4.0
ratio, 0.575757575758
[[ 28.   7.   2.]
 [  3.  20.   5.]
 [  8.  13.  14.]]
cf_score, 52.0
nv_score, 5.0
ratio, 0.626262626263
[[ 25.   9.   6.]
 [  1.  17.   9.]
 [  2.  17.  14.]]
cf_score, 48.0
nv_score, -7.0
ratio, 0.565656565657
[[ 23.   8.   3.]
 [  3.  21.   6.]
 [  2.  22.  12.]]
cf_score, 51.0
nv_score, 0.0
ratio, 0.565656565657
[[ 25.  11.   2.]
 [  0.  20.   6.]
 [  4.  13.  19.]]
cf_score, 58.0
nv_score, 9.0
ratio, 0.646464646465
[[ 24.  11.   6.]
 [  1.  21.   7.]
 [  3.  14.  13.]]
cf_score, 49.0
nv_score, -6.0
ratio, 0.585858585859
[[ 24.  12.   4.]
 [  1.  22.   1.]
 [  4.  20.  12.]]
cf_score, 50.0
nv_score, 3.0
ratio, 0.585858585859
[[ 24.   6.   7.]
 [  0.  22.   9.]
 [  3.  16.  13.]]
cf_score, 49.0
nv_score, -10.0
ratio, 0.59595959596
[[ 25.   9.   7.]
 [  0.  16.  12.]
 [  3.  13.  15.]]
cf_score, 46.0
nv_score, -11.0
ratio, 0.565656565657
[[ 24.   7.   7.]
 [  0.  15.   5.]
 [  4.  18.  20.]]
cf_score, 48.0
nv_score, 1.0
ratio, 0.59595959596
[[ 19.   7.   6.]
 [  2.  25.   6.]
 [  2.  13.  20.]]
cf_score, 56.0
nv_score, 2.0
ratio, 0.646464646465
[[ 24.  10.   5.]
 [  5.  21.   4.]
 [  4.  15.  12.]]
cf_score, 48.0
nv_score, -2.0
ratio, 0.575757575758
[[ 27.  11.   5.]
 [  1.  20.   7.]
 [  3.  12.  14.]]
cf_score, 53.0
nv_score, -3.0
ratio, 0.616161616162
[[ 31.   5.   1.]
 [  0.  19.   8.]
 [  5.  12.  19.]]
cf_score, 63.0
nv_score, 9.0
ratio, 0.69696969697
[[ 25.   6.   4.]
 [  3.  19.   6.]
 [  4.  22.  11.]]
cf_score, 47.0
nv_score, -3.0
ratio, 0.555555555556
[[ 14.   6.   5.]
 [  1.  25.   2.]
 [  9.  23.  15.]]
cf_score, 40.0
nv_score, 3.0
ratio, 0.545454545455
[[ 26.   2.   8.]
 [  5.  15.   4.]
 [  4.  18.  18.]]
cf_score, 47.0
nv_score, -2.0
ratio, 0.59595959596
[[ 21.   5.   5.]
 [  2.  24.   5.]
 [  6.  18.  14.]]
cf_score, 48.0
nv_score, -1.0
ratio, 0.59595959596
[[ 28.   6.   2.]
 [  3.  18.   9.]
 [  5.  14.  15.]]
cf_score, 54.0
nv_score, 2.0
ratio, 0.616161616162
[[ 20.   5.   5.]
 [  2.  21.  10.]
 [  6.  18.  13.]]
cf_score, 43.0
nv_score, -7.0
ratio, 0.545454545455
[[ 23.   6.   3.]
 [  1.  23.   5.]
 [  6.  21.  12.]]
cf_score, 49.0
nv_score, 1.0
ratio, 0.585858585859
[[ 22.   8.   7.]
 [  3.  18.   7.]
 [  5.  11.  19.]]
cf_score, 47.0
nv_score, -2.0
ratio, 0.59595959596
[[ 23.   6.   4.]
 [  4.  22.   7.]
 [  4.  14.  16.]]
cf_score, 53.0
nv_score, 1.0
ratio, 0.616161616162
[[ 25.   5.   5.]
 [  6.  13.   7.]
 [  4.  17.  18.]]
cf_score, 47.0
nv_score, 1.0
ratio, 0.565656565657
[[ 29.   2.   4.]
 [  2.  21.   5.]
 [  6.  20.  11.]]
cf_score, 51.0
nv_score, -2.0
ratio, 0.616161616162
[[ 20.  13.   5.]
 [  1.  13.  10.]
 [  5.  19.  14.]]
cf_score, 37.0
nv_score, -6.0
ratio, 0.474747474747
[[ 26.   9.   5.]
 [  4.  21.   1.]
 [  4.  19.  11.]]
cf_score, 49.0
nv_score, 0.0
ratio, 0.585858585859
[[ 18.   6.   3.]
 [  0.  32.   6.]
 [  2.  18.  15.]]
cf_score, 60.0
nv_score, 3.0
ratio, 0.656565656566
[[ 24.   3.   6.]
 [  2.  22.  10.]
 [  6.  14.  13.]]
cf_score, 47.0
nv_score, -9.0
ratio, 0.59595959596
[[ 28.   4.   3.]
 [  3.  24.   4.]
 [  5.  10.  19.]]
cf_score, 63.0
nv_score, 9.0
ratio, 0.717171717172
[[ 26.  10.   3.]
 [  4.  21.   7.]
 [  7.  11.  11.]]
cf_score, 48.0
nv_score, -2.0
ratio, 0.585858585859
[[ 28.   4.   3.]
 [  2.  25.   7.]
 [  2.  12.  17.]]
cf_score, 65.0
nv_score, 4.0
ratio, 0.707070707071
[[ 21.   5.   2.]
 [  3.  23.   6.]
 [  3.  22.  15.]]
cf_score, 54.0
nv_score, 5.0
ratio, 0.59595959596
[[ 22.   6.   6.]
 [  2.  22.   8.]
 [  7.  19.   8.]]
cf_score, 39.0
nv_score, -12.0
ratio, 0.525252525253
[[ 30.   3.   3.]
 [  4.  21.   6.]
 [  5.  15.  13.]]
cf_score, 56.0
nv_score, 1.0
ratio, 0.646464646465
[[ 27.   8.   3.]
 [  2.  22.   4.]
 [  5.  14.  15.]]
cf_score, 56.0
nv_score, 5.0
ratio, 0.646464646465
[[ 28.   2.   4.]
 [  5.  24.   6.]
 [  5.  15.  11.]]
cf_score, 54.0
nv_score, -3.0
ratio, 0.636363636364
[[ 31.  10.   3.]
 [  2.  19.   3.]
 [  4.  12.  16.]]
cf_score, 59.0
nv_score, 7.0
ratio, 0.666666666667
[[ 26.   9.   4.]
 [  0.  17.   8.]
 [  3.  16.  17.]]
cf_score, 53.0
nv_score, 1.0
ratio, 0.606060606061
[[ 31.   6.   2.]
 [  1.  26.   7.]
 [  5.  11.  11.]]
cf_score, 61.0
nv_score, 0.0
ratio, 0.686868686869
[[ 20.   8.   2.]
 [  3.  22.   5.]
 [  6.  15.  19.]]
cf_score, 53.0
nv_score, 10.0
ratio, 0.616161616162
[[ 21.   3.   4.]
 [  5.  25.  10.]
 [  4.  19.   9.]]
cf_score, 47.0
nv_score, -9.0
ratio, 0.555555555556
[[ 24.  10.   6.]
 [  1.  18.   6.]
 [  4.  23.   8.]]
cf_score, 40.0
nv_score, -10.0
ratio, 0.505050505051
[[ 30.   7.   3.]
 [  2.  12.   7.]
 [ 10.  17.  12.]]
cf_score, 41.0
nv_score, -1.0
ratio, 0.545454545455
[[ 17.  10.   5.]
 [  7.  26.   6.]
 [  3.  13.  13.]]
cf_score, 48.0
nv_score, -3.0
ratio, 0.565656565657
[[ 26.   3.   3.]
 [  3.  24.   4.]
 [  3.  18.  16.]]
cf_score, 60.0
nv_score, 6.0
ratio, 0.666666666667
[[ 26.  10.   0.]
 [  0.  21.   7.]
 [  7.  18.  11.]]
cf_score, 51.0
nv_score, 4.0
ratio, 0.585858585859
[[ 25.   5.   3.]
 [  4.  21.  11.]
 [  2.  13.  16.]]
cf_score, 57.0
nv_score, -1.0
ratio, 0.626262626263
[[ 20.  10.   5.]
 [  2.  18.  10.]
 [  4.  13.  18.]]
cf_score, 47.0
nv_score, -2.0
ratio, 0.565656565657
[[ 21.   8.   2.]
 [ 10.  18.   5.]
 [  2.  20.  14.]]
cf_score, 49.0
nv_score, 5.0
ratio, 0.535353535354
[[ 28.  14.   6.]
 [  2.  16.   2.]
 [  3.  17.  12.]]
cf_score, 47.0
nv_score, -2.0
ratio, 0.565656565657
[[ 26.   5.   9.]
 [  3.  21.   5.]
 [  4.  11.  16.]]
cf_score, 50.0
nv_score, -7.0
ratio, 0.636363636364
[[ 24.   5.   8.]
 [  1.  20.   4.]
 [  5.  18.  15.]]
cf_score, 46.0
nv_score, -5.0
ratio, 0.59595959596
[[ 26.   9.   4.]
 [  2.  19.  10.]
 [  4.  15.  11.]]
cf_score, 48.0
nv_score, -7.0
ratio, 0.565656565657
[[ 27.   9.   4.]
 [  1.  28.   5.]
 [  6.   9.  11.]]
cf_score, 56.0
nv_score, -2.0
ratio, 0.666666666667
[[ 29.   4.   6.]
 [  3.  17.  11.]
 [  7.  14.   9.]]
cf_score, 42.0
nv_score, -14.0
ratio, 0.555555555556
[[ 29.   6.   1.]
 [  4.  21.   2.]
 [  6.  13.  18.]]
cf_score, 61.0
nv_score, 14.0
ratio, 0.686868686869
[[ 16.   6.   6.]
 [  5.  27.   4.]
 [  3.  13.  20.]]
cf_score, 54.0
nv_score, 4.0
ratio, 0.636363636364
[[ 27.   6.   2.]
 [  0.  22.   5.]
 [  6.  16.  16.]]
cf_score, 57.0
nv_score, 7.0
ratio, 0.656565656566
[[ 22.  10.   4.]
 [  1.  22.   4.]
 [  5.  10.  22.]]
cf_score, 57.0
nv_score, 10.0
ratio, 0.666666666667
[[ 28.  10.   4.]
 [  4.  16.   3.]
 [  5.  14.  16.]]
cf_score, 51.0
nv_score, 5.0
ratio, 0.606060606061
[[ 25.   4.   3.]
 [  3.  25.   5.]
 [ 10.  11.  14.]]
cf_score, 51.0
nv_score, 3.0
ratio, 0.646464646465
[[ 24.   9.   3.]
 [  5.  16.   2.]
 [  5.  22.  14.]]
cf_score, 46.0
nv_score, 6.0
ratio, 0.545454545455
[[ 20.   7.   6.]
 [  5.  20.   3.]
 [  6.  15.  18.]]
cf_score, 46.0
nv_score, 3.0
ratio, 0.585858585859
[[ 33.  11.   2.]
 [  2.  19.   6.]
 [  5.  15.   7.]]
cf_score, 52.0
nv_score, -3.0
ratio, 0.59595959596
[[ 23.   4.   4.]
 [  1.  27.   4.]
 [  7.  14.  16.]]
cf_score, 55.0
nv_score, 4.0
ratio, 0.666666666667
[[ 21.   7.   6.]
 [  2.  27.   4.]
 [  6.  10.  17.]]
cf_score, 53.0
nv_score, 1.0
ratio, 0.656565656566
[[ 22.   7.   5.]
 [  1.  11.   4.]
 [  5.  26.  19.]]
cf_score, 42.0
nv_score, 5.0
ratio, 0.525252525253
[[ 14.  14.   3.]
 [  1.  24.   5.]
 [  7.  16.  16.]]
cf_score, 44.0
nv_score, 5.0
ratio, 0.545454545455
[[ 25.   3.   5.]
 [  2.  20.   5.]
 [  7.  13.  20.]]
cf_score, 53.0
nv_score, 5.0
ratio, 0.656565656566
[[ 21.   6.   2.]
 [  2.  23.  11.]
 [  8.  21.   6.]]
cf_score, 40.0
nv_score, -9.0
ratio, 0.505050505051
[[ 33.   5.   2.]
 [  4.  22.   8.]
 [  6.   9.  11.]]
cf_score, 58.0
nv_score, -1.0
ratio, 0.666666666667
[[ 24.   9.   4.]
 [  0.  15.  10.]
 [  8.  13.  17.]]
cf_score, 44.0
nv_score, -1.0
ratio, 0.565656565657
[[ 19.   9.   1.]
 [  3.  22.   5.]
 [  6.  18.  17.]]
cf_score, 51.0
nv_score, 10.0
ratio, 0.585858585859
[[ 20.   3.   5.]
 [  3.  19.   4.]
 [  5.  21.  20.]]
cf_score, 49.0
nv_score, 6.0
ratio, 0.59595959596
[[ 22.   6.   3.]
 [  4.  26.   7.]
 [  7.  10.  15.]]
cf_score, 53.0
nv_score, 2.0
ratio, 0.636363636364
[[ 29.   6.   6.]
 [  3.  12.   5.]
 [  8.  17.  14.]]
cf_score, 41.0
nv_score, -3.0
ratio, 0.555555555556
[[ 27.   2.   7.]
 [  1.  24.   6.]
 [  7.  13.  13.]]
cf_score, 50.0
nv_score, -7.0
ratio, 0.646464646465
[[ 20.   6.   9.]
 [  4.  19.   8.]
 [  6.  14.  14.]]
cf_score, 38.0
nv_score, -12.0
ratio, 0.535353535354
[[ 26.   5.   6.]
 [  1.  14.   9.]
 [  7.  16.  16.]]
cf_score, 43.0
nv_score, -5.0
ratio, 0.565656565657
[[ 22.   5.   8.]
 [  1.  32.   6.]
 [  3.  13.  10.]]
cf_score, 53.0
nv_score, -12.0
ratio, 0.646464646465
[[ 18.  11.   5.]
 [  3.  17.   4.]
 [  6.  21.  15.]]
cf_score, 39.0
nv_score, 1.0
ratio, 0.505050505051
[[ 26.   5.   3.]
 [  1.  22.   9.]
 [  3.  15.  16.]]
cf_score, 58.0
nv_score, 1.0
ratio, 0.646464646465
[[ 19.   6.   4.]
 [  2.  27.   4.]
 [  6.  14.  18.]]
cf_score, 54.0
nv_score, 6.0
ratio, 0.646464646465
[[ 21.   4.   5.]
 [  1.  28.  11.]
 [  7.  14.   9.]]
cf_score, 46.0
nv_score, -12.0
ratio, 0.585858585859
[[ 24.   5.   7.]
 [  2.  19.   5.]
 [  8.  13.  17.]]
cf_score, 45.0
nv_score, -2.0
ratio, 0.606060606061
[[ 31.   4.   7.]
 [  3.  15.   7.]
 [  4.  12.  17.]]
cf_score, 52.0
nv_score, -4.0
ratio, 0.636363636364
[[ 29.   3.   2.]
 [  4.  23.   3.]
 [  4.  22.  10.]]
cf_score, 56.0
nv_score, 3.0
ratio, 0.626262626263
[[ 25.   6.   5.]
 [  4.  19.   6.]
 [  4.  14.  17.]]
cf_score, 52.0
nv_score, 1.0
ratio, 0.616161616162
[[ 24.   4.   2.]
 [  2.  24.   6.]
 [  7.  12.  19.]]
cf_score, 58.0
nv_score, 9.0
ratio, 0.676767676768
[[ 22.   7.   5.]
 [  3.  24.   5.]
 [  3.  14.  17.]]
cf_score, 55.0
nv_score, 2.0
ratio, 0.636363636364
[[ 19.   7.   5.]
 [  4.  26.   7.]
 [  3.  14.  15.]]
cf_score, 52.0
nv_score, -2.0
ratio, 0.606060606061
[[ 28.   5.   4.]
 [  2.  18.   7.]
 [  5.  17.  14.]]
cf_score, 51.0
nv_score, -1.0
ratio, 0.606060606061
[[ 27.   4.   4.]
 [  5.  22.   8.]
 [  6.  20.   4.]]
cf_score, 43.0
nv_score, -12.0
ratio, 0.535353535354
[[ 26.   8.   8.]
 [  2.  19.  10.]
 [  8.  10.   9.]]
cf_score, 38.0
nv_score, -17.0
ratio, 0.545454545455
[[ 26.   7.   4.]
 [  2.  17.   7.]
 [  5.  18.  14.]]
cf_score, 48.0
nv_score, -1.0
ratio, 0.575757575758
[[ 28.   6.   4.]
 [  1.  28.   3.]
 [  4.  16.  10.]]
cf_score, 58.0
nv_score, -1.0
ratio, 0.666666666667
[[ 24.   6.   6.]
 [  0.  21.   8.]
 [  4.  19.  12.]]
cf_score, 47.0
nv_score, -8.0
ratio, 0.575757575758
[[ 25.   8.   1.]
 [  5.  23.   4.]
 [  9.  14.  11.]]
cf_score, 49.0
nv_score, 5.0
ratio, 0.59595959596
[[ 23.   9.   3.]
 [  0.  23.   8.]
 [ 10.   7.  17.]]
cf_score, 50.0
nv_score, 3.0
ratio, 0.636363636364
[[ 27.   7.   6.]
 [  2.  17.   2.]
 [  2.  24.  13.]]
cf_score, 49.0
nv_score, -1.0
ratio, 0.575757575758
[[ 26.   2.   5.]
 [  1.  23.   7.]
 [  3.  19.  14.]]
cf_score, 55.0
nv_score, -3.0
ratio, 0.636363636364
[[ 22.   9.   3.]
 [  3.  16.   9.]
 [  6.  18.  14.]]
cf_score, 43.0
nv_score, -1.0
ratio, 0.525252525253
[[ 28.   3.   8.]
 [  3.  21.   6.]
 [  2.  14.  15.]]
cf_score, 54.0
nv_score, -7.0
ratio, 0.646464646465
[[ 26.   6.   9.]
 [  1.  16.   5.]
 [  6.  16.  15.]]
cf_score, 42.0
nv_score, -8.0
ratio, 0.575757575758
[[ 25.   1.  11.]
 [  3.  27.   6.]
 [  2.  11.  14.]]
cf_score, 53.0
nv_score, -14.0
ratio, 0.666666666667
[[ 23.   8.   6.]
 [  5.  17.   6.]
 [  4.  19.  12.]]
cf_score, 42.0
nv_score, -6.0
ratio, 0.525252525253
