[[  0.   0.  49.]
 [  0.   0.  24.]
 [  0.   0.  27.]]
cf_score, -22.0
nv_score, -95.0
ratio, 0.272727272727
[[  0.  21.  16.]
 [  0.  22.   8.]
 [  0.  10.  23.]]
cf_score, 29.0
nv_score, -17.0
ratio, 0.454545454545
[[  3.  30.   8.]
 [  1.  31.   2.]
 [  4.  10.  11.]]
cf_score, 33.0
nv_score, -7.0
ratio, 0.454545454545
[[  0.  24.   9.]
 [  0.  31.   4.]
 [  0.  22.  10.]]
cf_score, 32.0
nv_score, -12.0
ratio, 0.414141414141
[[  1.  24.  10.]
 [  1.  32.   4.]
 [  5.  13.  10.]]
cf_score, 28.0
nv_score, -14.0
ratio, 0.434343434343
[[ 33.   0.   7.]
 [ 31.   0.   4.]
 [ 14.   0.  11.]]
cf_score, 23.0
nv_score, -7.0
ratio, 0.444444444444
[[ 14.  12.  11.]
 [ 18.  20.   1.]
 [  7.   5.  12.]]
cf_score, 28.0
nv_score, -11.0
ratio, 0.464646464646
[[  3.  31.   7.]
 [  0.  36.   5.]
 [  2.  12.   4.]]
cf_score, 34.0
nv_score, -15.0
ratio, 0.434343434343
[[ 24.   0.  13.]
 [ 29.   1.   4.]
 [ 15.   1.  13.]]
cf_score, 10.0
nv_score, -17.0
ratio, 0.383838383838
[[ 24.   0.   5.]
 [ 33.   0.   4.]
 [ 22.   0.  12.]]
cf_score, 9.0
nv_score, -2.0
ratio, 0.363636363636
[[  7.  20.  18.]
 [  1.  18.  11.]
 [  5.   9.  11.]]
cf_score, 13.0
nv_score, -36.0
ratio, 0.363636363636
[[  2.  13.   8.]
 [  0.  29.  11.]
 [  8.  18.  11.]]
cf_score, 26.0
nv_score, -16.0
ratio, 0.424242424242
[[ 25.   0.   9.]
 [ 33.   0.   5.]
 [ 22.   0.   6.]]
cf_score, 0.0
nv_score, -17.0
ratio, 0.313131313131
[[ 16.   0.  11.]
 [ 30.   0.  11.]
 [ 16.   0.  16.]]
cf_score, 5.0
nv_score, -17.0
ratio, 0.323232323232
[[ 21.   0.  11.]
 [ 26.   0.   6.]
 [ 23.   0.  13.]]
cf_score, 0.0
nv_score, -15.0
ratio, 0.343434343434
[[  0.  34.  12.]
 [  0.  24.   4.]
 [  0.  16.  10.]]
cf_score, 22.0
nv_score, -18.0
ratio, 0.343434343434
[[  0.  31.   6.]
 [  0.  31.   3.]
 [  0.  21.   8.]]
cf_score, 33.0
nv_score, -7.0
ratio, 0.393939393939
[[ 13.  13.  10.]
 [ 15.  12.   7.]
 [ 13.   5.  12.]]
cf_score, 14.0
nv_score, -15.0
ratio, 0.373737373737
[[ 31.   0.   7.]
 [ 20.   0.   4.]
 [ 28.   0.  10.]]
cf_score, 6.0
nv_score, -8.0
ratio, 0.414141414141
[[  5.  19.   8.]
 [  3.  21.   7.]
 [ 14.   8.  15.]]
cf_score, 19.0
nv_score, -8.0
ratio, 0.414141414141
[[ 32.   0.  13.]
 [ 30.   0.   5.]
 [ 14.   0.   6.]]
cf_score, 11.0
nv_score, -25.0
ratio, 0.383838383838
[[  0.  27.   7.]
 [  0.  25.   7.]
 [  0.  10.  24.]]
cf_score, 42.0
nv_score, 3.0
ratio, 0.494949494949
[[  0.  21.  10.]
 [  0.  27.  11.]
 [  0.   9.  22.]]
cf_score, 39.0
nv_score, -9.0
ratio, 0.494949494949
[[ 36.   0.   7.]
 [ 23.   0.   8.]
 [  8.   0.  18.]]
cf_score, 39.0
nv_score, -4.0
ratio, 0.545454545455
[[ 27.   0.   2.]
 [ 34.   0.   7.]
 [ 22.   0.   8.]]
cf_score, 11.0
nv_score, -3.0
ratio, 0.353535353535
[[ 25.   0.   7.]
 [ 29.   0.  10.]
 [ 20.   0.   9.]]
cf_score, 7.0
nv_score, -15.0
ratio, 0.343434343434
[[ 11.  15.  11.]
 [ 19.  15.   3.]
 [ 10.   7.   9.]]
cf_score, 14.0
nv_score, -16.0
ratio, 0.353535353535
[[ 14.  10.  11.]
 [ 20.   9.   6.]
 [  5.   9.  16.]]
cf_score, 23.0
nv_score, -12.0
ratio, 0.393939393939
[[ 26.   0.  13.]
 [ 26.   0.   4.]
 [ 21.   0.  10.]]
cf_score, 2.0
nv_score, -20.0
ratio, 0.363636363636
[[ 24.   0.  14.]
 [ 29.   0.   8.]
 [ 13.   0.  12.]]
cf_score, 9.0
nv_score, -24.0
ratio, 0.363636363636
[[ 15.   0.  16.]
 [ 27.   0.   9.]
 [ 14.   0.  19.]]
cf_score, 4.0
nv_score, -22.0
ratio, 0.343434343434
[[ 32.   0.   5.]
 [ 30.   0.   5.]
 [ 15.   0.  13.]]
cf_score, 25.0
nv_score, -2.0
ratio, 0.454545454545
[[ 35.   0.  10.]
 [ 22.   0.   8.]
 [  7.   0.  18.]]
cf_score, 36.0
nv_score, -10.0
ratio, 0.535353535354
[[ 23.   1.  16.]
 [ 24.   2.   6.]
 [ 14.   0.  14.]]
cf_score, 9.0
nv_score, -24.0
ratio, 0.393939393939
[[ 21.   0.  10.]
 [ 37.   0.   7.]
 [ 15.   0.  10.]]
cf_score, 6.0
nv_score, -17.0
ratio, 0.313131313131
[[ 24.   0.   9.]
 [ 34.   0.   6.]
 [  9.   1.  17.]]
cf_score, 23.0
nv_score, -7.0
ratio, 0.414141414141
[[ 17.   4.   5.]
 [ 33.   2.   5.]
 [ 14.  10.  10.]]
cf_score, 10.0
nv_score, -5.0
ratio, 0.292929292929
[[ 16.   2.  19.]
 [ 18.   4.   9.]
 [  9.   4.  19.]]
cf_score, 11.0
nv_score, -28.0
ratio, 0.393939393939
[[ 25.   2.  10.]
 [ 33.   2.   3.]
 [ 11.   2.  12.]]
cf_score, 18.0
nv_score, -11.0
ratio, 0.393939393939
[[ 33.   2.  11.]
 [ 16.   1.   8.]
 [ 15.   0.  14.]]
cf_score, 22.0
nv_score, -16.0
ratio, 0.484848484848
[[ 13.   7.  14.]
 [ 23.   6.   3.]
 [  9.  14.  11.]]
cf_score, 7.0
nv_score, -20.0
ratio, 0.30303030303
[[ 27.   0.   9.]
 [ 25.   2.   6.]
 [  9.   0.  22.]]
cf_score, 33.0
nv_score, -2.0
ratio, 0.515151515152
[[ 22.   2.   8.]
 [ 28.   2.   7.]
 [ 15.   7.   9.]]
cf_score, 10.0
nv_score, -14.0
ratio, 0.333333333333
[[ 22.   4.   7.]
 [ 33.   1.   2.]
 [ 15.   3.  13.]]
cf_score, 14.0
nv_score, -3.0
ratio, 0.363636363636
[[ 27.   6.  10.]
 [ 20.   1.   2.]
 [ 12.   3.  19.]]
cf_score, 25.0
nv_score, -3.0
ratio, 0.474747474747
[[ 17.   2.  11.]
 [ 29.   2.   9.]
 [  6.   7.  17.]]
cf_score, 19.0
nv_score, -14.0
ratio, 0.363636363636
[[ 23.   2.   9.]
 [ 22.   6.   9.]
 [  5.   7.  17.]]
cf_score, 32.0
nv_score, -10.0
ratio, 0.464646464646
[[ 29.   4.   8.]
 [ 26.   0.   8.]
 [  8.   3.  14.]]
cf_score, 27.0
nv_score, -10.0
ratio, 0.434343434343
[[ 22.   3.  13.]
 [ 31.   2.   5.]
 [ 11.   1.  12.]]
cf_score, 12.0
nv_score, -19.0
ratio, 0.363636363636
[[ 20.   3.  11.]
 [ 25.   3.   8.]
 [  9.   4.  17.]]
cf_score, 20.0
nv_score, -13.0
ratio, 0.40404040404
