[[  2.   4.  28.]
 [  0.  28.   8.]
 [  0.  10.  20.]]
cf_score, 22.0
nv_score, -44.0
ratio, 0.505050505051
[[  8.   3.  22.]
 [  0.  20.  11.]
 [  9.   2.  25.]]
cf_score, 22.0
nv_score, -30.0
ratio, 0.535353535354
[[  8.   4.  14.]
 [  7.  30.   4.]
 [  8.   5.  20.]]
cf_score, 36.0
nv_score, -12.0
ratio, 0.585858585859
[[  7.   2.  22.]
 [  1.  24.  11.]
 [  5.   2.  26.]]
cf_score, 30.0
nv_score, -29.0
ratio, 0.575757575758
[[  9.   2.  23.]
 [  2.  24.   5.]
 [ 12.   4.  19.]]
cf_score, 17.0
nv_score, -32.0
ratio, 0.525252525253
[[ 32.   3.   0.]
 [ 13.  18.   0.]
 [ 30.   4.   0.]]
cf_score, 20.0
nv_score, 0.0
ratio, 0.505050505051
[[ 11.   2.  18.]
 [  3.  29.   3.]
 [ 12.   1.  21.]]
cf_score, 31.0
nv_score, -18.0
ratio, 0.616161616162
[[  4.   0.  23.]
 [  5.  28.  11.]
 [  1.   2.  26.]]
cf_score, 34.0
nv_score, -31.0
ratio, 0.585858585859
[[ 10.   1.  25.]
 [  3.  24.   6.]
 [  7.   2.  22.]]
cf_score, 24.0
nv_score, -34.0
ratio, 0.565656565657
[[ 15.   1.  16.]
 [  3.  23.   9.]
 [  6.   5.  22.]]
cf_score, 38.0
nv_score, -19.0
ratio, 0.606060606061
[[  5.   2.  21.]
 [  3.  24.   9.]
 [  8.   0.  28.]]
cf_score, 28.0
nv_score, -23.0
ratio, 0.575757575758
[[  5.   1.  19.]
 [  3.  28.   6.]
 [ 11.   5.  22.]]
cf_score, 25.0
nv_score, -22.0
ratio, 0.555555555556
[[  7.   1.  20.]
 [  0.  29.  10.]
 [  8.   2.  23.]]
cf_score, 31.0
nv_score, -27.0
ratio, 0.59595959596
[[  8.   0.  32.]
 [  1.  21.   7.]
 [  4.   6.  21.]]
cf_score, 14.0
nv_score, -50.0
ratio, 0.505050505051
[[  8.   3.  17.]
 [  5.  23.  10.]
 [  6.   2.  26.]]
cf_score, 34.0
nv_score, -18.0
ratio, 0.575757575758
[[ 12.   2.  22.]
 [  2.  26.   6.]
 [ 11.   3.  16.]]
cf_score, 21.0
nv_score, -34.0
ratio, 0.545454545455
[[  9.   1.  23.]
 [  7.  21.  11.]
 [  9.   2.  17.]]
cf_score, 15.0
nv_score, -40.0
ratio, 0.474747474747
[[  5.   3.  27.]
 [  4.  18.   4.]
 [  6.   5.  28.]]
cf_score, 18.0
nv_score, -30.0
ratio, 0.515151515152
[[  7.   1.  15.]
 [  4.  25.  14.]
 [  9.   3.  22.]]
cf_score, 30.0
nv_score, -22.0
ratio, 0.545454545455
[[  7.   4.  18.]
 [  2.  24.  12.]
 [  4.   2.  27.]]
cf_score, 36.0
nv_score, -21.0
ratio, 0.585858585859
[[  9.   3.  26.]
 [  1.  17.   5.]
 [ 10.   3.  26.]]
cf_score, 16.0
nv_score, -31.0
ratio, 0.525252525253
[[  6.   0.  32.]
 [  2.  26.   7.]
 [  5.   3.  19.]]
cf_score, 14.0
nv_score, -52.0
ratio, 0.515151515152
[[  7.   1.  25.]
 [  1.  20.   9.]
 [  4.   3.  30.]]
cf_score, 28.0
nv_score, -29.0
ratio, 0.575757575758
[[  9.   2.  26.]
 [  4.  20.   9.]
 [  4.   1.  25.]]
cf_score, 24.0
nv_score, -36.0
ratio, 0.545454545455
[[ 11.   0.  24.]
 [  3.  24.   5.]
 [  4.   2.  27.]]
cf_score, 34.0
nv_score, -26.0
ratio, 0.626262626263
[[  2.   1.  25.]
 [  6.  26.  10.]
 [  6.   4.  20.]]
cf_score, 17.0
nv_score, -40.0
ratio, 0.484848484848
[[  5.   0.  26.]
 [  3.  20.   8.]
 [  7.   2.  29.]]
cf_score, 21.0
nv_score, -31.0
ratio, 0.545454545455
[[  4.   3.  29.]
 [  1.  24.   5.]
 [  8.   2.  24.]]
cf_score, 15.0
nv_score, -39.0
ratio, 0.525252525253
[[  6.   0.  23.]
 [  6.  26.   7.]
 [  8.   2.  22.]]
cf_score, 23.0
nv_score, -31.0
ratio, 0.545454545455
[[  7.   2.  24.]
 [  3.  18.  12.]
 [  7.   2.  25.]]
cf_score, 19.0
nv_score, -35.0
ratio, 0.505050505051
[[  4.   0.  21.]
 [  1.  33.   9.]
 [  4.   1.  27.]]
cf_score, 39.0
nv_score, -24.0
ratio, 0.646464646465
[[ 10.   5.  24.]
 [  4.  22.   8.]
 [  7.   0.  20.]]
cf_score, 21.0
nv_score, -36.0
ratio, 0.525252525253
[[  5.   4.  30.]
 [  1.  27.   7.]
 [  6.   0.  20.]]
cf_score, 16.0
nv_score, -47.0
ratio, 0.525252525253
[[  8.   0.  27.]
 [  6.  19.   9.]
 [  6.   3.  22.]]
cf_score, 16.0
nv_score, -41.0
ratio, 0.494949494949
[[  5.   4.  20.]
 [  4.  19.   7.]
 [  7.   3.  31.]]
cf_score, 28.0
nv_score, -16.0
ratio, 0.555555555556
[[  7.   2.  25.]
 [  4.  19.   6.]
 [  8.   2.  27.]]
cf_score, 20.0
nv_score, -29.0
ratio, 0.535353535354
[[  5.   3.  21.]
 [  8.  16.  10.]
 [  6.   4.  27.]]
cf_score, 21.0
nv_score, -25.0
ratio, 0.484848484848
[[ 10.   1.  25.]
 [  4.  23.   6.]
 [  5.   1.  25.]]
cf_score, 28.0
nv_score, -31.0
ratio, 0.585858585859
[[  4.   1.  25.]
 [  0.  25.  14.]
 [  4.   5.  22.]]
cf_score, 22.0
nv_score, -42.0
ratio, 0.515151515152
[[ 13.   3.  18.]
 [  2.  30.   5.]
 [  2.   6.  21.]]
cf_score, 44.0
nv_score, -20.0
ratio, 0.646464646465
[[  8.   2.  18.]
 [  4.  22.  11.]
 [  6.   1.  28.]]
cf_score, 34.0
nv_score, -19.0
ratio, 0.585858585859
[[  9.   3.  24.]
 [  5.  17.  10.]
 [  3.   0.  29.]]
cf_score, 28.0
nv_score, -29.0
ratio, 0.555555555556
[[  4.   0.  23.]
 [  8.  22.   6.]
 [  5.   4.  28.]]
cf_score, 26.0
nv_score, -24.0
ratio, 0.545454545455
[[  5.   2.  29.]
 [  1.  25.  14.]
 [  5.   2.  17.]]
cf_score, 13.0
nv_score, -55.0
ratio, 0.474747474747
[[  5.   3.  20.]
 [  2.  35.   9.]
 [  4.   4.  18.]]
cf_score, 34.0
nv_score, -31.0
ratio, 0.585858585859
[[  5.   4.  30.]
 [  1.  21.   8.]
 [  3.   5.  23.]]
cf_score, 16.0
nv_score, -45.0
ratio, 0.494949494949
[[  4.   2.  22.]
 [  3.  19.  15.]
 [  6.   2.  27.]]
cf_score, 22.0
nv_score, -32.0
ratio, 0.505050505051
[[  4.   3.  24.]
 [  4.  24.   8.]
 [ 10.   4.  19.]]
cf_score, 13.0
nv_score, -37.0
ratio, 0.474747474747
[[  1.   1.  25.]
 [  8.  26.  11.]
 [  2.   2.  24.]]
cf_score, 24.0
nv_score, -37.0
ratio, 0.515151515152
[[  3.   2.  31.]
 [  1.  16.   6.]
 [  8.   2.  31.]]
cf_score, 11.0
nv_score, -37.0
ratio, 0.505050505051
