[[  0.   0.  37.]
 [  0.   0.  29.]
 [  0.   0.  34.]]
cf_score, -3.0
nv_score, -69.0
ratio, 0.343434343434
[[ 31.   0.   0.]
 [ 37.   0.   0.]
 [ 32.   0.   0.]]
cf_score, -1.0
nv_score, 0.0
ratio, 0.313131313131
[[ 24.   0.   0.]
 [ 41.   0.   0.]
 [ 35.   0.   0.]]
cf_score, -11.0
nv_score, 0.0
ratio, 0.242424242424
[[  0.   0.  32.]
 [  0.   0.  32.]
 [  0.   0.  36.]]
cf_score, 4.0
nv_score, -60.0
ratio, 0.363636363636
[[ 34.   0.   0.]
 [ 38.   0.   0.]
 [ 28.   0.   0.]]
cf_score, 6.0
nv_score, 0.0
ratio, 0.343434343434
[[ 35.   0.   0.]
 [ 24.   0.   0.]
 [ 41.   0.   0.]]
cf_score, -6.0
nv_score, 0.0
ratio, 0.353535353535
[[  0.  30.   0.]
 [  0.  42.   0.]
 [  0.  28.   0.]]
cf_score, 42.0
nv_score, 0.0
ratio, 0.424242424242
[[ 34.   0.   0.]
 [ 25.   0.   0.]
 [ 41.   0.   0.]]
cf_score, -7.0
nv_score, 0.0
ratio, 0.343434343434
[[ 32.   0.   0.]
 [ 36.   0.   0.]
 [ 32.   0.   0.]]
cf_score, 0.0
nv_score, 0.0
ratio, 0.323232323232
[[ 28.   0.   0.]
 [ 36.   0.   0.]
 [ 36.   0.   0.]]
cf_score, -8.0
nv_score, 0.0
ratio, 0.282828282828
[[ 33.   0.   0.]
 [ 36.   0.   0.]
 [ 31.   0.   0.]]
cf_score, 2.0
nv_score, 0.0
ratio, 0.333333333333
[[ 28.   0.   0.]
 [ 37.   0.   0.]
 [ 35.   0.   0.]]
cf_score, -7.0
nv_score, 0.0
ratio, 0.282828282828
[[ 31.   0.   0.]
 [ 34.   0.   0.]
 [ 35.   0.   0.]]
cf_score, -4.0
nv_score, 0.0
ratio, 0.313131313131
[[  0.  30.   0.]
 [  0.  31.   0.]
 [  0.  39.   0.]]
cf_score, 31.0
nv_score, 0.0
ratio, 0.313131313131
[[ 25.   0.   0.]
 [ 38.   0.   0.]
 [ 37.   0.   0.]]
cf_score, -12.0
nv_score, 0.0
ratio, 0.252525252525
[[ 25.   0.   0.]
 [ 29.   0.   0.]
 [ 46.   0.   0.]]
cf_score, -21.0
nv_score, 0.0
ratio, 0.252525252525
[[  0.  28.   0.]
 [  0.  28.   0.]
 [  0.  44.   0.]]
cf_score, 28.0
nv_score, 0.0
ratio, 0.282828282828
[[  0.  30.   0.]
 [  0.  38.   0.]
 [  0.  32.   0.]]
cf_score, 38.0
nv_score, 0.0
ratio, 0.383838383838
[[ 24.   0.   0.]
 [ 33.   0.   0.]
 [ 43.   0.   0.]]
cf_score, -19.0
nv_score, 0.0
ratio, 0.242424242424
[[ 27.   0.   0.]
 [ 34.   0.   0.]
 [ 39.   0.   0.]]
cf_score, -12.0
nv_score, 0.0
ratio, 0.272727272727
[[  0.  20.   0.]
 [  0.  38.   0.]
 [  0.  42.   0.]]
cf_score, 38.0
nv_score, 0.0
ratio, 0.383838383838
[[ 30.   0.   0.]
 [ 39.   0.   0.]
 [ 31.   0.   0.]]
cf_score, -1.0
nv_score, 0.0
ratio, 0.30303030303
[[ 31.   0.   0.]
 [ 37.   0.   0.]
 [ 32.   0.   0.]]
cf_score, -1.0
nv_score, 0.0
ratio, 0.313131313131
[[ 29.   0.   0.]
 [ 34.   0.   0.]
 [ 37.   0.   0.]]
cf_score, -8.0
nv_score, 0.0
ratio, 0.292929292929
[[ 27.   0.   0.]
 [ 39.   0.   0.]
 [ 34.   0.   0.]]
cf_score, -7.0
nv_score, 0.0
ratio, 0.272727272727
[[ 28.   0.   0.]
 [ 29.   0.   0.]
 [ 43.   0.   0.]]
cf_score, -15.0
nv_score, 0.0
ratio, 0.282828282828
[[ 36.   0.   0.]
 [ 34.   0.   0.]
 [ 30.   0.   0.]]
cf_score, 6.0
nv_score, 0.0
ratio, 0.363636363636
[[  0.   0.  31.]
 [  0.   0.  39.]
 [  0.   0.  30.]]
cf_score, -1.0
nv_score, -71.0
ratio, 0.30303030303
[[ 32.   0.   0.]
 [ 32.   0.   0.]
 [ 36.   0.   0.]]
cf_score, -4.0
nv_score, 0.0
ratio, 0.323232323232
[[ 31.   0.   0.]
 [ 34.   0.   0.]
 [ 35.   0.   0.]]
cf_score, -4.0
nv_score, 0.0
ratio, 0.313131313131
[[ 26.   0.   0.]
 [ 38.   0.   0.]
 [ 36.   0.   0.]]
cf_score, -10.0
nv_score, 0.0
ratio, 0.262626262626
[[ 27.   0.   0.]
 [ 28.   0.   0.]
 [ 45.   0.   0.]]
cf_score, -18.0
nv_score, 0.0
ratio, 0.272727272727
[[ 31.   0.   0.]
 [ 34.   0.   0.]
 [ 35.   0.   0.]]
cf_score, -4.0
nv_score, 0.0
ratio, 0.313131313131
[[ 25.   0.   0.]
 [ 39.   0.   0.]
 [ 36.   0.   0.]]
cf_score, -11.0
nv_score, 0.0
ratio, 0.252525252525
[[ 33.   0.   0.]
 [ 38.   0.   0.]
 [ 29.   0.   0.]]
cf_score, 4.0
nv_score, 0.0
ratio, 0.333333333333
[[  0.  43.   0.]
 [  0.  29.   0.]
 [  0.  28.   0.]]
cf_score, 29.0
nv_score, 0.0
ratio, 0.292929292929
[[ 31.   0.   0.]
 [ 38.   0.   0.]
 [ 31.   0.   0.]]
cf_score, 0.0
nv_score, 0.0
ratio, 0.313131313131
[[  0.   0.  26.]
 [  0.   0.  41.]
 [  0.   0.  33.]]
cf_score, 7.0
nv_score, -60.0
ratio, 0.333333333333
[[  0.  26.   0.]
 [  0.  39.   0.]
 [  0.  35.   0.]]
cf_score, 39.0
nv_score, 0.0
ratio, 0.393939393939
[[  0.  31.   0.]
 [  0.  31.   0.]
 [  0.  38.   0.]]
cf_score, 31.0
nv_score, 0.0
ratio, 0.313131313131
[[  0.   0.  32.]
 [  0.   0.  37.]
 [  0.   0.  31.]]
cf_score, -1.0
nv_score, -70.0
ratio, 0.313131313131
[[ 27.   0.   0.]
 [ 36.   0.   0.]
 [ 37.   0.   0.]]
cf_score, -10.0
nv_score, 0.0
ratio, 0.272727272727
[[  0.  34.   0.]
 [  0.  40.   0.]
 [  0.  26.   0.]]
cf_score, 40.0
nv_score, 0.0
ratio, 0.40404040404
[[ 27.   0.   0.]
 [ 31.   0.   0.]
 [ 42.   0.   0.]]
cf_score, -15.0
nv_score, 0.0
ratio, 0.272727272727
[[ 24.   0.   0.]
 [ 43.   0.   0.]
 [ 33.   0.   0.]]
cf_score, -9.0
nv_score, 0.0
ratio, 0.242424242424
[[ 28.   0.   0.]
 [ 30.   0.   0.]
 [ 42.   0.   0.]]
cf_score, -14.0
nv_score, 0.0
ratio, 0.282828282828
[[ 23.   0.   0.]
 [ 36.   0.   0.]
 [ 41.   0.   0.]]
cf_score, -18.0
nv_score, 0.0
ratio, 0.232323232323
[[ 31.   0.   0.]
 [ 28.   0.   0.]
 [ 41.   0.   0.]]
cf_score, -10.0
nv_score, 0.0
ratio, 0.313131313131
[[  0.   0.  30.]
 [  0.   0.  34.]
 [  0.   0.  36.]]
cf_score, 6.0
nv_score, -58.0
ratio, 0.363636363636
[[ 30.   0.   0.]
 [ 30.   0.   0.]
 [ 40.   0.   0.]]
cf_score, -10.0
nv_score, 0.0
ratio, 0.30303030303
