[[  0.  17.   7.]
 [  0.  16.  23.]
 [  0.  24.  13.]]
cf_score, 22.0
ratio, 0.292929292929
[[ 29.   0.   3.]
 [ 30.   0.   7.]
 [ 16.   0.  15.]]
cf_score, 25.0
ratio, 0.444444444444
[[ 26.   0.   3.]
 [ 25.   0.   4.]
 [ 29.   0.  13.]]
cf_score, 7.0
ratio, 0.393939393939
[[ 24.   0.   5.]
 [ 34.   0.   6.]
 [ 16.   0.  15.]]
cf_score, 18.0
ratio, 0.393939393939
[[ 27.   0.   2.]
 [ 24.   0.   6.]
 [ 25.   0.  16.]]
cf_score, 16.0
ratio, 0.434343434343
[[ 25.   0.   3.]
 [ 26.   0.   7.]
 [ 24.   0.  15.]]
cf_score, 13.0
ratio, 0.40404040404
[[ 23.  14.   2.]
 [ 11.   7.   7.]
 [ 19.   5.  12.]]
cf_score, 21.0
ratio, 0.424242424242
[[ 14.  12.   4.]
 [ 22.  10.  11.]
 [  8.   7.  12.]]
cf_score, 24.0
ratio, 0.363636363636
[[ 18.   9.   5.]
 [ 11.  16.   7.]
 [ 11.  10.  13.]]
cf_score, 31.0
ratio, 0.474747474747
[[ 15.   9.   3.]
 [ 18.  11.   7.]
 [ 13.  10.  14.]]
cf_score, 24.0
ratio, 0.40404040404
[[ 13.  12.   8.]
 [ 10.  10.   5.]
 [ 21.   6.  15.]]
cf_score, 9.0
ratio, 0.383838383838
[[ 10.  10.   7.]
 [ 15.  11.   6.]
 [ 13.   9.  19.]]
cf_score, 20.0
ratio, 0.40404040404
[[ 20.  10.   7.]
 [ 19.  11.   7.]
 [  8.   6.  12.]]
cf_score, 28.0
ratio, 0.434343434343
[[ 26.   8.   3.]
 [ 16.   5.  13.]
 [  6.   8.  15.]]
cf_score, 37.0
ratio, 0.464646464646
[[ 17.  14.   3.]
 [ 20.   7.  10.]
 [ 10.   6.  13.]]
cf_score, 24.0
ratio, 0.373737373737
[[ 10.   9.   6.]
 [ 18.   9.   5.]
 [ 16.   9.  18.]]
cf_score, 15.0
ratio, 0.373737373737
[[ 24.   7.   4.]
 [ 18.   5.   5.]
 [ 16.   7.  14.]]
cf_score, 23.0
ratio, 0.434343434343
[[ 16.  12.   6.]
 [ 20.  13.   3.]
 [ 11.   4.  15.]]
cf_score, 27.0
ratio, 0.444444444444
[[ 15.   6.   3.]
 [ 22.   9.   8.]
 [ 16.  11.  10.]]
cf_score, 15.0
ratio, 0.343434343434
[[ 15.   9.   5.]
 [ 20.   8.   4.]
 [ 16.   4.  19.]]
cf_score, 21.0
ratio, 0.424242424242
[[ 15.   9.   8.]
 [ 26.   5.   5.]
 [ 14.   4.  14.]]
cf_score, 12.0
ratio, 0.343434343434
[[ 18.   4.   6.]
 [ 19.   4.  10.]
 [ 15.   3.  21.]]
cf_score, 22.0
ratio, 0.434343434343
[[ 15.  12.   9.]
 [ 16.   5.   6.]
 [ 15.   5.  17.]]
cf_score, 13.0
ratio, 0.373737373737
[[ 21.   8.   3.]
 [ 17.   5.   9.]
 [  8.   9.  20.]]
cf_score, 35.0
ratio, 0.464646464646
[[ 18.   9.   7.]
 [ 17.   7.   5.]
 [ 14.   1.  22.]]
cf_score, 26.0
ratio, 0.474747474747
[[ 20.   5.   9.]
 [ 20.   4.   9.]
 [ 12.   3.  18.]]
cf_score, 21.0
ratio, 0.424242424242
[[ 19.  12.   5.]
 [ 11.   8.   9.]
 [ 15.   1.  20.]]
cf_score, 27.0
ratio, 0.474747474747
[[ 17.   5.   3.]
 [ 16.   8.  14.]
 [ 10.   5.  22.]]
cf_score, 34.0
ratio, 0.474747474747
[[ 19.  12.   5.]
 [ 20.  10.   5.]
 [ 12.   4.  13.]]
cf_score, 25.0
ratio, 0.424242424242
[[ 10.  12.   2.]
 [ 16.  11.   6.]
 [ 19.   5.  19.]]
cf_score, 19.0
ratio, 0.40404040404
[[ 21.   9.   6.]
 [ 11.   8.  11.]
 [ 11.   6.  17.]]
cf_score, 29.0
ratio, 0.464646464646
[[ 19.  10.   5.]
 [ 18.  10.   6.]
 [ 11.   5.  16.]]
cf_score, 29.0
ratio, 0.454545454545
[[ 17.   5.  11.]
 [ 17.   8.  11.]
 [  9.   5.  17.]]
cf_score, 22.0
ratio, 0.424242424242
[[ 15.   7.   7.]
 [ 16.  13.   7.]
 [ 14.   8.  13.]]
cf_score, 20.0
ratio, 0.414141414141
[[ 18.   7.   2.]
 [ 19.  10.   6.]
 [ 17.   3.  18.]]
cf_score, 27.0
ratio, 0.464646464646
[[ 23.   7.   8.]
 [ 14.   9.   7.]
 [ 13.   3.  16.]]
cf_score, 27.0
ratio, 0.484848484848
[[ 11.  10.   4.]
 [ 23.   8.   6.]
 [ 12.  10.  16.]]
cf_score, 19.0
ratio, 0.353535353535
[[ 17.   4.  10.]
 [ 19.  10.   3.]
 [ 14.   5.  18.]]
cf_score, 21.0
ratio, 0.454545454545
[[ 20.   9.   8.]
 [ 14.   6.   8.]
 [ 14.   7.  14.]]
cf_score, 18.0
ratio, 0.40404040404
[[ 14.  10.   6.]
 [ 24.   8.   7.]
 [ 11.   5.  15.]]
cf_score, 20.0
ratio, 0.373737373737
[[ 17.  14.   6.]
 [ 16.   5.   5.]
 [ 19.   3.  15.]]
cf_score, 12.0
ratio, 0.373737373737
[[ 17.  12.   6.]
 [ 17.   7.   6.]
 [ 16.   7.  12.]]
cf_score, 14.0
ratio, 0.363636363636
[[ 20.  13.   4.]
 [ 13.  10.   9.]
 [ 19.   2.  10.]]
cf_score, 17.0
ratio, 0.40404040404
[[ 13.   7.   6.]
 [ 22.  10.   5.]
 [ 16.   5.  16.]]
cf_score, 17.0
ratio, 0.393939393939
[[ 13.  12.   6.]
 [ 20.   4.   6.]
 [ 19.   6.  14.]]
cf_score, 6.0
ratio, 0.313131313131
[[ 16.   9.   5.]
 [ 13.  14.  14.]
 [  9.   3.  17.]]
cf_score, 33.0
ratio, 0.474747474747
[[ 23.   9.   6.]
 [ 15.   9.   9.]
 [  7.   2.  20.]]
cf_score, 39.0
ratio, 0.525252525253
[[ 21.   9.   6.]
 [ 11.   4.  10.]
 [ 15.   5.  19.]]
cf_score, 23.0
ratio, 0.444444444444
[[ 21.  14.   4.]
 [ 14.   3.   5.]
 [ 15.   6.  18.]]
cf_score, 23.0
ratio, 0.424242424242
[[ 15.   8.   3.]
 [ 20.   5.   9.]
 [ 18.  10.  12.]]
cf_score, 11.0
ratio, 0.323232323232
[[ 13.   8.  10.]
 [ 19.   5.  13.]
 [ 12.   5.  15.]]
cf_score, 11.0
ratio, 0.333333333333
[[ 20.   6.   5.]
 [ 14.  15.   8.]
 [ 13.   3.  16.]]
cf_score, 33.0
ratio, 0.515151515152
[[ 15.  10.   3.]
 [ 16.   9.  11.]
 [ 14.   6.  16.]]
cf_score, 23.0
ratio, 0.40404040404
[[ 10.  12.   5.]
 [ 20.  11.   5.]
 [ 13.   2.  22.]]
cf_score, 25.0
ratio, 0.434343434343
[[ 20.   8.   4.]
 [ 18.   5.  11.]
 [ 14.   9.  11.]]
cf_score, 18.0
ratio, 0.363636363636
[[ 15.  12.   2.]
 [ 25.   9.   5.]
 [  9.   3.  20.]]
cf_score, 33.0
ratio, 0.444444444444
[[ 16.   8.   6.]
 [ 16.  10.   9.]
 [  9.   8.  18.]]
cf_score, 29.0
ratio, 0.444444444444
[[ 16.  11.   4.]
 [ 21.   6.   6.]
 [ 14.   9.  13.]]
cf_score, 17.0
ratio, 0.353535353535
[[ 23.  15.   2.]
 [ 17.   6.   8.]
 [ 13.   5.  11.]]
cf_score, 25.0
ratio, 0.40404040404
[[ 18.   5.   0.]
 [ 19.   8.   9.]
 [ 22.   7.  12.]]
cf_score, 16.0
ratio, 0.383838383838
[[ 16.   8.   6.]
 [ 19.   9.   8.]
 [ 13.   7.  14.]]
cf_score, 20.0
ratio, 0.393939393939
[[ 12.   9.   6.]
 [ 25.  11.   8.]
 [ 14.   4.  11.]]
cf_score, 14.0
ratio, 0.343434343434
[[ 14.   4.   4.]
 [ 20.   6.   5.]
 [ 17.   7.  23.]]
cf_score, 22.0
ratio, 0.434343434343
[[ 16.   8.   5.]
 [ 16.   7.   8.]
 [ 16.   7.  17.]]
cf_score, 19.0
ratio, 0.40404040404
[[ 25.  10.   5.]
 [ 20.   5.   6.]
 [ 10.   1.  18.]]
cf_score, 33.0
ratio, 0.484848484848
[[ 21.   6.   6.]
 [ 20.   6.   8.]
 [ 13.   7.  13.]]
cf_score, 21.0
ratio, 0.40404040404
[[ 21.  12.   3.]
 [ 12.  11.   5.]
 [ 18.   4.  14.]]
cf_score, 25.0
ratio, 0.464646464646
[[ 10.  14.   6.]
 [ 18.  12.   7.]
 [  9.   7.  17.]]
cf_score, 24.0
ratio, 0.393939393939
[[ 16.   8.   9.]
 [ 22.   7.   6.]
 [ 14.   9.   9.]]
cf_score, 9.0
ratio, 0.323232323232
[[ 15.  10.   3.]
 [ 18.   3.   7.]
 [ 15.   8.  21.]]
cf_score, 21.0
ratio, 0.393939393939
[[ 19.  13.   9.]
 [  9.  13.   7.]
 [  6.   6.  18.]]
cf_score, 35.0
ratio, 0.505050505051
[[ 12.   8.   4.]
 [ 15.   6.   8.]
 [ 17.   8.  22.]]
cf_score, 19.0
ratio, 0.40404040404
[[ 17.  11.   5.]
 [ 12.   7.   6.]
 [ 17.   8.  17.]]
cf_score, 19.0
ratio, 0.414141414141
[[ 14.   4.   6.]
 [ 24.   8.  10.]
 [ 13.   5.  16.]]
cf_score, 19.0
ratio, 0.383838383838
[[ 18.   9.   7.]
 [ 20.   4.   2.]
 [ 15.   5.  20.]]
cf_score, 20.0
ratio, 0.424242424242
[[ 16.  10.   8.]
 [ 13.   5.  12.]
 [ 12.   5.  19.]]
cf_score, 20.0
ratio, 0.40404040404
[[ 13.  10.   8.]
 [ 16.  11.   9.]
 [  9.   7.  17.]]
cf_score, 24.0
ratio, 0.414141414141
[[ 10.  10.   5.]
 [ 19.   4.   9.]
 [ 17.   7.  19.]]
cf_score, 11.0
ratio, 0.333333333333
[[ 13.  10.   6.]
 [ 18.   5.   9.]
 [ 16.   6.  17.]]
cf_score, 13.0
ratio, 0.353535353535
[[ 15.  11.   5.]
 [ 18.   9.   6.]
 [  7.   6.  23.]]
cf_score, 35.0
ratio, 0.474747474747
[[ 14.   5.   4.]
 [ 20.   4.  16.]
 [ 17.   4.  16.]]
cf_score, 13.0
ratio, 0.343434343434
[[ 16.   9.   4.]
 [ 11.   8.   7.]
 [ 20.   4.  21.]]
cf_score, 21.0
ratio, 0.454545454545
[[ 15.  10.   5.]
 [ 14.   7.   7.]
 [ 16.   5.  21.]]
cf_score, 22.0
ratio, 0.434343434343
[[ 17.   6.   8.]
 [ 13.  10.  10.]
 [  7.   5.  24.]]
cf_score, 36.0
ratio, 0.515151515152
[[ 20.  16.   2.]
 [ 16.  10.   6.]
 [ 12.   7.  11.]]
cf_score, 27.0
ratio, 0.414141414141
[[ 19.   8.   3.]
 [ 19.   7.   8.]
 [  8.   3.  25.]]
cf_score, 40.0
ratio, 0.515151515152
[[ 18.   5.   8.]
 [ 18.   6.   7.]
 [ 11.   9.  18.]]
cf_score, 23.0
ratio, 0.424242424242
[[ 18.   9.   6.]
 [ 15.  10.   3.]
 [ 17.   6.  16.]]
cf_score, 21.0
ratio, 0.444444444444
[[ 10.  11.   8.]
 [ 16.   6.   6.]
 [ 14.   9.  20.]]
cf_score, 14.0
ratio, 0.363636363636
[[ 16.   8.   5.]
 [ 17.  12.   9.]
 [ 10.   8.  15.]]
cf_score, 28.0
ratio, 0.434343434343
[[ 14.  12.   5.]
 [ 23.   8.   7.]
 [ 13.   1.  17.]]
cf_score, 21.0
ratio, 0.393939393939
[[ 16.   8.   6.]
 [ 16.  11.   3.]
 [ 11.   8.  21.]]
cf_score, 31.0
ratio, 0.484848484848
[[ 23.   8.   6.]
 [ 15.   7.  11.]
 [ 16.   2.  12.]]
cf_score, 20.0
ratio, 0.424242424242
[[ 19.  14.   7.]
 [ 12.  11.   5.]
 [  9.   6.  17.]]
cf_score, 31.0
ratio, 0.474747474747
[[ 13.   8.   8.]
 [ 19.   8.   6.]
 [ 13.   9.  16.]]
cf_score, 16.0
ratio, 0.373737373737
[[ 20.  10.   4.]
 [ 19.   2.   7.]
 [ 12.   6.  20.]]
cf_score, 26.0
ratio, 0.424242424242
[[ 17.   5.   8.]
 [ 12.  10.   7.]
 [ 14.   6.  21.]]
cf_score, 26.0
ratio, 0.484848484848
[[ 14.   9.   5.]
 [ 17.  11.  10.]
 [ 12.   6.  16.]]
cf_score, 24.0
ratio, 0.414141414141
[[ 22.   8.   5.]
 [ 12.  11.   8.]
 [  7.   8.  19.]]
cf_score, 40.0
ratio, 0.525252525253
[[ 19.  10.   8.]
 [ 11.   3.  12.]
 [ 14.   4.  19.]]
cf_score, 19.0
ratio, 0.414141414141
