[[  0.  41.   0.]
 [  0.  33.   0.]
 [  0.  26.   0.]]
cf_score, 33.0
ratio, 0.333333333333
[[  0.  37.   0.]
 [  0.  34.   0.]
 [  0.  29.   0.]]
cf_score, 34.0
ratio, 0.343434343434
[[  0.  15.  18.]
 [  0.  12.  17.]
 [  0.  14.  24.]]
cf_score, 18.0
ratio, 0.363636363636
[[ 15.  17.   7.]
 [ 14.   5.   7.]
 [ 16.  10.   9.]]
cf_score, 6.0
ratio, 0.292929292929
[[  6.  14.   6.]
 [ 12.  17.  11.]
 [  9.  15.  10.]]
cf_score, 18.0
ratio, 0.333333333333
[[  7.  14.   7.]
 [ 10.  16.  12.]
 [  6.  17.  11.]]
cf_score, 21.0
ratio, 0.343434343434
[[  0.  30.   9.]
 [  0.  22.   9.]
 [  0.  22.   8.]]
cf_score, 21.0
ratio, 0.30303030303
[[  0.  24.  11.]
 [  0.  19.  16.]
 [  0.  21.   9.]]
cf_score, 17.0
ratio, 0.282828282828
[[  0.  29.   6.]
 [  0.  35.   6.]
 [  0.  19.   5.]]
cf_score, 34.0
ratio, 0.40404040404
[[  0.  26.   7.]
 [  0.  21.  11.]
 [  0.  24.  11.]]
cf_score, 25.0
ratio, 0.323232323232
[[  0.  31.   6.]
 [  0.  25.   7.]
 [  0.  20.  11.]]
cf_score, 30.0
ratio, 0.363636363636
[[  0.  34.   4.]
 [  0.  31.  10.]
 [  0.  17.   4.]]
cf_score, 31.0
ratio, 0.353535353535
[[  0.  31.   8.]
 [  0.  22.   6.]
 [  0.  26.   7.]]
cf_score, 21.0
ratio, 0.292929292929
[[  0.  23.   4.]
 [  0.  33.  11.]
 [  0.  14.  15.]]
cf_score, 44.0
ratio, 0.484848484848
[[  0.  31.   8.]
 [  0.  23.   4.]
 [  0.  19.  15.]]
cf_score, 30.0
ratio, 0.383838383838
[[  3.  26.   4.]
 [ 10.   8.   8.]
 [  4.  21.  16.]]
cf_score, 19.0
ratio, 0.272727272727
[[ 11.  18.  10.]
 [  4.  11.  12.]
 [ 12.  13.   9.]]
cf_score, 9.0
ratio, 0.313131313131
[[ 12.  10.  14.]
 [ 14.  11.   8.]
 [ 10.  11.  10.]]
cf_score, 9.0
ratio, 0.333333333333
[[ 16.  12.  11.]
 [ 12.   8.   7.]
 [ 10.   8.  16.]]
cf_score, 19.0
ratio, 0.40404040404
[[ 16.  14.   4.]
 [ 15.   7.  11.]
 [ 11.  11.  11.]]
cf_score, 19.0
ratio, 0.343434343434
[[ 14.  10.  10.]
 [ 18.   7.   9.]
 [ 13.  10.   9.]]
cf_score, 7.0
ratio, 0.30303030303
[[ 14.  17.   4.]
 [ 18.  11.   9.]
 [ 12.   8.   7.]]
cf_score, 16.0
ratio, 0.323232323232
[[ 13.  17.  11.]
 [  9.  10.   7.]
 [ 16.   6.  11.]]
cf_score, 7.0
ratio, 0.343434343434
[[ 24.  12.   7.]
 [  7.   7.  10.]
 [ 10.  10.  13.]]
cf_score, 27.0
ratio, 0.444444444444
[[ 13.   7.   5.]
 [ 16.  10.  11.]
 [ 10.   8.  20.]]
cf_score, 28.0
ratio, 0.434343434343
[[ 11.  12.   9.]
 [ 12.  13.  14.]
 [ 12.   8.   9.]]
cf_score, 12.0
ratio, 0.333333333333
[[  9.  17.  10.]
 [ 10.  12.  10.]
 [ 14.   6.  12.]]
cf_score, 9.0
ratio, 0.333333333333
[[ 23.  20.   5.]
 [ 12.   9.   4.]
 [ 15.   8.   4.]]
cf_score, 16.0
ratio, 0.363636363636
[[ 11.  10.  15.]
 [ 17.   5.  11.]
 [  2.   5.  24.]]
cf_score, 23.0
ratio, 0.40404040404
[[ 18.  12.  12.]
 [ 13.  13.   8.]
 [  8.   4.  12.]]
cf_score, 23.0
ratio, 0.434343434343
[[ 21.  12.  10.]
 [  8.  12.  10.]
 [ 11.  10.   6.]]
cf_score, 18.0
ratio, 0.393939393939
[[ 16.  11.  13.]
 [ 10.   8.  17.]
 [ 12.   6.   7.]]
cf_score, 6.0
ratio, 0.313131313131
[[ 11.  16.   6.]
 [ 12.   7.  13.]
 [ 12.  10.  13.]]
cf_score, 13.0
ratio, 0.313131313131
[[ 17.   8.  12.]
 [ 10.   4.  16.]
 [ 12.   3.  18.]]
cf_score, 15.0
ratio, 0.393939393939
[[ 17.   8.  12.]
 [ 16.   5.   9.]
 [ 16.   8.   9.]]
cf_score, 3.0
ratio, 0.313131313131
[[ 12.   9.  10.]
 [ 16.   7.  13.]
 [ 10.   6.  17.]]
cf_score, 16.0
ratio, 0.363636363636
[[ 18.   8.   8.]
 [ 13.  11.   9.]
 [ 12.   9.  12.]]
cf_score, 21.0
ratio, 0.414141414141
[[ 14.   9.  13.]
 [ 13.   8.   8.]
 [ 15.   8.  12.]]
cf_score, 6.0
ratio, 0.343434343434
[[ 21.  10.  11.]
 [ 16.   3.  11.]
 [ 11.   4.  13.]]
cf_score, 15.0
ratio, 0.373737373737
[[ 18.   8.  22.]
 [ 17.   4.   6.]
 [ 13.   4.   8.]]
cf_score, -5.0
ratio, 0.30303030303
[[ 18.   9.  11.]
 [ 10.   8.  11.]
 [ 18.   3.  12.]]
cf_score, 9.0
ratio, 0.383838383838
[[ 10.  11.   6.]
 [ 14.   7.  15.]
 [ 11.  11.  15.]]
cf_score, 15.0
ratio, 0.323232323232
[[ 15.  12.  12.]
 [ 16.   9.   6.]
 [ 14.   5.  11.]]
cf_score, 9.0
ratio, 0.353535353535
[[ 10.  13.   6.]
 [ 12.  10.  10.]
 [ 11.  14.  14.]]
cf_score, 17.0
ratio, 0.343434343434
[[ 25.   7.   7.]
 [ 12.   7.   7.]
 [ 18.   6.  11.]]
cf_score, 18.0
ratio, 0.434343434343
[[ 17.  14.  14.]
 [ 10.   5.   9.]
 [  7.  10.  14.]]
cf_score, 15.0
ratio, 0.363636363636
[[ 17.  10.  10.]
 [ 19.   7.   9.]
 [ 10.   6.  12.]]
cf_score, 16.0
ratio, 0.363636363636
[[ 18.   7.  18.]
 [ 12.   5.   8.]
 [ 13.   7.  12.]]
cf_score, 4.0
ratio, 0.353535353535
[[ 22.  11.  11.]
 [ 17.   1.  10.]
 [ 17.   5.   6.]]
cf_score, 1.0
ratio, 0.292929292929
[[ 13.  14.   3.]
 [ 11.  10.  14.]
 [ 16.   7.  12.]]
cf_score, 16.0
ratio, 0.353535353535
[[ 15.  10.  10.]
 [ 16.   6.   6.]
 [ 17.  10.  10.]]
cf_score, 4.0
ratio, 0.313131313131
[[ 21.  10.  14.]
 [ 10.   3.  11.]
 [ 16.   6.   9.]]
cf_score, 3.0
ratio, 0.333333333333
[[ 19.  11.   9.]
 [ 22.   4.   9.]
 [ 12.   4.  10.]]
cf_score, 12.0
ratio, 0.333333333333
[[ 16.  13.   5.]
 [ 18.   3.   8.]
 [ 13.   9.  15.]]
cf_score, 16.0
ratio, 0.343434343434
[[ 15.   6.   9.]
 [ 12.  11.  15.]
 [ 14.  10.   8.]]
cf_score, 11.0
ratio, 0.343434343434
[[ 21.   9.  10.]
 [ 10.  10.  14.]
 [  9.   5.  12.]]
cf_score, 24.0
ratio, 0.434343434343
[[ 14.   7.  14.]
 [ 16.   9.  12.]
 [  8.   5.  15.]]
cf_score, 16.0
ratio, 0.383838383838
[[ 19.   5.   6.]
 [ 18.   2.  18.]
 [ 16.   7.   9.]]
cf_score, 8.0
ratio, 0.30303030303
[[ 23.   7.  12.]
 [ 17.   6.   9.]
 [ 11.   2.  13.]]
cf_score, 19.0
ratio, 0.424242424242
[[ 21.   9.  18.]
 [  9.   4.  13.]
 [ 12.   2.  12.]]
cf_score, 7.0
ratio, 0.373737373737
[[ 16.   5.  15.]
 [ 17.   0.  10.]
 [ 17.   7.  13.]]
cf_score, -3.0
ratio, 0.292929292929
[[ 16.   7.   6.]
 [ 15.   6.  13.]
 [ 21.   6.  10.]]
cf_score, 5.0
ratio, 0.323232323232
[[ 13.  10.   8.]
 [ 12.   8.   9.]
 [ 16.   6.  18.]]
cf_score, 15.0
ratio, 0.393939393939
[[ 18.  11.  11.]
 [ 13.   6.   8.]
 [ 12.   7.  14.]]
cf_score, 15.0
ratio, 0.383838383838
[[ 18.  13.  13.]
 [ 14.   2.   8.]
 [ 15.   7.  10.]]
cf_score, 2.0
ratio, 0.30303030303
[[ 17.   7.   9.]
 [ 17.  10.   4.]
 [ 12.   8.  16.]]
cf_score, 22.0
ratio, 0.434343434343
[[ 20.  12.   5.]
 [ 10.   4.   8.]
 [ 16.  12.  13.]]
cf_score, 16.0
ratio, 0.373737373737
[[ 18.  10.  10.]
 [ 14.   6.  11.]
 [ 14.   4.  13.]]
cf_score, 13.0
ratio, 0.373737373737
[[ 25.  10.   6.]
 [ 19.   6.   3.]
 [ 16.   6.   9.]]
cf_score, 18.0
ratio, 0.40404040404
[[ 16.   6.   9.]
 [ 18.   5.  12.]
 [ 16.   5.  13.]]
cf_score, 9.0
ratio, 0.343434343434
[[ 23.   7.   9.]
 [ 11.  10.   8.]
 [ 16.   5.  11.]]
cf_score, 19.0
ratio, 0.444444444444
[[ 20.  15.   7.]
 [ 13.  11.   5.]
 [ 14.   6.   9.]]
cf_score, 19.0
ratio, 0.40404040404
[[ 22.   6.  11.]
 [ 15.   4.  11.]
 [ 16.   3.  12.]]
cf_score, 11.0
ratio, 0.383838383838
[[ 13.  12.  14.]
 [ 15.   5.   8.]
 [ 13.   3.  17.]]
cf_score, 8.0
ratio, 0.353535353535
[[ 14.   7.   8.]
 [ 15.   4.  15.]
 [ 17.   3.  17.]]
cf_score, 10.0
ratio, 0.353535353535
[[ 23.   7.  10.]
 [ 14.   7.   7.]
 [ 15.   2.  15.]]
cf_score, 20.0
ratio, 0.454545454545
[[ 19.  15.   9.]
 [ 20.   9.   2.]
 [ 13.   4.   9.]]
cf_score, 15.0
ratio, 0.373737373737
[[ 14.   8.   9.]
 [ 20.   8.   8.]
 [ 15.   3.  15.]]
cf_score, 13.0
ratio, 0.373737373737
[[ 14.  15.  11.]
 [ 10.   5.  15.]
 [ 11.   7.  12.]]
cf_score, 9.0
ratio, 0.313131313131
[[ 16.   8.  10.]
 [ 23.   5.   8.]
 [ 17.   4.   9.]]
cf_score, 3.0
ratio, 0.30303030303
[[ 16.   9.  14.]
 [ 13.   8.  10.]
 [ 12.   4.  14.]]
cf_score, 12.0
ratio, 0.383838383838
[[ 16.   9.  11.]
 [ 17.   4.  15.]
 [ 11.   4.  13.]]
cf_score, 11.0
ratio, 0.333333333333
[[ 19.  10.   8.]
 [ 17.  10.   5.]
 [ 12.   9.  10.]]
cf_score, 19.0
ratio, 0.393939393939
[[ 18.  11.   8.]
 [ 13.   6.   8.]
 [ 18.  11.   7.]]
cf_score, 5.0
ratio, 0.313131313131
[[ 27.   4.   9.]
 [ 13.   3.  16.]
 [ 10.  11.   7.]]
cf_score, 18.0
ratio, 0.373737373737
[[ 13.  11.  10.]
 [ 17.  13.   6.]
 [ 12.   6.  12.]]
cf_score, 16.0
ratio, 0.383838383838
[[ 19.   8.   9.]
 [ 13.   5.  13.]
 [ 19.   6.   8.]]
cf_score, 4.0
ratio, 0.323232323232
[[ 21.  13.   5.]
 [ 17.   6.  10.]
 [ 12.   4.  12.]]
cf_score, 22.0
ratio, 0.393939393939
[[ 25.   7.   9.]
 [ 14.   7.   2.]
 [ 19.   9.   8.]]
cf_score, 12.0
ratio, 0.40404040404
[[ 24.   3.  11.]
 [ 12.   4.  14.]
 [ 12.   6.  14.]]
cf_score, 19.0
ratio, 0.424242424242
[[ 27.   6.   4.]
 [ 20.   8.   7.]
 [ 15.   3.  10.]]
cf_score, 26.0
ratio, 0.454545454545
[[ 22.   8.   8.]
 [ 12.   2.   8.]
 [ 21.   3.  16.]]
cf_score, 11.0
ratio, 0.40404040404
[[ 19.  13.  11.]
 [ 14.   3.   7.]
 [ 14.   6.  13.]]
cf_score, 10.0
ratio, 0.353535353535
[[ 19.  11.   7.]
 [ 24.   8.   5.]
 [ 10.   3.  13.]]
cf_score, 23.0
ratio, 0.40404040404
[[ 19.   6.  15.]
 [ 11.   5.  12.]
 [ 17.   3.  12.]]
cf_score, 4.0
ratio, 0.363636363636
[[ 23.   6.  14.]
 [ 16.   4.   9.]
 [ 14.   5.   9.]]
cf_score, 8.0
ratio, 0.363636363636
[[ 17.  17.  11.]
 [  9.   8.  11.]
 [ 13.   5.   9.]]
cf_score, 10.0
ratio, 0.343434343434
[[ 26.   6.   5.]
 [ 18.   2.   9.]
 [ 15.   7.  12.]]
cf_score, 20.0
ratio, 0.40404040404
[[ 23.   7.  15.]
 [ 10.   4.   9.]
 [ 13.   5.  14.]]
cf_score, 13.0
ratio, 0.414141414141
[[ 24.   7.  12.]
 [ 12.   2.   5.]
 [ 15.   7.  16.]]
cf_score, 15.0
ratio, 0.424242424242
