[[  0.  33.   0.]
 [  0.  32.   0.]
 [  0.  35.   0.]]
cf_score, 32.0
nv_score, 0.0
ratio, 0.323232323232
[[  0.   0.  30.]
 [  0.   0.  38.]
 [  0.   0.  32.]]
cf_score, 2.0
nv_score, -66.0
ratio, 0.323232323232
[[  0.  34.   0.]
 [  0.  28.   0.]
 [  0.  38.   0.]]
cf_score, 28.0
nv_score, 0.0
ratio, 0.282828282828
[[  0.  34.   0.]
 [  0.  37.   0.]
 [  0.  29.   0.]]
cf_score, 37.0
nv_score, 0.0
ratio, 0.373737373737
[[  0.  36.   0.]
 [  2.  22.   3.]
 [  0.  35.   2.]]
cf_score, 24.0
nv_score, -1.0
ratio, 0.242424242424
[[  1.  30.   0.]
 [  1.  27.   0.]
 [  1.  40.   0.]]
cf_score, 27.0
nv_score, 0.0
ratio, 0.282828282828
[[  3.  35.   0.]
 [  3.  27.   1.]
 [  3.  28.   0.]]
cf_score, 27.0
nv_score, -1.0
ratio, 0.30303030303
[[  1.  31.   0.]
 [  2.  32.   0.]
 [  1.  33.   0.]]
cf_score, 32.0
nv_score, 0.0
ratio, 0.333333333333
[[  1.  32.   0.]
 [  1.  26.   0.]
 [  0.  40.   0.]]
cf_score, 27.0
nv_score, 0.0
ratio, 0.272727272727
[[ 21.   6.   0.]
 [ 22.   8.   0.]
 [ 28.  15.   0.]]
cf_score, 1.0
nv_score, 0.0
ratio, 0.292929292929
[[ 35.   5.   0.]
 [ 16.  13.   1.]
 [ 21.   5.   4.]]
cf_score, 31.0
nv_score, 3.0
ratio, 0.525252525253
[[ 19.   8.   0.]
 [ 20.  12.   2.]
 [ 31.   8.   0.]]
cf_score, 0.0
nv_score, -2.0
ratio, 0.313131313131
[[ 26.   7.   0.]
 [ 18.  10.   1.]
 [ 24.  14.   0.]]
cf_score, 12.0
nv_score, -1.0
ratio, 0.363636363636
[[ 23.  12.   0.]
 [ 23.  12.   2.]
 [ 17.   9.   2.]]
cf_score, 20.0
nv_score, 0.0
ratio, 0.373737373737
[[ 23.   7.   0.]
 [ 13.   9.   1.]
 [ 29.  17.   1.]]
cf_score, 4.0
nv_score, 0.0
ratio, 0.333333333333
[[ 37.   7.   2.]
 [ 20.   9.   2.]
 [ 19.   4.   0.]]
cf_score, 25.0
nv_score, -6.0
ratio, 0.464646464646
[[ 23.   5.   2.]
 [ 23.   9.   1.]
 [ 24.  13.   0.]]
cf_score, 6.0
nv_score, -5.0
ratio, 0.323232323232
[[ 29.   5.   0.]
 [ 21.   8.   2.]
 [ 24.  10.   1.]]
cf_score, 14.0
nv_score, -1.0
ratio, 0.383838383838
[[ 25.   3.   0.]
 [ 18.   8.   3.]
 [ 27.  14.   2.]]
cf_score, 8.0
nv_score, -1.0
ratio, 0.353535353535
[[ 31.   6.   0.]
 [ 18.   7.   1.]
 [ 29.   6.   2.]]
cf_score, 11.0
nv_score, 1.0
ratio, 0.40404040404
[[ 31.   2.   1.]
 [ 16.  11.   2.]
 [ 20.  14.   3.]]
cf_score, 24.0
nv_score, -1.0
ratio, 0.454545454545
[[ 32.   7.   1.]
 [ 16.   7.   2.]
 [ 22.  11.   2.]]
cf_score, 18.0
nv_score, -2.0
ratio, 0.414141414141
[[ 27.   6.   0.]
 [ 21.  10.   0.]
 [ 25.  11.   0.]]
cf_score, 12.0
nv_score, 0.0
ratio, 0.373737373737
[[ 22.   9.   0.]
 [ 14.  16.   0.]
 [ 29.  10.   0.]]
cf_score, 9.0
nv_score, 0.0
ratio, 0.383838383838
[[ 25.   8.   0.]
 [ 17.  17.   0.]
 [ 19.  13.   1.]]
cf_score, 24.0
nv_score, 1.0
ratio, 0.434343434343
[[ 31.   8.   0.]
 [ 12.  17.   0.]
 [ 25.   7.   0.]]
cf_score, 23.0
nv_score, 0.0
ratio, 0.484848484848
[[ 28.   4.   0.]
 [ 20.  12.   0.]
 [ 24.  12.   0.]]
cf_score, 16.0
nv_score, 0.0
ratio, 0.40404040404
[[ 29.   8.   0.]
 [ 21.  10.   0.]
 [ 28.   4.   0.]]
cf_score, 11.0
nv_score, 0.0
ratio, 0.393939393939
[[ 35.   6.   0.]
 [ 15.  13.   0.]
 [ 22.   8.   1.]]
cf_score, 27.0
nv_score, 1.0
ratio, 0.494949494949
[[ 24.   8.   0.]
 [ 14.  17.   0.]
 [ 26.  11.   0.]]
cf_score, 15.0
nv_score, 0.0
ratio, 0.414141414141
[[ 28.   6.   0.]
 [ 16.  15.   0.]
 [ 25.  10.   0.]]
cf_score, 18.0
nv_score, 0.0
ratio, 0.434343434343
[[ 33.   5.   0.]
 [ 23.  11.   0.]
 [ 17.  11.   0.]]
cf_score, 27.0
nv_score, 0.0
ratio, 0.444444444444
[[ 26.   4.   0.]
 [ 29.   5.   0.]
 [ 28.   8.   0.]]
cf_score, 3.0
nv_score, 0.0
ratio, 0.313131313131
[[ 25.   5.   0.]
 [ 20.  17.   0.]
 [ 21.  12.   0.]]
cf_score, 21.0
nv_score, 0.0
ratio, 0.424242424242
[[ 22.   6.   0.]
 [ 24.  16.   0.]
 [ 22.  10.   0.]]
cf_score, 16.0
nv_score, 0.0
ratio, 0.383838383838
[[ 20.   6.   0.]
 [ 34.  13.   0.]
 [ 22.   5.   0.]]
cf_score, 11.0
nv_score, 0.0
ratio, 0.333333333333
[[ 30.   6.   0.]
 [ 19.  10.   0.]
 [ 28.   7.   0.]]
cf_score, 12.0
nv_score, 0.0
ratio, 0.40404040404
[[ 34.   7.   0.]
 [ 14.  15.   0.]
 [ 25.   5.   0.]]
cf_score, 24.0
nv_score, 0.0
ratio, 0.494949494949
[[ 29.   5.   0.]
 [ 24.  19.   0.]
 [ 14.   9.   0.]]
cf_score, 34.0
nv_score, 0.0
ratio, 0.484848484848
[[ 34.   6.   0.]
 [ 10.  18.   0.]
 [ 22.  10.   0.]]
cf_score, 30.0
nv_score, 0.0
ratio, 0.525252525253
[[ 19.  11.   0.]
 [ 30.  13.   0.]
 [ 18.   9.   0.]]
cf_score, 14.0
nv_score, 0.0
ratio, 0.323232323232
[[ 26.   9.   0.]
 [ 13.  16.   0.]
 [ 23.  13.   0.]]
cf_score, 19.0
nv_score, 0.0
ratio, 0.424242424242
[[ 33.   7.   0.]
 [ 20.   7.   0.]
 [ 23.  10.   0.]]
cf_score, 17.0
nv_score, 0.0
ratio, 0.40404040404
[[ 28.   9.   1.]
 [ 21.  12.   0.]
 [ 21.   6.   2.]]
cf_score, 20.0
nv_score, 0.0
ratio, 0.424242424242
[[ 23.   5.   0.]
 [ 23.  12.   0.]
 [ 32.   5.   0.]]
cf_score, 3.0
nv_score, 0.0
ratio, 0.353535353535
[[ 29.   9.   0.]
 [ 22.   7.   0.]
 [ 28.   5.   0.]]
cf_score, 8.0
nv_score, 0.0
ratio, 0.363636363636
[[ 25.   2.   3.]
 [ 18.  12.   0.]
 [ 29.   7.   4.]]
cf_score, 9.0
nv_score, -2.0
ratio, 0.414141414141
[[ 25.  10.   0.]
 [ 24.   8.   1.]
 [ 23.   9.   0.]]
cf_score, 10.0
nv_score, -1.0
ratio, 0.333333333333
[[ 20.   5.   3.]
 [ 20.  15.   0.]
 [ 30.   7.   0.]]
cf_score, 2.0
nv_score, -6.0
ratio, 0.353535353535
[[ 30.   8.   0.]
 [ 18.   8.   0.]
 [ 31.   5.   0.]]
cf_score, 7.0
nv_score, 0.0
ratio, 0.383838383838
