[[ 10.   4.   9.]
 [ 24.   3.  20.]
 [ 11.   2.  17.]]
cf_score, 10.0
nv_score, -21.0
ratio, 0.30303030303
[[ 15.  12.  16.]
 [  4.   7.  12.]
 [  2.   3.  29.]]
cf_score, 33.0
nv_score, -15.0
ratio, 0.515151515152
[[  8.   8.  14.]
 [ 11.  17.  21.]
 [  3.   3.  15.]]
cf_score, 23.0
nv_score, -34.0
ratio, 0.40404040404
[[  3.  12.  13.]
 [  1.  14.  14.]
 [  1.  10.  32.]]
cf_score, 35.0
nv_score, -8.0
ratio, 0.494949494949
[[  2.  13.  12.]
 [  5.  16.  11.]
 [  4.  13.  24.]]
cf_score, 26.0
nv_score, -11.0
ratio, 0.424242424242
[[  2.  23.   7.]
 [  4.  11.  20.]
 [  6.   6.  21.]]
cf_score, 21.0
nv_score, -13.0
ratio, 0.343434343434
[[  9.  21.  12.]
 [  6.  14.  11.]
 [  6.   8.  13.]]
cf_score, 18.0
nv_score, -22.0
ratio, 0.363636363636
[[  0.  26.   8.]
 [  0.  27.  10.]
 [  0.  12.  17.]]
cf_score, 36.0
nv_score, -9.0
ratio, 0.444444444444
[[  5.  11.  14.]
 [  5.  19.  14.]
 [  2.   8.  22.]]
cf_score, 30.0
nv_score, -20.0
ratio, 0.464646464646
[[  8.  18.  12.]
 [  6.  18.  12.]
 [  5.   6.  15.]]
cf_score, 24.0
nv_score, -21.0
ratio, 0.414141414141
[[  8.  16.   9.]
 [ 10.  11.  17.]
 [  8.   2.  19.]]
cf_score, 21.0
nv_score, -16.0
ratio, 0.383838383838
[[  0.  21.  10.]
 [  0.  18.  11.]
 [  1.  14.  25.]]
cf_score, 32.0
nv_score, -6.0
ratio, 0.434343434343
[[  6.  19.  12.]
 [  5.  20.   9.]
 [  4.   6.  19.]]
cf_score, 29.0
nv_score, -14.0
ratio, 0.454545454545
[[  0.  20.  12.]
 [  0.  25.   8.]
 [  1.  16.  18.]]
cf_score, 30.0
nv_score, -14.0
ratio, 0.434343434343
[[  0.  20.  11.]
 [  1.  25.  19.]
 [  2.   8.  14.]]
cf_score, 26.0
nv_score, -27.0
ratio, 0.393939393939
[[  3.  29.   8.]
 [  3.  15.  12.]
 [  1.   9.  20.]]
cf_score, 29.0
nv_score, -8.0
ratio, 0.383838383838
[[  0.  30.   5.]
 [  0.  28.   9.]
 [  0.  12.  16.]]
cf_score, 39.0
nv_score, -3.0
ratio, 0.444444444444
[[  7.  18.  11.]
 [  3.  19.   7.]
 [  3.   9.  23.]]
cf_score, 35.0
nv_score, -6.0
ratio, 0.494949494949
[[  0.  17.  16.]
 [  1.  16.  13.]
 [  2.  10.  25.]]
cf_score, 23.0
nv_score, -20.0
ratio, 0.414141414141
[[  2.  25.   5.]
 [  0.  16.  15.]
 [  1.  13.  23.]]
cf_score, 35.0
nv_score, -2.0
ratio, 0.414141414141
[[  3.  21.  12.]
 [  0.  17.  12.]
 [  1.  10.  24.]]
cf_score, 31.0
nv_score, -12.0
ratio, 0.444444444444
[[  3.  24.   8.]
 [  1.  16.  16.]
 [  0.   8.  24.]]
cf_score, 35.0
nv_score, -8.0
ratio, 0.434343434343
[[  0.  27.   8.]
 [  0.  29.  10.]
 [  0.   8.  18.]]
cf_score, 39.0
nv_score, -8.0
ratio, 0.474747474747
[[  0.  17.  11.]
 [  0.  17.  15.]
 [  0.  19.  21.]]
cf_score, 27.0
nv_score, -16.0
ratio, 0.383838383838
[[  0.  23.   6.]
 [  0.  27.  10.]
 [  0.  20.  14.]]
cf_score, 35.0
nv_score, -8.0
ratio, 0.414141414141
[[  0.  22.  15.]
 [  0.  19.   9.]
 [  0.  18.  17.]]
cf_score, 21.0
nv_score, -22.0
ratio, 0.363636363636
[[  3.  22.  11.]
 [  2.  19.  11.]
 [  1.  13.  18.]]
cf_score, 28.0
nv_score, -15.0
ratio, 0.40404040404
[[  0.  20.   6.]
 [  0.  24.   8.]
 [  0.  18.  24.]]
cf_score, 42.0
nv_score, 4.0
ratio, 0.484848484848
[[  0.  26.  14.]
 [  0.  21.  14.]
 [  2.   9.  14.]]
cf_score, 19.0
nv_score, -28.0
ratio, 0.353535353535
[[  0.  25.  11.]
 [  0.  23.   8.]
 [  0.  16.  17.]]
cf_score, 29.0
nv_score, -13.0
ratio, 0.40404040404
[[  0.  20.  12.]
 [  0.  22.  12.]
 [  0.  11.  23.]]
cf_score, 33.0
nv_score, -13.0
ratio, 0.454545454545
[[  1.  13.  11.]
 [  0.  26.  12.]
 [  0.  17.  20.]]
cf_score, 36.0
nv_score, -14.0
ratio, 0.474747474747
[[  0.  17.   3.]
 [  0.  30.  11.]
 [  0.  14.  25.]]
cf_score, 52.0
nv_score, 8.0
ratio, 0.555555555556
[[  0.  25.   6.]
 [  0.  26.  12.]
 [  0.  17.  14.]]
cf_score, 34.0
nv_score, -10.0
ratio, 0.40404040404
[[  0.  26.  11.]
 [  0.  21.  14.]
 [  0.  11.  17.]]
cf_score, 27.0
nv_score, -19.0
ratio, 0.383838383838
[[  0.  29.   3.]
 [  0.  28.   9.]
 [  0.  14.  17.]]
cf_score, 42.0
nv_score, 2.0
ratio, 0.454545454545
[[  0.  18.   9.]
 [  0.  19.  15.]
 [  0.  17.  22.]]
cf_score, 32.0
nv_score, -11.0
ratio, 0.414141414141
[[  0.  26.  15.]
 [  0.  19.  11.]
 [  0.  11.  18.]]
cf_score, 22.0
nv_score, -23.0
ratio, 0.373737373737
[[  0.  33.  10.]
 [  0.  24.   4.]
 [  0.  12.  17.]]
cf_score, 31.0
nv_score, -7.0
ratio, 0.414141414141
[[  0.  35.   9.]
 [  0.  28.   4.]
 [  0.  11.  13.]]
cf_score, 32.0
nv_score, -9.0
ratio, 0.414141414141
[[  0.  17.  14.]
 [  0.  24.  13.]
 [  0.  12.  20.]]
cf_score, 30.0
nv_score, -21.0
ratio, 0.444444444444
[[  0.  25.   6.]
 [  0.  24.  11.]
 [  0.   9.  25.]]
cf_score, 43.0
nv_score, 2.0
ratio, 0.494949494949
[[  0.  25.   9.]
 [  0.  29.   5.]
 [  0.   8.  24.]]
cf_score, 44.0
nv_score, 1.0
ratio, 0.535353535354
[[  0.  28.   8.]
 [  0.  18.  10.]
 [  0.  17.  19.]]
cf_score, 29.0
nv_score, -7.0
ratio, 0.373737373737
[[  0.  26.   7.]
 [  0.  31.   5.]
 [  0.  14.  17.]]
cf_score, 41.0
nv_score, -2.0
ratio, 0.484848484848
[[  1.  19.   8.]
 [  3.  19.  14.]
 [  2.  11.  23.]]
cf_score, 33.0
nv_score, -7.0
ratio, 0.434343434343
[[  0.  19.  15.]
 [  0.  17.  13.]
 [  0.  19.  17.]]
cf_score, 19.0
nv_score, -26.0
ratio, 0.343434343434
[[  0.  20.  11.]
 [  0.  15.  18.]
 [  0.  13.  23.]]
cf_score, 27.0
nv_score, -17.0
ratio, 0.383838383838
[[  2.  16.  12.]
 [  4.  19.  14.]
 [  2.  12.  19.]]
cf_score, 26.0
nv_score, -19.0
ratio, 0.40404040404
[[  0.  30.   4.]
 [  0.  30.  11.]
 [  0.   9.  16.]]
cf_score, 42.0
nv_score, -3.0
ratio, 0.464646464646
