[[ 27.   1.   7.]
 [ 21.   1.   4.]
 [ 18.   0.  21.]]
cf_score, 24.0
nv_score, 3.0
ratio, 0.494949494949
[[ 21.   0.   8.]
 [ 17.   4.  14.]
 [ 14.   4.  18.]]
cf_score, 21.0
nv_score, -12.0
ratio, 0.434343434343
[[ 16.   5.  21.]
 [ 18.   4.   7.]
 [  8.   4.  17.]]
cf_score, 8.0
nv_score, -32.0
ratio, 0.373737373737
[[ 19.   1.  10.]
 [ 35.   0.   7.]
 [  5.   1.  22.]]
cf_score, 26.0
nv_score, -5.0
ratio, 0.414141414141
[[ 15.   6.  11.]
 [ 21.   5.  11.]
 [  9.   5.  17.]]
cf_score, 17.0
nv_score, -16.0
ratio, 0.373737373737
[[ 16.   2.  13.]
 [ 17.   5.   8.]
 [ 13.   6.  20.]]
cf_score, 15.0
nv_score, -14.0
ratio, 0.414141414141
[[ 18.   3.  16.]
 [ 18.   5.   4.]
 [ 13.   1.  22.]]
cf_score, 16.0
nv_score, -14.0
ratio, 0.454545454545
[[ 19.   6.   2.]
 [ 18.   8.  10.]
 [  9.   3.  25.]]
cf_score, 41.0
nv_score, 11.0
ratio, 0.525252525253
[[ 10.   3.  11.]
 [ 12.   9.  14.]
 [  4.   6.  31.]]
cf_score, 35.0
nv_score, -5.0
ratio, 0.505050505051
[[ 11.  11.   7.]
 [ 18.   7.   7.]
 [  9.   4.  26.]]
cf_score, 28.0
nv_score, 5.0
ratio, 0.444444444444
[[ 20.   5.   8.]
 [ 15.   3.  10.]
 [ 10.   5.  24.]]
cf_score, 29.0
nv_score, -2.0
ratio, 0.474747474747
[[ 21.   3.  13.]
 [ 16.   5.  11.]
 [ 11.   4.  16.]]
cf_score, 18.0
nv_score, -21.0
ratio, 0.424242424242
[[ 17.   9.  18.]
 [ 15.   4.  11.]
 [  7.   1.  18.]]
cf_score, 14.0
nv_score, -29.0
ratio, 0.393939393939
[[ 10.   7.  15.]
 [ 21.   2.  11.]
 [  7.   4.  23.]]
cf_score, 13.0
nv_score, -18.0
ratio, 0.353535353535
[[ 16.   3.  15.]
 [ 21.   4.  13.]
 [  6.   1.  21.]]
cf_score, 20.0
nv_score, -22.0
ratio, 0.414141414141
[[ 19.   3.  13.]
 [ 16.   4.  12.]
 [ 12.   3.  18.]]
cf_score, 16.0
nv_score, -20.0
ratio, 0.414141414141
[[ 13.   5.  13.]
 [ 17.   8.  14.]
 [ 12.   2.  16.]]
cf_score, 12.0
nv_score, -24.0
ratio, 0.373737373737
[[ 21.   3.  12.]
 [ 12.   5.  10.]
 [ 14.   3.  20.]]
cf_score, 20.0
nv_score, -14.0
ratio, 0.464646464646
[[ 12.   4.   8.]
 [ 13.   5.  13.]
 [  6.   2.  37.]]
cf_score, 40.0
nv_score, 8.0
ratio, 0.545454545455
[[ 13.   2.  14.]
 [ 12.   5.  11.]
 [  9.   2.  32.]]
cf_score, 27.0
nv_score, -7.0
ratio, 0.505050505051
[[ 19.   2.  13.]
 [ 12.   4.   7.]
 [  7.   5.  31.]]
cf_score, 34.0
nv_score, -2.0
ratio, 0.545454545455
[[ 19.  11.  11.]
 [ 10.   5.  14.]
 [  6.   3.  21.]]
cf_score, 28.0
nv_score, -15.0
ratio, 0.454545454545
[[ 25.   3.   5.]
 [  9.   4.  12.]
 [ 10.   1.  31.]]
cf_score, 45.0
nv_score, 9.0
ratio, 0.606060606061
[[ 15.   7.   9.]
 [ 15.  10.   9.]
 [  9.   3.  23.]]
cf_score, 30.0
nv_score, -4.0
ratio, 0.484848484848
[[ 20.   3.  12.]
 [ 13.   9.   5.]
 [  5.   4.  29.]]
cf_score, 41.0
nv_score, 0.0
ratio, 0.585858585859
[[ 23.   4.  16.]
 [ 19.   5.   3.]
 [  4.   1.  25.]]
cf_score, 33.0
nv_score, -10.0
ratio, 0.535353535354
[[ 18.   7.   8.]
 [ 22.   4.   7.]
 [  6.   4.  24.]]
cf_score, 32.0
nv_score, 1.0
ratio, 0.464646464646
[[ 15.   5.  16.]
 [ 15.   1.  13.]
 [  5.   2.  28.]]
cf_score, 23.0
nv_score, -17.0
ratio, 0.444444444444
[[ 15.   8.  15.]
 [ 22.   2.   5.]
 [  4.   4.  25.]]
cf_score, 23.0
nv_score, -10.0
ratio, 0.424242424242
[[ 13.   8.   4.]
 [ 16.   5.  13.]
 [ 12.   3.  26.]]
cf_score, 28.0
nv_score, 5.0
ratio, 0.444444444444
[[ 19.   3.  15.]
 [ 13.   9.   7.]
 [  5.   5.  24.]]
cf_score, 32.0
nv_score, -13.0
ratio, 0.525252525253
[[ 14.   4.   7.]
 [ 24.   0.   8.]
 [ 12.   3.  28.]]
cf_score, 23.0
nv_score, 6.0
ratio, 0.424242424242
[[ 14.   2.  15.]
 [  8.   6.   8.]
 [  6.   3.  38.]]
cf_score, 37.0
nv_score, 0.0
ratio, 0.585858585859
[[ 17.   6.  17.]
 [ 13.   4.  10.]
 [  7.   3.  23.]]
cf_score, 20.0
nv_score, -21.0
ratio, 0.444444444444
[[ 20.   3.  16.]
 [  7.   2.  14.]
 [  8.   4.  26.]]
cf_score, 24.0
nv_score, -20.0
ratio, 0.484848484848
[[ 21.   4.  14.]
 [ 16.   4.   8.]
 [  4.   3.  26.]]
cf_score, 33.0
nv_score, -10.0
ratio, 0.515151515152
[[ 18.   6.  11.]
 [ 14.   7.  17.]
 [  6.   3.  18.]]
cf_score, 26.0
nv_score, -21.0
ratio, 0.434343434343
[[ 13.   3.  15.]
 [ 13.   1.  14.]
 [ 10.   2.  29.]]
cf_score, 18.0
nv_score, -15.0
ratio, 0.434343434343
[[ 10.   7.  18.]
 [ 14.   4.  10.]
 [  9.   1.  27.]]
cf_score, 14.0
nv_score, -19.0
ratio, 0.414141414141
[[ 14.   3.  11.]
 [ 12.   9.  12.]
 [ 11.   3.  25.]]
cf_score, 26.0
nv_score, -9.0
ratio, 0.484848484848
[[ 17.   3.  10.]
 [ 15.   6.   6.]
 [  8.   5.  30.]]
cf_score, 35.0
nv_score, 4.0
ratio, 0.535353535354
[[ 21.   4.   9.]
 [ 16.   4.   7.]
 [  8.   3.  28.]]
cf_score, 36.0
nv_score, 3.0
ratio, 0.535353535354
[[ 22.   0.  13.]
 [ 16.   4.  12.]
 [ 10.   3.  20.]]
cf_score, 23.0
nv_score, -18.0
ratio, 0.464646464646
[[ 17.   7.  15.]
 [ 11.   4.  15.]
 [  7.   4.  20.]]
cf_score, 19.0
nv_score, -25.0
ratio, 0.414141414141
[[ 13.   5.  19.]
 [  6.   6.   8.]
 [  3.   4.  36.]]
cf_score, 33.0
nv_score, -10.0
ratio, 0.555555555556
[[  7.   7.  16.]
 [ 11.  10.  14.]
 [  5.   2.  28.]]
cf_score, 24.0
nv_score, -18.0
ratio, 0.454545454545
[[ 16.   6.  11.]
 [ 14.   2.  16.]
 [  3.   5.  27.]]
cf_score, 31.0
nv_score, -11.0
ratio, 0.454545454545
[[ 13.   8.  16.]
 [ 11.   8.  10.]
 [  4.   1.  29.]]
cf_score, 30.0
nv_score, -13.0
ratio, 0.505050505051
[[ 17.   2.  17.]
 [ 13.   2.  11.]
 [ 11.   4.  23.]]
cf_score, 14.0
nv_score, -22.0
ratio, 0.424242424242
[[ 24.   1.  14.]
 [  8.   6.  12.]
 [  7.   2.  26.]]
cf_score, 35.0
nv_score, -14.0
ratio, 0.565656565657
