Loading Model: level_list/m1_100/tick_list/AGM/class/models/model.h5
history_filename: history_recent/AGM/history.json
Yesterday        : 2017-09-08: OHLCV: 64.8900, 64.8900, 63.4800, 64.3500, 39837
UberYesterday    : 2017-09-07: OHLCV: 64.6600, 64.6600, 62.7200, 63.2600, 68812
[u'64.8900', u'64.8900', u'63.4800', u'64.3500', u'39837']
[u'64.6600', u'64.6600', u'62.7200', u'63.2600', u'68812']
question_base :[64.66, 64.66, 62.72, 63.26, 64.89, 64.89, 63.48, 64.35]
57.915: [64.660, 64.660, 62.720, 63.260, 64.890, 64.890, 63.480, 64.350, 57.915][0.194, 0.197, 0.609]
58.23675: [64.660, 64.660, 62.720, 63.260, 64.890, 64.890, 63.480, 64.350, 58.237][0.194, 0.197, 0.609]
58.5585: [64.660, 64.660, 62.720, 63.260, 64.890, 64.890, 63.480, 64.350, 58.559][0.194, 0.197, 0.609]
58.88025: [64.660, 64.660, 62.720, 63.260, 64.890, 64.890, 63.480, 64.350, 58.880][0.194, 0.197, 0.609]
59.202: [64.660, 64.660, 62.720, 63.260, 64.890, 64.890, 63.480, 64.350, 59.202][0.194, 0.197, 0.609]
59.52375: [64.660, 64.660, 62.720, 63.260, 64.890, 64.890, 63.480, 64.350, 59.524][0.194, 0.197, 0.609]
59.8455: [64.660, 64.660, 62.720, 63.260, 64.890, 64.890, 63.480, 64.350, 59.846][0.194, 0.197, 0.609]
60.16725: [64.660, 64.660, 62.720, 63.260, 64.890, 64.890, 63.480, 64.350, 60.167][0.194, 0.197, 0.609]
60.489: [64.660, 64.660, 62.720, 63.260, 64.890, 64.890, 63.480, 64.350, 60.489][0.194, 0.198, 0.609]
60.81075: [64.660, 64.660, 62.720, 63.260, 64.890, 64.890, 63.480, 64.350, 60.811][0.194, 0.198, 0.609]
61.1325: [64.660, 64.660, 62.720, 63.260, 64.890, 64.890, 63.480, 64.350, 61.133][0.194, 0.198, 0.608]
61.45425: [64.660, 64.660, 62.720, 63.260, 64.890, 64.890, 63.480, 64.350, 61.454][0.194, 0.198, 0.608]
61.776: [64.660, 64.660, 62.720, 63.260, 64.890, 64.890, 63.480, 64.350, 61.776][0.194, 0.199, 0.607]
62.09775: [64.660, 64.660, 62.720, 63.260, 64.890, 64.890, 63.480, 64.350, 62.098][0.195, 0.202, 0.603]
62.4195: [64.660, 64.660, 62.720, 63.260, 64.890, 64.890, 63.480, 64.350, 62.420][0.198, 0.219, 0.583]
62.74125: [64.660, 64.660, 62.720, 63.260, 64.890, 64.890, 63.480, 64.350, 62.741][0.209, 0.389, 0.402]
63.063: [64.660, 64.660, 62.720, 63.260, 64.890, 64.890, 63.480, 64.350, 63.063][0.371, 0.383, 0.247]
63.38475: [64.660, 64.660, 62.720, 63.260, 64.890, 64.890, 63.480, 64.350, 63.385][0.343, 0.401, 0.257]
63.7065: [64.660, 64.660, 62.720, 63.260, 64.890, 64.890, 63.480, 64.350, 63.707][0.349, 0.398, 0.252]
64.02825: [64.660, 64.660, 62.720, 63.260, 64.890, 64.890, 63.480, 64.350, 64.028][0.372, 0.388, 0.240]
64.35: [64.660, 64.660, 62.720, 63.260, 64.890, 64.890, 63.480, 64.350, 64.350][0.413, 0.365, 0.221]
64.67175: [64.660, 64.660, 62.720, 63.260, 64.890, 64.890, 63.480, 64.350, 64.672][0.475, 0.328, 0.197]
64.9935: [64.660, 64.660, 62.720, 63.260, 64.890, 64.890, 63.480, 64.350, 64.994][0.551, 0.280, 0.169]
65.31525: [64.660, 64.660, 62.720, 63.260, 64.890, 64.890, 63.480, 64.350, 65.315][0.625, 0.233, 0.143]
65.637: [64.660, 64.660, 62.720, 63.260, 64.890, 64.890, 63.480, 64.350, 65.637][0.685, 0.194, 0.121]
65.95875: [64.660, 64.660, 62.720, 63.260, 64.890, 64.890, 63.480, 64.350, 65.959][0.729, 0.166, 0.105]
66.2805: [64.660, 64.660, 62.720, 63.260, 64.890, 64.890, 63.480, 64.350, 66.280][0.758, 0.147, 0.094]
66.60225: [64.660, 64.660, 62.720, 63.260, 64.890, 64.890, 63.480, 64.350, 66.602][0.778, 0.135, 0.087]
66.924: [64.660, 64.660, 62.720, 63.260, 64.890, 64.890, 63.480, 64.350, 66.924][0.790, 0.127, 0.082]
67.24575: [64.660, 64.660, 62.720, 63.260, 64.890, 64.890, 63.480, 64.350, 67.246][0.799, 0.122, 0.079]
67.5675: [64.660, 64.660, 62.720, 63.260, 64.890, 64.890, 63.480, 64.350, 67.567][0.804, 0.119, 0.077]
67.88925: [64.660, 64.660, 62.720, 63.260, 64.890, 64.890, 63.480, 64.350, 67.889][0.807, 0.117, 0.076]
68.211: [64.660, 64.660, 62.720, 63.260, 64.890, 64.890, 63.480, 64.350, 68.211][0.810, 0.115, 0.075]
68.53275: [64.660, 64.660, 62.720, 63.260, 64.890, 64.890, 63.480, 64.350, 68.533][0.811, 0.114, 0.075]
68.8545: [64.660, 64.660, 62.720, 63.260, 64.890, 64.890, 63.480, 64.350, 68.854][0.812, 0.114, 0.074]
69.17625: [64.660, 64.660, 62.720, 63.260, 64.890, 64.890, 63.480, 64.350, 69.176][0.813, 0.113, 0.074]
69.498: [64.660, 64.660, 62.720, 63.260, 64.890, 64.890, 63.480, 64.350, 69.498][0.813, 0.113, 0.074]
69.81975: [64.660, 64.660, 62.720, 63.260, 64.890, 64.890, 63.480, 64.350, 69.820][0.813, 0.113, 0.074]
70.1415: [64.660, 64.660, 62.720, 63.260, 64.890, 64.890, 63.480, 64.350, 70.141][0.813, 0.113, 0.074]
70.46325: [64.660, 64.660, 62.720, 63.260, 64.890, 64.890, 63.480, 64.350, 70.463][0.814, 0.113, 0.074]
70.785: [64.660, 64.660, 62.720, 63.260, 64.890, 64.890, 63.480, 64.350, 70.785][0.814, 0.113, 0.074]
