Loading Model: level_list/m1_100/tick_list/APOG/class/models/model.h5
history_filename: history_recent/APOG/history.json
Yesterday        : 2017-09-08: OHLCV: 43.4000, 46.1400, 43.2700, 45.3300, 671856
UberYesterday    : 2017-09-07: OHLCV: 43.6000, 43.8400, 43.0200, 43.4000, 212595
[u'43.4000', u'46.1400', u'43.2700', u'45.3300', u'671856']
[u'43.6000', u'43.8400', u'43.0200', u'43.4000', u'212595']
question_base :[43.6, 43.84, 43.02, 43.4, 43.4, 46.14, 43.27, 45.33]
40.797: [43.600, 43.840, 43.020, 43.400, 43.400, 46.140, 43.270, 45.330, 40.797][0.011, 0.006, 0.983]
41.02365: [43.600, 43.840, 43.020, 43.400, 43.400, 46.140, 43.270, 45.330, 41.024][0.011, 0.006, 0.983]
41.2503: [43.600, 43.840, 43.020, 43.400, 43.400, 46.140, 43.270, 45.330, 41.250][0.011, 0.006, 0.983]
41.47695: [43.600, 43.840, 43.020, 43.400, 43.400, 46.140, 43.270, 45.330, 41.477][0.011, 0.006, 0.983]
41.7036: [43.600, 43.840, 43.020, 43.400, 43.400, 46.140, 43.270, 45.330, 41.704][0.011, 0.006, 0.983]
41.93025: [43.600, 43.840, 43.020, 43.400, 43.400, 46.140, 43.270, 45.330, 41.930][0.011, 0.006, 0.982]
42.1569: [43.600, 43.840, 43.020, 43.400, 43.400, 46.140, 43.270, 45.330, 42.157][0.011, 0.006, 0.982]
42.38355: [43.600, 43.840, 43.020, 43.400, 43.400, 46.140, 43.270, 45.330, 42.384][0.012, 0.007, 0.982]
42.6102: [43.600, 43.840, 43.020, 43.400, 43.400, 46.140, 43.270, 45.330, 42.610][0.012, 0.007, 0.981]
42.83685: [43.600, 43.840, 43.020, 43.400, 43.400, 46.140, 43.270, 45.330, 42.837][0.013, 0.007, 0.980]
43.0635: [43.600, 43.840, 43.020, 43.400, 43.400, 46.140, 43.270, 45.330, 43.063][0.013, 0.008, 0.978]
43.29015: [43.600, 43.840, 43.020, 43.400, 43.400, 46.140, 43.270, 45.330, 43.290][0.015, 0.009, 0.976]
43.5168: [43.600, 43.840, 43.020, 43.400, 43.400, 46.140, 43.270, 45.330, 43.517][0.018, 0.012, 0.970]
43.74345: [43.600, 43.840, 43.020, 43.400, 43.400, 46.140, 43.270, 45.330, 43.743][0.025, 0.019, 0.956]
43.9701: [43.600, 43.840, 43.020, 43.400, 43.400, 46.140, 43.270, 45.330, 43.970][0.045, 0.043, 0.912]
44.19675: [43.600, 43.840, 43.020, 43.400, 43.400, 46.140, 43.270, 45.330, 44.197][0.108, 0.151, 0.741]
44.4234: [43.600, 43.840, 43.020, 43.400, 43.400, 46.140, 43.270, 45.330, 44.423][0.206, 0.405, 0.389]
44.65005: [43.600, 43.840, 43.020, 43.400, 43.400, 46.140, 43.270, 45.330, 44.650][0.339, 0.472, 0.189]
44.8767: [43.600, 43.840, 43.020, 43.400, 43.400, 46.140, 43.270, 45.330, 44.877][0.492, 0.395, 0.113]
45.10335: [43.600, 43.840, 43.020, 43.400, 43.400, 46.140, 43.270, 45.330, 45.103][0.543, 0.362, 0.095]
45.33: [43.600, 43.840, 43.020, 43.400, 43.400, 46.140, 43.270, 45.330, 45.330][0.555, 0.353, 0.091]
45.55665: [43.600, 43.840, 43.020, 43.400, 43.400, 46.140, 43.270, 45.330, 45.557][0.559, 0.351, 0.090]
45.7833: [43.600, 43.840, 43.020, 43.400, 43.400, 46.140, 43.270, 45.330, 45.783][0.560, 0.350, 0.090]
46.00995: [43.600, 43.840, 43.020, 43.400, 43.400, 46.140, 43.270, 45.330, 46.010][0.561, 0.350, 0.090]
46.2366: [43.600, 43.840, 43.020, 43.400, 43.400, 46.140, 43.270, 45.330, 46.237][0.561, 0.350, 0.090]
46.46325: [43.600, 43.840, 43.020, 43.400, 43.400, 46.140, 43.270, 45.330, 46.463][0.561, 0.350, 0.089]
46.6899: [43.600, 43.840, 43.020, 43.400, 43.400, 46.140, 43.270, 45.330, 46.690][0.561, 0.349, 0.089]
46.91655: [43.600, 43.840, 43.020, 43.400, 43.400, 46.140, 43.270, 45.330, 46.917][0.561, 0.349, 0.089]
47.1432: [43.600, 43.840, 43.020, 43.400, 43.400, 46.140, 43.270, 45.330, 47.143][0.561, 0.349, 0.089]
47.36985: [43.600, 43.840, 43.020, 43.400, 43.400, 46.140, 43.270, 45.330, 47.370][0.561, 0.349, 0.089]
47.5965: [43.600, 43.840, 43.020, 43.400, 43.400, 46.140, 43.270, 45.330, 47.596][0.561, 0.349, 0.089]
47.82315: [43.600, 43.840, 43.020, 43.400, 43.400, 46.140, 43.270, 45.330, 47.823][0.561, 0.349, 0.089]
48.0498: [43.600, 43.840, 43.020, 43.400, 43.400, 46.140, 43.270, 45.330, 48.050][0.561, 0.349, 0.089]
48.27645: [43.600, 43.840, 43.020, 43.400, 43.400, 46.140, 43.270, 45.330, 48.276][0.561, 0.349, 0.089]
48.5031: [43.600, 43.840, 43.020, 43.400, 43.400, 46.140, 43.270, 45.330, 48.503][0.561, 0.349, 0.089]
48.72975: [43.600, 43.840, 43.020, 43.400, 43.400, 46.140, 43.270, 45.330, 48.730][0.561, 0.349, 0.089]
48.9564: [43.600, 43.840, 43.020, 43.400, 43.400, 46.140, 43.270, 45.330, 48.956][0.561, 0.349, 0.089]
49.18305: [43.600, 43.840, 43.020, 43.400, 43.400, 46.140, 43.270, 45.330, 49.183][0.561, 0.349, 0.089]
49.4097: [43.600, 43.840, 43.020, 43.400, 43.400, 46.140, 43.270, 45.330, 49.410][0.561, 0.349, 0.089]
49.63635: [43.600, 43.840, 43.020, 43.400, 43.400, 46.140, 43.270, 45.330, 49.636][0.561, 0.349, 0.089]
49.863: [43.600, 43.840, 43.020, 43.400, 43.400, 46.140, 43.270, 45.330, 49.863][0.561, 0.349, 0.089]
