Loading Model: level_list/m1_100/tick_list/ATW/class/models/model.h5
history_filename: history_recent/ATW/history.json
Yesterday        : 2017-09-08: OHLCV: 7.1700, 7.2000, 6.8800, 7.0500, 3451412
UberYesterday    : 2017-09-07: OHLCV: 7.1900, 7.2600, 7.0000, 7.2200, 5060691
[u'7.1700', u'7.2000', u'6.8800', u'7.0500', u'3451412']
[u'7.1900', u'7.2600', u'7.0000', u'7.2200', u'5060691']
question_base :[7.19, 7.26, 7.0, 7.22, 7.17, 7.2, 6.88, 7.05]
6.345: [7.190, 7.260, 7.000, 7.220, 7.170, 7.200, 6.880, 7.050, 6.345][0.058, 0.123, 0.819]
6.38025: [7.190, 7.260, 7.000, 7.220, 7.170, 7.200, 6.880, 7.050, 6.380][0.058, 0.123, 0.818]
6.4155: [7.190, 7.260, 7.000, 7.220, 7.170, 7.200, 6.880, 7.050, 6.416][0.058, 0.124, 0.818]
6.45075: [7.190, 7.260, 7.000, 7.220, 7.170, 7.200, 6.880, 7.050, 6.451][0.058, 0.124, 0.818]
6.486: [7.190, 7.260, 7.000, 7.220, 7.170, 7.200, 6.880, 7.050, 6.486][0.059, 0.124, 0.817]
6.52125: [7.190, 7.260, 7.000, 7.220, 7.170, 7.200, 6.880, 7.050, 6.521][0.059, 0.125, 0.817]
6.5565: [7.190, 7.260, 7.000, 7.220, 7.170, 7.200, 6.880, 7.050, 6.557][0.059, 0.125, 0.816]
6.59175: [7.190, 7.260, 7.000, 7.220, 7.170, 7.200, 6.880, 7.050, 6.592][0.059, 0.126, 0.815]
6.627: [7.190, 7.260, 7.000, 7.220, 7.170, 7.200, 6.880, 7.050, 6.627][0.059, 0.126, 0.814]
6.66225: [7.190, 7.260, 7.000, 7.220, 7.170, 7.200, 6.880, 7.050, 6.662][0.060, 0.127, 0.814]
6.6975: [7.190, 7.260, 7.000, 7.220, 7.170, 7.200, 6.880, 7.050, 6.698][0.060, 0.128, 0.812]
6.73275: [7.190, 7.260, 7.000, 7.220, 7.170, 7.200, 6.880, 7.050, 6.733][0.060, 0.128, 0.811]
6.768: [7.190, 7.260, 7.000, 7.220, 7.170, 7.200, 6.880, 7.050, 6.768][0.061, 0.129, 0.810]
6.80325: [7.190, 7.260, 7.000, 7.220, 7.170, 7.200, 6.880, 7.050, 6.803][0.061, 0.131, 0.808]
6.8385: [7.190, 7.260, 7.000, 7.220, 7.170, 7.200, 6.880, 7.050, 6.839][0.062, 0.132, 0.806]
6.87375: [7.190, 7.260, 7.000, 7.220, 7.170, 7.200, 6.880, 7.050, 6.874][0.062, 0.133, 0.804]
6.909: [7.190, 7.260, 7.000, 7.220, 7.170, 7.200, 6.880, 7.050, 6.909][0.063, 0.135, 0.802]
6.94425: [7.190, 7.260, 7.000, 7.220, 7.170, 7.200, 6.880, 7.050, 6.944][0.064, 0.137, 0.799]
6.9795: [7.190, 7.260, 7.000, 7.220, 7.170, 7.200, 6.880, 7.050, 6.980][0.065, 0.139, 0.796]
7.01475: [7.190, 7.260, 7.000, 7.220, 7.170, 7.200, 6.880, 7.050, 7.015][0.066, 0.142, 0.792]
7.05: [7.190, 7.260, 7.000, 7.220, 7.170, 7.200, 6.880, 7.050, 7.050][0.067, 0.145, 0.788]
7.08525: [7.190, 7.260, 7.000, 7.220, 7.170, 7.200, 6.880, 7.050, 7.085][0.069, 0.148, 0.783]
7.1205: [7.190, 7.260, 7.000, 7.220, 7.170, 7.200, 6.880, 7.050, 7.121][0.071, 0.152, 0.778]
7.15575: [7.190, 7.260, 7.000, 7.220, 7.170, 7.200, 6.880, 7.050, 7.156][0.073, 0.156, 0.771]
7.191: [7.190, 7.260, 7.000, 7.220, 7.170, 7.200, 6.880, 7.050, 7.191][0.075, 0.161, 0.763]
7.22625: [7.190, 7.260, 7.000, 7.220, 7.170, 7.200, 6.880, 7.050, 7.226][0.078, 0.167, 0.755]
7.2615: [7.190, 7.260, 7.000, 7.220, 7.170, 7.200, 6.880, 7.050, 7.262][0.081, 0.174, 0.745]
7.29675: [7.190, 7.260, 7.000, 7.220, 7.170, 7.200, 6.880, 7.050, 7.297][0.086, 0.181, 0.733]
7.332: [7.190, 7.260, 7.000, 7.220, 7.170, 7.200, 6.880, 7.050, 7.332][0.090, 0.189, 0.720]
7.36725: [7.190, 7.260, 7.000, 7.220, 7.170, 7.200, 6.880, 7.050, 7.367][0.096, 0.198, 0.705]
7.4025: [7.190, 7.260, 7.000, 7.220, 7.170, 7.200, 6.880, 7.050, 7.403][0.103, 0.208, 0.689]
7.43775: [7.190, 7.260, 7.000, 7.220, 7.170, 7.200, 6.880, 7.050, 7.438][0.112, 0.218, 0.670]
7.473: [7.190, 7.260, 7.000, 7.220, 7.170, 7.200, 6.880, 7.050, 7.473][0.122, 0.228, 0.650]
7.50825: [7.190, 7.260, 7.000, 7.220, 7.170, 7.200, 6.880, 7.050, 7.508][0.134, 0.237, 0.629]
7.5435: [7.190, 7.260, 7.000, 7.220, 7.170, 7.200, 6.880, 7.050, 7.544][0.149, 0.244, 0.607]
7.57875: [7.190, 7.260, 7.000, 7.220, 7.170, 7.200, 6.880, 7.050, 7.579][0.166, 0.249, 0.585]
7.614: [7.190, 7.260, 7.000, 7.220, 7.170, 7.200, 6.880, 7.050, 7.614][0.188, 0.249, 0.563]
7.64925: [7.190, 7.260, 7.000, 7.220, 7.170, 7.200, 6.880, 7.050, 7.649][0.214, 0.244, 0.542]
7.6845: [7.190, 7.260, 7.000, 7.220, 7.170, 7.200, 6.880, 7.050, 7.685][0.243, 0.234, 0.523]
7.71975: [7.190, 7.260, 7.000, 7.220, 7.170, 7.200, 6.880, 7.050, 7.720][0.277, 0.219, 0.504]
