Loading Model: level_list/m1_100/tick_list/DXPE/class/models/model.h5
history_filename: history_recent/DXPE/history.json
Yesterday        : 2017-09-08: OHLCV: 27.2300, 27.4600, 26.6800, 27.2800, 72107
UberYesterday    : 2017-09-07: OHLCV: 26.9500, 27.4100, 26.4700, 27.4100, 67616
[u'27.2300', u'27.4600', u'26.6800', u'27.2800', u'72107']
[u'26.9500', u'27.4100', u'26.4700', u'27.4100', u'67616']
question_base :[26.95, 27.41, 26.47, 27.41, 27.23, 27.46, 26.68, 27.28]
24.552: [26.950, 27.410, 26.470, 27.410, 27.230, 27.460, 26.680, 27.280, 24.552][0.074, 0.659, 0.266]
24.6884: [26.950, 27.410, 26.470, 27.410, 27.230, 27.460, 26.680, 27.280, 24.688][0.074, 0.658, 0.268]
24.8248: [26.950, 27.410, 26.470, 27.410, 27.230, 27.460, 26.680, 27.280, 24.825][0.074, 0.657, 0.269]
24.9612: [26.950, 27.410, 26.470, 27.410, 27.230, 27.460, 26.680, 27.280, 24.961][0.074, 0.655, 0.270]
25.0976: [26.950, 27.410, 26.470, 27.410, 27.230, 27.460, 26.680, 27.280, 25.098][0.075, 0.654, 0.272]
25.234: [26.950, 27.410, 26.470, 27.410, 27.230, 27.460, 26.680, 27.280, 25.234][0.075, 0.652, 0.273]
25.3704: [26.950, 27.410, 26.470, 27.410, 27.230, 27.460, 26.680, 27.280, 25.370][0.075, 0.650, 0.275]
25.5068: [26.950, 27.410, 26.470, 27.410, 27.230, 27.460, 26.680, 27.280, 25.507][0.075, 0.648, 0.277]
25.6432: [26.950, 27.410, 26.470, 27.410, 27.230, 27.460, 26.680, 27.280, 25.643][0.075, 0.646, 0.279]
25.7796: [26.950, 27.410, 26.470, 27.410, 27.230, 27.460, 26.680, 27.280, 25.780][0.075, 0.644, 0.281]
25.916: [26.950, 27.410, 26.470, 27.410, 27.230, 27.460, 26.680, 27.280, 25.916][0.076, 0.642, 0.283]
26.0524: [26.950, 27.410, 26.470, 27.410, 27.230, 27.460, 26.680, 27.280, 26.052][0.076, 0.639, 0.285]
26.1888: [26.950, 27.410, 26.470, 27.410, 27.230, 27.460, 26.680, 27.280, 26.189][0.076, 0.637, 0.287]
26.3252: [26.950, 27.410, 26.470, 27.410, 27.230, 27.460, 26.680, 27.280, 26.325][0.076, 0.634, 0.290]
26.4616: [26.950, 27.410, 26.470, 27.410, 27.230, 27.460, 26.680, 27.280, 26.462][0.076, 0.631, 0.292]
26.598: [26.950, 27.410, 26.470, 27.410, 27.230, 27.460, 26.680, 27.280, 26.598][0.076, 0.628, 0.295]
26.7344: [26.950, 27.410, 26.470, 27.410, 27.230, 27.460, 26.680, 27.280, 26.734][0.077, 0.625, 0.298]
26.8708: [26.950, 27.410, 26.470, 27.410, 27.230, 27.460, 26.680, 27.280, 26.871][0.077, 0.622, 0.301]
27.0072: [26.950, 27.410, 26.470, 27.410, 27.230, 27.460, 26.680, 27.280, 27.007][0.077, 0.619, 0.304]
27.1436: [26.950, 27.410, 26.470, 27.410, 27.230, 27.460, 26.680, 27.280, 27.144][0.077, 0.616, 0.307]
27.28: [26.950, 27.410, 26.470, 27.410, 27.230, 27.460, 26.680, 27.280, 27.280][0.078, 0.612, 0.310]
27.4164: [26.950, 27.410, 26.470, 27.410, 27.230, 27.460, 26.680, 27.280, 27.416][0.078, 0.609, 0.313]
27.5528: [26.950, 27.410, 26.470, 27.410, 27.230, 27.460, 26.680, 27.280, 27.553][0.078, 0.605, 0.317]
27.6892: [26.950, 27.410, 26.470, 27.410, 27.230, 27.460, 26.680, 27.280, 27.689][0.078, 0.601, 0.320]
27.8256: [26.950, 27.410, 26.470, 27.410, 27.230, 27.460, 26.680, 27.280, 27.826][0.079, 0.597, 0.324]
27.962: [26.950, 27.410, 26.470, 27.410, 27.230, 27.460, 26.680, 27.280, 27.962][0.079, 0.593, 0.328]
28.0984: [26.950, 27.410, 26.470, 27.410, 27.230, 27.460, 26.680, 27.280, 28.098][0.079, 0.589, 0.332]
28.2348: [26.950, 27.410, 26.470, 27.410, 27.230, 27.460, 26.680, 27.280, 28.235][0.080, 0.585, 0.336]
28.3712: [26.950, 27.410, 26.470, 27.410, 27.230, 27.460, 26.680, 27.280, 28.371][0.080, 0.581, 0.340]
28.5076: [26.950, 27.410, 26.470, 27.410, 27.230, 27.460, 26.680, 27.280, 28.508][0.080, 0.576, 0.344]
28.644: [26.950, 27.410, 26.470, 27.410, 27.230, 27.460, 26.680, 27.280, 28.644][0.081, 0.572, 0.348]
28.7804: [26.950, 27.410, 26.470, 27.410, 27.230, 27.460, 26.680, 27.280, 28.780][0.081, 0.567, 0.352]
28.9168: [26.950, 27.410, 26.470, 27.410, 27.230, 27.460, 26.680, 27.280, 28.917][0.081, 0.563, 0.356]
29.0532: [26.950, 27.410, 26.470, 27.410, 27.230, 27.460, 26.680, 27.280, 29.053][0.082, 0.559, 0.359]
29.1896: [26.950, 27.410, 26.470, 27.410, 27.230, 27.460, 26.680, 27.280, 29.190][0.082, 0.554, 0.363]
29.326: [26.950, 27.410, 26.470, 27.410, 27.230, 27.460, 26.680, 27.280, 29.326][0.083, 0.550, 0.367]
29.4624: [26.950, 27.410, 26.470, 27.410, 27.230, 27.460, 26.680, 27.280, 29.462][0.083, 0.546, 0.371]
29.5988: [26.950, 27.410, 26.470, 27.410, 27.230, 27.460, 26.680, 27.280, 29.599][0.084, 0.542, 0.374]
29.7352: [26.950, 27.410, 26.470, 27.410, 27.230, 27.460, 26.680, 27.280, 29.735][0.084, 0.539, 0.377]
29.8716: [26.950, 27.410, 26.470, 27.410, 27.230, 27.460, 26.680, 27.280, 29.872][0.085, 0.536, 0.380]
30.008: [26.950, 27.410, 26.470, 27.410, 27.230, 27.460, 26.680, 27.280, 30.008][0.085, 0.533, 0.382]
