Loading Model: level_list/m1_100/tick_list/FLIR/class/models/model.h5
history_filename: history_recent/FLIR/history.json
Yesterday        : 2017-09-08: OHLCV: 37.8400, 38.0700, 37.6600, 38.0600, 894899
UberYesterday    : 2017-09-07: OHLCV: 38.1600, 38.1600, 37.6900, 37.9200, 631685
[u'37.8400', u'38.0700', u'37.6600', u'38.0600', u'894899']
[u'38.1600', u'38.1600', u'37.6900', u'37.9200', u'631685']
question_base :[38.16, 38.16, 37.69, 37.92, 37.84, 38.07, 37.66, 38.06]
34.254: [38.160, 38.160, 37.690, 37.920, 37.840, 38.070, 37.660, 38.060, 34.254][0.150, 0.313, 0.537]
34.4443: [38.160, 38.160, 37.690, 37.920, 37.840, 38.070, 37.660, 38.060, 34.444][0.150, 0.312, 0.538]
34.6346: [38.160, 38.160, 37.690, 37.920, 37.840, 38.070, 37.660, 38.060, 34.635][0.149, 0.311, 0.539]
34.8249: [38.160, 38.160, 37.690, 37.920, 37.840, 38.070, 37.660, 38.060, 34.825][0.149, 0.310, 0.541]
35.0152: [38.160, 38.160, 37.690, 37.920, 37.840, 38.070, 37.660, 38.060, 35.015][0.148, 0.309, 0.543]
35.2055: [38.160, 38.160, 37.690, 37.920, 37.840, 38.070, 37.660, 38.060, 35.206][0.148, 0.307, 0.545]
35.3958: [38.160, 38.160, 37.690, 37.920, 37.840, 38.070, 37.660, 38.060, 35.396][0.147, 0.305, 0.548]
35.5861: [38.160, 38.160, 37.690, 37.920, 37.840, 38.070, 37.660, 38.060, 35.586][0.146, 0.303, 0.552]
35.7764: [38.160, 38.160, 37.690, 37.920, 37.840, 38.070, 37.660, 38.060, 35.776][0.144, 0.300, 0.556]
35.9667: [38.160, 38.160, 37.690, 37.920, 37.840, 38.070, 37.660, 38.060, 35.967][0.143, 0.297, 0.561]
36.157: [38.160, 38.160, 37.690, 37.920, 37.840, 38.070, 37.660, 38.060, 36.157][0.141, 0.293, 0.565]
36.3473: [38.160, 38.160, 37.690, 37.920, 37.840, 38.070, 37.660, 38.060, 36.347][0.141, 0.291, 0.569]
36.5376: [38.160, 38.160, 37.690, 37.920, 37.840, 38.070, 37.660, 38.060, 36.538][0.142, 0.292, 0.566]
36.7279: [38.160, 38.160, 37.690, 37.920, 37.840, 38.070, 37.660, 38.060, 36.728][0.148, 0.302, 0.550]
36.9182: [38.160, 38.160, 37.690, 37.920, 37.840, 38.070, 37.660, 38.060, 36.918][0.166, 0.334, 0.500]
37.1085: [38.160, 38.160, 37.690, 37.920, 37.840, 38.070, 37.660, 38.060, 37.109][0.206, 0.399, 0.394]
37.2988: [38.160, 38.160, 37.690, 37.920, 37.840, 38.070, 37.660, 38.060, 37.299][0.266, 0.457, 0.277]
37.4891: [38.160, 38.160, 37.690, 37.920, 37.840, 38.070, 37.660, 38.060, 37.489][0.331, 0.449, 0.220]
37.6794: [38.160, 38.160, 37.690, 37.920, 37.840, 38.070, 37.660, 38.060, 37.679][0.386, 0.418, 0.196]
37.8697: [38.160, 38.160, 37.690, 37.920, 37.840, 38.070, 37.660, 38.060, 37.870][0.407, 0.405, 0.188]
38.06: [38.160, 38.160, 37.690, 37.920, 37.840, 38.070, 37.660, 38.060, 38.060][0.406, 0.406, 0.188]
38.2503: [38.160, 38.160, 37.690, 37.920, 37.840, 38.070, 37.660, 38.060, 38.250][0.399, 0.411, 0.190]
38.4406: [38.160, 38.160, 37.690, 37.920, 37.840, 38.070, 37.660, 38.060, 38.441][0.392, 0.417, 0.192]
38.6309: [38.160, 38.160, 37.690, 37.920, 37.840, 38.070, 37.660, 38.060, 38.631][0.386, 0.421, 0.193]
38.8212: [38.160, 38.160, 37.690, 37.920, 37.840, 38.070, 37.660, 38.060, 38.821][0.382, 0.424, 0.194]
39.0115: [38.160, 38.160, 37.690, 37.920, 37.840, 38.070, 37.660, 38.060, 39.012][0.379, 0.426, 0.195]
39.2018: [38.160, 38.160, 37.690, 37.920, 37.840, 38.070, 37.660, 38.060, 39.202][0.377, 0.427, 0.196]
39.3921: [38.160, 38.160, 37.690, 37.920, 37.840, 38.070, 37.660, 38.060, 39.392][0.375, 0.428, 0.196]
39.5824: [38.160, 38.160, 37.690, 37.920, 37.840, 38.070, 37.660, 38.060, 39.582][0.374, 0.429, 0.196]
39.7727: [38.160, 38.160, 37.690, 37.920, 37.840, 38.070, 37.660, 38.060, 39.773][0.374, 0.430, 0.197]
39.963: [38.160, 38.160, 37.690, 37.920, 37.840, 38.070, 37.660, 38.060, 39.963][0.373, 0.430, 0.197]
40.1533: [38.160, 38.160, 37.690, 37.920, 37.840, 38.070, 37.660, 38.060, 40.153][0.373, 0.430, 0.197]
40.3436: [38.160, 38.160, 37.690, 37.920, 37.840, 38.070, 37.660, 38.060, 40.344][0.372, 0.431, 0.197]
40.5339: [38.160, 38.160, 37.690, 37.920, 37.840, 38.070, 37.660, 38.060, 40.534][0.372, 0.431, 0.197]
40.7242: [38.160, 38.160, 37.690, 37.920, 37.840, 38.070, 37.660, 38.060, 40.724][0.372, 0.431, 0.197]
40.9145: [38.160, 38.160, 37.690, 37.920, 37.840, 38.070, 37.660, 38.060, 40.915][0.372, 0.431, 0.197]
41.1048: [38.160, 38.160, 37.690, 37.920, 37.840, 38.070, 37.660, 38.060, 41.105][0.372, 0.431, 0.197]
41.2951: [38.160, 38.160, 37.690, 37.920, 37.840, 38.070, 37.660, 38.060, 41.295][0.371, 0.431, 0.197]
41.4854: [38.160, 38.160, 37.690, 37.920, 37.840, 38.070, 37.660, 38.060, 41.485][0.371, 0.431, 0.197]
41.6757: [38.160, 38.160, 37.690, 37.920, 37.840, 38.070, 37.660, 38.060, 41.676][0.371, 0.431, 0.197]
