Loading Model: level_list/m1_100/tick_list/INSY/class/models/model.h5
history_filename: history_recent/INSY/history.json
Yesterday        : 2017-09-08: OHLCV: 9.1700, 9.2300, 8.9000, 9.1100, 473912
UberYesterday    : 2017-09-07: OHLCV: 9.3800, 9.4300, 9.1300, 9.2200, 403149
[u'9.1700', u'9.2300', u'8.9000', u'9.1100', u'473912']
[u'9.3800', u'9.4300', u'9.1300', u'9.2200', u'403149']
question_base :[9.38, 9.43, 9.13, 9.22, 9.17, 9.23, 8.9, 9.11]
8.199: [9.380, 9.430, 9.130, 9.220, 9.170, 9.230, 8.900, 9.110, 8.199][0.333, 0.400, 0.267]
8.24455: [9.380, 9.430, 9.130, 9.220, 9.170, 9.230, 8.900, 9.110, 8.245][0.333, 0.400, 0.267]
8.2901: [9.380, 9.430, 9.130, 9.220, 9.170, 9.230, 8.900, 9.110, 8.290][0.333, 0.400, 0.267]
8.33565: [9.380, 9.430, 9.130, 9.220, 9.170, 9.230, 8.900, 9.110, 8.336][0.333, 0.400, 0.267]
8.3812: [9.380, 9.430, 9.130, 9.220, 9.170, 9.230, 8.900, 9.110, 8.381][0.333, 0.400, 0.267]
8.42675: [9.380, 9.430, 9.130, 9.220, 9.170, 9.230, 8.900, 9.110, 8.427][0.333, 0.400, 0.267]
8.4723: [9.380, 9.430, 9.130, 9.220, 9.170, 9.230, 8.900, 9.110, 8.472][0.333, 0.400, 0.267]
8.51785: [9.380, 9.430, 9.130, 9.220, 9.170, 9.230, 8.900, 9.110, 8.518][0.333, 0.400, 0.267]
8.5634: [9.380, 9.430, 9.130, 9.220, 9.170, 9.230, 8.900, 9.110, 8.563][0.333, 0.400, 0.267]
8.60895: [9.380, 9.430, 9.130, 9.220, 9.170, 9.230, 8.900, 9.110, 8.609][0.333, 0.400, 0.267]
8.6545: [9.380, 9.430, 9.130, 9.220, 9.170, 9.230, 8.900, 9.110, 8.655][0.333, 0.400, 0.267]
8.70005: [9.380, 9.430, 9.130, 9.220, 9.170, 9.230, 8.900, 9.110, 8.700][0.333, 0.400, 0.267]
8.7456: [9.380, 9.430, 9.130, 9.220, 9.170, 9.230, 8.900, 9.110, 8.746][0.333, 0.400, 0.267]
8.79115: [9.380, 9.430, 9.130, 9.220, 9.170, 9.230, 8.900, 9.110, 8.791][0.333, 0.400, 0.267]
8.8367: [9.380, 9.430, 9.130, 9.220, 9.170, 9.230, 8.900, 9.110, 8.837][0.333, 0.400, 0.267]
8.88225: [9.380, 9.430, 9.130, 9.220, 9.170, 9.230, 8.900, 9.110, 8.882][0.333, 0.400, 0.267]
8.9278: [9.380, 9.430, 9.130, 9.220, 9.170, 9.230, 8.900, 9.110, 8.928][0.333, 0.400, 0.267]
8.97335: [9.380, 9.430, 9.130, 9.220, 9.170, 9.230, 8.900, 9.110, 8.973][0.333, 0.400, 0.267]
9.0189: [9.380, 9.430, 9.130, 9.220, 9.170, 9.230, 8.900, 9.110, 9.019][0.333, 0.400, 0.267]
9.06445: [9.380, 9.430, 9.130, 9.220, 9.170, 9.230, 8.900, 9.110, 9.064][0.333, 0.400, 0.267]
9.11: [9.380, 9.430, 9.130, 9.220, 9.170, 9.230, 8.900, 9.110, 9.110][0.333, 0.400, 0.267]
9.15555: [9.380, 9.430, 9.130, 9.220, 9.170, 9.230, 8.900, 9.110, 9.156][0.333, 0.400, 0.267]
9.2011: [9.380, 9.430, 9.130, 9.220, 9.170, 9.230, 8.900, 9.110, 9.201][0.333, 0.400, 0.267]
9.24665: [9.380, 9.430, 9.130, 9.220, 9.170, 9.230, 8.900, 9.110, 9.247][0.333, 0.400, 0.267]
9.2922: [9.380, 9.430, 9.130, 9.220, 9.170, 9.230, 8.900, 9.110, 9.292][0.333, 0.400, 0.267]
9.33775: [9.380, 9.430, 9.130, 9.220, 9.170, 9.230, 8.900, 9.110, 9.338][0.333, 0.400, 0.267]
9.3833: [9.380, 9.430, 9.130, 9.220, 9.170, 9.230, 8.900, 9.110, 9.383][0.333, 0.400, 0.267]
9.42885: [9.380, 9.430, 9.130, 9.220, 9.170, 9.230, 8.900, 9.110, 9.429][0.333, 0.400, 0.267]
9.4744: [9.380, 9.430, 9.130, 9.220, 9.170, 9.230, 8.900, 9.110, 9.474][0.333, 0.400, 0.267]
9.51995: [9.380, 9.430, 9.130, 9.220, 9.170, 9.230, 8.900, 9.110, 9.520][0.333, 0.400, 0.267]
9.5655: [9.380, 9.430, 9.130, 9.220, 9.170, 9.230, 8.900, 9.110, 9.566][0.333, 0.400, 0.267]
9.61105: [9.380, 9.430, 9.130, 9.220, 9.170, 9.230, 8.900, 9.110, 9.611][0.333, 0.400, 0.267]
9.6566: [9.380, 9.430, 9.130, 9.220, 9.170, 9.230, 8.900, 9.110, 9.657][0.333, 0.400, 0.267]
9.70215: [9.380, 9.430, 9.130, 9.220, 9.170, 9.230, 8.900, 9.110, 9.702][0.333, 0.400, 0.267]
9.7477: [9.380, 9.430, 9.130, 9.220, 9.170, 9.230, 8.900, 9.110, 9.748][0.333, 0.400, 0.267]
9.79325: [9.380, 9.430, 9.130, 9.220, 9.170, 9.230, 8.900, 9.110, 9.793][0.333, 0.400, 0.267]
9.8388: [9.380, 9.430, 9.130, 9.220, 9.170, 9.230, 8.900, 9.110, 9.839][0.333, 0.400, 0.267]
9.88435: [9.380, 9.430, 9.130, 9.220, 9.170, 9.230, 8.900, 9.110, 9.884][0.333, 0.400, 0.267]
9.9299: [9.380, 9.430, 9.130, 9.220, 9.170, 9.230, 8.900, 9.110, 9.930][0.333, 0.400, 0.267]
9.97545: [9.380, 9.430, 9.130, 9.220, 9.170, 9.230, 8.900, 9.110, 9.975][0.333, 0.400, 0.267]
