Loading Model: level_list/m1_100/tick_list/XONE/class/models/model.h5
history_filename: history_recent/XONE/history.json
Yesterday        : 2017-09-08: OHLCV: 8.4400, 8.5400, 8.3500, 8.4700, 68023
UberYesterday    : 2017-09-07: OHLCV: 8.3900, 8.5400, 8.3500, 8.5100, 139589
[u'8.4400', u'8.5400', u'8.3500', u'8.4700', u'68023']
[u'8.3900', u'8.5400', u'8.3500', u'8.5100', u'139589']
question_base :[8.39, 8.54, 8.35, 8.51, 8.44, 8.54, 8.35, 8.47]
7.623: [8.390, 8.540, 8.350, 8.510, 8.440, 8.540, 8.350, 8.470, 7.623][0.119, 0.170, 0.712]
7.66535: [8.390, 8.540, 8.350, 8.510, 8.440, 8.540, 8.350, 8.470, 7.665][0.119, 0.170, 0.712]
7.7077: [8.390, 8.540, 8.350, 8.510, 8.440, 8.540, 8.350, 8.470, 7.708][0.119, 0.170, 0.712]
7.75005: [8.390, 8.540, 8.350, 8.510, 8.440, 8.540, 8.350, 8.470, 7.750][0.119, 0.170, 0.712]
7.7924: [8.390, 8.540, 8.350, 8.510, 8.440, 8.540, 8.350, 8.470, 7.792][0.119, 0.170, 0.712]
7.83475: [8.390, 8.540, 8.350, 8.510, 8.440, 8.540, 8.350, 8.470, 7.835][0.119, 0.170, 0.712]
7.8771: [8.390, 8.540, 8.350, 8.510, 8.440, 8.540, 8.350, 8.470, 7.877][0.118, 0.170, 0.712]
7.91945: [8.390, 8.540, 8.350, 8.510, 8.440, 8.540, 8.350, 8.470, 7.919][0.118, 0.170, 0.712]
7.9618: [8.390, 8.540, 8.350, 8.510, 8.440, 8.540, 8.350, 8.470, 7.962][0.118, 0.170, 0.712]
8.00415: [8.390, 8.540, 8.350, 8.510, 8.440, 8.540, 8.350, 8.470, 8.004][0.117, 0.172, 0.711]
8.0465: [8.390, 8.540, 8.350, 8.510, 8.440, 8.540, 8.350, 8.470, 8.047][0.114, 0.179, 0.707]
8.08885: [8.390, 8.540, 8.350, 8.510, 8.440, 8.540, 8.350, 8.470, 8.089][0.101, 0.221, 0.679]
8.1312: [8.390, 8.540, 8.350, 8.510, 8.440, 8.540, 8.350, 8.470, 8.131][0.073, 0.404, 0.522]
8.17355: [8.390, 8.540, 8.350, 8.510, 8.440, 8.540, 8.350, 8.470, 8.174][0.075, 0.582, 0.343]
8.2159: [8.390, 8.540, 8.350, 8.510, 8.440, 8.540, 8.350, 8.470, 8.216][0.126, 0.563, 0.311]
8.25825: [8.390, 8.540, 8.350, 8.510, 8.440, 8.540, 8.350, 8.470, 8.258][0.193, 0.498, 0.309]
8.3006: [8.390, 8.540, 8.350, 8.510, 8.440, 8.540, 8.350, 8.470, 8.301][0.254, 0.442, 0.304]
8.34295: [8.390, 8.540, 8.350, 8.510, 8.440, 8.540, 8.350, 8.470, 8.343][0.299, 0.404, 0.297]
8.3853: [8.390, 8.540, 8.350, 8.510, 8.440, 8.540, 8.350, 8.470, 8.385][0.331, 0.377, 0.292]
8.42765: [8.390, 8.540, 8.350, 8.510, 8.440, 8.540, 8.350, 8.470, 8.428][0.353, 0.360, 0.287]
8.47: [8.390, 8.540, 8.350, 8.510, 8.440, 8.540, 8.350, 8.470, 8.470][0.368, 0.348, 0.284]
8.51235: [8.390, 8.540, 8.350, 8.510, 8.440, 8.540, 8.350, 8.470, 8.512][0.379, 0.339, 0.281]
8.5547: [8.390, 8.540, 8.350, 8.510, 8.440, 8.540, 8.350, 8.470, 8.555][0.387, 0.333, 0.279]
8.59705: [8.390, 8.540, 8.350, 8.510, 8.440, 8.540, 8.350, 8.470, 8.597][0.393, 0.329, 0.278]
8.6394: [8.390, 8.540, 8.350, 8.510, 8.440, 8.540, 8.350, 8.470, 8.639][0.398, 0.325, 0.277]
8.68175: [8.390, 8.540, 8.350, 8.510, 8.440, 8.540, 8.350, 8.470, 8.682][0.402, 0.323, 0.276]
8.7241: [8.390, 8.540, 8.350, 8.510, 8.440, 8.540, 8.350, 8.470, 8.724][0.405, 0.320, 0.275]
8.76645: [8.390, 8.540, 8.350, 8.510, 8.440, 8.540, 8.350, 8.470, 8.766][0.407, 0.318, 0.275]
8.8088: [8.390, 8.540, 8.350, 8.510, 8.440, 8.540, 8.350, 8.470, 8.809][0.409, 0.317, 0.274]
8.85115: [8.390, 8.540, 8.350, 8.510, 8.440, 8.540, 8.350, 8.470, 8.851][0.411, 0.316, 0.274]
8.8935: [8.390, 8.540, 8.350, 8.510, 8.440, 8.540, 8.350, 8.470, 8.894][0.412, 0.315, 0.273]
8.93585: [8.390, 8.540, 8.350, 8.510, 8.440, 8.540, 8.350, 8.470, 8.936][0.413, 0.314, 0.273]
8.9782: [8.390, 8.540, 8.350, 8.510, 8.440, 8.540, 8.350, 8.470, 8.978][0.414, 0.313, 0.273]
9.02055: [8.390, 8.540, 8.350, 8.510, 8.440, 8.540, 8.350, 8.470, 9.021][0.415, 0.312, 0.272]
9.0629: [8.390, 8.540, 8.350, 8.510, 8.440, 8.540, 8.350, 8.470, 9.063][0.416, 0.312, 0.272]
9.10525: [8.390, 8.540, 8.350, 8.510, 8.440, 8.540, 8.350, 8.470, 9.105][0.417, 0.311, 0.272]
9.1476: [8.390, 8.540, 8.350, 8.510, 8.440, 8.540, 8.350, 8.470, 9.148][0.418, 0.311, 0.272]
9.18995: [8.390, 8.540, 8.350, 8.510, 8.440, 8.540, 8.350, 8.470, 9.190][0.418, 0.310, 0.272]
9.2323: [8.390, 8.540, 8.350, 8.510, 8.440, 8.540, 8.350, 8.470, 9.232][0.419, 0.310, 0.271]
9.27465: [8.390, 8.540, 8.350, 8.510, 8.440, 8.540, 8.350, 8.470, 9.275][0.419, 0.309, 0.271]
