[[ 22.   2.   9.]
 [ 10.   6.   8.]
 [ 15.   6.  22.]]
cf_score, 26.0
nv_score, -4.0
ratio, 0.505050505051
[[ 17.   0.  11.]
 [  7.   4.  23.]
 [ 12.   1.  25.]]
cf_score, 23.0
nv_score, -20.0
ratio, 0.464646464646
[[ 25.   0.   5.]
 [ 12.   6.  18.]
 [  6.   2.  26.]]
cf_score, 46.0
nv_score, -2.0
ratio, 0.575757575758
[[ 20.   3.   6.]
 [ 14.   5.  21.]
 [ 10.   2.  19.]]
cf_score, 28.0
nv_score, -14.0
ratio, 0.444444444444
[[ 21.   6.   8.]
 [ 14.   9.   9.]
 [  7.   7.  19.]]
cf_score, 34.0
nv_score, -6.0
ratio, 0.494949494949
[[ 18.   3.   4.]
 [ 20.   8.  10.]
 [ 11.   7.  19.]]
cf_score, 30.0
nv_score, 1.0
ratio, 0.454545454545
[[ 17.  11.  10.]
 [  5.  14.   7.]
 [  8.  10.  18.]]
cf_score, 31.0
nv_score, -9.0
ratio, 0.494949494949
[[ 12.  10.   3.]
 [ 10.  22.   5.]
 [  8.   8.  22.]]
cf_score, 45.0
nv_score, 11.0
ratio, 0.565656565657
[[ 20.   9.   2.]
 [  5.  27.   7.]
 [  4.  15.  11.]]
cf_score, 52.0
nv_score, 0.0
ratio, 0.585858585859
[[ 15.  11.   5.]
 [  8.  21.   9.]
 [  9.   9.  13.]]
cf_score, 35.0
nv_score, -6.0
ratio, 0.494949494949
[[ 16.  11.   3.]
 [  6.  20.   4.]
 [  8.   8.  24.]]
cf_score, 49.0
nv_score, 14.0
ratio, 0.606060606061
[[ 19.   9.   5.]
 [  4.  25.   4.]
 [  6.  15.  13.]]
cf_score, 46.0
nv_score, -1.0
ratio, 0.575757575758
[[ 15.  11.   4.]
 [  6.  27.   5.]
 [  9.  11.  12.]]
cf_score, 41.0
nv_score, -1.0
ratio, 0.545454545455
[[ 18.   9.   6.]
 [  6.  23.   9.]
 [  5.  15.   9.]]
cf_score, 39.0
nv_score, -12.0
ratio, 0.505050505051
[[ 16.  11.   6.]
 [  7.  29.   3.]
 [  5.   9.  14.]]
cf_score, 48.0
nv_score, -1.0
ratio, 0.59595959596
[[ 10.   9.   5.]
 [  8.  28.   7.]
 [  8.  12.  13.]]
cf_score, 38.0
nv_score, -4.0
ratio, 0.515151515152
[[ 17.   6.   0.]
 [  4.  39.   5.]
 [  8.  13.   8.]]
cf_score, 56.0
nv_score, 3.0
ratio, 0.646464646465
[[ 15.  11.   1.]
 [ 10.  25.   6.]
 [  5.  14.  13.]]
cf_score, 47.0
nv_score, 5.0
ratio, 0.535353535354
[[ 16.   9.   4.]
 [  8.  17.   8.]
 [  5.  16.  17.]]
cf_score, 41.0
nv_score, 1.0
ratio, 0.505050505051
[[ 20.   8.   3.]
 [  7.  26.   8.]
 [  4.  10.  14.]]
cf_score, 53.0
nv_score, 0.0
ratio, 0.606060606061
[[ 21.  10.   5.]
 [ 12.  23.   4.]
 [  3.  14.   8.]]
cf_score, 44.0
nv_score, -6.0
ratio, 0.525252525253
[[ 16.  12.   6.]
 [  5.  23.   5.]
 [  8.  13.  12.]]
cf_score, 37.0
nv_score, -5.0
ratio, 0.515151515152
[[ 26.   5.   7.]
 [  9.  15.   3.]
 [  7.  13.  15.]]
cf_score, 42.0
nv_score, -2.0
ratio, 0.565656565657
[[ 13.  10.   4.]
 [  7.  24.   5.]
 [  6.  15.  16.]]
cf_score, 43.0
nv_score, 3.0
ratio, 0.535353535354
[[ 28.   5.   2.]
 [  9.  17.   5.]
 [ 10.  11.  13.]]
cf_score, 46.0
nv_score, 4.0
ratio, 0.585858585859
[[ 25.   5.   7.]
 [  9.  20.   4.]
 [ 10.   7.  13.]]
cf_score, 41.0
nv_score, -5.0
ratio, 0.585858585859
[[ 21.   5.   7.]
 [  9.  15.   4.]
 [ 18.   7.  14.]]
cf_score, 25.0
nv_score, -4.0
ratio, 0.505050505051
[[ 21.   6.  13.]
 [  8.  18.   5.]
 [  4.   7.  18.]]
cf_score, 40.0
nv_score, -13.0
ratio, 0.575757575758
[[ 18.   8.   4.]
 [ 11.  18.   5.]
 [ 10.  15.  11.]]
cf_score, 33.0
nv_score, -2.0
ratio, 0.474747474747
[[ 12.   8.   1.]
 [ 10.  28.   4.]
 [  7.  12.  18.]]
cf_score, 50.0
nv_score, 12.0
ratio, 0.585858585859
[[ 18.   5.   9.]
 [  9.  23.   5.]
 [  1.  14.  16.]]
cf_score, 47.0
nv_score, -7.0
ratio, 0.575757575758
[[ 26.   6.   3.]
 [  7.  23.   2.]
 [  8.   6.  19.]]
cf_score, 57.0
nv_score, 11.0
ratio, 0.686868686869
[[ 22.  10.   4.]
 [ 12.  15.   3.]
 [ 11.  10.  13.]]
cf_score, 35.0
nv_score, 2.0
ratio, 0.505050505051
[[ 31.   4.   2.]
 [ 12.  12.   8.]
 [ 12.   5.  14.]]
cf_score, 43.0
nv_score, 2.0
ratio, 0.575757575758
[[ 18.   8.   4.]
 [  9.  21.  10.]
 [  7.   7.  16.]]
cf_score, 44.0
nv_score, -2.0
ratio, 0.555555555556
[[ 19.   3.   3.]
 [  6.  26.  10.]
 [  3.   9.  21.]]
cf_score, 60.0
nv_score, 5.0
ratio, 0.666666666667
[[ 15.   9.   6.]
 [  9.  22.   4.]
 [  7.   8.  20.]]
cf_score, 44.0
nv_score, 4.0
ratio, 0.575757575758
[[ 20.  11.   2.]
 [  5.  25.   5.]
 [  5.   6.  21.]]
cf_score, 59.0
nv_score, 12.0
ratio, 0.666666666667
[[ 25.   4.  12.]
 [  5.  17.   4.]
 [ 10.   4.  19.]]
cf_score, 39.0
nv_score, -9.0
ratio, 0.616161616162
[[ 20.   9.   2.]
 [  7.  26.   3.]
 [  4.  10.  19.]]
cf_score, 59.0
nv_score, 12.0
ratio, 0.656565656566
[[ 25.   4.   4.]
 [ 11.  28.   4.]
 [  4.   7.  13.]]
cf_score, 58.0
nv_score, 1.0
ratio, 0.666666666667
[[ 20.   7.   5.]
 [  8.  25.   3.]
 [  5.  13.  14.]]
cf_score, 49.0
nv_score, 1.0
ratio, 0.59595959596
[[ 14.   4.   7.]
 [  6.  20.   3.]
 [  9.  18.  19.]]
cf_score, 37.0
nv_score, 2.0
ratio, 0.535353535354
[[ 22.  13.   7.]
 [  7.  13.   7.]
 [  9.   9.  13.]]
cf_score, 32.0
nv_score, -8.0
ratio, 0.484848484848
[[ 17.   5.   5.]
 [  6.  14.   3.]
 [ 13.  11.  26.]]
cf_score, 39.0
nv_score, 13.0
ratio, 0.575757575758
[[ 24.   5.   3.]
 [ 10.  23.   4.]
 [ 14.   2.  15.]]
cf_score, 45.0
nv_score, 5.0
ratio, 0.626262626263
[[ 25.   5.   6.]
 [  6.  19.   6.]
 [  9.  14.  10.]]
cf_score, 39.0
nv_score, -8.0
ratio, 0.545454545455
[[ 19.   6.   8.]
 [  7.  25.   2.]
 [  6.   9.  18.]]
cf_score, 48.0
nv_score, 0.0
ratio, 0.626262626263
[[ 17.   3.   4.]
 [ 13.  20.  10.]
 [  6.   8.  19.]]
cf_score, 46.0
nv_score, 1.0
ratio, 0.565656565657
[[ 27.   6.   4.]
 [  6.  20.   4.]
 [  6.  12.  15.]]
cf_score, 52.0
nv_score, 3.0
ratio, 0.626262626263
