[[  6.  17.   4.]
 [  3.  32.   0.]
 [ 12.  26.   0.]]
cf_score, 22.0
nv_score, -8.0
ratio, 0.383838383838
[[  8.  23.   1.]
 [  0.  34.   2.]
 [ 14.  16.   2.]]
cf_score, 29.0
nv_score, -2.0
ratio, 0.444444444444
[[  8.  16.   3.]
 [  3.  32.   0.]
 [ 10.  27.   1.]]
cf_score, 28.0
nv_score, -5.0
ratio, 0.414141414141
[[ 11.  15.   1.]
 [  3.  31.   2.]
 [  7.  29.   1.]]
cf_score, 35.0
nv_score, -3.0
ratio, 0.434343434343
[[ 12.  12.   0.]
 [  0.  39.   0.]
 [ 13.  24.   0.]]
cf_score, 38.0
nv_score, 0.0
ratio, 0.515151515152
[[ 12.  26.   0.]
 [  0.  33.   0.]
 [  9.  20.   0.]]
cf_score, 36.0
nv_score, 0.0
ratio, 0.454545454545
[[ 11.  28.   0.]
 [  1.  33.   0.]
 [  9.  18.   0.]]
cf_score, 35.0
nv_score, 0.0
ratio, 0.444444444444
[[  9.  10.   0.]
 [  2.  32.   0.]
 [ 15.  32.   0.]]
cf_score, 26.0
nv_score, 0.0
ratio, 0.414141414141
[[ 15.  14.   0.]
 [  1.  37.   0.]
 [  6.  27.   0.]]
cf_score, 46.0
nv_score, 0.0
ratio, 0.525252525253
[[ 13.  21.   0.]
 [  2.  26.   0.]
 [  8.  30.   0.]]
cf_score, 31.0
nv_score, 0.0
ratio, 0.393939393939
[[ 11.  18.   6.]
 [  2.  32.   0.]
 [  8.  21.   2.]]
cf_score, 31.0
nv_score, -10.0
ratio, 0.454545454545
[[  6.  21.   3.]
 [  3.  29.   0.]
 [  9.  28.   1.]]
cf_score, 24.0
nv_score, -5.0
ratio, 0.363636363636
[[  1.  13.  12.]
 [  4.  40.   0.]
 [  3.  22.   5.]]
cf_score, 31.0
nv_score, -19.0
ratio, 0.464646464646
[[  6.  15.  14.]
 [  0.  31.   0.]
 [  5.  18.  11.]]
cf_score, 29.0
nv_score, -17.0
ratio, 0.484848484848
[[  7.  22.  13.]
 [  5.  26.   0.]
 [  4.  18.   5.]]
cf_score, 21.0
nv_score, -21.0
ratio, 0.383838383838
[[  2.  19.   6.]
 [  6.  37.   1.]
 [  0.  20.   9.]]
cf_score, 42.0
nv_score, -4.0
ratio, 0.484848484848
[[  9.  14.   1.]
 [  3.  33.   3.]
 [  3.  24.  10.]]
cf_score, 48.0
nv_score, 5.0
ratio, 0.525252525253
[[ 14.  11.   3.]
 [  2.  33.   0.]
 [  2.  23.  12.]]
cf_score, 54.0
nv_score, 6.0
ratio, 0.59595959596
[[ 17.  16.   3.]
 [  2.  38.   0.]
 [  5.  14.   5.]]
cf_score, 52.0
nv_score, -1.0
ratio, 0.606060606061
[[ 12.  25.   3.]
 [  3.  23.   1.]
 [  4.  21.   8.]]
cf_score, 36.0
nv_score, 1.0
ratio, 0.434343434343
[[  9.   9.   4.]
 [  3.  27.   1.]
 [  5.  31.  11.]]
cf_score, 38.0
nv_score, 2.0
ratio, 0.474747474747
[[ 12.  19.   4.]
 [  3.  28.   2.]
 [  2.  24.   6.]]
cf_score, 40.0
nv_score, -4.0
ratio, 0.464646464646
[[ 15.  12.   1.]
 [  3.  35.   0.]
 [  2.  27.   5.]]
cf_score, 52.0
nv_score, 3.0
ratio, 0.555555555556
[[ 12.  16.   4.]
 [  0.  23.   1.]
 [  6.  28.  10.]]
cf_score, 35.0
nv_score, 1.0
ratio, 0.454545454545
[[ 14.  16.   0.]
 [  3.  28.   0.]
 [  3.  24.  12.]]
cf_score, 51.0
nv_score, 12.0
ratio, 0.545454545455
[[  6.  19.   5.]
 [  1.  26.   0.]
 [  3.  29.  11.]]
cf_score, 35.0
nv_score, 1.0
ratio, 0.434343434343
[[ 10.  16.   2.]
 [  3.  27.   2.]
 [  4.  28.   8.]]
cf_score, 39.0
nv_score, 2.0
ratio, 0.454545454545
[[ 12.  10.   7.]
 [  2.  30.   0.]
 [  4.  27.   8.]]
cf_score, 39.0
nv_score, -6.0
ratio, 0.505050505051
[[ 17.  11.   1.]
 [  2.  33.   1.]
 [  4.  25.   6.]]
cf_score, 51.0
nv_score, 3.0
ratio, 0.565656565657
[[  7.  19.   3.]
 [  4.  35.   1.]
 [  3.  23.   5.]]
cf_score, 41.0
nv_score, -2.0
ratio, 0.474747474747
[[ 14.  12.   2.]
 [  2.  34.   0.]
 [  8.  23.   5.]]
cf_score, 43.0
nv_score, 1.0
ratio, 0.535353535354
[[ 12.  16.   1.]
 [  6.  29.   1.]
 [  0.  29.   6.]]
cf_score, 46.0
nv_score, 3.0
ratio, 0.474747474747
[[ 14.  14.   2.]
 [  6.  39.   1.]
 [  2.  18.   4.]]
cf_score, 53.0
nv_score, -1.0
ratio, 0.575757575758
[[ 11.  12.   5.]
 [  3.  28.   1.]
 [  3.  27.  10.]]
cf_score, 41.0
nv_score, -1.0
ratio, 0.494949494949
[[ 15.  20.   2.]
 [  4.  28.   2.]
 [  1.  23.   5.]]
cf_score, 45.0
nv_score, -1.0
ratio, 0.484848484848
[[ 13.  18.   6.]
 [  3.  31.   1.]
 [  1.  20.   7.]]
cf_score, 44.0
nv_score, -6.0
ratio, 0.515151515152
[[ 13.  19.   2.]
 [  4.  30.   2.]
 [  1.  23.   6.]]
cf_score, 46.0
nv_score, 0.0
ratio, 0.494949494949
[[ 10.  18.   2.]
 [  2.  34.   1.]
 [  4.  23.   6.]]
cf_score, 44.0
nv_score, 1.0
ratio, 0.505050505051
[[  7.  22.   4.]
 [  2.  28.   2.]
 [  3.  22.  10.]]
cf_score, 38.0
nv_score, 0.0
ratio, 0.454545454545
[[ 13.  16.   7.]
 [  1.  25.   1.]
 [  2.  28.   7.]]
cf_score, 36.0
nv_score, -8.0
ratio, 0.454545454545
[[  9.  17.   0.]
 [  1.  33.   5.]
 [  3.  23.   9.]]
cf_score, 48.0
nv_score, 4.0
ratio, 0.515151515152
[[  9.  21.   1.]
 [  1.  28.   1.]
 [  1.  32.   6.]]
cf_score, 41.0
nv_score, 3.0
ratio, 0.434343434343
[[ 12.  23.   3.]
 [  1.  33.   0.]
 [  4.  18.   6.]]
cf_score, 44.0
nv_score, 0.0
ratio, 0.515151515152
[[ 13.  25.   2.]
 [  0.  34.   2.]
 [  0.  18.   6.]]
cf_score, 51.0
nv_score, 0.0
ratio, 0.535353535354
[[ 13.  12.   4.]
 [  1.  33.   4.]
 [  2.  21.  10.]]
cf_score, 50.0
nv_score, -2.0
ratio, 0.565656565657
[[  6.  24.   2.]
 [  2.  29.   0.]
 [  3.  25.   9.]]
cf_score, 39.0
nv_score, 5.0
ratio, 0.444444444444
[[ 18.  14.   2.]
 [  1.  30.   2.]
 [  2.  23.   8.]]
cf_score, 52.0
nv_score, 2.0
ratio, 0.565656565657
[[ 10.  20.   1.]
 [  2.  32.   2.]
 [  6.  21.   6.]]
cf_score, 41.0
nv_score, 2.0
ratio, 0.484848484848
[[ 14.  18.   1.]
 [  2.  26.   1.]
 [  4.  27.   7.]]
cf_score, 42.0
nv_score, 4.0
ratio, 0.474747474747
[[ 15.  17.   0.]
 [  2.  28.   1.]
 [  3.  26.   8.]]
cf_score, 48.0
nv_score, 7.0
ratio, 0.515151515152
