[[ 32.   0.   0.]
 [ 36.   0.   0.]
 [ 32.   0.   0.]]
cf_score, 0.0
nv_score, 0.0
ratio, 0.323232323232
[[  0.  20.  13.]
 [  2.  20.  11.]
 [  0.  11.  23.]]
cf_score, 30.0
nv_score, -14.0
ratio, 0.434343434343
[[  3.  16.  10.]
 [  6.  19.  15.]
 [  4.   7.  20.]]
cf_score, 28.0
nv_score, -15.0
ratio, 0.424242424242
[[ 19.   0.  17.]
 [ 20.   0.  14.]
 [ 11.   0.  19.]]
cf_score, 10.0
nv_score, -29.0
ratio, 0.383838383838
[[ 16.   0.  17.]
 [ 20.   0.  12.]
 [ 17.   0.  18.]]
cf_score, 0.0
nv_score, -28.0
ratio, 0.343434343434
[[ 13.   0.  15.]
 [ 27.   0.   8.]
 [ 19.   0.  18.]]
cf_score, -3.0
nv_score, -20.0
ratio, 0.313131313131
[[ 16.   0.  17.]
 [ 18.   0.  12.]
 [ 14.   0.  23.]]
cf_score, 8.0
nv_score, -23.0
ratio, 0.393939393939
[[ 20.   0.  13.]
 [ 17.   0.  14.]
 [ 15.   0.  21.]]
cf_score, 13.0
nv_score, -19.0
ratio, 0.414141414141
[[ 12.   0.  18.]
 [ 24.   0.  18.]
 [ 12.   0.  16.]]
cf_score, -2.0
nv_score, -38.0
ratio, 0.282828282828
[[ 14.   0.   7.]
 [ 28.   0.  13.]
 [ 18.   0.  20.]]
cf_score, 9.0
nv_score, -7.0
ratio, 0.343434343434
[[ 17.   0.  18.]
 [ 21.   0.  14.]
 [ 12.   0.  18.]]
cf_score, 5.0
nv_score, -32.0
ratio, 0.353535353535
[[ 20.   0.  13.]
 [ 19.   0.  10.]
 [ 15.   0.  23.]]
cf_score, 15.0
nv_score, -13.0
ratio, 0.434343434343
[[ 20.   0.  14.]
 [ 25.   0.  13.]
 [ 12.   0.  16.]]
cf_score, 10.0
nv_score, -25.0
ratio, 0.363636363636
[[ 18.   0.  14.]
 [ 17.   0.  11.]
 [ 19.   0.  21.]]
cf_score, 6.0
nv_score, -18.0
ratio, 0.393939393939
[[ 19.   0.  16.]
 [ 22.   0.  13.]
 [ 12.   0.  18.]]
cf_score, 9.0
nv_score, -27.0
ratio, 0.373737373737
[[ 15.   0.  14.]
 [ 25.   0.  12.]
 [ 13.   0.  21.]]
cf_score, 9.0
nv_score, -19.0
ratio, 0.363636363636
[[ 20.   0.  17.]
 [ 17.   0.  15.]
 [ 15.   0.  16.]]
cf_score, 4.0
nv_score, -33.0
ratio, 0.363636363636
[[ 23.   0.  13.]
 [ 21.   0.   9.]
 [ 13.   0.  21.]]
cf_score, 18.0
nv_score, -14.0
ratio, 0.444444444444
[[ 19.   0.  14.]
 [ 25.   0.  12.]
 [ 11.   0.  19.]]
cf_score, 13.0
nv_score, -21.0
ratio, 0.383838383838
[[ 16.   0.  14.]
 [ 23.   0.  18.]
 [ 10.   0.  19.]]
cf_score, 11.0
nv_score, -27.0
ratio, 0.353535353535
[[ 16.   0.  12.]
 [ 17.   0.  15.]
 [ 17.   0.  23.]]
cf_score, 10.0
nv_score, -16.0
ratio, 0.393939393939
[[ 10.   0.  18.]
 [ 24.   0.  18.]
 [ 12.   0.  18.]]
cf_score, -2.0
nv_score, -36.0
ratio, 0.282828282828
[[ 20.   0.  17.]
 [ 16.   0.  13.]
 [ 11.   0.  23.]]
cf_score, 15.0
nv_score, -24.0
ratio, 0.434343434343
[[ 17.   0.  16.]
 [ 23.   0.   9.]
 [ 14.   0.  21.]]
cf_score, 8.0
nv_score, -20.0
ratio, 0.383838383838
[[ 16.   0.  14.]
 [ 22.   0.  22.]
 [ 10.   0.  16.]]
cf_score, 8.0
nv_score, -34.0
ratio, 0.323232323232
[[ 14.   0.  14.]
 [ 20.   0.  16.]
 [ 16.   0.  20.]]
cf_score, 4.0
nv_score, -24.0
ratio, 0.343434343434
[[ 15.   0.  15.]
 [ 16.   0.  16.]
 [ 17.   0.  21.]]
cf_score, 4.0
nv_score, -25.0
ratio, 0.363636363636
[[ 14.   0.  15.]
 [ 23.   0.  11.]
 [ 12.   0.  25.]]
cf_score, 12.0
nv_score, -16.0
ratio, 0.393939393939
[[ 18.   0.  13.]
 [ 25.   0.  14.]
 [ 10.   0.  20.]]
cf_score, 15.0
nv_score, -20.0
ratio, 0.383838383838
[[ 24.   0.  11.]
 [ 20.   0.  11.]
 [  8.   0.  26.]]
cf_score, 31.0
nv_score, -7.0
ratio, 0.505050505051
[[ 17.   0.  18.]
 [ 17.   0.  14.]
 [ 13.   0.  21.]]
cf_score, 7.0
nv_score, -29.0
ratio, 0.383838383838
[[ 18.   0.  14.]
 [ 25.   0.  10.]
 [ 12.   0.  21.]]
cf_score, 13.0
nv_score, -17.0
ratio, 0.393939393939
[[ 22.   0.  13.]
 [ 23.   0.  11.]
 [ 10.   0.  21.]]
cf_score, 20.0
nv_score, -16.0
ratio, 0.434343434343
[[ 17.   0.  19.]
 [ 24.   0.  12.]
 [ 10.   0.  18.]]
cf_score, 6.0
nv_score, -32.0
ratio, 0.353535353535
[[ 19.   0.  16.]
 [ 20.   0.  20.]
 [ 11.   0.  14.]]
cf_score, 6.0
nv_score, -38.0
ratio, 0.333333333333
[[ 18.   0.   8.]
 [ 17.   0.  14.]
 [ 20.   0.  23.]]
cf_score, 13.0
nv_score, -7.0
ratio, 0.414141414141
[[ 17.   0.   8.]
 [ 19.   0.  19.]
 [ 16.   0.  21.]]
cf_score, 14.0
nv_score, -14.0
ratio, 0.383838383838
[[ 23.   0.  13.]
 [ 18.   0.  12.]
 [ 14.   0.  20.]]
cf_score, 16.0
nv_score, -18.0
ratio, 0.434343434343
[[ 18.   0.  13.]
 [ 24.   0.  11.]
 [ 15.   0.  19.]]
cf_score, 9.0
nv_score, -18.0
ratio, 0.373737373737
[[ 23.   0.  12.]
 [ 18.   0.  14.]
 [  9.   0.  24.]]
cf_score, 26.0
nv_score, -14.0
ratio, 0.474747474747
[[ 11.   0.  17.]
 [ 21.   0.  10.]
 [ 14.   0.  27.]]
cf_score, 7.0
nv_score, -17.0
ratio, 0.383838383838
[[ 17.   0.  15.]
 [ 22.   0.  19.]
 [  8.   0.  19.]]
cf_score, 13.0
nv_score, -30.0
ratio, 0.363636363636
[[ 16.   0.  14.]
 [ 18.   0.  14.]
 [ 16.   0.  22.]]
cf_score, 8.0
nv_score, -20.0
ratio, 0.383838383838
[[ 20.   0.  13.]
 [ 24.   0.   9.]
 [ 15.   0.  19.]]
cf_score, 11.0
nv_score, -16.0
ratio, 0.393939393939
[[ 19.   0.  12.]
 [ 23.   0.  15.]
 [ 12.   0.  19.]]
cf_score, 14.0
nv_score, -20.0
ratio, 0.383838383838
[[ 18.   0.  10.]
 [ 20.   0.  12.]
 [ 20.   0.  20.]]
cf_score, 8.0
nv_score, -12.0
ratio, 0.383838383838
[[ 16.   0.   6.]
 [ 15.   0.  18.]
 [ 14.   0.  31.]]
cf_score, 27.0
nv_score, 1.0
ratio, 0.474747474747
[[ 19.   0.  15.]
 [ 19.   0.  11.]
 [ 10.   0.  26.]]
cf_score, 20.0
nv_score, -15.0
ratio, 0.454545454545
[[ 16.   0.  12.]
 [ 24.   0.  13.]
 [ 12.   0.  23.]]
cf_score, 15.0
nv_score, -14.0
ratio, 0.393939393939
[[ 15.   0.  15.]
 [ 18.   0.  17.]
 [ 13.   0.  22.]]
cf_score, 9.0
nv_score, -25.0
ratio, 0.373737373737
