[[  5.  32.   0.]
 [  1.  26.   0.]
 [  6.  30.   0.]]
cf_score, 25.0
nv_score, 0.0
ratio, 0.313131313131
[[ 25.   2.   8.]
 [ 23.   1.   6.]
 [ 22.   3.  10.]]
cf_score, 6.0
nv_score, -12.0
ratio, 0.363636363636
[[  0.  23.   2.]
 [  0.  35.   4.]
 [  0.  22.  14.]]
cf_score, 47.0
nv_score, 6.0
ratio, 0.494949494949
[[  0.  22.   4.]
 [  0.  29.   3.]
 [  0.  24.  18.]]
cf_score, 43.0
nv_score, 7.0
ratio, 0.474747474747
[[  0.  29.   2.]
 [  0.  25.   5.]
 [  0.  24.  15.]]
cf_score, 38.0
nv_score, 6.0
ratio, 0.40404040404
[[  0.  41.   0.]
 [  0.  22.   5.]
 [  0.  15.  17.]]
cf_score, 39.0
nv_score, 12.0
ratio, 0.393939393939
[[  0.  39.   2.]
 [  0.  23.  10.]
 [  0.  15.  11.]]
cf_score, 32.0
nv_score, -3.0
ratio, 0.343434343434
[[  0.  30.   1.]
 [  0.  26.   8.]
 [  0.  23.  12.]]
cf_score, 37.0
nv_score, 2.0
ratio, 0.383838383838
[[  0.  32.   3.]
 [  0.  29.   3.]
 [  0.  17.  16.]]
cf_score, 42.0
nv_score, 7.0
ratio, 0.454545454545
[[  0.  27.   1.]
 [  0.  28.   3.]
 [  0.  22.  19.]]
cf_score, 46.0
nv_score, 14.0
ratio, 0.474747474747
[[  0.  30.   3.]
 [  0.  24.   9.]
 [  0.  17.  17.]]
cf_score, 38.0
nv_score, 2.0
ratio, 0.414141414141
[[  0.  34.   0.]
 [  0.  32.   1.]
 [  0.  18.  15.]]
cf_score, 47.0
nv_score, 14.0
ratio, 0.474747474747
[[  0.  38.   0.]
 [  0.  23.   2.]
 [  0.  22.  15.]]
cf_score, 38.0
nv_score, 13.0
ratio, 0.383838383838
