[[  0.  10.  13.]
 [  0.  29.  14.]
 [  0.  16.  18.]]
cf_score, 34.0
nv_score, -22.0
ratio, 0.474747474747
[[  0.  18.  14.]
 [  0.  22.  16.]
 [  0.  11.  19.]]
cf_score, 27.0
nv_score, -25.0
ratio, 0.414141414141
[[  0.  13.  20.]
 [  0.  22.  16.]
 [  3.  11.  15.]]
cf_score, 14.0
nv_score, -41.0
ratio, 0.373737373737
[[  4.  15.  12.]
 [  0.  16.  21.]
 [  0.   9.  23.]]
cf_score, 31.0
nv_score, -22.0
ratio, 0.434343434343
[[  3.  14.  13.]
 [  1.  11.  20.]
 [  2.   9.  27.]]
cf_score, 26.0
nv_score, -19.0
ratio, 0.414141414141
[[  2.  19.  11.]
 [  6.  18.  13.]
 [  4.  12.  15.]]
cf_score, 20.0
nv_score, -20.0
ratio, 0.353535353535
[[  6.  14.  10.]
 [  3.  21.  16.]
 [  2.   7.  21.]]
cf_score, 36.0
nv_score, -15.0
ratio, 0.484848484848
[[  5.  11.  15.]
 [  5.  12.  14.]
 [  7.   6.  25.]]
cf_score, 20.0
nv_score, -19.0
ratio, 0.424242424242
[[  7.   6.  17.]
 [ 11.   8.  17.]
 [  6.   2.  26.]]
cf_score, 18.0
nv_score, -25.0
ratio, 0.414141414141
[[  9.  13.  13.]
 [  9.   8.  11.]
 [ 10.   6.  21.]]
cf_score, 15.0
nv_score, -16.0
ratio, 0.383838383838
[[  9.  15.  12.]
 [  9.  13.  13.]
 [  6.   5.  18.]]
cf_score, 22.0
nv_score, -19.0
ratio, 0.40404040404
[[ 12.   6.  18.]
 [  8.   6.  16.]
 [ 13.   5.  16.]]
cf_score, 3.0
nv_score, -36.0
ratio, 0.343434343434
[[  4.  10.   9.]
 [ 19.  10.  12.]
 [ 14.   5.  17.]]
cf_score, 8.0
nv_score, -13.0
ratio, 0.313131313131
[[  7.  11.  20.]
 [  9.   9.  17.]
 [  5.   4.  18.]]
cf_score, 9.0
nv_score, -39.0
ratio, 0.343434343434
[[ 14.   5.   9.]
 [ 14.   7.  16.]
 [  8.   9.  18.]]
cf_score, 22.0
nv_score, -16.0
ratio, 0.393939393939
[[  7.   9.  13.]
 [ 10.  16.   8.]
 [ 10.   5.  22.]]
cf_score, 22.0
nv_score, -12.0
ratio, 0.454545454545
[[  8.   8.  18.]
 [ 13.   4.  20.]
 [ 10.   4.  15.]]
cf_score, -1.0
nv_score, -41.0
ratio, 0.272727272727
[[ 11.  10.  15.]
 [  8.  19.   5.]
 [ 11.   8.  13.]]
cf_score, 17.0
nv_score, -22.0
ratio, 0.434343434343
[[ 12.   5.  13.]
 [ 12.   7.  12.]
 [ 11.   1.  27.]]
cf_score, 22.0
nv_score, -11.0
ratio, 0.464646464646
[[ 11.  11.  10.]
 [ 10.   8.  14.]
 [ 18.   4.  14.]]
cf_score, 5.0
nv_score, -20.0
ratio, 0.333333333333
[[ 10.   4.   9.]
 [  9.   4.  22.]
 [ 10.   1.  31.]]
cf_score, 26.0
nv_score, -9.0
ratio, 0.454545454545
[[ 14.  15.  10.]
 [ 12.  11.  14.]
 [  9.   2.  13.]]
cf_score, 19.0
nv_score, -21.0
ratio, 0.383838383838
[[ 12.  13.  12.]
 [ 11.   7.   9.]
 [ 13.   5.  18.]]
cf_score, 12.0
nv_score, -15.0
ratio, 0.373737373737
[[ 10.  15.  15.]
 [  5.  14.  17.]
 [  5.   2.  17.]]
cf_score, 21.0
nv_score, -30.0
ratio, 0.414141414141
[[  5.  22.   8.]
 [ 11.   7.  16.]
 [  7.   5.  19.]]
cf_score, 16.0
nv_score, -13.0
ratio, 0.313131313131
[[ 12.   8.  12.]
 [ 14.   8.  14.]
 [  7.   9.  16.]]
cf_score, 17.0
nv_score, -22.0
ratio, 0.363636363636
[[  7.  19.  10.]
 [ 15.  13.   8.]
 [  9.   2.  17.]]
cf_score, 18.0
nv_score, -11.0
ratio, 0.373737373737
[[ 16.   9.  11.]
 [  8.   9.  10.]
 [ 12.   5.  20.]]
cf_score, 22.0
nv_score, -12.0
ratio, 0.454545454545
[[  8.   6.  15.]
 [ 12.  16.  13.]
 [  7.   1.  22.]]
cf_score, 24.0
nv_score, -21.0
ratio, 0.464646464646
[[  8.   7.   9.]
 [ 13.  13.  11.]
 [ 13.   4.  22.]]
cf_score, 21.0
nv_score, -7.0
ratio, 0.434343434343
[[ 14.  13.   8.]
 [  5.  15.  12.]
 [ 10.   7.  16.]]
cf_score, 27.0
nv_score, -12.0
ratio, 0.454545454545
[[ 11.  10.  15.]
 [  7.   5.  17.]
 [ 13.   2.  20.]]
cf_score, 8.0
nv_score, -27.0
ratio, 0.363636363636
[[ 10.  11.   8.]
 [  7.  16.   6.]
 [ 15.   2.  25.]]
cf_score, 28.0
nv_score, 3.0
ratio, 0.515151515152
[[ 12.  14.   7.]
 [ 13.  12.   5.]
 [  7.   9.  21.]]
cf_score, 31.0
nv_score, 2.0
ratio, 0.454545454545
[[  5.  15.  15.]
 [  8.  10.  14.]
 [  9.   2.  22.]]
cf_score, 13.0
nv_score, -22.0
ratio, 0.373737373737
[[ 11.   6.  18.]
 [ 13.   4.  18.]
 [  7.   4.  19.]]
cf_score, 9.0
nv_score, -35.0
ratio, 0.343434343434
[[  8.   5.  13.]
 [ 10.   4.  24.]
 [  5.   3.  28.]]
cf_score, 22.0
nv_score, -22.0
ratio, 0.40404040404
[[  9.   9.  12.]
 [ 11.  16.  12.]
 [  8.   4.  19.]]
cf_score, 24.0
nv_score, -17.0
ratio, 0.444444444444
[[ 11.   6.  15.]
 [ 13.   9.  14.]
 [  7.  13.  12.]]
cf_score, 10.0
nv_score, -32.0
ratio, 0.323232323232
[[ 10.  14.   6.]
 [ 10.  11.  15.]
 [ 11.   7.  16.]]
cf_score, 20.0
nv_score, -11.0
ratio, 0.373737373737
[[  7.   8.   9.]
 [ 14.  16.  14.]
 [  9.   4.  19.]]
cf_score, 24.0
nv_score, -13.0
ratio, 0.424242424242
[[ 10.   8.   5.]
 [ 16.  14.  12.]
 [ 11.   8.  16.]]
cf_score, 24.0
nv_score, -6.0
ratio, 0.40404040404
[[ 12.  10.  11.]
 [ 11.   9.  23.]
 [  5.   1.  18.]]
cf_score, 23.0
nv_score, -27.0
ratio, 0.393939393939
[[ 14.   8.  17.]
 [ 10.  12.  12.]
 [  3.   8.  16.]]
cf_score, 22.0
nv_score, -30.0
ratio, 0.424242424242
[[ 12.   9.   8.]
 [  9.   8.  16.]
 [ 15.   3.  20.]]
cf_score, 17.0
nv_score, -12.0
ratio, 0.40404040404
[[  8.   7.  14.]
 [ 15.   6.  15.]
 [  9.   3.  23.]]
cf_score, 14.0
nv_score, -20.0
ratio, 0.373737373737
[[ 15.  12.  12.]
 [  9.   4.  12.]
 [ 11.   1.  24.]]
cf_score, 20.0
nv_score, -12.0
ratio, 0.434343434343
[[  8.   8.  17.]
 [ 17.   7.  16.]
 [  9.   2.  16.]]
cf_score, 5.0
nv_score, -34.0
ratio, 0.313131313131
[[ 15.  11.  13.]
 [  9.  10.  16.]
 [  9.   4.  13.]]
cf_score, 16.0
nv_score, -29.0
ratio, 0.383838383838
[[ 14.  11.   6.]
 [  8.  17.   8.]
 [ 18.   2.  16.]]
cf_score, 23.0
nv_score, -4.0
ratio, 0.474747474747
