[[ 33.   0.   0.]
 [ 34.   0.   0.]
 [ 33.   0.   0.]]
cf_score, 0.0
nv_score, 0.0
ratio, 0.333333333333
[[ 10.   7.   8.]
 [ 10.  14.  19.]
 [  5.  10.  17.]]
cf_score, 28.0
nv_score, -18.0
ratio, 0.414141414141
[[ 12.   0.  17.]
 [ 16.   0.  15.]
 [ 21.   0.  19.]]
cf_score, -7.0
nv_score, -30.0
ratio, 0.313131313131
[[  0.  16.  13.]
 [  0.  19.  18.]
 [  0.  12.  22.]]
cf_score, 28.0
nv_score, -22.0
ratio, 0.414141414141
[[ 16.   0.  11.]
 [ 22.   0.  16.]
 [ 14.   0.  21.]]
cf_score, 12.0
nv_score, -17.0
ratio, 0.373737373737
[[ 13.   0.  17.]
 [ 19.   0.  20.]
 [ 16.   0.  15.]]
cf_score, -5.0
nv_score, -39.0
ratio, 0.282828282828
[[  0.  16.  15.]
 [  0.  16.  16.]
 [  4.  15.  18.]]
cf_score, 15.0
nv_score, -28.0
ratio, 0.343434343434
[[ 19.   0.   8.]
 [ 28.   0.  19.]
 [  9.   0.  17.]]
cf_score, 19.0
nv_score, -18.0
ratio, 0.363636363636
[[ 12.   3.  18.]
 [ 12.   2.  22.]
 [  8.   2.  21.]]
cf_score, 9.0
nv_score, -37.0
ratio, 0.353535353535
[[ 16.   0.  20.]
 [  7.   1.  18.]
 [  9.   1.  28.]]
cf_score, 16.0
nv_score, -30.0
ratio, 0.454545454545
[[ 18.   1.  12.]
 [ 12.   5.  19.]
 [ 11.   2.  20.]]
cf_score, 20.0
nv_score, -23.0
ratio, 0.434343434343
[[ 19.   1.  11.]
 [ 13.   0.  18.]
 [  5.   4.  29.]]
cf_score, 32.0
nv_score, -11.0
ratio, 0.484848484848
[[ 11.   0.  23.]
 [ 17.   7.  16.]
 [  7.   0.  19.]]
cf_score, 7.0
nv_score, -43.0
ratio, 0.373737373737
[[ 21.   1.  11.]
 [ 17.   2.  22.]
 [  7.   2.  17.]]
cf_score, 22.0
nv_score, -27.0
ratio, 0.40404040404
[[ 15.   1.  16.]
 [ 24.   1.   8.]
 [  9.   7.  19.]]
cf_score, 10.0
nv_score, -21.0
ratio, 0.353535353535
[[ 23.   1.  18.]
 [ 15.   1.  12.]
 [  7.   2.  21.]]
cf_score, 20.0
nv_score, -27.0
ratio, 0.454545454545
[[ 19.   0.  11.]
 [ 13.   0.  20.]
 [ 16.   0.  21.]]
cf_score, 13.0
nv_score, -21.0
ratio, 0.40404040404
[[ 18.   3.  18.]
 [ 13.   2.  16.]
 [ 10.   8.  12.]]
cf_score, 4.0
nv_score, -40.0
ratio, 0.323232323232
[[ 16.   2.  16.]
 [ 13.   5.  16.]
 [ 12.   3.  17.]]
cf_score, 10.0
nv_score, -31.0
ratio, 0.383838383838
[[ 14.   4.  15.]
 [ 14.   6.  14.]
 [ 10.   3.  20.]]
cf_score, 15.0
nv_score, -24.0
ratio, 0.40404040404
[[ 11.   3.  17.]
 [ 11.   9.  17.]
 [ 10.   5.  17.]]
cf_score, 10.0
nv_score, -34.0
ratio, 0.373737373737
[[ 21.   2.   8.]
 [ 15.   4.   7.]
 [ 15.   5.  23.]]
cf_score, 25.0
nv_score, 0.0
ratio, 0.484848484848
[[ 14.   9.   9.]
 [ 11.   3.  13.]
 [  8.   7.  26.]]
cf_score, 26.0
nv_score, -5.0
ratio, 0.434343434343
[[ 14.   9.  11.]
 [ 16.  10.  13.]
 [  6.   5.  16.]]
cf_score, 23.0
nv_score, -19.0
ratio, 0.40404040404
[[ 15.   5.   6.]
 [ 14.   7.  11.]
 [ 13.   4.  25.]]
cf_score, 28.0
nv_score, 2.0
ratio, 0.474747474747
[[ 14.   4.  12.]
 [ 15.  11.  16.]
 [ 11.   5.  12.]]
cf_score, 14.0
nv_score, -28.0
ratio, 0.373737373737
[[  8.   8.  12.]
 [  9.  11.  13.]
 [  8.   9.  22.]]
cf_score, 21.0
nv_score, -15.0
ratio, 0.414141414141
[[ 20.   5.   9.]
 [ 15.   6.   7.]
 [ 12.   7.  19.]]
cf_score, 24.0
nv_score, -6.0
ratio, 0.454545454545
[[ 17.   5.   8.]
 [ 14.   8.  16.]
 [ 12.   6.  14.]]
cf_score, 19.0
nv_score, -18.0
ratio, 0.393939393939
[[ 12.  12.  11.]
 [ 12.  11.  10.]
 [  8.   4.  20.]]
cf_score, 24.0
nv_score, -12.0
ratio, 0.434343434343
[[ 13.  12.   6.]
 [ 13.   6.  12.]
 [ 11.   8.  19.]]
cf_score, 21.0
nv_score, -5.0
ratio, 0.383838383838
[[ 13.   5.  11.]
 [ 11.  11.   6.]
 [ 15.   9.  19.]]
cf_score, 17.0
nv_score, -9.0
ratio, 0.434343434343
[[ 17.   6.  17.]
 [ 13.   9.   8.]
 [  7.   7.  16.]]
cf_score, 18.0
nv_score, -26.0
ratio, 0.424242424242
[[ 11.   8.  10.]
 [ 11.  12.  12.]
 [  8.  10.  18.]]
cf_score, 23.0
nv_score, -14.0
ratio, 0.414141414141
[[ 11.   0.  12.]
 [ 17.   2.  12.]
 [ 18.   5.  23.]]
cf_score, 6.0
nv_score, -13.0
ratio, 0.363636363636
[[ 10.   9.   9.]
 [ 15.  12.  12.]
 [ 12.   3.  18.]]
cf_score, 19.0
nv_score, -12.0
ratio, 0.40404040404
[[ 21.   5.   9.]
 [ 16.   6.   9.]
 [ 10.   6.  18.]]
cf_score, 26.0
nv_score, -9.0
ratio, 0.454545454545
[[ 10.  10.  12.]
 [ 15.   6.   8.]
 [  7.   7.  25.]]
cf_score, 22.0
nv_score, -7.0
ratio, 0.414141414141
[[ 14.   4.   6.]
 [ 18.   9.  13.]
 [ 14.   4.  18.]]
cf_score, 21.0
nv_score, -7.0
ratio, 0.414141414141
[[ 15.   1.   9.]
 [ 11.  10.  13.]
 [ 12.   5.  24.]]
cf_score, 28.0
nv_score, -7.0
ratio, 0.494949494949
[[ 18.   7.  12.]
 [  4.   6.  16.]
 [ 12.   8.  17.]]
cf_score, 17.0
nv_score, -23.0
ratio, 0.414141414141
[[ 15.   7.  13.]
 [ 14.   9.   9.]
 [ 13.   5.  15.]]
cf_score, 13.0
nv_score, -20.0
ratio, 0.393939393939
[[ 15.   4.  11.]
 [ 24.   3.  12.]
 [ 11.   3.  17.]]
cf_score, 13.0
nv_score, -17.0
ratio, 0.353535353535
[[  7.  11.  17.]
 [  9.  10.  12.]
 [  2.   6.  26.]]
cf_score, 24.0
nv_score, -20.0
ratio, 0.434343434343
[[ 16.   6.   8.]
 [ 19.  13.  11.]
 [  6.   8.  13.]]
cf_score, 28.0
nv_score, -14.0
ratio, 0.424242424242
[[ 21.   3.  15.]
 [ 16.   3.   5.]
 [ 11.  11.  15.]]
cf_score, 13.0
nv_score, -20.0
ratio, 0.393939393939
[[ 14.   4.  10.]
 [ 18.   9.  11.]
 [  7.   8.  19.]]
cf_score, 25.0
nv_score, -12.0
ratio, 0.424242424242
[[ 14.  14.   5.]
 [  6.  11.  14.]
 [  8.   4.  24.]]
cf_score, 36.0
nv_score, 0.0
ratio, 0.494949494949
[[ 12.   8.  13.]
 [ 14.  10.  12.]
 [ 11.   4.  16.]]
cf_score, 14.0
nv_score, -22.0
ratio, 0.383838383838
[[ 15.   5.  14.]
 [ 11.  12.   8.]
 [  8.   3.  24.]]
cf_score, 29.0
nv_score, -12.0
ratio, 0.515151515152
