[[  0.  45.   0.]
 [  0.  17.   0.]
 [  0.  38.   0.]]
cf_score, 17.0
nv_score, 0.0
ratio, 0.171717171717
[[  0.  40.   0.]
 [  0.  21.   0.]
 [  0.  39.   0.]]
cf_score, 21.0
nv_score, 0.0
ratio, 0.212121212121
[[  8.  34.   0.]
 [  1.  14.   0.]
 [  1.  42.   0.]]
cf_score, 21.0
nv_score, 0.0
ratio, 0.222222222222
[[ 24.   5.   9.]
 [ 12.   3.   4.]
 [ 18.   5.  20.]]
cf_score, 20.0
nv_score, -2.0
ratio, 0.474747474747
[[ 20.   3.  16.]
 [ 15.   1.   4.]
 [ 12.   5.  24.]]
cf_score, 17.0
nv_score, -12.0
ratio, 0.454545454545
[[ 21.   5.  12.]
 [ 10.   3.   7.]
 [ 12.   7.  23.]]
cf_score, 23.0
nv_score, -8.0
ratio, 0.474747474747
[[ 25.   3.  12.]
 [ 11.   1.   7.]
 [ 14.   6.  21.]]
cf_score, 21.0
nv_score, -10.0
ratio, 0.474747474747
[[ 19.   2.  13.]
 [ 14.   1.   6.]
 [ 12.   7.  26.]]
cf_score, 21.0
nv_score, -6.0
ratio, 0.464646464646
[[ 26.   2.   8.]
 [ 18.   3.   9.]
 [ 11.   5.  18.]]
cf_score, 28.0
nv_score, -7.0
ratio, 0.474747474747
[[ 26.   4.   8.]
 [ 11.   9.   3.]
 [  9.  13.  17.]]
cf_score, 35.0
nv_score, -2.0
ratio, 0.525252525253
[[ 18.   2.  11.]
 [ 13.   4.   5.]
 [ 15.  11.  21.]]
cf_score, 17.0
nv_score, -6.0
ratio, 0.434343434343
[[ 27.   1.  16.]
 [ 14.   4.   8.]
 [ 10.   4.  16.]]
cf_score, 21.0
nv_score, -24.0
ratio, 0.474747474747
[[ 23.   3.  11.]
 [ 12.   2.   9.]
 [  6.   9.  25.]]
cf_score, 33.0
nv_score, -6.0
ratio, 0.505050505051
[[ 27.   5.  12.]
 [  9.   6.   9.]
 [  7.  11.  14.]]
cf_score, 28.0
nv_score, -19.0
ratio, 0.474747474747
[[ 19.   5.  17.]
 [  8.   5.   6.]
 [ 11.  16.  13.]]
cf_score, 9.0
nv_score, -27.0
ratio, 0.373737373737
[[ 26.   3.   8.]
 [ 16.   6.   7.]
 [ 12.   7.  15.]]
cf_score, 27.0
nv_score, -8.0
ratio, 0.474747474747
[[ 26.   3.  13.]
 [ 11.   6.   3.]
 [ 10.  11.  17.]]
cf_score, 26.0
nv_score, -12.0
ratio, 0.494949494949
[[ 26.   4.  12.]
 [ 12.  11.   4.]
 [  9.   7.  15.]]
cf_score, 31.0
nv_score, -13.0
ratio, 0.525252525253
[[ 26.   2.  16.]
 [  5.   6.   5.]
 [ 10.   9.  21.]]
cf_score, 27.0
nv_score, -16.0
ratio, 0.535353535354
[[ 25.   2.   7.]
 [ 14.   5.   9.]
 [ 11.  13.  14.]]
cf_score, 26.0
nv_score, -9.0
ratio, 0.444444444444
[[ 24.   6.  13.]
 [ 12.   5.   2.]
 [ 11.   7.  20.]]
cf_score, 25.0
nv_score, -8.0
ratio, 0.494949494949
[[ 28.   4.   8.]
 [ 14.   4.   5.]
 [ 10.   8.  19.]]
cf_score, 33.0
nv_score, -2.0
ratio, 0.515151515152
[[ 19.   2.  12.]
 [ 14.   6.   7.]
 [ 16.   8.  16.]]
cf_score, 13.0
nv_score, -15.0
ratio, 0.414141414141
[[ 27.   3.   6.]
 [ 12.   9.   5.]
 [  9.  11.  18.]]
cf_score, 39.0
nv_score, 1.0
ratio, 0.545454545455
[[ 27.   3.  10.]
 [ 13.   5.   6.]
 [ 12.  12.  12.]]
cf_score, 22.0
nv_score, -14.0
ratio, 0.444444444444
[[ 27.   2.  13.]
 [  9.   5.   5.]
 [  9.   9.  21.]]
cf_score, 31.0
nv_score, -10.0
ratio, 0.535353535354
[[ 22.   3.  16.]
 [ 15.   7.   3.]
 [ 12.   9.  13.]]
cf_score, 14.0
nv_score, -22.0
ratio, 0.424242424242
[[ 21.   6.  16.]
 [ 13.   3.   3.]
 [  6.  13.  19.]]
cf_score, 21.0
nv_score, -16.0
ratio, 0.434343434343
[[ 20.   4.  13.]
 [  7.   7.   9.]
 [  9.   9.  22.]]
cf_score, 27.0
nv_score, -13.0
ratio, 0.494949494949
[[ 25.   3.  15.]
 [  9.  12.   4.]
 [  2.  11.  19.]]
cf_score, 39.0
nv_score, -15.0
ratio, 0.565656565657
[[ 24.   3.  13.]
 [  8.   6.   3.]
 [  7.  18.  18.]]
cf_score, 28.0
nv_score, -11.0
ratio, 0.484848484848
[[ 16.   7.  15.]
 [  4.   7.   3.]
 [  4.  22.  22.]]
cf_score, 26.0
nv_score, -11.0
ratio, 0.454545454545
[[ 23.   4.  15.]
 [  5.  13.   9.]
 [  1.  13.  17.]]
cf_score, 37.0
nv_score, -22.0
ratio, 0.535353535354
[[ 19.   6.   5.]
 [  9.  11.   5.]
 [  5.  18.  22.]]
cf_score, 42.0
nv_score, 7.0
ratio, 0.525252525253
[[ 18.  13.  15.]
 [  4.  12.   6.]
 [  7.  12.  13.]]
cf_score, 21.0
nv_score, -23.0
ratio, 0.434343434343
[[ 15.   7.   9.]
 [  6.  10.   9.]
 [  4.  16.  24.]]
cf_score, 36.0
nv_score, -3.0
ratio, 0.494949494949
[[ 11.  11.  13.]
 [ 10.  11.   4.]
 [  5.  16.  19.]]
cf_score, 23.0
nv_score, -11.0
ratio, 0.414141414141
[[ 11.  14.  16.]
 [  4.  10.   5.]
 [  3.  18.  19.]]
cf_score, 21.0
nv_score, -18.0
ratio, 0.40404040404
[[ 18.  11.  15.]
 [  2.   8.   6.]
 [  4.  18.  18.]]
cf_score, 25.0
nv_score, -18.0
ratio, 0.444444444444
[[ 16.  19.  16.]
 [  3.   7.   5.]
 [  2.  16.  16.]]
cf_score, 21.0
nv_score, -21.0
ratio, 0.393939393939
[[ 18.  10.  19.]
 [  5.  13.   6.]
 [  2.  15.  12.]]
cf_score, 22.0
nv_score, -32.0
ratio, 0.434343434343
[[ 20.   8.  13.]
 [  3.   7.   6.]
 [  4.  25.  14.]]
cf_score, 24.0
nv_score, -18.0
ratio, 0.414141414141
[[ 15.  11.   9.]
 [ 10.  14.   6.]
 [  3.  16.  16.]]
cf_score, 33.0
nv_score, -8.0
ratio, 0.454545454545
[[ 19.  11.   9.]
 [  6.   9.   7.]
 [  4.  13.  22.]]
cf_score, 37.0
nv_score, -3.0
ratio, 0.505050505051
[[ 10.  12.  18.]
 [  3.  12.   5.]
 [  6.  13.  21.]]
cf_score, 19.0
nv_score, -20.0
ratio, 0.434343434343
[[ 14.  14.  13.]
 [  7.  14.   4.]
 [  6.  16.  12.]]
cf_score, 21.0
nv_score, -18.0
ratio, 0.40404040404
[[ 10.  14.  14.]
 [  2.  15.   4.]
 [  8.  17.  16.]]
cf_score, 19.0
nv_score, -16.0
ratio, 0.414141414141
[[ 16.  12.  10.]
 [  5.  17.   2.]
 [  2.  18.  18.]]
cf_score, 39.0
nv_score, -4.0
ratio, 0.515151515152
[[ 11.  15.  17.]
 [  5.  17.   6.]
 [  0.  15.  14.]]
cf_score, 25.0
nv_score, -26.0
ratio, 0.424242424242
[[ 11.   9.  13.]
 [  5.  22.   8.]
 [  2.  11.  19.]]
cf_score, 37.0
nv_score, -15.0
ratio, 0.525252525253
