[[ 28.   0.   0.]
 [ 29.   0.   0.]
 [ 43.   0.   0.]]
cf_score, -15.0
nv_score, 0.0
ratio, 0.282828282828
[[  3.  20.   9.]
 [  8.  13.   9.]
 [  5.  21.  12.]]
cf_score, 14.0
nv_score, -15.0
ratio, 0.282828282828
[[  3.  17.  17.]
 [  2.  17.   7.]
 [  1.  16.  20.]]
cf_score, 22.0
nv_score, -21.0
ratio, 0.40404040404
[[  2.  19.   9.]
 [  5.  26.   3.]
 [  5.  20.  11.]]
cf_score, 25.0
nv_score, -10.0
ratio, 0.393939393939
[[  1.  17.  11.]
 [  1.  21.  12.]
 [  1.  15.  21.]]
cf_score, 31.0
nv_score, -13.0
ratio, 0.434343434343
[[  2.  14.  11.]
 [  0.  17.  11.]
 [  4.  11.  30.]]
cf_score, 34.0
nv_score, -3.0
ratio, 0.494949494949
[[  2.  16.  14.]
 [  6.  17.  11.]
 [  0.   7.  27.]]
cf_score, 32.0
nv_score, -12.0
ratio, 0.464646464646
[[  2.  17.  14.]
 [  1.  18.  12.]
 [  3.  13.  20.]]
cf_score, 23.0
nv_score, -20.0
ratio, 0.40404040404
[[  3.  12.  24.]
 [  4.  14.   9.]
 [  6.   8.  20.]]
cf_score, 7.0
nv_score, -37.0
ratio, 0.373737373737
[[  3.  13.  10.]
 [  2.  20.  12.]
 [  1.  15.  24.]]
cf_score, 36.0
nv_score, -8.0
ratio, 0.474747474747
[[  4.  12.  14.]
 [  1.  27.  10.]
 [  1.   9.  22.]]
cf_score, 38.0
nv_score, -16.0
ratio, 0.535353535354
[[  1.  14.  11.]
 [  1.  21.   9.]
 [  0.  20.  23.]]
cf_score, 34.0
nv_score, -8.0
ratio, 0.454545454545
[[  0.  21.  10.]
 [  0.  19.  18.]
 [  0.  16.  16.]]
cf_score, 25.0
nv_score, -22.0
ratio, 0.353535353535
[[  0.  17.  11.]
 [  0.  25.  12.]
 [  0.  14.  21.]]
cf_score, 35.0
nv_score, -13.0
ratio, 0.464646464646
[[  2.  23.   8.]
 [  2.  26.  12.]
 [  1.  10.  16.]]
cf_score, 35.0
nv_score, -12.0
ratio, 0.444444444444
[[  5.  22.   4.]
 [  3.  15.  18.]
 [  1.  12.  20.]]
cf_score, 35.0
nv_score, -6.0
ratio, 0.40404040404
[[  8.  19.  12.]
 [  5.  18.  11.]
 [  4.  10.  13.]]
cf_score, 23.0
nv_score, -22.0
ratio, 0.393939393939
[[ 13.  16.   8.]
 [  4.  16.  11.]
 [  1.  10.  21.]]
cf_score, 41.0
nv_score, -6.0
ratio, 0.505050505051
[[ 12.  21.  10.]
 [  4.  15.  16.]
 [  0.   9.  13.]]
cf_score, 30.0
nv_score, -23.0
ratio, 0.40404040404
[[ 10.  10.  14.]
 [ 14.  11.   6.]
 [  7.  10.  18.]]
cf_score, 18.0
nv_score, -16.0
ratio, 0.393939393939
[[ 19.  12.   7.]
 [ 12.   8.   6.]
 [  6.  12.  18.]]
cf_score, 32.0
nv_score, -2.0
ratio, 0.454545454545
[[ 14.   9.   8.]
 [ 13.  12.  13.]
 [  3.   7.  21.]]
cf_score, 36.0
nv_score, -8.0
ratio, 0.474747474747
[[ 15.  11.   9.]
 [ 11.  15.   7.]
 [  7.  11.  14.]]
cf_score, 28.0
nv_score, -11.0
ratio, 0.444444444444
[[  8.  18.   7.]
 [ 10.  10.  11.]
 [ 10.  11.  15.]]
cf_score, 16.0
nv_score, -10.0
ratio, 0.333333333333
[[  9.   7.  10.]
 [  9.  18.  10.]
 [ 10.   8.  19.]]
cf_score, 26.0
nv_score, -11.0
ratio, 0.464646464646
[[ 14.   9.   8.]
 [ 12.  18.   4.]
 [  6.  12.  17.]]
cf_score, 35.0
nv_score, -3.0
ratio, 0.494949494949
[[  9.  12.   6.]
 [ 13.  17.  12.]
 [  8.   6.  17.]]
cf_score, 29.0
nv_score, -7.0
ratio, 0.434343434343
[[ 13.  11.   5.]
 [  8.  17.   5.]
 [  8.  11.  22.]]
cf_score, 39.0
nv_score, 7.0
ratio, 0.525252525253
[[ 10.  13.   4.]
 [  8.  14.  10.]
 [  8.   6.  27.]]
cf_score, 39.0
nv_score, 9.0
ratio, 0.515151515152
[[ 13.  16.   6.]
 [  7.  14.   4.]
 [  8.  14.  18.]]
cf_score, 31.0
nv_score, 2.0
ratio, 0.454545454545
[[ 14.  12.   8.]
 [ 13.   9.   4.]
 [ 11.   7.  22.]]
cf_score, 26.0
nv_score, 2.0
ratio, 0.454545454545
[[ 14.   5.  15.]
 [ 11.  16.   6.]
 [  8.  12.  13.]]
cf_score, 20.0
nv_score, -23.0
ratio, 0.434343434343
[[ 19.   8.   5.]
 [ 12.  13.   9.]
 [  5.   9.  20.]]
cf_score, 42.0
nv_score, 1.0
ratio, 0.525252525253
[[ 17.  11.   4.]
 [ 10.  20.   9.]
 [  9.   5.  15.]]
cf_score, 39.0
nv_score, -2.0
ratio, 0.525252525253
[[ 14.  10.   9.]
 [  8.  19.   7.]
 [  7.   9.  17.]]
cf_score, 34.0
nv_score, -8.0
ratio, 0.505050505051
[[ 15.   9.   5.]
 [ 14.  13.  13.]
 [ 11.   4.  16.]]
cf_score, 28.0
nv_score, -7.0
ratio, 0.444444444444
[[ 21.   9.   5.]
 [ 12.  14.   8.]
 [  6.  11.  14.]]
cf_score, 38.0
nv_score, -4.0
ratio, 0.494949494949
[[ 21.   6.   1.]
 [ 18.  15.   6.]
 [  9.   9.  15.]]
cf_score, 41.0
nv_score, 7.0
ratio, 0.515151515152
[[ 14.   8.   6.]
 [ 11.  16.   9.]
 [  4.  18.  14.]]
cf_score, 34.0
nv_score, -7.0
ratio, 0.444444444444
[[ 15.   9.   6.]
 [ 17.  15.   7.]
 [  8.   9.  14.]]
cf_score, 30.0
nv_score, -5.0
ratio, 0.444444444444
[[ 17.  11.   4.]
 [ 13.  19.  10.]
 [  7.   3.  16.]]
cf_score, 41.0
nv_score, -2.0
ratio, 0.525252525253
[[ 16.  14.   5.]
 [ 11.  19.   4.]
 [  6.   6.  19.]]
cf_score, 43.0
nv_score, 5.0
ratio, 0.545454545455
[[ 13.   9.   4.]
 [  9.  13.  15.]
 [ 10.   7.  20.]]
cf_score, 32.0
nv_score, -3.0
ratio, 0.464646464646
[[ 19.  14.   5.]
 [ 10.  16.   5.]
 [  9.  11.  11.]]
cf_score, 32.0
nv_score, -4.0
ratio, 0.464646464646
[[ 20.   7.   3.]
 [ 10.  23.   4.]
 [  8.  12.  13.]]
cf_score, 45.0
nv_score, 3.0
ratio, 0.565656565657
[[ 18.   2.   6.]
 [ 12.  25.   7.]
 [  9.   9.  12.]]
cf_score, 40.0
nv_score, -7.0
ratio, 0.555555555556
[[ 19.   7.   7.]
 [ 12.  18.   6.]
 [  7.   9.  15.]]
cf_score, 38.0
nv_score, -5.0
ratio, 0.525252525253
[[ 24.   5.   5.]
 [ 10.  13.   4.]
 [  7.  12.  20.]]
cf_score, 45.0
nv_score, 6.0
ratio, 0.575757575758
[[ 20.  16.   4.]
 [ 12.  14.   4.]
 [  7.   7.  16.]]
cf_score, 39.0
nv_score, 4.0
ratio, 0.505050505051
[[ 14.  15.   4.]
 [ 13.  15.   8.]
 [  8.  11.  12.]]
cf_score, 29.0
nv_score, -4.0
ratio, 0.414141414141
