[[ 17.   0.   0.]
 [ 50.   0.   0.]
 [ 33.   0.   0.]]
cf_score, -16.0
nv_score, 0.0
ratio, 0.171717171717
[[ 27.   0.   0.]
 [ 38.   0.   0.]
 [ 35.   0.   0.]]
cf_score, -8.0
nv_score, 0.0
ratio, 0.272727272727
[[ 22.   0.   0.]
 [ 45.   0.   0.]
 [ 33.   0.   0.]]
cf_score, -11.0
nv_score, 0.0
ratio, 0.222222222222
[[ 26.   0.   0.]
 [ 42.   0.   0.]
 [ 32.   0.   0.]]
cf_score, -6.0
nv_score, 0.0
ratio, 0.262626262626
[[ 30.   0.   0.]
 [ 36.   0.   0.]
 [ 34.   0.   0.]]
cf_score, -4.0
nv_score, 0.0
ratio, 0.30303030303
[[ 27.   0.   0.]
 [ 40.   0.   0.]
 [ 33.   0.   0.]]
cf_score, -6.0
nv_score, 0.0
ratio, 0.272727272727
[[ 41.   0.   0.]
 [ 38.   0.   0.]
 [ 21.   0.   0.]]
cf_score, 20.0
nv_score, 0.0
ratio, 0.414141414141
[[ 30.   0.   0.]
 [ 39.   0.   0.]
 [ 31.   0.   0.]]
cf_score, -1.0
nv_score, 0.0
ratio, 0.30303030303
[[ 36.   0.   0.]
 [ 34.   0.   0.]
 [ 30.   0.   0.]]
cf_score, 6.0
nv_score, 0.0
ratio, 0.363636363636
[[ 22.   0.   0.]
 [ 51.   0.   0.]
 [ 27.   0.   0.]]
cf_score, -5.0
nv_score, 0.0
ratio, 0.222222222222
[[ 21.   0.   0.]
 [ 47.   0.   0.]
 [ 32.   0.   0.]]
cf_score, -11.0
nv_score, 0.0
ratio, 0.212121212121
[[ 27.   0.   0.]
 [ 38.   0.   0.]
 [ 35.   0.   0.]]
cf_score, -8.0
nv_score, 0.0
ratio, 0.272727272727
[[ 26.   0.   0.]
 [ 37.   0.   0.]
 [ 37.   0.   0.]]
cf_score, -11.0
nv_score, 0.0
ratio, 0.262626262626
[[ 27.   0.   0.]
 [ 39.   0.   0.]
 [ 34.   0.   0.]]
cf_score, -7.0
nv_score, 0.0
ratio, 0.272727272727
[[ 31.   0.   0.]
 [ 33.   0.   0.]
 [ 36.   0.   0.]]
cf_score, -5.0
nv_score, 0.0
ratio, 0.313131313131
[[ 22.   0.   0.]
 [ 35.   0.   0.]
 [ 43.   0.   0.]]
cf_score, -21.0
nv_score, 0.0
ratio, 0.222222222222
[[ 26.   0.   0.]
 [ 34.   0.   0.]
 [ 40.   0.   0.]]
cf_score, -14.0
nv_score, 0.0
ratio, 0.262626262626
[[ 24.   0.   0.]
 [ 41.   0.   0.]
 [ 35.   0.   0.]]
cf_score, -11.0
nv_score, 0.0
ratio, 0.242424242424
[[ 32.   0.   0.]
 [ 35.   0.   0.]
 [ 33.   0.   0.]]
cf_score, -1.0
nv_score, 0.0
ratio, 0.323232323232
[[ 29.   0.   0.]
 [ 38.   0.   0.]
 [ 33.   0.   0.]]
cf_score, -4.0
nv_score, 0.0
ratio, 0.292929292929
[[ 19.   0.   0.]
 [ 46.   0.   0.]
 [ 35.   0.   0.]]
cf_score, -16.0
nv_score, 0.0
ratio, 0.191919191919
[[ 27.   0.   0.]
 [ 42.   0.   0.]
 [ 31.   0.   0.]]
cf_score, -4.0
nv_score, 0.0
ratio, 0.272727272727
[[ 27.   0.   0.]
 [ 44.   0.   0.]
 [ 29.   0.   0.]]
cf_score, -2.0
nv_score, 0.0
ratio, 0.272727272727
[[ 26.   0.   0.]
 [ 39.   0.   0.]
 [ 35.   0.   0.]]
cf_score, -9.0
nv_score, 0.0
ratio, 0.262626262626
[[ 29.   0.   0.]
 [ 29.   0.   0.]
 [ 42.   0.   0.]]
cf_score, -13.0
nv_score, 0.0
ratio, 0.292929292929
[[ 17.   0.   0.]
 [ 42.   0.   0.]
 [ 41.   0.   0.]]
cf_score, -24.0
nv_score, 0.0
ratio, 0.171717171717
[[ 28.   0.   0.]
 [ 36.   0.   0.]
 [ 36.   0.   0.]]
cf_score, -8.0
nv_score, 0.0
ratio, 0.282828282828
[[ 27.   0.   0.]
 [ 30.   0.   0.]
 [ 43.   0.   0.]]
cf_score, -16.0
nv_score, 0.0
ratio, 0.272727272727
[[ 25.   0.   0.]
 [ 43.   0.   0.]
 [ 32.   0.   0.]]
cf_score, -7.0
nv_score, 0.0
ratio, 0.252525252525
[[ 25.   0.   0.]
 [ 32.   0.   0.]
 [ 43.   0.   0.]]
cf_score, -18.0
nv_score, 0.0
ratio, 0.252525252525
[[ 29.   0.   0.]
 [ 26.   0.   0.]
 [ 45.   0.   0.]]
cf_score, -16.0
nv_score, 0.0
ratio, 0.292929292929
[[ 25.   0.   0.]
 [ 41.   0.   0.]
 [ 34.   0.   0.]]
cf_score, -9.0
nv_score, 0.0
ratio, 0.252525252525
[[ 30.   0.   0.]
 [ 43.   0.   0.]
 [ 27.   0.   0.]]
cf_score, 3.0
nv_score, 0.0
ratio, 0.30303030303
[[ 34.   0.   0.]
 [ 32.   0.   0.]
 [ 34.   0.   0.]]
cf_score, 0.0
nv_score, 0.0
ratio, 0.343434343434
[[ 23.   0.   0.]
 [ 39.   0.   0.]
 [ 38.   0.   0.]]
cf_score, -15.0
nv_score, 0.0
ratio, 0.232323232323
[[ 26.   0.   0.]
 [ 39.   0.   0.]
 [ 35.   0.   0.]]
cf_score, -9.0
nv_score, 0.0
ratio, 0.262626262626
[[ 22.   0.   0.]
 [ 35.   0.   0.]
 [ 43.   0.   0.]]
cf_score, -21.0
nv_score, 0.0
ratio, 0.222222222222
[[ 29.   0.   0.]
 [ 34.   0.   0.]
 [ 37.   0.   0.]]
cf_score, -8.0
nv_score, 0.0
ratio, 0.292929292929
[[ 28.   0.   0.]
 [ 35.   0.   0.]
 [ 37.   0.   0.]]
cf_score, -9.0
nv_score, 0.0
ratio, 0.282828282828
[[ 26.   0.   0.]
 [ 37.   0.   0.]
 [ 37.   0.   0.]]
cf_score, -11.0
nv_score, 0.0
ratio, 0.262626262626
[[ 21.   0.   0.]
 [ 44.   0.   0.]
 [ 35.   0.   0.]]
cf_score, -14.0
nv_score, 0.0
ratio, 0.212121212121
[[ 23.   0.   0.]
 [ 38.   0.   0.]
 [ 39.   0.   0.]]
cf_score, -16.0
nv_score, 0.0
ratio, 0.232323232323
[[ 28.   0.   0.]
 [ 35.   0.   0.]
 [ 37.   0.   0.]]
cf_score, -9.0
nv_score, 0.0
ratio, 0.282828282828
[[ 25.   0.   0.]
 [ 43.   0.   0.]
 [ 32.   0.   0.]]
cf_score, -7.0
nv_score, 0.0
ratio, 0.252525252525
[[ 23.   0.   0.]
 [ 42.   0.   0.]
 [ 35.   0.   0.]]
cf_score, -12.0
nv_score, 0.0
ratio, 0.232323232323
[[ 26.   0.   0.]
 [ 39.   0.   0.]
 [ 35.   0.   0.]]
cf_score, -9.0
nv_score, 0.0
ratio, 0.262626262626
[[ 30.   0.   0.]
 [ 38.   0.   0.]
 [ 32.   0.   0.]]
cf_score, -2.0
nv_score, 0.0
ratio, 0.30303030303
[[ 27.   0.   0.]
 [ 38.   0.   0.]
 [ 35.   0.   0.]]
cf_score, -8.0
nv_score, 0.0
ratio, 0.272727272727
[[ 21.   0.   0.]
 [ 43.   0.   0.]
 [ 36.   0.   0.]]
cf_score, -15.0
nv_score, 0.0
ratio, 0.212121212121
[[ 16.   0.   0.]
 [ 44.   0.   0.]
 [ 40.   0.   0.]]
cf_score, -24.0
nv_score, 0.0
ratio, 0.161616161616
