[[  0.   0.  30.]
 [  0.   0.  26.]
 [  0.   0.  44.]]
cf_score, 14.0
nv_score, -42.0
ratio, 0.444444444444
[[  0.  17.  12.]
 [  0.  26.  12.]
 [  0.  17.  16.]]
cf_score, 30.0
nv_score, -20.0
ratio, 0.424242424242
[[  0.  20.   8.]
 [  0.  31.   9.]
 [  0.  23.   9.]]
cf_score, 32.0
nv_score, -16.0
ratio, 0.40404040404
[[  2.  21.   5.]
 [  0.  39.   5.]
 [  1.  20.   7.]]
cf_score, 42.0
nv_score, -8.0
ratio, 0.484848484848
[[  4.  27.   4.]
 [  0.  31.   7.]
 [  0.  19.   8.]]
cf_score, 39.0
nv_score, -7.0
ratio, 0.434343434343
[[  5.  16.   8.]
 [  0.  35.   0.]
 [  2.  27.   7.]]
cf_score, 37.0
nv_score, -9.0
ratio, 0.474747474747
[[  7.  23.   3.]
 [  1.  28.   4.]
 [  0.  28.   6.]]
cf_score, 38.0
nv_score, -4.0
ratio, 0.414141414141
[[  4.  27.   4.]
 [  3.  19.   1.]
 [  4.  30.   8.]]
cf_score, 23.0
nv_score, -1.0
ratio, 0.313131313131
[[  4.  31.   4.]
 [  5.  31.   3.]
 [  3.  16.   3.]]
cf_score, 31.0
nv_score, -8.0
ratio, 0.383838383838
[[  9.  24.   1.]
 [  5.  26.   2.]
 [  5.  22.   6.]]
cf_score, 35.0
nv_score, 2.0
ratio, 0.414141414141
[[  7.  20.   3.]
 [  3.  30.   2.]
 [  7.  24.   4.]]
cf_score, 31.0
nv_score, -4.0
ratio, 0.414141414141
[[  8.  28.   3.]
 [  4.  24.   1.]
 [  8.  21.   3.]]
cf_score, 24.0
nv_score, -4.0
ratio, 0.353535353535
[[  8.  27.   4.]
 [  2.  25.   4.]
 [  2.  22.   6.]]
cf_score, 33.0
nv_score, -6.0
ratio, 0.393939393939
[[  6.  24.   3.]
 [  2.  31.   2.]
 [  9.  21.   2.]]
cf_score, 27.0
nv_score, -6.0
ratio, 0.393939393939
[[  8.  19.   7.]
 [  6.  32.   2.]
 [  6.  20.   0.]]
cf_score, 27.0
nv_score, -16.0
ratio, 0.40404040404
[[  5.  30.   0.]
 [  4.  25.   1.]
 [  7.  25.   3.]]
cf_score, 26.0
nv_score, 2.0
ratio, 0.333333333333
[[  7.  25.   2.]
 [  5.  24.   0.]
 [  3.  30.   4.]]
cf_score, 30.0
nv_score, 0.0
ratio, 0.353535353535
[[  7.  25.   1.]
 [  6.  29.   0.]
 [  6.  25.   1.]]
cf_score, 30.0
nv_score, -1.0
ratio, 0.373737373737
[[  3.  22.   5.]
 [  6.  41.   0.]
 [  4.  19.   0.]]
cf_score, 35.0
nv_score, -10.0
ratio, 0.444444444444
[[  8.  21.   3.]
 [  5.  31.   0.]
 [  2.  26.   4.]]
cf_score, 38.0
nv_score, -2.0
ratio, 0.434343434343
[[  6.  17.   3.]
 [  6.  30.   0.]
 [  3.  33.   2.]]
cf_score, 32.0
nv_score, -4.0
ratio, 0.383838383838
[[  5.  30.   2.]
 [  3.  29.   0.]
 [  4.  24.   3.]]
cf_score, 31.0
nv_score, -1.0
ratio, 0.373737373737
[[  2.  25.   3.]
 [  3.  30.   0.]
 [  7.  27.   3.]]
cf_score, 25.0
nv_score, -3.0
ratio, 0.353535353535
[[  4.  21.   4.]
 [  4.  29.   0.]
 [  5.  32.   1.]]
cf_score, 25.0
nv_score, -7.0
ratio, 0.343434343434
[[  4.  22.   3.]
 [  5.  27.   0.]
 [  7.  28.   4.]]
cf_score, 25.0
nv_score, -2.0
ratio, 0.353535353535
[[  5.  27.   4.]
 [  6.  35.   0.]
 [  6.  16.   1.]]
cf_score, 31.0
nv_score, -7.0
ratio, 0.414141414141
[[  2.  34.   3.]
 [  3.  27.   0.]
 [  6.  23.   2.]]
cf_score, 22.0
nv_score, -4.0
ratio, 0.313131313131
[[  4.  25.   4.]
 [  3.  26.   0.]
 [  6.  32.   0.]]
cf_score, 20.0
nv_score, -8.0
ratio, 0.30303030303
[[  6.  28.   2.]
 [  3.  23.   0.]
 [  3.  32.   3.]]
cf_score, 27.0
nv_score, -1.0
ratio, 0.323232323232
[[  8.  28.   4.]
 [  5.  25.   0.]
 [  8.  22.   0.]]
cf_score, 21.0
nv_score, -8.0
ratio, 0.333333333333
[[  2.  25.   5.]
 [  3.  31.   0.]
 [  6.  27.   1.]]
cf_score, 23.0
nv_score, -9.0
ratio, 0.343434343434
[[  3.  28.   1.]
 [  3.  39.   0.]
 [  1.  23.   2.]]
cf_score, 42.0
nv_score, 0.0
ratio, 0.444444444444
[[  0.  28.   4.]
 [  3.  29.   0.]
 [  4.  24.   8.]]
cf_score, 29.0
nv_score, 0.0
ratio, 0.373737373737
[[  5.  25.   3.]
 [  5.  32.   0.]
 [  6.  24.   0.]]
cf_score, 28.0
nv_score, -6.0
ratio, 0.373737373737
[[  4.  27.   1.]
 [  8.  33.   0.]
 [  3.  22.   2.]]
cf_score, 35.0
nv_score, 0.0
ratio, 0.393939393939
[[  3.  29.   1.]
 [  4.  24.   0.]
 [  1.  35.   3.]]
cf_score, 28.0
nv_score, 1.0
ratio, 0.30303030303
[[  4.  31.   6.]
 [  8.  28.   0.]
 [  1.  22.   0.]]
cf_score, 25.0
nv_score, -12.0
ratio, 0.323232323232
[[  4.  33.   0.]
 [  4.  33.   0.]
 [  2.  22.   2.]]
cf_score, 37.0
nv_score, 2.0
ratio, 0.393939393939
[[  6.  24.   3.]
 [  5.  25.   0.]
 [  4.  31.   2.]]
cf_score, 26.0
nv_score, -4.0
ratio, 0.333333333333
[[  0.  33.   2.]
 [  5.  28.   0.]
 [  2.  29.   1.]]
cf_score, 25.0
nv_score, -3.0
ratio, 0.292929292929
[[  4.  34.   4.]
 [  6.  28.   0.]
 [  3.  20.   1.]]
cf_score, 26.0
nv_score, -7.0
ratio, 0.333333333333
[[  6.  21.   4.]
 [ 10.  25.   0.]
 [  5.  28.   1.]]
cf_score, 23.0
nv_score, -7.0
ratio, 0.323232323232
[[  6.  31.   1.]
 [  4.  34.   0.]
 [  6.  17.   1.]]
cf_score, 34.0
nv_score, -1.0
ratio, 0.414141414141
[[ 10.  35.   6.]
 [  4.  24.   0.]
 [  1.  18.   2.]]
cf_score, 29.0
nv_score, -10.0
ratio, 0.363636363636
[[  5.  27.   1.]
 [  7.  31.   0.]
 [  2.  26.   1.]]
cf_score, 34.0
nv_score, -1.0
ratio, 0.373737373737
[[  0.  28.   6.]
 [  5.  29.   0.]
 [  2.  29.   1.]]
cf_score, 22.0
nv_score, -11.0
ratio, 0.30303030303
[[  3.  27.   2.]
 [  8.  23.   0.]
 [  2.  32.   3.]]
cf_score, 25.0
nv_score, -1.0
ratio, 0.292929292929
[[  3.  29.   1.]
 [  6.  26.   0.]
 [  5.  26.   4.]]
cf_score, 27.0
nv_score, 2.0
ratio, 0.333333333333
[[  6.  25.   2.]
 [  9.  26.   1.]
 [  7.  24.   0.]]
cf_score, 23.0
nv_score, -5.0
ratio, 0.323232323232
[[  5.  26.   0.]
 [  4.  33.   0.]
 [  5.  26.   1.]]
cf_score, 34.0
nv_score, 1.0
ratio, 0.393939393939
