Loading Model: level_list/m1_100/tick_list/ACFN/class/models/model.h5
history_filename: history_recent/ACFN/history.json
Yesterday        : 2017-08-23: OHLCV: 0.1800, 0.2100, 0.1800, 0.2100, 111889
UberYesterday    : 2017-08-22: OHLCV: 0.2100, 0.2200, 0.2000, 0.2000, 33100
[u'0.1800', u'0.2100', u'0.1800', u'0.2100', u'111889']
[u'0.2100', u'0.2200', u'0.2000', u'0.2000', u'33100']
question_base :[0.21, 0.22, 0.2, 0.2, 0.18, 0.21, 0.18, 0.21]
0.189: [0.210, 0.220, 0.200, 0.200, 0.180, 0.210, 0.180, 0.210, 0.189][0.059, 0.169, 0.771]
0.19005: [0.210, 0.220, 0.200, 0.200, 0.180, 0.210, 0.180, 0.210, 0.190][0.061, 0.171, 0.769]
0.1911: [0.210, 0.220, 0.200, 0.200, 0.180, 0.210, 0.180, 0.210, 0.191][0.062, 0.172, 0.766]
0.19215: [0.210, 0.220, 0.200, 0.200, 0.180, 0.210, 0.180, 0.210, 0.192][0.063, 0.174, 0.763]
0.1932: [0.210, 0.220, 0.200, 0.200, 0.180, 0.210, 0.180, 0.210, 0.193][0.064, 0.175, 0.760]
0.19425: [0.210, 0.220, 0.200, 0.200, 0.180, 0.210, 0.180, 0.210, 0.194][0.066, 0.177, 0.758]
0.1953: [0.210, 0.220, 0.200, 0.200, 0.180, 0.210, 0.180, 0.210, 0.195][0.067, 0.178, 0.755]
0.19635: [0.210, 0.220, 0.200, 0.200, 0.180, 0.210, 0.180, 0.210, 0.196][0.069, 0.180, 0.752]
0.1974: [0.210, 0.220, 0.200, 0.200, 0.180, 0.210, 0.180, 0.210, 0.197][0.070, 0.181, 0.749]
0.19845: [0.210, 0.220, 0.200, 0.200, 0.180, 0.210, 0.180, 0.210, 0.198][0.072, 0.183, 0.745]
0.1995: [0.210, 0.220, 0.200, 0.200, 0.180, 0.210, 0.180, 0.210, 0.199][0.073, 0.184, 0.742]
0.20055: [0.210, 0.220, 0.200, 0.200, 0.180, 0.210, 0.180, 0.210, 0.201][0.075, 0.186, 0.739]
0.2016: [0.210, 0.220, 0.200, 0.200, 0.180, 0.210, 0.180, 0.210, 0.202][0.077, 0.188, 0.735]
0.20265: [0.210, 0.220, 0.200, 0.200, 0.180, 0.210, 0.180, 0.210, 0.203][0.079, 0.189, 0.732]
0.2037: [0.210, 0.220, 0.200, 0.200, 0.180, 0.210, 0.180, 0.210, 0.204][0.081, 0.191, 0.728]
0.20475: [0.210, 0.220, 0.200, 0.200, 0.180, 0.210, 0.180, 0.210, 0.205][0.083, 0.193, 0.725]
0.2058: [0.210, 0.220, 0.200, 0.200, 0.180, 0.210, 0.180, 0.210, 0.206][0.085, 0.194, 0.721]
0.20685: [0.210, 0.220, 0.200, 0.200, 0.180, 0.210, 0.180, 0.210, 0.207][0.087, 0.196, 0.717]
0.2079: [0.210, 0.220, 0.200, 0.200, 0.180, 0.210, 0.180, 0.210, 0.208][0.090, 0.198, 0.713]
0.20895: [0.210, 0.220, 0.200, 0.200, 0.180, 0.210, 0.180, 0.210, 0.209][0.092, 0.199, 0.709]
0.21: [0.210, 0.220, 0.200, 0.200, 0.180, 0.210, 0.180, 0.210, 0.210][0.095, 0.201, 0.705]
0.21105: [0.210, 0.220, 0.200, 0.200, 0.180, 0.210, 0.180, 0.210, 0.211][0.097, 0.203, 0.700]
0.2121: [0.210, 0.220, 0.200, 0.200, 0.180, 0.210, 0.180, 0.210, 0.212][0.100, 0.204, 0.696]
0.21315: [0.210, 0.220, 0.200, 0.200, 0.180, 0.210, 0.180, 0.210, 0.213][0.103, 0.206, 0.691]
0.2142: [0.210, 0.220, 0.200, 0.200, 0.180, 0.210, 0.180, 0.210, 0.214][0.106, 0.207, 0.687]
0.21525: [0.210, 0.220, 0.200, 0.200, 0.180, 0.210, 0.180, 0.210, 0.215][0.109, 0.209, 0.682]
0.2163: [0.210, 0.220, 0.200, 0.200, 0.180, 0.210, 0.180, 0.210, 0.216][0.112, 0.211, 0.677]
0.21735: [0.210, 0.220, 0.200, 0.200, 0.180, 0.210, 0.180, 0.210, 0.217][0.116, 0.212, 0.672]
0.2184: [0.210, 0.220, 0.200, 0.200, 0.180, 0.210, 0.180, 0.210, 0.218][0.119, 0.214, 0.667]
0.21945: [0.210, 0.220, 0.200, 0.200, 0.180, 0.210, 0.180, 0.210, 0.219][0.123, 0.215, 0.662]
0.2205: [0.210, 0.220, 0.200, 0.200, 0.180, 0.210, 0.180, 0.210, 0.220][0.127, 0.217, 0.657]
0.22155: [0.210, 0.220, 0.200, 0.200, 0.180, 0.210, 0.180, 0.210, 0.222][0.131, 0.218, 0.651]
0.2226: [0.210, 0.220, 0.200, 0.200, 0.180, 0.210, 0.180, 0.210, 0.223][0.135, 0.219, 0.646]
0.22365: [0.210, 0.220, 0.200, 0.200, 0.180, 0.210, 0.180, 0.210, 0.224][0.139, 0.221, 0.640]
0.2247: [0.210, 0.220, 0.200, 0.200, 0.180, 0.210, 0.180, 0.210, 0.225][0.143, 0.222, 0.635]
0.22575: [0.210, 0.220, 0.200, 0.200, 0.180, 0.210, 0.180, 0.210, 0.226][0.148, 0.223, 0.629]
0.2268: [0.210, 0.220, 0.200, 0.200, 0.180, 0.210, 0.180, 0.210, 0.227][0.153, 0.224, 0.623]
0.22785: [0.210, 0.220, 0.200, 0.200, 0.180, 0.210, 0.180, 0.210, 0.228][0.158, 0.225, 0.617]
0.2289: [0.210, 0.220, 0.200, 0.200, 0.180, 0.210, 0.180, 0.210, 0.229][0.163, 0.226, 0.611]
0.22995: [0.210, 0.220, 0.200, 0.200, 0.180, 0.210, 0.180, 0.210, 0.230][0.168, 0.227, 0.605]
0.231: [0.210, 0.220, 0.200, 0.200, 0.180, 0.210, 0.180, 0.210, 0.231][0.174, 0.228, 0.598]
