Loading Model: level_list/m1_100/tick_list/AGM/class/models/model.h5
history_filename: history_recent/AGM/history.json
Yesterday        : 2017-08-23: OHLCV: 65.9200, 67.0500, 65.8500, 66.1000, 41884
UberYesterday    : 2017-08-22: OHLCV: 66.3900, 66.9200, 65.8000, 66.4400, 38759
[u'65.9200', u'67.0500', u'65.8500', u'66.1000', u'41884']
[u'66.3900', u'66.9200', u'65.8000', u'66.4400', u'38759']
question_base :[66.39, 66.92, 65.8, 66.44, 65.92, 67.05, 65.85, 66.1]
59.49: [66.390, 66.920, 65.800, 66.440, 65.920, 67.050, 65.850, 66.100, 59.490][0.194, 0.197, 0.609]
59.8205: [66.390, 66.920, 65.800, 66.440, 65.920, 67.050, 65.850, 66.100, 59.820][0.194, 0.197, 0.609]
60.151: [66.390, 66.920, 65.800, 66.440, 65.920, 67.050, 65.850, 66.100, 60.151][0.194, 0.197, 0.609]
60.4815: [66.390, 66.920, 65.800, 66.440, 65.920, 67.050, 65.850, 66.100, 60.481][0.194, 0.197, 0.609]
60.812: [66.390, 66.920, 65.800, 66.440, 65.920, 67.050, 65.850, 66.100, 60.812][0.194, 0.197, 0.609]
61.1425: [66.390, 66.920, 65.800, 66.440, 65.920, 67.050, 65.850, 66.100, 61.142][0.194, 0.197, 0.609]
61.473: [66.390, 66.920, 65.800, 66.440, 65.920, 67.050, 65.850, 66.100, 61.473][0.194, 0.197, 0.609]
61.8035: [66.390, 66.920, 65.800, 66.440, 65.920, 67.050, 65.850, 66.100, 61.803][0.194, 0.197, 0.609]
62.134: [66.390, 66.920, 65.800, 66.440, 65.920, 67.050, 65.850, 66.100, 62.134][0.194, 0.198, 0.609]
62.4645: [66.390, 66.920, 65.800, 66.440, 65.920, 67.050, 65.850, 66.100, 62.465][0.194, 0.198, 0.609]
62.795: [66.390, 66.920, 65.800, 66.440, 65.920, 67.050, 65.850, 66.100, 62.795][0.194, 0.198, 0.608]
63.1255: [66.390, 66.920, 65.800, 66.440, 65.920, 67.050, 65.850, 66.100, 63.126][0.194, 0.198, 0.608]
63.456: [66.390, 66.920, 65.800, 66.440, 65.920, 67.050, 65.850, 66.100, 63.456][0.194, 0.199, 0.607]
63.7865: [66.390, 66.920, 65.800, 66.440, 65.920, 67.050, 65.850, 66.100, 63.787][0.195, 0.203, 0.602]
64.117: [66.390, 66.920, 65.800, 66.440, 65.920, 67.050, 65.850, 66.100, 64.117][0.198, 0.224, 0.577]
64.4475: [66.390, 66.920, 65.800, 66.440, 65.920, 67.050, 65.850, 66.100, 64.448][0.268, 0.348, 0.384]
64.778: [66.390, 66.920, 65.800, 66.440, 65.920, 67.050, 65.850, 66.100, 64.778][0.360, 0.390, 0.250]
65.1085: [66.390, 66.920, 65.800, 66.440, 65.920, 67.050, 65.850, 66.100, 65.109][0.343, 0.401, 0.257]
65.439: [66.390, 66.920, 65.800, 66.440, 65.920, 67.050, 65.850, 66.100, 65.439][0.353, 0.397, 0.250]
65.7695: [66.390, 66.920, 65.800, 66.440, 65.920, 67.050, 65.850, 66.100, 65.770][0.380, 0.384, 0.236]
66.1: [66.390, 66.920, 65.800, 66.440, 65.920, 67.050, 65.850, 66.100, 66.100][0.428, 0.357, 0.215]
66.4305: [66.390, 66.920, 65.800, 66.440, 65.920, 67.050, 65.850, 66.100, 66.431][0.496, 0.315, 0.189]
66.761: [66.390, 66.920, 65.800, 66.440, 65.920, 67.050, 65.850, 66.100, 66.761][0.575, 0.264, 0.161]
67.0915: [66.390, 66.920, 65.800, 66.440, 65.920, 67.050, 65.850, 66.100, 67.092][0.648, 0.218, 0.134]
67.422: [66.390, 66.920, 65.800, 66.440, 65.920, 67.050, 65.850, 66.100, 67.422][0.704, 0.182, 0.114]
67.7525: [66.390, 66.920, 65.800, 66.440, 65.920, 67.050, 65.850, 66.100, 67.753][0.742, 0.158, 0.100]
68.083: [66.390, 66.920, 65.800, 66.440, 65.920, 67.050, 65.850, 66.100, 68.083][0.768, 0.141, 0.091]
68.4135: [66.390, 66.920, 65.800, 66.440, 65.920, 67.050, 65.850, 66.100, 68.414][0.784, 0.131, 0.085]
68.744: [66.390, 66.920, 65.800, 66.440, 65.920, 67.050, 65.850, 66.100, 68.744][0.795, 0.124, 0.081]
69.0745: [66.390, 66.920, 65.800, 66.440, 65.920, 67.050, 65.850, 66.100, 69.075][0.802, 0.120, 0.078]
69.405: [66.390, 66.920, 65.800, 66.440, 65.920, 67.050, 65.850, 66.100, 69.405][0.806, 0.117, 0.077]
69.7355: [66.390, 66.920, 65.800, 66.440, 65.920, 67.050, 65.850, 66.100, 69.736][0.809, 0.116, 0.076]
70.066: [66.390, 66.920, 65.800, 66.440, 65.920, 67.050, 65.850, 66.100, 70.066][0.810, 0.115, 0.075]
70.3965: [66.390, 66.920, 65.800, 66.440, 65.920, 67.050, 65.850, 66.100, 70.397][0.812, 0.114, 0.075]
70.727: [66.390, 66.920, 65.800, 66.440, 65.920, 67.050, 65.850, 66.100, 70.727][0.812, 0.113, 0.074]
71.0575: [66.390, 66.920, 65.800, 66.440, 65.920, 67.050, 65.850, 66.100, 71.058][0.813, 0.113, 0.074]
71.388: [66.390, 66.920, 65.800, 66.440, 65.920, 67.050, 65.850, 66.100, 71.388][0.813, 0.113, 0.074]
71.7185: [66.390, 66.920, 65.800, 66.440, 65.920, 67.050, 65.850, 66.100, 71.719][0.813, 0.113, 0.074]
72.049: [66.390, 66.920, 65.800, 66.440, 65.920, 67.050, 65.850, 66.100, 72.049][0.814, 0.113, 0.074]
72.3795: [66.390, 66.920, 65.800, 66.440, 65.920, 67.050, 65.850, 66.100, 72.380][0.814, 0.113, 0.074]
