Loading Model: level_list/m1_100/tick_list/APOG/class/models/model.h5
history_filename: history_recent/APOG/history.json
Yesterday        : 2017-08-23: OHLCV: 45.6200, 46.3400, 40.0300, 41.0100, 2220834
UberYesterday    : 2017-08-22: OHLCV: 47.1400, 47.1800, 46.0600, 47.0100, 547850
[u'45.6200', u'46.3400', u'40.0300', u'41.0100', u'2220834']
[u'47.1400', u'47.1800', u'46.0600', u'47.0100', u'547850']
question_base :[47.14, 47.18, 46.06, 47.01, 45.62, 46.34, 40.03, 41.01]
36.909: [47.140, 47.180, 46.060, 47.010, 45.620, 46.340, 40.030, 41.010, 36.909][0.011, 0.006, 0.983]
37.11405: [47.140, 47.180, 46.060, 47.010, 45.620, 46.340, 40.030, 41.010, 37.114][0.011, 0.006, 0.983]
37.3191: [47.140, 47.180, 46.060, 47.010, 45.620, 46.340, 40.030, 41.010, 37.319][0.011, 0.006, 0.983]
37.52415: [47.140, 47.180, 46.060, 47.010, 45.620, 46.340, 40.030, 41.010, 37.524][0.011, 0.006, 0.983]
37.7292: [47.140, 47.180, 46.060, 47.010, 45.620, 46.340, 40.030, 41.010, 37.729][0.011, 0.006, 0.983]
37.93425: [47.140, 47.180, 46.060, 47.010, 45.620, 46.340, 40.030, 41.010, 37.934][0.011, 0.006, 0.983]
38.1393: [47.140, 47.180, 46.060, 47.010, 45.620, 46.340, 40.030, 41.010, 38.139][0.011, 0.006, 0.983]
38.34435: [47.140, 47.180, 46.060, 47.010, 45.620, 46.340, 40.030, 41.010, 38.344][0.011, 0.006, 0.983]
38.5494: [47.140, 47.180, 46.060, 47.010, 45.620, 46.340, 40.030, 41.010, 38.549][0.011, 0.006, 0.983]
38.75445: [47.140, 47.180, 46.060, 47.010, 45.620, 46.340, 40.030, 41.010, 38.754][0.011, 0.006, 0.983]
38.9595: [47.140, 47.180, 46.060, 47.010, 45.620, 46.340, 40.030, 41.010, 38.959][0.011, 0.006, 0.983]
39.16455: [47.140, 47.180, 46.060, 47.010, 45.620, 46.340, 40.030, 41.010, 39.165][0.011, 0.006, 0.982]
39.3696: [47.140, 47.180, 46.060, 47.010, 45.620, 46.340, 40.030, 41.010, 39.370][0.011, 0.006, 0.982]
39.57465: [47.140, 47.180, 46.060, 47.010, 45.620, 46.340, 40.030, 41.010, 39.575][0.011, 0.007, 0.982]
39.7797: [47.140, 47.180, 46.060, 47.010, 45.620, 46.340, 40.030, 41.010, 39.780][0.012, 0.007, 0.982]
39.98475: [47.140, 47.180, 46.060, 47.010, 45.620, 46.340, 40.030, 41.010, 39.985][0.012, 0.007, 0.981]
40.1898: [47.140, 47.180, 46.060, 47.010, 45.620, 46.340, 40.030, 41.010, 40.190][0.013, 0.007, 0.980]
40.39485: [47.140, 47.180, 46.060, 47.010, 45.620, 46.340, 40.030, 41.010, 40.395][0.014, 0.008, 0.978]
40.5999: [47.140, 47.180, 46.060, 47.010, 45.620, 46.340, 40.030, 41.010, 40.600][0.015, 0.009, 0.975]
40.80495: [47.140, 47.180, 46.060, 47.010, 45.620, 46.340, 40.030, 41.010, 40.805][0.018, 0.012, 0.970]
41.01: [47.140, 47.180, 46.060, 47.010, 45.620, 46.340, 40.030, 41.010, 41.010][0.023, 0.017, 0.959]
41.21505: [47.140, 47.180, 46.060, 47.010, 45.620, 46.340, 40.030, 41.010, 41.215][0.037, 0.033, 0.930]
41.4201: [47.140, 47.180, 46.060, 47.010, 45.620, 46.340, 40.030, 41.010, 41.420][0.077, 0.092, 0.831]
41.62515: [47.140, 47.180, 46.060, 47.010, 45.620, 46.340, 40.030, 41.010, 41.625][0.162, 0.285, 0.553]
41.8302: [47.140, 47.180, 46.060, 47.010, 45.620, 46.340, 40.030, 41.010, 41.830][0.251, 0.470, 0.279]
42.03525: [47.140, 47.180, 46.060, 47.010, 45.620, 46.340, 40.030, 41.010, 42.035][0.402, 0.446, 0.152]
42.2403: [47.140, 47.180, 46.060, 47.010, 45.620, 46.340, 40.030, 41.010, 42.240][0.512, 0.382, 0.106]
42.44535: [47.140, 47.180, 46.060, 47.010, 45.620, 46.340, 40.030, 41.010, 42.445][0.546, 0.360, 0.094]
42.6504: [47.140, 47.180, 46.060, 47.010, 45.620, 46.340, 40.030, 41.010, 42.650][0.555, 0.353, 0.091]
42.85545: [47.140, 47.180, 46.060, 47.010, 45.620, 46.340, 40.030, 41.010, 42.855][0.559, 0.351, 0.090]
43.0605: [47.140, 47.180, 46.060, 47.010, 45.620, 46.340, 40.030, 41.010, 43.060][0.560, 0.350, 0.090]
43.26555: [47.140, 47.180, 46.060, 47.010, 45.620, 46.340, 40.030, 41.010, 43.266][0.560, 0.350, 0.090]
43.4706: [47.140, 47.180, 46.060, 47.010, 45.620, 46.340, 40.030, 41.010, 43.471][0.561, 0.350, 0.090]
43.67565: [47.140, 47.180, 46.060, 47.010, 45.620, 46.340, 40.030, 41.010, 43.676][0.561, 0.350, 0.090]
43.8807: [47.140, 47.180, 46.060, 47.010, 45.620, 46.340, 40.030, 41.010, 43.881][0.561, 0.349, 0.089]
44.08575: [47.140, 47.180, 46.060, 47.010, 45.620, 46.340, 40.030, 41.010, 44.086][0.561, 0.349, 0.089]
44.2908: [47.140, 47.180, 46.060, 47.010, 45.620, 46.340, 40.030, 41.010, 44.291][0.561, 0.349, 0.089]
44.49585: [47.140, 47.180, 46.060, 47.010, 45.620, 46.340, 40.030, 41.010, 44.496][0.561, 0.349, 0.089]
44.7009: [47.140, 47.180, 46.060, 47.010, 45.620, 46.340, 40.030, 41.010, 44.701][0.561, 0.349, 0.089]
44.90595: [47.140, 47.180, 46.060, 47.010, 45.620, 46.340, 40.030, 41.010, 44.906][0.561, 0.349, 0.089]
45.111: [47.140, 47.180, 46.060, 47.010, 45.620, 46.340, 40.030, 41.010, 45.111][0.561, 0.349, 0.089]
