Loading Model: level_list/m1_100/tick_list/ATW/class/models/model.h5
history_filename: history_recent/ATW/history.json
Yesterday        : 2017-08-23: OHLCV: 6.3500, 6.6300, 6.2200, 6.5900, 5163681
UberYesterday    : 2017-08-22: OHLCV: 6.1200, 6.5000, 6.1000, 6.4000, 5571700
[u'6.3500', u'6.6300', u'6.2200', u'6.5900', u'5163681']
[u'6.1200', u'6.5000', u'6.1000', u'6.4000', u'5571700']
question_base :[6.12, 6.5, 6.1, 6.4, 6.35, 6.63, 6.22, 6.59]
5.931: [6.120, 6.500, 6.100, 6.400, 6.350, 6.630, 6.220, 6.590, 5.931][0.057, 0.121, 0.821]
5.96395: [6.120, 6.500, 6.100, 6.400, 6.350, 6.630, 6.220, 6.590, 5.964][0.057, 0.121, 0.822]
5.9969: [6.120, 6.500, 6.100, 6.400, 6.350, 6.630, 6.220, 6.590, 5.997][0.057, 0.121, 0.822]
6.02985: [6.120, 6.500, 6.100, 6.400, 6.350, 6.630, 6.220, 6.590, 6.030][0.057, 0.121, 0.822]
6.0628: [6.120, 6.500, 6.100, 6.400, 6.350, 6.630, 6.220, 6.590, 6.063][0.057, 0.121, 0.822]
6.09575: [6.120, 6.500, 6.100, 6.400, 6.350, 6.630, 6.220, 6.590, 6.096][0.057, 0.121, 0.822]
6.1287: [6.120, 6.500, 6.100, 6.400, 6.350, 6.630, 6.220, 6.590, 6.129][0.057, 0.121, 0.822]
6.16165: [6.120, 6.500, 6.100, 6.400, 6.350, 6.630, 6.220, 6.590, 6.162][0.057, 0.121, 0.822]
6.1946: [6.120, 6.500, 6.100, 6.400, 6.350, 6.630, 6.220, 6.590, 6.195][0.057, 0.121, 0.822]
6.22755: [6.120, 6.500, 6.100, 6.400, 6.350, 6.630, 6.220, 6.590, 6.228][0.057, 0.121, 0.822]
6.2605: [6.120, 6.500, 6.100, 6.400, 6.350, 6.630, 6.220, 6.590, 6.260][0.057, 0.121, 0.822]
6.29345: [6.120, 6.500, 6.100, 6.400, 6.350, 6.630, 6.220, 6.590, 6.293][0.057, 0.121, 0.822]
6.3264: [6.120, 6.500, 6.100, 6.400, 6.350, 6.630, 6.220, 6.590, 6.326][0.057, 0.121, 0.822]
6.35935: [6.120, 6.500, 6.100, 6.400, 6.350, 6.630, 6.220, 6.590, 6.359][0.057, 0.121, 0.822]
6.3923: [6.120, 6.500, 6.100, 6.400, 6.350, 6.630, 6.220, 6.590, 6.392][0.057, 0.121, 0.822]
6.42525: [6.120, 6.500, 6.100, 6.400, 6.350, 6.630, 6.220, 6.590, 6.425][0.057, 0.121, 0.822]
6.4582: [6.120, 6.500, 6.100, 6.400, 6.350, 6.630, 6.220, 6.590, 6.458][0.057, 0.121, 0.822]
6.49115: [6.120, 6.500, 6.100, 6.400, 6.350, 6.630, 6.220, 6.590, 6.491][0.057, 0.121, 0.822]
6.5241: [6.120, 6.500, 6.100, 6.400, 6.350, 6.630, 6.220, 6.590, 6.524][0.057, 0.121, 0.822]
6.55705: [6.120, 6.500, 6.100, 6.400, 6.350, 6.630, 6.220, 6.590, 6.557][0.057, 0.121, 0.822]
6.59: [6.120, 6.500, 6.100, 6.400, 6.350, 6.630, 6.220, 6.590, 6.590][0.057, 0.121, 0.822]
6.62295: [6.120, 6.500, 6.100, 6.400, 6.350, 6.630, 6.220, 6.590, 6.623][0.057, 0.121, 0.822]
6.6559: [6.120, 6.500, 6.100, 6.400, 6.350, 6.630, 6.220, 6.590, 6.656][0.057, 0.121, 0.822]
6.68885: [6.120, 6.500, 6.100, 6.400, 6.350, 6.630, 6.220, 6.590, 6.689][0.057, 0.121, 0.822]
6.7218: [6.120, 6.500, 6.100, 6.400, 6.350, 6.630, 6.220, 6.590, 6.722][0.057, 0.121, 0.822]
6.75475: [6.120, 6.500, 6.100, 6.400, 6.350, 6.630, 6.220, 6.590, 6.755][0.057, 0.121, 0.822]
6.7877: [6.120, 6.500, 6.100, 6.400, 6.350, 6.630, 6.220, 6.590, 6.788][0.057, 0.121, 0.822]
6.82065: [6.120, 6.500, 6.100, 6.400, 6.350, 6.630, 6.220, 6.590, 6.821][0.057, 0.121, 0.821]
6.8536: [6.120, 6.500, 6.100, 6.400, 6.350, 6.630, 6.220, 6.590, 6.854][0.057, 0.121, 0.821]
6.88655: [6.120, 6.500, 6.100, 6.400, 6.350, 6.630, 6.220, 6.590, 6.887][0.057, 0.121, 0.821]
6.9195: [6.120, 6.500, 6.100, 6.400, 6.350, 6.630, 6.220, 6.590, 6.919][0.058, 0.122, 0.821]
6.95245: [6.120, 6.500, 6.100, 6.400, 6.350, 6.630, 6.220, 6.590, 6.952][0.058, 0.122, 0.821]
6.9854: [6.120, 6.500, 6.100, 6.400, 6.350, 6.630, 6.220, 6.590, 6.985][0.058, 0.122, 0.820]
7.01835: [6.120, 6.500, 6.100, 6.400, 6.350, 6.630, 6.220, 6.590, 7.018][0.058, 0.122, 0.820]
7.0513: [6.120, 6.500, 6.100, 6.400, 6.350, 6.630, 6.220, 6.590, 7.051][0.058, 0.122, 0.820]
7.08425: [6.120, 6.500, 6.100, 6.400, 6.350, 6.630, 6.220, 6.590, 7.084][0.058, 0.123, 0.819]
7.1172: [6.120, 6.500, 6.100, 6.400, 6.350, 6.630, 6.220, 6.590, 7.117][0.058, 0.123, 0.819]
7.15015: [6.120, 6.500, 6.100, 6.400, 6.350, 6.630, 6.220, 6.590, 7.150][0.058, 0.124, 0.818]
7.1831: [6.120, 6.500, 6.100, 6.400, 6.350, 6.630, 6.220, 6.590, 7.183][0.058, 0.124, 0.818]
7.21605: [6.120, 6.500, 6.100, 6.400, 6.350, 6.630, 6.220, 6.590, 7.216][0.059, 0.124, 0.817]
7.249: [6.120, 6.500, 6.100, 6.400, 6.350, 6.630, 6.220, 6.590, 7.249][0.059, 0.125, 0.816]
