Loading Model: level_list/m1_100/tick_list/DXPE/class/models/model.h5
history_filename: history_recent/DXPE/history.json
Yesterday        : 2017-08-23: OHLCV: 25.6900, 26.0400, 25.6700, 25.9600, 68259
UberYesterday    : 2017-08-22: OHLCV: 25.4800, 26.0900, 25.4800, 26.0100, 63060
[u'25.6900', u'26.0400', u'25.6700', u'25.9600', u'68259']
[u'25.4800', u'26.0900', u'25.4800', u'26.0100', u'63060']
question_base :[25.48, 26.09, 25.48, 26.01, 25.69, 26.04, 25.67, 25.96]
23.364: [25.480, 26.090, 25.480, 26.010, 25.690, 26.040, 25.670, 25.960, 23.364][0.074, 0.677, 0.249]
23.4938: [25.480, 26.090, 25.480, 26.010, 25.690, 26.040, 25.670, 25.960, 23.494][0.074, 0.677, 0.249]
23.6236: [25.480, 26.090, 25.480, 26.010, 25.690, 26.040, 25.670, 25.960, 23.624][0.074, 0.676, 0.250]
23.7534: [25.480, 26.090, 25.480, 26.010, 25.690, 26.040, 25.670, 25.960, 23.753][0.075, 0.675, 0.250]
23.8832: [25.480, 26.090, 25.480, 26.010, 25.690, 26.040, 25.670, 25.960, 23.883][0.075, 0.674, 0.251]
24.013: [25.480, 26.090, 25.480, 26.010, 25.690, 26.040, 25.670, 25.960, 24.013][0.075, 0.673, 0.252]
24.1428: [25.480, 26.090, 25.480, 26.010, 25.690, 26.040, 25.670, 25.960, 24.143][0.075, 0.672, 0.253]
24.2726: [25.480, 26.090, 25.480, 26.010, 25.690, 26.040, 25.670, 25.960, 24.273][0.075, 0.671, 0.253]
24.4024: [25.480, 26.090, 25.480, 26.010, 25.690, 26.040, 25.670, 25.960, 24.402][0.075, 0.670, 0.254]
24.5322: [25.480, 26.090, 25.480, 26.010, 25.690, 26.040, 25.670, 25.960, 24.532][0.075, 0.669, 0.255]
24.662: [25.480, 26.090, 25.480, 26.010, 25.690, 26.040, 25.670, 25.960, 24.662][0.076, 0.668, 0.256]
24.7918: [25.480, 26.090, 25.480, 26.010, 25.690, 26.040, 25.670, 25.960, 24.792][0.076, 0.667, 0.257]
24.9216: [25.480, 26.090, 25.480, 26.010, 25.690, 26.040, 25.670, 25.960, 24.922][0.076, 0.666, 0.258]
25.0514: [25.480, 26.090, 25.480, 26.010, 25.690, 26.040, 25.670, 25.960, 25.051][0.076, 0.665, 0.259]
25.1812: [25.480, 26.090, 25.480, 26.010, 25.690, 26.040, 25.670, 25.960, 25.181][0.076, 0.664, 0.260]
25.311: [25.480, 26.090, 25.480, 26.010, 25.690, 26.040, 25.670, 25.960, 25.311][0.077, 0.663, 0.261]
25.4408: [25.480, 26.090, 25.480, 26.010, 25.690, 26.040, 25.670, 25.960, 25.441][0.077, 0.662, 0.261]
25.5706: [25.480, 26.090, 25.480, 26.010, 25.690, 26.040, 25.670, 25.960, 25.571][0.077, 0.660, 0.262]
25.7004: [25.480, 26.090, 25.480, 26.010, 25.690, 26.040, 25.670, 25.960, 25.700][0.077, 0.659, 0.263]
25.8302: [25.480, 26.090, 25.480, 26.010, 25.690, 26.040, 25.670, 25.960, 25.830][0.078, 0.658, 0.264]
25.96: [25.480, 26.090, 25.480, 26.010, 25.690, 26.040, 25.670, 25.960, 25.960][0.078, 0.657, 0.265]
26.0898: [25.480, 26.090, 25.480, 26.010, 25.690, 26.040, 25.670, 25.960, 26.090][0.078, 0.657, 0.265]
26.2196: [25.480, 26.090, 25.480, 26.010, 25.690, 26.040, 25.670, 25.960, 26.220][0.079, 0.656, 0.266]
26.3494: [25.480, 26.090, 25.480, 26.010, 25.690, 26.040, 25.670, 25.960, 26.349][0.079, 0.655, 0.266]
26.4792: [25.480, 26.090, 25.480, 26.010, 25.690, 26.040, 25.670, 25.960, 26.479][0.079, 0.654, 0.266]
26.609: [25.480, 26.090, 25.480, 26.010, 25.690, 26.040, 25.670, 25.960, 26.609][0.080, 0.654, 0.266]
26.7388: [25.480, 26.090, 25.480, 26.010, 25.690, 26.040, 25.670, 25.960, 26.739][0.080, 0.653, 0.266]
26.8686: [25.480, 26.090, 25.480, 26.010, 25.690, 26.040, 25.670, 25.960, 26.869][0.081, 0.653, 0.266]
26.9984: [25.480, 26.090, 25.480, 26.010, 25.690, 26.040, 25.670, 25.960, 26.998][0.081, 0.653, 0.266]
27.1282: [25.480, 26.090, 25.480, 26.010, 25.690, 26.040, 25.670, 25.960, 27.128][0.082, 0.653, 0.265]
27.258: [25.480, 26.090, 25.480, 26.010, 25.690, 26.040, 25.670, 25.960, 27.258][0.083, 0.653, 0.265]
27.3878: [25.480, 26.090, 25.480, 26.010, 25.690, 26.040, 25.670, 25.960, 27.388][0.084, 0.653, 0.264]
27.5176: [25.480, 26.090, 25.480, 26.010, 25.690, 26.040, 25.670, 25.960, 27.518][0.084, 0.653, 0.263]
27.6474: [25.480, 26.090, 25.480, 26.010, 25.690, 26.040, 25.670, 25.960, 27.647][0.086, 0.653, 0.261]
27.7772: [25.480, 26.090, 25.480, 26.010, 25.690, 26.040, 25.670, 25.960, 27.777][0.087, 0.653, 0.260]
27.907: [25.480, 26.090, 25.480, 26.010, 25.690, 26.040, 25.670, 25.960, 27.907][0.089, 0.653, 0.258]
28.0368: [25.480, 26.090, 25.480, 26.010, 25.690, 26.040, 25.670, 25.960, 28.037][0.091, 0.653, 0.257]
28.1666: [25.480, 26.090, 25.480, 26.010, 25.690, 26.040, 25.670, 25.960, 28.167][0.093, 0.652, 0.255]
28.2964: [25.480, 26.090, 25.480, 26.010, 25.690, 26.040, 25.670, 25.960, 28.296][0.096, 0.650, 0.254]
28.4262: [25.480, 26.090, 25.480, 26.010, 25.690, 26.040, 25.670, 25.960, 28.426][0.100, 0.647, 0.253]
28.556: [25.480, 26.090, 25.480, 26.010, 25.690, 26.040, 25.670, 25.960, 28.556][0.106, 0.642, 0.253]
