Loading Model: level_list/m1_100/tick_list/INSY/class/models/model.h5
history_filename: history_recent/INSY/history.json
Yesterday        : 2017-08-23: OHLCV: 8.9900, 9.2200, 8.9700, 9.0700, 270047
UberYesterday    : 2017-08-22: OHLCV: 9.0600, 9.1400, 8.9400, 9.0500, 307943
[u'8.9900', u'9.2200', u'8.9700', u'9.0700', u'270047']
[u'9.0600', u'9.1400', u'8.9400', u'9.0500', u'307943']
question_base :[9.06, 9.14, 8.94, 9.05, 8.99, 9.22, 8.97, 9.07]
8.163: [9.060, 9.140, 8.940, 9.050, 8.990, 9.220, 8.970, 9.070, 8.163][0.333, 0.400, 0.267]
8.20835: [9.060, 9.140, 8.940, 9.050, 8.990, 9.220, 8.970, 9.070, 8.208][0.333, 0.400, 0.267]
8.2537: [9.060, 9.140, 8.940, 9.050, 8.990, 9.220, 8.970, 9.070, 8.254][0.333, 0.400, 0.267]
8.29905: [9.060, 9.140, 8.940, 9.050, 8.990, 9.220, 8.970, 9.070, 8.299][0.333, 0.400, 0.267]
8.3444: [9.060, 9.140, 8.940, 9.050, 8.990, 9.220, 8.970, 9.070, 8.344][0.333, 0.400, 0.267]
8.38975: [9.060, 9.140, 8.940, 9.050, 8.990, 9.220, 8.970, 9.070, 8.390][0.333, 0.400, 0.267]
8.4351: [9.060, 9.140, 8.940, 9.050, 8.990, 9.220, 8.970, 9.070, 8.435][0.333, 0.400, 0.267]
8.48045: [9.060, 9.140, 8.940, 9.050, 8.990, 9.220, 8.970, 9.070, 8.480][0.333, 0.400, 0.267]
8.5258: [9.060, 9.140, 8.940, 9.050, 8.990, 9.220, 8.970, 9.070, 8.526][0.333, 0.400, 0.267]
8.57115: [9.060, 9.140, 8.940, 9.050, 8.990, 9.220, 8.970, 9.070, 8.571][0.333, 0.400, 0.267]
8.6165: [9.060, 9.140, 8.940, 9.050, 8.990, 9.220, 8.970, 9.070, 8.616][0.333, 0.400, 0.267]
8.66185: [9.060, 9.140, 8.940, 9.050, 8.990, 9.220, 8.970, 9.070, 8.662][0.333, 0.400, 0.267]
8.7072: [9.060, 9.140, 8.940, 9.050, 8.990, 9.220, 8.970, 9.070, 8.707][0.333, 0.400, 0.267]
8.75255: [9.060, 9.140, 8.940, 9.050, 8.990, 9.220, 8.970, 9.070, 8.753][0.333, 0.400, 0.267]
8.7979: [9.060, 9.140, 8.940, 9.050, 8.990, 9.220, 8.970, 9.070, 8.798][0.333, 0.400, 0.267]
8.84325: [9.060, 9.140, 8.940, 9.050, 8.990, 9.220, 8.970, 9.070, 8.843][0.333, 0.400, 0.267]
8.8886: [9.060, 9.140, 8.940, 9.050, 8.990, 9.220, 8.970, 9.070, 8.889][0.333, 0.400, 0.267]
8.93395: [9.060, 9.140, 8.940, 9.050, 8.990, 9.220, 8.970, 9.070, 8.934][0.333, 0.400, 0.267]
8.9793: [9.060, 9.140, 8.940, 9.050, 8.990, 9.220, 8.970, 9.070, 8.979][0.333, 0.400, 0.267]
9.02465: [9.060, 9.140, 8.940, 9.050, 8.990, 9.220, 8.970, 9.070, 9.025][0.333, 0.400, 0.267]
9.07: [9.060, 9.140, 8.940, 9.050, 8.990, 9.220, 8.970, 9.070, 9.070][0.333, 0.400, 0.267]
9.11535: [9.060, 9.140, 8.940, 9.050, 8.990, 9.220, 8.970, 9.070, 9.115][0.333, 0.400, 0.267]
9.1607: [9.060, 9.140, 8.940, 9.050, 8.990, 9.220, 8.970, 9.070, 9.161][0.333, 0.400, 0.267]
9.20605: [9.060, 9.140, 8.940, 9.050, 8.990, 9.220, 8.970, 9.070, 9.206][0.333, 0.400, 0.267]
9.2514: [9.060, 9.140, 8.940, 9.050, 8.990, 9.220, 8.970, 9.070, 9.251][0.333, 0.400, 0.267]
9.29675: [9.060, 9.140, 8.940, 9.050, 8.990, 9.220, 8.970, 9.070, 9.297][0.333, 0.400, 0.267]
9.3421: [9.060, 9.140, 8.940, 9.050, 8.990, 9.220, 8.970, 9.070, 9.342][0.333, 0.400, 0.267]
9.38745: [9.060, 9.140, 8.940, 9.050, 8.990, 9.220, 8.970, 9.070, 9.387][0.333, 0.400, 0.267]
9.4328: [9.060, 9.140, 8.940, 9.050, 8.990, 9.220, 8.970, 9.070, 9.433][0.333, 0.400, 0.267]
9.47815: [9.060, 9.140, 8.940, 9.050, 8.990, 9.220, 8.970, 9.070, 9.478][0.333, 0.400, 0.267]
9.5235: [9.060, 9.140, 8.940, 9.050, 8.990, 9.220, 8.970, 9.070, 9.523][0.333, 0.400, 0.267]
9.56885: [9.060, 9.140, 8.940, 9.050, 8.990, 9.220, 8.970, 9.070, 9.569][0.333, 0.400, 0.267]
9.6142: [9.060, 9.140, 8.940, 9.050, 8.990, 9.220, 8.970, 9.070, 9.614][0.333, 0.400, 0.267]
9.65955: [9.060, 9.140, 8.940, 9.050, 8.990, 9.220, 8.970, 9.070, 9.660][0.333, 0.400, 0.267]
9.7049: [9.060, 9.140, 8.940, 9.050, 8.990, 9.220, 8.970, 9.070, 9.705][0.333, 0.400, 0.267]
9.75025: [9.060, 9.140, 8.940, 9.050, 8.990, 9.220, 8.970, 9.070, 9.750][0.333, 0.400, 0.267]
9.7956: [9.060, 9.140, 8.940, 9.050, 8.990, 9.220, 8.970, 9.070, 9.796][0.333, 0.400, 0.267]
9.84095: [9.060, 9.140, 8.940, 9.050, 8.990, 9.220, 8.970, 9.070, 9.841][0.333, 0.400, 0.267]
9.8863: [9.060, 9.140, 8.940, 9.050, 8.990, 9.220, 8.970, 9.070, 9.886][0.333, 0.400, 0.267]
9.93165: [9.060, 9.140, 8.940, 9.050, 8.990, 9.220, 8.970, 9.070, 9.932][0.333, 0.400, 0.267]
9.977: [9.060, 9.140, 8.940, 9.050, 8.990, 9.220, 8.970, 9.070, 9.977][0.333, 0.400, 0.267]
