Loading Model: level_list/m1_100/tick_list/XONE/class/models/model.h5
history_filename: history_recent/XONE/history.json
Yesterday        : 2017-08-23: OHLCV: 7.6200, 8.0400, 7.5700, 8.0200, 251272
UberYesterday    : 2017-08-22: OHLCV: 7.4400, 7.6900, 7.3700, 7.6500, 212897
[u'7.6200', u'8.0400', u'7.5700', u'8.0200', u'251272']
[u'7.4400', u'7.6900', u'7.3700', u'7.6500', u'212897']
question_base :[7.44, 7.69, 7.37, 7.65, 7.62, 8.04, 7.57, 8.02]
7.218: [7.440, 7.690, 7.370, 7.650, 7.620, 8.040, 7.570, 8.020, 7.218][0.119, 0.170, 0.712]
7.2581: [7.440, 7.690, 7.370, 7.650, 7.620, 8.040, 7.570, 8.020, 7.258][0.119, 0.170, 0.712]
7.2982: [7.440, 7.690, 7.370, 7.650, 7.620, 8.040, 7.570, 8.020, 7.298][0.119, 0.170, 0.712]
7.3383: [7.440, 7.690, 7.370, 7.650, 7.620, 8.040, 7.570, 8.020, 7.338][0.119, 0.170, 0.712]
7.3784: [7.440, 7.690, 7.370, 7.650, 7.620, 8.040, 7.570, 8.020, 7.378][0.119, 0.170, 0.712]
7.4185: [7.440, 7.690, 7.370, 7.650, 7.620, 8.040, 7.570, 8.020, 7.418][0.119, 0.170, 0.712]
7.4586: [7.440, 7.690, 7.370, 7.650, 7.620, 8.040, 7.570, 8.020, 7.459][0.119, 0.170, 0.712]
7.4987: [7.440, 7.690, 7.370, 7.650, 7.620, 8.040, 7.570, 8.020, 7.499][0.119, 0.170, 0.712]
7.5388: [7.440, 7.690, 7.370, 7.650, 7.620, 8.040, 7.570, 8.020, 7.539][0.119, 0.170, 0.712]
7.5789: [7.440, 7.690, 7.370, 7.650, 7.620, 8.040, 7.570, 8.020, 7.579][0.119, 0.170, 0.712]
7.619: [7.440, 7.690, 7.370, 7.650, 7.620, 8.040, 7.570, 8.020, 7.619][0.119, 0.170, 0.712]
7.6591: [7.440, 7.690, 7.370, 7.650, 7.620, 8.040, 7.570, 8.020, 7.659][0.118, 0.170, 0.712]
7.6992: [7.440, 7.690, 7.370, 7.650, 7.620, 8.040, 7.570, 8.020, 7.699][0.118, 0.170, 0.712]
7.7393: [7.440, 7.690, 7.370, 7.650, 7.620, 8.040, 7.570, 8.020, 7.739][0.118, 0.170, 0.712]
7.7794: [7.440, 7.690, 7.370, 7.650, 7.620, 8.040, 7.570, 8.020, 7.779][0.118, 0.170, 0.712]
7.8195: [7.440, 7.690, 7.370, 7.650, 7.620, 8.040, 7.570, 8.020, 7.819][0.117, 0.172, 0.711]
7.8596: [7.440, 7.690, 7.370, 7.650, 7.620, 8.040, 7.570, 8.020, 7.860][0.116, 0.175, 0.709]
7.8997: [7.440, 7.690, 7.370, 7.650, 7.620, 8.040, 7.570, 8.020, 7.900][0.111, 0.187, 0.702]
7.9398: [7.440, 7.690, 7.370, 7.650, 7.620, 8.040, 7.570, 8.020, 7.940][0.099, 0.230, 0.670]
7.9799: [7.440, 7.690, 7.370, 7.650, 7.620, 8.040, 7.570, 8.020, 7.980][0.082, 0.357, 0.561]
8.02: [7.440, 7.690, 7.370, 7.650, 7.620, 8.040, 7.570, 8.020, 8.020][0.076, 0.520, 0.404]
8.0601: [7.440, 7.690, 7.370, 7.650, 7.620, 8.040, 7.570, 8.020, 8.060][0.100, 0.567, 0.332]
8.1002: [7.440, 7.690, 7.370, 7.650, 7.620, 8.040, 7.570, 8.020, 8.100][0.147, 0.538, 0.316]
8.1403: [7.440, 7.690, 7.370, 7.650, 7.620, 8.040, 7.570, 8.020, 8.140][0.199, 0.490, 0.310]
8.1804: [7.440, 7.690, 7.370, 7.650, 7.620, 8.040, 7.570, 8.020, 8.180][0.248, 0.446, 0.305]
8.2205: [7.440, 7.690, 7.370, 7.650, 7.620, 8.040, 7.570, 8.020, 8.220][0.288, 0.412, 0.300]
8.2606: [7.440, 7.690, 7.370, 7.650, 7.620, 8.040, 7.570, 8.020, 8.261][0.320, 0.386, 0.294]
8.3007: [7.440, 7.690, 7.370, 7.650, 7.620, 8.040, 7.570, 8.020, 8.301][0.344, 0.367, 0.289]
8.3408: [7.440, 7.690, 7.370, 7.650, 7.620, 8.040, 7.570, 8.020, 8.341][0.361, 0.353, 0.286]
8.3809: [7.440, 7.690, 7.370, 7.650, 7.620, 8.040, 7.570, 8.020, 8.381][0.375, 0.343, 0.282]
8.421: [7.440, 7.690, 7.370, 7.650, 7.620, 8.040, 7.570, 8.020, 8.421][0.385, 0.335, 0.280]
8.4611: [7.440, 7.690, 7.370, 7.650, 7.620, 8.040, 7.570, 8.020, 8.461][0.393, 0.329, 0.278]
8.5012: [7.440, 7.690, 7.370, 7.650, 7.620, 8.040, 7.570, 8.020, 8.501][0.399, 0.324, 0.277]
8.5413: [7.440, 7.690, 7.370, 7.650, 7.620, 8.040, 7.570, 8.020, 8.541][0.404, 0.321, 0.275]
8.5814: [7.440, 7.690, 7.370, 7.650, 7.620, 8.040, 7.570, 8.020, 8.581][0.407, 0.318, 0.275]
8.6215: [7.440, 7.690, 7.370, 7.650, 7.620, 8.040, 7.570, 8.020, 8.622][0.410, 0.316, 0.274]
8.6616: [7.440, 7.690, 7.370, 7.650, 7.620, 8.040, 7.570, 8.020, 8.662][0.412, 0.314, 0.273]
8.7017: [7.440, 7.690, 7.370, 7.650, 7.620, 8.040, 7.570, 8.020, 8.702][0.414, 0.313, 0.273]
8.7418: [7.440, 7.690, 7.370, 7.650, 7.620, 8.040, 7.570, 8.020, 8.742][0.416, 0.312, 0.272]
8.7819: [7.440, 7.690, 7.370, 7.650, 7.620, 8.040, 7.570, 8.020, 8.782][0.417, 0.311, 0.272]
