[[ 25.   3.   9.]
 [ 17.   2.   9.]
 [ 11.   4.  20.]]
cf_score, 27.0
nv_score, -7.0
ratio, 0.474747474747
[[ 22.   1.  12.]
 [ 20.   3.   9.]
 [ 10.   5.  18.]]
cf_score, 21.0
nv_score, -15.0
ratio, 0.434343434343
[[ 16.   2.  10.]
 [ 22.   4.   7.]
 [ 13.   2.  24.]]
cf_score, 21.0
nv_score, -3.0
ratio, 0.444444444444
[[ 19.   8.   6.]
 [ 16.   7.   9.]
 [ 12.   5.  18.]]
cf_score, 26.0
nv_score, -3.0
ratio, 0.444444444444
[[ 10.   7.   8.]
 [ 17.   9.  15.]
 [ 11.   4.  19.]]
cf_score, 19.0
nv_score, -12.0
ratio, 0.383838383838
[[  6.   9.   5.]
 [ 20.   7.   9.]
 [  7.   9.  28.]]
cf_score, 29.0
nv_score, 9.0
ratio, 0.414141414141
[[ 13.  12.  12.]
 [  9.  15.  13.]
 [  2.   5.  19.]]
cf_score, 33.0
nv_score, -18.0
ratio, 0.474747474747
[[ 13.  13.  10.]
 [ 14.  18.   7.]
 [  4.   6.  15.]]
cf_score, 32.0
nv_score, -12.0
ratio, 0.464646464646
[[ 11.  13.  13.]
 [ 14.   7.   6.]
 [  8.   9.  19.]]
cf_score, 16.0
nv_score, -13.0
ratio, 0.373737373737
[[ 13.   9.  11.]
 [  9.  15.  10.]
 [  7.   5.  21.]]
cf_score, 31.0
nv_score, -11.0
ratio, 0.494949494949
[[  7.  17.   9.]
 [  5.  14.  17.]
 [  1.   6.  24.]]
cf_score, 35.0
nv_score, -11.0
ratio, 0.454545454545
[[ 15.  13.  10.]
 [ 10.   9.  15.]
 [  4.   8.  16.]]
cf_score, 26.0
nv_score, -19.0
ratio, 0.40404040404
[[ 14.  14.   9.]
 [  4.  11.  13.]
 [  5.  11.  19.]]
cf_score, 30.0
nv_score, -12.0
ratio, 0.444444444444
[[ 11.  11.   7.]
 [ 12.   7.  11.]
 [  9.   8.  24.]]
cf_score, 26.0
nv_score, -1.0
ratio, 0.424242424242
[[ 19.  13.   8.]
 [  7.   9.   7.]
 [ 11.   6.  20.]]
cf_score, 29.0
nv_score, -3.0
ratio, 0.484848484848
[[  8.  14.   9.]
 [ 12.  10.  10.]
 [  5.  11.  21.]]
cf_score, 25.0
nv_score, -7.0
ratio, 0.393939393939
[[ 13.  12.  11.]
 [ 14.   9.   8.]
 [  5.   7.  21.]]
cf_score, 27.0
nv_score, -9.0
ratio, 0.434343434343
[[  7.  14.   8.]
 [  8.  15.  12.]
 [  6.  13.  17.]]
cf_score, 25.0
nv_score, -11.0
ratio, 0.393939393939
[[ 12.  10.  11.]
 [  7.  11.  20.]
 [  3.   5.  21.]]
cf_score, 30.0
nv_score, -21.0
ratio, 0.444444444444
[[ 19.   7.   7.]
 [ 13.  11.   9.]
 [  9.   5.  20.]]
cf_score, 34.0
nv_score, -3.0
ratio, 0.505050505051
[[ 14.  13.   5.]
 [ 10.  15.   9.]
 [  5.   9.  20.]]
cf_score, 39.0
nv_score, 1.0
ratio, 0.494949494949
[[ 14.  11.   9.]
 [  7.  17.  13.]
 [  1.   6.  22.]]
cf_score, 43.0
nv_score, -9.0
ratio, 0.535353535354
[[ 14.  15.  10.]
 [  9.  17.   8.]
 [  3.   9.  15.]]
cf_score, 33.0
nv_score, -13.0
ratio, 0.464646464646
[[ 22.   8.   8.]
 [ 13.  14.   6.]
 [  5.   8.  16.]]
cf_score, 39.0
nv_score, -6.0
ratio, 0.525252525253
[[ 17.  14.   9.]
 [ 14.   8.  12.]
 [  3.   5.  18.]]
cf_score, 31.0
nv_score, -12.0
ratio, 0.434343434343
[[ 11.  18.   9.]
 [  9.   9.  15.]
 [  3.   9.  17.]]
cf_score, 25.0
nv_score, -16.0
ratio, 0.373737373737
[[ 18.   4.   6.]
 [ 20.  13.  13.]
 [  4.   7.  15.]]
cf_score, 36.0
nv_score, -10.0
ratio, 0.464646464646
[[ 12.  11.  10.]
 [  6.  12.  13.]
 [  4.  12.  20.]]
cf_score, 30.0
nv_score, -13.0
ratio, 0.444444444444
[[ 16.   6.   4.]
 [ 13.   9.   9.]
 [  6.  10.  27.]]
cf_score, 42.0
nv_score, 10.0
ratio, 0.525252525253
[[ 21.  12.   7.]
 [ 12.   7.  11.]
 [  0.  14.  16.]]
cf_score, 37.0
nv_score, -9.0
ratio, 0.444444444444
[[ 15.  14.  13.]
 [ 14.  13.  11.]
 [  2.   1.  17.]]
cf_score, 30.0
nv_score, -20.0
ratio, 0.454545454545
[[  9.  14.  11.]
 [ 15.   7.  10.]
 [  2.  15.  17.]]
cf_score, 20.0
nv_score, -15.0
ratio, 0.333333333333
[[ 16.  14.  11.]
 [  7.  10.  10.]
 [  3.   8.  21.]]
cf_score, 33.0
nv_score, -11.0
ratio, 0.474747474747
[[ 16.   5.   8.]
 [ 19.   6.  13.]
 [  7.   4.  22.]]
cf_score, 29.0
nv_score, -7.0
ratio, 0.444444444444
[[ 14.  10.  11.]
 [  9.  15.   8.]
 [  6.  10.  17.]]
cf_score, 29.0
nv_score, -13.0
ratio, 0.464646464646
[[ 19.  11.   6.]
 [ 10.   8.  12.]
 [  6.  12.  16.]]
cf_score, 31.0
nv_score, -8.0
ratio, 0.434343434343
[[ 15.  11.  12.]
 [  7.  18.   9.]
 [  2.   4.  22.]]
cf_score, 41.0
nv_score, -11.0
ratio, 0.555555555556
[[  7.  18.  11.]
 [  9.   6.  22.]
 [  3.   4.  20.]]
cf_score, 19.0
nv_score, -24.0
ratio, 0.333333333333
[[ 16.  14.   6.]
 [ 13.   8.  13.]
 [  1.   9.  20.]]
cf_score, 37.0
nv_score, -5.0
ratio, 0.444444444444
[[ 15.  10.   7.]
 [ 11.  17.  11.]
 [  4.   5.  20.]]
cf_score, 41.0
nv_score, -5.0
ratio, 0.525252525253
[[  6.  14.   9.]
 [  9.  13.  12.]
 [  2.  14.  21.]]
cf_score, 29.0
nv_score, -9.0
ratio, 0.40404040404
[[ 21.   6.   7.]
 [  9.  19.   9.]
 [  6.   5.  18.]]
cf_score, 45.0
nv_score, -5.0
ratio, 0.585858585859
[[ 18.   8.   7.]
 [ 11.   8.  14.]
 [  0.  15.  19.]]
cf_score, 38.0
nv_score, -9.0
ratio, 0.454545454545
[[ 13.   9.  10.]
 [  7.  13.  14.]
 [  2.  16.  16.]]
cf_score, 30.0
nv_score, -18.0
ratio, 0.424242424242
[[  8.   9.  10.]
 [ 10.  11.  14.]
 [  2.  17.  19.]]
cf_score, 26.0
nv_score, -15.0
ratio, 0.383838383838
[[ 15.  10.  12.]
 [  9.  15.   7.]
 [  3.  11.  18.]]
cf_score, 33.0
nv_score, -13.0
ratio, 0.484848484848
[[ 11.  17.   6.]
 [  8.  14.  14.]
 [  3.   7.  20.]]
cf_score, 36.0
nv_score, -6.0
ratio, 0.454545454545
[[ 17.   6.   9.]
 [  6.  16.  10.]
 [  4.   9.  23.]]
cf_score, 43.0
nv_score, -5.0
ratio, 0.565656565657
[[ 11.  12.   4.]
 [  1.  12.  20.]
 [  1.  13.  26.]]
cf_score, 44.0
nv_score, -2.0
ratio, 0.494949494949
[[ 18.  11.   4.]
 [ 19.  13.  10.]
 [  4.   8.  13.]]
cf_score, 36.0
nv_score, -5.0
ratio, 0.444444444444
