[[  0.  14.  19.]
 [  0.  20.  16.]
 [  0.   9.  22.]]
cf_score, 23.0
ratio, 0.424242424242
[[  0.  18.  12.]
 [  0.  14.  22.]
 [  0.   8.  26.]]
cf_score, 28.0
ratio, 0.40404040404
[[ 13.   3.  20.]
 [ 12.   4.  15.]
 [ 14.   5.  14.]]
cf_score, -3.0
ratio, 0.313131313131
[[ 12.   5.  22.]
 [ 11.   7.  18.]
 [  2.   3.  20.]]
cf_score, 15.0
ratio, 0.393939393939
[[  8.  11.  21.]
 [ 12.   5.  12.]
 [  7.   5.  19.]]
cf_score, 4.0
ratio, 0.323232323232
[[ 14.   6.  23.]
 [ 14.   3.  11.]
 [  8.  10.  11.]]
cf_score, -3.0
ratio, 0.282828282828
[[  8.   4.  17.]
 [  8.   6.  24.]
 [  7.   6.  20.]]
cf_score, 10.0
ratio, 0.343434343434
[[  4.   9.  19.]
 [ 10.  13.  23.]
 [  3.   7.  12.]]
cf_score, 7.0
ratio, 0.292929292929
[[  6.  10.  19.]
 [ 11.   8.  14.]
 [  5.   7.  20.]]
cf_score, 10.0
ratio, 0.343434343434
[[ 10.   5.  20.]
 [  7.  12.  20.]
 [  7.   7.  12.]]
cf_score, 7.0
ratio, 0.343434343434
[[ 11.  14.  16.]
 [  5.  18.  12.]
 [  4.   7.  13.]]
cf_score, 22.0
ratio, 0.424242424242
[[ 10.  14.   8.]
 [ 10.  11.  17.]
 [  6.   6.  18.]]
cf_score, 25.0
ratio, 0.393939393939
[[  7.  10.  16.]
 [ 13.  10.  13.]
 [  3.   6.  22.]]
cf_score, 20.0
ratio, 0.393939393939
[[  8.   7.  26.]
 [  5.   9.  15.]
 [  4.  12.  14.]]
cf_score, 1.0
ratio, 0.313131313131
[[  4.  11.  17.]
 [  8.  17.  12.]
 [  5.   8.  18.]]
cf_score, 17.0
ratio, 0.393939393939
[[  6.  11.  17.]
 [  7.  14.  11.]
 [  5.  14.  15.]]
cf_score, 13.0
ratio, 0.353535353535
[[  6.  13.  17.]
 [ 10.  13.  10.]
 [  4.  10.  17.]]
cf_score, 15.0
ratio, 0.363636363636
[[ 12.  13.  12.]
 [  8.  12.   9.]
 [  1.  11.  22.]]
cf_score, 33.0
ratio, 0.464646464646
[[ 10.  20.  20.]
 [  7.  10.  14.]
 [  2.   6.  11.]]
cf_score, 9.0
ratio, 0.313131313131
[[ 10.  12.  20.]
 [ 10.  11.  10.]
 [  4.   7.  16.]]
cf_score, 13.0
ratio, 0.373737373737
[[  3.  17.  10.]
 [ 11.   8.  14.]
 [  6.   8.  23.]]
cf_score, 18.0
ratio, 0.343434343434
[[ 10.  11.  10.]
 [  9.  19.   9.]
 [  9.  12.  11.]]
cf_score, 21.0
ratio, 0.40404040404
[[ 11.   9.  20.]
 [  7.  11.  14.]
 [  5.   9.  14.]]
cf_score, 11.0
ratio, 0.363636363636
[[  6.  13.  17.]
 [  6.  10.  16.]
 [  3.  13.  16.]]
cf_score, 12.0
ratio, 0.323232323232
[[  5.  13.  16.]
 [  6.  16.  12.]
 [  4.  14.  14.]]
cf_score, 15.0
ratio, 0.353535353535
[[  7.   6.  26.]
 [  7.  11.  12.]
 [  2.   9.  20.]]
cf_score, 10.0
ratio, 0.383838383838
[[  8.  13.  17.]
 [  7.  13.   8.]
 [  2.  15.  17.]]
cf_score, 19.0
ratio, 0.383838383838
[[  6.  13.  21.]
 [  5.  10.  17.]
 [  0.  13.  15.]]
cf_score, 10.0
ratio, 0.313131313131
[[ 12.  11.   8.]
 [  9.  18.  13.]
 [  4.   8.  17.]]
cf_score, 35.0
ratio, 0.474747474747
[[  8.   9.  25.]
 [  6.  16.  11.]
 [  7.   6.  12.]]
cf_score, 4.0
ratio, 0.363636363636
[[  8.  10.  11.]
 [ 13.   7.  15.]
 [  3.  15.  18.]]
cf_score, 19.0
ratio, 0.333333333333
[[  6.  12.  12.]
 [ 13.  16.  13.]
 [  4.   9.  15.]]
cf_score, 21.0
ratio, 0.373737373737
[[  5.   9.  20.]
 [  6.  15.  10.]
 [  6.  10.  19.]]
cf_score, 13.0
ratio, 0.393939393939
[[  9.   7.  20.]
 [  9.   7.  15.]
 [  9.   9.  15.]]
cf_score, 2.0
ratio, 0.313131313131
[[ 13.  11.  19.]
 [  7.   8.  15.]
 [  0.   8.  19.]]
cf_score, 21.0
ratio, 0.40404040404
[[  9.  13.  17.]
 [ 10.  14.  13.]
 [  4.   8.  12.]]
cf_score, 14.0
ratio, 0.353535353535
[[  9.  18.  11.]
 [  8.  14.  13.]
 [  2.  10.  15.]]
cf_score, 25.0
ratio, 0.383838383838
[[ 11.  11.  11.]
 [  9.  13.  18.]
 [  5.   6.  16.]]
cf_score, 24.0
ratio, 0.40404040404
[[ 12.  13.  10.]
 [  9.  13.  17.]
 [ 11.   7.   8.]]
cf_score, 12.0
ratio, 0.333333333333
[[  8.  14.  15.]
 [ 12.  10.  11.]
 [  5.  11.  14.]]
cf_score, 12.0
ratio, 0.323232323232
[[  5.  16.  21.]
 [  4.   7.  17.]
 [  1.   6.  23.]]
cf_score, 13.0
ratio, 0.353535353535
[[ 13.  10.  15.]
 [  7.  13.  22.]
 [  3.   6.  11.]]
cf_score, 19.0
ratio, 0.373737373737
[[ 19.   8.   9.]
 [ 14.  14.  11.]
 [  6.   2.  17.]]
cf_score, 35.0
ratio, 0.505050505051
[[ 15.   8.  17.]
 [ 13.  12.  12.]
 [  5.   5.  13.]]
cf_score, 18.0
ratio, 0.40404040404
[[ 19.   7.  11.]
 [  9.  12.  16.]
 [  5.   3.  18.]]
cf_score, 33.0
ratio, 0.494949494949
[[  6.   7.  19.]
 [  9.   9.  22.]
 [  3.   8.  17.]]
cf_score, 10.0
ratio, 0.323232323232
[[ 18.  11.   8.]
 [ 12.   2.  14.]
 [ 13.   5.  17.]]
cf_score, 16.0
ratio, 0.373737373737
[[ 13.   8.  17.]
 [ 11.  11.  12.]
 [  9.   5.  14.]]
cf_score, 12.0
ratio, 0.383838383838
[[ 17.   7.  10.]
 [ 11.   4.  18.]
 [ 13.   5.  15.]]
cf_score, 13.0
ratio, 0.363636363636
[[ 25.   3.  10.]
 [ 23.   4.  14.]
 [  8.   1.  12.]]
cf_score, 23.0
ratio, 0.414141414141
[[ 18.   3.   7.]
 [ 22.   4.  15.]
 [ 15.   2.  14.]]
cf_score, 14.0
ratio, 0.363636363636
[[ 31.   7.   8.]
 [ 10.   7.  10.]
 [ 13.   4.  10.]]
cf_score, 27.0
ratio, 0.484848484848
[[ 21.   2.   6.]
 [ 22.   3.  12.]
 [ 13.   6.  15.]]
cf_score, 20.0
ratio, 0.393939393939
[[ 19.   6.   6.]
 [ 14.   8.  22.]
 [ 10.   7.   8.]]
cf_score, 19.0
ratio, 0.353535353535
[[ 12.   8.  12.]
 [ 15.   7.  20.]
 [  7.   3.  16.]]
cf_score, 16.0
ratio, 0.353535353535
[[ 23.   4.   8.]
 [ 13.   7.  11.]
 [ 14.   7.  13.]]
cf_score, 21.0
ratio, 0.434343434343
[[ 17.   3.  14.]
 [ 11.   6.  16.]
 [  5.   5.  23.]]
cf_score, 27.0
ratio, 0.464646464646
[[ 17.   8.   8.]
 [ 16.   9.  12.]
 [  8.   7.  15.]]
cf_score, 25.0
ratio, 0.414141414141
[[ 25.   2.   9.]
 [ 15.   6.  10.]
 [  9.   6.  18.]]
cf_score, 31.0
ratio, 0.494949494949
[[ 23.   4.   8.]
 [ 14.  11.   9.]
 [  9.   3.  19.]]
cf_score, 36.0
ratio, 0.535353535354
[[ 19.   5.  11.]
 [ 20.   5.  10.]
 [ 10.  10.  10.]]
cf_score, 13.0
ratio, 0.343434343434
[[ 27.  10.   5.]
 [ 14.   4.  14.]
 [  8.   4.  14.]]
cf_score, 32.0
ratio, 0.454545454545
[[ 19.   1.  11.]
 [ 19.   9.  15.]
 [ 16.   3.   7.]]
cf_score, 8.0
ratio, 0.353535353535
[[ 25.   9.   2.]
 [ 19.   9.   9.]
 [ 11.   8.   8.]]
cf_score, 29.0
ratio, 0.424242424242
[[ 17.  12.   6.]
 [ 15.  10.   7.]
 [ 11.   9.  13.]]
cf_score, 23.0
ratio, 0.40404040404
[[ 17.   6.  10.]
 [ 14.   9.   7.]
 [ 12.   9.  16.]]
cf_score, 20.0
ratio, 0.424242424242
[[ 18.   8.   6.]
 [ 13.   3.  15.]
 [ 16.   7.  14.]]
cf_score, 13.0
ratio, 0.353535353535
[[ 32.   3.  11.]
 [ 13.   7.  13.]
 [ 10.   3.   8.]]
cf_score, 26.0
ratio, 0.474747474747
[[ 22.   5.   9.]
 [ 10.   7.   8.]
 [ 13.  10.  16.]]
cf_score, 23.0
ratio, 0.454545454545
[[ 24.   4.   7.]
 [ 11.   8.  16.]
 [ 11.   4.  15.]]
cf_score, 29.0
ratio, 0.474747474747
[[ 23.   3.  12.]
 [ 16.   6.   7.]
 [ 10.   9.  14.]]
cf_score, 21.0
ratio, 0.434343434343
[[ 25.   6.   4.]
 [ 16.   7.  10.]
 [ 16.   6.  10.]]
cf_score, 22.0
ratio, 0.424242424242
[[ 20.   3.   9.]
 [ 15.   7.  13.]
 [ 14.   9.  10.]]
cf_score, 14.0
ratio, 0.373737373737
[[ 20.   8.   7.]
 [ 10.   9.  17.]
 [  9.   4.  16.]]
cf_score, 29.0
ratio, 0.454545454545
[[ 18.   8.   9.]
 [ 19.   5.  18.]
 [  5.   4.  14.]]
cf_score, 23.0
ratio, 0.373737373737
[[ 25.   7.   9.]
 [  8.   8.  18.]
 [  7.   3.  15.]]
cf_score, 32.0
ratio, 0.484848484848
[[ 20.   5.   8.]
 [ 15.   6.  14.]
 [ 11.   8.  13.]]
cf_score, 20.0
ratio, 0.393939393939
[[ 25.   3.   7.]
 [ 20.  12.   4.]
 [ 10.   7.  12.]]
cf_score, 32.0
ratio, 0.494949494949
[[ 23.   3.  16.]
 [ 18.   5.   8.]
 [ 11.   5.  11.]]
cf_score, 12.0
ratio, 0.393939393939
[[ 21.   8.   6.]
 [ 12.  11.   9.]
 [  7.   7.  19.]]
cf_score, 38.0
ratio, 0.515151515152
[[ 17.   3.   7.]
 [ 22.  10.  15.]
 [  6.   8.  12.]]
cf_score, 26.0
ratio, 0.393939393939
[[ 25.   6.   2.]
 [ 21.  10.   9.]
 [  4.   7.  16.]]
cf_score, 45.0
ratio, 0.515151515152
[[ 18.   2.   9.]
 [ 18.  11.  14.]
 [  9.   7.  12.]]
cf_score, 23.0
ratio, 0.414141414141
[[ 28.   5.   7.]
 [ 10.  10.  14.]
 [  6.   4.  16.]]
cf_score, 41.0
ratio, 0.545454545455
[[ 16.   6.   6.]
 [  9.   6.  18.]
 [ 17.   8.  14.]]
cf_score, 13.0
ratio, 0.363636363636
[[ 25.   5.   6.]
 [ 17.   7.  13.]
 [  7.  10.  10.]]
cf_score, 29.0
ratio, 0.424242424242
[[ 19.   8.  12.]
 [ 10.   3.  16.]
 [  8.   6.  18.]]
cf_score, 20.0
ratio, 0.40404040404
[[ 20.   6.   6.]
 [ 13.   5.  14.]
 [  9.   9.  18.]]
cf_score, 28.0
ratio, 0.434343434343
[[ 23.   5.  14.]
 [ 14.   7.   8.]
 [  8.   7.  14.]]
cf_score, 22.0
ratio, 0.444444444444
[[ 11.  15.  18.]
 [  7.   3.  21.]
 [  4.   3.  18.]]
cf_score, 10.0
ratio, 0.323232323232
[[ 24.   3.   9.]
 [ 18.   6.  13.]
 [  9.   6.  12.]]
cf_score, 24.0
ratio, 0.424242424242
[[ 22.   2.   9.]
 [ 19.   6.  13.]
 [  8.   3.  18.]]
cf_score, 29.0
ratio, 0.464646464646
[[ 27.   4.   5.]
 [ 20.   5.   9.]
 [ 16.   6.   8.]]
cf_score, 19.0
ratio, 0.40404040404
[[ 26.   3.   8.]
 [ 20.   4.   9.]
 [ 13.   2.  15.]]
cf_score, 24.0
ratio, 0.454545454545
[[ 27.   3.   5.]
 [ 16.   8.  12.]
 [ 13.   7.   9.]]
cf_score, 26.0
ratio, 0.444444444444
[[ 23.   7.   3.]
 [ 17.   3.  10.]
 [ 19.   5.  13.]]
cf_score, 17.0
ratio, 0.393939393939
[[ 32.   3.  11.]
 [ 11.   6.  12.]
 [  6.  10.   9.]]
cf_score, 30.0
ratio, 0.474747474747
[[ 21.   9.  13.]
 [  8.   6.  18.]
 [ 10.   5.  10.]]
cf_score, 14.0
ratio, 0.373737373737
[[ 25.   7.   4.]
 [ 10.  11.  10.]
 [ 10.   6.  17.]]
cf_score, 39.0
ratio, 0.535353535354
[[ 24.   1.   4.]
 [ 18.   7.   9.]
 [ 15.   8.  14.]]
cf_score, 26.0
ratio, 0.454545454545
