[[  0.   0.   0.]
 [  0.  71.   0.]
 [  0.  29.   0.]]
cf_score, 71.0
nv_score, 0.0
ratio, 0.717171717172
[[  0.   0.   0.]
 [  0.  57.   0.]
 [  0.  43.   0.]]
cf_score, 57.0
nv_score, 0.0
ratio, 0.575757575758
[[  0.   0.   0.]
 [  0.  57.   0.]
 [  0.  43.   0.]]
cf_score, 57.0
nv_score, 0.0
ratio, 0.575757575758
[[  0.   0.   0.]
 [  0.  67.   0.]
 [  0.  33.   0.]]
cf_score, 67.0
nv_score, 0.0
ratio, 0.676767676768
[[  0.   0.   0.]
 [  0.  64.   0.]
 [  0.  36.   0.]]
cf_score, 64.0
nv_score, 0.0
ratio, 0.646464646465
[[  0.   0.   0.]
 [  0.  65.   0.]
 [  0.  35.   0.]]
cf_score, 65.0
nv_score, 0.0
ratio, 0.656565656566
[[  0.   0.   0.]
 [  0.  63.   0.]
 [  0.  37.   0.]]
cf_score, 63.0
nv_score, 0.0
ratio, 0.636363636364
[[  0.   0.   0.]
 [  0.  53.  13.]
 [  0.  18.  16.]]
cf_score, 69.0
nv_score, 3.0
ratio, 0.69696969697
[[  0.   0.   0.]
 [  0.  44.  13.]
 [  0.  22.  21.]]
cf_score, 65.0
nv_score, 8.0
ratio, 0.656565656566
[[  0.   0.   0.]
 [  0.  47.  14.]
 [  0.  20.  19.]]
cf_score, 66.0
nv_score, 5.0
ratio, 0.666666666667
[[  0.   0.   0.]
 [  0.  57.   8.]
 [  0.  18.  17.]]
cf_score, 74.0
nv_score, 9.0
ratio, 0.747474747475
[[  0.   0.   0.]
 [  0.  56.  13.]
 [  0.  13.  18.]]
cf_score, 74.0
nv_score, 5.0
ratio, 0.747474747475
[[  0.   0.   0.]
 [  0.  66.   6.]
 [  0.  13.  15.]]
cf_score, 81.0
nv_score, 9.0
ratio, 0.818181818182
[[  0.   0.   0.]
 [  0.  56.   9.]
 [  0.  17.  18.]]
cf_score, 74.0
nv_score, 9.0
ratio, 0.747474747475
[[  0.   0.   0.]
 [  0.  54.  12.]
 [  0.  11.  23.]]
cf_score, 77.0
nv_score, 11.0
ratio, 0.777777777778
[[  0.   0.   0.]
 [  0.  55.   9.]
 [  0.  18.  18.]]
cf_score, 73.0
nv_score, 9.0
ratio, 0.737373737374
[[  0.   0.   0.]
 [  0.  53.  10.]
 [  0.  19.  18.]]
cf_score, 71.0
nv_score, 8.0
ratio, 0.717171717172
[[  0.   0.   0.]
 [  0.  53.  10.]
 [  0.  25.  12.]]
cf_score, 65.0
nv_score, 2.0
ratio, 0.656565656566
[[  0.   0.   0.]
 [  0.  66.   9.]
 [  0.  12.  13.]]
cf_score, 79.0
nv_score, 4.0
ratio, 0.79797979798
[[  0.   0.   0.]
 [  0.  48.  17.]
 [  0.  12.  23.]]
cf_score, 71.0
nv_score, 6.0
ratio, 0.717171717172
[[  0.   0.   0.]
 [  0.  59.   4.]
 [  0.  18.  19.]]
cf_score, 78.0
nv_score, 15.0
ratio, 0.787878787879
[[  0.   0.   0.]
 [  0.  53.  16.]
 [  0.  16.  15.]]
cf_score, 68.0
nv_score, -1.0
ratio, 0.686868686869
[[  0.   0.   0.]
 [  0.  53.   4.]
 [  0.  21.  22.]]
cf_score, 75.0
nv_score, 18.0
ratio, 0.757575757576
[[  0.   0.   0.]
 [  0.  53.   9.]
 [  0.  18.  20.]]
cf_score, 73.0
nv_score, 11.0
ratio, 0.737373737374
[[  0.   0.   0.]
 [  0.  51.  10.]
 [  0.  20.  19.]]
cf_score, 70.0
nv_score, 9.0
ratio, 0.707070707071
[[  0.   0.   0.]
 [  0.  57.   9.]
 [  0.  16.  18.]]
cf_score, 75.0
nv_score, 9.0
ratio, 0.757575757576
[[  0.   0.   0.]
 [  0.  53.  12.]
 [  0.  18.  17.]]
cf_score, 70.0
nv_score, 5.0
ratio, 0.707070707071
[[  0.   0.   0.]
 [  0.  55.  11.]
 [  0.  14.  20.]]
cf_score, 75.0
nv_score, 9.0
ratio, 0.757575757576
[[  0.   0.   0.]
 [  0.  47.  15.]
 [  0.  18.  20.]]
cf_score, 67.0
nv_score, 5.0
ratio, 0.676767676768
[[  0.   0.   0.]
 [  0.  68.   2.]
 [  0.  13.  17.]]
cf_score, 85.0
nv_score, 15.0
ratio, 0.858585858586
[[  0.   0.   0.]
 [  0.  47.  12.]
 [  0.  17.  24.]]
cf_score, 71.0
nv_score, 12.0
ratio, 0.717171717172
[[  0.   0.   0.]
 [  0.  53.  14.]
 [  0.  16.  17.]]
cf_score, 70.0
nv_score, 3.0
ratio, 0.707070707071
[[  0.   0.   0.]
 [  0.  50.  12.]
 [  0.  14.  24.]]
cf_score, 74.0
nv_score, 12.0
ratio, 0.747474747475
[[  0.   0.   0.]
 [  0.  52.   8.]
 [  0.  17.  23.]]
cf_score, 75.0
nv_score, 15.0
ratio, 0.757575757576
[[  0.   0.   0.]
 [  0.  60.   8.]
 [  0.  10.  22.]]
cf_score, 82.0
nv_score, 14.0
ratio, 0.828282828283
[[  0.   0.   0.]
 [  0.  50.  17.]
 [  0.  15.  18.]]
cf_score, 68.0
nv_score, 1.0
ratio, 0.686868686869
[[  0.   0.   0.]
 [  0.  59.   6.]
 [  0.  11.  24.]]
cf_score, 83.0
nv_score, 18.0
ratio, 0.838383838384
[[  0.   0.   0.]
 [  0.  53.   8.]
 [  0.  22.  17.]]
cf_score, 70.0
nv_score, 9.0
ratio, 0.707070707071
[[  0.   0.   0.]
 [  0.  51.  11.]
 [  0.  12.  26.]]
cf_score, 77.0
nv_score, 15.0
ratio, 0.777777777778
[[  0.   0.   0.]
 [  0.  57.   4.]
 [  0.  14.  25.]]
cf_score, 82.0
nv_score, 21.0
ratio, 0.828282828283
[[  0.   0.   0.]
 [  0.  47.  10.]
 [  0.  14.  29.]]
cf_score, 76.0
nv_score, 19.0
ratio, 0.767676767677
[[  0.   0.   0.]
 [  0.  57.   5.]
 [  0.  24.  14.]]
cf_score, 71.0
nv_score, 9.0
ratio, 0.717171717172
[[  0.   0.   0.]
 [  0.  52.   7.]
 [  0.  22.  19.]]
cf_score, 71.0
nv_score, 12.0
ratio, 0.717171717172
[[  0.   0.   0.]
 [  0.  47.  10.]
 [  0.  17.  26.]]
cf_score, 73.0
nv_score, 16.0
ratio, 0.737373737374
[[  0.   0.   0.]
 [  0.  52.   8.]
 [  0.  17.  23.]]
cf_score, 75.0
nv_score, 15.0
ratio, 0.757575757576
[[  0.   0.   0.]
 [  0.  59.   7.]
 [  0.  15.  19.]]
cf_score, 78.0
nv_score, 12.0
ratio, 0.787878787879
[[  0.   0.   0.]
 [  0.  56.   6.]
 [  0.  15.  23.]]
cf_score, 79.0
nv_score, 17.0
ratio, 0.79797979798
[[  0.   0.   0.]
 [  0.  51.  10.]
 [  0.  20.  19.]]
cf_score, 70.0
nv_score, 9.0
ratio, 0.707070707071
[[  0.   0.   0.]
 [  0.  50.   5.]
 [  0.  18.  27.]]
cf_score, 77.0
nv_score, 22.0
ratio, 0.777777777778
[[  0.   0.   0.]
 [  0.  57.  10.]
 [  0.  18.  15.]]
cf_score, 72.0
nv_score, 5.0
ratio, 0.727272727273
