[[  0.  31.   4.]
 [  0.  27.   8.]
 [  0.  18.  12.]]
cf_score, 35.0
nv_score, -4.0
ratio, 0.393939393939
[[  2.  29.   5.]
 [  0.  23.   6.]
 [  1.  25.   9.]]
cf_score, 28.0
nv_score, -7.0
ratio, 0.343434343434
[[  0.  24.  10.]
 [  0.  17.   4.]
 [  1.  26.  18.]]
cf_score, 24.0
nv_score, -6.0
ratio, 0.353535353535
[[  0.  37.   5.]
 [  0.  25.   6.]
 [  0.  20.   7.]]
cf_score, 27.0
nv_score, -9.0
ratio, 0.323232323232
[[  0.  38.   4.]
 [  0.  21.   2.]
 [  0.  20.  15.]]
cf_score, 32.0
nv_score, 5.0
ratio, 0.363636363636
[[  2.  31.   6.]
 [  0.  30.   5.]
 [  2.  12.  12.]]
cf_score, 36.0
nv_score, -5.0
ratio, 0.444444444444
[[  3.  29.   6.]
 [  1.  22.   7.]
 [  1.  18.  13.]]
cf_score, 31.0
nv_score, -6.0
ratio, 0.383838383838
[[  5.  26.   6.]
 [  5.  21.  10.]
 [  3.  15.   9.]]
cf_score, 26.0
nv_score, -13.0
ratio, 0.353535353535
[[  5.  28.   7.]
 [  5.  22.   3.]
 [  3.  17.  10.]]
cf_score, 27.0
nv_score, -7.0
ratio, 0.373737373737
[[  5.  24.   7.]
 [  6.  19.   5.]
 [  3.  15.  16.]]
cf_score, 30.0
nv_score, -3.0
ratio, 0.40404040404
[[  7.  24.   5.]
 [  5.  19.   7.]
 [  5.  15.  13.]]
cf_score, 29.0
nv_score, -4.0
ratio, 0.393939393939
[[  7.  28.   2.]
 [  4.  22.   6.]
 [  7.  13.  11.]]
cf_score, 31.0
nv_score, 1.0
ratio, 0.40404040404
[[ 11.  23.   7.]
 [  4.  23.   8.]
 [  5.  11.   8.]]
cf_score, 30.0
nv_score, -14.0
ratio, 0.424242424242
[[  8.  25.   5.]
 [ 10.  12.   8.]
 [  4.  13.  15.]]
cf_score, 26.0
nv_score, -3.0
ratio, 0.353535353535
[[  5.  15.   6.]
 [ 10.  20.  10.]
 [  5.  17.  12.]]
cf_score, 26.0
nv_score, -10.0
ratio, 0.373737373737
[[  7.  23.   4.]
 [  8.  13.   4.]
 [  6.  20.  15.]]
cf_score, 25.0
nv_score, 3.0
ratio, 0.353535353535
[[  8.  20.  10.]
 [  8.  16.   9.]
 [  7.  13.   9.]]
cf_score, 16.0
nv_score, -20.0
ratio, 0.333333333333
[[  9.  20.   9.]
 [  8.  15.   4.]
 [  9.  14.  12.]]
cf_score, 18.0
nv_score, -10.0
ratio, 0.363636363636
[[  3.  26.   4.]
 [  7.  27.   4.]
 [ 11.   8.  10.]]
cf_score, 25.0
nv_score, -2.0
ratio, 0.40404040404
[[  7.  23.   3.]
 [  8.  21.   3.]
 [  5.  12.  18.]]
cf_score, 38.0
nv_score, 9.0
ratio, 0.464646464646
[[ 11.  19.   3.]
 [  4.  22.   8.]
 [  4.  20.   9.]]
cf_score, 35.0
nv_score, -5.0
ratio, 0.424242424242
[[ 10.  23.   2.]
 [ 14.  19.   3.]
 [  7.   9.  13.]]
cf_score, 33.0
nv_score, 6.0
ratio, 0.424242424242
[[  4.  23.   4.]
 [ 10.  25.   6.]
 [  8.   7.  13.]]
cf_score, 30.0
nv_score, -1.0
ratio, 0.424242424242
[[ 10.  23.   4.]
 [  6.  19.   5.]
 [ 12.  10.  11.]]
cf_score, 24.0
nv_score, -2.0
ratio, 0.40404040404
[[  5.  23.   4.]
 [  9.  24.   5.]
 [  2.  18.  10.]]
cf_score, 33.0
nv_score, -3.0
ratio, 0.393939393939
[[  6.  26.   6.]
 [  6.  16.   9.]
 [  9.  13.   9.]]
cf_score, 16.0
nv_score, -12.0
ratio, 0.313131313131
[[  6.  16.   7.]
 [ 11.  23.   4.]
 [  7.  13.  13.]]
cf_score, 28.0
nv_score, -5.0
ratio, 0.424242424242
[[  6.  23.   5.]
 [  7.  21.   7.]
 [  8.   8.  15.]]
cf_score, 29.0
nv_score, -2.0
ratio, 0.424242424242
[[  6.  23.   5.]
 [ 10.  10.   4.]
 [  8.  13.  21.]]
cf_score, 24.0
nv_score, 7.0
ratio, 0.373737373737
[[  5.  17.   7.]
 [ 11.  21.   6.]
 [ 10.  13.  10.]]
cf_score, 19.0
nv_score, -10.0
ratio, 0.363636363636
[[  5.  26.   2.]
 [  8.  19.   8.]
 [  5.  13.  14.]]
cf_score, 31.0
nv_score, 2.0
ratio, 0.383838383838
[[  5.  26.   3.]
 [ 10.  23.   6.]
 [  9.   9.   9.]]
cf_score, 25.0
nv_score, -3.0
ratio, 0.373737373737
[[ 14.  20.   4.]
 [  7.  16.   7.]
 [  4.  16.  12.]]
cf_score, 34.0
nv_score, -3.0
ratio, 0.424242424242
[[  9.  27.   8.]
 [  8.  18.  10.]
 [  6.   7.   7.]]
cf_score, 20.0
nv_score, -19.0
ratio, 0.343434343434
[[  8.  27.   4.]
 [  6.  20.   7.]
 [  5.  12.  11.]]
cf_score, 30.0
nv_score, -4.0
ratio, 0.393939393939
[[  5.  30.   6.]
 [  5.  19.   6.]
 [  9.  13.   7.]]
cf_score, 16.0
nv_score, -11.0
ratio, 0.313131313131
[[  3.  23.   4.]
 [  6.  25.   2.]
 [  7.  17.  13.]]
cf_score, 30.0
nv_score, 3.0
ratio, 0.414141414141
[[  9.  22.   4.]
 [  6.  23.   6.]
 [  1.  17.  12.]]
cf_score, 39.0
nv_score, -2.0
ratio, 0.444444444444
[[  8.  24.   4.]
 [  9.  17.   3.]
 [  6.  12.  17.]]
cf_score, 32.0
nv_score, 6.0
ratio, 0.424242424242
[[  8.  32.   3.]
 [  5.  16.   8.]
 [  4.  10.  14.]]
cf_score, 31.0
nv_score, 0.0
ratio, 0.383838383838
[[  5.  30.   2.]
 [  7.  20.   2.]
 [  7.  16.  11.]]
cf_score, 27.0
nv_score, 5.0
ratio, 0.363636363636
[[  6.  26.   6.]
 [  5.  22.   5.]
 [  7.  11.  12.]]
cf_score, 27.0
nv_score, -5.0
ratio, 0.40404040404
[[ 10.  22.   2.]
 [  1.  31.   2.]
 [  6.   7.  19.]]
cf_score, 52.0
nv_score, 13.0
ratio, 0.606060606061
[[  7.  24.   2.]
 [  5.  15.  10.]
 [  7.  15.  15.]]
cf_score, 28.0
nv_score, 1.0
ratio, 0.373737373737
[[  3.  28.   3.]
 [  4.  17.   2.]
 [  5.  22.  16.]]
cf_score, 28.0
nv_score, 8.0
ratio, 0.363636363636
[[ 10.  22.   6.]
 [  8.  13.   6.]
 [  5.  13.  17.]]
cf_score, 29.0
nv_score, -1.0
ratio, 0.40404040404
[[  9.  29.   3.]
 [  7.  16.   4.]
 [  1.  13.  18.]]
cf_score, 39.0
nv_score, 8.0
ratio, 0.434343434343
[[  5.  29.   1.]
 [  8.  22.   2.]
 [  2.  16.  15.]]
cf_score, 39.0
nv_score, 11.0
ratio, 0.424242424242
[[  3.  35.   6.]
 [  4.  14.   6.]
 [  3.  14.  15.]]
cf_score, 23.0
nv_score, -3.0
ratio, 0.323232323232
[[  6.  31.   7.]
 [  5.  20.   6.]
 [  2.  13.  10.]]
cf_score, 27.0
nv_score, -10.0
ratio, 0.363636363636
