[[ 17.   3.   8.]
 [ 22.   0.  15.]
 [ 18.   2.  15.]]
cf_score, 6.0
ratio, 0.323232323232
[[ 15.   3.   6.]
 [ 28.   1.  12.]
 [ 12.   2.  21.]]
cf_score, 19.0
ratio, 0.373737373737
[[ 19.   4.   6.]
 [ 29.   1.  10.]
 [ 14.   3.  14.]]
cf_score, 14.0
ratio, 0.343434343434
[[ 24.   2.   7.]
 [ 19.   4.  13.]
 [ 11.   4.  16.]]
cf_score, 26.0
ratio, 0.444444444444
[[ 22.   4.   7.]
 [ 23.   1.  10.]
 [ 12.   2.  19.]]
cf_score, 23.0
ratio, 0.424242424242
[[ 29.   4.   8.]
 [ 18.   2.  15.]
 [  8.   1.  15.]]
cf_score, 30.0
ratio, 0.464646464646
[[ 15.   4.   8.]
 [ 15.   5.  11.]
 [ 13.   5.  24.]]
cf_score, 23.0
ratio, 0.444444444444
[[ 16.   6.   8.]
 [ 19.   4.  11.]
 [ 13.   7.  16.]]
cf_score, 15.0
ratio, 0.363636363636
[[ 20.   3.   9.]
 [ 18.   2.   9.]
 [ 10.   6.  23.]]
cf_score, 26.0
ratio, 0.454545454545
[[ 13.   7.   8.]
 [ 14.   9.   9.]
 [ 12.   3.  25.]]
cf_score, 27.0
ratio, 0.474747474747
[[ 23.   3.   7.]
 [ 23.   3.   6.]
 [ 10.   7.  18.]]
cf_score, 27.0
ratio, 0.444444444444
[[ 15.   6.   6.]
 [ 21.   6.  11.]
 [ 11.   6.  18.]]
cf_score, 22.0
ratio, 0.393939393939
[[ 18.   7.   4.]
 [ 14.   4.  10.]
 [  7.  11.  25.]]
cf_score, 36.0
ratio, 0.474747474747
[[ 14.  10.   7.]
 [ 16.   8.   7.]
 [  3.   7.  28.]]
cf_score, 40.0
ratio, 0.505050505051
[[ 16.  10.   4.]
 [ 18.  11.  10.]
 [  8.   6.  17.]]
cf_score, 32.0
ratio, 0.444444444444
[[ 24.   5.  11.]
 [ 20.   4.  17.]
 [  4.   6.   9.]]
cf_score, 22.0
ratio, 0.373737373737
[[ 22.   6.   7.]
 [ 15.   0.  14.]
 [  6.   4.  26.]]
cf_score, 35.0
ratio, 0.484848484848
[[ 16.   5.  10.]
 [ 24.   7.  10.]
 [  6.   8.  14.]]
cf_score, 21.0
ratio, 0.373737373737
[[ 15.  11.  12.]
 [ 17.   7.   9.]
 [  6.   7.  16.]]
cf_score, 20.0
ratio, 0.383838383838
[[ 12.  13.   5.]
 [ 14.  12.   9.]
 [ 10.   7.  18.]]
cf_score, 27.0
ratio, 0.424242424242
[[ 13.   8.  11.]
 [ 19.   8.   8.]
 [  7.   3.  23.]]
cf_score, 26.0
ratio, 0.444444444444
[[ 15.   6.  16.]
 [ 13.   6.  10.]
 [  5.   8.  21.]]
cf_score, 21.0
ratio, 0.424242424242
[[ 15.  13.   3.]
 [ 20.   7.   7.]
 [  6.   6.  23.]]
cf_score, 36.0
ratio, 0.454545454545
[[ 19.   6.   3.]
 [ 19.   7.   9.]
 [  7.   9.  21.]]
cf_score, 37.0
ratio, 0.474747474747
[[ 15.  13.   7.]
 [ 15.  13.   7.]
 [  6.   9.  15.]]
cf_score, 30.0
ratio, 0.434343434343
[[ 21.   8.   4.]
 [ 24.   8.   7.]
 [  9.   4.  15.]]
cf_score, 31.0
ratio, 0.444444444444
[[ 21.  10.   4.]
 [  8.  10.  14.]
 [  2.   6.  25.]]
cf_score, 50.0
ratio, 0.565656565657
[[ 11.   7.   7.]
 [ 23.  14.   5.]
 [  5.   7.  21.]]
cf_score, 34.0
ratio, 0.464646464646
[[ 18.   8.   4.]
 [ 16.  16.   6.]
 [  6.  11.  15.]]
cf_score, 39.0
ratio, 0.494949494949
[[ 16.  11.   2.]
 [ 12.   8.  14.]
 [  4.  10.  23.]]
cf_score, 41.0
ratio, 0.474747474747
[[ 21.   6.   5.]
 [ 21.   7.   6.]
 [  4.   5.  25.]]
cf_score, 44.0
ratio, 0.535353535354
[[ 14.   9.  13.]
 [ 16.  15.   5.]
 [  5.   5.  18.]]
cf_score, 29.0
ratio, 0.474747474747
[[ 21.   8.   3.]
 [ 14.   9.   5.]
 [  5.  12.  23.]]
cf_score, 45.0
ratio, 0.535353535354
[[ 24.   5.   3.]
 [ 20.   5.   6.]
 [ 10.   8.  19.]]
cf_score, 35.0
ratio, 0.484848484848
[[ 23.   7.   7.]
 [ 17.  15.   2.]
 [  5.   6.  18.]]
cf_score, 44.0
ratio, 0.565656565657
[[  8.  22.   4.]
 [ 16.   8.  10.]
 [  3.  13.  16.]]
cf_score, 25.0
ratio, 0.323232323232
[[ 12.   7.  10.]
 [ 10.   7.  12.]
 [  4.   4.  34.]]
cf_score, 39.0
ratio, 0.535353535354
[[ 18.  10.   9.]
 [ 15.  14.   7.]
 [  5.   8.  14.]]
cf_score, 32.0
ratio, 0.464646464646
[[ 10.  12.   7.]
 [ 14.  16.  11.]
 [  3.   9.  18.]]
cf_score, 34.0
ratio, 0.444444444444
[[ 17.   6.   6.]
 [ 18.  12.  10.]
 [  7.   4.  20.]]
cf_score, 36.0
ratio, 0.494949494949
[[ 16.   5.   2.]
 [ 19.  13.  10.]
 [ 11.   7.  17.]]
cf_score, 33.0
ratio, 0.464646464646
[[ 15.  10.   8.]
 [ 17.   9.   4.]
 [ 10.   5.  22.]]
cf_score, 28.0
ratio, 0.464646464646
[[ 26.  13.   4.]
 [ 11.   9.   6.]
 [  7.  10.  14.]]
cf_score, 38.0
ratio, 0.494949494949
[[ 18.  12.   9.]
 [  9.  12.   9.]
 [  8.   7.  16.]]
cf_score, 29.0
ratio, 0.464646464646
[[ 12.   9.   6.]
 [ 19.  14.   6.]
 [  8.  11.  15.]]
cf_score, 27.0
ratio, 0.414141414141
[[ 18.   8.   6.]
 [ 15.   8.  11.]
 [  6.   8.  20.]]
cf_score, 34.0
ratio, 0.464646464646
[[ 22.   2.   4.]
 [ 23.  12.   3.]
 [  7.   4.  23.]]
cf_score, 46.0
ratio, 0.575757575758
[[ 22.   9.   5.]
 [ 11.  13.   9.]
 [  6.   7.  18.]]
cf_score, 42.0
ratio, 0.535353535354
[[ 23.  10.   5.]
 [ 19.  15.   7.]
 [  5.   6.  10.]]
cf_score, 38.0
ratio, 0.484848484848
[[ 20.   6.   5.]
 [ 19.   9.  12.]
 [  3.   7.  19.]]
cf_score, 40.0
ratio, 0.484848484848
[[ 23.  13.   7.]
 [ 14.  11.   5.]
 [  6.   6.  15.]]
cf_score, 36.0
ratio, 0.494949494949
[[ 17.  12.   8.]
 [ 14.  10.   9.]
 [  6.   4.  20.]]
cf_score, 33.0
ratio, 0.474747474747
[[ 17.  11.   5.]
 [ 21.   7.   8.]
 [  2.  12.  17.]]
cf_score, 34.0
ratio, 0.414141414141
[[ 20.  14.   9.]
 [ 13.  13.   7.]
 [  6.   5.  13.]]
cf_score, 31.0
ratio, 0.464646464646
[[ 19.   7.   4.]
 [ 19.  11.   5.]
 [  2.   7.  26.]]
cf_score, 50.0
ratio, 0.565656565657
[[ 21.   6.   4.]
 [ 17.  12.   8.]
 [  3.   8.  21.]]
cf_score, 47.0
ratio, 0.545454545455
[[ 16.  11.   8.]
 [ 11.   9.   9.]
 [  3.   6.  27.]]
cf_score, 41.0
ratio, 0.525252525253
[[ 22.  10.   7.]
 [ 15.  13.   6.]
 [  3.   5.  19.]]
cf_score, 44.0
ratio, 0.545454545455
[[ 17.  13.   6.]
 [ 12.  12.  10.]
 [  1.   7.  22.]]
cf_score, 44.0
ratio, 0.515151515152
[[ 23.   9.   2.]
 [ 13.   9.   9.]
 [  4.   7.  24.]]
cf_score, 50.0
ratio, 0.565656565657
[[ 12.  12.   5.]
 [ 23.   8.   9.]
 [  5.   6.  20.]]
cf_score, 30.0
ratio, 0.40404040404
[[ 22.   6.   4.]
 [ 25.   4.   8.]
 [  6.  11.  14.]]
cf_score, 30.0
ratio, 0.40404040404
[[ 21.  11.   5.]
 [ 19.   8.   5.]
 [ 11.   6.  14.]]
cf_score, 27.0
ratio, 0.434343434343
[[ 25.  10.   5.]
 [ 16.   5.   3.]
 [  4.   9.  23.]]
cf_score, 44.0
ratio, 0.535353535354
[[ 14.  12.   8.]
 [ 14.   9.   7.]
 [  8.   3.  25.]]
cf_score, 32.0
ratio, 0.484848484848
[[  9.  10.   8.]
 [ 20.  12.  10.]
 [  2.   8.  21.]]
cf_score, 32.0
ratio, 0.424242424242
[[ 12.  11.   3.]
 [ 12.  10.  11.]
 [ 10.   3.  28.]]
cf_score, 37.0
ratio, 0.505050505051
[[ 14.   6.   8.]
 [ 17.  14.   7.]
 [ 12.   5.  17.]]
cf_score, 25.0
ratio, 0.454545454545
[[ 14.   5.   8.]
 [ 17.   8.   3.]
 [  5.   7.  33.]]
cf_score, 42.0
ratio, 0.555555555556
[[ 15.  14.   7.]
 [ 13.  13.   7.]
 [  7.   5.  19.]]
cf_score, 33.0
ratio, 0.474747474747
[[ 23.   9.   4.]
 [ 15.   7.   9.]
 [  3.   4.  26.]]
cf_score, 49.0
ratio, 0.565656565657
[[ 16.   8.   2.]
 [ 21.   5.   8.]
 [  6.  11.  23.]]
cf_score, 36.0
ratio, 0.444444444444
[[ 15.  10.   4.]
 [ 20.  11.   7.]
 [  3.   6.  24.]]
cf_score, 43.0
ratio, 0.505050505051
[[ 19.  10.   9.]
 [ 13.  10.  13.]
 [  0.   6.  20.]]
cf_score, 40.0
ratio, 0.494949494949
[[ 17.   6.   4.]
 [ 17.   7.   8.]
 [  9.   6.  26.]]
cf_score, 37.0
ratio, 0.505050505051
[[ 23.   4.   8.]
 [ 20.   8.   8.]
 [  8.   5.  16.]]
cf_score, 31.0
ratio, 0.474747474747
[[ 14.  14.   7.]
 [ 19.  11.   7.]
 [  6.   4.  18.]]
cf_score, 30.0
ratio, 0.434343434343
[[ 16.  10.   5.]
 [ 13.  10.  14.]
 [  4.   9.  19.]]
cf_score, 36.0
ratio, 0.454545454545
[[ 15.  10.   7.]
 [ 16.  10.  12.]
 [  7.   4.  19.]]
cf_score, 30.0
ratio, 0.444444444444
[[ 22.  10.   5.]
 [ 23.   5.   8.]
 [  8.   6.  13.]]
cf_score, 27.0
ratio, 0.40404040404
[[ 15.   6.   4.]
 [ 25.  13.   5.]
 [  9.   8.  15.]]
cf_score, 30.0
ratio, 0.434343434343
[[ 16.  18.   3.]
 [  9.  10.   4.]
 [  7.   9.  24.]]
cf_score, 40.0
ratio, 0.505050505051
[[ 21.   6.   5.]
 [ 15.   9.  11.]
 [  4.   6.  23.]]
cf_score, 44.0
ratio, 0.535353535354
[[ 15.  10.   8.]
 [ 15.   8.   8.]
 [ 12.   6.  18.]]
cf_score, 21.0
ratio, 0.414141414141
[[ 15.  12.   7.]
 [ 12.  10.  12.]
 [  6.   3.  23.]]
cf_score, 35.0
ratio, 0.484848484848
[[ 13.  13.   4.]
 [ 23.  12.  10.]
 [  5.   7.  13.]]
cf_score, 29.0
ratio, 0.383838383838
[[ 15.  17.   3.]
 [ 11.   8.  11.]
 [  3.  12.  20.]]
cf_score, 37.0
ratio, 0.434343434343
[[ 14.  13.  13.]
 [ 11.   7.   7.]
 [  5.   8.  22.]]
cf_score, 25.0
ratio, 0.434343434343
[[  9.  14.   4.]
 [ 14.  14.  12.]
 [  1.  10.  22.]]
cf_score, 40.0
ratio, 0.454545454545
[[ 23.   5.   2.]
 [ 14.  11.   3.]
 [  9.   9.  24.]]
cf_score, 47.0
ratio, 0.585858585859
[[ 26.   6.   8.]
 [ 11.  11.  10.]
 [  4.   6.  18.]]
cf_score, 43.0
ratio, 0.555555555556
[[ 11.   8.   5.]
 [ 21.   7.  11.]
 [ 11.   9.  17.]]
cf_score, 19.0
ratio, 0.353535353535
[[ 20.  10.   5.]
 [ 12.  12.   6.]
 [  6.   6.  23.]]
cf_score, 44.0
ratio, 0.555555555556
[[ 19.  10.   5.]
 [ 11.  16.   4.]
 [  2.   4.  29.]]
cf_score, 57.0
ratio, 0.646464646465
[[ 18.   6.   5.]
 [ 16.   9.   6.]
 [  7.  10.  23.]]
cf_score, 38.0
ratio, 0.505050505051
[[ 19.  11.   5.]
 [ 19.  12.  11.]
 [  3.   2.  18.]]
cf_score, 41.0
ratio, 0.494949494949
[[ 15.   5.   4.]
 [ 20.  10.   6.]
 [  9.   6.  25.]]
cf_score, 37.0
ratio, 0.505050505051
[[ 19.   6.  11.]
 [ 15.   9.   4.]
 [  6.   7.  23.]]
cf_score, 34.0
ratio, 0.515151515152
[[ 18.  12.   8.]
 [ 12.   4.   7.]
 [  9.   8.  22.]]
cf_score, 27.0
ratio, 0.444444444444
[[ 19.  14.   4.]
 [ 11.  11.  10.]
 [  1.   8.  22.]]
cf_score, 47.0
ratio, 0.525252525253
