[[  0.  24.   4.]
 [  0.  26.  13.]
 [  0.  16.  17.]]
cf_score, 39.0
nv_score, -4.0
ratio, 0.434343434343
[[  0.  30.   7.]
 [  0.  26.   7.]
 [  1.  19.  10.]]
cf_score, 28.0
nv_score, -11.0
ratio, 0.363636363636
[[  0.  20.   8.]
 [  0.  21.  11.]
 [  0.  19.  21.]]
cf_score, 34.0
nv_score, -6.0
ratio, 0.424242424242
[[ 24.   2.   2.]
 [ 19.   0.   7.]
 [ 27.   3.  16.]]
cf_score, 11.0
nv_score, 5.0
ratio, 0.40404040404
[[ 25.   2.  10.]
 [ 19.   4.   9.]
 [ 12.   5.  14.]]
cf_score, 21.0
nv_score, -15.0
ratio, 0.434343434343
[[ 24.   5.   6.]
 [ 17.   9.  10.]
 [  8.   8.  13.]]
cf_score, 32.0
nv_score, -9.0
ratio, 0.464646464646
[[ 17.  10.   6.]
 [ 18.   8.   7.]
 [ 13.  11.  10.]]
cf_score, 16.0
nv_score, -9.0
ratio, 0.353535353535
[[ 27.   4.  12.]
 [ 18.   3.   4.]
 [ 10.   3.  19.]]
cf_score, 27.0
nv_score, -9.0
ratio, 0.494949494949
[[ 21.   8.   3.]
 [ 11.   9.  10.]
 [ 11.   6.  21.]]
cf_score, 37.0
nv_score, 5.0
ratio, 0.515151515152
[[ 12.   7.  10.]
 [ 14.   9.  10.]
 [ 11.   5.  22.]]
cf_score, 22.0
nv_score, -8.0
ratio, 0.434343434343
[[ 13.   4.   7.]
 [ 23.   7.   7.]
 [ 17.   1.  21.]]
cf_score, 17.0
nv_score, 0.0
ratio, 0.414141414141
[[ 16.  11.   5.]
 [ 16.   4.  10.]
 [  9.   9.  20.]]
cf_score, 26.0
nv_score, 0.0
ratio, 0.40404040404
[[ 16.   5.   7.]
 [ 22.   6.  15.]
 [  7.   6.  16.]]
cf_score, 24.0
nv_score, -13.0
ratio, 0.383838383838
[[ 27.   7.   3.]
 [ 17.  10.   6.]
 [ 10.   4.  16.]]
cf_score, 40.0
nv_score, 4.0
ratio, 0.535353535354
[[ 15.   2.  12.]
 [ 22.   3.  12.]
 [  9.   6.  19.]]
cf_score, 16.0
nv_score, -17.0
ratio, 0.373737373737
[[ 20.   6.   2.]
 [ 19.   8.  12.]
 [ 13.   9.  11.]]
cf_score, 24.0
nv_score, -5.0
ratio, 0.393939393939
[[ 20.   6.  10.]
 [ 22.   2.  10.]
 [  7.   3.  20.]]
cf_score, 25.0
nv_score, -10.0
ratio, 0.424242424242
[[ 20.   4.   4.]
 [ 22.   7.  10.]
 [  8.   1.  24.]]
cf_score, 39.0
nv_score, 6.0
ratio, 0.515151515152
[[ 19.   6.   7.]
 [ 21.   6.   3.]
 [ 10.   9.  19.]]
cf_score, 27.0
nv_score, 2.0
ratio, 0.444444444444
[[ 18.   4.   9.]
 [ 24.   5.  12.]
 [  9.   3.  16.]]
cf_score, 21.0
nv_score, -14.0
ratio, 0.393939393939
[[ 29.   5.   7.]
 [ 11.   5.   5.]
 [ 19.   5.  14.]]
cf_score, 22.0
nv_score, -5.0
ratio, 0.484848484848
[[ 31.   8.   4.]
 [ 22.   6.   3.]
 [ 10.   4.  12.]]
cf_score, 35.0
nv_score, 1.0
ratio, 0.494949494949
[[ 16.   3.   2.]
 [ 24.   7.   5.]
 [  7.   6.  30.]]
cf_score, 44.0
nv_score, 21.0
ratio, 0.535353535354
[[ 25.   3.   4.]
 [ 25.   7.   9.]
 [ 12.   3.  12.]]
cf_score, 28.0
nv_score, -5.0
ratio, 0.444444444444
[[ 17.   6.   7.]
 [ 22.   3.  13.]
 [  8.   2.  22.]]
cf_score, 27.0
nv_score, -5.0
ratio, 0.424242424242
[[ 18.   8.   7.]
 [ 22.   8.   9.]
 [  8.   2.  18.]]
cf_score, 29.0
nv_score, -5.0
ratio, 0.444444444444
[[ 19.   9.   6.]
 [ 24.   5.   9.]
 [  8.   4.  16.]]
cf_score, 26.0
nv_score, -5.0
ratio, 0.40404040404
[[ 29.   1.   4.]
 [ 27.   2.   5.]
 [ 17.   3.  12.]]
cf_score, 22.0
nv_score, -1.0
ratio, 0.434343434343
[[ 22.   7.   3.]
 [ 23.   4.  12.]
 [ 12.   3.  14.]]
cf_score, 25.0
nv_score, -4.0
ratio, 0.40404040404
[[ 16.   4.   3.]
 [ 24.   6.  10.]
 [  6.   6.  25.]]
cf_score, 38.0
nv_score, 9.0
ratio, 0.474747474747
[[ 19.   3.  10.]
 [ 24.   6.   6.]
 [ 12.   0.  20.]]
cf_score, 23.0
nv_score, -6.0
ratio, 0.454545454545
[[ 25.   2.   3.]
 [ 23.   1.  13.]
 [ 14.   5.  14.]]
cf_score, 23.0
nv_score, -5.0
ratio, 0.40404040404
[[ 22.   5.  12.]
 [ 17.   2.   4.]
 [ 10.   3.  25.]]
cf_score, 27.0
nv_score, -3.0
ratio, 0.494949494949
[[ 21.   5.   2.]
 [ 28.   2.   5.]
 [ 13.   9.  15.]]
cf_score, 23.0
nv_score, 6.0
ratio, 0.383838383838
[[ 16.   3.   7.]
 [ 23.   5.  10.]
 [  7.   4.  25.]]
cf_score, 32.0
nv_score, 1.0
ratio, 0.464646464646
[[ 30.   4.   8.]
 [ 21.   2.  11.]
 [  9.   1.  14.]]
cf_score, 29.0
nv_score, -13.0
ratio, 0.464646464646
[[ 24.   1.   8.]
 [ 17.   6.   3.]
 [ 17.   2.  22.]]
cf_score, 27.0
nv_score, 3.0
ratio, 0.525252525253
[[ 18.   1.   6.]
 [ 16.   9.  14.]
 [ 11.   4.  21.]]
cf_score, 31.0
nv_score, -5.0
ratio, 0.484848484848
[[ 29.   5.   5.]
 [ 17.   5.  10.]
 [  3.   0.  26.]]
cf_score, 52.0
nv_score, 6.0
ratio, 0.606060606061
[[ 35.   1.   3.]
 [ 24.  10.   3.]
 [ 10.   6.   8.]]
cf_score, 40.0
nv_score, -1.0
ratio, 0.535353535354
[[ 16.   9.  10.]
 [  9.   7.  13.]
 [  9.   1.  26.]]
cf_score, 30.0
nv_score, -7.0
ratio, 0.494949494949
[[ 28.   6.   4.]
 [ 17.   4.   9.]
 [ 12.   1.  19.]]
cf_score, 35.0
nv_score, 2.0
ratio, 0.515151515152
[[ 24.   4.   4.]
 [ 22.   0.   8.]
 [ 13.   6.  19.]]
cf_score, 26.0
nv_score, 3.0
ratio, 0.434343434343
[[ 27.   6.   1.]
 [ 22.   8.   1.]
 [ 11.   6.  18.]]
cf_score, 41.0
nv_score, 15.0
ratio, 0.535353535354
[[ 20.   6.   5.]
 [ 13.   5.  12.]
 [ 11.   1.  27.]]
cf_score, 36.0
nv_score, 5.0
ratio, 0.525252525253
[[ 30.   4.   9.]
 [  9.   2.   8.]
 [  7.   1.  30.]]
cf_score, 46.0
nv_score, 4.0
ratio, 0.626262626263
[[ 17.   5.   6.]
 [ 16.   9.  12.]
 [  7.   2.  26.]]
cf_score, 39.0
nv_score, 2.0
ratio, 0.525252525253
[[ 29.   3.   7.]
 [ 25.   7.   8.]
 [  6.   1.  14.]]
cf_score, 37.0
nv_score, -8.0
ratio, 0.505050505051
[[ 18.   7.   7.]
 [ 21.   4.  14.]
 [  7.   2.  20.]]
cf_score, 28.0
nv_score, -8.0
ratio, 0.424242424242
[[ 19.   5.   8.]
 [ 22.   6.   7.]
 [ 10.   2.  21.]]
cf_score, 28.0
nv_score, -2.0
ratio, 0.464646464646
