[[  0.  43.   0.]
 [  0.  30.   0.]
 [  0.  27.   0.]]
cf_score, 30.0
nv_score, 0.0
ratio, 0.30303030303
[[ 16.  15.   3.]
 [ 11.  17.   7.]
 [ 16.  13.   2.]]
cf_score, 16.0
nv_score, -11.0
ratio, 0.353535353535
[[ 12.  22.   4.]
 [ 12.  19.   1.]
 [ 13.  14.   3.]]
cf_score, 17.0
nv_score, -6.0
ratio, 0.343434343434
[[ 14.   8.   7.]
 [  7.  24.   6.]
 [ 11.  17.   6.]]
cf_score, 26.0
nv_score, -14.0
ratio, 0.444444444444
[[ 10.   7.   3.]
 [ 17.  17.   5.]
 [ 20.  14.   7.]]
cf_score, 11.0
nv_score, -4.0
ratio, 0.343434343434
[[ 18.  16.   4.]
 [  9.  21.   4.]
 [  9.  14.   5.]]
cf_score, 31.0
nv_score, -7.0
ratio, 0.444444444444
[[ 23.  21.   8.]
 [  6.  20.   3.]
 [  9.   6.   4.]]
cf_score, 30.0
nv_score, -15.0
ratio, 0.474747474747
[[ 13.  17.   7.]
 [  8.  19.   9.]
 [  8.  14.   5.]]
cf_score, 22.0
nv_score, -18.0
ratio, 0.373737373737
[[ 14.  15.   7.]
 [ 10.  19.   7.]
 [  8.  19.   1.]]
cf_score, 19.0
nv_score, -20.0
ratio, 0.343434343434
[[ 11.  14.   5.]
 [  6.  15.   5.]
 [ 14.  23.   7.]]
cf_score, 14.0
nv_score, -8.0
ratio, 0.333333333333
[[ 14.  18.   8.]
 [  5.  24.   5.]
 [  6.  13.   7.]]
cf_score, 31.0
nv_score, -14.0
ratio, 0.454545454545
[[ 10.  16.   8.]
 [  9.  20.   8.]
 [  9.  10.  10.]]
cf_score, 23.0
nv_score, -14.0
ratio, 0.40404040404
[[  9.  14.   7.]
 [ 12.  21.   4.]
 [ 19.   8.   6.]]
cf_score, 10.0
nv_score, -12.0
ratio, 0.363636363636
[[  7.  19.  12.]
 [  4.  21.   7.]
 [ 10.  14.   6.]]
cf_score, 12.0
nv_score, -25.0
ratio, 0.343434343434
[[  8.  22.   9.]
 [  6.  21.   4.]
 [  6.  16.   8.]]
cf_score, 22.0
nv_score, -14.0
ratio, 0.373737373737
[[  6.  24.  14.]
 [  2.  19.   6.]
 [  3.  22.   4.]]
cf_score, 12.0
nv_score, -30.0
ratio, 0.292929292929
[[  4.  17.   7.]
 [  2.  21.   9.]
 [  6.  25.   9.]]
cf_score, 21.0
nv_score, -14.0
ratio, 0.343434343434
[[  9.  15.   7.]
 [  9.  25.   8.]
 [ 11.   8.   8.]]
cf_score, 24.0
nv_score, -14.0
ratio, 0.424242424242
[[ 18.  13.   2.]
 [ 12.  13.   9.]
 [ 10.  14.   9.]]
cf_score, 28.0
nv_score, -4.0
ratio, 0.40404040404
[[  7.  18.  12.]
 [  2.  22.   9.]
 [  5.  19.   6.]]
cf_score, 18.0
nv_score, -27.0
ratio, 0.353535353535
[[ 12.  18.   4.]
 [  3.  24.   7.]
 [ 15.  14.   3.]]
cf_score, 20.0
nv_score, -12.0
ratio, 0.393939393939
[[ 11.  13.  13.]
 [  5.  22.   9.]
 [  4.  17.   6.]]
cf_score, 22.0
nv_score, -29.0
ratio, 0.393939393939
[[ 11.  13.  12.]
 [  7.  18.   6.]
 [ 13.  11.   9.]]
cf_score, 13.0
nv_score, -21.0
ratio, 0.383838383838
[[  9.  19.  12.]
 [  2.  26.   5.]
 [  7.  13.   7.]]
cf_score, 23.0
nv_score, -22.0
ratio, 0.424242424242
[[ 18.  12.   6.]
 [ 11.  24.   6.]
 [ 14.   4.   5.]]
cf_score, 27.0
nv_score, -13.0
ratio, 0.474747474747
[[ 14.  18.   3.]
 [  8.  17.   5.]
 [  8.  18.   9.]]
cf_score, 29.0
nv_score, -2.0
ratio, 0.40404040404
[[ 12.  13.   8.]
 [  2.  18.  13.]
 [  6.  18.  10.]]
cf_score, 26.0
nv_score, -19.0
ratio, 0.40404040404
[[ 14.  21.   8.]
 [  4.  22.   5.]
 [  7.  15.   4.]]
cf_score, 25.0
nv_score, -17.0
ratio, 0.40404040404
[[ 12.  15.   6.]
 [ 11.  19.   5.]
 [ 10.  13.   9.]]
cf_score, 24.0
nv_score, -8.0
ratio, 0.40404040404
[[  5.  14.   9.]
 [  3.  23.   9.]
 [  5.  24.   8.]]
cf_score, 22.0
nv_score, -19.0
ratio, 0.363636363636
[[ 17.  16.   8.]
 [  9.  17.   5.]
 [  8.  11.   9.]]
cf_score, 27.0
nv_score, -12.0
ratio, 0.434343434343
[[ 11.  12.   6.]
 [  9.  16.  15.]
 [ 13.   8.  10.]]
cf_score, 18.0
nv_score, -17.0
ratio, 0.373737373737
[[ 10.  15.  10.]
 [  2.  22.   9.]
 [  4.  22.   6.]]
cf_score, 24.0
nv_score, -23.0
ratio, 0.383838383838
[[  9.  21.   8.]
 [  5.  12.  12.]
 [ 10.  15.   8.]]
cf_score, 11.0
nv_score, -20.0
ratio, 0.292929292929
[[ 12.   9.   7.]
 [  6.  24.   9.]
 [ 12.  16.   5.]]
cf_score, 22.0
nv_score, -18.0
ratio, 0.414141414141
[[ 22.  18.   4.]
 [  8.  18.   1.]
 [  7.  10.  12.]]
cf_score, 41.0
nv_score, 3.0
ratio, 0.525252525253
[[ 11.  15.   7.]
 [  4.  15.  12.]
 [ 11.  16.   9.]]
cf_score, 17.0
nv_score, -17.0
ratio, 0.353535353535
[[ 13.  14.  13.]
 [  5.  20.   6.]
 [  7.  15.   7.]]
cf_score, 20.0
nv_score, -25.0
ratio, 0.40404040404
[[  7.  18.   6.]
 [  8.  27.   8.]
 [ 10.  14.   2.]]
cf_score, 20.0
nv_score, -18.0
ratio, 0.363636363636
[[ 16.   2.  16.]
 [  9.  19.   9.]
 [ 12.   8.   9.]]
cf_score, 16.0
nv_score, -32.0
ratio, 0.444444444444
[[ 10.  18.   9.]
 [ 11.  19.   3.]
 [ 11.  14.   5.]]
cf_score, 14.0
nv_score, -16.0
ratio, 0.343434343434
[[  7.  15.  11.]
 [  4.  23.  14.]
 [ 10.  11.   5.]]
cf_score, 14.0
nv_score, -31.0
ratio, 0.353535353535
[[  9.  15.   8.]
 [  8.  19.   5.]
 [ 13.  17.   6.]]
cf_score, 13.0
nv_score, -15.0
ratio, 0.343434343434
[[ 10.  17.   5.]
 [  8.  15.  14.]
 [  8.  15.   8.]]
cf_score, 20.0
nv_score, -16.0
ratio, 0.333333333333
[[  5.  17.  15.]
 [  6.  27.  10.]
 [  2.  12.   6.]]
cf_score, 21.0
nv_score, -34.0
ratio, 0.383838383838
[[  8.  18.  16.]
 [  7.  22.   6.]
 [  8.  11.   4.]]
cf_score, 10.0
nv_score, -34.0
ratio, 0.343434343434
[[  8.  21.  12.]
 [  6.  13.  12.]
 [ 10.  12.   6.]]
cf_score, 5.0
nv_score, -30.0
ratio, 0.272727272727
[[ 13.  14.   4.]
 [  7.  22.   7.]
 [  5.  21.   7.]]
cf_score, 33.0
nv_score, -8.0
ratio, 0.424242424242
[[  6.  12.  12.]
 [  2.  25.   9.]
 [  8.  20.   6.]]
cf_score, 17.0
nv_score, -27.0
ratio, 0.373737373737
[[ 19.  10.  11.]
 [ 10.  21.   5.]
 [  8.   9.   7.]]
cf_score, 28.0
nv_score, -20.0
ratio, 0.474747474747
