[[  3.  15.  19.]
 [  0.  11.  18.]
 [  1.  13.  20.]]
cf_score, 14.0
nv_score, -36.0
ratio, 0.343434343434
[[  0.  15.  14.]
 [  3.  13.  18.]
 [  2.   9.  26.]]
cf_score, 23.0
nv_score, -20.0
ratio, 0.393939393939
[[  0.  29.  12.]
 [  0.  21.  12.]
 [  0.  17.   9.]]
cf_score, 18.0
nv_score, -27.0
ratio, 0.30303030303
[[  2.  20.  13.]
 [  6.  15.  19.]
 [  3.   3.  19.]]
cf_score, 20.0
nv_score, -26.0
ratio, 0.363636363636
[[  1.  18.  21.]
 [  0.  19.  12.]
 [  1.   8.  20.]]
cf_score, 18.0
nv_score, -34.0
ratio, 0.40404040404
[[  2.  28.  10.]
 [  1.  18.   8.]
 [  1.  14.  18.]]
cf_score, 27.0
nv_score, -10.0
ratio, 0.383838383838
[[  0.  23.  17.]
 [  0.  14.  15.]
 [  0.  10.  21.]]
cf_score, 18.0
nv_score, -28.0
ratio, 0.353535353535
[[  0.  19.   9.]
 [  0.  17.  17.]
 [  0.  10.  28.]]
cf_score, 36.0
nv_score, -7.0
ratio, 0.454545454545
[[  0.  23.   9.]
 [  0.  24.  14.]
 [  0.  13.  17.]]
cf_score, 32.0
nv_score, -15.0
ratio, 0.414141414141
[[  0.  13.  15.]
 [  0.  18.  14.]
 [  0.  15.  25.]]
cf_score, 28.0
nv_score, -19.0
ratio, 0.434343434343
[[  0.  18.   8.]
 [  0.  27.  16.]
 [  0.  11.  20.]]
cf_score, 39.0
nv_score, -12.0
ratio, 0.474747474747
[[  0.  22.  13.]
 [  0.  21.  10.]
 [  0.  12.  22.]]
cf_score, 30.0
nv_score, -14.0
ratio, 0.434343434343
[[  0.  30.  10.]
 [  0.  21.  10.]
 [  0.  18.  11.]]
cf_score, 22.0
nv_score, -19.0
ratio, 0.323232323232
[[  0.  27.   7.]
 [  0.  26.  12.]
 [  0.  19.   9.]]
cf_score, 28.0
nv_score, -17.0
ratio, 0.353535353535
[[  0.  30.   9.]
 [  0.  21.   6.]
 [  0.  13.  21.]]
cf_score, 33.0
nv_score, -3.0
ratio, 0.424242424242
[[  0.  21.  10.]
 [  0.  16.  11.]
 [  0.  18.  24.]]
cf_score, 30.0
nv_score, -7.0
ratio, 0.40404040404
[[  0.  28.  10.]
 [  0.  26.  10.]
 [  0.  10.  16.]]
cf_score, 32.0
nv_score, -14.0
ratio, 0.424242424242
[[  0.  21.  12.]
 [  0.  21.   9.]
 [  0.  16.  21.]]
cf_score, 30.0
nv_score, -12.0
ratio, 0.424242424242
[[  0.  21.  11.]
 [  0.  28.   3.]
 [  0.  21.  16.]]
cf_score, 33.0
nv_score, -9.0
ratio, 0.444444444444
[[  0.  18.  22.]
 [  0.  16.  19.]
 [  0.   6.  19.]]
cf_score, 13.0
nv_score, -44.0
ratio, 0.353535353535
[[  0.  19.  13.]
 [  0.  19.  17.]
 [  0.  13.  19.]]
cf_score, 25.0
nv_score, -24.0
ratio, 0.383838383838
[[  0.  26.  18.]
 [  0.  15.  14.]
 [  0.   9.  18.]]
cf_score, 15.0
nv_score, -32.0
ratio, 0.333333333333
[[  0.  21.  15.]
 [  0.  18.  13.]
 [  0.  13.  20.]]
cf_score, 23.0
nv_score, -23.0
ratio, 0.383838383838
[[  0.  29.  10.]
 [  0.  20.   9.]
 [  0.  12.  20.]]
cf_score, 30.0
nv_score, -9.0
ratio, 0.40404040404
[[  0.  26.  14.]
 [  0.  23.   7.]
 [  0.  11.  19.]]
cf_score, 28.0
nv_score, -16.0
ratio, 0.424242424242
[[  0.  25.  10.]
 [  0.  23.  11.]
 [  0.  14.  17.]]
cf_score, 30.0
nv_score, -14.0
ratio, 0.40404040404
[[  0.  23.  10.]
 [  0.  32.   6.]
 [  0.  26.   3.]]
cf_score, 25.0
nv_score, -23.0
ratio, 0.353535353535
[[  0.  14.  14.]
 [  0.  27.  13.]
 [  0.  10.  22.]]
cf_score, 35.0
nv_score, -19.0
ratio, 0.494949494949
[[  0.  10.  16.]
 [  0.  19.  21.]
 [  0.   8.  26.]]
cf_score, 29.0
nv_score, -27.0
ratio, 0.454545454545
[[  0.  24.   7.]
 [  0.  27.   4.]
 [  0.  17.  21.]]
cf_score, 41.0
nv_score, 3.0
ratio, 0.484848484848
[[  0.  23.   8.]
 [  0.  28.   3.]
 [  0.  29.   9.]]
cf_score, 29.0
nv_score, -10.0
ratio, 0.373737373737
[[  0.  20.  10.]
 [  0.  21.   7.]
 [  0.  23.  19.]]
cf_score, 30.0
nv_score, -8.0
ratio, 0.40404040404
[[  0.  20.   4.]
 [  0.  26.   9.]
 [  0.  20.  21.]]
cf_score, 43.0
nv_score, 4.0
ratio, 0.474747474747
[[  0.  13.  12.]
 [  0.  28.  16.]
 [  0.  20.  11.]]
cf_score, 27.0
nv_score, -29.0
ratio, 0.393939393939
[[  0.  22.  10.]
 [  0.  15.  12.]
 [  0.  16.  25.]]
cf_score, 30.0
nv_score, -7.0
ratio, 0.40404040404
[[  0.  13.  14.]
 [  0.  26.  18.]
 [  0.  14.  15.]]
cf_score, 27.0
nv_score, -31.0
ratio, 0.414141414141
[[  0.  29.  12.]
 [  0.  21.   8.]
 [  0.  13.  17.]]
cf_score, 26.0
nv_score, -15.0
ratio, 0.383838383838
[[  0.  19.  13.]
 [  0.  13.  15.]
 [  0.  13.  27.]]
cf_score, 27.0
nv_score, -14.0
ratio, 0.40404040404
[[  0.  16.  16.]
 [  0.  15.  19.]
 [  0.   9.  25.]]
cf_score, 24.0
nv_score, -26.0
ratio, 0.40404040404
[[  0.  15.  11.]
 [  0.  19.  13.]
 [  0.  14.  28.]]
cf_score, 36.0
nv_score, -7.0
ratio, 0.474747474747
[[  0.  20.  18.]
 [  0.  17.  11.]
 [  0.  13.  21.]]
cf_score, 20.0
nv_score, -26.0
ratio, 0.383838383838
[[  0.  23.  14.]
 [  0.  19.  11.]
 [  0.  17.  16.]]
cf_score, 21.0
nv_score, -23.0
ratio, 0.353535353535
[[  0.  20.  15.]
 [  0.  26.  17.]
 [  0.   8.  14.]]
cf_score, 25.0
nv_score, -33.0
ratio, 0.40404040404
[[  0.  32.   4.]
 [  0.  22.  11.]
 [  0.  13.  18.]]
cf_score, 36.0
nv_score, -1.0
ratio, 0.40404040404
[[  0.  26.   9.]
 [  0.  25.  12.]
 [  0.  12.  16.]]
cf_score, 32.0
nv_score, -14.0
ratio, 0.414141414141
[[  0.  25.   7.]
 [  0.  28.   8.]
 [  0.  14.  18.]]
cf_score, 39.0
nv_score, -4.0
ratio, 0.464646464646
[[  0.  24.  14.]
 [  0.  22.   5.]
 [  0.  14.  21.]]
cf_score, 29.0
nv_score, -12.0
ratio, 0.434343434343
[[  0.  25.  12.]
 [  0.  25.  11.]
 [  0.  13.  14.]]
cf_score, 27.0
nv_score, -21.0
ratio, 0.393939393939
[[  0.  23.  13.]
 [  0.  26.   8.]
 [  0.  17.  13.]]
cf_score, 26.0
nv_score, -21.0
ratio, 0.393939393939
[[  0.  20.  12.]
 [  0.  17.  17.]
 [  0.  14.  20.]]
cf_score, 25.0
nv_score, -21.0
ratio, 0.373737373737
