[[  0.  14.   0.]
 [  0.  68.   0.]
 [  0.  18.   0.]]
cf_score, 68.0
nv_score, 0.0
ratio, 0.686868686869
[[  0.  13.   0.]
 [  0.  67.   0.]
 [  0.  20.   0.]]
cf_score, 67.0
nv_score, 0.0
ratio, 0.676767676768
[[  0.  10.   3.]
 [  0.  70.   3.]
 [  0.  13.   1.]]
cf_score, 68.0
nv_score, -8.0
ratio, 0.717171717172
[[  0.  10.   3.]
 [  0.  61.   5.]
 [  0.  18.   3.]]
cf_score, 61.0
nv_score, -8.0
ratio, 0.646464646465
[[  5.  11.   0.]
 [  4.  58.   0.]
 [  5.  17.   0.]]
cf_score, 58.0
nv_score, 0.0
ratio, 0.636363636364
[[  3.  18.   0.]
 [  4.  59.   0.]
 [  5.  11.   0.]]
cf_score, 57.0
nv_score, 0.0
ratio, 0.626262626263
[[  0.   9.   0.]
 [  1.  69.   0.]
 [  3.  18.   0.]]
cf_score, 66.0
nv_score, 0.0
ratio, 0.69696969697
[[  0.  18.   1.]
 [  2.  58.   1.]
 [  2.  17.   1.]]
cf_score, 56.0
nv_score, -2.0
ratio, 0.59595959596
[[  2.  11.   3.]
 [  4.  66.   1.]
 [  2.   9.   2.]]
cf_score, 65.0
nv_score, -5.0
ratio, 0.707070707071
[[  2.  13.   1.]
 [  0.  60.   0.]
 [  5.  15.   4.]]
cf_score, 60.0
nv_score, 2.0
ratio, 0.666666666667
[[  1.  15.   0.]
 [  1.  67.   3.]
 [  1.  11.   1.]]
cf_score, 68.0
nv_score, -2.0
ratio, 0.69696969697
[[  4.   3.   4.]
 [  7.  68.   1.]
 [  6.   7.   0.]]
cf_score, 62.0
nv_score, -9.0
ratio, 0.727272727273
[[  4.   6.   3.]
 [  2.  63.   3.]
 [  2.  15.   2.]]
cf_score, 64.0
nv_score, -7.0
ratio, 0.69696969697
[[  3.  10.   1.]
 [  1.  67.   2.]
 [  2.  11.   3.]]
cf_score, 70.0
nv_score, -1.0
ratio, 0.737373737374
[[  1.   6.   1.]
 [  3.  68.   7.]
 [  4.   6.   4.]]
cf_score, 68.0
nv_score, -5.0
ratio, 0.737373737374
[[  3.  11.   3.]
 [  0.  62.   4.]
 [  6.   8.   3.]]
cf_score, 59.0
nv_score, -7.0
ratio, 0.686868686869
[[  6.  13.   4.]
 [  1.  65.   2.]
 [  2.   6.   1.]]
cf_score, 66.0
nv_score, -9.0
ratio, 0.727272727273
[[  4.   7.   0.]
 [  2.  63.   2.]
 [  8.  11.   3.]]
cf_score, 62.0
nv_score, 1.0
ratio, 0.707070707071
[[  3.  10.   5.]
 [  1.  60.   2.]
 [  3.  11.   5.]]
cf_score, 60.0
nv_score, -7.0
ratio, 0.686868686869
[[  3.   9.   4.]
 [  2.  59.   5.]
 [  8.   9.   1.]]
cf_score, 51.0
nv_score, -12.0
ratio, 0.636363636364
[[  4.  10.   2.]
 [  2.  58.   4.]
 [  4.  14.   2.]]
cf_score, 58.0
nv_score, -6.0
ratio, 0.646464646465
[[  2.   8.   2.]
 [  0.  63.   1.]
 [  7.  10.   7.]]
cf_score, 63.0
nv_score, 2.0
ratio, 0.727272727273
[[  5.   9.   0.]
 [  0.  66.   3.]
 [  5.   9.   3.]]
cf_score, 69.0
nv_score, 0.0
ratio, 0.747474747475
[[  2.   8.   3.]
 [  1.  71.   2.]
 [  3.   9.   1.]]
cf_score, 68.0
nv_score, -7.0
ratio, 0.747474747475
[[  4.  11.   5.]
 [  4.  61.   2.]
 [  6.   6.   1.]]
cf_score, 55.0
nv_score, -11.0
ratio, 0.666666666667
[[  3.  11.   3.]
 [  0.  65.   1.]
 [  0.  10.   7.]]
cf_score, 72.0
nv_score, 0.0
ratio, 0.757575757576
[[  2.   9.   3.]
 [  4.  63.   4.]
 [  5.   8.   2.]]
cf_score, 59.0
nv_score, -8.0
ratio, 0.676767676768
[[  6.  11.   2.]
 [  1.  55.   2.]
 [  2.  13.   8.]]
cf_score, 65.0
nv_score, 2.0
ratio, 0.69696969697
[[  5.  11.   2.]
 [  2.  54.   2.]
 [  7.  15.   2.]]
cf_score, 52.0
nv_score, -4.0
ratio, 0.616161616162
[[  3.  14.   3.]
 [  3.  58.   0.]
 [  3.  12.   4.]]
cf_score, 59.0
nv_score, -2.0
ratio, 0.656565656566
[[  5.   7.   9.]
 [  1.  66.   2.]
 [  4.   4.   2.]]
cf_score, 60.0
nv_score, -18.0
ratio, 0.737373737374
[[  7.  11.   2.]
 [  4.  58.   1.]
 [  6.   9.   2.]]
cf_score, 59.0
nv_score, -3.0
ratio, 0.676767676768
[[  2.   9.   4.]
 [  5.  60.   3.]
 [  5.  10.   2.]]
cf_score, 55.0
nv_score, -9.0
ratio, 0.646464646465
[[  3.  10.   3.]
 [  4.  55.   5.]
 [  6.  13.   1.]]
cf_score, 50.0
nv_score, -10.0
ratio, 0.59595959596
[[  5.  14.   2.]
 [  3.  60.   2.]
 [  5.   7.   2.]]
cf_score, 60.0
nv_score, -4.0
ratio, 0.676767676768
[[  4.   8.   5.]
 [  3.  48.   3.]
 [  4.  16.   9.]]
cf_score, 52.0
nv_score, -4.0
ratio, 0.616161616162
[[  6.  10.   4.]
 [  3.  62.   5.]
 [  2.   5.   3.]]
cf_score, 65.0
nv_score, -10.0
ratio, 0.717171717172
[[  6.   8.   1.]
 [  3.  63.   4.]
 [  4.   9.   2.]]
cf_score, 66.0
nv_score, -4.0
ratio, 0.717171717172
[[  0.  11.   4.]
 [  4.  66.   1.]
 [  3.   8.   3.]]
cf_score, 62.0
nv_score, -6.0
ratio, 0.69696969697
[[  5.   9.   2.]
 [  1.  65.   2.]
 [  3.  10.   3.]]
cf_score, 68.0
nv_score, -3.0
ratio, 0.737373737374
[[  6.  10.   4.]
 [  1.  58.   1.]
 [  2.  16.   2.]]
cf_score, 60.0
nv_score, -7.0
ratio, 0.666666666667
[[  2.  14.   3.]
 [  2.  53.   5.]
 [  7.  10.   4.]]
cf_score, 49.0
nv_score, -7.0
ratio, 0.59595959596
[[  4.   8.   7.]
 [  0.  64.   1.]
 [  6.   8.   2.]]
cf_score, 57.0
nv_score, -13.0
ratio, 0.707070707071
[[  4.  14.   4.]
 [  3.  43.   5.]
 [  9.  12.   6.]]
cf_score, 40.0
nv_score, -7.0
ratio, 0.535353535354
[[  4.  12.   2.]
 [  4.  59.   2.]
 [  3.  11.   3.]]
cf_score, 61.0
nv_score, -3.0
ratio, 0.666666666667
[[  3.   4.   0.]
 [  4.  63.   3.]
 [  6.  11.   6.]]
cf_score, 66.0
nv_score, 3.0
ratio, 0.727272727273
[[  3.   9.   2.]
 [  2.  70.   2.]
 [  4.   3.   5.]]
cf_score, 72.0
nv_score, -1.0
ratio, 0.787878787879
[[  7.  11.   4.]
 [  1.  64.   1.]
 [  5.   4.   3.]]
cf_score, 65.0
nv_score, -6.0
ratio, 0.747474747475
[[  4.   8.   6.]
 [  2.  54.   3.]
 [  5.  15.   3.]]
cf_score, 50.0
nv_score, -12.0
ratio, 0.616161616162
[[  3.  11.   1.]
 [  2.  67.   1.]
 [  4.   8.   3.]]
cf_score, 68.0
nv_score, 0.0
ratio, 0.737373737374
