[[  0.  22.  12.]
 [  0.  22.  11.]
 [  0.  16.  17.]]
cf_score, 27.0
nv_score, -18.0
ratio, 0.393939393939
[[  0.  33.   9.]
 [  0.  22.  14.]
 [  0.   6.  16.]]
cf_score, 29.0
nv_score, -16.0
ratio, 0.383838383838
[[  8.  19.   4.]
 [ 12.  21.   5.]
 [  9.  15.   7.]]
cf_score, 23.0
nv_score, -6.0
ratio, 0.363636363636
[[  7.  21.   7.]
 [  7.  24.   4.]
 [  6.  20.   4.]]
cf_score, 22.0
nv_score, -14.0
ratio, 0.353535353535
[[ 11.  17.   8.]
 [  7.  19.   8.]
 [  6.  21.   3.]]
cf_score, 19.0
nv_score, -21.0
ratio, 0.333333333333
[[ 11.  14.   8.]
 [  9.  13.   5.]
 [  5.  25.  10.]]
cf_score, 21.0
nv_score, -11.0
ratio, 0.343434343434
[[ 10.  20.   7.]
 [  7.  11.  14.]
 [  9.  16.   6.]]
cf_score, 11.0
nv_score, -22.0
ratio, 0.272727272727
[[  9.  18.   5.]
 [  9.  18.   8.]
 [  5.  17.  11.]]
cf_score, 28.0
nv_score, -7.0
ratio, 0.383838383838
[[  9.  26.  14.]
 [  5.  13.   6.]
 [  8.  12.   7.]]
cf_score, 7.0
nv_score, -27.0
ratio, 0.292929292929
[[ 10.  19.   8.]
 [ 10.  16.  10.]
 [  7.  14.   6.]]
cf_score, 17.0
nv_score, -20.0
ratio, 0.323232323232
[[  9.  15.   5.]
 [  9.  22.   8.]
 [  6.  18.   8.]]
cf_score, 28.0
nv_score, -10.0
ratio, 0.393939393939
[[ 11.  18.   3.]
 [  7.  13.  16.]
 [  7.  17.   8.]]
cf_score, 22.0
nv_score, -14.0
ratio, 0.323232323232
[[ 10.  23.   9.]
 [  8.  18.   7.]
 [  9.  10.   6.]]
cf_score, 16.0
nv_score, -19.0
ratio, 0.343434343434
[[ 17.  15.   2.]
 [  5.  16.  14.]
 [  4.  20.   7.]]
cf_score, 34.0
nv_score, -11.0
ratio, 0.40404040404
[[ 14.  18.   4.]
 [  7.  19.   8.]
 [ 10.  12.   8.]]
cf_score, 27.0
nv_score, -8.0
ratio, 0.414141414141
[[ 16.  19.   4.]
 [  7.  17.   7.]
 [  5.  17.   8.]]
cf_score, 32.0
nv_score, -7.0
ratio, 0.414141414141
[[ 11.  18.   7.]
 [  8.  20.   3.]
 [  8.  20.   5.]]
cf_score, 21.0
nv_score, -12.0
ratio, 0.363636363636
[[ 11.  13.   6.]
 [  9.  17.   9.]
 [  5.  23.   7.]]
cf_score, 24.0
nv_score, -14.0
ratio, 0.353535353535
[[ 12.  17.   7.]
 [  5.  16.  10.]
 [ 11.  14.   8.]]
cf_score, 18.0
nv_score, -16.0
ratio, 0.363636363636
[[ 10.  14.   5.]
 [  4.  25.   9.]
 [ 12.  13.   8.]]
cf_score, 26.0
nv_score, -11.0
ratio, 0.434343434343
[[ 19.  18.   6.]
 [  9.  18.   4.]
 [ 12.   7.   7.]]
cf_score, 26.0
nv_score, -9.0
ratio, 0.444444444444
[[ 12.  18.   4.]
 [ 13.   9.   9.]
 [  8.  17.  10.]]
cf_score, 19.0
nv_score, -7.0
ratio, 0.313131313131
[[ 12.  13.   9.]
 [  6.  18.  11.]
 [  5.  16.  10.]]
cf_score, 26.0
nv_score, -19.0
ratio, 0.40404040404
[[ 12.  11.  12.]
 [  7.  14.   9.]
 [ 12.  17.   6.]]
cf_score, 8.0
nv_score, -27.0
ratio, 0.323232323232
[[ 13.  12.  14.]
 [  7.  23.  10.]
 [  4.  13.   4.]]
cf_score, 22.0
nv_score, -34.0
ratio, 0.40404040404
[[ 11.  14.  10.]
 [ 17.  15.   8.]
 [  8.  13.   4.]]
cf_score, 12.0
nv_score, -24.0
ratio, 0.30303030303
[[  6.  11.   9.]
 [  5.  25.  15.]
 [  5.   9.  15.]]
cf_score, 32.0
nv_score, -18.0
ratio, 0.464646464646
[[ 10.  16.  11.]
 [ 10.  20.   1.]
 [ 12.  16.   4.]]
cf_score, 11.0
nv_score, -19.0
ratio, 0.343434343434
[[ 10.  17.  13.]
 [  8.  14.  12.]
 [  9.   9.   8.]]
cf_score, 10.0
nv_score, -30.0
ratio, 0.323232323232
[[ 18.  17.   8.]
 [  9.  16.   9.]
 [  7.   7.   9.]]
cf_score, 28.0
nv_score, -16.0
ratio, 0.434343434343
[[  5.  27.  14.]
 [  3.  17.   3.]
 [  8.  17.   6.]]
cf_score, 6.0
nv_score, -25.0
ratio, 0.282828282828
[[ 12.  17.  10.]
 [  8.  18.   6.]
 [ 11.  16.   2.]]
cf_score, 11.0
nv_score, -24.0
ratio, 0.323232323232
[[ 10.  16.  19.]
 [  9.  13.   6.]
 [  7.  12.   8.]]
cf_score, 5.0
nv_score, -36.0
ratio, 0.313131313131
[[ 12.  17.  14.]
 [  2.  17.   9.]
 [  8.  16.   5.]]
cf_score, 12.0
nv_score, -32.0
ratio, 0.343434343434
[[ 15.  19.   7.]
 [  7.  22.  10.]
 [  7.  10.   3.]]
cf_score, 26.0
nv_score, -21.0
ratio, 0.40404040404
[[  7.  19.  14.]
 [  3.  19.   7.]
 [  4.  17.  10.]]
cf_score, 18.0
nv_score, -25.0
ratio, 0.363636363636
[[  7.  24.  14.]
 [  3.  19.   7.]
 [  4.  14.   8.]]
cf_score, 16.0
nv_score, -27.0
ratio, 0.343434343434
[[  7.  15.  15.]
 [  5.  19.  15.]
 [  3.  14.   7.]]
cf_score, 15.0
nv_score, -38.0
ratio, 0.333333333333
[[  9.  18.  17.]
 [  3.  22.   5.]
 [  6.  12.   8.]]
cf_score, 16.0
nv_score, -31.0
ratio, 0.393939393939
[[  9.  22.  16.]
 [  6.  18.   5.]
 [  5.  12.   7.]]
cf_score, 13.0
nv_score, -30.0
ratio, 0.343434343434
[[  3.  27.   7.]
 [  8.  19.  13.]
 [  4.   9.  10.]]
cf_score, 21.0
nv_score, -17.0
ratio, 0.323232323232
[[  9.  16.  14.]
 [  2.  24.   9.]
 [  7.  12.   7.]]
cf_score, 19.0
nv_score, -30.0
ratio, 0.40404040404
[[ 10.  14.  13.]
 [  5.  15.   7.]
 [ 10.  17.   9.]]
cf_score, 11.0
nv_score, -24.0
ratio, 0.343434343434
[[ 12.  12.  10.]
 [  2.  22.   8.]
 [  9.  15.  10.]]
cf_score, 25.0
nv_score, -18.0
ratio, 0.444444444444
[[  5.  20.   8.]
 [  5.  24.  12.]
 [  7.  14.   5.]]
cf_score, 19.0
nv_score, -23.0
ratio, 0.343434343434
[[  6.  21.   9.]
 [ 11.   9.   8.]
 [  8.  17.  11.]]
cf_score, 9.0
nv_score, -15.0
ratio, 0.262626262626
[[ 11.  10.  13.]
 [  3.  18.  11.]
 [  7.  18.   9.]]
cf_score, 18.0
nv_score, -28.0
ratio, 0.383838383838
[[  9.  16.  17.]
 [  9.  13.  15.]
 [  3.  11.   7.]]
cf_score, 9.0
nv_score, -42.0
ratio, 0.292929292929
[[  6.  12.  11.]
 [  4.  19.  15.]
 [  5.  16.  12.]]
cf_score, 21.0
nv_score, -25.0
ratio, 0.373737373737
[[  7.  17.  12.]
 [  8.  15.   7.]
 [ 10.  11.  13.]]
cf_score, 13.0
nv_score, -18.0
ratio, 0.353535353535
