[[  0.   0.  36.]
 [  0.   0.  35.]
 [  0.   0.  29.]]
cf_score, -7.0
nv_score, -78.0
ratio, 0.292929292929
[[ 30.   0.  13.]
 [ 24.   0.  12.]
 [  8.   0.  13.]]
cf_score, 22.0
nv_score, -25.0
ratio, 0.434343434343
[[ 15.   0.  11.]
 [ 28.   4.  12.]
 [ 11.   2.  17.]]
cf_score, 14.0
nv_score, -17.0
ratio, 0.363636363636
[[ 16.   2.  11.]
 [ 25.   6.  10.]
 [ 10.   3.  17.]]
cf_score, 18.0
nv_score, -15.0
ratio, 0.393939393939
[[ 16.   5.   4.]
 [ 28.   5.  11.]
 [  8.   8.  15.]]
cf_score, 24.0
nv_score, -4.0
ratio, 0.363636363636
[[ 19.   4.  16.]
 [ 13.   8.   7.]
 [  7.   4.  22.]]
cf_score, 26.0
nv_score, -17.0
ratio, 0.494949494949
[[ 26.   4.  11.]
 [ 14.  13.  11.]
 [  6.   3.  12.]]
cf_score, 34.0
nv_score, -21.0
ratio, 0.515151515152
[[ 21.   3.   7.]
 [ 22.   8.  10.]
 [  8.   5.  16.]]
cf_score, 30.0
nv_score, -8.0
ratio, 0.454545454545
[[ 21.   4.   8.]
 [ 19.  12.  11.]
 [  4.   8.  13.]]
cf_score, 34.0
nv_score, -14.0
ratio, 0.464646464646
[[ 12.  10.  12.]
 [ 16.  11.  10.]
 [  6.   8.  15.]]
cf_score, 20.0
nv_score, -19.0
ratio, 0.383838383838
[[ 17.   9.  10.]
 [ 13.  15.   7.]
 [  8.   5.  16.]]
cf_score, 30.0
nv_score, -11.0
ratio, 0.484848484848
[[ 17.   7.   9.]
 [ 19.   9.  12.]
 [  9.   6.  12.]]
cf_score, 20.0
nv_score, -18.0
ratio, 0.383838383838
[[ 15.   7.   3.]
 [ 14.  13.  12.]
 [  3.  10.  23.]]
cf_score, 45.0
nv_score, 5.0
ratio, 0.515151515152
[[ 13.   7.  17.]
 [ 13.  15.   5.]
 [  1.   5.  24.]]
cf_score, 34.0
nv_score, -15.0
ratio, 0.525252525253
[[ 12.   2.  11.]
 [ 17.  15.  13.]
 [  3.   5.  22.]]
cf_score, 35.0
nv_score, -13.0
ratio, 0.494949494949
[[ 16.  12.   8.]
 [ 17.   7.   8.]
 [  5.   8.  19.]]
cf_score, 29.0
nv_score, -5.0
ratio, 0.424242424242
[[ 15.  12.   7.]
 [ 19.  12.   5.]
 [  9.   4.  17.]]
cf_score, 28.0
nv_score, -2.0
ratio, 0.444444444444
[[ 19.   5.   9.]
 [ 23.   7.   8.]
 [  8.   3.  18.]]
cf_score, 27.0
nv_score, -8.0
ratio, 0.444444444444
[[ 15.   6.  17.]
 [ 11.  13.  12.]
 [  9.   2.  15.]]
cf_score, 17.0
nv_score, -31.0
ratio, 0.434343434343
[[ 20.   9.  11.]
 [ 15.  10.  10.]
 [  2.   5.  18.]]
cf_score, 35.0
nv_score, -14.0
ratio, 0.484848484848
[[ 16.  10.   7.]
 [ 14.  12.  10.]
 [  4.   6.  21.]]
cf_score, 38.0
nv_score, -3.0
ratio, 0.494949494949
[[  9.  10.  10.]
 [ 12.  14.  15.]
 [  8.   2.  20.]]
cf_score, 25.0
nv_score, -15.0
ratio, 0.434343434343
[[ 19.   5.   8.]
 [ 19.  14.  16.]
 [  2.   5.  12.]]
cf_score, 35.0
nv_score, -20.0
ratio, 0.454545454545
[[ 20.   2.   6.]
 [ 17.   8.  10.]
 [ 16.   5.  16.]]
cf_score, 22.0
nv_score, -6.0
ratio, 0.444444444444
[[ 24.   8.   6.]
 [ 15.   9.  10.]
 [  4.   7.  17.]]
cf_score, 40.0
nv_score, -5.0
ratio, 0.505050505051
[[ 10.   6.  12.]
 [ 12.  15.  20.]
 [  3.   5.  17.]]
cf_score, 27.0
nv_score, -27.0
ratio, 0.424242424242
[[ 18.   8.   7.]
 [ 13.   9.  11.]
 [  5.   8.  21.]]
cf_score, 36.0
nv_score, -4.0
ratio, 0.484848484848
[[ 15.   8.   6.]
 [ 18.  12.  12.]
 [  5.   3.  21.]]
cf_score, 37.0
nv_score, -3.0
ratio, 0.484848484848
[[ 21.   2.   9.]
 [ 19.  16.   9.]
 [  8.   4.  12.]]
cf_score, 32.0
nv_score, -15.0
ratio, 0.494949494949
[[ 12.  10.  17.]
 [ 15.  16.   9.]
 [  4.   3.  14.]]
cf_score, 21.0
nv_score, -29.0
ratio, 0.424242424242
[[ 19.  15.   6.]
 [ 15.   8.  12.]
 [  5.   5.  15.]]
cf_score, 31.0
nv_score, -9.0
ratio, 0.424242424242
[[ 23.   5.   6.]
 [ 24.  10.   6.]
 [  4.   9.  13.]]
cf_score, 36.0
nv_score, -5.0
ratio, 0.464646464646
[[ 19.   5.   7.]
 [ 16.  14.   8.]
 [ 11.   3.  17.]]
cf_score, 32.0
nv_score, -5.0
ratio, 0.505050505051
[[ 16.   9.   9.]
 [ 23.  11.   7.]
 [  1.   6.  18.]]
cf_score, 35.0
nv_score, -7.0
ratio, 0.454545454545
[[ 11.   9.   7.]
 [ 16.  13.  14.]
 [  7.   4.  19.]]
cf_score, 29.0
nv_score, -9.0
ratio, 0.434343434343
[[ 14.   9.  13.]
 [ 19.  11.  11.]
 [  7.   5.  11.]]
cf_score, 16.0
nv_score, -26.0
ratio, 0.363636363636
[[ 18.   4.   8.]
 [ 14.  18.  14.]
 [  4.   4.  16.]]
cf_score, 40.0
nv_score, -14.0
ratio, 0.525252525253
[[ 21.   8.   8.]
 [ 13.   8.  11.]
 [  8.   6.  17.]]
cf_score, 30.0
nv_score, -10.0
ratio, 0.464646464646
[[ 14.   2.  13.]
 [ 18.  14.  11.]
 [  3.   6.  19.]]
cf_score, 31.0
nv_score, -18.0
ratio, 0.474747474747
[[ 21.   3.  11.]
 [ 17.  10.   9.]
 [  5.   1.  23.]]
cf_score, 38.0
nv_score, -8.0
ratio, 0.545454545455
[[ 19.   5.   9.]
 [ 21.  12.   7.]
 [  6.   2.  19.]]
cf_score, 35.0
nv_score, -6.0
ratio, 0.505050505051
[[ 23.   6.   7.]
 [ 15.  17.  10.]
 [  3.   4.  15.]]
cf_score, 45.0
nv_score, -9.0
ratio, 0.555555555556
[[ 19.  10.   9.]
 [ 16.  14.   6.]
 [  3.   4.  19.]]
cf_score, 40.0
nv_score, -5.0
ratio, 0.525252525253
[[ 11.   6.   6.]
 [ 26.  11.   6.]
 [ 10.   4.  20.]]
cf_score, 26.0
nv_score, 2.0
ratio, 0.424242424242
[[ 21.   7.   7.]
 [ 16.   8.  13.]
 [  5.   4.  19.]]
cf_score, 36.0
nv_score, -8.0
ratio, 0.484848484848
[[ 16.   9.   4.]
 [ 19.  10.  12.]
 [  9.   6.  15.]]
cf_score, 28.0
nv_score, -5.0
ratio, 0.414141414141
[[ 14.   3.  10.]
 [ 23.  12.   8.]
 [  7.   5.  18.]]
cf_score, 27.0
nv_score, -10.0
ratio, 0.444444444444
[[ 20.   6.   4.]
 [ 18.  15.   5.]
 [  9.   5.  18.]]
cf_score, 40.0
nv_score, 5.0
ratio, 0.535353535354
[[ 16.   3.   8.]
 [ 12.  13.  16.]
 [  5.   5.  22.]]
cf_score, 38.0
nv_score, -10.0
ratio, 0.515151515152
[[ 12.   8.   6.]
 [ 16.  17.  10.]
 [  6.   4.  21.]]
cf_score, 38.0
nv_score, -1.0
ratio, 0.505050505051
