[[ 19.  14.   0.]
 [  9.  29.   0.]
 [  9.  18.   2.]]
cf_score, 41.0
nv_score, 2.0
ratio, 0.505050505051
[[ 20.  13.   0.]
 [  7.  28.   0.]
 [ 13.  17.   2.]]
cf_score, 37.0
nv_score, 2.0
ratio, 0.505050505051
[[ 16.  14.   2.]
 [ 14.  18.   3.]
 [ 13.  15.   5.]]
cf_score, 24.0
nv_score, -2.0
ratio, 0.393939393939
[[ 13.  16.   2.]
 [ 12.  16.   6.]
 [ 14.  13.   8.]]
cf_score, 21.0
nv_score, -2.0
ratio, 0.373737373737
[[ 25.   9.   2.]
 [ 10.  19.   2.]
 [ 15.  11.   7.]]
cf_score, 34.0
nv_score, 1.0
ratio, 0.515151515152
[[ 25.   6.   1.]
 [ 13.  17.   0.]
 [ 19.  12.   7.]]
cf_score, 29.0
nv_score, 5.0
ratio, 0.494949494949
[[ 21.   7.   3.]
 [ 10.  14.   5.]
 [ 12.  18.  10.]]
cf_score, 30.0
nv_score, -1.0
ratio, 0.454545454545
[[ 23.   8.   1.]
 [  9.  17.   3.]
 [ 16.  18.   5.]]
cf_score, 28.0
nv_score, 0.0
ratio, 0.454545454545
[[ 29.   9.   1.]
 [ 11.  19.   2.]
 [ 10.  11.   8.]]
cf_score, 45.0
nv_score, 4.0
ratio, 0.565656565657
[[ 24.  12.   2.]
 [  7.  21.   1.]
 [ 16.   9.   8.]]
cf_score, 35.0
nv_score, 3.0
ratio, 0.535353535354
[[ 24.  12.   3.]
 [  6.  18.   4.]
 [ 17.  11.   5.]]
cf_score, 27.0
nv_score, -5.0
ratio, 0.474747474747
[[ 16.  11.   4.]
 [ 13.  18.   1.]
 [ 18.  10.   9.]]
cf_score, 21.0
nv_score, 0.0
ratio, 0.434343434343
[[ 17.   9.   1.]
 [ 15.  21.   3.]
 [ 15.  11.   8.]]
cf_score, 30.0
nv_score, 3.0
ratio, 0.464646464646
[[ 17.   3.   2.]
 [  4.  21.   5.]
 [ 23.  17.   8.]]
cf_score, 21.0
nv_score, -1.0
ratio, 0.464646464646
[[  9.  15.   3.]
 [ 12.  26.   2.]
 [ 10.  11.  12.]]
cf_score, 34.0
nv_score, 4.0
ratio, 0.474747474747
[[ 27.  10.   0.]
 [ 11.  19.   2.]
 [ 11.  11.   9.]]
cf_score, 44.0
nv_score, 7.0
ratio, 0.555555555556
[[ 16.  21.   3.]
 [  6.  18.   3.]
 [  7.  17.   9.]]
cf_score, 33.0
nv_score, 0.0
ratio, 0.434343434343
[[ 22.  16.   2.]
 [ 11.  14.   4.]
 [  9.  13.   9.]]
cf_score, 34.0
nv_score, 1.0
ratio, 0.454545454545
[[ 14.   7.   3.]
 [ 14.  12.   6.]
 [  9.  19.  16.]]
cf_score, 30.0
nv_score, 4.0
ratio, 0.424242424242
[[ 20.  10.   3.]
 [  6.  25.   1.]
 [ 19.  11.   5.]]
cf_score, 28.0
nv_score, -2.0
ratio, 0.505050505051
[[ 27.   9.   1.]
 [ 14.  14.   4.]
 [  8.  17.   6.]]
cf_score, 38.0
nv_score, 0.0
ratio, 0.474747474747
[[ 27.   7.   2.]
 [ 11.  17.   3.]
 [ 11.  12.  10.]]
cf_score, 41.0
nv_score, 3.0
ratio, 0.545454545455
[[ 30.   6.   1.]
 [  7.  17.   3.]
 [ 16.   8.  12.]]
cf_score, 42.0
nv_score, 7.0
ratio, 0.59595959596
[[ 21.   9.   1.]
 [  9.  19.   5.]
 [  9.  21.   6.]]
cf_score, 36.0
nv_score, -1.0
ratio, 0.464646464646
[[ 20.  19.   2.]
 [ 13.  10.   2.]
 [ 12.   6.  16.]]
cf_score, 32.0
nv_score, 10.0
ratio, 0.464646464646
[[ 37.   6.   0.]
 [  8.  14.   5.]
 [ 15.  11.   4.]]
cf_score, 40.0
nv_score, -1.0
ratio, 0.555555555556
[[ 18.   1.   2.]
 [ 19.  19.   6.]
 [ 10.  15.  10.]]
cf_score, 35.0
nv_score, 0.0
ratio, 0.474747474747
[[ 28.   7.   3.]
 [ 19.  13.   2.]
 [ 13.   8.   7.]]
cf_score, 32.0
nv_score, -1.0
ratio, 0.484848484848
[[ 13.  12.   8.]
 [ 10.  13.   9.]
 [ 11.  10.  14.]]
cf_score, 21.0
nv_score, -11.0
ratio, 0.40404040404
[[ 20.   8.   5.]
 [ 15.  16.   2.]
 [ 12.  11.  11.]]
cf_score, 30.0
nv_score, -1.0
ratio, 0.474747474747
[[ 22.  11.   5.]
 [  9.  16.   5.]
 [  9.  13.  10.]]
cf_score, 34.0
nv_score, -5.0
ratio, 0.484848484848
[[ 19.  13.   3.]
 [  9.  23.   0.]
 [  7.  18.   8.]]
cf_score, 40.0
nv_score, 2.0
ratio, 0.505050505051
[[ 21.  12.   1.]
 [ 10.  19.   4.]
 [ 11.  15.   7.]]
cf_score, 35.0
nv_score, 1.0
ratio, 0.474747474747
[[ 22.   5.   1.]
 [ 16.  22.   1.]
 [ 14.  11.   8.]]
cf_score, 37.0
nv_score, 5.0
ratio, 0.525252525253
[[ 17.   9.   3.]
 [ 13.  19.   5.]
 [ 18.   9.   7.]]
cf_score, 22.0
nv_score, -4.0
ratio, 0.434343434343
[[ 20.   8.   0.]
 [ 13.  18.   4.]
 [ 15.   8.  14.]]
cf_score, 37.0
nv_score, 10.0
ratio, 0.525252525253
[[ 19.   4.   3.]
 [ 12.  20.  10.]
 [ 16.   6.  10.]]
cf_score, 30.0
nv_score, -6.0
ratio, 0.494949494949
[[ 16.  10.   2.]
 [ 18.  16.   3.]
 [ 16.  10.   9.]]
cf_score, 23.0
nv_score, 2.0
ratio, 0.414141414141
[[ 28.   6.   1.]
 [ 10.  17.   3.]
 [  7.  23.   5.]]
cf_score, 42.0
nv_score, 0.0
ratio, 0.505050505051
[[ 22.  12.   5.]
 [ 12.  16.   4.]
 [  6.  13.  10.]]
cf_score, 37.0
nv_score, -4.0
ratio, 0.484848484848
[[ 27.   7.   1.]
 [ 12.  19.   4.]
 [ 10.  10.  10.]]
cf_score, 45.0
nv_score, 4.0
ratio, 0.565656565657
[[ 20.   7.   3.]
 [ 18.  20.   3.]
 [ 12.   9.   8.]]
cf_score, 33.0
nv_score, -1.0
ratio, 0.484848484848
[[ 18.  10.   3.]
 [  8.  21.   3.]
 [  9.  20.   8.]]
cf_score, 35.0
nv_score, -1.0
ratio, 0.474747474747
[[ 24.  14.   1.]
 [ 16.  12.   3.]
 [ 15.  11.   4.]]
cf_score, 24.0
nv_score, -1.0
ratio, 0.40404040404
[[ 22.  12.   1.]
 [ 14.  16.   6.]
 [  8.  13.   8.]]
cf_score, 37.0
nv_score, 0.0
ratio, 0.464646464646
[[ 20.   9.   2.]
 [ 13.  19.   3.]
 [ 10.  13.  11.]]
cf_score, 38.0
nv_score, 4.0
ratio, 0.505050505051
[[ 27.   5.   2.]
 [ 17.  11.   3.]
 [ 12.  15.   8.]]
cf_score, 32.0
nv_score, 1.0
ratio, 0.464646464646
[[ 25.   9.   1.]
 [ 16.  13.   3.]
 [ 14.   8.  11.]]
cf_score, 34.0
nv_score, 6.0
ratio, 0.494949494949
[[ 23.   7.   4.]
 [ 20.  13.   7.]
 [  9.  12.   5.]]
cf_score, 28.0
nv_score, -10.0
ratio, 0.414141414141
[[ 24.   6.   1.]
 [ 17.  18.   4.]
 [ 14.  11.   5.]]
cf_score, 32.0
nv_score, -1.0
ratio, 0.474747474747
