[[ 15.   0.  15.]
 [ 17.   0.  27.]
 [  7.   0.  19.]]
cf_score, 12.0
ratio, 0.343434343434
[[ 21.   3.   6.]
 [ 27.   3.   7.]
 [ 12.   3.  18.]]
cf_score, 24.0
ratio, 0.424242424242
[[ 19.   3.   8.]
 [ 19.   6.  16.]
 [  2.   4.  23.]]
cf_score, 38.0
ratio, 0.484848484848
[[ 20.   6.   8.]
 [ 15.   5.  18.]
 [  4.   3.  21.]]
cf_score, 34.0
ratio, 0.464646464646
[[ 17.   5.  13.]
 [ 10.   6.  10.]
 [ 10.  10.  19.]]
cf_score, 19.0
ratio, 0.424242424242
[[ 15.   7.  12.]
 [ 11.   5.  12.]
 [  5.   5.  28.]]
cf_score, 31.0
ratio, 0.484848484848
[[ 16.   5.   9.]
 [  9.  11.  10.]
 [  4.   9.  27.]]
cf_score, 41.0
ratio, 0.545454545455
[[ 20.   6.   5.]
 [ 15.   9.   8.]
 [  4.  11.  22.]]
cf_score, 42.0
ratio, 0.515151515152
[[ 16.   7.   1.]
 [ 16.   7.  27.]
 [  4.   4.  18.]]
cf_score, 36.0
ratio, 0.414141414141
[[ 14.   7.   7.]
 [ 10.  15.  14.]
 [  4.   9.  20.]]
cf_score, 38.0
ratio, 0.494949494949
[[ 14.   8.   5.]
 [ 14.  15.  10.]
 [  4.  10.  20.]]
cf_score, 40.0
ratio, 0.494949494949
[[ 10.  13.   8.]
 [ 10.  13.  15.]
 [  0.   8.  23.]]
cf_score, 38.0
ratio, 0.464646464646
[[ 14.   3.  11.]
 [ 10.  22.  14.]
 [  8.   4.  14.]]
cf_score, 31.0
ratio, 0.505050505051
[[ 15.   6.   4.]
 [ 22.  13.   7.]
 [  9.   5.  19.]]
cf_score, 34.0
ratio, 0.474747474747
[[ 11.   6.   7.]
 [ 10.  17.  12.]
 [  2.   6.  29.]]
cf_score, 48.0
ratio, 0.575757575758
[[  5.  13.  11.]
 [ 12.  11.  12.]
 [  5.  11.  20.]]
cf_score, 20.0
ratio, 0.363636363636
[[ 10.   7.  14.]
 [ 15.  19.  12.]
 [  5.   5.  13.]]
cf_score, 23.0
ratio, 0.424242424242
[[ 14.   8.   6.]
 [ 12.  16.   9.]
 [  3.   9.  23.]]
cf_score, 44.0
ratio, 0.535353535354
[[ 16.  10.   4.]
 [  6.  16.  15.]
 [  3.   6.  24.]]
cf_score, 49.0
ratio, 0.565656565657
[[ 11.  13.  11.]
 [ 11.   9.   8.]
 [  4.  14.  19.]]
cf_score, 24.0
ratio, 0.393939393939
[[  7.   8.  11.]
 [ 11.  15.  15.]
 [  3.   7.  23.]]
cf_score, 31.0
ratio, 0.454545454545
[[ 10.   9.  11.]
 [  9.  13.  11.]
 [  3.   9.  25.]]
cf_score, 34.0
ratio, 0.484848484848
[[ 10.  10.  11.]
 [  3.  14.  16.]
 [  1.  10.  25.]]
cf_score, 37.0
ratio, 0.494949494949
[[  9.  14.  11.]
 [  9.  12.  10.]
 [  2.   5.  28.]]
cf_score, 36.0
ratio, 0.494949494949
[[ 12.  11.  12.]
 [ 16.  17.   9.]
 [  2.   3.  18.]]
cf_score, 33.0
ratio, 0.474747474747
[[ 17.   6.   6.]
 [ 11.  14.  11.]
 [  6.  11.  18.]]
cf_score, 37.0
ratio, 0.494949494949
[[ 10.  11.   4.]
 [  9.  19.  16.]
 [  1.   9.  21.]]
cf_score, 45.0
ratio, 0.505050505051
[[  8.  10.  10.]
 [ 13.  14.  16.]
 [  4.   8.  17.]]
cf_score, 25.0
ratio, 0.393939393939
[[ 12.  10.   6.]
 [ 10.  12.  11.]
 [  3.   7.  29.]]
cf_score, 44.0
ratio, 0.535353535354
[[ 15.  11.   8.]
 [  8.  17.  14.]
 [  0.   8.  19.]]
cf_score, 43.0
ratio, 0.515151515152
[[ 16.   6.   9.]
 [  8.  15.  14.]
 [  2.  12.  18.]]
cf_score, 38.0
ratio, 0.494949494949
[[ 15.   7.  12.]
 [  9.  13.  12.]
 [  1.   8.  23.]]
cf_score, 38.0
ratio, 0.515151515152
[[  7.   8.  10.]
 [ 10.  13.  15.]
 [  1.   9.  27.]]
cf_score, 36.0
ratio, 0.474747474747
[[ 21.   8.   5.]
 [ 12.  12.   7.]
 [  6.  12.  17.]]
cf_score, 39.0
ratio, 0.505050505051
[[  8.  10.   9.]
 [  6.  13.  14.]
 [  4.  11.  25.]]
cf_score, 33.0
ratio, 0.464646464646
[[ 10.  11.  10.]
 [  6.  11.  16.]
 [  3.   5.  28.]]
cf_score, 36.0
ratio, 0.494949494949
[[ 19.   7.   5.]
 [  5.  18.  14.]
 [  1.   7.  24.]]
cf_score, 55.0
ratio, 0.616161616162
[[ 12.  11.   3.]
 [ 12.  18.   8.]
 [  8.   6.  22.]]
cf_score, 41.0
ratio, 0.525252525253
[[ 14.   3.  13.]
 [  6.  13.  14.]
 [  1.   7.  29.]]
cf_score, 42.0
ratio, 0.565656565657
[[ 10.  15.   7.]
 [  4.  17.  14.]
 [  0.  13.  20.]]
cf_score, 40.0
ratio, 0.474747474747
[[  5.  12.  10.]
 [  2.  16.  12.]
 [  1.   8.  34.]]
cf_score, 44.0
ratio, 0.555555555556
[[  9.  13.   8.]
 [ 12.  14.  18.]
 [  0.   3.  23.]]
cf_score, 38.0
ratio, 0.464646464646
[[ 15.   8.   3.]
 [ 14.   9.  10.]
 [ 10.   9.  22.]]
cf_score, 33.0
ratio, 0.464646464646
[[ 11.  11.   6.]
 [ 10.  10.  16.]
 [  2.   6.  28.]]
cf_score, 41.0
ratio, 0.494949494949
[[ 14.  10.   8.]
 [  5.  18.  16.]
 [  5.   5.  19.]]
cf_score, 38.0
ratio, 0.515151515152
[[ 13.   8.  12.]
 [  9.  14.   9.]
 [  5.   2.  28.]]
cf_score, 38.0
ratio, 0.555555555556
[[ 18.   6.   6.]
 [ 21.  10.  16.]
 [  6.   8.   9.]]
cf_score, 25.0
ratio, 0.373737373737
[[  9.  11.   8.]
 [  6.  15.   9.]
 [  3.   5.  34.]]
cf_score, 47.0
ratio, 0.585858585859
[[ 12.   9.   4.]
 [ 16.  10.  11.]
 [ 11.   7.  20.]]
cf_score, 27.0
ratio, 0.424242424242
[[ 20.  10.   6.]
 [ 12.  20.   7.]
 [  7.   6.  12.]]
cf_score, 39.0
ratio, 0.525252525253
[[ 18.   9.   7.]
 [ 19.  12.  13.]
 [ 12.   3.   7.]]
cf_score, 18.0
ratio, 0.373737373737
[[ 12.   9.   6.]
 [ 12.  15.   6.]
 [ 12.   3.  25.]]
cf_score, 34.0
ratio, 0.525252525253
[[ 18.  17.   4.]
 [  9.  21.   7.]
 [  2.   7.  15.]]
cf_score, 48.0
ratio, 0.545454545455
[[  6.  12.   9.]
 [  7.  18.  16.]
 [  0.  10.  22.]]
cf_score, 37.0
ratio, 0.464646464646
[[ 17.   9.   8.]
 [  9.  21.  13.]
 [  4.   6.  13.]]
cf_score, 39.0
ratio, 0.515151515152
[[  7.  18.   8.]
 [  4.  13.  20.]
 [  3.   4.  23.]]
cf_score, 32.0
ratio, 0.434343434343
[[  9.   7.   7.]
 [  7.  13.  16.]
 [  7.   5.  29.]]
cf_score, 37.0
ratio, 0.515151515152
[[ 13.  15.   8.]
 [ 11.  12.   9.]
 [  7.   3.  22.]]
cf_score, 32.0
ratio, 0.474747474747
[[ 12.  10.   7.]
 [  8.  12.  14.]
 [  2.   8.  27.]]
cf_score, 42.0
ratio, 0.515151515152
[[  9.  11.   8.]
 [ 13.  12.   3.]
 [  7.   3.  34.]]
cf_score, 40.0
ratio, 0.555555555556
[[ 15.  11.   9.]
 [ 18.   8.  14.]
 [  3.   8.  14.]]
cf_score, 25.0
ratio, 0.373737373737
[[ 21.   8.   5.]
 [ 13.  15.  10.]
 [  5.   4.  19.]]
cf_score, 45.0
ratio, 0.555555555556
[[ 20.   6.   8.]
 [ 17.   6.  11.]
 [  6.  10.  16.]]
cf_score, 28.0
ratio, 0.424242424242
[[ 17.   7.   8.]
 [ 18.   9.  11.]
 [  8.   8.  14.]]
cf_score, 24.0
ratio, 0.40404040404
[[ 11.  12.   4.]
 [  7.  14.  14.]
 [  8.   7.  23.]]
cf_score, 36.0
ratio, 0.484848484848
[[ 13.  15.   7.]
 [ 13.  13.   9.]
 [  5.   7.  18.]]
cf_score, 32.0
ratio, 0.444444444444
[[ 14.  11.   5.]
 [  9.  13.  13.]
 [  5.   8.  22.]]
cf_score, 39.0
ratio, 0.494949494949
[[ 12.   9.  16.]
 [  5.  11.  14.]
 [  3.   8.  22.]]
cf_score, 26.0
ratio, 0.454545454545
[[ 12.  14.   7.]
 [ 15.  12.  12.]
 [  3.   6.  19.]]
cf_score, 33.0
ratio, 0.434343434343
[[ 15.   6.  10.]
 [ 11.  15.  17.]
 [  5.   6.  15.]]
cf_score, 30.0
ratio, 0.454545454545
[[  8.  13.   6.]
 [  7.  20.  16.]
 [  8.   4.  18.]]
cf_score, 32.0
ratio, 0.464646464646
[[ 16.  11.   4.]
 [ 13.  10.  10.]
 [  9.  12.  15.]]
cf_score, 28.0
ratio, 0.414141414141
[[ 14.   6.   4.]
 [ 18.  15.  15.]
 [ 11.   7.  10.]]
cf_score, 24.0
ratio, 0.393939393939
[[ 16.   5.   8.]
 [  5.  15.  18.]
 [  4.   4.  25.]]
cf_score, 44.0
ratio, 0.565656565657
[[ 11.  15.   6.]
 [ 13.  12.   7.]
 [  7.   3.  26.]]
cf_score, 36.0
ratio, 0.494949494949
[[ 14.   8.   9.]
 [  5.  14.  11.]
 [  4.   9.  26.]]
cf_score, 41.0
ratio, 0.545454545455
[[ 15.   7.   7.]
 [  7.  15.   6.]
 [ 10.   7.  26.]]
cf_score, 39.0
ratio, 0.565656565657
[[ 20.   8.   5.]
 [ 12.  12.  13.]
 [  2.   9.  19.]]
cf_score, 44.0
ratio, 0.515151515152
[[ 19.   6.   6.]
 [ 17.   8.   9.]
 [  4.   4.  27.]]
cf_score, 44.0
ratio, 0.545454545455
[[ 11.   7.  11.]
 [ 11.  22.   8.]
 [  2.   8.  20.]]
cf_score, 40.0
ratio, 0.535353535354
[[  6.   5.  11.]
 [ 18.  13.  14.]
 [  6.   9.  18.]]
cf_score, 20.0
ratio, 0.373737373737
[[ 14.  10.   6.]
 [ 16.   8.   8.]
 [ 11.  11.  16.]]
cf_score, 21.0
ratio, 0.383838383838
[[ 14.   8.   6.]
 [ 16.  10.   9.]
 [  6.   8.  23.]]
cf_score, 35.0
ratio, 0.474747474747
[[ 14.  14.   9.]
 [ 11.  14.   9.]
 [  2.   8.  19.]]
cf_score, 36.0
ratio, 0.474747474747
[[  6.  11.  11.]
 [  9.  19.  10.]
 [  7.   5.  22.]]
cf_score, 29.0
ratio, 0.474747474747
[[ 12.   7.   7.]
 [  9.  17.   9.]
 [  9.   6.  24.]]
cf_score, 37.0
ratio, 0.535353535354
[[  9.  11.  10.]
 [  6.  14.  17.]
 [  2.  10.  21.]]
cf_score, 32.0
ratio, 0.444444444444
[[ 16.   9.  10.]
 [ 11.  15.   7.]
 [  6.   5.  21.]]
cf_score, 36.0
ratio, 0.525252525253
[[ 12.  14.  10.]
 [  7.  11.  16.]
 [  2.   6.  22.]]
cf_score, 33.0
ratio, 0.454545454545
[[ 14.   4.  14.]
 [  7.  16.  12.]
 [  4.  10.  19.]]
cf_score, 31.0
ratio, 0.494949494949
[[ 14.  11.   5.]
 [ 10.   7.  17.]
 [  1.   2.  33.]]
cf_score, 48.0
ratio, 0.545454545455
[[ 19.  14.   6.]
 [ 13.  12.   9.]
 [  6.   5.  16.]]
cf_score, 35.0
ratio, 0.474747474747
[[  6.  13.  10.]
 [  5.  17.  12.]
 [  1.   8.  28.]]
cf_score, 40.0
ratio, 0.515151515152
[[ 10.  15.   5.]
 [ 10.  11.  14.]
 [  4.   8.  23.]]
cf_score, 35.0
ratio, 0.444444444444
[[  9.   8.   9.]
 [ 11.  20.  11.]
 [  4.   8.  20.]]
cf_score, 36.0
ratio, 0.494949494949
[[ 15.   5.   4.]
 [ 12.  16.  10.]
 [  9.   4.  25.]]
cf_score, 43.0
ratio, 0.565656565657
[[ 12.  11.   6.]
 [ 20.   7.   6.]
 [  4.   9.  25.]]
cf_score, 34.0
ratio, 0.444444444444
[[ 20.   4.  10.]
 [ 11.  19.  11.]
 [  6.   3.  16.]]
cf_score, 39.0
ratio, 0.555555555556
[[ 12.   9.  13.]
 [ 10.  10.   8.]
 [  5.   8.  25.]]
cf_score, 29.0
ratio, 0.474747474747
[[ 23.   8.   6.]
 [ 11.   9.  12.]
 [ 11.   4.  16.]]
cf_score, 31.0
ratio, 0.484848484848
