[[ 27.   8.   0.]
 [ 25.  17.   0.]
 [ 20.   3.   0.]]
cf_score, 24.0
nv_score, 0.0
ratio, 0.444444444444
[[  1.   9.  11.]
 [  1.  21.  14.]
 [  0.  31.  12.]]
cf_score, 23.0
nv_score, -24.0
ratio, 0.343434343434
[[  0.  15.   8.]
 [  2.  24.  10.]
 [  1.  23.  17.]]
cf_score, 32.0
nv_score, -9.0
ratio, 0.414141414141
[[  0.  17.  11.]
 [  0.  28.  12.]
 [  0.  20.  12.]]
cf_score, 29.0
nv_score, -22.0
ratio, 0.40404040404
[[  5.  20.   7.]
 [  5.  17.  15.]
 [  5.  13.  13.]]
cf_score, 23.0
nv_score, -16.0
ratio, 0.353535353535
[[  1.  19.  12.]
 [  2.  21.  11.]
 [  2.  14.  18.]]
cf_score, 26.0
nv_score, -17.0
ratio, 0.40404040404
[[  1.  19.  10.]
 [  1.  30.  11.]
 [  4.  16.   8.]]
cf_score, 25.0
nv_score, -23.0
ratio, 0.393939393939
[[  0.  13.  12.]
 [  0.  32.  10.]
 [  0.  13.  20.]]
cf_score, 40.0
nv_score, -14.0
ratio, 0.525252525253
[[  0.   8.  15.]
 [  0.  22.  18.]
 [  0.  19.  18.]]
cf_score, 25.0
nv_score, -30.0
ratio, 0.40404040404
[[  2.  24.  16.]
 [  1.  18.  11.]
 [  2.  11.  15.]]
cf_score, 17.0
nv_score, -28.0
ratio, 0.353535353535
[[  3.   9.  14.]
 [  6.  26.  10.]
 [  2.  11.  19.]]
cf_score, 32.0
nv_score, -19.0
ratio, 0.484848484848
[[  0.  22.   2.]
 [  1.  37.   8.]
 [  0.  21.   9.]]
cf_score, 44.0
nv_score, -3.0
ratio, 0.464646464646
[[  3.  12.  11.]
 [  4.  24.  17.]
 [  1.   8.  20.]]
cf_score, 35.0
nv_score, -19.0
ratio, 0.474747474747
[[  0.  20.  12.]
 [  0.  26.  17.]
 [  0.  10.  15.]]
cf_score, 29.0
nv_score, -26.0
ratio, 0.414141414141
[[  4.  13.  13.]
 [  9.  17.  19.]
 [  6.   6.  13.]]
cf_score, 15.0
nv_score, -32.0
ratio, 0.343434343434
[[  0.   9.  18.]
 [  0.  14.  28.]
 [  0.  17.  14.]]
cf_score, 10.0
nv_score, -50.0
ratio, 0.282828282828
[[  2.  17.  11.]
 [  3.  26.   7.]
 [  4.  17.  13.]]
cf_score, 26.0
nv_score, -16.0
ratio, 0.414141414141
[[  0.  12.  15.]
 [  0.  28.  17.]
 [  0.  14.  14.]]
cf_score, 27.0
nv_score, -33.0
ratio, 0.424242424242
[[  0.  18.  13.]
 [  0.  21.  13.]
 [  0.  19.  16.]]
cf_score, 24.0
nv_score, -23.0
ratio, 0.373737373737
[[  4.  20.   7.]
 [  4.  31.   4.]
 [  9.  11.  10.]]
cf_score, 29.0
nv_score, -8.0
ratio, 0.454545454545
[[  2.   8.  14.]
 [  8.  26.   4.]
 [  4.  11.  23.]]
cf_score, 33.0
nv_score, -9.0
ratio, 0.515151515152
[[  5.  11.  11.]
 [  2.  27.  11.]
 [  2.  10.  21.]]
cf_score, 40.0
nv_score, -12.0
ratio, 0.535353535354
[[  0.   6.  17.]
 [  0.  17.  22.]
 [  0.  11.  27.]]
cf_score, 27.0
nv_score, -29.0
ratio, 0.444444444444
[[  0.  14.  10.]
 [  0.  25.  14.]
 [  1.  19.  17.]]
cf_score, 31.0
nv_score, -17.0
ratio, 0.424242424242
[[  0.  12.  17.]
 [  0.  23.   8.]
 [  2.  18.  20.]]
cf_score, 24.0
nv_score, -22.0
ratio, 0.434343434343
[[  0.  11.   8.]
 [  0.  33.   8.]
 [  0.  20.  20.]]
cf_score, 45.0
nv_score, -4.0
ratio, 0.535353535354
[[  2.  11.  14.]
 [  0.  23.  16.]
 [  1.  10.  23.]]
cf_score, 33.0
nv_score, -21.0
ratio, 0.484848484848
[[  1.  17.  13.]
 [  1.  29.   7.]
 [  0.  11.  21.]]
cf_score, 38.0
nv_score, -12.0
ratio, 0.515151515152
[[  1.  13.   5.]
 [  4.  37.   6.]
 [  8.  19.   7.]]
cf_score, 32.0
nv_score, -9.0
ratio, 0.454545454545
[[  1.  17.   9.]
 [  5.  29.  11.]
 [  4.  16.   8.]]
cf_score, 25.0
nv_score, -21.0
ratio, 0.383838383838
[[  3.  15.  13.]
 [  1.  20.   9.]
 [  8.  15.  16.]]
cf_score, 18.0
nv_score, -19.0
ratio, 0.393939393939
[[  2.  16.   9.]
 [  1.  21.  14.]
 [  5.  17.  15.]]
cf_score, 24.0
nv_score, -17.0
ratio, 0.383838383838
[[  2.  10.  25.]
 [  4.  17.  16.]
 [  2.  12.  12.]]
cf_score, 4.0
nv_score, -54.0
ratio, 0.313131313131
[[  6.  14.   9.]
 [  2.  27.   8.]
 [  9.  13.  12.]]
cf_score, 27.0
nv_score, -14.0
ratio, 0.454545454545
[[  1.  21.  10.]
 [  2.  20.  14.]
 [ 10.  13.   9.]]
cf_score, 10.0
nv_score, -25.0
ratio, 0.30303030303
[[  5.  15.   6.]
 [  3.  20.  14.]
 [  7.  17.  13.]]
cf_score, 25.0
nv_score, -13.0
ratio, 0.383838383838
[[ 21.   5.   0.]
 [ 26.  20.   0.]
 [ 18.  10.   0.]]
cf_score, 23.0
nv_score, 0.0
ratio, 0.414141414141
[[  8.  20.   7.]
 [  2.  22.   8.]
 [ 13.  15.   5.]]
cf_score, 15.0
nv_score, -17.0
ratio, 0.353535353535
[[ 11.  11.   4.]
 [  9.  27.   6.]
 [ 17.  12.   3.]]
cf_score, 20.0
nv_score, -11.0
ratio, 0.414141414141
[[  8.  10.   7.]
 [ 14.  24.  11.]
 [ 10.  15.   1.]]
cf_score, 16.0
nv_score, -24.0
ratio, 0.333333333333
[[  7.  15.   8.]
 [  7.  27.   7.]
 [ 10.  14.   5.]]
cf_score, 21.0
nv_score, -18.0
ratio, 0.393939393939
[[  9.   6.  15.]
 [  8.  17.  12.]
 [  8.  16.   9.]]
cf_score, 12.0
nv_score, -33.0
ratio, 0.353535353535
[[ 12.  12.   4.]
 [  9.  19.   0.]
 [ 28.  16.   0.]]
cf_score, -1.0
nv_score, -8.0
ratio, 0.313131313131
[[  9.  24.   1.]
 [ 12.  21.   1.]
 [ 19.  13.   0.]]
cf_score, 10.0
nv_score, -3.0
ratio, 0.30303030303
[[ 14.  19.   5.]
 [ 11.  23.   0.]
 [ 16.  11.   1.]]
cf_score, 17.0
nv_score, -9.0
ratio, 0.383838383838
[[ 18.   9.  13.]
 [ 13.  11.   6.]
 [ 17.   8.   5.]]
cf_score, 4.0
nv_score, -27.0
ratio, 0.343434343434
[[  9.  12.   4.]
 [  5.  32.   9.]
 [ 13.  10.   6.]]
cf_score, 30.0
nv_score, -11.0
ratio, 0.474747474747
[[  9.  15.   2.]
 [  8.  32.   6.]
 [  9.  14.   5.]]
cf_score, 35.0
nv_score, -5.0
ratio, 0.464646464646
[[ 16.   9.   3.]
 [ 11.  18.   9.]
 [ 20.  13.   1.]]
cf_score, 12.0
nv_score, -14.0
ratio, 0.353535353535
[[ 10.  16.  10.]
 [  5.  20.   5.]
 [  7.  18.   9.]]
cf_score, 22.0
nv_score, -16.0
ratio, 0.393939393939
