[[ 31.   0.   2.]
 [ 20.   0.  23.]
 [  6.   0.  18.]]
cf_score, 41.0
nv_score, -9.0
ratio, 0.494949494949
[[ 29.   0.   9.]
 [ 18.   0.   8.]
 [ 12.   0.  24.]]
cf_score, 32.0
nv_score, -2.0
ratio, 0.535353535354
[[ 15.   0.   7.]
 [ 20.   0.  15.]
 [  7.   5.  31.]]
cf_score, 32.0
nv_score, 2.0
ratio, 0.464646464646
[[ 32.   0.   1.]
 [ 20.   2.   8.]
 [  6.   1.  30.]]
cf_score, 57.0
nv_score, 20.0
ratio, 0.646464646465
[[ 26.   5.   6.]
 [ 12.   3.  18.]
 [  3.  10.  17.]]
cf_score, 37.0
nv_score, -13.0
ratio, 0.464646464646
[[ 19.   4.   6.]
 [ 12.  10.  17.]
 [  4.   5.  23.]]
cf_score, 42.0
nv_score, -6.0
ratio, 0.525252525253
[[ 21.   3.  10.]
 [ 10.  11.  13.]
 [  2.  10.  20.]]
cf_score, 40.0
nv_score, -13.0
ratio, 0.525252525253
[[ 23.   4.   6.]
 [ 10.  15.  10.]
 [  4.   5.  23.]]
cf_score, 51.0
nv_score, 1.0
ratio, 0.616161616162
[[ 10.   7.   3.]
 [ 12.  14.  15.]
 [  1.  11.  27.]]
cf_score, 47.0
nv_score, 6.0
ratio, 0.515151515152
[[ 23.  10.   6.]
 [  7.  10.  16.]
 [  2.   8.  18.]]
cf_score, 43.0
nv_score, -10.0
ratio, 0.515151515152
[[ 15.   7.  10.]
 [ 12.   8.  13.]
 [  2.  12.  21.]]
cf_score, 32.0
nv_score, -12.0
ratio, 0.444444444444
[[ 22.  14.   7.]
 [  6.   8.  10.]
 [  2.   7.  24.]]
cf_score, 45.0
nv_score, 0.0
ratio, 0.545454545455
[[ 14.  13.   3.]
 [  8.  16.   6.]
 [  1.  13.  26.]]
cf_score, 52.0
nv_score, 14.0
ratio, 0.565656565657
[[ 13.  13.   8.]
 [ 11.  14.  14.]
 [  3.   7.  17.]]
cf_score, 33.0
nv_score, -13.0
ratio, 0.444444444444
[[ 17.  10.   4.]
 [  6.  15.  13.]
 [  3.   8.  24.]]
cf_score, 49.0
nv_score, 3.0
ratio, 0.565656565657
[[ 16.   8.   4.]
 [  6.  12.  12.]
 [  3.  16.  23.]]
cf_score, 44.0
nv_score, 3.0
ratio, 0.515151515152
[[ 18.  13.  10.]
 [  7.   7.  13.]
 [  1.  14.  17.]]
cf_score, 31.0
nv_score, -16.0
ratio, 0.424242424242
[[ 17.   6.   4.]
 [  7.  15.  10.]
 [  5.  14.  22.]]
cf_score, 45.0
nv_score, 4.0
ratio, 0.545454545455
[[ 12.  16.   2.]
 [  2.  16.  17.]
 [  2.   6.  27.]]
cf_score, 51.0
nv_score, 6.0
ratio, 0.555555555556
[[ 18.  11.   7.]
 [  3.  14.  13.]
 [  0.  10.  24.]]
cf_score, 49.0
nv_score, -3.0
ratio, 0.565656565657
[[ 16.   9.   9.]
 [  8.   9.  17.]
 [  0.  14.  18.]]
cf_score, 34.0
nv_score, -17.0
ratio, 0.434343434343
[[ 13.   9.   5.]
 [  9.  13.  16.]
 [  1.   8.  26.]]
cf_score, 46.0
nv_score, 0.0
ratio, 0.525252525253
[[ 24.   7.  10.]
 [  9.  11.   9.]
 [  1.  10.  19.]]
cf_score, 43.0
nv_score, -10.0
ratio, 0.545454545455
[[ 21.   6.   6.]
 [  9.  12.  11.]
 [  1.  12.  22.]]
cf_score, 48.0
nv_score, -1.0
ratio, 0.555555555556
[[ 16.   9.   7.]
 [  7.  19.   8.]
 [  2.  13.  19.]]
cf_score, 45.0
nv_score, -3.0
ratio, 0.545454545455
[[ 17.   5.   6.]
 [  8.  12.  16.]
 [  3.  10.  23.]]
cf_score, 43.0
nv_score, -5.0
ratio, 0.525252525253
[[ 17.   4.   8.]
 [  5.  14.  15.]
 [  3.  13.  21.]]
cf_score, 41.0
nv_score, -10.0
ratio, 0.525252525253
[[ 25.   9.   4.]
 [  2.  11.  19.]
 [  3.  11.  16.]]
cf_score, 45.0
nv_score, -11.0
ratio, 0.525252525253
[[ 14.   8.   5.]
 [  7.  13.  15.]
 [  3.  13.  22.]]
cf_score, 41.0
nv_score, -3.0
ratio, 0.494949494949
[[ 22.   8.   3.]
 [  8.  10.  14.]
 [  4.  12.  19.]]
cf_score, 44.0
nv_score, -1.0
ratio, 0.515151515152
[[ 17.  10.   3.]
 [  3.  14.  15.]
 [  2.   9.  27.]]
cf_score, 53.0
nv_score, 6.0
ratio, 0.585858585859
[[ 18.   9.   1.]
 [  9.  11.  12.]
 [  2.  12.  26.]]
cf_score, 52.0
nv_score, 12.0
ratio, 0.555555555556
[[ 13.  13.   5.]
 [  8.  12.  20.]
 [  0.   7.  22.]]
cf_score, 42.0
nv_score, -8.0
ratio, 0.474747474747
[[ 21.   9.   2.]
 [ 10.   7.  13.]
 [  0.  19.  19.]]
cf_score, 45.0
nv_score, 2.0
ratio, 0.474747474747
[[ 14.   5.   6.]
 [  4.  13.  17.]
 [  1.  16.  24.]]
cf_score, 44.0
nv_score, -5.0
ratio, 0.515151515152
[[ 16.   7.   9.]
 [  7.  14.  11.]
 [  3.  12.  21.]]
cf_score, 39.0
nv_score, -8.0
ratio, 0.515151515152
[[ 16.   6.   7.]
 [  6.  15.  16.]
 [  1.   5.  28.]]
cf_score, 51.0
nv_score, -2.0
ratio, 0.59595959596
[[ 16.  11.   4.]
 [  6.  17.  15.]
 [  1.  11.  19.]]
cf_score, 47.0
nv_score, -4.0
ratio, 0.525252525253
[[ 14.  10.   6.]
 [  5.  16.  12.]
 [  1.   6.  30.]]
cf_score, 53.0
nv_score, 6.0
ratio, 0.606060606061
[[ 13.  10.   4.]
 [  4.  12.  11.]
 [  4.  16.  26.]]
cf_score, 43.0
nv_score, 7.0
ratio, 0.515151515152
[[ 15.  11.   3.]
 [  9.  16.  12.]
 [  0.  13.  21.]]
cf_score, 49.0
nv_score, 3.0
ratio, 0.525252525253
[[ 18.   8.   8.]
 [  6.  13.  16.]
 [  2.  17.  12.]]
cf_score, 33.0
nv_score, -20.0
ratio, 0.434343434343
[[ 18.   9.  12.]
 [  3.  12.   8.]
 [  2.  15.  21.]]
cf_score, 37.0
nv_score, -11.0
ratio, 0.515151515152
[[ 15.   9.   3.]
 [  3.  17.  16.]
 [  0.  10.  27.]]
cf_score, 56.0
nv_score, 5.0
ratio, 0.59595959596
[[ 11.   8.   8.]
 [  6.  17.   6.]
 [  1.   9.  34.]]
cf_score, 53.0
nv_score, 12.0
ratio, 0.626262626263
[[ 22.   8.   8.]
 [  6.   9.  17.]
 [  0.   4.  26.]]
cf_score, 49.0
nv_score, -7.0
ratio, 0.575757575758
[[ 17.  11.   5.]
 [  5.  21.  15.]
 [  0.   9.  17.]]
cf_score, 50.0
nv_score, -8.0
ratio, 0.555555555556
[[ 10.  13.   4.]
 [  6.  16.  14.]
 [  0.   5.  32.]]
cf_score, 54.0
nv_score, 10.0
ratio, 0.585858585859
[[ 23.   7.   8.]
 [  5.  14.  14.]
 [  0.   6.  23.]]
cf_score, 52.0
nv_score, -7.0
ratio, 0.606060606061
[[ 17.  10.   6.]
 [  6.  15.   9.]
 [  0.   7.  30.]]
cf_score, 56.0
nv_score, 9.0
ratio, 0.626262626263
