[[  0.  25.  10.]
 [  0.  27.   6.]
 [  0.  20.  12.]]
cf_score, 29.0
nv_score, -14.0
ratio, 0.393939393939
[[  0.  24.  10.]
 [  2.  23.   9.]
 [  2.  19.  11.]]
cf_score, 22.0
nv_score, -18.0
ratio, 0.343434343434
[[  0.  17.  17.]
 [  0.  20.  14.]
 [  0.   9.  23.]]
cf_score, 26.0
nv_score, -25.0
ratio, 0.434343434343
[[  0.  28.   9.]
 [  0.  23.   7.]
 [  0.  16.  17.]]
cf_score, 31.0
nv_score, -8.0
ratio, 0.40404040404
[[  0.  26.   5.]
 [  0.  24.   9.]
 [  0.  23.  13.]]
cf_score, 32.0
nv_score, -6.0
ratio, 0.373737373737
[[ 16.  13.   9.]
 [  6.  10.  10.]
 [  6.  11.  19.]]
cf_score, 30.0
nv_score, -9.0
ratio, 0.454545454545
[[ 18.   5.  18.]
 [ 13.   4.  10.]
 [ 10.   3.  19.]]
cf_score, 13.0
nv_score, -27.0
ratio, 0.414141414141
[[ 24.   5.   9.]
 [ 17.   4.  12.]
 [ 11.   3.  15.]]
cf_score, 23.0
nv_score, -15.0
ratio, 0.434343434343
[[ 25.   5.   7.]
 [ 14.   3.   7.]
 [ 18.   4.  17.]]
cf_score, 20.0
nv_score, -4.0
ratio, 0.454545454545
[[ 16.   2.  15.]
 [ 16.   6.  12.]
 [  7.   9.  17.]]
cf_score, 17.0
nv_score, -25.0
ratio, 0.393939393939
[[ 27.   5.   9.]
 [ 15.   4.  12.]
 [ 10.   0.  18.]]
cf_score, 30.0
nv_score, -12.0
ratio, 0.494949494949
[[ 20.   1.  14.]
 [ 16.   0.  14.]
 [  6.   2.  27.]]
cf_score, 27.0
nv_score, -15.0
ratio, 0.474747474747
[[ 28.   0.  15.]
 [ 20.   0.   8.]
 [ 18.   0.  11.]]
cf_score, 6.0
nv_score, -27.0
ratio, 0.393939393939
[[ 25.   0.  10.]
 [ 12.   0.  11.]
 [ 18.   0.  24.]]
cf_score, 21.0
nv_score, -7.0
ratio, 0.494949494949
[[  7.  16.  15.]
 [  9.  13.   7.]
 [ 11.   7.  15.]]
cf_score, 9.0
nv_score, -22.0
ratio, 0.353535353535
[[ 17.   0.  14.]
 [ 24.   0.  11.]
 [ 13.   0.  21.]]
cf_score, 11.0
nv_score, -18.0
ratio, 0.383838383838
[[ 15.   0.  15.]
 [ 28.   0.   8.]
 [ 19.   0.  15.]]
cf_score, -4.0
nv_score, -23.0
ratio, 0.30303030303
[[ 12.  12.   8.]
 [ 12.  10.   8.]
 [  8.   6.  24.]]
cf_score, 30.0
nv_score, 0.0
ratio, 0.464646464646
[[ 13.  10.   7.]
 [ 17.  12.   6.]
 [ 15.   7.  13.]]
cf_score, 16.0
nv_score, -7.0
ratio, 0.383838383838
[[ 15.   6.  16.]
 [ 12.   6.  11.]
 [ 10.   3.  21.]]
cf_score, 16.0
nv_score, -22.0
ratio, 0.424242424242
[[ 19.  11.  11.]
 [  5.   8.   7.]
 [ 13.   5.  21.]]
cf_score, 24.0
nv_score, -8.0
ratio, 0.484848484848
[[ 11.  18.   7.]
 [ 16.  18.   7.]
 [  8.   8.   7.]]
cf_score, 21.0
nv_score, -14.0
ratio, 0.363636363636
[[ 18.   5.   7.]
 [ 17.   4.  10.]
 [ 10.   6.  23.]]
cf_score, 28.0
nv_score, -1.0
ratio, 0.454545454545
[[ 23.   0.  12.]
 [ 18.   0.  12.]
 [ 19.   0.  16.]]
cf_score, 8.0
nv_score, -20.0
ratio, 0.393939393939
[[ 11.   7.  12.]
 [ 14.  11.   6.]
 [ 15.   6.  18.]]
cf_score, 13.0
nv_score, -12.0
ratio, 0.40404040404
[[ 15.  11.   3.]
 [ 20.   6.   9.]
 [ 13.   6.  17.]]
cf_score, 22.0
nv_score, 2.0
ratio, 0.383838383838
[[  9.  13.   9.]
 [ 10.  15.   9.]
 [  9.   8.  18.]]
cf_score, 24.0
nv_score, -9.0
ratio, 0.424242424242
[[ 13.  13.   9.]
 [ 11.  14.  10.]
 [  7.   7.  16.]]
cf_score, 27.0
nv_score, -12.0
ratio, 0.434343434343
[[ 11.   9.   4.]
 [ 14.  11.  11.]
 [ 16.   9.  15.]]
cf_score, 17.0
nv_score, -4.0
ratio, 0.373737373737
[[ 10.  10.  15.]
 [ 15.   9.   9.]
 [ 11.   2.  19.]]
cf_score, 12.0
nv_score, -20.0
ratio, 0.383838383838
[[ 17.  14.  11.]
 [  9.  13.   6.]
 [  8.   6.  16.]]
cf_score, 27.0
nv_score, -12.0
ratio, 0.464646464646
[[ 11.  13.  17.]
 [ 12.   6.  12.]
 [  7.  11.  11.]]
cf_score, 4.0
nv_score, -35.0
ratio, 0.282828282828
[[ 31.   0.  11.]
 [ 18.   0.   6.]
 [ 21.   0.  13.]]
cf_score, 12.0
nv_score, -15.0
ratio, 0.444444444444
[[ 16.  13.  11.]
 [ 11.  13.   8.]
 [ 11.   5.  12.]]
cf_score, 19.0
nv_score, -18.0
ratio, 0.414141414141
[[ 13.   8.   6.]
 [ 12.  14.   6.]
 [ 18.   8.  15.]]
cf_score, 18.0
nv_score, -3.0
ratio, 0.424242424242
[[ 18.  10.   9.]
 [ 14.  12.   7.]
 [ 14.   7.   9.]]
cf_score, 16.0
nv_score, -16.0
ratio, 0.393939393939
[[ 20.   2.  13.]
 [ 23.   7.   2.]
 [ 11.   3.  19.]]
cf_score, 22.0
nv_score, -9.0
ratio, 0.464646464646
[[ 24.  10.  13.]
 [ 11.   6.   9.]
 [  7.   5.  15.]]
cf_score, 25.0
nv_score, -20.0
ratio, 0.454545454545
[[ 25.   0.  15.]
 [ 19.   0.  14.]
 [ 12.   0.  15.]]
cf_score, 13.0
nv_score, -29.0
ratio, 0.40404040404
[[ 26.   0.  11.]
 [ 24.   0.   7.]
 [ 14.   0.  18.]]
cf_score, 19.0
nv_score, -11.0
ratio, 0.444444444444
[[ 25.   0.   2.]
 [ 33.   0.   4.]
 [ 20.   0.  16.]]
cf_score, 19.0
nv_score, 8.0
ratio, 0.414141414141
[[ 33.   0.   9.]
 [ 19.   0.  12.]
 [ 12.   0.  15.]]
cf_score, 27.0
nv_score, -15.0
ratio, 0.484848484848
[[ 24.   0.  15.]
 [ 13.   0.  18.]
 [ 12.   0.  18.]]
cf_score, 15.0
nv_score, -30.0
ratio, 0.424242424242
[[ 24.   0.   6.]
 [ 22.   0.  12.]
 [ 21.   0.  15.]]
cf_score, 12.0
nv_score, -9.0
ratio, 0.393939393939
[[ 26.   0.   8.]
 [ 23.   0.  10.]
 [ 16.   0.  17.]]
cf_score, 19.0
nv_score, -9.0
ratio, 0.434343434343
[[ 20.   0.   8.]
 [ 22.   0.   9.]
 [ 22.   0.  19.]]
cf_score, 9.0
nv_score, -6.0
ratio, 0.393939393939
[[ 24.   0.   4.]
 [ 22.   0.   9.]
 [ 21.   0.  20.]]
cf_score, 19.0
nv_score, 3.0
ratio, 0.444444444444
[[ 30.   0.   7.]
 [ 21.   0.  15.]
 [ 16.   0.  11.]]
cf_score, 18.0
nv_score, -18.0
ratio, 0.414141414141
[[ 26.   0.   6.]
 [ 20.   0.   7.]
 [ 24.   0.  17.]]
cf_score, 13.0
nv_score, -2.0
ratio, 0.434343434343
[[ 25.   0.  10.]
 [ 12.   0.  15.]
 [ 21.   0.  17.]]
cf_score, 11.0
nv_score, -18.0
ratio, 0.424242424242
