[[ 12.   1.  17.]
 [ 20.   1.  13.]
 [  7.   2.  27.]]
cf_score, 16.0
ratio, 0.40404040404
[[ 15.   5.  14.]
 [ 16.   4.   7.]
 [  8.   1.  30.]]
cf_score, 27.0
ratio, 0.494949494949
[[  8.   5.  20.]
 [ 12.   0.  13.]
 [ 13.   2.  27.]]
cf_score, 2.0
ratio, 0.353535353535
[[ 24.   0.  13.]
 [ 20.   2.   7.]
 [ 12.   0.  22.]]
cf_score, 23.0
ratio, 0.484848484848
[[ 12.   4.  13.]
 [ 19.   2.  12.]
 [ 12.   3.  23.]]
cf_score, 12.0
ratio, 0.373737373737
[[  9.   1.  13.]
 [ 14.   5.  14.]
 [  8.   5.  31.]]
cf_score, 24.0
ratio, 0.454545454545
[[ 12.   0.  20.]
 [ 17.   3.   7.]
 [ 11.   4.  26.]]
cf_score, 10.0
ratio, 0.414141414141
[[ 26.   0.  17.]
 [ 18.   1.   7.]
 [  6.   0.  25.]]
cf_score, 29.0
ratio, 0.525252525253
[[ 13.   2.  12.]
 [ 15.   0.  10.]
 [ 14.   3.  31.]]
cf_score, 18.0
ratio, 0.444444444444
[[ 14.   4.  16.]
 [  7.   6.  14.]
 [ 11.   3.  25.]]
cf_score, 18.0
ratio, 0.454545454545
[[  9.   9.  11.]
 [ 11.   8.  11.]
 [  9.   3.  29.]]
cf_score, 26.0
ratio, 0.464646464646
[[ 14.   3.  14.]
 [ 14.  11.  10.]
 [ 10.   3.  21.]]
cf_score, 22.0
ratio, 0.464646464646
[[ 10.   6.  14.]
 [  9.   7.  13.]
 [  5.  14.  22.]]
cf_score, 20.0
ratio, 0.393939393939
[[ 11.  14.  13.]
 [  7.   7.  12.]
 [  8.   8.  20.]]
cf_score, 17.0
ratio, 0.383838383838
[[ 14.   8.  11.]
 [  9.  10.  11.]
 [  6.   6.  25.]]
cf_score, 32.0
ratio, 0.494949494949
[[ 10.   9.  14.]
 [  8.  10.  13.]
 [  9.   3.  24.]]
cf_score, 21.0
ratio, 0.444444444444
[[ 11.   8.  10.]
 [  8.  11.  11.]
 [ 12.   3.  26.]]
cf_score, 26.0
ratio, 0.484848484848
[[ 15.   8.  13.]
 [ 12.  11.   8.]
 [ 11.   3.  19.]]
cf_score, 21.0
ratio, 0.454545454545
[[ 11.   4.  15.]
 [  6.  15.  16.]
 [ 10.   5.  18.]]
cf_score, 19.0
ratio, 0.444444444444
[[ 18.   8.  13.]
 [  9.  11.  11.]
 [  3.   7.  20.]]
cf_score, 33.0
ratio, 0.494949494949
[[ 21.   7.   7.]
 [ 14.   8.  10.]
 [ 11.   5.  17.]]
cf_score, 28.0
ratio, 0.464646464646
[[ 12.   8.  11.]
 [ 14.  11.   7.]
 [  9.   5.  23.]]
cf_score, 26.0
ratio, 0.464646464646
[[ 13.   8.   7.]
 [ 10.  13.  13.]
 [  9.   4.  23.]]
cf_score, 33.0
ratio, 0.494949494949
[[  8.  10.  12.]
 [ 17.   3.  11.]
 [  9.   5.  25.]]
cf_score, 15.0
ratio, 0.363636363636
[[ 16.   6.   8.]
 [ 18.   8.   6.]
 [ 12.   4.  22.]]
cf_score, 26.0
ratio, 0.464646464646
[[ 12.   9.  12.]
 [ 17.  12.   7.]
 [  6.   5.  20.]]
cf_score, 26.0
ratio, 0.444444444444
[[ 16.   5.  12.]
 [ 11.  13.   9.]
 [ 11.   5.  18.]]
cf_score, 24.0
ratio, 0.474747474747
[[ 25.   9.   8.]
 [ 13.   9.   9.]
 [  9.   7.  11.]]
cf_score, 28.0
ratio, 0.454545454545
[[ 10.   8.  13.]
 [ 15.  11.  10.]
 [  7.   4.  22.]]
cf_score, 23.0
ratio, 0.434343434343
[[ 24.   7.   8.]
 [ 11.  11.   8.]
 [ 10.   4.  17.]]
cf_score, 34.0
ratio, 0.525252525253
[[ 21.   3.  10.]
 [ 11.  11.   9.]
 [ 14.   5.  16.]]
cf_score, 24.0
ratio, 0.484848484848
[[ 14.   5.   8.]
 [ 15.   8.  13.]
 [  7.   9.  21.]]
cf_score, 28.0
ratio, 0.434343434343
[[ 10.   7.   8.]
 [ 15.   6.  11.]
 [ 13.  10.  20.]]
cf_score, 15.0
ratio, 0.363636363636
[[ 18.   7.  10.]
 [ 13.   9.   7.]
 [ 10.   9.  17.]]
cf_score, 24.0
ratio, 0.444444444444
[[ 21.   8.   8.]
 [  8.  12.   9.]
 [  7.   6.  21.]]
cf_score, 39.0
ratio, 0.545454545455
[[ 15.   8.  13.]
 [  9.   7.  12.]
 [  8.   6.  22.]]
cf_score, 23.0
ratio, 0.444444444444
[[ 13.  10.  11.]
 [ 11.  10.   9.]
 [ 12.   4.  20.]]
cf_score, 20.0
ratio, 0.434343434343
[[ 19.   9.   8.]
 [ 11.   6.   8.]
 [ 11.   9.  19.]]
cf_score, 25.0
ratio, 0.444444444444
[[ 14.  10.   6.]
 [ 13.   8.   6.]
 [  9.   6.  28.]]
cf_score, 35.0
ratio, 0.505050505051
[[ 17.  15.   7.]
 [ 14.  11.   7.]
 [  9.   7.  13.]]
cf_score, 25.0
ratio, 0.414141414141
[[ 15.   9.  11.]
 [ 10.  10.  12.]
 [ 10.   2.  21.]]
cf_score, 25.0
ratio, 0.464646464646
[[ 10.  12.  11.]
 [  7.  13.  12.]
 [  8.   6.  21.]]
cf_score, 25.0
ratio, 0.444444444444
[[ 17.   8.   9.]
 [ 15.  11.  10.]
 [ 14.   4.  12.]]
cf_score, 17.0
ratio, 0.40404040404
[[ 14.  12.   9.]
 [  6.  19.   5.]
 [  6.   4.  25.]]
cf_score, 43.0
ratio, 0.585858585859
[[ 13.   8.   9.]
 [ 16.  15.   8.]
 [  7.   5.  19.]]
cf_score, 31.0
ratio, 0.474747474747
[[ 16.   6.  13.]
 [  7.  16.   7.]
 [ 16.   2.  17.]]
cf_score, 20.0
ratio, 0.494949494949
[[ 16.  10.   5.]
 [ 12.  10.   3.]
 [  7.  14.  23.]]
cf_score, 37.0
ratio, 0.494949494949
[[ 23.   5.   5.]
 [  8.   8.   3.]
 [  9.   9.  30.]]
cf_score, 47.0
ratio, 0.616161616162
[[ 12.   8.   6.]
 [ 12.  13.  10.]
 [ 12.   2.  25.]]
cf_score, 32.0
ratio, 0.505050505051
[[ 11.   7.  11.]
 [ 17.  14.   9.]
 [ 10.   4.  17.]]
cf_score, 21.0
ratio, 0.424242424242
[[ 16.  12.   8.]
 [ 12.  17.   5.]
 [  6.   4.  20.]]
cf_score, 39.0
ratio, 0.535353535354
[[ 19.  15.   9.]
 [  9.  12.   4.]
 [ 14.   2.  16.]]
cf_score, 24.0
ratio, 0.474747474747
[[ 18.  10.   7.]
 [ 13.   9.   7.]
 [  8.  10.  18.]]
cf_score, 30.0
ratio, 0.454545454545
[[ 27.   8.   5.]
 [ 11.   9.   7.]
 [  9.   4.  20.]]
cf_score, 42.0
ratio, 0.565656565657
[[ 21.   9.  10.]
 [ 12.  10.   9.]
 [  8.   8.  13.]]
cf_score, 26.0
ratio, 0.444444444444
[[ 13.  11.   9.]
 [ 12.  16.   5.]
 [  9.   3.  22.]]
cf_score, 33.0
ratio, 0.515151515152
[[ 19.   7.   8.]
 [ 13.   8.   4.]
 [  8.   6.  27.]]
cf_score, 38.0
ratio, 0.545454545455
[[ 24.   6.   5.]
 [ 16.   6.   8.]
 [  7.   8.  20.]]
cf_score, 38.0
ratio, 0.505050505051
[[ 17.  13.   6.]
 [ 18.   5.   7.]
 [  8.   5.  21.]]
cf_score, 29.0
ratio, 0.434343434343
[[  9.  10.   8.]
 [ 16.  12.  13.]
 [  6.   5.  21.]]
cf_score, 28.0
ratio, 0.424242424242
[[ 16.   5.   8.]
 [ 16.   8.   5.]
 [ 10.   7.  25.]]
cf_score, 31.0
ratio, 0.494949494949
[[ 12.  15.  12.]
 [ 11.  10.   4.]
 [  5.  11.  20.]]
cf_score, 25.0
ratio, 0.424242424242
[[ 13.   5.  10.]
 [ 11.  12.  13.]
 [  9.  13.  14.]]
cf_score, 20.0
ratio, 0.393939393939
[[ 12.   7.   8.]
 [ 14.  15.   6.]
 [  5.   5.  28.]]
cf_score, 42.0
ratio, 0.555555555556
[[ 23.   6.   7.]
 [ 13.  12.   6.]
 [ 10.   5.  18.]]
cf_score, 36.0
ratio, 0.535353535354
[[ 21.   5.   6.]
 [ 17.   9.   3.]
 [ 11.   4.  24.]]
cf_score, 37.0
ratio, 0.545454545455
[[ 11.  12.   7.]
 [ 18.  14.   7.]
 [  9.   3.  19.]]
cf_score, 28.0
ratio, 0.444444444444
[[ 14.   9.  12.]
 [  9.  10.   3.]
 [ 12.  11.  20.]]
cf_score, 20.0
ratio, 0.444444444444
[[ 12.   6.  10.]
 [ 16.  13.   4.]
 [ 13.   3.  23.]]
cf_score, 25.0
ratio, 0.484848484848
[[ 10.  14.   7.]
 [ 15.  12.   9.]
 [  5.   7.  21.]]
cf_score, 31.0
ratio, 0.434343434343
[[ 13.  11.   7.]
 [  8.  14.  10.]
 [ 12.   4.  21.]]
cf_score, 29.0
ratio, 0.484848484848
[[ 13.   8.   9.]
 [ 14.  10.  10.]
 [  9.   4.  23.]]
cf_score, 28.0
ratio, 0.464646464646
[[ 20.   6.   6.]
 [  6.  12.  12.]
 [  8.   6.  24.]]
cf_score, 42.0
ratio, 0.565656565657
[[ 16.  14.   9.]
 [  6.  16.   9.]
 [ 11.   6.  13.]]
cf_score, 25.0
ratio, 0.454545454545
[[ 14.  12.   6.]
 [ 13.  13.   5.]
 [  6.   8.  23.]]
cf_score, 38.0
ratio, 0.505050505051
[[ 12.  10.  12.]
 [ 11.  11.   8.]
 [ 11.  10.  15.]]
cf_score, 15.0
ratio, 0.383838383838
[[ 13.  11.  10.]
 [ 11.  16.   6.]
 [  7.   7.  19.]]
cf_score, 31.0
ratio, 0.484848484848
[[ 24.   9.   8.]
 [  8.  12.   8.]
 [  8.   7.  16.]]
cf_score, 36.0
ratio, 0.525252525253
[[ 21.   7.  12.]
 [ 10.  13.   5.]
 [  9.   5.  18.]]
cf_score, 31.0
ratio, 0.525252525253
[[ 14.  11.   7.]
 [ 13.  10.   6.]
 [  8.   8.  23.]]
cf_score, 32.0
ratio, 0.474747474747
[[ 18.   9.  10.]
 [  9.  10.   4.]
 [ 13.   8.  19.]]
cf_score, 24.0
ratio, 0.474747474747
[[ 14.   9.  12.]
 [ 14.  15.   5.]
 [  6.   8.  17.]]
cf_score, 28.0
ratio, 0.464646464646
[[ 17.   8.   7.]
 [ 15.  15.   7.]
 [  8.   5.  18.]]
cf_score, 35.0
ratio, 0.505050505051
[[ 13.  15.  12.]
 [ 11.   7.   6.]
 [  6.   9.  21.]]
cf_score, 23.0
ratio, 0.414141414141
[[ 15.  10.  10.]
 [ 14.  11.   7.]
 [  5.   5.  23.]]
cf_score, 34.0
ratio, 0.494949494949
[[ 16.   4.  13.]
 [ 12.   9.   5.]
 [ 17.   9.  15.]]
cf_score, 10.0
ratio, 0.40404040404
[[ 21.   5.   8.]
 [ 20.   8.   4.]
 [ 16.   5.  13.]]
cf_score, 18.0
ratio, 0.424242424242
[[ 13.   9.   6.]
 [ 11.  11.   8.]
 [ 14.   8.  20.]]
cf_score, 24.0
ratio, 0.444444444444
[[ 15.  18.   8.]
 [ 14.  13.   4.]
 [  4.   8.  16.]]
cf_score, 32.0
ratio, 0.444444444444
[[ 21.   8.   3.]
 [ 13.  10.   9.]
 [ 13.   7.  16.]]
cf_score, 31.0
ratio, 0.474747474747
[[ 17.   6.  11.]
 [ 12.  11.   6.]
 [ 12.   7.  18.]]
cf_score, 23.0
ratio, 0.464646464646
[[ 10.   6.   9.]
 [ 21.   4.   8.]
 [ 12.  10.  20.]]
cf_score, 13.0
ratio, 0.343434343434
[[ 18.   5.   6.]
 [ 17.  15.   2.]
 [ 10.   5.  22.]]
cf_score, 39.0
ratio, 0.555555555556
[[ 13.   5.  12.]
 [  7.  14.  12.]
 [  9.   3.  25.]]
cf_score, 31.0
ratio, 0.525252525253
[[ 20.  13.   5.]
 [  8.   9.   4.]
 [ 14.   7.  20.]]
cf_score, 30.0
ratio, 0.494949494949
[[ 11.  11.   5.]
 [ 15.   9.   9.]
 [ 15.   6.  19.]]
cf_score, 19.0
ratio, 0.393939393939
[[ 20.   4.  11.]
 [ 15.  10.   3.]
 [  9.   9.  19.]]
cf_score, 29.0
ratio, 0.494949494949
[[ 19.  12.   5.]
 [ 11.  13.   6.]
 [ 11.   3.  20.]]
cf_score, 36.0
ratio, 0.525252525253
[[ 16.  10.   6.]
 [ 19.   9.   7.]
 [ 10.   5.  18.]]
cf_score, 27.0
ratio, 0.434343434343
[[ 16.  11.   8.]
 [ 10.   9.   4.]
 [  7.   7.  28.]]
cf_score, 38.0
ratio, 0.535353535354
