[[ 35.   8.   0.]
 [  3.  22.   0.]
 [ 22.  10.   0.]]
cf_score, 35.0
nv_score, 0.0
ratio, 0.575757575758
[[ 27.   2.   2.]
 [  5.  21.   0.]
 [ 27.  15.   1.]]
cf_score, 20.0
nv_score, -3.0
ratio, 0.494949494949
[[ 22.  10.   0.]
 [ 10.  23.   0.]
 [ 22.  10.   3.]]
cf_score, 26.0
nv_score, 3.0
ratio, 0.484848484848
[[ 24.  13.   0.]
 [ 10.  21.   2.]
 [ 23.   6.   1.]]
cf_score, 23.0
nv_score, -1.0
ratio, 0.464646464646
[[ 30.  11.   2.]
 [  9.  14.   2.]
 [ 23.   9.   0.]]
cf_score, 19.0
nv_score, -6.0
ratio, 0.444444444444
[[ 24.   9.   5.]
 [  4.  13.   3.]
 [ 25.  15.   2.]]
cf_score, 9.0
nv_score, -11.0
ratio, 0.393939393939
[[ 29.   8.   3.]
 [  8.  25.   3.]
 [ 11.  10.   3.]]
cf_score, 43.0
nv_score, -6.0
ratio, 0.575757575758
[[ 32.   7.   1.]
 [  7.  17.   2.]
 [ 21.  12.   1.]]
cf_score, 28.0
nv_score, -3.0
ratio, 0.505050505051
[[ 33.   7.   1.]
 [  9.  18.   1.]
 [ 21.  10.   0.]]
cf_score, 29.0
nv_score, -3.0
ratio, 0.515151515152
[[ 31.   8.   2.]
 [ 10.  19.   0.]
 [ 24.   5.   1.]]
cf_score, 25.0
nv_score, -3.0
ratio, 0.515151515152
[[ 23.   8.   6.]
 [ 10.  18.   1.]
 [ 17.  13.   4.]]
cf_score, 22.0
nv_score, -9.0
ratio, 0.454545454545
[[ 27.   8.   4.]
 [  6.  23.   2.]
 [ 18.   9.   3.]]
cf_score, 31.0
nv_score, -7.0
ratio, 0.535353535354
[[ 29.   7.   1.]
 [ 10.  18.   0.]
 [ 26.   7.   2.]]
cf_score, 22.0
nv_score, 0.0
ratio, 0.494949494949
[[ 22.   9.   8.]
 [  6.  14.   2.]
 [ 21.   8.  10.]]
cf_score, 17.0
nv_score, -8.0
ratio, 0.464646464646
[[ 22.   9.   4.]
 [  7.  17.   1.]
 [ 17.  20.   3.]]
cf_score, 21.0
nv_score, -6.0
ratio, 0.424242424242
[[ 23.   9.   5.]
 [  7.  18.   2.]
 [ 23.  13.   0.]]
cf_score, 13.0
nv_score, -12.0
ratio, 0.414141414141
[[ 32.   7.   3.]
 [  5.  20.   0.]
 [ 22.  11.   0.]]
cf_score, 27.0
nv_score, -6.0
ratio, 0.525252525253
[[ 26.   4.   0.]
 [ 12.  19.   4.]
 [ 14.  15.   6.]]
cf_score, 37.0
nv_score, 2.0
ratio, 0.515151515152
[[ 28.   9.   4.]
 [  8.  16.   1.]
 [ 22.  10.   2.]]
cf_score, 20.0
nv_score, -7.0
ratio, 0.464646464646
[[ 20.   8.   2.]
 [  7.  26.   6.]
 [ 21.   6.   4.]]
cf_score, 27.0
nv_score, -6.0
ratio, 0.505050505051
[[ 22.   8.   7.]
 [  5.  28.   2.]
 [ 15.  12.   1.]]
cf_score, 29.0
nv_score, -15.0
ratio, 0.515151515152
[[ 23.   3.   2.]
 [  7.  16.   1.]
 [ 30.  13.   5.]]
cf_score, 12.0
nv_score, 0.0
ratio, 0.444444444444
[[ 19.   8.   1.]
 [ 10.  27.   5.]
 [ 18.   7.   5.]]
cf_score, 32.0
nv_score, -2.0
ratio, 0.515151515152
[[ 20.   6.  11.]
 [  4.  19.   3.]
 [ 15.  15.   7.]]
cf_score, 20.0
nv_score, -18.0
ratio, 0.464646464646
[[ 27.   6.   4.]
 [  6.  23.   4.]
 [ 12.  12.   6.]]
cf_score, 40.0
nv_score, -6.0
ratio, 0.565656565657
[[ 26.   2.   5.]
 [  7.  25.   4.]
 [ 15.  10.   6.]]
cf_score, 37.0
nv_score, -8.0
ratio, 0.575757575758
[[ 36.   3.   4.]
 [  6.  18.   1.]
 [ 15.  12.   5.]]
cf_score, 40.0
nv_score, -4.0
ratio, 0.59595959596
[[ 30.   8.   4.]
 [  9.  23.   3.]
 [ 12.   5.   6.]]
cf_score, 43.0
nv_score, -5.0
ratio, 0.59595959596
[[ 22.   3.   3.]
 [  8.  22.   6.]
 [ 18.  14.   4.]]
cf_score, 27.0
nv_score, -8.0
ratio, 0.484848484848
[[ 32.   7.   1.]
 [  4.  20.   5.]
 [ 15.  12.   4.]]
cf_score, 40.0
nv_score, -3.0
ratio, 0.565656565657
[[ 17.   7.   3.]
 [  6.  26.   7.]
 [ 15.   9.  10.]]
cf_score, 35.0
nv_score, -3.0
ratio, 0.535353535354
[[ 23.   4.   8.]
 [  5.  13.   8.]
 [ 13.  18.   8.]]
cf_score, 23.0
nv_score, -16.0
ratio, 0.444444444444
[[ 23.   5.   7.]
 [  3.  21.   6.]
 [ 20.  10.   5.]]
cf_score, 22.0
nv_score, -15.0
ratio, 0.494949494949
[[ 30.   4.   4.]
 [ 11.  17.   2.]
 [ 17.   7.   8.]]
cf_score, 34.0
nv_score, -2.0
ratio, 0.555555555556
[[ 24.   6.   3.]
 [  4.  18.   6.]
 [ 20.   7.  12.]]
cf_score, 31.0
nv_score, 0.0
ratio, 0.545454545455
[[ 29.   3.   5.]
 [  9.  17.   6.]
 [ 15.   7.   9.]]
cf_score, 35.0
nv_score, -7.0
ratio, 0.555555555556
[[ 29.   6.   7.]
 [ 10.  18.   1.]
 [  8.  13.   8.]]
cf_score, 40.0
nv_score, -7.0
ratio, 0.555555555556
[[ 21.   6.   1.]
 [  8.  18.   4.]
 [ 14.  13.  15.]]
cf_score, 39.0
nv_score, 9.0
ratio, 0.545454545455
[[ 19.  10.   8.]
 [  8.  18.   3.]
 [ 14.   9.  11.]]
cf_score, 26.0
nv_score, -8.0
ratio, 0.484848484848
[[ 23.   2.   9.]
 [  7.  22.   4.]
 [  9.  10.  14.]]
cf_score, 41.0
nv_score, -8.0
ratio, 0.59595959596
[[ 23.   6.   9.]
 [  2.  21.   6.]
 [ 10.   6.  17.]]
cf_score, 42.0
nv_score, -7.0
ratio, 0.616161616162
[[ 25.  10.   4.]
 [  9.  23.   2.]
 [  7.   9.  11.]]
cf_score, 48.0
nv_score, 1.0
ratio, 0.59595959596
[[ 33.   4.   8.]
 [  3.  14.   3.]
 [  6.  13.  16.]]
cf_score, 49.0
nv_score, -3.0
ratio, 0.636363636364
[[ 32.   4.   4.]
 [  7.  19.   1.]
 [ 12.   6.  15.]]
cf_score, 50.0
nv_score, 6.0
ratio, 0.666666666667
[[ 21.   8.   6.]
 [  5.  20.   5.]
 [ 14.  16.   5.]]
cf_score, 26.0
nv_score, -12.0
ratio, 0.464646464646
[[ 19.   7.   9.]
 [  7.  25.   3.]
 [ 14.   9.   7.]]
cf_score, 28.0
nv_score, -14.0
ratio, 0.515151515152
[[ 21.   4.   8.]
 [  5.  19.   6.]
 [ 12.   9.  16.]]
cf_score, 36.0
nv_score, -6.0
ratio, 0.565656565657
[[ 26.   6.   6.]
 [  8.  15.   3.]
 [  4.  15.  17.]]
cf_score, 48.0
nv_score, 2.0
ratio, 0.585858585859
[[ 17.   9.  13.]
 [  5.  21.   2.]
 [  9.   9.  15.]]
cf_score, 31.0
nv_score, -13.0
ratio, 0.535353535354
[[ 17.  11.  10.]
 [ 13.  20.   3.]
 [ 11.   4.  11.]]
cf_score, 27.0
nv_score, -12.0
ratio, 0.484848484848
[[ 20.   8.   7.]
 [  6.  14.   1.]
 [ 19.  12.  13.]]
cf_score, 21.0
nv_score, -2.0
ratio, 0.474747474747
[[ 19.   4.   8.]
 [  9.  19.   5.]
 [ 15.  10.  11.]]
cf_score, 26.0
nv_score, -10.0
ratio, 0.494949494949
[[ 23.   4.   7.]
 [ 13.  18.   4.]
 [ 14.   9.   8.]]
cf_score, 28.0
nv_score, -10.0
ratio, 0.494949494949
[[ 21.   4.  10.]
 [  8.  13.   4.]
 [ 12.  12.  16.]]
cf_score, 28.0
nv_score, -8.0
ratio, 0.505050505051
[[ 20.   7.   7.]
 [  5.  15.   3.]
 [ 12.  19.  12.]]
cf_score, 28.0
nv_score, -5.0
ratio, 0.474747474747
[[ 28.   4.  11.]
 [  8.  21.   3.]
 [ 10.   8.   7.]]
cf_score, 35.0
nv_score, -18.0
ratio, 0.565656565657
[[ 24.   5.   7.]
 [  5.  21.   7.]
 [  9.  12.  10.]]
cf_score, 39.0
nv_score, -11.0
ratio, 0.555555555556
[[ 27.   4.  11.]
 [  8.  18.   5.]
 [  9.  10.   8.]]
cf_score, 33.0
nv_score, -19.0
ratio, 0.535353535354
[[ 19.   7.   2.]
 [  7.  23.   2.]
 [  8.  20.  12.]]
cf_score, 44.0
nv_score, 6.0
ratio, 0.545454545455
[[ 24.   5.   4.]
 [ 11.  17.   5.]
 [ 11.  11.  12.]]
cf_score, 38.0
nv_score, -1.0
ratio, 0.535353535354
[[ 24.   4.   7.]
 [  6.  19.   4.]
 [  6.  12.  18.]]
cf_score, 48.0
nv_score, 0.0
ratio, 0.616161616162
[[ 21.   6.   3.]
 [  3.  25.   3.]
 [  9.  18.  12.]]
cf_score, 46.0
nv_score, 3.0
ratio, 0.585858585859
[[ 22.   7.   9.]
 [  8.  13.   4.]
 [ 12.   7.  18.]]
cf_score, 32.0
nv_score, -4.0
ratio, 0.535353535354
[[ 21.   9.   6.]
 [  7.  22.   4.]
 [ 11.   5.  15.]]
cf_score, 41.0
nv_score, -1.0
ratio, 0.585858585859
[[ 22.   4.   5.]
 [ 11.  18.   2.]
 [ 12.  12.  14.]]
cf_score, 37.0
nv_score, 2.0
ratio, 0.545454545455
[[ 20.   9.  14.]
 [  9.  11.   2.]
 [ 12.  11.  12.]]
cf_score, 17.0
nv_score, -18.0
ratio, 0.434343434343
[[ 21.   8.   7.]
 [  7.  21.   2.]
 [ 11.  10.  13.]]
cf_score, 37.0
nv_score, -3.0
ratio, 0.555555555556
[[ 21.   7.   6.]
 [ 10.  21.   4.]
 [ 14.   4.  13.]]
cf_score, 35.0
nv_score, -3.0
ratio, 0.555555555556
[[ 15.  10.   9.]
 [  7.  22.   5.]
 [  9.   8.  15.]]
cf_score, 34.0
nv_score, -8.0
ratio, 0.525252525253
[[ 21.   7.   4.]
 [ 10.  14.   6.]
 [ 13.  11.  14.]]
cf_score, 32.0
nv_score, 0.0
ratio, 0.494949494949
[[ 23.   3.  10.]
 [  6.  15.   9.]
 [ 11.  11.  12.]]
cf_score, 29.0
nv_score, -17.0
ratio, 0.505050505051
[[ 18.   4.   7.]
 [  9.  13.   3.]
 [ 16.  17.  13.]]
cf_score, 21.0
nv_score, -4.0
ratio, 0.444444444444
[[ 21.   6.   6.]
 [ 14.  16.   3.]
 [ 13.   9.  12.]]
cf_score, 30.0
nv_score, -3.0
ratio, 0.494949494949
[[ 23.  10.   8.]
 [  3.  16.   2.]
 [ 12.  10.  16.]]
cf_score, 35.0
nv_score, -2.0
ratio, 0.555555555556
[[ 19.   5.  10.]
 [ 11.  24.   3.]
 [  5.  13.  10.]]
cf_score, 38.0
nv_score, -13.0
ratio, 0.535353535354
[[ 24.   6.   3.]
 [  6.  18.   4.]
 [ 10.  12.  17.]]
cf_score, 46.0
nv_score, 7.0
ratio, 0.59595959596
[[ 22.   8.   5.]
 [ 11.  19.   4.]
 [  5.  12.  14.]]
cf_score, 45.0
nv_score, 0.0
ratio, 0.555555555556
[[ 22.   8.   9.]
 [  7.  14.   3.]
 [ 12.   8.  17.]]
cf_score, 32.0
nv_score, -4.0
ratio, 0.535353535354
[[ 21.   6.   6.]
 [  4.  21.   5.]
 [  9.  11.  17.]]
cf_score, 44.0
nv_score, 0.0
ratio, 0.59595959596
[[ 26.   5.   5.]
 [  3.  23.   2.]
 [ 10.  14.  12.]]
cf_score, 46.0
nv_score, 0.0
ratio, 0.616161616162
[[ 22.   8.   3.]
 [  5.  24.   1.]
 [  7.  16.  14.]]
cf_score, 50.0
nv_score, 7.0
ratio, 0.606060606061
[[ 24.   6.  11.]
 [  8.  20.   2.]
 [  7.  11.  11.]]
cf_score, 37.0
nv_score, -13.0
ratio, 0.555555555556
[[ 17.   6.   4.]
 [  6.  31.   0.]
 [ 13.  10.  13.]]
cf_score, 44.0
nv_score, 5.0
ratio, 0.616161616162
[[ 22.   4.   8.]
 [  5.  18.   4.]
 [ 20.   5.  14.]]
cf_score, 26.0
nv_score, -6.0
ratio, 0.545454545455
[[ 19.   3.   9.]
 [  2.  23.   2.]
 [ 17.   8.  17.]]
cf_score, 33.0
nv_score, -3.0
ratio, 0.59595959596
[[ 27.   5.   9.]
 [ 10.  19.   5.]
 [ 10.   5.  10.]]
cf_score, 37.0
nv_score, -13.0
ratio, 0.565656565657
[[ 18.   6.   4.]
 [ 13.  23.   3.]
 [ 10.  12.  11.]]
cf_score, 38.0
nv_score, 0.0
ratio, 0.525252525253
[[ 24.   4.   5.]
 [  9.  20.   5.]
 [ 11.  10.  12.]]
cf_score, 40.0
nv_score, -3.0
ratio, 0.565656565657
[[ 20.   5.   6.]
 [ 10.  22.   3.]
 [ 11.  13.  10.]]
cf_score, 35.0
nv_score, -5.0
ratio, 0.525252525253
[[ 25.   7.   7.]
 [  6.  15.   5.]
 [ 16.   7.  12.]]
cf_score, 29.0
nv_score, -7.0
ratio, 0.525252525253
[[ 27.   5.   7.]
 [  8.  21.   3.]
 [  8.   9.  12.]]
cf_score, 45.0
nv_score, -5.0
ratio, 0.606060606061
[[ 28.   3.   7.]
 [ 10.  13.   3.]
 [ 10.  13.  13.]]
cf_score, 37.0
nv_score, -4.0
ratio, 0.545454545455
[[ 25.   5.   5.]
 [ 12.  17.   4.]
 [  7.  15.  10.]]
cf_score, 40.0
nv_score, -4.0
ratio, 0.525252525253
[[ 30.   5.   5.]
 [  8.  17.   4.]
 [ 11.   7.  13.]]
cf_score, 44.0
nv_score, -1.0
ratio, 0.606060606061
[[ 16.   5.   8.]
 [  6.  15.   5.]
 [ 17.  15.  13.]]
cf_score, 19.0
nv_score, -8.0
ratio, 0.444444444444
[[ 28.  10.   5.]
 [  9.  13.   5.]
 [ 15.   4.  11.]]
cf_score, 32.0
nv_score, -4.0
ratio, 0.525252525253
[[ 27.   4.   8.]
 [ 14.  11.   6.]
 [ 11.   4.  15.]]
cf_score, 34.0
nv_score, -7.0
ratio, 0.535353535354
[[ 25.   4.   7.]
 [  9.  23.   2.]
 [  5.  10.  15.]]
cf_score, 51.0
nv_score, -1.0
ratio, 0.636363636364
[[ 19.  10.  11.]
 [  3.  18.   3.]
 [ 17.   8.  11.]]
cf_score, 20.0
nv_score, -14.0
ratio, 0.484848484848
[[ 24.   4.  12.]
 [  8.  18.   6.]
 [ 10.   7.  11.]]
cf_score, 31.0
nv_score, -19.0
ratio, 0.535353535354
