[[  0.  21.  11.]
 [  0.  16.  17.]
 [  0.  11.  24.]]
cf_score, 29.0
ratio, 0.40404040404
[[  9.   7.  22.]
 [ 15.   5.  15.]
 [  6.   3.  18.]]
cf_score, 4.0
ratio, 0.323232323232
[[ 15.   6.  14.]
 [ 11.   5.  16.]
 [  5.   7.  21.]]
cf_score, 22.0
ratio, 0.414141414141
[[ 17.   3.  16.]
 [ 12.   6.  11.]
 [  3.  11.  21.]]
cf_score, 25.0
ratio, 0.444444444444
[[ 10.  11.  17.]
 [  7.   6.  13.]
 [  3.   8.  25.]]
cf_score, 21.0
ratio, 0.414141414141
[[ 11.   6.  19.]
 [  9.   6.  14.]
 [  3.   6.  26.]]
cf_score, 21.0
ratio, 0.434343434343
[[ 12.   3.  19.]
 [  8.   6.  19.]
 [  4.   7.  22.]]
cf_score, 17.0
ratio, 0.40404040404
[[  9.   7.  16.]
 [ 11.   9.  18.]
 [  2.   5.  23.]]
cf_score, 23.0
ratio, 0.414141414141
[[  8.   5.  11.]
 [ 12.  13.  16.]
 [  2.   6.  27.]]
cf_score, 35.0
ratio, 0.484848484848
[[ 17.  12.  13.]
 [  7.   4.  12.]
 [  2.  11.  22.]]
cf_score, 28.0
ratio, 0.434343434343
[[  7.  11.  13.]
 [  4.  16.  12.]
 [  1.   9.  27.]]
cf_score, 36.0
ratio, 0.505050505051
[[ 13.  12.   8.]
 [  7.  10.  23.]
 [  4.   6.  17.]]
cf_score, 28.0
ratio, 0.40404040404
[[  8.  14.  11.]
 [ 10.   9.  17.]
 [  5.   8.  18.]]
cf_score, 19.0
ratio, 0.353535353535
[[ 10.  13.  16.]
 [ 13.   8.  16.]
 [  0.   9.  15.]]
cf_score, 17.0
ratio, 0.333333333333
[[ 10.  11.  13.]
 [  8.  10.  20.]
 [  5.  10.  13.]]
cf_score, 15.0
ratio, 0.333333333333
[[ 16.   8.  10.]
 [  3.  14.  18.]
 [  3.   6.  22.]]
cf_score, 39.0
ratio, 0.525252525253
[[  8.   9.  21.]
 [  7.   6.  18.]
 [  2.   4.  25.]]
cf_score, 16.0
ratio, 0.393939393939
[[ 14.  12.  13.]
 [  5.   8.  12.]
 [  3.   8.  25.]]
cf_score, 31.0
ratio, 0.474747474747
[[  8.  12.  21.]
 [  8.  14.   8.]
 [  2.   3.  24.]]
cf_score, 23.0
ratio, 0.464646464646
[[ 11.  11.  12.]
 [  8.   9.  13.]
 [  3.  11.  22.]]
cf_score, 27.0
ratio, 0.424242424242
[[ 10.  21.  15.]
 [  4.   7.  10.]
 [  4.  12.  17.]]
cf_score, 15.0
ratio, 0.343434343434
[[ 13.   7.  10.]
 [  9.   7.  18.]
 [  5.   8.  23.]]
cf_score, 28.0
ratio, 0.434343434343
[[  9.   7.  19.]
 [ 12.   9.  16.]
 [  0.   7.  21.]]
cf_score, 20.0
ratio, 0.393939393939
[[ 17.  11.   9.]
 [  9.  10.  11.]
 [  6.   3.  24.]]
cf_score, 36.0
ratio, 0.515151515152
[[  9.   8.  13.]
 [  4.  10.  16.]
 [  2.  10.  28.]]
cf_score, 32.0
ratio, 0.474747474747
[[ 13.  11.   8.]
 [  7.  13.  16.]
 [  4.   6.  22.]]
cf_score, 36.0
ratio, 0.484848484848
[[ 14.  13.   7.]
 [  6.  10.  13.]
 [  4.   3.  30.]]
cf_score, 43.0
ratio, 0.545454545455
[[ 12.  10.  13.]
 [  8.   9.  16.]
 [  5.   7.  20.]]
cf_score, 23.0
ratio, 0.414141414141
[[ 10.   9.  16.]
 [  7.  10.  11.]
 [  3.   6.  28.]]
cf_score, 29.0
ratio, 0.484848484848
[[ 13.  11.  19.]
 [ 11.  13.  10.]
 [  2.   6.  15.]]
cf_score, 20.0
ratio, 0.414141414141
[[ 17.  11.   8.]
 [  7.   9.  12.]
 [  2.   8.  26.]]
cf_score, 42.0
ratio, 0.525252525253
[[ 10.  12.  12.]
 [  9.   7.  13.]
 [  2.  10.  25.]]
cf_score, 28.0
ratio, 0.424242424242
[[  7.   8.  19.]
 [  6.  15.  18.]
 [  4.   7.  16.]]
cf_score, 15.0
ratio, 0.383838383838
[[ 10.  11.   8.]
 [  9.   9.  18.]
 [  2.   9.  24.]]
cf_score, 33.0
ratio, 0.434343434343
[[ 11.   9.  16.]
 [ 12.   6.  10.]
 [  7.  13.  16.]]
cf_score, 10.0
ratio, 0.333333333333
[[ 16.  10.  10.]
 [ 11.   7.  14.]
 [  7.   8.  17.]]
cf_score, 23.0
ratio, 0.40404040404
[[ 13.   7.  22.]
 [  7.   8.  12.]
 [  2.   8.  21.]]
cf_score, 18.0
ratio, 0.424242424242
[[ 17.   9.   9.]
 [  8.   7.  16.]
 [  7.   8.  19.]]
cf_score, 27.0
ratio, 0.434343434343
[[ 14.   8.  12.]
 [  6.   9.  19.]
 [  4.  11.  17.]]
cf_score, 24.0
ratio, 0.40404040404
[[ 13.   7.  10.]
 [  8.  11.  16.]
 [  7.   7.  21.]]
cf_score, 28.0
ratio, 0.454545454545
[[ 15.   5.  11.]
 [  7.   4.  16.]
 [  1.   7.  34.]]
cf_score, 41.0
ratio, 0.535353535354
[[ 13.   8.  12.]
 [ 10.   9.  14.]
 [  0.  12.  22.]]
cf_score, 32.0
ratio, 0.444444444444
[[ 12.  11.  15.]
 [  5.   6.  16.]
 [  6.   8.  21.]]
cf_score, 18.0
ratio, 0.393939393939
[[ 14.  10.   5.]
 [ 12.  15.   8.]
 [  4.   7.  25.]]
cf_score, 45.0
ratio, 0.545454545455
[[  7.  12.  17.]
 [ 11.   9.  18.]
 [  4.   5.  17.]]
cf_score, 12.0
ratio, 0.333333333333
[[ 16.   7.  15.]
 [ 12.   8.  13.]
 [  4.   8.  17.]]
cf_score, 22.0
ratio, 0.414141414141
[[ 19.  10.  12.]
 [  9.   6.  13.]
 [  3.   5.  23.]]
cf_score, 33.0
ratio, 0.484848484848
[[ 17.   9.  10.]
 [ 18.  12.   7.]
 [  1.  11.  15.]]
cf_score, 33.0
ratio, 0.444444444444
[[  9.  10.   5.]
 [ 11.  10.  15.]
 [  6.   9.  25.]]
cf_score, 33.0
ratio, 0.444444444444
[[ 18.   7.  14.]
 [ 10.   8.  13.]
 [  4.   6.  20.]]
cf_score, 28.0
ratio, 0.464646464646
[[ 14.   9.  23.]
 [  4.   5.   9.]
 [  5.   6.  25.]]
cf_score, 16.0
ratio, 0.444444444444
[[ 11.   4.  19.]
 [  7.   6.  18.]
 [  3.   9.  23.]]
cf_score, 18.0
ratio, 0.40404040404
[[ 14.  10.   6.]
 [ 11.   6.  25.]
 [  3.   4.  21.]]
cf_score, 32.0
ratio, 0.414141414141
[[ 19.   6.  12.]
 [ 12.  11.  12.]
 [  5.   7.  16.]]
cf_score, 29.0
ratio, 0.464646464646
[[  4.  13.   7.]
 [ 12.   8.  11.]
 [  5.   2.  38.]]
cf_score, 38.0
ratio, 0.505050505051
[[  8.   4.   9.]
 [ 16.   5.  14.]
 [  7.   7.  30.]]
cf_score, 27.0
ratio, 0.434343434343
[[ 19.  10.  11.]
 [ 12.  12.   7.]
 [  7.   5.  17.]]
cf_score, 30.0
ratio, 0.484848484848
[[ 12.  10.   9.]
 [ 14.  12.  11.]
 [  6.   9.  17.]]
cf_score, 26.0
ratio, 0.414141414141
[[ 12.  10.  17.]
 [  4.   7.  11.]
 [  6.   4.  29.]]
cf_score, 25.0
ratio, 0.484848484848
[[ 13.  14.  15.]
 [ 11.   3.  11.]
 [  5.   5.  23.]]
cf_score, 19.0
ratio, 0.393939393939
[[ 16.  11.  13.]
 [  6.   5.  14.]
 [  2.  10.  23.]]
cf_score, 29.0
ratio, 0.444444444444
[[ 12.   8.  14.]
 [ 12.   5.  15.]
 [  5.   8.  21.]]
cf_score, 19.0
ratio, 0.383838383838
[[  9.   4.  13.]
 [ 13.   4.  14.]
 [  5.   4.  34.]]
cf_score, 29.0
ratio, 0.474747474747
[[ 20.   9.  14.]
 [ 10.  11.   9.]
 [  1.   8.  18.]]
cf_score, 34.0
ratio, 0.494949494949
[[ 18.  10.   9.]
 [ 18.   3.   8.]
 [ 10.   8.  16.]]
cf_score, 18.0
ratio, 0.373737373737
[[ 16.   6.  11.]
 [ 16.   6.  10.]
 [  6.   4.  25.]]
cf_score, 30.0
ratio, 0.474747474747
[[ 18.   5.  12.]
 [ 16.   3.  18.]
 [  6.   6.  16.]]
cf_score, 19.0
ratio, 0.373737373737
[[ 17.   8.  13.]
 [ 16.   5.   8.]
 [  6.   8.  19.]]
cf_score, 22.0
ratio, 0.414141414141
[[ 13.   5.  11.]
 [ 14.   8.  11.]
 [  7.   6.  25.]]
cf_score, 28.0
ratio, 0.464646464646
[[ 14.   6.  10.]
 [ 15.   8.  13.]
 [  5.   6.  23.]]
cf_score, 30.0
ratio, 0.454545454545
[[ 13.  12.  10.]
 [ 17.   7.  11.]
 [  4.  10.  16.]]
cf_score, 22.0
ratio, 0.363636363636
[[ 12.   5.  17.]
 [ 14.  11.  16.]
 [  6.   3.  16.]]
cf_score, 16.0
ratio, 0.393939393939
[[ 20.   9.  10.]
 [  7.   7.   9.]
 [ 16.   6.  16.]]
cf_score, 17.0
ratio, 0.434343434343
[[ 19.   9.   9.]
 [ 14.   3.   6.]
 [ 13.   8.  19.]]
cf_score, 19.0
ratio, 0.414141414141
[[ 12.   6.  19.]
 [ 10.   9.   9.]
 [  5.   2.  28.]]
cf_score, 25.0
ratio, 0.494949494949
[[ 21.   6.  19.]
 [ 11.   9.  16.]
 [  3.   3.  12.]]
cf_score, 20.0
ratio, 0.424242424242
[[ 14.   8.  15.]
 [ 11.   5.  15.]
 [  5.   7.  20.]]
cf_score, 19.0
ratio, 0.393939393939
[[ 18.   9.   8.]
 [ 22.   6.   8.]
 [  4.   4.  21.]]
cf_score, 33.0
ratio, 0.454545454545
[[ 20.   6.   8.]
 [ 14.  10.  17.]
 [  5.   5.  15.]]
cf_score, 32.0
ratio, 0.454545454545
[[ 12.  10.  10.]
 [ 18.   3.  12.]
 [ 11.   1.  23.]]
cf_score, 17.0
ratio, 0.383838383838
[[ 17.  12.  13.]
 [ 13.   6.  14.]
 [  3.   2.  20.]]
cf_score, 27.0
ratio, 0.434343434343
[[ 10.   6.  20.]
 [  8.  10.  11.]
 [  2.   9.  24.]]
cf_score, 22.0
ratio, 0.444444444444
[[ 12.   8.  14.]
 [ 11.   4.  13.]
 [ 10.   6.  22.]]
cf_score, 14.0
ratio, 0.383838383838
[[ 24.   8.  11.]
 [ 11.   6.  12.]
 [  6.   6.  16.]]
cf_score, 29.0
ratio, 0.464646464646
[[ 10.   3.   9.]
 [ 14.   5.  18.]
 [  6.   7.  28.]]
cf_score, 28.0
ratio, 0.434343434343
[[ 16.   4.  11.]
 [ 18.   6.  13.]
 [  7.   2.  23.]]
cf_score, 27.0
ratio, 0.454545454545
[[ 22.   5.  12.]
 [ 15.   4.  15.]
 [  3.   1.  23.]]
cf_score, 34.0
ratio, 0.494949494949
[[ 13.   6.  20.]
 [ 14.   5.  11.]
 [  7.   6.  18.]]
cf_score, 9.0
ratio, 0.363636363636
[[ 17.   7.  10.]
 [ 17.   4.  12.]
 [  8.   7.  18.]]
cf_score, 21.0
ratio, 0.393939393939
[[ 20.   3.   9.]
 [ 14.   6.   9.]
 [ 11.   4.  24.]]
cf_score, 30.0
ratio, 0.505050505051
[[ 18.   7.  14.]
 [ 14.   2.   7.]
 [ 14.   4.  20.]]
cf_score, 12.0
ratio, 0.40404040404
[[ 15.   3.  13.]
 [  9.  13.  18.]
 [ 10.   3.  16.]]
cf_score, 21.0
ratio, 0.444444444444
[[ 28.   3.   9.]
 [ 11.   6.  10.]
 [ 13.   3.  17.]]
cf_score, 29.0
ratio, 0.515151515152
[[ 22.   2.  13.]
 [ 12.   6.  12.]
 [  7.   3.  23.]]
cf_score, 31.0
ratio, 0.515151515152
[[ 14.   6.  15.]
 [ 10.   9.  17.]
 [  8.   6.  15.]]
cf_score, 15.0
ratio, 0.383838383838
[[ 19.   7.  12.]
 [ 14.   5.  13.]
 [  9.   5.  16.]]
cf_score, 19.0
ratio, 0.40404040404
[[ 21.   3.   6.]
 [ 16.   3.  12.]
 [ 17.   8.  14.]]
cf_score, 15.0
ratio, 0.383838383838
[[ 16.   2.   8.]
 [ 15.   8.  12.]
 [ 13.  11.  15.]]
cf_score, 18.0
ratio, 0.393939393939
[[ 24.   7.   3.]
 [ 14.   8.  11.]
 [ 14.   2.  17.]]
cf_score, 32.0
ratio, 0.494949494949
[[ 22.   8.   9.]
 [ 20.   4.   6.]
 [ 12.   4.  15.]]
cf_score, 20.0
ratio, 0.414141414141
