[[ 19.   2.  14.]
 [ 16.   1.  19.]
 [  9.   2.  18.]]
cf_score, 15.0
nv_score, -29.0
ratio, 0.383838383838
[[ 18.   6.   8.]
 [ 12.   7.  20.]
 [  9.   1.  19.]]
cf_score, 27.0
nv_score, -17.0
ratio, 0.444444444444
[[ 18.   9.   8.]
 [  8.  10.  12.]
 [  8.  14.  13.]]
cf_score, 25.0
nv_score, -15.0
ratio, 0.414141414141
[[ 15.   5.   8.]
 [  8.   9.  16.]
 [ 10.   8.  21.]]
cf_score, 27.0
nv_score, -11.0
ratio, 0.454545454545
[[ 21.  12.   7.]
 [  2.  13.  11.]
 [  7.  12.  15.]]
cf_score, 35.0
nv_score, -10.0
ratio, 0.494949494949
[[ 17.  10.   7.]
 [ 11.  12.  12.]
 [  7.  12.  12.]]
cf_score, 27.0
nv_score, -14.0
ratio, 0.414141414141
[[ 16.   7.   8.]
 [  7.   9.  15.]
 [  7.  13.  18.]]
cf_score, 28.0
nv_score, -13.0
ratio, 0.434343434343
[[ 18.  13.   5.]
 [ 13.  16.   8.]
 [  4.  10.  13.]]
cf_score, 38.0
nv_score, -5.0
ratio, 0.474747474747
[[ 16.   9.   7.]
 [  4.  12.   7.]
 [  8.   9.  28.]]
cf_score, 41.0
nv_score, 7.0
ratio, 0.565656565657
[[ 17.  12.   6.]
 [ 11.  11.   4.]
 [ 10.  15.  14.]]
cf_score, 26.0
nv_score, -2.0
ratio, 0.424242424242
[[ 16.   9.   3.]
 [ 11.  10.  16.]
 [  9.  10.  16.]]
cf_score, 30.0
nv_score, -6.0
ratio, 0.424242424242
[[ 19.  10.   8.]
 [  9.  11.   4.]
 [ 14.   4.  21.]]
cf_score, 29.0
nv_score, 1.0
ratio, 0.515151515152
[[ 13.  17.   5.]
 [  6.  23.   8.]
 [ 12.   4.  12.]]
cf_score, 31.0
nv_score, -6.0
ratio, 0.484848484848
[[ 21.  12.   3.]
 [  7.  16.   8.]
 [  7.   7.  19.]]
cf_score, 46.0
nv_score, 5.0
ratio, 0.565656565657
[[ 10.   9.   4.]
 [  9.   9.  15.]
 [  7.   9.  28.]]
cf_score, 36.0
nv_score, 5.0
ratio, 0.474747474747
[[ 23.   7.   7.]
 [ 17.  14.   6.]
 [  6.  13.   7.]]
cf_score, 31.0
nv_score, -13.0
ratio, 0.444444444444
[[ 13.  13.   4.]
 [ 10.  13.  11.]
 [ 11.   8.  17.]]
cf_score, 28.0
nv_score, -2.0
ratio, 0.434343434343
[[ 21.   9.   4.]
 [  9.   9.  10.]
 [ 10.  12.  16.]]
cf_score, 32.0
nv_score, -2.0
ratio, 0.464646464646
[[ 20.  14.   5.]
 [  5.  11.   7.]
 [ 11.  13.  14.]]
cf_score, 29.0
nv_score, -3.0
ratio, 0.454545454545
[[ 14.  11.   3.]
 [  8.  14.  10.]
 [  8.  10.  22.]]
cf_score, 39.0
nv_score, 6.0
ratio, 0.505050505051
[[ 17.  16.   8.]
 [ 12.  10.   5.]
 [  7.   4.  21.]]
cf_score, 33.0
nv_score, 0.0
ratio, 0.484848484848
[[ 19.   6.   6.]
 [  8.   9.   5.]
 [  5.  17.  25.]]
cf_score, 42.0
nv_score, 8.0
ratio, 0.535353535354
[[ 19.  12.   6.]
 [  9.  13.  11.]
 [  5.   6.  19.]]
cf_score, 40.0
nv_score, -4.0
ratio, 0.515151515152
[[ 21.  10.   5.]
 [ 11.  11.   8.]
 [  9.   9.  16.]]
cf_score, 34.0
nv_score, -2.0
ratio, 0.484848484848
[[ 24.  11.   5.]
 [  9.   3.   7.]
 [ 14.  10.  17.]]
cf_score, 25.0
nv_score, 0.0
ratio, 0.444444444444
[[ 23.  14.   6.]
 [  8.  15.  12.]
 [  4.   4.  14.]]
cf_score, 42.0
nv_score, -10.0
ratio, 0.525252525253
[[ 19.   6.   5.]
 [  9.  11.  12.]
 [  7.  16.  15.]]
cf_score, 33.0
nv_score, -7.0
ratio, 0.454545454545
[[ 15.   8.   8.]
 [  8.  10.   8.]
 [  7.  14.  22.]]
cf_score, 32.0
nv_score, -2.0
ratio, 0.474747474747
[[ 29.   9.   8.]
 [ 12.   8.   8.]
 [  7.   6.  13.]]
cf_score, 35.0
nv_score, -11.0
ratio, 0.505050505051
[[ 20.   8.   8.]
 [  6.  14.  10.]
 [ 12.  10.  12.]]
cf_score, 26.0
nv_score, -14.0
ratio, 0.464646464646
[[ 22.  12.   3.]
 [  7.   7.  12.]
 [  5.  10.  22.]]
cf_score, 43.0
nv_score, 4.0
ratio, 0.515151515152
[[ 11.  13.   5.]
 [  5.  14.  16.]
 [  8.  12.  16.]]
cf_score, 28.0
nv_score, -10.0
ratio, 0.414141414141
[[ 25.   8.   5.]
 [ 12.  12.   8.]
 [  6.  12.  12.]]
cf_score, 38.0
nv_score, -6.0
ratio, 0.494949494949
[[ 18.   7.   3.]
 [ 14.   8.  10.]
 [  6.  14.  20.]]
cf_score, 37.0
nv_score, 4.0
ratio, 0.464646464646
[[ 20.  10.   4.]
 [ 11.  11.   7.]
 [ 12.   6.  19.]]
cf_score, 34.0
nv_score, 4.0
ratio, 0.505050505051
[[ 22.   9.   8.]
 [  6.  18.   5.]
 [  9.   2.  21.]]
cf_score, 44.0
nv_score, 0.0
ratio, 0.616161616162
[[ 23.   5.  10.]
 [  6.   7.  10.]
 [ 10.  14.  15.]]
cf_score, 25.0
nv_score, -15.0
ratio, 0.454545454545
[[ 22.   7.   5.]
 [  7.   8.   5.]
 [ 12.  15.  19.]]
cf_score, 32.0
nv_score, 4.0
ratio, 0.494949494949
[[ 18.  13.   4.]
 [  9.   9.   6.]
 [ 11.  15.  15.]]
cf_score, 27.0
nv_score, 1.0
ratio, 0.424242424242
[[ 22.  11.   5.]
 [  8.   7.   9.]
 [ 11.  12.  15.]]
cf_score, 28.0
nv_score, -4.0
ratio, 0.444444444444
[[ 19.  13.   6.]
 [  9.  17.  12.]
 [  3.   4.  17.]]
cf_score, 44.0
nv_score, -7.0
ratio, 0.535353535354
[[ 15.   6.   6.]
 [ 12.  10.   6.]
 [ 10.  15.  20.]]
cf_score, 29.0
nv_score, 2.0
ratio, 0.454545454545
[[ 26.   6.   5.]
 [  9.   9.  14.]
 [  9.   9.  13.]]
cf_score, 34.0
nv_score, -11.0
ratio, 0.484848484848
[[ 15.   8.   5.]
 [  9.  10.  15.]
 [  7.   8.  23.]]
cf_score, 36.0
nv_score, -2.0
ratio, 0.484848484848
[[ 15.   9.   3.]
 [ 11.   6.  15.]
 [ 10.  13.  18.]]
cf_score, 26.0
nv_score, -3.0
ratio, 0.393939393939
[[ 22.  10.   4.]
 [  9.  10.   8.]
 [ 17.  10.  10.]]
cf_score, 21.0
nv_score, -6.0
ratio, 0.424242424242
[[ 15.   9.   5.]
 [ 12.  15.   7.]
 [  9.  12.  16.]]
cf_score, 32.0
nv_score, -1.0
ratio, 0.464646464646
[[ 16.  12.   5.]
 [ 10.   9.  10.]
 [  6.  16.  16.]]
cf_score, 30.0
nv_score, -4.0
ratio, 0.414141414141
[[ 16.   6.   7.]
 [ 15.  12.  10.]
 [  7.  12.  15.]]
cf_score, 29.0
nv_score, -9.0
ratio, 0.434343434343
[[ 19.  10.   9.]
 [ 10.   2.  12.]
 [ 11.  10.  17.]]
cf_score, 18.0
nv_score, -13.0
ratio, 0.383838383838
