[[  0.  31.   7.]
 [  0.  24.   6.]
 [  0.  19.  13.]]
cf_score, 30.0
ratio, 0.373737373737
[[  0.  31.   7.]
 [  0.  24.   0.]
 [  0.  32.   6.]]
cf_score, 23.0
ratio, 0.30303030303
[[  0.  30.   8.]
 [  0.  22.   6.]
 [  0.  16.  18.]]
cf_score, 32.0
ratio, 0.40404040404
[[  0.  23.   8.]
 [  0.  16.   6.]
 [  0.  22.  25.]]
cf_score, 33.0
ratio, 0.414141414141
[[  0.  24.   7.]
 [  0.  29.   2.]
 [  0.  22.  16.]]
cf_score, 38.0
ratio, 0.454545454545
[[  0.  24.  15.]
 [  0.  24.   7.]
 [  0.  15.  15.]]
cf_score, 24.0
ratio, 0.393939393939
[[  6.  16.  20.]
 [  2.  11.   7.]
 [  2.  13.  23.]]
cf_score, 18.0
ratio, 0.40404040404
[[ 25.  12.   4.]
 [ 21.   9.   1.]
 [  5.  11.  12.]]
cf_score, 37.0
ratio, 0.464646464646
[[  8.  18.  11.]
 [  9.  13.  11.]
 [  3.   9.  18.]]
cf_score, 25.0
ratio, 0.393939393939
[[ 18.  12.  12.]
 [  6.   5.  16.]
 [  5.   4.  22.]]
cf_score, 28.0
ratio, 0.454545454545
[[  7.  20.   9.]
 [  8.  15.   7.]
 [  2.  15.  17.]]
cf_score, 28.0
ratio, 0.393939393939
[[ 14.   8.  12.]
 [ 15.   5.   9.]
 [ 15.   3.  19.]]
cf_score, 11.0
ratio, 0.383838383838
[[ 11.  12.  20.]
 [ 10.   8.   3.]
 [ 12.   7.  17.]]
cf_score, 4.0
ratio, 0.363636363636
[[ 16.   8.   9.]
 [ 17.   8.   8.]
 [ 10.   7.  17.]]
cf_score, 22.0
ratio, 0.414141414141
[[ 13.  10.  14.]
 [  3.   8.  17.]
 [  6.  11.  18.]]
cf_score, 19.0
ratio, 0.393939393939
[[  9.  21.   8.]
 [  5.  14.  13.]
 [  5.  11.  14.]]
cf_score, 24.0
ratio, 0.373737373737
[[ 11.  12.   9.]
 [  4.  10.  13.]
 [  5.  11.  25.]]
cf_score, 32.0
ratio, 0.464646464646
[[ 15.  19.  12.]
 [ 10.   9.   4.]
 [ 12.   6.  13.]]
cf_score, 13.0
ratio, 0.373737373737
[[ 10.  11.   9.]
 [ 17.  10.  12.]
 [  8.   7.  16.]]
cf_score, 19.0
ratio, 0.363636363636
[[ 16.  11.  11.]
 [ 11.   9.   5.]
 [ 12.  12.  13.]]
cf_score, 15.0
ratio, 0.383838383838
[[ 25.   3.   3.]
 [ 26.   3.   6.]
 [ 12.   9.  13.]]
cf_score, 26.0
ratio, 0.414141414141
[[ 12.  15.  11.]
 [  8.   8.  12.]
 [  4.   9.  21.]]
cf_score, 26.0
ratio, 0.414141414141
[[ 10.  14.  10.]
 [ 19.   8.   7.]
 [  6.  12.  14.]]
cf_score, 16.0
ratio, 0.323232323232
[[ 18.  15.   6.]
 [  8.  14.   8.]
 [  2.  10.  19.]]
cf_score, 43.0
ratio, 0.515151515152
[[  8.  14.   8.]
 [ 12.  14.  13.]
 [  3.  10.  18.]]
cf_score, 29.0
ratio, 0.40404040404
[[ 14.  12.  15.]
 [ 13.   9.   4.]
 [  8.   8.  17.]]
cf_score, 17.0
ratio, 0.40404040404
[[ 25.   7.   5.]
 [ 13.  11.   6.]
 [ 10.   5.  18.]]
cf_score, 39.0
ratio, 0.545454545455
[[ 13.  16.   8.]
 [  9.  10.  12.]
 [  3.  12.  17.]]
cf_score, 29.0
ratio, 0.40404040404
[[ 19.  14.  10.]
 [ 12.  10.   8.]
 [  4.   7.  16.]]
cf_score, 31.0
ratio, 0.454545454545
[[ 22.   8.   4.]
 [ 15.  10.   3.]
 [ 12.  15.  11.]]
cf_score, 27.0
ratio, 0.434343434343
[[  9.  18.  12.]
 [  5.  12.  10.]
 [  6.   6.  22.]]
cf_score, 25.0
ratio, 0.434343434343
[[ 12.  14.  15.]
 [ 10.  12.   5.]
 [  4.  10.  18.]]
cf_score, 23.0
ratio, 0.424242424242
[[ 13.  10.  10.]
 [ 18.   9.   5.]
 [ 10.   8.  17.]]
cf_score, 19.0
ratio, 0.393939393939
[[ 10.  13.   7.]
 [  9.  15.   9.]
 [  4.   7.  26.]]
cf_score, 40.0
ratio, 0.515151515152
[[ 16.  13.   7.]
 [ 11.  15.   6.]
 [  9.   7.  16.]]
cf_score, 31.0
ratio, 0.474747474747
[[ 28.  12.   6.]
 [ 10.   8.   5.]
 [  8.  10.  13.]]
cf_score, 35.0
ratio, 0.494949494949
[[  7.   9.   9.]
 [ 14.   9.  12.]
 [  9.  10.  21.]]
cf_score, 19.0
ratio, 0.373737373737
[[ 11.  14.  11.]
 [ 10.  11.   6.]
 [  5.  11.  21.]]
cf_score, 27.0
ratio, 0.434343434343
[[ 11.  11.  14.]
 [  7.  15.   7.]
 [ 10.  10.  15.]]
cf_score, 17.0
ratio, 0.414141414141
[[  4.  19.  24.]
 [  3.   4.  17.]
 [  3.   5.  21.]]
cf_score, 2.0
ratio, 0.292929292929
[[ 18.  14.   9.]
 [ 12.   8.   6.]
 [  3.  12.  18.]]
cf_score, 32.0
ratio, 0.444444444444
[[ 17.  14.  10.]
 [ 19.   1.   2.]
 [ 12.   9.  16.]]
cf_score, 12.0
ratio, 0.343434343434
[[ 26.  18.   6.]
 [  7.   9.   3.]
 [ 10.  11.  10.]]
cf_score, 29.0
ratio, 0.454545454545
[[ 15.  14.  11.]
 [ 15.   3.   8.]
 [  6.   9.  19.]]
cf_score, 20.0
ratio, 0.373737373737
[[ 15.  10.  14.]
 [ 10.   9.  10.]
 [  5.   8.  19.]]
cf_score, 24.0
ratio, 0.434343434343
[[ 17.   9.   5.]
 [ 20.  10.   6.]
 [ 11.   8.  14.]]
cf_score, 25.0
ratio, 0.414141414141
[[ 17.  15.   9.]
 [ 19.   8.   2.]
 [  9.   8.  13.]]
cf_score, 20.0
ratio, 0.383838383838
[[  7.  16.  13.]
 [  9.   8.   9.]
 [  4.  11.  23.]]
cf_score, 21.0
ratio, 0.383838383838
[[ 10.  14.  12.]
 [ 11.   9.   6.]
 [  5.  12.  21.]]
cf_score, 23.0
ratio, 0.40404040404
[[  9.  12.  15.]
 [ 11.  12.  15.]
 [  6.   8.  12.]]
cf_score, 12.0
ratio, 0.333333333333
[[ 10.  14.  17.]
 [  8.  12.   8.]
 [  5.   5.  21.]]
cf_score, 21.0
ratio, 0.434343434343
[[ 16.  14.   6.]
 [ 12.   5.   6.]
 [  3.   9.  29.]]
cf_score, 41.0
ratio, 0.505050505051
[[  7.   5.  22.]
 [  5.   6.  19.]
 [  0.   1.  35.]]
cf_score, 26.0
ratio, 0.484848484848
[[ 16.  13.  11.]
 [ 14.   9.   9.]
 [  9.   6.  13.]]
cf_score, 18.0
ratio, 0.383838383838
[[  7.  15.  11.]
 [  9.   8.  11.]
 [  8.  11.  20.]]
cf_score, 16.0
ratio, 0.353535353535
[[ 17.  12.   6.]
 [  8.   9.   6.]
 [  9.  10.  23.]]
cf_score, 34.0
ratio, 0.494949494949
[[ 16.  11.  11.]
 [  7.  11.  15.]
 [  2.   9.  18.]]
cf_score, 32.0
ratio, 0.454545454545
[[ 16.  11.   4.]
 [ 20.   9.   3.]
 [  9.  12.  16.]]
cf_score, 28.0
ratio, 0.414141414141
[[ 23.   9.  13.]
 [ 16.   5.   6.]
 [  6.   8.  14.]]
cf_score, 23.0
ratio, 0.424242424242
[[ 13.   7.  10.]
 [  8.  11.   9.]
 [  8.  10.  24.]]
cf_score, 30.0
ratio, 0.484848484848
[[ 11.  13.   6.]
 [ 17.  12.   8.]
 [  4.   8.  21.]]
cf_score, 34.0
ratio, 0.444444444444
[[ 11.  16.   6.]
 [ 10.  11.   6.]
 [  8.   9.  23.]]
cf_score, 31.0
ratio, 0.454545454545
[[ 12.  13.  13.]
 [ 10.   8.   9.]
 [  4.  12.  19.]]
cf_score, 22.0
ratio, 0.393939393939
[[  9.  13.  17.]
 [ 11.  12.   6.]
 [  6.   6.  20.]]
cf_score, 18.0
ratio, 0.414141414141
[[ 19.  11.   7.]
 [ 14.   6.   5.]
 [ 12.   5.  21.]]
cf_score, 27.0
ratio, 0.464646464646
[[ 10.  16.  12.]
 [ 10.  17.   8.]
 [  1.  10.  16.]]
cf_score, 30.0
ratio, 0.434343434343
[[  9.  14.  11.]
 [  8.  10.  10.]
 [  2.   8.  28.]]
cf_score, 34.0
ratio, 0.474747474747
[[ 17.  16.   7.]
 [  6.  21.   5.]
 [  4.  11.  13.]]
cf_score, 40.0
ratio, 0.515151515152
[[ 19.  11.   9.]
 [ 20.   7.   1.]
 [ 14.   4.  15.]]
cf_score, 18.0
ratio, 0.414141414141
[[ 16.  11.   7.]
 [ 14.  10.  11.]
 [  6.   7.  18.]]
cf_score, 31.0
ratio, 0.444444444444
[[ 17.  13.   9.]
 [ 18.   8.   7.]
 [  4.   7.  17.]]
cf_score, 29.0
ratio, 0.424242424242
[[ 10.  11.   7.]
 [ 13.  11.   7.]
 [ 11.  11.  19.]]
cf_score, 22.0
ratio, 0.40404040404
[[ 21.   6.   6.]
 [ 21.   7.   5.]
 [ 10.  14.  10.]]
cf_score, 22.0
ratio, 0.383838383838
[[ 12.   7.  12.]
 [ 14.  13.   6.]
 [ 12.   6.  18.]]
cf_score, 19.0
ratio, 0.434343434343
[[  8.  17.  15.]
 [ 10.   7.  15.]
 [  1.   4.  23.]]
cf_score, 22.0
ratio, 0.383838383838
[[ 17.   7.  12.]
 [ 14.   7.   3.]
 [ 11.  10.  19.]]
cf_score, 20.0
ratio, 0.434343434343
[[ 22.   7.   9.]
 [ 16.   6.   5.]
 [ 10.   6.  19.]]
cf_score, 28.0
ratio, 0.474747474747
[[ 12.  11.  14.]
 [  9.   9.  11.]
 [  7.  10.  17.]]
cf_score, 17.0
ratio, 0.383838383838
[[ 16.  14.   8.]
 [ 15.   7.  10.]
 [  8.   6.  16.]]
cf_score, 23.0
ratio, 0.393939393939
[[  9.  17.  21.]
 [  4.   8.  14.]
 [  2.   9.  16.]]
cf_score, 10.0
ratio, 0.333333333333
[[ 21.   9.   4.]
 [ 14.  11.   5.]
 [ 15.   5.  16.]]
cf_score, 29.0
ratio, 0.484848484848
[[ 14.  12.   9.]
 [ 16.   8.   9.]
 [  7.   9.  16.]]
cf_score, 22.0
ratio, 0.383838383838
[[  6.  10.  15.]
 [ 13.   9.  10.]
 [  3.  14.  20.]]
cf_score, 17.0
ratio, 0.353535353535
[[ 16.   7.   3.]
 [ 11.  17.   8.]
 [  8.  13.  17.]]
cf_score, 39.0
ratio, 0.505050505051
[[ 21.  12.   9.]
 [ 16.   9.   2.]
 [  8.   7.  16.]]
cf_score, 29.0
ratio, 0.464646464646
[[ 25.  13.   9.]
 [ 21.   9.   1.]
 [  9.   6.   7.]]
cf_score, 23.0
ratio, 0.414141414141
[[ 14.  15.   5.]
 [ 21.  12.   8.]
 [  5.   9.  11.]]
cf_score, 27.0
ratio, 0.373737373737
[[ 23.  11.   6.]
 [ 13.   8.   4.]
 [ 10.   9.  16.]]
cf_score, 31.0
ratio, 0.474747474747
[[  9.  14.  10.]
 [ 15.  10.  16.]
 [  2.   9.  15.]]
cf_score, 22.0
ratio, 0.343434343434
[[ 10.  17.  10.]
 [  9.  13.   9.]
 [  6.   8.  18.]]
cf_score, 25.0
ratio, 0.414141414141
[[  9.  11.  11.]
 [  8.  15.  13.]
 [  7.  10.  16.]]
cf_score, 22.0
ratio, 0.40404040404
[[ 20.  16.   2.]
 [ 13.  14.   2.]
 [ 11.   9.  13.]]
cf_score, 34.0
ratio, 0.474747474747
[[  6.  20.  10.]
 [ 11.  14.  11.]
 [  5.   9.  14.]]
cf_score, 19.0
ratio, 0.343434343434
[[ 12.  14.  16.]
 [  7.   4.  12.]
 [  4.  11.  20.]]
cf_score, 16.0
ratio, 0.363636363636
[[ 18.  11.  11.]
 [  8.  13.   6.]
 [  5.   7.  21.]]
cf_score, 36.0
ratio, 0.525252525253
[[ 29.   9.   5.]
 [ 16.   7.   5.]
 [ 11.   8.  10.]]
cf_score, 30.0
ratio, 0.464646464646
[[ 12.   6.   7.]
 [ 21.  12.   6.]
 [  8.   9.  19.]]
cf_score, 28.0
ratio, 0.434343434343
[[ 19.   6.   6.]
 [  8.  10.   4.]
 [ 11.   8.  28.]]
cf_score, 40.0
ratio, 0.575757575758
[[ 17.   6.   5.]
 [ 14.   6.  11.]
 [ 10.   6.  25.]]
cf_score, 33.0
ratio, 0.484848484848
[[ 22.  13.   6.]
 [ 14.   8.   6.]
 [ 10.   5.  16.]]
cf_score, 30.0
ratio, 0.464646464646
