[[  0.  35.   0.]
 [  0.  22.   0.]
 [  0.  43.   0.]]
cf_score, 22.0
nv_score, 0.0
ratio, 0.222222222222
[[  0.  34.   0.]
 [  0.  27.   0.]
 [  0.  39.   0.]]
cf_score, 27.0
nv_score, 0.0
ratio, 0.272727272727
[[  9.  15.   0.]
 [ 11.  13.   0.]
 [  3.  49.   0.]]
cf_score, 19.0
nv_score, 0.0
ratio, 0.222222222222
[[ 25.   0.   7.]
 [ 22.   3.   4.]
 [ 18.   0.  21.]]
cf_score, 24.0
nv_score, 3.0
ratio, 0.494949494949
[[ 24.   5.   9.]
 [ 13.   0.   5.]
 [ 16.   6.  22.]]
cf_score, 21.0
nv_score, -1.0
ratio, 0.464646464646
[[ 22.   2.   6.]
 [ 21.   0.   5.]
 [ 23.   2.  19.]]
cf_score, 12.0
nv_score, 2.0
ratio, 0.414141414141
[[ 18.   2.   7.]
 [ 21.   2.   4.]
 [ 31.   1.  14.]]
cf_score, -4.0
nv_score, -4.0
ratio, 0.343434343434
[[ 19.   5.  14.]
 [ 22.   0.   5.]
 [ 25.   3.   7.]]
cf_score, -13.0
nv_score, -26.0
ratio, 0.262626262626
[[ 17.   3.   5.]
 [ 27.   1.   7.]
 [ 18.   1.  21.]]
cf_score, 16.0
nv_score, 4.0
ratio, 0.393939393939
[[ 23.   1.   9.]
 [ 14.   3.   3.]
 [ 25.   1.  21.]]
cf_score, 13.0
nv_score, 0.0
ratio, 0.474747474747
[[ 24.   2.   6.]
 [ 25.   3.   4.]
 [ 16.   4.  16.]]
cf_score, 21.0
nv_score, 0.0
ratio, 0.434343434343
[[ 16.   1.   8.]
 [ 29.   1.   2.]
 [ 22.   4.  17.]]
cf_score, 4.0
nv_score, -1.0
ratio, 0.343434343434
[[ 18.   3.   4.]
 [ 22.   0.   5.]
 [ 29.   1.  18.]]
cf_score, 3.0
nv_score, 5.0
ratio, 0.363636363636
[[ 19.   1.   7.]
 [ 31.   0.   4.]
 [ 22.   5.  11.]]
cf_score, 1.0
nv_score, -7.0
ratio, 0.30303030303
[[ 22.   1.   7.]
 [ 23.   2.   3.]
 [ 24.   4.  14.]]
cf_score, 7.0
nv_score, -3.0
ratio, 0.383838383838
[[ 22.   1.   4.]
 [ 24.   1.   1.]
 [ 26.   3.  18.]]
cf_score, 11.0
nv_score, 9.0
ratio, 0.414141414141
[[ 23.   0.  10.]
 [ 16.   4.   5.]
 [ 20.   2.  20.]]
cf_score, 17.0
nv_score, -5.0
ratio, 0.474747474747
[[ 31.   0.   6.]
 [ 21.   3.   7.]
 [ 17.   5.  10.]]
cf_score, 21.0
nv_score, -9.0
ratio, 0.444444444444
[[ 16.   1.   7.]
 [ 28.   5.   3.]
 [ 23.   5.  12.]]
cf_score, 3.0
nv_score, -5.0
ratio, 0.333333333333
[[ 18.   2.   8.]
 [ 21.   3.   3.]
 [ 21.   4.  20.]]
cf_score, 12.0
nv_score, 1.0
ratio, 0.414141414141
[[ 22.   0.   8.]
 [ 26.   2.   1.]
 [ 14.   9.  18.]]
cf_score, 20.0
nv_score, 1.0
ratio, 0.424242424242
[[ 22.   2.   5.]
 [ 19.   4.   2.]
 [ 21.   4.  21.]]
cf_score, 21.0
nv_score, 9.0
ratio, 0.474747474747
[[ 21.   0.  12.]
 [ 22.   3.   5.]
 [ 21.   3.  13.]]
cf_score, 4.0
nv_score, -16.0
ratio, 0.373737373737
[[ 31.   2.   8.]
 [ 14.   2.   2.]
 [ 19.  10.  12.]]
cf_score, 18.0
nv_score, -6.0
ratio, 0.454545454545
[[ 21.   0.  10.]
 [ 16.   5.   1.]
 [ 27.   4.  16.]]
cf_score, 5.0
nv_score, -5.0
ratio, 0.424242424242
[[ 24.   3.   6.]
 [ 26.   2.   6.]
 [ 12.   5.  16.]]
cf_score, 24.0
nv_score, -2.0
ratio, 0.424242424242
[[ 25.   3.   4.]
 [ 23.   1.   3.]
 [ 25.   0.  16.]]
cf_score, 13.0
nv_score, 5.0
ratio, 0.424242424242
[[ 22.   4.   6.]
 [ 14.   3.   7.]
 [ 29.   4.  11.]]
cf_score, 1.0
nv_score, -8.0
ratio, 0.363636363636
[[ 24.   3.   9.]
 [ 17.   5.   7.]
 [ 17.   5.  13.]]
cf_score, 16.0
nv_score, -12.0
ratio, 0.424242424242
[[ 36.   2.  11.]
 [ 20.   2.   1.]
 [ 17.   4.   7.]]
cf_score, 17.0
nv_score, -16.0
ratio, 0.454545454545
[[ 25.   1.  11.]
 [ 20.   0.   5.]
 [ 21.   8.   9.]]
cf_score, 2.0
nv_score, -18.0
ratio, 0.343434343434
[[ 14.   1.   4.]
 [ 27.   0.   8.]
 [ 27.   6.  13.]]
cf_score, -4.0
nv_score, -3.0
ratio, 0.272727272727
[[ 23.   1.   7.]
 [ 20.   0.   5.]
 [ 30.   3.  11.]]
cf_score, -3.0
nv_score, -8.0
ratio, 0.343434343434
[[ 20.   2.   7.]
 [ 18.   0.  11.]
 [ 20.   8.  14.]]
cf_score, 7.0
nv_score, -11.0
ratio, 0.343434343434
[[ 20.   3.  11.]
 [ 15.   0.   2.]
 [ 26.   9.  14.]]
cf_score, -3.0
nv_score, -10.0
ratio, 0.343434343434
[[ 17.   1.   8.]
 [ 18.   0.   8.]
 [ 16.   6.  26.]]
cf_score, 19.0
nv_score, 2.0
ratio, 0.434343434343
[[ 26.   1.   7.]
 [ 19.   0.   8.]
 [ 19.   7.  13.]]
cf_score, 13.0
nv_score, -9.0
ratio, 0.393939393939
[[ 23.   3.   4.]
 [ 17.   0.  10.]
 [ 21.   6.  16.]]
cf_score, 14.0
nv_score, -2.0
ratio, 0.393939393939
[[ 27.   0.   6.]
 [ 23.   0.   7.]
 [ 20.   6.  11.]]
cf_score, 12.0
nv_score, -8.0
ratio, 0.383838383838
[[ 22.   2.   4.]
 [ 28.   0.   3.]
 [ 27.   5.   9.]]
cf_score, 0.0
nv_score, -2.0
ratio, 0.313131313131
[[ 23.   2.   9.]
 [ 17.   0.   5.]
 [ 26.   4.  14.]]
cf_score, 2.0
nv_score, -9.0
ratio, 0.373737373737
[[ 27.   0.   2.]
 [ 24.   0.   4.]
 [ 26.   2.  15.]]
cf_score, 14.0
nv_score, 7.0
ratio, 0.424242424242
[[ 22.   2.  11.]
 [ 25.   0.   4.]
 [ 16.   3.  17.]]
cf_score, 12.0
nv_score, -9.0
ratio, 0.393939393939
[[ 23.   1.   4.]
 [ 16.   0.   7.]
 [ 23.   5.  21.]]
cf_score, 17.0
nv_score, 6.0
ratio, 0.444444444444
[[ 27.   1.   8.]
 [ 24.   0.   3.]
 [ 17.   5.  15.]]
cf_score, 17.0
nv_score, -4.0
ratio, 0.424242424242
[[ 21.   0.   4.]
 [ 17.   0.   9.]
 [ 33.   6.  10.]]
cf_score, -6.0
nv_score, -7.0
ratio, 0.313131313131
[[ 23.   3.   8.]
 [ 16.   0.   9.]
 [ 17.   5.  19.]]
cf_score, 17.0
nv_score, -6.0
ratio, 0.424242424242
[[ 17.   1.  13.]
 [ 25.   0.   3.]
 [ 23.   4.  14.]]
cf_score, -5.0
nv_score, -15.0
ratio, 0.313131313131
[[ 24.   0.   9.]
 [ 16.   0.   7.]
 [ 18.   7.  19.]]
cf_score, 16.0
nv_score, -6.0
ratio, 0.434343434343
[[ 28.   1.   5.]
 [ 19.   0.   8.]
 [ 19.   2.  18.]]
cf_score, 22.0
nv_score, 0.0
ratio, 0.464646464646
