[[  0.  27.   0.]
 [  0.  39.   0.]
 [  0.  34.   0.]]
cf_score, 39.0
nv_score, 0.0
ratio, 0.393939393939
[[ 18.   1.   2.]
 [  1.  41.   4.]
 [ 12.  13.   8.]]
cf_score, 53.0
nv_score, 0.0
ratio, 0.676767676768
[[ 14.   2.   4.]
 [  1.  50.   0.]
 [ 16.   4.   9.]]
cf_score, 53.0
nv_score, 1.0
ratio, 0.737373737374
[[ 16.   0.  16.]
 [  0.  35.   4.]
 [ 12.   4.  13.]]
cf_score, 36.0
nv_score, -23.0
ratio, 0.646464646465
[[ 11.   5.  10.]
 [  0.  38.   1.]
 [ 15.   4.  16.]]
cf_score, 40.0
nv_score, -5.0
ratio, 0.656565656566
[[ 16.   2.   3.]
 [  1.  36.   6.]
 [ 20.   7.   9.]]
cf_score, 38.0
nv_score, -3.0
ratio, 0.616161616162
[[  5.   3.   9.]
 [  0.  41.   2.]
 [ 14.   6.  20.]]
cf_score, 43.0
nv_score, 0.0
ratio, 0.666666666667
[[ 14.   2.   5.]
 [  0.  54.   2.]
 [ 14.   4.   5.]]
cf_score, 54.0
nv_score, -7.0
ratio, 0.737373737374
[[  8.   6.   5.]
 [  0.  48.   2.]
 [ 15.   3.  13.]]
cf_score, 49.0
nv_score, 1.0
ratio, 0.69696969697
[[ 11.   3.   6.]
 [  1.  47.   1.]
 [ 10.   4.  17.]]
cf_score, 59.0
nv_score, 4.0
ratio, 0.757575757576
[[ 14.   3.   8.]
 [  1.  45.   5.]
 [  9.   3.  12.]]
cf_score, 54.0
nv_score, -9.0
ratio, 0.717171717172
[[  5.   1.  16.]
 [  0.  53.   1.]
 [  6.   3.  15.]]
cf_score, 51.0
nv_score, -18.0
ratio, 0.737373737374
[[ 20.   1.   7.]
 [  0.  41.   2.]
 [ 12.   3.  14.]]
cf_score, 56.0
nv_score, -2.0
ratio, 0.757575757576
[[ 12.   3.  10.]
 [  0.  34.   5.]
 [ 10.   6.  20.]]
cf_score, 46.0
nv_score, -5.0
ratio, 0.666666666667
[[ 16.   2.   7.]
 [  0.  48.   4.]
 [  8.   2.  13.]]
cf_score, 62.0
nv_score, -5.0
ratio, 0.777777777778
[[  8.   5.  14.]
 [  0.  39.   2.]
 [  9.   5.  18.]]
cf_score, 42.0
nv_score, -12.0
ratio, 0.656565656566
[[  9.   1.  18.]
 [  0.  42.   3.]
 [  9.   2.  16.]]
cf_score, 40.0
nv_score, -23.0
ratio, 0.676767676768
[[ 14.   1.  12.]
 [  0.  47.   2.]
 [  8.   3.  13.]]
cf_score, 54.0
nv_score, -13.0
ratio, 0.747474747475
[[  6.   3.  13.]
 [  0.  38.   3.]
 [ 17.   5.  15.]]
cf_score, 29.0
nv_score, -14.0
ratio, 0.59595959596
[[ 16.   0.  10.]
 [  0.  46.   7.]
 [ 11.   1.   9.]]
cf_score, 50.0
nv_score, -18.0
ratio, 0.717171717172
[[ 18.   3.   8.]
 [  0.  42.   2.]
 [ 12.   6.   9.]]
cf_score, 49.0
nv_score, -9.0
ratio, 0.69696969697
[[ 17.   4.   5.]
 [  0.  35.   5.]
 [ 16.   7.  11.]]
cf_score, 42.0
nv_score, -4.0
ratio, 0.636363636364
[[ 18.   5.   2.]
 [  0.  45.   2.]
 [ 18.   0.  10.]]
cf_score, 53.0
nv_score, 4.0
ratio, 0.737373737374
[[ 15.   3.   4.]
 [  0.  38.  10.]
 [ 17.   3.  10.]]
cf_score, 42.0
nv_score, -8.0
ratio, 0.636363636364
[[ 11.   2.   8.]
 [  0.  47.   4.]
 [ 10.   0.  18.]]
cf_score, 58.0
nv_score, -2.0
ratio, 0.767676767677
[[ 15.   1.  13.]
 [  0.  49.   1.]
 [  4.   4.  13.]]
cf_score, 60.0
nv_score, -14.0
ratio, 0.777777777778
[[ 20.   0.  11.]
 [  0.  34.   8.]
 [ 13.   2.  12.]]
cf_score, 42.0
nv_score, -18.0
ratio, 0.666666666667
[[ 18.   1.   7.]
 [  0.  50.   1.]
 [ 12.   6.   5.]]
cf_score, 54.0
nv_score, -10.0
ratio, 0.737373737374
[[ 11.   1.  15.]
 [  1.  40.   3.]
 [  8.   5.  16.]]
cf_score, 44.0
nv_score, -17.0
ratio, 0.676767676768
[[ 13.   2.  11.]
 [  0.  38.   3.]
 [ 20.   4.   9.]]
cf_score, 29.0
nv_score, -16.0
ratio, 0.606060606061
[[ 18.   2.   6.]
 [  0.  42.   8.]
 [ 14.   1.   9.]]
cf_score, 49.0
nv_score, -11.0
ratio, 0.69696969697
[[ 12.   4.   7.]
 [  0.  46.   4.]
 [ 12.   3.  12.]]
cf_score, 51.0
nv_score, -6.0
ratio, 0.707070707071
[[  6.   4.  16.]
 [  1.  48.   3.]
 [ 10.   3.   9.]]
cf_score, 37.0
nv_score, -26.0
ratio, 0.636363636364
[[  9.   2.  11.]
 [  0.  50.   3.]
 [  8.   3.  14.]]
cf_score, 54.0
nv_score, -11.0
ratio, 0.737373737374
[[ 15.   1.   7.]
 [  0.  40.   7.]
 [ 20.   0.  10.]]
cf_score, 38.0
nv_score, -11.0
ratio, 0.656565656566
[[ 12.   3.   7.]
 [  0.  39.   7.]
 [ 10.   4.  18.]]
cf_score, 52.0
nv_score, -3.0
ratio, 0.69696969697
[[ 15.   2.   7.]
 [  0.  44.   3.]
 [ 15.   3.  11.]]
cf_score, 48.0
nv_score, -6.0
ratio, 0.707070707071
[[  8.   0.  11.]
 [  0.  38.   9.]
 [ 12.   6.  16.]]
cf_score, 39.0
nv_score, -15.0
ratio, 0.626262626263
[[ 14.   1.   6.]
 [  0.  41.   6.]
 [ 12.   4.  16.]]
cf_score, 53.0
nv_score, -2.0
ratio, 0.717171717172
[[ 18.   1.  10.]
 [  0.  41.   6.]
 [ 14.   2.   8.]]
cf_score, 43.0
nv_score, -18.0
ratio, 0.676767676768
[[ 16.   2.   6.]
 [  0.  41.   8.]
 [ 13.   4.  10.]]
cf_score, 48.0
nv_score, -10.0
ratio, 0.676767676768
[[ 20.   0.   7.]
 [  1.  31.   2.]
 [ 20.   5.  14.]]
cf_score, 38.0
nv_score, -2.0
ratio, 0.656565656566
[[ 14.   3.  11.]
 [  1.  37.   4.]
 [ 12.   2.  16.]]
cf_score, 44.0
nv_score, -10.0
ratio, 0.676767676768
[[ 15.   1.  13.]
 [  0.  36.   8.]
 [ 11.   3.  13.]]
cf_score, 40.0
nv_score, -21.0
ratio, 0.646464646465
[[ 22.   0.   9.]
 [  0.  37.   7.]
 [ 11.   2.  12.]]
cf_score, 51.0
nv_score, -13.0
ratio, 0.717171717172
[[ 11.   3.   9.]
 [  0.  38.   4.]
 [ 17.   2.  16.]]
cf_score, 39.0
nv_score, -6.0
ratio, 0.656565656566
[[ 13.   1.   6.]
 [  0.  42.   3.]
 [ 17.   3.  15.]]
cf_score, 47.0
nv_score, 0.0
ratio, 0.707070707071
[[ 11.   1.   5.]
 [  0.  39.   2.]
 [ 25.   4.  13.]]
cf_score, 33.0
nv_score, 1.0
ratio, 0.636363636364
[[ 15.   2.  10.]
 [  0.  34.   7.]
 [ 20.   2.  10.]]
cf_score, 29.0
nv_score, -17.0
ratio, 0.59595959596
[[ 11.   4.   7.]
 [  1.  40.   4.]
 [ 16.   1.  16.]]
cf_score, 44.0
nv_score, -2.0
ratio, 0.676767676768
