[[  0.   0.  35.]
 [  0.   0.  35.]
 [  0.   0.  30.]]
cf_score, -5.0
nv_score, -75.0
ratio, 0.30303030303
[[  0.  33.   0.]
 [  0.  38.   0.]
 [  0.  29.   0.]]
cf_score, 38.0
nv_score, 0.0
ratio, 0.383838383838
[[  0.  25.   0.]
 [  0.  39.   0.]
 [  0.  36.   0.]]
cf_score, 39.0
nv_score, 0.0
ratio, 0.393939393939
[[ 35.   0.   0.]
 [ 32.   0.   0.]
 [ 33.   0.   0.]]
cf_score, 2.0
nv_score, 0.0
ratio, 0.353535353535
[[  0.  36.   0.]
 [  0.  30.   0.]
 [  0.  34.   0.]]
cf_score, 30.0
nv_score, 0.0
ratio, 0.30303030303
[[ 41.   0.   0.]
 [ 34.   0.   0.]
 [ 25.   0.   0.]]
cf_score, 16.0
nv_score, 0.0
ratio, 0.414141414141
[[ 35.   0.   0.]
 [ 33.   0.   0.]
 [ 32.   0.   0.]]
cf_score, 3.0
nv_score, 0.0
ratio, 0.353535353535
[[ 34.   0.   0.]
 [ 35.   0.   0.]
 [ 31.   0.   0.]]
cf_score, 3.0
nv_score, 0.0
ratio, 0.343434343434
[[  0.  33.   0.]
 [  0.  32.   0.]
 [  0.  35.   0.]]
cf_score, 32.0
nv_score, 0.0
ratio, 0.323232323232
[[ 34.   0.   0.]
 [ 47.   0.   0.]
 [ 19.   0.   0.]]
cf_score, 15.0
nv_score, 0.0
ratio, 0.343434343434
[[  0.  33.   0.]
 [  0.  33.   0.]
 [  0.  34.   0.]]
cf_score, 33.0
nv_score, 0.0
ratio, 0.333333333333
[[ 29.   0.   0.]
 [ 38.   0.   0.]
 [ 33.   0.   0.]]
cf_score, -4.0
nv_score, 0.0
ratio, 0.292929292929
[[  0.   0.  33.]
 [  0.   0.  32.]
 [  0.   0.  35.]]
cf_score, 2.0
nv_score, -63.0
ratio, 0.353535353535
[[  0.  39.   0.]
 [  0.  26.   0.]
 [  0.  35.   0.]]
cf_score, 26.0
nv_score, 0.0
ratio, 0.262626262626
[[ 35.   0.   0.]
 [ 39.   0.   0.]
 [ 26.   0.   0.]]
cf_score, 9.0
nv_score, 0.0
ratio, 0.353535353535
[[  0.  33.   0.]
 [  0.  33.   0.]
 [  0.  34.   0.]]
cf_score, 33.0
nv_score, 0.0
ratio, 0.333333333333
[[ 37.   0.   0.]
 [ 31.   0.   0.]
 [ 32.   0.   0.]]
cf_score, 5.0
nv_score, 0.0
ratio, 0.373737373737
[[  0.  34.   0.]
 [  0.  36.   0.]
 [  0.  30.   0.]]
cf_score, 36.0
nv_score, 0.0
ratio, 0.363636363636
[[  0.  35.   0.]
 [  0.  31.   0.]
 [  0.  34.   0.]]
cf_score, 31.0
nv_score, 0.0
ratio, 0.313131313131
[[  0.  36.   0.]
 [  0.  31.   0.]
 [  0.  33.   0.]]
cf_score, 31.0
nv_score, 0.0
ratio, 0.313131313131
[[  0.  22.   0.]
 [  0.  41.   0.]
 [  0.  37.   0.]]
cf_score, 41.0
nv_score, 0.0
ratio, 0.414141414141
[[ 31.   0.   0.]
 [ 35.   0.   0.]
 [ 34.   0.   0.]]
cf_score, -3.0
nv_score, 0.0
ratio, 0.313131313131
[[ 32.   0.   0.]
 [ 33.   0.   0.]
 [ 35.   0.   0.]]
cf_score, -3.0
nv_score, 0.0
ratio, 0.323232323232
[[ 37.   0.   0.]
 [ 30.   0.   0.]
 [ 33.   0.   0.]]
cf_score, 4.0
nv_score, 0.0
ratio, 0.373737373737
[[  0.  38.   0.]
 [  0.  29.   0.]
 [  0.  33.   0.]]
cf_score, 29.0
nv_score, 0.0
ratio, 0.292929292929
[[ 38.   0.   0.]
 [ 32.   0.   0.]
 [ 30.   0.   0.]]
cf_score, 8.0
nv_score, 0.0
ratio, 0.383838383838
[[  0.  39.   0.]
 [  0.  22.   0.]
 [  0.  39.   0.]]
cf_score, 22.0
nv_score, 0.0
ratio, 0.222222222222
[[ 34.   0.   0.]
 [ 34.   0.   0.]
 [ 32.   0.   0.]]
cf_score, 2.0
nv_score, 0.0
ratio, 0.343434343434
[[ 35.   0.   0.]
 [ 26.   0.   0.]
 [ 39.   0.   0.]]
cf_score, -4.0
nv_score, 0.0
ratio, 0.353535353535
[[ 30.   0.   0.]
 [ 30.   0.   0.]
 [ 40.   0.   0.]]
cf_score, -10.0
nv_score, 0.0
ratio, 0.30303030303
[[  0.   0.  31.]
 [  0.   0.  32.]
 [  0.   0.  37.]]
cf_score, 6.0
nv_score, -57.0
ratio, 0.373737373737
[[ 37.   0.   0.]
 [ 33.   0.   0.]
 [ 30.   0.   0.]]
cf_score, 7.0
nv_score, 0.0
ratio, 0.373737373737
[[ 30.   0.   0.]
 [ 33.   0.   0.]
 [ 37.   0.   0.]]
cf_score, -7.0
nv_score, 0.0
ratio, 0.30303030303
[[ 31.   0.   0.]
 [ 32.   0.   0.]
 [ 37.   0.   0.]]
cf_score, -6.0
nv_score, 0.0
ratio, 0.313131313131
[[  0.  33.   0.]
 [  0.  28.   0.]
 [  0.  39.   0.]]
cf_score, 28.0
nv_score, 0.0
ratio, 0.282828282828
[[  0.  34.   0.]
 [  0.  27.   0.]
 [  0.  39.   0.]]
cf_score, 27.0
nv_score, 0.0
ratio, 0.272727272727
[[  0.  33.   0.]
 [  0.  36.   0.]
 [  0.  31.   0.]]
cf_score, 36.0
nv_score, 0.0
ratio, 0.363636363636
[[  0.  36.   0.]
 [  0.  33.   0.]
 [  0.  31.   0.]]
cf_score, 33.0
nv_score, 0.0
ratio, 0.333333333333
[[  0.   0.  35.]
 [  0.   0.  27.]
 [  0.   0.  38.]]
cf_score, 3.0
nv_score, -59.0
ratio, 0.383838383838
[[  0.  31.   0.]
 [  0.  32.   0.]
 [  0.  37.   0.]]
cf_score, 32.0
nv_score, 0.0
ratio, 0.323232323232
[[  0.  31.   0.]
 [  0.  40.   0.]
 [  0.  29.   0.]]
cf_score, 40.0
nv_score, 0.0
ratio, 0.40404040404
[[  0.  33.   0.]
 [  0.  37.   0.]
 [  0.  30.   0.]]
cf_score, 37.0
nv_score, 0.0
ratio, 0.373737373737
[[  0.  25.   0.]
 [  0.  38.   0.]
 [  0.  37.   0.]]
cf_score, 38.0
nv_score, 0.0
ratio, 0.383838383838
[[ 31.   0.   0.]
 [ 32.   0.   0.]
 [ 37.   0.   0.]]
cf_score, -6.0
nv_score, 0.0
ratio, 0.313131313131
[[  0.  42.   0.]
 [  0.  29.   0.]
 [  0.  29.   0.]]
cf_score, 29.0
nv_score, 0.0
ratio, 0.292929292929
[[ 34.   0.   0.]
 [ 30.   0.   0.]
 [ 36.   0.   0.]]
cf_score, -2.0
nv_score, 0.0
ratio, 0.343434343434
[[ 34.   0.   0.]
 [ 36.   0.   0.]
 [ 30.   0.   0.]]
cf_score, 4.0
nv_score, 0.0
ratio, 0.343434343434
[[  0.   0.  24.]
 [  0.   0.  38.]
 [  0.   0.  38.]]
cf_score, 14.0
nv_score, -48.0
ratio, 0.383838383838
[[ 32.   0.   0.]
 [ 30.   0.   0.]
 [ 38.   0.   0.]]
cf_score, -6.0
nv_score, 0.0
ratio, 0.323232323232
[[  0.  34.   0.]
 [  0.  30.   0.]
 [  0.  36.   0.]]
cf_score, 30.0
nv_score, 0.0
ratio, 0.30303030303
