[[ 28.   0.   0.]
 [ 45.   0.   0.]
 [ 27.   0.   0.]]
cf_score, 1.0
nv_score, 0.0
ratio, 0.282828282828
[[ 27.   0.   0.]
 [ 37.   0.   0.]
 [ 36.   0.   0.]]
cf_score, -9.0
nv_score, 0.0
ratio, 0.272727272727
[[ 26.   0.   9.]
 [ 18.   0.  10.]
 [ 21.   0.  16.]]
cf_score, 12.0
nv_score, -12.0
ratio, 0.424242424242
[[ 26.   0.   7.]
 [ 25.   0.   9.]
 [ 18.   0.  15.]]
cf_score, 16.0
nv_score, -8.0
ratio, 0.414141414141
[[ 20.   0.  14.]
 [ 24.   2.   6.]
 [ 16.   2.  16.]]
cf_score, 8.0
nv_score, -18.0
ratio, 0.383838383838
[[ 21.   0.  12.]
 [ 21.   0.   9.]
 [ 17.   0.  20.]]
cf_score, 12.0
nv_score, -13.0
ratio, 0.414141414141
[[ 20.   1.   9.]
 [ 19.   0.  11.]
 [ 17.   2.  21.]]
cf_score, 15.0
nv_score, -8.0
ratio, 0.414141414141
[[ 21.   5.  14.]
 [ 18.   7.   7.]
 [ 12.   1.  15.]]
cf_score, 17.0
nv_score, -20.0
ratio, 0.434343434343
[[ 15.   5.   2.]
 [ 31.   7.   5.]
 [ 17.   7.  11.]]
cf_score, 14.0
nv_score, 2.0
ratio, 0.333333333333
[[ 13.   6.   4.]
 [ 24.  11.  12.]
 [ 15.   3.  12.]]
cf_score, 17.0
nv_score, -8.0
ratio, 0.363636363636
[[ 23.   8.   5.]
 [ 16.   7.   5.]
 [ 17.   6.  13.]]
cf_score, 21.0
nv_score, -2.0
ratio, 0.434343434343
[[  7.  17.   8.]
 [ 10.  17.   8.]
 [ 13.   8.  12.]]
cf_score, 15.0
nv_score, -12.0
ratio, 0.363636363636
[[ 19.   8.   5.]
 [ 14.  15.  11.]
 [ 13.   7.   8.]]
cf_score, 24.0
nv_score, -13.0
ratio, 0.424242424242
[[ 11.  11.  11.]
 [ 11.  10.  11.]
 [ 11.   8.  16.]]
cf_score, 15.0
nv_score, -17.0
ratio, 0.373737373737
[[ 13.   9.   8.]
 [ 14.  15.   7.]
 [ 16.  10.   8.]]
cf_score, 12.0
nv_score, -15.0
ratio, 0.363636363636
[[  8.   7.  13.]
 [  8.  19.  10.]
 [  8.  12.  15.]]
cf_score, 21.0
nv_score, -21.0
ratio, 0.424242424242
[[  9.   9.  13.]
 [  6.  21.   7.]
 [  9.  10.  16.]]
cf_score, 24.0
nv_score, -17.0
ratio, 0.464646464646
[[ 12.  21.   8.]
 [  9.   9.  14.]
 [  8.   6.  13.]]
cf_score, 18.0
nv_score, -17.0
ratio, 0.343434343434
[[  9.  15.   4.]
 [  4.  28.  12.]
 [ 11.  12.   5.]]
cf_score, 27.0
nv_score, -15.0
ratio, 0.424242424242
[[  8.  16.   7.]
 [  9.  14.  12.]
 [  3.  16.  15.]]
cf_score, 27.0
nv_score, -11.0
ratio, 0.373737373737
[[ 11.   4.   5.]
 [ 12.  20.  11.]
 [  9.  13.  15.]]
cf_score, 32.0
nv_score, -6.0
ratio, 0.464646464646
[[ 12.  10.  10.]
 [  6.  18.  16.]
 [  3.   6.  19.]]
cf_score, 36.0
nv_score, -17.0
ratio, 0.494949494949
[[ 10.  13.   7.]
 [  3.  14.  14.]
 [  8.  11.  20.]]
cf_score, 29.0
nv_score, -8.0
ratio, 0.444444444444
[[  8.  11.   6.]
 [  7.  23.   9.]
 [  9.  14.  13.]]
cf_score, 29.0
nv_score, -8.0
ratio, 0.444444444444
[[ 12.   9.   9.]
 [  5.  18.   9.]
 [ 11.  12.  15.]]
cf_score, 25.0
nv_score, -12.0
ratio, 0.454545454545
[[  4.  10.  11.]
 [  3.  21.  13.]
 [  7.   5.  26.]]
cf_score, 33.0
nv_score, -9.0
ratio, 0.515151515152
[[ 10.   9.   7.]
 [ 12.  14.   5.]
 [ 15.  12.  16.]]
cf_score, 18.0
nv_score, -3.0
ratio, 0.40404040404
[[  8.  20.   9.]
 [  9.   9.   9.]
 [ 10.   9.  17.]]
cf_score, 15.0
nv_score, -10.0
ratio, 0.343434343434
[[  9.  10.   8.]
 [  4.  14.  19.]
 [  6.  12.  18.]]
cf_score, 27.0
nv_score, -17.0
ratio, 0.414141414141
[[  9.  12.   6.]
 [  8.  24.  10.]
 [  1.   9.  21.]]
cf_score, 47.0
nv_score, -1.0
ratio, 0.545454545455
[[ 11.  10.   7.]
 [ 10.  14.  16.]
 [  9.  11.  12.]]
cf_score, 21.0
nv_score, -18.0
ratio, 0.373737373737
[[ 11.  10.   9.]
 [ 17.  16.  10.]
 [  7.   7.  13.]]
cf_score, 24.0
nv_score, -15.0
ratio, 0.40404040404
[[  7.  15.   3.]
 [ 14.  12.  10.]
 [ 15.  11.  13.]]
cf_score, 14.0
nv_score, -3.0
ratio, 0.323232323232
[[ 10.  13.   5.]
 [ 17.  17.   8.]
 [  9.   6.  15.]]
cf_score, 28.0
nv_score, -3.0
ratio, 0.424242424242
[[  7.  12.  12.]
 [ 12.  14.  11.]
 [  9.   7.  16.]]
cf_score, 16.0
nv_score, -19.0
ratio, 0.373737373737
[[  5.  11.   9.]
 [  5.  18.  15.]
 [  6.  10.  21.]]
cf_score, 29.0
nv_score, -12.0
ratio, 0.444444444444
[[  4.  14.   9.]
 [  4.  14.  19.]
 [  5.  10.  21.]]
cf_score, 25.0
nv_score, -16.0
ratio, 0.393939393939
[[  7.  12.   5.]
 [ 14.  15.  12.]
 [ 11.  14.  10.]]
cf_score, 16.0
nv_score, -12.0
ratio, 0.323232323232
[[  4.  14.   4.]
 [  8.  20.  16.]
 [  7.   8.  19.]]
cf_score, 32.0
nv_score, -5.0
ratio, 0.434343434343
[[  3.  13.   7.]
 [  6.  19.  11.]
 [  6.  17.  18.]]
cf_score, 27.0
nv_score, -7.0
ratio, 0.40404040404
[[  1.  12.  17.]
 [  1.  13.  15.]
 [  1.  12.  28.]]
cf_score, 24.0
nv_score, -21.0
ratio, 0.424242424242
[[  1.  12.  10.]
 [  2.  24.  14.]
 [  1.  11.  25.]]
cf_score, 39.0
nv_score, -9.0
ratio, 0.505050505051
[[  4.  13.  13.]
 [  4.  16.  15.]
 [  1.   9.  25.]]
cf_score, 31.0
nv_score, -16.0
ratio, 0.454545454545
[[ 10.  16.   6.]
 [  3.  27.   8.]
 [  0.  11.  19.]]
cf_score, 50.0
nv_score, -1.0
ratio, 0.565656565657
[[ 17.  13.   8.]
 [  5.  10.  10.]
 [  4.  16.  17.]]
cf_score, 32.0
nv_score, -9.0
ratio, 0.444444444444
[[  6.  14.   9.]
 [  0.  14.  16.]
 [  0.  13.  28.]]
cf_score, 39.0
nv_score, -6.0
ratio, 0.484848484848
[[ 10.  11.   7.]
 [  4.  19.  14.]
 [  4.  13.  18.]]
cf_score, 36.0
nv_score, -10.0
ratio, 0.474747474747
[[  5.  13.  10.]
 [ 12.  19.   8.]
 [  1.  13.  19.]]
cf_score, 32.0
nv_score, -9.0
ratio, 0.434343434343
[[  5.  17.   6.]
 [  4.  19.  11.]
 [  3.  14.  21.]]
cf_score, 36.0
nv_score, -2.0
ratio, 0.454545454545
[[  3.   9.  14.]
 [  0.  16.  16.]
 [  2.  10.  30.]]
cf_score, 33.0
nv_score, -14.0
ratio, 0.494949494949
