[[  0.  31.   0.]
 [  0.  26.   0.]
 [  0.  43.   0.]]
cf_score, 26.0
ratio, 0.262626262626
[[ 21.  14.   0.]
 [ 11.  13.   0.]
 [ 14.  27.   0.]]
cf_score, 20.0
ratio, 0.343434343434
[[  0.  15.  16.]
 [  0.  12.  16.]
 [  0.   9.  32.]]
cf_score, 28.0
ratio, 0.444444444444
[[  0.  16.  24.]
 [  0.   4.  24.]
 [  0.  14.  18.]]
cf_score, -2.0
ratio, 0.222222222222
[[  0.  23.   6.]
 [  0.  14.  12.]
 [  0.  26.  19.]]
cf_score, 27.0
ratio, 0.333333333333
[[  1.  23.  11.]
 [  1.  17.   8.]
 [  0.  23.  16.]]
cf_score, 23.0
ratio, 0.343434343434
[[  0.  16.  10.]
 [  1.  13.  11.]
 [  4.  23.  22.]]
cf_score, 21.0
ratio, 0.353535353535
[[  1.  17.  12.]
 [  0.  15.   5.]
 [  0.  30.  20.]]
cf_score, 24.0
ratio, 0.363636363636
[[  0.  38.   4.]
 [  1.  17.   9.]
 [  0.  14.  17.]]
cf_score, 30.0
ratio, 0.343434343434
[[  5.  16.   9.]
 [  4.  22.   8.]
 [  2.  19.  15.]]
cf_score, 31.0
ratio, 0.424242424242
[[  0.  20.  11.]
 [  1.  16.   9.]
 [  2.  29.  12.]]
cf_score, 15.0
ratio, 0.282828282828
[[  1.  25.  11.]
 [  5.  16.   8.]
 [  0.  20.  14.]]
cf_score, 20.0
ratio, 0.313131313131
[[  4.  24.   6.]
 [  4.  14.   9.]
 [  5.  17.  17.]]
cf_score, 24.0
ratio, 0.353535353535
[[  3.  24.  12.]
 [  5.  13.  14.]
 [  0.  14.  15.]]
cf_score, 19.0
ratio, 0.313131313131
[[  1.  24.   7.]
 [  1.  16.  11.]
 [  2.  25.  13.]]
cf_score, 21.0
ratio, 0.30303030303
[[  0.  21.  12.]
 [  3.  13.   6.]
 [  7.  22.  16.]]
cf_score, 10.0
ratio, 0.292929292929
[[  6.  20.   5.]
 [  8.   9.  12.]
 [  7.  24.   9.]]
cf_score, 12.0
ratio, 0.242424242424
[[  3.  19.  12.]
 [  4.  10.  13.]
 [  6.  21.  12.]]
cf_score, 7.0
ratio, 0.252525252525
[[  6.  17.  10.]
 [  5.  14.  10.]
 [  3.  19.  16.]]
cf_score, 23.0
ratio, 0.363636363636
[[  1.  18.   7.]
 [  6.  14.   9.]
 [  7.  18.  20.]]
cf_score, 21.0
ratio, 0.353535353535
[[  4.  15.   3.]
 [  4.  22.   6.]
 [  4.  24.  18.]]
cf_score, 37.0
ratio, 0.444444444444
[[  7.  24.   6.]
 [  7.  14.   6.]
 [  6.  22.   8.]]
cf_score, 17.0
ratio, 0.292929292929
[[  1.  24.   9.]
 [  5.  10.  10.]
 [  9.  18.  14.]]
cf_score, 7.0
ratio, 0.252525252525
[[  6.  22.   6.]
 [ 11.   9.   9.]
 [  3.  21.  13.]]
cf_score, 19.0
ratio, 0.282828282828
[[  4.  20.   5.]
 [  6.  19.   4.]
 [  8.  26.   8.]]
cf_score, 18.0
ratio, 0.313131313131
[[ 14.  17.   6.]
 [ 10.   5.   7.]
 [ 10.  15.  16.]]
cf_score, 19.0
ratio, 0.353535353535
[[ 10.  21.  10.]
 [ 12.  10.   5.]
 [ 10.  16.   6.]]
cf_score, 6.0
ratio, 0.262626262626
[[  7.  24.   6.]
 [ 10.  12.   3.]
 [  4.  19.  15.]]
cf_score, 24.0
ratio, 0.343434343434
[[ 10.  13.   8.]
 [ 11.  13.   4.]
 [ 13.  20.   8.]]
cf_score, 10.0
ratio, 0.313131313131
[[  5.  19.   0.]
 [ 11.  20.   4.]
 [ 10.  20.  11.]]
cf_score, 26.0
ratio, 0.363636363636
[[  7.  20.   7.]
 [  4.  13.   5.]
 [ 12.  19.  13.]]
cf_score, 14.0
ratio, 0.333333333333
[[ 11.  19.   6.]
 [ 10.  13.   8.]
 [  8.  18.   7.]]
cf_score, 17.0
ratio, 0.313131313131
[[  8.  17.   8.]
 [ 12.   6.   2.]
 [  9.  22.  16.]]
cf_score, 13.0
ratio, 0.30303030303
[[ 14.  19.   7.]
 [  3.  18.   7.]
 [  6.  13.  13.]]
cf_score, 32.0
ratio, 0.454545454545
[[ 14.  19.   3.]
 [  8.  19.   4.]
 [  4.  19.  10.]]
cf_score, 36.0
ratio, 0.434343434343
[[ 14.  16.   5.]
 [ 11.  14.   6.]
 [  7.  20.   7.]]
cf_score, 23.0
ratio, 0.353535353535
[[  9.  24.   6.]
 [  3.   6.   8.]
 [ 10.  21.  13.]]
cf_score, 12.0
ratio, 0.282828282828
[[  8.  16.   6.]
 [  8.  18.   5.]
 [ 10.  15.  14.]]
cf_score, 24.0
ratio, 0.40404040404
[[  8.  21.   5.]
 [  7.   9.   8.]
 [  9.  20.  13.]]
cf_score, 16.0
ratio, 0.30303030303
[[ 12.  20.   2.]
 [ 10.   9.   8.]
 [  9.  19.  11.]]
cf_score, 21.0
ratio, 0.323232323232
[[  8.  18.   4.]
 [ 13.   7.   7.]
 [  9.  20.  14.]]
cf_score, 16.0
ratio, 0.292929292929
[[  7.  25.   3.]
 [  6.  16.   6.]
 [  7.  19.  11.]]
cf_score, 24.0
ratio, 0.343434343434
[[  6.  19.   7.]
 [  6.  16.   5.]
 [  3.  23.  15.]]
cf_score, 27.0
ratio, 0.373737373737
[[  9.  31.   4.]
 [  4.  12.   4.]
 [ 10.  20.   6.]]
cf_score, 13.0
ratio, 0.272727272727
[[  6.  20.   6.]
 [  5.  18.   5.]
 [  5.  30.   5.]]
cf_score, 18.0
ratio, 0.292929292929
[[  6.  19.   9.]
 [ 13.  15.   3.]
 [  7.  18.  10.]]
cf_score, 15.0
ratio, 0.313131313131
[[  9.  27.   3.]
 [  5.  17.   6.]
 [  5.  17.  11.]]
cf_score, 29.0
ratio, 0.373737373737
[[ 13.  19.   1.]
 [  9.  15.   3.]
 [  4.  23.  13.]]
cf_score, 36.0
ratio, 0.414141414141
[[  8.  24.   4.]
 [  8.  12.   6.]
 [  2.  19.  17.]]
cf_score, 31.0
ratio, 0.373737373737
[[  6.  27.   8.]
 [ 10.  17.   3.]
 [  6.  14.   9.]]
cf_score, 18.0
ratio, 0.323232323232
[[  7.  23.   2.]
 [ 11.  14.   6.]
 [  5.  23.   9.]]
cf_score, 23.0
ratio, 0.30303030303
[[  5.  36.   4.]
 [  9.  11.   6.]
 [  5.  14.  10.]]
cf_score, 17.0
ratio, 0.262626262626
[[ 16.  22.   0.]
 [  8.  12.   6.]
 [  4.  23.   9.]]
cf_score, 33.0
ratio, 0.373737373737
[[  8.  24.   8.]
 [  5.  13.   8.]
 [  6.  22.   6.]]
cf_score, 13.0
ratio, 0.272727272727
[[  7.  22.   5.]
 [ 11.  11.   5.]
 [ 11.  16.  12.]]
cf_score, 14.0
ratio, 0.30303030303
[[  5.  17.   4.]
 [  9.  10.   8.]
 [  8.  28.  11.]]
cf_score, 14.0
ratio, 0.262626262626
[[ 12.  20.   6.]
 [  6.   8.   5.]
 [  9.  25.   9.]]
cf_score, 14.0
ratio, 0.292929292929
[[ 18.  12.   4.]
 [ 10.  18.   4.]
 [  8.  17.   9.]]
cf_score, 33.0
ratio, 0.454545454545
[[ 14.  17.   6.]
 [  8.  12.   6.]
 [  5.  20.  12.]]
cf_score, 27.0
ratio, 0.383838383838
[[ 12.  20.   8.]
 [  8.   9.   1.]
 [ 13.  22.   7.]]
cf_score, 7.0
ratio, 0.282828282828
[[ 17.  17.   5.]
 [  8.   5.   8.]
 [  4.  25.  11.]]
cf_score, 24.0
ratio, 0.333333333333
[[ 14.  22.   1.]
 [  9.  12.   4.]
 [ 10.  18.  10.]]
cf_score, 25.0
ratio, 0.363636363636
[[ 11.  20.   5.]
 [  8.  14.   2.]
 [  8.  22.  10.]]
cf_score, 22.0
ratio, 0.353535353535
[[ 21.  21.   3.]
 [  6.   8.   6.]
 [  6.  20.   9.]]
cf_score, 29.0
ratio, 0.383838383838
[[ 10.  10.   6.]
 [  6.  12.   8.]
 [  9.  22.  17.]]
cf_score, 24.0
ratio, 0.393939393939
[[ 10.  19.   4.]
 [  7.  15.   6.]
 [  5.  26.   8.]]
cf_score, 24.0
ratio, 0.333333333333
[[ 11.  19.   5.]
 [ 11.  14.   6.]
 [  4.  16.  14.]]
cf_score, 30.0
ratio, 0.393939393939
[[ 15.  23.   2.]
 [  9.  13.   1.]
 [  6.  17.  14.]]
cf_score, 34.0
ratio, 0.424242424242
[[ 10.  15.   4.]
 [  7.  14.   4.]
 [  6.  29.  11.]]
cf_score, 25.0
ratio, 0.353535353535
[[ 11.  17.   1.]
 [  9.  13.   8.]
 [  4.  23.  14.]]
cf_score, 33.0
ratio, 0.383838383838
[[ 14.  19.   4.]
 [  7.  11.   4.]
 [  8.  17.  16.]]
cf_score, 29.0
ratio, 0.414141414141
[[ 12.  20.   4.]
 [ 10.  12.   4.]
 [ 10.  18.  10.]]
cf_score, 20.0
ratio, 0.343434343434
[[  8.  15.   3.]
 [ 10.  16.   3.]
 [  9.  24.  12.]]
cf_score, 24.0
ratio, 0.363636363636
[[ 22.  19.   0.]
 [  7.  10.   4.]
 [  6.  25.   7.]]
cf_score, 33.0
ratio, 0.393939393939
[[ 12.  18.   3.]
 [  7.  14.   9.]
 [  3.  21.  13.]]
cf_score, 33.0
ratio, 0.393939393939
[[ 13.  14.   6.]
 [ 12.  12.   3.]
 [  6.  24.  10.]]
cf_score, 23.0
ratio, 0.353535353535
[[ 14.  22.   7.]
 [  9.  10.   6.]
 [  9.  14.   9.]]
cf_score, 17.0
ratio, 0.333333333333
[[  6.  18.  10.]
 [  6.  10.   6.]
 [  6.  21.  17.]]
cf_score, 17.0
ratio, 0.333333333333
[[ 10.  18.   8.]
 [  5.  13.  11.]
 [  6.  15.  14.]]
cf_score, 23.0
ratio, 0.373737373737
[[ 19.  17.   2.]
 [ 10.  11.   6.]
 [  6.  21.   8.]]
cf_score, 30.0
ratio, 0.383838383838
[[  8.  25.   6.]
 [  6.  16.   3.]
 [  7.  20.   9.]]
cf_score, 20.0
ratio, 0.333333333333
[[ 18.  17.   3.]
 [  4.  16.   9.]
 [  4.  17.  12.]]
cf_score, 39.0
ratio, 0.464646464646
[[ 13.  25.   3.]
 [  8.  10.   7.]
 [  8.  20.   6.]]
cf_score, 18.0
ratio, 0.292929292929
[[  7.  20.   7.]
 [  5.  13.   8.]
 [  9.  23.   8.]]
cf_score, 12.0
ratio, 0.282828282828
[[ 12.  24.   2.]
 [  4.  17.   3.]
 [  7.  20.  11.]]
cf_score, 31.0
ratio, 0.40404040404
[[ 14.  16.   1.]
 [  6.  15.   7.]
 [ 11.  24.   6.]]
cf_score, 23.0
ratio, 0.353535353535
[[ 10.  22.   5.]
 [  7.  16.   6.]
 [  3.  25.   6.]]
cf_score, 24.0
ratio, 0.323232323232
[[  9.  15.   3.]
 [  9.  12.   9.]
 [  7.  25.  11.]]
cf_score, 22.0
ratio, 0.323232323232
[[ 11.  18.   3.]
 [  8.  12.   7.]
 [  4.  25.  12.]]
cf_score, 28.0
ratio, 0.353535353535
[[ 14.  19.   6.]
 [  6.  14.   3.]
 [  4.  24.  10.]]
cf_score, 28.0
ratio, 0.383838383838
[[ 15.  13.   6.]
 [  8.  12.   7.]
 [  2.  23.  14.]]
cf_score, 33.0
ratio, 0.414141414141
[[  9.  19.   4.]
 [  9.  10.  10.]
 [  9.  17.  13.]]
cf_score, 19.0
ratio, 0.323232323232
[[  8.  23.   6.]
 [  8.   6.  13.]
 [  3.  22.  11.]]
cf_score, 16.0
ratio, 0.252525252525
[[ 12.  20.   4.]
 [  8.   9.  12.]
 [  3.  19.  13.]]
cf_score, 27.0
ratio, 0.343434343434
[[ 16.  15.   3.]
 [  5.   7.   9.]
 [ 10.  21.  14.]]
cf_score, 24.0
ratio, 0.373737373737
[[ 13.  20.   8.]
 [  5.  10.   5.]
 [  4.  21.  14.]]
cf_score, 25.0
ratio, 0.373737373737
[[ 11.  29.   2.]
 [  3.   9.   7.]
 [  6.  20.  13.]]
cf_score, 25.0
ratio, 0.333333333333
[[ 15.  21.   3.]
 [  4.  10.   6.]
 [  7.  22.  12.]]
cf_score, 27.0
ratio, 0.373737373737
[[ 12.  14.   5.]
 [  7.  11.   4.]
 [  6.  22.  19.]]
cf_score, 31.0
ratio, 0.424242424242
[[  8.  17.   3.]
 [  7.  14.   5.]
 [  6.  25.  15.]]
cf_score, 28.0
ratio, 0.373737373737
