[[  2.  24.  13.]
 [  2.  21.   4.]
 [  3.  23.   8.]]
cf_score, 15.0
nv_score, -22.0
ratio, 0.313131313131
[[  5.  22.  10.]
 [  3.  23.   2.]
 [  4.  20.  11.]]
cf_score, 25.0
nv_score, -11.0
ratio, 0.393939393939
[[  4.   9.  11.]
 [  2.  22.   9.]
 [  2.  20.  21.]]
cf_score, 34.0
nv_score, -10.0
ratio, 0.474747474747
[[  2.  16.  11.]
 [  2.  24.   4.]
 [  6.  24.  11.]]
cf_score, 20.0
nv_score, -15.0
ratio, 0.373737373737
[[  0.  25.  10.]
 [  0.  32.   7.]
 [  0.  16.  10.]]
cf_score, 32.0
nv_score, -17.0
ratio, 0.424242424242
[[  0.  18.  17.]
 [  0.  27.   8.]
 [  0.  12.  18.]]
cf_score, 28.0
nv_score, -24.0
ratio, 0.454545454545
[[  0.  25.   6.]
 [  0.  22.  12.]
 [  0.  17.  18.]]
cf_score, 34.0
nv_score, -6.0
ratio, 0.40404040404
[[  0.  27.   5.]
 [  0.  37.   1.]
 [  0.  15.  15.]]
cf_score, 47.0
nv_score, 4.0
ratio, 0.525252525253
[[  0.  18.  11.]
 [  1.  24.  10.]
 [  0.  13.  23.]]
cf_score, 36.0
nv_score, -9.0
ratio, 0.474747474747
[[  0.  13.  14.]
 [  0.  24.  16.]
 [  0.  12.  21.]]
cf_score, 31.0
nv_score, -23.0
ratio, 0.454545454545
[[  0.  20.  11.]
 [  0.  18.  17.]
 [  0.  12.  22.]]
cf_score, 29.0
nv_score, -17.0
ratio, 0.40404040404
[[  0.  15.  12.]
 [  0.  16.  14.]
 [  1.  21.  21.]]
cf_score, 24.0
nv_score, -17.0
ratio, 0.373737373737
[[  1.  21.  13.]
 [  1.  29.  12.]
 [  0.  14.   9.]]
cf_score, 26.0
nv_score, -29.0
ratio, 0.393939393939
[[  0.  24.  14.]
 [  0.  20.  12.]
 [  0.  10.  20.]]
cf_score, 26.0
nv_score, -20.0
ratio, 0.40404040404
[[  0.  25.  13.]
 [  0.  28.   3.]
 [  0.  23.   8.]]
cf_score, 23.0
nv_score, -21.0
ratio, 0.363636363636
[[  0.  24.  14.]
 [  0.  25.   9.]
 [  0.  13.  15.]]
cf_score, 26.0
nv_score, -22.0
ratio, 0.40404040404
[[  0.  19.   9.]
 [  0.  35.   5.]
 [  3.  11.  18.]]
cf_score, 41.0
nv_score, -5.0
ratio, 0.535353535354
[[  0.  19.   9.]
 [  0.  29.  12.]
 [  0.  14.  17.]]
cf_score, 37.0
nv_score, -13.0
ratio, 0.464646464646
[[  0.  18.   7.]
 [  0.  30.  10.]
 [  0.  18.  17.]]
cf_score, 40.0
nv_score, -7.0
ratio, 0.474747474747
[[  0.  19.  10.]
 [  0.  28.   6.]
 [  1.  19.  17.]]
cf_score, 34.0
nv_score, -9.0
ratio, 0.454545454545
[[  0.  27.  13.]
 [  0.  17.  11.]
 [  0.  10.  22.]]
cf_score, 26.0
nv_score, -15.0
ratio, 0.393939393939
[[  0.  26.   9.]
 [  0.  16.   9.]
 [  1.  15.  24.]]
cf_score, 30.0
nv_score, -3.0
ratio, 0.40404040404
[[  0.  21.   8.]
 [  0.  26.  11.]
 [  0.  18.  16.]]
cf_score, 34.0
nv_score, -11.0
ratio, 0.424242424242
[[  0.  19.  12.]
 [  0.  26.   5.]
 [  0.  16.  22.]]
cf_score, 36.0
nv_score, -7.0
ratio, 0.484848484848
[[  0.  19.   8.]
 [  2.  28.   6.]
 [  0.  18.  19.]]
cf_score, 39.0
nv_score, -3.0
ratio, 0.474747474747
[[  0.  22.  13.]
 [  1.  26.  11.]
 [  0.  15.  12.]]
cf_score, 25.0
nv_score, -25.0
ratio, 0.383838383838
[[  0.  25.  12.]
 [  1.  30.   7.]
 [  1.   8.  16.]]
cf_score, 33.0
nv_score, -15.0
ratio, 0.464646464646
[[  0.  22.  10.]
 [  0.  25.   8.]
 [  0.  14.  21.]]
cf_score, 36.0
nv_score, -7.0
ratio, 0.464646464646
[[  0.  17.   8.]
 [  0.  30.   7.]
 [  0.  17.  21.]]
cf_score, 43.0
nv_score, -2.0
ratio, 0.515151515152
[[  0.  17.  22.]
 [  0.  29.   7.]
 [  1.   9.  15.]]
cf_score, 21.0
nv_score, -36.0
ratio, 0.444444444444
[[  0.  20.  14.]
 [  0.  23.   6.]
 [  0.  22.  15.]]
cf_score, 24.0
nv_score, -19.0
ratio, 0.383838383838
[[  0.  26.  11.]
 [  0.  26.   6.]
 [  0.  12.  19.]]
cf_score, 34.0
nv_score, -9.0
ratio, 0.454545454545
[[  0.  20.  13.]
 [  0.  25.   8.]
 [  0.  16.  18.]]
cf_score, 30.0
nv_score, -16.0
ratio, 0.434343434343
[[  0.  25.   6.]
 [  0.  25.   9.]
 [  0.  17.  18.]]
cf_score, 37.0
nv_score, -3.0
ratio, 0.434343434343
[[  0.  15.  16.]
 [  0.  20.   9.]
 [  0.  18.  22.]]
cf_score, 26.0
nv_score, -19.0
ratio, 0.424242424242
[[  0.  16.  13.]
 [  0.  33.   8.]
 [  0.  13.  17.]]
cf_score, 37.0
nv_score, -17.0
ratio, 0.505050505051
[[  0.  26.  15.]
 [  3.  25.  11.]
 [  0.   5.  15.]]
cf_score, 25.0
nv_score, -26.0
ratio, 0.40404040404
[[  1.  14.  12.]
 [  2.  27.   7.]
 [  0.  16.  21.]]
cf_score, 37.0
nv_score, -10.0
ratio, 0.494949494949
[[  1.  12.  11.]
 [  2.  31.   9.]
 [  0.  16.  18.]]
cf_score, 39.0
nv_score, -13.0
ratio, 0.505050505051
[[  0.  18.   7.]
 [  0.  31.  12.]
 [  0.  12.  20.]]
cf_score, 44.0
nv_score, -6.0
ratio, 0.515151515152
[[  0.  20.  12.]
 [  0.  26.  12.]
 [  1.  10.  19.]]
cf_score, 32.0
nv_score, -17.0
ratio, 0.454545454545
[[  1.  18.  14.]
 [  3.  16.  11.]
 [  0.  20.  17.]]
cf_score, 20.0
nv_score, -22.0
ratio, 0.343434343434
[[  2.  18.   8.]
 [  3.  26.   2.]
 [  1.  25.  15.]]
cf_score, 34.0
nv_score, -3.0
ratio, 0.434343434343
[[  0.  20.  11.]
 [  3.  21.  13.]
 [  0.  16.  16.]]
cf_score, 26.0
nv_score, -19.0
ratio, 0.373737373737
[[  2.  11.   8.]
 [  1.  29.   9.]
 [  0.  22.  18.]]
cf_score, 41.0
nv_score, -7.0
ratio, 0.494949494949
[[  2.  23.  13.]
 [  1.  28.   8.]
 [  0.   9.  16.]]
cf_score, 33.0
nv_score, -18.0
ratio, 0.464646464646
[[  0.  23.  17.]
 [  0.  21.   6.]
 [  0.  12.  21.]]
cf_score, 25.0
nv_score, -19.0
ratio, 0.424242424242
[[  0.  23.  17.]
 [  1.  19.  10.]
 [  2.  11.  17.]]
cf_score, 17.0
nv_score, -27.0
ratio, 0.363636363636
[[  2.  18.  10.]
 [  1.  20.  10.]
 [  0.  21.  18.]]
cf_score, 30.0
nv_score, -12.0
ratio, 0.40404040404
[[  1.  20.  13.]
 [  3.  20.   7.]
 [  0.  22.  14.]]
cf_score, 22.0
nv_score, -19.0
ratio, 0.353535353535
