[[ 29.   0.   0.]
 [ 33.   0.   0.]
 [ 38.   0.   0.]]
cf_score, -9.0
ratio, 0.292929292929
[[ 28.   0.   0.]
 [ 41.   0.   0.]
 [ 31.   0.   0.]]
cf_score, -3.0
ratio, 0.282828282828
[[ 22.   0.   0.]
 [ 43.   0.   0.]
 [ 35.   0.   0.]]
cf_score, -13.0
ratio, 0.222222222222
[[ 28.   0.   0.]
 [ 36.   0.   1.]
 [ 35.   0.   0.]]
cf_score, -7.0
ratio, 0.282828282828
[[ 21.   0.   0.]
 [ 46.   0.   1.]
 [ 32.   0.   0.]]
cf_score, -11.0
ratio, 0.212121212121
[[ 24.   0.   0.]
 [ 38.   0.   2.]
 [ 36.   0.   0.]]
cf_score, -12.0
ratio, 0.242424242424
[[ 34.   0.   0.]
 [ 36.   0.   1.]
 [ 29.   0.   0.]]
cf_score, 5.0
ratio, 0.343434343434
[[ 30.   0.   0.]
 [ 35.   0.   0.]
 [ 35.   0.   0.]]
cf_score, -5.0
ratio, 0.30303030303
[[ 33.   0.   0.]
 [ 36.   0.   3.]
 [ 28.   0.   0.]]
cf_score, 5.0
ratio, 0.333333333333
[[ 36.   0.   0.]
 [ 33.   0.   1.]
 [ 30.   0.   0.]]
cf_score, 6.0
ratio, 0.363636363636
[[ 29.   0.   0.]
 [ 40.   0.   2.]
 [ 29.   0.   0.]]
cf_score, 0.0
ratio, 0.292929292929
[[ 20.   0.   0.]
 [ 41.   0.   0.]
 [ 39.   0.   0.]]
cf_score, -19.0
ratio, 0.20202020202
[[ 25.   0.   0.]
 [ 37.   0.   2.]
 [ 36.   0.   0.]]
cf_score, -11.0
ratio, 0.252525252525
[[ 25.   0.   0.]
 [ 42.   0.   2.]
 [ 31.   0.   0.]]
cf_score, -6.0
ratio, 0.252525252525
[[ 26.   0.   0.]
 [ 37.   0.   1.]
 [ 36.   0.   0.]]
cf_score, -10.0
ratio, 0.262626262626
[[ 34.   0.   0.]
 [ 41.   0.   0.]
 [ 25.   0.   0.]]
cf_score, 9.0
ratio, 0.343434343434
[[ 23.   0.   0.]
 [ 41.   0.   0.]
 [ 36.   0.   0.]]
cf_score, -13.0
ratio, 0.232323232323
[[ 28.   0.   0.]
 [ 37.   0.   1.]
 [ 34.   0.   0.]]
cf_score, -6.0
ratio, 0.282828282828
[[ 25.   0.   0.]
 [ 43.   0.   1.]
 [ 31.   0.   0.]]
cf_score, -6.0
ratio, 0.252525252525
[[ 32.   0.   0.]
 [ 41.   0.   2.]
 [ 25.   0.   0.]]
cf_score, 7.0
ratio, 0.323232323232
[[ 22.   0.   0.]
 [ 50.   0.   3.]
 [ 25.   0.   0.]]
cf_score, -3.0
ratio, 0.222222222222
[[ 29.   0.   0.]
 [ 35.   0.   2.]
 [ 34.   0.   0.]]
cf_score, -5.0
ratio, 0.292929292929
[[ 31.   0.   0.]
 [ 42.   0.   1.]
 [ 26.   0.   0.]]
cf_score, 5.0
ratio, 0.313131313131
[[ 24.   0.   0.]
 [ 41.   0.   2.]
 [ 33.   0.   0.]]
cf_score, -9.0
ratio, 0.242424242424
[[ 27.   0.   0.]
 [ 41.   0.   0.]
 [ 32.   0.   0.]]
cf_score, -5.0
ratio, 0.272727272727
[[ 31.   0.   0.]
 [ 33.   0.   1.]
 [ 35.   0.   0.]]
cf_score, -4.0
ratio, 0.313131313131
[[ 34.   0.   0.]
 [ 39.   0.   4.]
 [ 23.   0.   0.]]
cf_score, 11.0
ratio, 0.343434343434
[[ 31.   0.   0.]
 [ 38.   0.   0.]
 [ 31.   0.   0.]]
cf_score, 0.0
ratio, 0.313131313131
[[ 28.   0.   0.]
 [ 38.   0.   4.]
 [ 30.   0.   0.]]
cf_score, -2.0
ratio, 0.282828282828
[[ 25.   0.   0.]
 [ 46.   0.   4.]
 [ 25.   0.   0.]]
cf_score, 0.0
ratio, 0.252525252525
[[ 30.   0.   0.]
 [ 34.   0.   4.]
 [ 32.   0.   0.]]
cf_score, -2.0
ratio, 0.30303030303
[[ 29.   0.   0.]
 [ 37.   0.   1.]
 [ 33.   0.   0.]]
cf_score, -4.0
ratio, 0.292929292929
[[ 25.   0.   0.]
 [ 38.   0.   1.]
 [ 36.   0.   0.]]
cf_score, -11.0
ratio, 0.252525252525
[[ 27.   0.   0.]
 [ 41.   0.   2.]
 [ 30.   0.   0.]]
cf_score, -3.0
ratio, 0.272727272727
[[ 26.   0.   0.]
 [ 37.   0.   1.]
 [ 36.   0.   0.]]
cf_score, -10.0
ratio, 0.262626262626
[[ 21.   0.   0.]
 [ 42.   0.   1.]
 [ 36.   0.   0.]]
cf_score, -15.0
ratio, 0.212121212121
[[ 25.   0.   0.]
 [ 45.   0.   4.]
 [ 26.   0.   0.]]
cf_score, -1.0
ratio, 0.252525252525
[[ 27.   0.   0.]
 [ 39.   0.   2.]
 [ 32.   0.   0.]]
cf_score, -5.0
ratio, 0.272727272727
[[ 33.   0.   0.]
 [ 38.   0.   0.]
 [ 29.   0.   0.]]
cf_score, 4.0
ratio, 0.333333333333
[[ 31.   0.   0.]
 [ 36.   0.   0.]
 [ 33.   0.   0.]]
cf_score, -2.0
ratio, 0.313131313131
[[ 29.   0.   0.]
 [ 38.   0.   0.]
 [ 33.   0.   0.]]
cf_score, -4.0
ratio, 0.292929292929
[[ 31.   0.   0.]
 [ 43.   0.   0.]
 [ 26.   0.   0.]]
cf_score, 5.0
ratio, 0.313131313131
[[ 24.   0.   0.]
 [ 44.   0.   0.]
 [ 32.   0.   0.]]
cf_score, -8.0
ratio, 0.242424242424
[[ 25.   0.   0.]
 [ 42.   0.   0.]
 [ 33.   0.   0.]]
cf_score, -8.0
ratio, 0.252525252525
[[ 34.   0.   0.]
 [ 31.   0.   0.]
 [ 35.   0.   0.]]
cf_score, -1.0
ratio, 0.343434343434
[[ 23.   0.   0.]
 [ 43.   0.   0.]
 [ 34.   0.   0.]]
cf_score, -11.0
ratio, 0.232323232323
[[ 27.   0.   0.]
 [ 42.   0.   0.]
 [ 31.   0.   0.]]
cf_score, -4.0
ratio, 0.272727272727
[[ 28.   0.   0.]
 [ 43.   0.   0.]
 [ 29.   0.   0.]]
cf_score, -1.0
ratio, 0.282828282828
[[ 26.   0.   0.]
 [ 42.   0.   0.]
 [ 32.   0.   0.]]
cf_score, -6.0
ratio, 0.262626262626
[[ 29.   0.   0.]
 [ 40.   0.   0.]
 [ 31.   0.   0.]]
cf_score, -2.0
ratio, 0.292929292929
[[ 27.   0.   0.]
 [ 41.   0.   0.]
 [ 32.   0.   0.]]
cf_score, -5.0
ratio, 0.272727272727
[[ 29.   0.   0.]
 [ 43.   0.   0.]
 [ 28.   0.   0.]]
cf_score, 1.0
ratio, 0.292929292929
[[ 25.   0.   0.]
 [ 48.   0.   0.]
 [ 27.   0.   0.]]
cf_score, -2.0
ratio, 0.252525252525
[[ 27.   0.   0.]
 [ 41.   0.   0.]
 [ 32.   0.   0.]]
cf_score, -5.0
ratio, 0.272727272727
[[ 29.   0.   0.]
 [ 42.   0.   0.]
 [ 29.   0.   0.]]
cf_score, 0.0
ratio, 0.292929292929
[[ 34.   0.   0.]
 [ 40.   0.   0.]
 [ 26.   0.   0.]]
cf_score, 8.0
ratio, 0.343434343434
[[ 29.   0.   0.]
 [ 32.   0.   0.]
 [ 39.   0.   0.]]
cf_score, -10.0
ratio, 0.292929292929
[[ 32.   0.   0.]
 [ 44.   0.   0.]
 [ 24.   0.   0.]]
cf_score, 8.0
ratio, 0.323232323232
[[ 24.   0.   0.]
 [ 36.   0.   0.]
 [ 40.   0.   0.]]
cf_score, -16.0
ratio, 0.242424242424
[[ 31.   0.   0.]
 [ 34.   0.   0.]
 [ 35.   0.   0.]]
cf_score, -4.0
ratio, 0.313131313131
[[ 24.   0.   0.]
 [ 42.   0.   0.]
 [ 34.   0.   0.]]
cf_score, -10.0
ratio, 0.242424242424
[[ 26.   0.   0.]
 [ 43.   0.   0.]
 [ 31.   0.   0.]]
cf_score, -5.0
ratio, 0.262626262626
[[ 35.   0.   0.]
 [ 39.   0.   0.]
 [ 26.   0.   0.]]
cf_score, 9.0
ratio, 0.353535353535
[[ 27.   0.   0.]
 [ 39.   0.   0.]
 [ 34.   0.   0.]]
cf_score, -7.0
ratio, 0.272727272727
[[ 24.   0.   0.]
 [ 33.   0.   0.]
 [ 43.   0.   0.]]
cf_score, -19.0
ratio, 0.242424242424
[[ 30.   0.   0.]
 [ 36.   0.   0.]
 [ 34.   0.   0.]]
cf_score, -4.0
ratio, 0.30303030303
[[ 23.   0.   0.]
 [ 40.   0.   0.]
 [ 37.   0.   0.]]
cf_score, -14.0
ratio, 0.232323232323
[[ 24.   0.   0.]
 [ 46.   0.   0.]
 [ 30.   0.   0.]]
cf_score, -6.0
ratio, 0.242424242424
[[ 33.   0.   0.]
 [ 39.   0.   0.]
 [ 28.   0.   0.]]
cf_score, 5.0
ratio, 0.333333333333
[[ 31.   0.   0.]
 [ 35.   0.   0.]
 [ 34.   0.   0.]]
cf_score, -3.0
ratio, 0.313131313131
[[ 27.   0.   0.]
 [ 46.   0.   0.]
 [ 27.   0.   0.]]
cf_score, 0.0
ratio, 0.272727272727
[[ 26.   0.   0.]
 [ 37.   0.   0.]
 [ 37.   0.   0.]]
cf_score, -11.0
ratio, 0.262626262626
[[ 32.   0.   0.]
 [ 41.   0.   0.]
 [ 27.   0.   0.]]
cf_score, 5.0
ratio, 0.323232323232
[[ 22.   0.   0.]
 [ 48.   0.   0.]
 [ 30.   0.   0.]]
cf_score, -8.0
ratio, 0.222222222222
[[ 33.   0.   0.]
 [ 41.   0.   0.]
 [ 26.   0.   0.]]
cf_score, 7.0
ratio, 0.333333333333
[[ 37.   0.   0.]
 [ 38.   0.   0.]
 [ 25.   0.   0.]]
cf_score, 12.0
ratio, 0.373737373737
[[ 36.   0.   0.]
 [ 37.   0.   0.]
 [ 27.   0.   0.]]
cf_score, 9.0
ratio, 0.363636363636
[[ 28.   0.   0.]
 [ 39.   0.   0.]
 [ 33.   0.   0.]]
cf_score, -5.0
ratio, 0.282828282828
[[ 26.   0.   0.]
 [ 34.   0.   0.]
 [ 40.   0.   0.]]
cf_score, -14.0
ratio, 0.262626262626
[[ 25.   0.   0.]
 [ 46.   0.   0.]
 [ 29.   0.   0.]]
cf_score, -4.0
ratio, 0.252525252525
[[ 26.   0.   0.]
 [ 41.   0.   0.]
 [ 33.   0.   0.]]
cf_score, -7.0
ratio, 0.262626262626
[[ 24.   0.   0.]
 [ 40.   0.   0.]
 [ 36.   0.   0.]]
cf_score, -12.0
ratio, 0.242424242424
[[ 33.   0.   0.]
 [ 32.   0.   0.]
 [ 35.   0.   0.]]
cf_score, -2.0
ratio, 0.333333333333
[[ 29.   0.   0.]
 [ 37.   0.   0.]
 [ 34.   0.   0.]]
cf_score, -5.0
ratio, 0.292929292929
[[ 27.   0.   0.]
 [ 43.   0.   0.]
 [ 30.   0.   0.]]
cf_score, -3.0
ratio, 0.272727272727
[[ 26.   0.   0.]
 [ 47.   0.   0.]
 [ 27.   0.   0.]]
cf_score, -1.0
ratio, 0.262626262626
[[ 36.   0.   0.]
 [ 29.   0.   0.]
 [ 35.   0.   0.]]
cf_score, 1.0
ratio, 0.363636363636
[[ 30.   0.   0.]
 [ 39.   0.   0.]
 [ 31.   0.   0.]]
cf_score, -1.0
ratio, 0.30303030303
[[ 32.   0.   0.]
 [ 34.   0.   0.]
 [ 34.   0.   0.]]
cf_score, -2.0
ratio, 0.323232323232
[[ 30.   0.   0.]
 [ 37.   0.   0.]
 [ 33.   0.   0.]]
cf_score, -3.0
ratio, 0.30303030303
[[ 23.   0.   0.]
 [ 36.   0.   0.]
 [ 41.   0.   0.]]
cf_score, -18.0
ratio, 0.232323232323
[[ 27.   0.   0.]
 [ 34.   0.   0.]
 [ 39.   0.   0.]]
cf_score, -12.0
ratio, 0.272727272727
[[ 27.   0.   0.]
 [ 43.   0.   0.]
 [ 30.   0.   0.]]
cf_score, -3.0
ratio, 0.272727272727
[[ 18.   0.   0.]
 [ 44.   0.   0.]
 [ 38.   0.   0.]]
cf_score, -20.0
ratio, 0.181818181818
[[ 26.   0.   0.]
 [ 38.   0.   0.]
 [ 36.   0.   0.]]
cf_score, -10.0
ratio, 0.262626262626
[[ 20.   0.   0.]
 [ 46.   0.   0.]
 [ 34.   0.   0.]]
cf_score, -14.0
ratio, 0.20202020202
[[ 23.   0.   0.]
 [ 43.   0.   0.]
 [ 34.   0.   0.]]
cf_score, -11.0
ratio, 0.232323232323
[[ 31.   0.   0.]
 [ 41.   0.   0.]
 [ 28.   0.   0.]]
cf_score, 3.0
ratio, 0.313131313131
[[ 28.   0.   0.]
 [ 39.   0.   0.]
 [ 33.   0.   0.]]
cf_score, -5.0
ratio, 0.282828282828
[[ 25.   0.   0.]
 [ 39.   0.   0.]
 [ 36.   0.   0.]]
cf_score, -11.0
ratio, 0.252525252525
