[[  0.   0.  37.]
 [  0.   0.  37.]
 [  0.   0.  26.]]
cf_score, -11.0
nv_score, -85.0
ratio, 0.262626262626
[[  0.   9.  20.]
 [  0.   9.  27.]
 [  0.   8.  27.]]
cf_score, 16.0
nv_score, -40.0
ratio, 0.363636363636
[[  0.  26.   6.]
 [  0.  26.   9.]
 [  0.  25.   8.]]
cf_score, 28.0
nv_score, -13.0
ratio, 0.343434343434
[[  0.  30.   6.]
 [  0.  21.   5.]
 [  0.  29.   9.]]
cf_score, 24.0
nv_score, -8.0
ratio, 0.30303030303
[[  0.  33.   2.]
 [  0.  30.   7.]
 [  0.  25.   3.]]
cf_score, 31.0
nv_score, -8.0
ratio, 0.333333333333
[[  0.  25.   5.]
 [  0.  32.   5.]
 [  0.  26.   7.]]
cf_score, 34.0
nv_score, -8.0
ratio, 0.393939393939
[[  0.  31.   7.]
 [  0.  24.   5.]
 [  0.  28.   5.]]
cf_score, 22.0
nv_score, -14.0
ratio, 0.292929292929
[[  0.  17.  10.]
 [  0.  18.  15.]
 [  0.  17.  23.]]
cf_score, 31.0
nv_score, -12.0
ratio, 0.414141414141
[[  0.  22.  14.]
 [  0.  20.  14.]
 [  0.   8.  22.]]
cf_score, 28.0
nv_score, -20.0
ratio, 0.424242424242
[[  0.  19.  12.]
 [  0.  15.  16.]
 [  0.  20.  18.]]
cf_score, 21.0
nv_score, -22.0
ratio, 0.333333333333
[[  0.  16.  11.]
 [  0.  20.  15.]
 [  0.  13.  25.]]
cf_score, 34.0
nv_score, -12.0
ratio, 0.454545454545
[[  0.  21.  24.]
 [  0.  12.  15.]
 [  0.  13.  15.]]
cf_score, 3.0
nv_score, -48.0
ratio, 0.272727272727
[[  0.  11.  16.]
 [  1.  30.  13.]
 [  0.   8.  21.]]
cf_score, 35.0
nv_score, -24.0
ratio, 0.515151515152
[[  3.  16.  16.]
 [  0.  20.  10.]
 [  0.   7.  28.]]
cf_score, 35.0
nv_score, -14.0
ratio, 0.515151515152
[[  0.  17.  17.]
 [  1.  16.  17.]
 [  0.  13.  19.]]
cf_score, 18.0
nv_score, -32.0
ratio, 0.353535353535
[[  0.  11.  29.]
 [  0.  13.  22.]
 [  0.   7.  18.]]
cf_score, 2.0
nv_score, -62.0
ratio, 0.313131313131
[[  0.   9.  21.]
 [  0.  16.  15.]
 [  0.   7.  32.]]
cf_score, 27.0
nv_score, -25.0
ratio, 0.484848484848
[[  1.  13.  19.]
 [  1.  15.  13.]
 [  1.  11.  26.]]
cf_score, 22.0
nv_score, -25.0
ratio, 0.424242424242
[[  1.  21.  11.]
 [  0.  26.   6.]
 [  1.   9.  25.]]
cf_score, 40.0
nv_score, -3.0
ratio, 0.525252525253
[[  1.  12.  22.]
 [  0.  20.  12.]
 [  2.   9.  22.]]
cf_score, 19.0
nv_score, -34.0
ratio, 0.434343434343
[[  0.  16.  18.]
 [  1.  24.  16.]
 [  0.   5.  20.]]
cf_score, 26.0
nv_score, -32.0
ratio, 0.444444444444
[[  0.  17.  18.]
 [  0.  23.  10.]
 [  0.  11.  21.]]
cf_score, 26.0
nv_score, -25.0
ratio, 0.444444444444
[[  1.  11.  27.]
 [  0.  16.  13.]
 [  2.  10.  20.]]
cf_score, 8.0
nv_score, -47.0
ratio, 0.373737373737
[[  1.  16.  21.]
 [  0.  16.  17.]
 [  0.   9.  20.]]
cf_score, 16.0
nv_score, -39.0
ratio, 0.373737373737
[[  0.  19.  19.]
 [  0.  14.  12.]
 [  0.  12.  24.]]
cf_score, 19.0
nv_score, -26.0
ratio, 0.383838383838
[[  0.  17.  15.]
 [  0.  19.  16.]
 [  1.   8.  24.]]
cf_score, 27.0
nv_score, -22.0
ratio, 0.434343434343
[[  1.  17.  14.]
 [  1.  25.  14.]
 [  1.   9.  18.]]
cf_score, 29.0
nv_score, -24.0
ratio, 0.444444444444
[[  1.  14.  19.]
 [  0.  19.   9.]
 [  1.  12.  25.]]
cf_score, 25.0
nv_score, -22.0
ratio, 0.454545454545
[[  1.  20.  15.]
 [  0.  19.   6.]
 [  0.  25.  14.]]
cf_score, 19.0
nv_score, -22.0
ratio, 0.343434343434
[[  0.  15.  18.]
 [  0.  19.  19.]
 [  1.   3.  25.]]
cf_score, 25.0
nv_score, -30.0
ratio, 0.444444444444
[[  2.   7.  20.]
 [  0.  19.  15.]
 [  3.  18.  16.]]
cf_score, 14.0
nv_score, -39.0
ratio, 0.373737373737
[[  0.  15.  21.]
 [  0.  16.  17.]
 [  1.  10.  20.]]
cf_score, 14.0
nv_score, -39.0
ratio, 0.363636363636
[[  0.  10.  19.]
 [  0.  19.  18.]
 [  1.  14.  19.]]
cf_score, 18.0
nv_score, -37.0
ratio, 0.383838383838
[[  2.  18.  15.]
 [  0.  16.  13.]
 [  0.   6.  30.]]
cf_score, 33.0
nv_score, -13.0
ratio, 0.484848484848
[[  0.  24.  12.]
 [  1.  19.  14.]
 [  0.  11.  19.]]
cf_score, 26.0
nv_score, -19.0
ratio, 0.383838383838
[[  1.  10.  24.]
 [  0.  16.  15.]
 [  3.  12.  19.]]
cf_score, 9.0
nv_score, -44.0
ratio, 0.363636363636
[[  2.  10.  19.]
 [  0.  19.  16.]
 [  1.  16.  17.]]
cf_score, 18.0
nv_score, -37.0
ratio, 0.383838383838
[[  0.  18.  24.]
 [  0.  16.  15.]
 [  1.   7.  19.]]
cf_score, 10.0
nv_score, -44.0
ratio, 0.353535353535
[[  0.  11.  16.]
 [  0.  19.  16.]
 [  2.  10.  26.]]
cf_score, 27.0
nv_score, -22.0
ratio, 0.454545454545
[[  1.  19.  14.]
 [  1.  17.  17.]
 [  1.   7.  23.]]
cf_score, 26.0
nv_score, -22.0
ratio, 0.414141414141
[[  2.  18.  10.]
 [  0.  23.  15.]
 [  1.   9.  22.]]
cf_score, 36.0
nv_score, -13.0
ratio, 0.474747474747
[[  1.  11.  19.]
 [  0.  18.  26.]
 [  1.   6.  18.]]
cf_score, 17.0
nv_score, -46.0
ratio, 0.373737373737
[[  0.   9.  36.]
 [  0.  12.  21.]
 [  0.   3.  19.]]
cf_score, -5.0
nv_score, -74.0
ratio, 0.313131313131
[[  0.  15.  23.]
 [  0.  14.  22.]
 [  0.  11.  15.]]
cf_score, 6.0
nv_score, -53.0
ratio, 0.292929292929
[[  1.  11.  21.]
 [  0.  10.  25.]
 [  0.   5.  27.]]
cf_score, 17.0
nv_score, -40.0
ratio, 0.383838383838
[[  1.  14.  23.]
 [  1.  11.  17.]
 [  1.   4.  28.]]
cf_score, 16.0
nv_score, -35.0
ratio, 0.40404040404
[[  1.  13.  22.]
 [  1.  11.  20.]
 [  1.   7.  24.]]
cf_score, 13.0
nv_score, -40.0
ratio, 0.363636363636
[[  2.  14.  24.]
 [  0.  21.   6.]
 [  1.  10.  22.]]
cf_score, 20.0
nv_score, -32.0
ratio, 0.454545454545
[[  1.  11.  20.]
 [  0.  14.  20.]
 [  0.   8.  26.]]
cf_score, 21.0
nv_score, -34.0
ratio, 0.414141414141
[[  1.  15.  21.]
 [  0.  15.  25.]
 [  0.   7.  16.]]
cf_score, 11.0
nv_score, -51.0
ratio, 0.323232323232
