[[ 41.   0.   0.]
 [ 14.  19.   0.]
 [ 23.   3.   0.]]
cf_score, 37.0
ratio, 0.606060606061
[[ 32.   1.   0.]
 [ 14.  20.   0.]
 [ 31.   2.   0.]]
cf_score, 21.0
ratio, 0.525252525253
[[ 30.   0.   0.]
 [ 10.  19.   0.]
 [ 39.   2.   0.]]
cf_score, 10.0
ratio, 0.494949494949
[[ 37.   1.   0.]
 [ 15.  15.   0.]
 [ 30.   2.   0.]]
cf_score, 22.0
ratio, 0.525252525253
[[ 34.   1.   0.]
 [ 15.  25.   0.]
 [ 23.   2.   0.]]
cf_score, 36.0
ratio, 0.59595959596
[[ 26.   0.   0.]
 [ 19.  19.   0.]
 [ 36.   0.   0.]]
cf_score, 9.0
ratio, 0.454545454545
[[ 43.   2.   0.]
 [ 14.  10.   0.]
 [ 31.   0.   0.]]
cf_score, 22.0
ratio, 0.535353535354
[[ 22.   1.   0.]
 [ 11.  19.   0.]
 [ 43.   4.   0.]]
cf_score, -2.0
ratio, 0.414141414141
[[ 25.   1.   0.]
 [ 23.  16.   0.]
 [ 34.   1.   0.]]
cf_score, 7.0
ratio, 0.414141414141
[[ 39.   2.   0.]
 [  8.  16.   2.]
 [ 31.   2.   0.]]
cf_score, 24.0
ratio, 0.555555555556
[[ 35.   0.   0.]
 [ 16.  14.   0.]
 [ 34.   1.   0.]]
cf_score, 15.0
ratio, 0.494949494949
[[ 32.   1.   0.]
 [ 16.  21.   0.]
 [ 29.   0.   1.]]
cf_score, 25.0
ratio, 0.545454545455
[[ 34.   2.   0.]
 [ 16.  17.   0.]
 [ 29.   2.   0.]]
cf_score, 22.0
ratio, 0.515151515152
[[ 42.   2.   0.]
 [ 11.  18.   0.]
 [ 27.   0.   0.]]
cf_score, 33.0
ratio, 0.606060606061
[[ 27.   1.   1.]
 [ 18.  20.   0.]
 [ 32.   0.   1.]]
cf_score, 15.0
ratio, 0.484848484848
[[ 32.   0.   0.]
 [ 11.  28.   0.]
 [ 26.   3.   0.]]
cf_score, 34.0
ratio, 0.606060606061
[[ 31.   1.   0.]
 [ 22.  15.   0.]
 [ 29.   1.   1.]]
cf_score, 18.0
ratio, 0.474747474747
[[ 25.   1.   0.]
 [ 12.  21.   0.]
 [ 40.   0.   1.]]
cf_score, 7.0
ratio, 0.474747474747
[[ 41.   0.   0.]
 [ 13.  18.   0.]
 [ 24.   4.   0.]]
cf_score, 35.0
ratio, 0.59595959596
[[ 30.   1.   0.]
 [ 16.  24.   0.]
 [ 29.   0.   0.]]
cf_score, 25.0
ratio, 0.545454545455
[[ 29.   1.   0.]
 [ 15.  20.   0.]
 [ 34.   1.   0.]]
cf_score, 15.0
ratio, 0.494949494949
[[ 28.   2.   0.]
 [ 15.  28.   0.]
 [ 22.   3.   2.]]
cf_score, 36.0
ratio, 0.585858585859
[[ 33.   0.   0.]
 [ 15.  23.   0.]
 [ 28.   1.   0.]]
cf_score, 28.0
ratio, 0.565656565657
[[ 32.   2.   0.]
 [ 20.  18.   0.]
 [ 28.   0.   0.]]
cf_score, 22.0
ratio, 0.505050505051
[[ 30.   0.   0.]
 [ 18.  21.   0.]
 [ 30.   1.   0.]]
cf_score, 21.0
ratio, 0.515151515152
[[ 37.   2.   0.]
 [ 16.  22.   0.]
 [ 23.   0.   0.]]
cf_score, 36.0
ratio, 0.59595959596
[[ 18.   1.   0.]
 [ 16.  22.   0.]
 [ 42.   1.   0.]]
cf_score, -2.0
ratio, 0.40404040404
[[ 40.   2.   0.]
 [ 13.  21.   0.]
 [ 22.   2.   0.]]
cf_score, 39.0
ratio, 0.616161616162
[[ 32.   2.   0.]
 [ 21.  17.   0.]
 [ 27.   1.   0.]]
cf_score, 22.0
ratio, 0.494949494949
[[ 32.   0.   0.]
 [ 12.  18.   0.]
 [ 35.   2.   1.]]
cf_score, 16.0
ratio, 0.515151515152
[[ 29.   0.   0.]
 [ 15.  22.   0.]
 [ 30.   2.   2.]]
cf_score, 23.0
ratio, 0.535353535354
[[ 28.   2.   0.]
 [ 20.  23.   0.]
 [ 25.   2.   0.]]
cf_score, 26.0
ratio, 0.515151515152
[[ 39.   0.   1.]
 [ 17.  15.   0.]
 [ 23.   3.   2.]]
cf_score, 32.0
ratio, 0.565656565657
[[ 29.   2.   1.]
 [ 13.  19.   1.]
 [ 32.   1.   2.]]
cf_score, 17.0
ratio, 0.505050505051
[[ 29.   0.   0.]
 [ 25.  14.   0.]
 [ 31.   0.   1.]]
cf_score, 13.0
ratio, 0.444444444444
[[ 28.   0.   0.]
 [ 13.  27.   0.]
 [ 29.   1.   2.]]
cf_score, 28.0
ratio, 0.575757575758
[[ 26.   0.   0.]
 [ 16.  20.   0.]
 [ 35.   3.   0.]]
cf_score, 11.0
ratio, 0.464646464646
[[ 36.   2.   1.]
 [ 16.  14.   0.]
 [ 29.   2.   0.]]
cf_score, 20.0
ratio, 0.505050505051
[[ 26.   0.   0.]
 [ 21.  14.   1.]
 [ 36.   2.   0.]]
cf_score, 4.0
ratio, 0.40404040404
[[ 39.   0.   0.]
 [ 14.  18.   0.]
 [ 27.   2.   0.]]
cf_score, 30.0
ratio, 0.575757575758
[[ 30.   4.   0.]
 [ 12.  20.   0.]
 [ 30.   4.   0.]]
cf_score, 20.0
ratio, 0.505050505051
[[ 34.   1.   0.]
 [ 17.  16.   0.]
 [ 30.   1.   1.]]
cf_score, 21.0
ratio, 0.515151515152
[[ 24.   0.   0.]
 [ 14.  25.   0.]
 [ 34.   2.   1.]]
cf_score, 16.0
ratio, 0.505050505051
[[ 30.   2.   0.]
 [ 16.  18.   0.]
 [ 30.   2.   2.]]
cf_score, 20.0
ratio, 0.505050505051
[[ 45.   0.   0.]
 [ 12.  13.   0.]
 [ 28.   1.   1.]]
cf_score, 31.0
ratio, 0.59595959596
[[ 30.   3.   0.]
 [ 20.  11.   0.]
 [ 36.   0.   0.]]
cf_score, 5.0
ratio, 0.414141414141
[[ 29.   0.   0.]
 [ 14.  22.   0.]
 [ 33.   1.   1.]]
cf_score, 19.0
ratio, 0.525252525253
[[ 27.   2.   0.]
 [ 13.  20.   0.]
 [ 35.   1.   2.]]
cf_score, 14.0
ratio, 0.494949494949
[[ 39.   0.   0.]
 [ 15.  21.   0.]
 [ 24.   0.   1.]]
cf_score, 37.0
ratio, 0.616161616162
[[ 32.   0.   0.]
 [ 15.  19.   0.]
 [ 32.   2.   0.]]
cf_score, 19.0
ratio, 0.515151515152
[[ 31.   3.   0.]
 [ 15.  20.   0.]
 [ 29.   2.   0.]]
cf_score, 22.0
ratio, 0.515151515152
[[ 33.   0.   0.]
 [ 15.  22.   0.]
 [ 30.   0.   0.]]
cf_score, 25.0
ratio, 0.555555555556
[[ 34.   1.   0.]
 [ 11.  23.   0.]
 [ 26.   2.   3.]]
cf_score, 34.0
ratio, 0.606060606061
[[ 19.   1.   0.]
 [ 20.  22.   0.]
 [ 37.   1.   0.]]
cf_score, 4.0
ratio, 0.414141414141
[[ 28.   0.   0.]
 [ 21.  15.   0.]
 [ 33.   2.   1.]]
cf_score, 11.0
ratio, 0.444444444444
[[  6.   1.  20.]
 [  0.  26.  14.]
 [  3.   1.  29.]]
cf_score, 38.0
ratio, 0.616161616162
[[ 10.   0.  20.]
 [  1.  19.  14.]
 [  4.   3.  29.]]
cf_score, 34.0
ratio, 0.585858585859
[[ 14.   1.  23.]
 [  2.  20.  15.]
 [  2.   1.  22.]]
cf_score, 31.0
ratio, 0.565656565657
[[ 14.   3.  16.]
 [  3.  19.  14.]
 [  6.   0.  25.]]
cf_score, 36.0
ratio, 0.585858585859
[[ 16.   1.  14.]
 [  6.  23.   9.]
 [ 16.   0.  15.]]
cf_score, 24.0
ratio, 0.545454545455
[[ 25.   0.   6.]
 [  7.  15.  11.]
 [ 11.   5.  20.]]
cf_score, 43.0
ratio, 0.606060606061
[[ 21.   2.   8.]
 [ 16.  20.   6.]
 [  6.   0.  21.]]
cf_score, 48.0
ratio, 0.626262626263
[[ 29.   0.   5.]
 [ 10.  20.   9.]
 [  9.   0.  18.]]
cf_score, 53.0
ratio, 0.676767676768
[[ 21.   0.   9.]
 [  8.  19.   1.]
 [ 16.   0.  26.]]
cf_score, 41.0
ratio, 0.666666666667
[[ 24.   0.  10.]
 [ 11.  21.   6.]
 [  9.   0.  19.]]
cf_score, 45.0
ratio, 0.646464646465
[[ 29.   1.   5.]
 [ 11.  23.   5.]
 [  8.   2.  16.]]
cf_score, 55.0
ratio, 0.686868686869
[[ 23.   2.   9.]
 [  9.  20.   9.]
 [  7.   0.  21.]]
cf_score, 48.0
ratio, 0.646464646465
[[ 20.   1.   8.]
 [ 16.  20.   6.]
 [ 13.   1.  15.]]
cf_score, 34.0
ratio, 0.555555555556
[[ 23.   0.  13.]
 [ 11.  26.   2.]
 [ 13.   1.  11.]]
cf_score, 34.0
ratio, 0.606060606061
[[ 25.   2.   5.]
 [ 11.  21.   4.]
 [ 14.   0.  18.]]
cf_score, 45.0
ratio, 0.646464646465
[[ 23.   0.   7.]
 [ 13.  20.   5.]
 [ 10.   0.  22.]]
cf_score, 48.0
ratio, 0.656565656566
[[ 23.   0.   9.]
 [ 16.  16.   5.]
 [  7.   1.  23.]]
cf_score, 46.0
ratio, 0.626262626263
[[ 30.   1.   7.]
 [  9.  16.  10.]
 [ 10.   2.  15.]]
cf_score, 44.0
ratio, 0.616161616162
[[ 31.   0.   7.]
 [ 10.  15.   7.]
 [  8.   1.  21.]]
cf_score, 52.0
ratio, 0.676767676768
[[ 23.   0.   3.]
 [  9.  18.   9.]
 [ 16.   0.  22.]]
cf_score, 44.0
ratio, 0.636363636364
[[ 33.   2.   8.]
 [ 16.  15.   3.]
 [  4.   0.  19.]]
cf_score, 55.0
ratio, 0.676767676768
[[ 28.   0.   8.]
 [ 12.  16.   5.]
 [ 15.   0.  16.]]
cf_score, 37.0
ratio, 0.606060606061
[[ 31.   0.   7.]
 [ 16.   9.   3.]
 [ 14.   1.  19.]]
cf_score, 38.0
ratio, 0.59595959596
[[ 31.   0.   4.]
 [ 10.  16.   8.]
 [ 12.   1.  18.]]
cf_score, 49.0
ratio, 0.656565656566
[[ 23.   1.  10.]
 [ 12.  17.   4.]
 [ 10.   0.  23.]]
cf_score, 43.0
ratio, 0.636363636364
[[ 24.   0.   8.]
 [  6.  16.   8.]
 [ 16.   0.  22.]]
cf_score, 38.0
ratio, 0.626262626263
[[ 23.   2.  13.]
 [  8.  22.  12.]
 [  9.   0.  11.]]
cf_score, 34.0
ratio, 0.565656565657
[[ 27.   2.   5.]
 [  8.  20.   7.]
 [ 11.   1.  19.]]
cf_score, 50.0
ratio, 0.666666666667
[[ 28.   0.  10.]
 [ 10.  14.   4.]
 [ 20.   2.  12.]]
cf_score, 24.0
ratio, 0.545454545455
[[ 17.   0.   4.]
 [ 13.  21.   7.]
 [ 13.   2.  23.]]
cf_score, 44.0
ratio, 0.616161616162
[[ 18.   1.  14.]
 [  9.  16.   3.]
 [ 16.   1.  22.]]
cf_score, 26.0
ratio, 0.565656565657
[[ 23.   1.  10.]
 [  8.  22.   5.]
 [  5.   0.  26.]]
cf_score, 56.0
ratio, 0.717171717172
[[ 20.   1.   6.]
 [ 13.  21.   5.]
 [ 13.   0.  21.]]
cf_score, 43.0
ratio, 0.626262626263
[[ 28.   1.   5.]
 [ 13.  18.   3.]
 [ 10.   1.  21.]]
cf_score, 52.0
ratio, 0.676767676768
[[ 22.   2.   7.]
 [ 14.  22.   5.]
 [ 12.   0.  16.]]
cf_score, 41.0
ratio, 0.606060606061
[[ 33.   0.   6.]
 [ 16.  11.   3.]
 [ 12.   0.  19.]]
cf_score, 45.0
ratio, 0.636363636364
[[ 22.   1.   6.]
 [ 11.  11.  11.]
 [ 12.   0.  26.]]
cf_score, 41.0
ratio, 0.59595959596
[[ 25.   1.   4.]
 [  5.  30.   8.]
 [ 11.   3.  13.]]
cf_score, 53.0
ratio, 0.686868686869
[[ 20.   1.   8.]
 [ 10.  13.  10.]
 [  6.   3.  29.]]
cf_score, 48.0
ratio, 0.626262626263
[[ 24.   2.  13.]
 [ 16.   7.   4.]
 [ 13.   3.  18.]]
cf_score, 23.0
ratio, 0.494949494949
[[ 26.   0.  11.]
 [ 15.  16.   5.]
 [ 16.   0.  11.]]
cf_score, 26.0
ratio, 0.535353535354
[[ 24.   0.   8.]
 [ 15.  22.   3.]
 [  7.   1.  20.]]
cf_score, 51.0
ratio, 0.666666666667
[[ 29.   0.   6.]
 [ 16.  12.   7.]
 [  7.   2.  21.]]
cf_score, 49.0
ratio, 0.626262626263
[[ 24.   2.   3.]
 [ 11.  15.   8.]
 [ 18.   1.  18.]]
cf_score, 36.0
ratio, 0.575757575758
[[ 14.   0.  13.]
 [ 13.  19.   6.]
 [  7.   0.  28.]]
cf_score, 41.0
ratio, 0.616161616162
