[[ 27.   4.   6.]
 [ 21.   4.   6.]
 [ 21.   1.  10.]]
cf_score, 14.0
nv_score, -8.0
ratio, 0.414141414141
[[ 16.   2.  17.]
 [ 16.   0.  19.]
 [ 19.   0.  11.]]
cf_score, -9.0
nv_score, -42.0
ratio, 0.272727272727
[[ 19.   9.  12.]
 [ 23.   1.   4.]
 [ 13.   0.  19.]]
cf_score, 14.0
nv_score, -9.0
ratio, 0.393939393939
[[ 18.   5.   9.]
 [ 19.   6.   9.]
 [  5.   4.  25.]]
cf_score, 35.0
nv_score, -2.0
ratio, 0.494949494949
[[ 19.   3.  14.]
 [ 13.   4.  22.]
 [ 10.   2.  13.]]
cf_score, 12.0
nv_score, -37.0
ratio, 0.363636363636
[[ 25.   5.  12.]
 [ 18.   3.  11.]
 [ 12.   2.  12.]]
cf_score, 16.0
nv_score, -23.0
ratio, 0.40404040404
[[ 11.   5.  11.]
 [ 30.   1.  13.]
 [ 11.   2.  16.]]
cf_score, 6.0
nv_score, -19.0
ratio, 0.282828282828
[[ 20.   1.  15.]
 [ 18.   2.  14.]
 [ 10.   2.  18.]]
cf_score, 15.0
nv_score, -26.0
ratio, 0.40404040404
[[ 20.   2.  15.]
 [ 20.   6.   8.]
 [ 12.   1.  16.]]
cf_score, 15.0
nv_score, -22.0
ratio, 0.424242424242
[[ 16.   5.   8.]
 [ 20.   0.  16.]
 [ 13.   2.  20.]]
cf_score, 15.0
nv_score, -12.0
ratio, 0.363636363636
[[ 21.   3.   9.]
 [ 16.   5.  10.]
 [ 17.   2.  17.]]
cf_score, 17.0
nv_score, -11.0
ratio, 0.434343434343
[[ 12.  11.  11.]
 [ 20.   5.   7.]
 [  7.   7.  20.]]
cf_score, 19.0
nv_score, -9.0
ratio, 0.373737373737
[[ 24.   8.   8.]
 [ 18.   4.  10.]
 [  9.   3.  16.]]
cf_score, 27.0
nv_score, -10.0
ratio, 0.444444444444
[[ 22.  12.   6.]
 [ 16.   6.  13.]
 [  7.   4.  14.]]
cf_score, 29.0
nv_score, -11.0
ratio, 0.424242424242
[[ 24.   6.   8.]
 [ 19.   5.  10.]
 [  5.   6.  17.]]
cf_score, 33.0
nv_score, -9.0
ratio, 0.464646464646
[[ 20.  11.  12.]
 [ 17.   2.   8.]
 [ 12.   5.  13.]]
cf_score, 11.0
nv_score, -19.0
ratio, 0.353535353535
[[ 16.   7.  14.]
 [ 11.   5.  10.]
 [  7.   2.  28.]]
cf_score, 28.0
nv_score, -10.0
ratio, 0.494949494949
[[ 22.   5.  11.]
 [ 17.   6.  15.]
 [  5.   4.  15.]]
cf_score, 27.0
nv_score, -22.0
ratio, 0.434343434343
[[ 19.   9.  14.]
 [ 11.   6.  10.]
 [  8.   9.  14.]]
cf_score, 17.0
nv_score, -24.0
ratio, 0.393939393939
[[ 14.  14.  17.]
 [ 11.   2.  12.]
 [  5.   8.  17.]]
cf_score, 11.0
nv_score, -29.0
ratio, 0.333333333333
[[ 13.  14.   8.]
 [  7.   9.  19.]
 [  5.   7.  18.]]
cf_score, 27.0
nv_score, -17.0
ratio, 0.40404040404
[[ 13.  15.  13.]
 [  7.  13.  12.]
 [  7.   5.  15.]]
cf_score, 21.0
nv_score, -23.0
ratio, 0.414141414141
[[ 20.  11.  12.]
 [  8.   9.  13.]
 [  4.   7.  16.]]
cf_score, 29.0
nv_score, -21.0
ratio, 0.454545454545
[[ 17.  15.  11.]
 [  8.   9.  12.]
 [  7.   3.  18.]]
cf_score, 26.0
nv_score, -16.0
ratio, 0.444444444444
[[ 15.  11.  10.]
 [  7.  11.  17.]
 [  6.   5.  18.]]
cf_score, 28.0
nv_score, -19.0
ratio, 0.444444444444
[[ 18.   9.  10.]
 [ 12.  13.  12.]
 [  5.   5.  16.]]
cf_score, 32.0
nv_score, -16.0
ratio, 0.474747474747
[[ 10.  10.  11.]
 [ 15.  11.  12.]
 [  4.  10.  17.]]
cf_score, 23.0
nv_score, -17.0
ratio, 0.383838383838
[[ 14.  10.   9.]
 [ 10.  16.   6.]
 [  9.   8.  18.]]
cf_score, 30.0
nv_score, -6.0
ratio, 0.484848484848
[[ 13.  10.  14.]
 [ 10.   8.  15.]
 [  4.   6.  20.]]
cf_score, 23.0
nv_score, -23.0
ratio, 0.414141414141
[[ 18.  14.  12.]
 [ 11.   6.  13.]
 [  3.  12.  11.]]
cf_score, 20.0
nv_score, -26.0
ratio, 0.353535353535
[[ 10.  11.  12.]
 [ 12.  13.   8.]
 [  6.  10.  18.]]
cf_score, 23.0
nv_score, -14.0
ratio, 0.414141414141
[[ 11.  10.  14.]
 [  4.   8.  13.]
 [ 10.  14.  16.]]
cf_score, 11.0
nv_score, -25.0
ratio, 0.353535353535
[[ 16.  12.   9.]
 [ 10.  12.  12.]
 [  3.  10.  16.]]
cf_score, 32.0
nv_score, -14.0
ratio, 0.444444444444
[[ 13.  12.  12.]
 [ 11.   9.   5.]
 [ 11.  10.  17.]]
cf_score, 16.0
nv_score, -12.0
ratio, 0.393939393939
[[ 20.  12.   8.]
 [  9.   8.  11.]
 [  8.   8.  16.]]
cf_score, 28.0
nv_score, -11.0
ratio, 0.444444444444
[[ 12.   9.   9.]
 [ 16.  10.  13.]
 [  3.  14.  14.]]
cf_score, 24.0
nv_score, -17.0
ratio, 0.363636363636
[[ 11.   8.  12.]
 [ 10.  12.  13.]
 [  4.  12.  18.]]
cf_score, 25.0
nv_score, -19.0
ratio, 0.414141414141
[[ 26.   5.  10.]
 [  8.  14.  11.]
 [  8.   5.  13.]]
cf_score, 35.0
nv_score, -18.0
ratio, 0.535353535354
[[ 16.   8.   8.]
 [ 18.   9.   8.]
 [  9.   6.  18.]]
cf_score, 26.0
nv_score, -6.0
ratio, 0.434343434343
[[  6.   9.  12.]
 [ 16.  10.  14.]
 [  5.  13.  15.]]
cf_score, 14.0
nv_score, -23.0
ratio, 0.313131313131
[[ 15.   6.   7.]
 [ 11.  15.  18.]
 [  8.   9.  11.]]
cf_score, 26.0
nv_score, -21.0
ratio, 0.414141414141
[[ 14.   8.   9.]
 [  6.  18.  12.]
 [  9.   9.  15.]]
cf_score, 29.0
nv_score, -15.0
ratio, 0.474747474747
[[  9.  14.  10.]
 [  8.  14.  16.]
 [  7.  11.  11.]]
cf_score, 17.0
nv_score, -25.0
ratio, 0.343434343434
[[ 19.   7.   7.]
 [ 12.  12.  15.]
 [ 10.   6.  12.]]
cf_score, 26.0
nv_score, -17.0
ratio, 0.434343434343
[[ 11.  14.  10.]
 [  9.  11.  16.]
 [  3.  12.  14.]]
cf_score, 23.0
nv_score, -22.0
ratio, 0.363636363636
[[ 14.  10.  10.]
 [ 11.  10.  13.]
 [  6.  13.  13.]]
cf_score, 21.0
nv_score, -20.0
ratio, 0.373737373737
[[ 16.   8.   9.]
 [  9.  13.  19.]
 [  2.  15.   9.]]
cf_score, 27.0
nv_score, -28.0
ratio, 0.383838383838
[[  9.  13.  13.]
 [ 11.  10.  11.]
 [ 11.   4.  18.]]
cf_score, 13.0
nv_score, -19.0
ratio, 0.373737373737
[[ 23.  12.  11.]
 [ 10.  10.   8.]
 [  8.   2.  16.]]
cf_score, 30.0
nv_score, -14.0
ratio, 0.494949494949
[[ 14.   8.   9.]
 [ 11.  13.  21.]
 [  8.   4.  12.]]
cf_score, 22.0
nv_score, -27.0
ratio, 0.393939393939
