[[  0.  35.   0.]
 [  0.  29.   0.]
 [  0.  36.   0.]]
cf_score, 29.0
ratio, 0.292929292929
[[  3.  30.   3.]
 [  8.  27.   0.]
 [  7.  20.   2.]]
cf_score, 22.0
ratio, 0.323232323232
[[  0.  20.  16.]
 [  0.  26.   3.]
 [  0.  26.   9.]]
cf_score, 19.0
ratio, 0.353535353535
[[  0.  23.  15.]
 [  0.  30.   4.]
 [  0.  19.   9.]]
cf_score, 24.0
ratio, 0.393939393939
[[  0.  20.  10.]
 [  0.  31.   4.]
 [  0.  23.  12.]]
cf_score, 33.0
ratio, 0.434343434343
[[  0.  24.  19.]
 [  0.  21.   7.]
 [  0.  22.   7.]]
cf_score, 9.0
ratio, 0.282828282828
[[  0.  25.  12.]
 [  0.  24.   4.]
 [  0.  27.   8.]]
cf_score, 20.0
ratio, 0.323232323232
[[  0.  20.  13.]
 [  0.  29.   5.]
 [  0.  26.   7.]]
cf_score, 23.0
ratio, 0.363636363636
[[  0.  21.  12.]
 [  0.  35.   3.]
 [  0.  25.   4.]]
cf_score, 27.0
ratio, 0.393939393939
[[  3.  28.   8.]
 [  0.  25.   4.]
 [  0.  27.   5.]]
cf_score, 25.0
ratio, 0.333333333333
[[  1.  19.  11.]
 [  0.  26.  10.]
 [  1.  27.   5.]]
cf_score, 20.0
ratio, 0.323232323232
[[  4.  27.  15.]
 [  0.  20.   2.]
 [  0.  22.  10.]]
cf_score, 19.0
ratio, 0.343434343434
[[  6.  31.   5.]
 [  0.  23.   2.]
 [  4.  25.   4.]]
cf_score, 24.0
ratio, 0.333333333333
[[  4.  28.  13.]
 [  0.  26.   5.]
 [  1.  20.   3.]]
cf_score, 19.0
ratio, 0.333333333333
[[  1.  22.  10.]
 [  0.  26.   5.]
 [  4.  26.   6.]]
cf_score, 19.0
ratio, 0.333333333333
[[  1.  31.  10.]
 [  0.  22.   3.]
 [  2.  26.   5.]]
cf_score, 16.0
ratio, 0.282828282828
[[  5.  14.  14.]
 [  0.  24.   5.]
 [  2.  29.   7.]]
cf_score, 20.0
ratio, 0.363636363636
[[  5.  21.  10.]
 [  0.  24.   3.]
 [  4.  28.   5.]]
cf_score, 20.0
ratio, 0.343434343434
[[  5.  26.  10.]
 [  0.  25.   0.]
 [  5.  24.   5.]]
cf_score, 20.0
ratio, 0.353535353535
[[  3.  22.  12.]
 [  0.  27.   5.]
 [  3.  25.   3.]]
cf_score, 18.0
ratio, 0.333333333333
[[  2.  13.  14.]
 [  0.  29.   7.]
 [  3.  23.   9.]]
cf_score, 23.0
ratio, 0.40404040404
[[  3.  18.  10.]
 [  0.  33.   3.]
 [  5.  25.   3.]]
cf_score, 24.0
ratio, 0.393939393939
[[  2.  26.   6.]
 [  0.  28.   6.]
 [  1.  24.   7.]]
cf_score, 30.0
ratio, 0.373737373737
[[  2.  22.  11.]
 [  0.  30.   2.]
 [  4.  25.   4.]]
cf_score, 21.0
ratio, 0.363636363636
[[  5.  25.   9.]
 [  0.  29.   6.]
 [  0.  22.   4.]]
cf_score, 29.0
ratio, 0.383838383838
[[  7.  18.   9.]
 [  0.  26.   8.]
 [  0.  25.   7.]]
cf_score, 31.0
ratio, 0.40404040404
[[  5.  20.  11.]
 [  0.  31.   4.]
 [  2.  20.   7.]]
cf_score, 30.0
ratio, 0.434343434343
[[  2.  19.   8.]
 [  0.  25.   7.]
 [  1.  33.   5.]]
cf_score, 23.0
ratio, 0.323232323232
[[  3.  29.  11.]
 [  0.  18.   3.]
 [  0.  28.   8.]]
cf_score, 18.0
ratio, 0.292929292929
[[  3.  17.  10.]
 [  0.  31.   5.]
 [  3.  27.   4.]]
cf_score, 25.0
ratio, 0.383838383838
[[  5.  24.  10.]
 [  0.  30.   4.]
 [  1.  17.   9.]]
cf_score, 33.0
ratio, 0.444444444444
[[  7.  19.   7.]
 [  0.  30.   2.]
 [  4.  25.   6.]]
cf_score, 32.0
ratio, 0.434343434343
[[  3.  22.  10.]
 [  0.  22.   5.]
 [  1.  30.   7.]]
cf_score, 21.0
ratio, 0.323232323232
[[  1.  19.   8.]
 [  0.  39.   5.]
 [  1.  19.   8.]]
cf_score, 39.0
ratio, 0.484848484848
[[  2.  19.   7.]
 [  0.  21.  11.]
 [  6.  26.   8.]]
cf_score, 18.0
ratio, 0.313131313131
[[  2.  30.   5.]
 [  0.  23.   4.]
 [  1.  23.  12.]]
cf_score, 31.0
ratio, 0.373737373737
[[  2.  27.  10.]
 [  0.  22.   2.]
 [  1.  31.   5.]]
cf_score, 18.0
ratio, 0.292929292929
[[  1.  23.  13.]
 [  0.  26.   6.]
 [  2.  25.   4.]]
cf_score, 16.0
ratio, 0.313131313131
[[  4.  28.  10.]
 [  0.  14.   4.]
 [  1.  37.   2.]]
cf_score, 9.0
ratio, 0.20202020202
[[  1.  33.   4.]
 [  0.  29.   2.]
 [  0.  21.  10.]]
cf_score, 36.0
ratio, 0.40404040404
[[  2.  32.  11.]
 [  0.  20.   4.]
 [  1.  25.   5.]]
cf_score, 15.0
ratio, 0.272727272727
[[  2.  23.   6.]
 [  0.  29.   9.]
 [  0.  27.   4.]]
cf_score, 29.0
ratio, 0.353535353535
[[  4.  29.   8.]
 [  0.  29.   4.]
 [  5.  13.   8.]]
cf_score, 28.0
ratio, 0.414141414141
[[  2.  24.   9.]
 [  0.  23.   4.]
 [  3.  26.   9.]]
cf_score, 22.0
ratio, 0.343434343434
[[  2.  31.   6.]
 [  0.  28.   6.]
 [  1.  21.   5.]]
cf_score, 28.0
ratio, 0.353535353535
[[  1.  23.  12.]
 [  0.  21.   5.]
 [  2.  29.   7.]]
cf_score, 15.0
ratio, 0.292929292929
[[  4.  35.   7.]
 [  0.  23.   2.]
 [  0.  22.   7.]]
cf_score, 27.0
ratio, 0.343434343434
[[  4.  20.  12.]
 [  0.  32.   3.]
 [  2.  23.   4.]]
cf_score, 26.0
ratio, 0.40404040404
[[  5.  20.   9.]
 [  0.  27.   3.]
 [  2.  27.   7.]]
cf_score, 28.0
ratio, 0.393939393939
[[  3.  23.  10.]
 [  0.  17.   9.]
 [  0.  28.  10.]]
cf_score, 20.0
ratio, 0.30303030303
[[  3.  25.   4.]
 [  0.  31.   0.]
 [  1.  25.  11.]]
cf_score, 40.0
ratio, 0.454545454545
[[  5.  24.  10.]
 [  0.  22.   4.]
 [  0.  28.   7.]]
cf_score, 24.0
ratio, 0.343434343434
[[  2.  25.   6.]
 [  0.  30.   3.]
 [  1.  28.   5.]]
cf_score, 30.0
ratio, 0.373737373737
[[  4.  20.   9.]
 [  0.  21.   5.]
 [  1.  30.  10.]]
cf_score, 25.0
ratio, 0.353535353535
[[  1.  21.  15.]
 [  0.  28.   0.]
 [  0.  26.   9.]]
cf_score, 23.0
ratio, 0.383838383838
[[  3.  28.   9.]
 [  0.  24.   6.]
 [  2.  21.   7.]]
cf_score, 23.0
ratio, 0.343434343434
[[  2.  29.  12.]
 [  0.  22.   4.]
 [  2.  23.   6.]]
cf_score, 16.0
ratio, 0.30303030303
[[  4.  30.  11.]
 [  0.  30.   2.]
 [  0.  17.   6.]]
cf_score, 29.0
ratio, 0.40404040404
[[  1.  20.   9.]
 [  0.  29.   4.]
 [  2.  30.   5.]]
cf_score, 24.0
ratio, 0.353535353535
[[  2.  27.  14.]
 [  0.  19.   4.]
 [  1.  25.   8.]]
cf_score, 14.0
ratio, 0.292929292929
[[  5.  19.   8.]
 [  0.  22.   6.]
 [  1.  30.   9.]]
cf_score, 27.0
ratio, 0.363636363636
[[  3.  26.  10.]
 [  0.  20.   6.]
 [  0.  26.   9.]]
cf_score, 22.0
ratio, 0.323232323232
[[  8.  25.   7.]
 [  0.  30.   4.]
 [  0.  22.   4.]]
cf_score, 35.0
ratio, 0.424242424242
[[  3.  24.   7.]
 [  0.  29.   6.]
 [  1.  25.   5.]]
cf_score, 29.0
ratio, 0.373737373737
[[  6.  27.  15.]
 [  0.  20.   3.]
 [  0.  22.   7.]]
cf_score, 18.0
ratio, 0.333333333333
[[  2.  23.  11.]
 [  0.  27.   3.]
 [  0.  29.   5.]]
cf_score, 23.0
ratio, 0.343434343434
[[  2.  29.  12.]
 [  0.  27.   5.]
 [  0.  21.   4.]]
cf_score, 21.0
ratio, 0.333333333333
[[  1.  26.  11.]
 [  0.  29.   3.]
 [  1.  24.   5.]]
cf_score, 23.0
ratio, 0.353535353535
[[  6.  27.   7.]
 [  0.  24.   1.]
 [  1.  30.   4.]]
cf_score, 26.0
ratio, 0.343434343434
[[  0.  26.  17.]
 [  0.  22.   5.]
 [  0.  21.   9.]]
cf_score, 14.0
ratio, 0.313131313131
[[  3.  24.  12.]
 [  0.  19.   4.]
 [  1.  27.  10.]]
cf_score, 19.0
ratio, 0.323232323232
[[  3.  22.   8.]
 [  0.  28.   4.]
 [  1.  23.  11.]]
cf_score, 33.0
ratio, 0.424242424242
[[  2.  21.   6.]
 [  0.  26.   5.]
 [  0.  31.   9.]]
cf_score, 31.0
ratio, 0.373737373737
[[  2.  24.  13.]
 [  0.  19.   4.]
 [  1.  28.   9.]]
cf_score, 16.0
ratio, 0.30303030303
[[  2.  21.  14.]
 [  0.  22.   8.]
 [  0.  27.   6.]]
cf_score, 16.0
ratio, 0.30303030303
[[  2.  24.   9.]
 [  0.  33.   4.]
 [  1.  20.   7.]]
cf_score, 32.0
ratio, 0.424242424242
[[  4.  22.   8.]
 [  0.  31.   8.]
 [  0.  21.   6.]]
cf_score, 33.0
ratio, 0.414141414141
[[  1.  25.   5.]
 [  0.  34.   7.]
 [  1.  18.   9.]]
cf_score, 38.0
ratio, 0.444444444444
[[  2.  27.  16.]
 [  0.  21.   7.]
 [  1.  20.   6.]]
cf_score, 12.0
ratio, 0.292929292929
[[  1.  20.  10.]
 [  0.  31.   3.]
 [  0.  29.   6.]]
cf_score, 28.0
ratio, 0.383838383838
[[  2.  31.   8.]
 [  0.  22.   4.]
 [  0.  27.   6.]]
cf_score, 22.0
ratio, 0.30303030303
[[  1.  24.  13.]
 [  0.  26.   4.]
 [  0.  24.   8.]]
cf_score, 22.0
ratio, 0.353535353535
[[  3.  23.   7.]
 [  0.  23.  10.]
 [  0.  26.   8.]]
cf_score, 27.0
ratio, 0.343434343434
[[  2.  22.   9.]
 [  0.  30.   5.]
 [  0.  26.   6.]]
cf_score, 29.0
ratio, 0.383838383838
[[  1.  30.   8.]
 [  0.  25.   4.]
 [  0.  22.  10.]]
cf_score, 28.0
ratio, 0.363636363636
[[  3.  18.  19.]
 [  0.  23.   2.]
 [  0.  22.  13.]]
cf_score, 20.0
ratio, 0.393939393939
[[  2.  23.  14.]
 [  0.  19.   7.]
 [  0.  28.   7.]]
cf_score, 14.0
ratio, 0.282828282828
[[  2.  26.   9.]
 [  0.  27.   3.]
 [  1.  24.   8.]]
cf_score, 27.0
ratio, 0.373737373737
[[  2.  22.  10.]
 [  0.  28.   4.]
 [  0.  26.   8.]]
cf_score, 28.0
ratio, 0.383838383838
[[  1.  18.  10.]
 [  0.  28.   3.]
 [  2.  29.   9.]]
cf_score, 26.0
ratio, 0.383838383838
[[  2.  25.  11.]
 [  0.  28.   5.]
 [  0.  22.   7.]]
cf_score, 26.0
ratio, 0.373737373737
[[  2.  22.  15.]
 [  0.  28.   2.]
 [  1.  22.   8.]]
cf_score, 22.0
ratio, 0.383838383838
[[  2.  19.  13.]
 [  0.  22.   8.]
 [  0.  25.  11.]]
cf_score, 22.0
ratio, 0.353535353535
[[  2.  27.  10.]
 [  0.  19.   4.]
 [  2.  27.   9.]]
cf_score, 18.0
ratio, 0.30303030303
[[  5.  20.  10.]
 [  0.  28.   3.]
 [  0.  28.   6.]]
cf_score, 29.0
ratio, 0.393939393939
[[  2.  24.  13.]
 [  0.  27.   4.]
 [  1.  23.   6.]]
cf_score, 21.0
ratio, 0.353535353535
[[  5.  27.   8.]
 [  0.  24.   2.]
 [  1.  22.  11.]]
cf_score, 31.0
ratio, 0.40404040404
[[  2.  21.   9.]
 [  0.  32.   0.]
 [  2.  22.  12.]]
cf_score, 35.0
ratio, 0.464646464646
[[  3.  25.  10.]
 [  0.  21.   8.]
 [  0.  22.  11.]]
cf_score, 25.0
ratio, 0.353535353535
[[  3.  26.   7.]
 [  0.  20.  12.]
 [  3.  21.   8.]]
cf_score, 21.0
ratio, 0.313131313131
