[[ 23.   3.   7.]
 [ 13.   9.   4.]
 [  4.  13.  24.]]
cf_score, 45.0
ratio, 0.565656565657
[[ 24.   0.   4.]
 [ 10.  10.   7.]
 [  6.  13.  26.]]
cf_score, 50.0
ratio, 0.606060606061
[[ 19.   8.   5.]
 [  6.  17.  13.]
 [  8.  11.  13.]]
cf_score, 36.0
ratio, 0.494949494949
[[ 22.   3.   2.]
 [  9.  15.  11.]
 [  6.  11.  21.]]
cf_score, 50.0
ratio, 0.585858585859
[[ 29.   3.   3.]
 [  9.  17.  10.]
 [  7.   6.  16.]]
cf_score, 52.0
ratio, 0.626262626263
[[ 22.   1.   6.]
 [  9.  12.   9.]
 [  3.  16.  22.]]
cf_score, 47.0
ratio, 0.565656565657
[[ 17.   7.   0.]
 [ 20.  14.   0.]
 [ 36.   6.   0.]]
cf_score, -5.0
ratio, 0.313131313131
[[  1.   9.  21.]
 [  0.   7.  20.]
 [  1.   8.  33.]]
cf_score, 19.0
ratio, 0.414141414141
[[  2.  12.  18.]
 [  0.   6.  26.]
 [  1.   6.  29.]]
cf_score, 18.0
ratio, 0.373737373737
[[  2.   6.  24.]
 [  0.  14.  24.]
 [  0.   6.  24.]]
cf_score, 16.0
ratio, 0.40404040404
[[  2.  10.  23.]
 [  3.  10.  22.]
 [  0.   4.  26.]]
cf_score, 15.0
ratio, 0.383838383838
[[  1.   7.  22.]
 [  1.   4.  31.]
 [  1.   1.  32.]]
cf_score, 14.0
ratio, 0.373737373737
[[  0.  25.   5.]
 [  2.  36.   1.]
 [  0.  12.  19.]]
cf_score, 50.0
ratio, 0.555555555556
[[  1.  22.   4.]
 [  0.  26.   4.]
 [  0.  18.  25.]]
cf_score, 48.0
ratio, 0.525252525253
[[  1.  23.   6.]
 [  1.  31.   5.]
 [  1.  14.  18.]]
cf_score, 43.0
ratio, 0.505050505051
[[  2.  27.   5.]
 [  2.  37.   1.]
 [  0.  17.   9.]]
cf_score, 43.0
ratio, 0.484848484848
[[  2.  24.   5.]
 [  0.  29.   0.]
 [  1.  20.  19.]]
cf_score, 44.0
ratio, 0.505050505051
[[  3.  30.   6.]
 [  1.  20.   4.]
 [  0.  18.  18.]]
cf_score, 35.0
ratio, 0.414141414141
[[  1.  25.   8.]
 [  1.  38.   3.]
 [  0.  13.  11.]]
cf_score, 42.0
ratio, 0.505050505051
[[  6.  21.   7.]
 [  4.  28.   5.]
 [  1.  14.  14.]]
cf_score, 40.0
ratio, 0.484848484848
[[  4.  28.   1.]
 [  1.  33.   3.]
 [  1.  15.  14.]]
cf_score, 49.0
ratio, 0.515151515152
[[  4.  15.   2.]
 [  6.  38.   2.]
 [  3.  14.  16.]]
cf_score, 53.0
ratio, 0.585858585859
[[  6.  24.   2.]
 [  3.  33.   2.]
 [  4.  14.  12.]]
cf_score, 45.0
ratio, 0.515151515152
[[  3.  24.   4.]
 [  0.  33.   3.]
 [  3.  15.  15.]]
cf_score, 44.0
ratio, 0.515151515152
[[  2.  25.   5.]
 [  2.  35.   1.]
 [  4.  15.  11.]]
cf_score, 39.0
ratio, 0.484848484848
[[  4.  20.   5.]
 [  1.  29.   2.]
 [  2.  28.   9.]]
cf_score, 35.0
ratio, 0.424242424242
[[  6.  22.   4.]
 [  3.  29.   4.]
 [  3.  20.   9.]]
cf_score, 37.0
ratio, 0.444444444444
[[  4.  23.   4.]
 [  1.  32.   2.]
 [  0.  19.  15.]]
cf_score, 47.0
ratio, 0.515151515152
[[  4.  23.   3.]
 [  1.  29.   2.]
 [  4.  14.  20.]]
cf_score, 46.0
ratio, 0.535353535354
[[  5.  22.   4.]
 [  3.  34.   1.]
 [  3.  14.  14.]]
cf_score, 46.0
ratio, 0.535353535354
[[  6.  23.   3.]
 [  1.  29.   0.]
 [  4.  18.  16.]]
cf_score, 44.0
ratio, 0.515151515152
[[  6.  33.   0.]
 [  2.  25.   2.]
 [  1.  22.   9.]]
cf_score, 39.0
ratio, 0.40404040404
[[  5.  23.   4.]
 [  1.  40.   2.]
 [  2.  14.   9.]]
cf_score, 48.0
ratio, 0.545454545455
[[  5.  24.   2.]
 [  2.  23.   0.]
 [  5.  26.  13.]]
cf_score, 34.0
ratio, 0.414141414141
[[  4.  23.   3.]
 [  1.  26.   2.]
 [  4.  27.  10.]]
cf_score, 33.0
ratio, 0.40404040404
[[  3.  23.   5.]
 [  0.  29.   2.]
 [  3.  24.  11.]]
cf_score, 35.0
ratio, 0.434343434343
[[  5.  18.   2.]
 [  1.  42.   2.]
 [  3.  20.   7.]]
cf_score, 49.0
ratio, 0.545454545455
[[  5.  26.   2.]
 [  1.  35.   1.]
 [  2.  15.  13.]]
cf_score, 49.0
ratio, 0.535353535354
[[  3.  20.   4.]
 [  0.  35.   1.]
 [  2.  22.  13.]]
cf_score, 45.0
ratio, 0.515151515152
[[  5.  25.   3.]
 [  4.  28.   1.]
 [  5.  17.  12.]]
cf_score, 37.0
ratio, 0.454545454545
[[  3.  28.   2.]
 [  0.  38.   3.]
 [  3.  11.  12.]]
cf_score, 48.0
ratio, 0.535353535354
[[  6.  24.   2.]
 [  2.  36.   1.]
 [  4.  13.  12.]]
cf_score, 48.0
ratio, 0.545454545455
[[  6.  27.   2.]
 [  1.  31.   1.]
 [  0.  18.  14.]]
cf_score, 49.0
ratio, 0.515151515152
[[  6.  20.   1.]
 [  2.  27.   2.]
 [  2.  30.  10.]]
cf_score, 40.0
ratio, 0.434343434343
[[  7.  27.   6.]
 [  1.  29.   2.]
 [  0.  15.  13.]]
cf_score, 43.0
ratio, 0.494949494949
[[  2.  27.   1.]
 [  2.  25.   4.]
 [  7.  18.  14.]]
cf_score, 33.0
ratio, 0.414141414141
[[  3.  16.   1.]
 [  1.  37.   2.]
 [  7.  21.  12.]]
cf_score, 44.0
ratio, 0.525252525253
[[  9.  26.   3.]
 [  2.  28.   0.]
 [  0.  19.  13.]]
cf_score, 47.0
ratio, 0.505050505051
[[  3.  30.   3.]
 [  1.  34.   1.]
 [  3.  18.   7.]]
cf_score, 38.0
ratio, 0.444444444444
[[  3.  24.   1.]
 [  0.  38.   3.]
 [  4.  13.  14.]]
cf_score, 50.0
ratio, 0.555555555556
[[ 11.  17.   3.]
 [  1.  25.   1.]
 [  4.  20.  18.]]
cf_score, 47.0
ratio, 0.545454545455
[[  8.  22.   1.]
 [  3.  29.   1.]
 [  3.  22.  11.]]
cf_score, 44.0
ratio, 0.484848484848
[[  9.  29.   3.]
 [  1.  24.   1.]
 [  7.  17.   9.]]
cf_score, 32.0
ratio, 0.424242424242
[[  3.  17.   0.]
 [  1.  41.   3.]
 [  1.  18.  16.]]
cf_score, 59.0
ratio, 0.606060606061
[[  1.  21.   2.]
 [  1.  33.   3.]
 [  3.  20.  16.]]
cf_score, 45.0
ratio, 0.505050505051
[[  3.  24.   3.]
 [  2.  31.   0.]
 [  3.  24.  10.]]
cf_score, 38.0
ratio, 0.444444444444
[[  8.  19.   1.]
 [  2.  31.   0.]
 [  4.  16.  19.]]
cf_score, 53.0
ratio, 0.585858585859
[[  6.  24.   3.]
 [  2.  28.   4.]
 [  4.  12.  17.]]
cf_score, 44.0
ratio, 0.515151515152
[[  3.  15.   3.]
 [  2.  32.   3.]
 [  2.  29.  11.]]
cf_score, 41.0
ratio, 0.464646464646
[[  0.  28.   2.]
 [  4.  32.   2.]
 [  3.  11.  18.]]
cf_score, 45.0
ratio, 0.505050505051
[[  4.  30.   2.]
 [  1.  26.   3.]
 [  1.  20.  13.]]
cf_score, 40.0
ratio, 0.434343434343
[[  6.  18.   3.]
 [  0.  33.   2.]
 [  1.  24.  13.]]
cf_score, 48.0
ratio, 0.525252525253
[[  5.  18.   0.]
 [  2.  43.   1.]
 [  4.  13.  14.]]
cf_score, 58.0
ratio, 0.626262626263
[[  5.  28.   2.]
 [  1.  30.   2.]
 [  5.  15.  12.]]
cf_score, 40.0
ratio, 0.474747474747
[[  4.  22.   3.]
 [  2.  29.   0.]
 [  4.  29.   7.]]
cf_score, 33.0
ratio, 0.40404040404
[[  4.  22.   4.]
 [  1.  30.   4.]
 [  1.  17.  17.]]
cf_score, 46.0
ratio, 0.515151515152
[[  5.  20.   4.]
 [  3.  29.   4.]
 [  3.  19.  13.]]
cf_score, 40.0
ratio, 0.474747474747
[[  4.  31.   2.]
 [  1.  24.   0.]
 [  3.  22.  13.]]
cf_score, 36.0
ratio, 0.414141414141
[[  4.  29.   4.]
 [  2.  33.   1.]
 [  3.  14.  10.]]
cf_score, 40.0
ratio, 0.474747474747
[[  3.  28.   2.]
 [  1.  37.   2.]
 [  5.  13.   9.]]
cf_score, 42.0
ratio, 0.494949494949
[[  6.  31.   3.]
 [  0.  28.   0.]
 [  1.  20.  11.]]
cf_score, 41.0
ratio, 0.454545454545
[[  1.  20.   2.]
 [  2.  34.   1.]
 [  3.  14.  23.]]
cf_score, 53.0
ratio, 0.585858585859
[[  6.  25.   4.]
 [  3.  27.   1.]
 [  1.  17.  16.]]
cf_score, 44.0
ratio, 0.494949494949
[[  3.  21.   3.]
 [  2.  27.   0.]
 [  4.  24.  16.]]
cf_score, 39.0
ratio, 0.464646464646
[[  7.  20.   3.]
 [  2.  35.   1.]
 [  4.  18.  10.]]
cf_score, 45.0
ratio, 0.525252525253
[[  7.  21.   3.]
 [  2.  25.   3.]
 [  4.  24.  11.]]
cf_score, 36.0
ratio, 0.434343434343
[[ 10.  23.   1.]
 [  3.  32.   5.]
 [  3.  13.  10.]]
cf_score, 48.0
ratio, 0.525252525253
[[  1.  26.   4.]
 [  0.  39.   1.]
 [  1.  11.  17.]]
cf_score, 52.0
ratio, 0.575757575758
[[  5.  25.   5.]
 [  2.  28.   3.]
 [  0.  16.  16.]]
cf_score, 44.0
ratio, 0.494949494949
[[  4.  15.   4.]
 [  1.  35.   2.]
 [  5.  20.  14.]]
cf_score, 44.0
ratio, 0.535353535354
[[  6.  24.   5.]
 [  2.  36.   0.]
 [  1.  13.  13.]]
cf_score, 49.0
ratio, 0.555555555556
[[  5.  21.   3.]
 [  3.  32.   0.]
 [  3.  22.  11.]]
cf_score, 42.0
ratio, 0.484848484848
[[  7.  25.   6.]
 [  3.  28.   1.]
 [  6.   9.  15.]]
cf_score, 38.0
ratio, 0.505050505051
[[  4.  14.   3.]
 [  2.  39.   1.]
 [  2.  16.  19.]]
cf_score, 57.0
ratio, 0.626262626263
[[  2.  26.   1.]
 [  0.  37.   3.]
 [  4.  14.  13.]]
cf_score, 47.0
ratio, 0.525252525253
[[  0.  23.   4.]
 [  1.  26.   2.]
 [  4.  21.  19.]]
cf_score, 37.0
ratio, 0.454545454545
[[  4.  27.   2.]
 [  1.  26.   0.]
 [  5.  15.  20.]]
cf_score, 43.0
ratio, 0.505050505051
[[  2.  22.   4.]
 [  4.  33.   2.]
 [  3.  17.  13.]]
cf_score, 41.0
ratio, 0.484848484848
[[  1.  36.   4.]
 [  0.  33.   1.]
 [  0.  12.  13.]]
cf_score, 43.0
ratio, 0.474747474747
[[  4.  22.   2.]
 [  2.  30.   4.]
 [  5.  20.  11.]]
cf_score, 38.0
ratio, 0.454545454545
[[  6.  26.   2.]
 [  3.  29.   1.]
 [  2.  15.  16.]]
cf_score, 47.0
ratio, 0.515151515152
[[  4.  17.   5.]
 [  2.  31.   2.]
 [  5.  18.  16.]]
cf_score, 41.0
ratio, 0.515151515152
[[  7.  20.   4.]
 [  2.  31.   0.]
 [  5.  21.  10.]]
cf_score, 39.0
ratio, 0.484848484848
[[  6.  33.   2.]
 [  1.  25.   2.]
 [  4.  13.  14.]]
cf_score, 39.0
ratio, 0.454545454545
[[  5.  23.   5.]
 [  3.  29.   2.]
 [  1.  21.  11.]]
cf_score, 39.0
ratio, 0.454545454545
[[  5.  24.   2.]
 [  1.  33.   2.]
 [  3.  19.  11.]]
cf_score, 44.0
ratio, 0.494949494949
[[  4.  29.   1.]
 [  2.  32.   2.]
 [  3.  17.  10.]]
cf_score, 42.0
ratio, 0.464646464646
[[  4.  22.   1.]
 [  2.  41.   1.]
 [  3.  10.  16.]]
cf_score, 57.0
ratio, 0.616161616162
[[  5.  24.   7.]
 [  1.  28.   0.]
 [  6.  18.  11.]]
cf_score, 31.0
ratio, 0.444444444444
[[  5.  21.   3.]
 [  0.  39.   4.]
 [  1.  19.   8.]]
cf_score, 48.0
ratio, 0.525252525253
[[  3.  25.   4.]
 [  2.  36.   2.]
 [  3.  17.   8.]]
cf_score, 40.0
ratio, 0.474747474747
[[  5.  16.   4.]
 [  2.  38.   1.]
 [  4.  17.  13.]]
cf_score, 48.0
ratio, 0.565656565657
[[  4.  22.   1.]
 [  0.  29.   4.]
 [  7.  21.  12.]]
cf_score, 37.0
ratio, 0.454545454545
[[ 11.  22.   2.]
 [  4.  23.   1.]
 [  5.  18.  14.]]
cf_score, 41.0
ratio, 0.484848484848
[[  3.  16.   6.]
 [  1.  34.   1.]
 [  6.  19.  14.]]
cf_score, 39.0
ratio, 0.515151515152
[[  7.  20.   1.]
 [  0.  37.   1.]
 [  1.  22.  11.]]
cf_score, 53.0
ratio, 0.555555555556
[[  4.  24.   3.]
 [  3.  33.   0.]
 [  3.  15.  15.]]
cf_score, 46.0
ratio, 0.525252525253
[[  4.  25.   3.]
 [  1.  36.   1.]
 [  4.  17.   9.]]
cf_score, 42.0
ratio, 0.494949494949
[[  2.  23.   0.]
 [  4.  32.   2.]
 [  3.  18.  16.]]
cf_score, 47.0
ratio, 0.505050505051
[[  3.  20.   4.]
 [  1.  35.   0.]
 [  4.  20.  13.]]
cf_score, 43.0
ratio, 0.515151515152
[[  2.  29.   2.]
 [  0.  34.   2.]
 [  3.  13.  15.]]
cf_score, 46.0
ratio, 0.515151515152
[[  4.  24.   3.]
 [  0.  31.   2.]
 [  3.  17.  16.]]
cf_score, 45.0
ratio, 0.515151515152
[[  5.  25.   2.]
 [  0.  32.   2.]
 [  7.  15.  12.]]
cf_score, 40.0
ratio, 0.494949494949
[[  5.  25.   2.]
 [  5.  28.   1.]
 [  6.  16.  12.]]
cf_score, 37.0
ratio, 0.454545454545
[[  1.  14.   3.]
 [  2.  39.   1.]
 [  6.  22.  12.]]
cf_score, 43.0
ratio, 0.525252525253
[[ 10.  20.   1.]
 [  1.  38.   1.]
 [  7.  14.   8.]]
cf_score, 48.0
nv_score, 5.0
ratio, 0.565656565657
[[  187.   946.   123.]
 [   86.  1359.    52.]
 [  166.   746.   496.]]
cf_score, 1753.0
nv_score, 198.0
ratio, 0.490865384615
[[  201.  1001.   122.]
 [   94.  1327.    67.]
 [  145.   706.   498.]]
cf_score, 1759.0
nv_score, 187.0
ratio, 0.487019230769
[[  205.   955.   116.]
 [   76.  1290.    63.]
 [  160.   764.   532.]]
cf_score, 1751.0
nv_score, 237.0
ratio, 0.487259615385
