[[ 35.   0.   0.]
 [ 29.   0.   0.]
 [ 36.   0.   0.]]
cf_score, -1.0
nv_score, 0.0
ratio, 0.353535353535
[[ 19.   7.   0.]
 [ 30.  12.   0.]
 [ 22.  10.   0.]]
cf_score, 9.0
nv_score, 0.0
ratio, 0.313131313131
[[  1.  20.   9.]
 [  0.  21.  11.]
 [  2.  25.  11.]]
cf_score, 22.0
nv_score, -18.0
ratio, 0.333333333333
[[  5.  23.   0.]
 [  3.  27.   5.]
 [  7.  25.   5.]]
cf_score, 30.0
nv_score, 0.0
ratio, 0.373737373737
[[  2.  27.   3.]
 [  3.  23.   8.]
 [  6.  24.   4.]]
cf_score, 20.0
nv_score, -10.0
ratio, 0.292929292929
[[  1.  19.   8.]
 [  5.  20.   7.]
 [  9.  20.  11.]]
cf_score, 15.0
nv_score, -12.0
ratio, 0.323232323232
[[  2.  19.   9.]
 [  2.  17.  10.]
 [  2.  24.  15.]]
cf_score, 23.0
nv_score, -13.0
ratio, 0.343434343434
[[  1.  25.   9.]
 [  0.  25.   9.]
 [  2.  13.  16.]]
cf_score, 31.0
nv_score, -11.0
ratio, 0.424242424242
[[  1.  17.   5.]
 [  0.  39.   6.]
 [  2.  23.   7.]]
cf_score, 40.0
nv_score, -9.0
ratio, 0.474747474747
[[  2.  24.   7.]
 [  1.  23.   7.]
 [  4.  21.  11.]]
cf_score, 25.0
nv_score, -10.0
ratio, 0.363636363636
[[  4.  22.   4.]
 [  1.  26.  14.]
 [  4.  14.  11.]]
cf_score, 33.0
nv_score, -11.0
ratio, 0.414141414141
[[  2.  20.   9.]
 [  4.  19.  13.]
 [  7.  15.  11.]]
cf_score, 16.0
nv_score, -20.0
ratio, 0.323232323232
[[  1.  22.   7.]
 [  0.  22.   9.]
 [  1.  19.  19.]]
cf_score, 34.0
nv_score, -4.0
ratio, 0.424242424242
[[  0.  22.   7.]
 [  0.  24.  12.]
 [  0.  18.  17.]]
cf_score, 34.0
nv_score, -9.0
ratio, 0.414141414141
[[  0.  21.   9.]
 [  0.  21.  13.]
 [  0.  25.  11.]]
cf_score, 23.0
nv_score, -20.0
ratio, 0.323232323232
[[  0.  25.   3.]
 [  0.  29.  11.]
 [  0.  20.  12.]]
cf_score, 38.0
nv_score, -5.0
ratio, 0.414141414141
[[  5.  19.   7.]
 [  3.  31.  11.]
 [  3.  11.  10.]]
cf_score, 36.0
nv_score, -15.0
ratio, 0.464646464646
[[  5.  29.   1.]
 [  6.  19.   5.]
 [  3.  21.  11.]]
cf_score, 31.0
nv_score, 4.0
ratio, 0.353535353535
[[  1.  26.   1.]
 [  1.  20.  14.]
 [  1.  29.   7.]]
cf_score, 26.0
nv_score, -9.0
ratio, 0.282828282828
[[  5.  13.  11.]
 [  2.  13.  11.]
 [ 10.  15.  20.]]
cf_score, 17.0
nv_score, -13.0
ratio, 0.383838383838
[[  2.  20.   6.]
 [  0.  20.  10.]
 [  9.  18.  15.]]
cf_score, 22.0
nv_score, -7.0
ratio, 0.373737373737
[[  2.  17.   7.]
 [  3.  27.  14.]
 [  4.  19.   7.]]
cf_score, 25.0
nv_score, -21.0
ratio, 0.363636363636
[[  0.  15.  10.]
 [  0.  26.  13.]
 [  2.  19.  15.]]
cf_score, 29.0
nv_score, -18.0
ratio, 0.414141414141
[[  4.  19.  11.]
 [  0.  22.  15.]
 [  4.  15.  10.]]
cf_score, 21.0
nv_score, -27.0
ratio, 0.363636363636
[[  4.  19.   5.]
 [  4.  23.  14.]
 [  6.  15.  10.]]
cf_score, 26.0
nv_score, -14.0
ratio, 0.373737373737
[[  7.  13.   7.]
 [  5.  18.   9.]
 [  3.  16.  22.]]
cf_score, 37.0
nv_score, -1.0
ratio, 0.474747474747
[[  9.  17.   0.]
 [ 15.  20.   2.]
 [ 13.  18.   6.]]
cf_score, 22.0
nv_score, 4.0
ratio, 0.353535353535
[[  6.  20.   5.]
 [  1.  18.  12.]
 [  2.  12.  24.]]
cf_score, 41.0
nv_score, 2.0
ratio, 0.484848484848
[[  9.  19.   0.]
 [ 11.  26.   0.]
 [ 19.  16.   0.]]
cf_score, 16.0
nv_score, 0.0
ratio, 0.353535353535
[[ 19.  21.   0.]
 [ 12.  17.   0.]
 [ 15.  16.   0.]]
cf_score, 21.0
nv_score, 0.0
ratio, 0.363636363636
[[ 14.  22.   0.]
 [ 11.  21.   0.]
 [ 16.  16.   0.]]
cf_score, 19.0
nv_score, 0.0
ratio, 0.353535353535
[[ 11.  18.   0.]
 [  7.  22.   0.]
 [ 19.  23.   0.]]
cf_score, 14.0
nv_score, 0.0
ratio, 0.333333333333
[[  5.  15.   9.]
 [  2.  25.  12.]
 [  5.  17.  10.]]
cf_score, 26.0
nv_score, -20.0
ratio, 0.40404040404
[[  9.  18.   0.]
 [ 10.  18.   0.]
 [ 24.  21.   0.]]
cf_score, 3.0
nv_score, 0.0
ratio, 0.272727272727
[[ 11.  16.   0.]
 [  9.  20.   0.]
 [ 32.  12.   0.]]
cf_score, -1.0
nv_score, 0.0
ratio, 0.313131313131
[[ 20.  13.   0.]
 [ 16.  19.   0.]
 [ 21.  11.   0.]]
cf_score, 18.0
nv_score, 0.0
ratio, 0.393939393939
[[ 12.  26.   0.]
 [  8.  26.   0.]
 [  8.  20.   0.]]
cf_score, 30.0
nv_score, 0.0
ratio, 0.383838383838
[[ 15.  13.   0.]
 [ 12.  23.   0.]
 [ 20.  17.   0.]]
cf_score, 18.0
nv_score, 0.0
ratio, 0.383838383838
[[ 14.  19.   0.]
 [ 13.  27.   0.]
 [ 17.  10.   0.]]
cf_score, 24.0
nv_score, 0.0
ratio, 0.414141414141
[[  7.  23.  11.]
 [  3.  25.   1.]
 [  8.  21.   1.]]
cf_score, 14.0
nv_score, -22.0
ratio, 0.333333333333
[[ 12.  16.   0.]
 [ 21.  14.   0.]
 [ 29.   8.   0.]]
cf_score, -3.0
nv_score, 0.0
ratio, 0.262626262626
[[  4.  14.   3.]
 [  7.  23.   6.]
 [ 14.  23.   6.]]
cf_score, 16.0
nv_score, -6.0
ratio, 0.333333333333
[[ 13.  16.   2.]
 [  5.  29.   4.]
 [ 10.  18.   3.]]
cf_score, 33.0
nv_score, -5.0
ratio, 0.454545454545
[[ 11.  20.   7.]
 [  7.  22.   2.]
 [ 10.  18.   3.]]
cf_score, 19.0
nv_score, -13.0
ratio, 0.363636363636
[[ 16.  12.   0.]
 [ 14.  23.   0.]
 [ 21.  14.   0.]]
cf_score, 18.0
nv_score, 0.0
ratio, 0.393939393939
[[ 10.  21.   0.]
 [  7.  27.   0.]
 [ 11.  24.   0.]]
cf_score, 26.0
nv_score, 0.0
ratio, 0.373737373737
[[ 14.  18.   0.]
 [ 11.  22.   0.]
 [ 26.   9.   0.]]
cf_score, 10.0
nv_score, 0.0
ratio, 0.363636363636
[[ 13.  18.   0.]
 [ 15.  21.   0.]
 [ 15.  18.   0.]]
cf_score, 19.0
nv_score, 0.0
ratio, 0.343434343434
[[ 15.  14.   0.]
 [  4.  29.   0.]
 [ 18.  20.   0.]]
cf_score, 26.0
nv_score, 0.0
ratio, 0.444444444444
[[ 10.  24.   0.]
 [  9.  20.   0.]
 [ 23.  14.   0.]]
cf_score, 7.0
nv_score, 0.0
ratio, 0.30303030303
