[[ 22.   0.   8.]
 [ 35.   0.   6.]
 [ 27.   0.   2.]]
cf_score, -11.0
ratio, 0.242424242424
[[ 20.   3.   5.]
 [ 28.   5.   6.]
 [ 20.   5.   8.]]
cf_score, 8.0
ratio, 0.333333333333
[[ 26.   2.   3.]
 [ 23.   2.   6.]
 [ 21.   6.  11.]]
cf_score, 15.0
ratio, 0.393939393939
[[ 22.   2.   6.]
 [ 20.   1.   6.]
 [ 29.   4.  10.]]
cf_score, -2.0
ratio, 0.333333333333
[[ 35.   1.   2.]
 [ 28.   3.   3.]
 [ 16.   2.  10.]]
cf_score, 30.0
ratio, 0.484848484848
[[ 24.   0.   2.]
 [ 31.   0.   6.]
 [ 27.   0.  10.]]
cf_score, 5.0
ratio, 0.343434343434
[[ 28.   0.   9.]
 [ 19.   0.   7.]
 [ 25.   1.  11.]]
cf_score, 5.0
ratio, 0.393939393939
[[ 20.   0.   6.]
 [ 31.   3.   5.]
 [ 28.   1.   6.]]
cf_score, -5.0
ratio, 0.292929292929
[[ 24.   3.   4.]
 [ 32.   2.  10.]
 [ 14.   4.   7.]]
cf_score, 15.0
ratio, 0.333333333333
[[ 26.   2.   2.]
 [ 27.   4.   9.]
 [ 19.   3.   8.]]
cf_score, 17.0
ratio, 0.383838383838
[[ 28.   4.   4.]
 [ 25.   2.  10.]
 [ 21.   4.   2.]]
cf_score, 7.0
ratio, 0.323232323232
[[ 29.   1.   1.]
 [ 27.   4.   7.]
 [ 22.   0.   9.]]
cf_score, 19.0
ratio, 0.424242424242
[[ 22.   0.   6.]
 [ 28.   1.  10.]
 [ 21.   1.  11.]]
cf_score, 7.0
ratio, 0.343434343434
[[ 29.   1.   3.]
 [ 22.   1.  11.]
 [ 26.   3.   4.]]
cf_score, 5.0
ratio, 0.343434343434
[[ 32.   0.   3.]
 [ 28.   4.   5.]
 [ 20.   3.   5.]]
cf_score, 18.0
ratio, 0.414141414141
[[ 28.   1.  10.]
 [ 26.   0.   7.]
 [ 21.   0.   7.]]
cf_score, 4.0
ratio, 0.353535353535
[[ 32.   1.   7.]
 [ 22.   1.  10.]
 [ 19.   4.   4.]]
cf_score, 11.0
ratio, 0.373737373737
[[ 26.   4.   4.]
 [ 26.   2.   8.]
 [ 21.   2.   7.]]
cf_score, 10.0
ratio, 0.353535353535
[[ 31.   4.   2.]
 [ 21.   6.   7.]
 [ 21.   3.   5.]]
cf_score, 19.0
ratio, 0.424242424242
[[ 25.   0.   9.]
 [ 31.   2.   8.]
 [ 17.   1.   7.]]
cf_score, 8.0
ratio, 0.343434343434
[[ 25.   0.   9.]
 [ 29.   2.   8.]
 [ 20.   2.   5.]]
cf_score, 3.0
ratio, 0.323232323232
[[ 19.   2.   6.]
 [ 27.   3.  11.]
 [ 21.   2.   9.]]
cf_score, 4.0
ratio, 0.313131313131
[[ 28.   0.   3.]
 [ 22.   1.   9.]
 [ 29.   2.   6.]]
cf_score, 3.0
ratio, 0.353535353535
[[ 32.   4.   0.]
 [ 35.   1.   5.]
 [ 15.   1.   7.]]
cf_score, 25.0
ratio, 0.40404040404
[[ 19.   2.   4.]
 [ 27.   0.   8.]
 [ 32.   3.   5.]]
cf_score, -12.0
ratio, 0.242424242424
[[ 27.   1.   6.]
 [ 23.   3.   8.]
 [ 24.   1.   7.]]
cf_score, 7.0
ratio, 0.373737373737
[[ 34.   2.   2.]
 [ 21.   4.   6.]
 [ 19.   3.   9.]]
cf_score, 26.0
ratio, 0.474747474747
[[ 25.   0.   8.]
 [ 21.   2.   7.]
 [ 30.   1.   6.]]
cf_score, -5.0
ratio, 0.333333333333
[[ 19.   1.   5.]
 [ 31.   4.   2.]
 [ 27.   2.   9.]]
cf_score, 0.0
ratio, 0.323232323232
[[ 28.   0.   5.]
 [ 19.   3.   8.]
 [ 30.   3.   4.]]
cf_score, 0.0
ratio, 0.353535353535
[[ 27.   0.   1.]
 [ 23.   1.  11.]
 [ 26.   5.   6.]]
cf_score, 7.0
ratio, 0.343434343434
[[ 17.   4.   5.]
 [ 23.   2.   7.]
 [ 23.  13.   6.]]
cf_score, -3.0
ratio, 0.252525252525
[[ 24.   5.   6.]
 [ 20.   4.   4.]
 [ 21.   8.   8.]]
cf_score, 9.0
ratio, 0.363636363636
[[ 18.   5.   6.]
 [ 23.   1.  10.]
 [ 26.   4.   7.]]
cf_score, -6.0
ratio, 0.262626262626
[[ 23.   4.   4.]
 [ 34.   2.   2.]
 [ 19.   2.  10.]]
cf_score, 12.0
ratio, 0.353535353535
[[ 29.   2.   4.]
 [ 19.   2.   9.]
 [ 27.   2.   6.]]
cf_score, 6.0
ratio, 0.373737373737
[[ 27.   3.   3.]
 [ 16.   4.  11.]
 [ 28.   3.   5.]]
cf_score, 5.0
ratio, 0.363636363636
[[ 24.   1.   3.]
 [ 29.   0.   6.]
 [ 30.   0.   7.]]
cf_score, -2.0
ratio, 0.313131313131
[[ 20.   2.   8.]
 [ 24.   1.   3.]
 [ 32.   1.   9.]]
cf_score, -10.0
ratio, 0.30303030303
[[ 29.   3.   4.]
 [ 28.   7.   7.]
 [ 14.   3.   5.]]
cf_score, 23.0
ratio, 0.414141414141
[[ 26.   3.   5.]
 [ 21.   2.  12.]
 [ 21.   4.   6.]]
cf_score, 8.0
ratio, 0.343434343434
[[ 19.   0.   4.]
 [ 35.   3.   3.]
 [ 28.   0.   8.]]
cf_score, -2.0
ratio, 0.30303030303
[[ 23.   1.   5.]
 [ 36.   2.   5.]
 [ 23.   2.   3.]]
cf_score, 0.0
ratio, 0.282828282828
[[ 25.   4.   1.]
 [ 29.   5.  11.]
 [ 15.   4.   6.]]
cf_score, 20.0
ratio, 0.363636363636
[[ 31.   3.   3.]
 [ 18.   3.  12.]
 [ 18.   5.   7.]]
cf_score, 20.0
ratio, 0.414141414141
[[ 15.   2.   0.]
 [ 37.   0.  11.]
 [ 24.   3.   8.]]
cf_score, -1.0
ratio, 0.232323232323
[[ 20.   5.   3.]
 [ 24.   4.   9.]
 [ 18.   5.  12.]]
cf_score, 15.0
ratio, 0.363636363636
[[ 31.   1.   8.]
 [ 28.   0.   5.]
 [ 13.   5.   9.]]
cf_score, 19.0
ratio, 0.40404040404
[[ 25.   1.   7.]
 [ 21.   3.   7.]
 [ 29.   2.   5.]]
cf_score, -3.0
ratio, 0.333333333333
[[ 23.   4.   5.]
 [ 24.   2.   8.]
 [ 19.   5.  10.]]
cf_score, 11.0
ratio, 0.353535353535
[[ 25.   2.   4.]
 [ 32.   5.   6.]
 [ 12.   5.   9.]]
cf_score, 23.0
ratio, 0.393939393939
[[ 15.   4.   5.]
 [ 27.   2.   7.]
 [ 14.  10.  16.]]
cf_score, 14.0
ratio, 0.333333333333
[[ 25.   6.   7.]
 [ 26.   4.   2.]
 [ 18.   8.   4.]]
cf_score, 8.0
ratio, 0.333333333333
[[ 21.   4.   5.]
 [ 27.   3.   8.]
 [ 19.   4.   9.]]
cf_score, 9.0
ratio, 0.333333333333
[[ 26.   1.   7.]
 [ 22.   2.   5.]
 [ 26.   2.   9.]]
cf_score, 4.0
ratio, 0.373737373737
[[ 30.   6.   6.]
 [ 20.   6.   2.]
 [ 16.   7.   7.]]
cf_score, 21.0
ratio, 0.434343434343
[[ 20.   3.   6.]
 [ 30.   2.   4.]
 [ 25.   3.   7.]]
cf_score, -2.0
ratio, 0.292929292929
[[ 18.   4.   5.]
 [ 24.   5.   6.]
 [ 25.   8.   5.]]
cf_score, -2.0
ratio, 0.282828282828
[[ 12.   3.   6.]
 [ 28.   4.  11.]
 [ 15.   9.  12.]]
cf_score, 7.0
ratio, 0.282828282828
[[ 31.   3.   3.]
 [ 17.   2.   9.]
 [ 26.   5.   4.]]
cf_score, 8.0
ratio, 0.373737373737
[[ 23.   4.   5.]
 [ 22.   4.   6.]
 [ 21.   7.   8.]]
cf_score, 9.0
ratio, 0.353535353535
[[ 20.   2.   5.]
 [ 24.   3.   7.]
 [ 24.   8.   7.]]
cf_score, 1.0
ratio, 0.30303030303
[[ 20.   7.   6.]
 [ 27.   9.   7.]
 [ 17.   3.   4.]]
cf_score, 10.0
ratio, 0.333333333333
[[ 16.   6.   6.]
 [ 28.   7.   5.]
 [ 11.  11.  10.]]
cf_score, 16.0
ratio, 0.333333333333
[[ 20.   5.   6.]
 [ 23.   6.   9.]
 [ 16.   5.  10.]]
cf_score, 14.0
ratio, 0.363636363636
[[ 24.   4.   6.]
 [ 21.   2.   5.]
 [ 30.   5.   3.]]
cf_score, -7.0
ratio, 0.292929292929
[[ 25.   3.   3.]
 [ 29.   4.   6.]
 [ 19.   7.   4.]]
cf_score, 11.0
ratio, 0.333333333333
[[ 24.   6.   3.]
 [ 22.   5.   7.]
 [ 16.  13.   4.]]
cf_score, 14.0
ratio, 0.333333333333
[[ 20.   5.   5.]
 [ 27.   2.  10.]
 [ 11.  10.  10.]]
cf_score, 16.0
ratio, 0.323232323232
[[ 18.   9.   3.]
 [ 19.   5.   7.]
 [ 17.  14.   8.]]
cf_score, 11.0
ratio, 0.313131313131
[[ 29.   5.   6.]
 [ 24.   3.   4.]
 [ 20.   4.   5.]]
cf_score, 11.0
ratio, 0.373737373737
[[ 24.   3.   2.]
 [ 26.   1.   8.]
 [ 21.  11.   4.]]
cf_score, 6.0
ratio, 0.292929292929
[[ 28.   7.   2.]
 [ 29.   2.   5.]
 [ 16.   5.   6.]]
cf_score, 18.0
ratio, 0.363636363636
[[ 18.   3.   2.]
 [ 26.   5.   9.]
 [ 19.  12.   6.]]
cf_score, 8.0
ratio, 0.292929292929
[[ 27.   3.   4.]
 [ 24.   2.  13.]
 [ 12.   8.   7.]]
cf_score, 20.0
ratio, 0.363636363636
[[ 17.  10.   4.]
 [ 19.   4.   9.]
 [ 15.  11.  11.]]
cf_score, 13.0
ratio, 0.323232323232
[[ 14.  11.   7.]
 [ 22.   3.  12.]
 [ 13.   9.   9.]]
cf_score, 6.0
ratio, 0.262626262626
[[ 26.   3.   3.]
 [ 15.   2.   8.]
 [ 22.  11.  10.]]
cf_score, 13.0
ratio, 0.383838383838
[[ 17.   1.  10.]
 [ 26.   2.  14.]
 [ 16.   2.  12.]]
cf_score, 5.0
ratio, 0.313131313131
[[ 20.   7.   5.]
 [ 27.   3.   5.]
 [ 14.   8.  11.]]
cf_score, 15.0
ratio, 0.343434343434
[[ 23.   6.   4.]
 [ 29.   2.  12.]
 [ 15.   4.   5.]]
cf_score, 11.0
ratio, 0.30303030303
[[ 18.   6.   7.]
 [ 23.   4.   9.]
 [ 20.   6.   7.]]
cf_score, 2.0
ratio, 0.292929292929
[[ 24.   0.   6.]
 [ 34.   0.   4.]
 [ 17.   0.  15.]]
cf_score, 16.0
ratio, 0.393939393939
[[ 15.   9.   7.]
 [ 19.   3.  15.]
 [ 22.   5.   5.]]
cf_score, -6.0
ratio, 0.232323232323
[[ 24.   1.   4.]
 [ 25.   7.   8.]
 [ 19.   5.   7.]]
cf_score, 15.0
ratio, 0.383838383838
[[ 19.  23.   2.]
 [ 17.   4.   6.]
 [  8.  15.   6.]]
cf_score, 19.0
ratio, 0.292929292929
[[ 26.   2.   4.]
 [ 23.   2.  11.]
 [ 20.   5.   7.]]
cf_score, 11.0
ratio, 0.353535353535
[[ 22.   1.   3.]
 [ 34.   0.   5.]
 [ 24.   3.   8.]]
cf_score, 3.0
ratio, 0.30303030303
[[ 22.   1.   7.]
 [ 19.   1.   8.]
 [ 31.   1.  10.]]
cf_score, -5.0
ratio, 0.333333333333
[[ 31.   1.   8.]
 [ 21.   0.   9.]
 [ 22.   0.   8.]]
cf_score, 9.0
ratio, 0.393939393939
[[  5.  19.   6.]
 [  7.  11.  12.]
 [  6.  21.  13.]]
cf_score, 17.0
ratio, 0.292929292929
[[ 14.  16.   2.]
 [ 10.  14.   5.]
 [ 11.  21.   7.]]
cf_score, 22.0
ratio, 0.353535353535
[[ 19.   2.   6.]
 [  9.  11.   9.]
 [ 20.  11.  13.]]
cf_score, 17.0
ratio, 0.434343434343
[[ 21.   5.   1.]
 [ 23.   8.   3.]
 [ 23.   5.  11.]]
cf_score, 16.0
ratio, 0.40404040404
[[ 13.  13.   5.]
 [ 18.  14.   3.]
 [ 11.  18.   5.]]
cf_score, 16.0
ratio, 0.323232323232
[[ 25.   4.   7.]
 [ 13.  12.   8.]
 [ 14.   9.   8.]]
cf_score, 24.0
ratio, 0.454545454545
[[ 13.   8.   6.]
 [ 31.  12.   1.]
 [  9.  11.   9.]]
cf_score, 19.0
ratio, 0.343434343434
[[ 16.   6.   3.]
 [ 22.   4.   6.]
 [ 16.  14.  13.]]
cf_score, 14.0
ratio, 0.333333333333
[[ 16.   7.   4.]
 [ 17.   7.  10.]
 [ 21.   9.   9.]]
cf_score, 7.0
ratio, 0.323232323232
[[ 17.   8.   8.]
 [ 11.  20.   9.]
 [ 16.   4.   7.]]
cf_score, 20.0
ratio, 0.444444444444
