[[  0.  20.  12.]
 [  0.  24.   3.]
 [  0.  18.  23.]]
cf_score, 35.0
nv_score, -4.0
ratio, 0.474747474747
[[ 28.   0.  11.]
 [ 19.   0.  12.]
 [ 11.   0.  19.]]
cf_score, 25.0
nv_score, -15.0
ratio, 0.474747474747
[[ 22.   2.   7.]
 [ 23.   1.  13.]
 [ 13.   0.  19.]]
cf_score, 22.0
nv_score, -8.0
ratio, 0.424242424242
[[ 24.   7.   5.]
 [ 19.   3.  10.]
 [  9.   6.  17.]]
cf_score, 30.0
nv_score, -3.0
ratio, 0.444444444444
[[ 29.   6.   9.]
 [ 18.   3.   5.]
 [ 10.   2.  18.]]
cf_score, 31.0
nv_score, -5.0
ratio, 0.505050505051
[[ 30.   2.  10.]
 [ 22.   3.   9.]
 [  5.   4.  15.]]
cf_score, 33.0
nv_score, -14.0
ratio, 0.484848484848
[[ 19.   3.   4.]
 [ 20.   6.   4.]
 [ 14.   4.  26.]]
cf_score, 33.0
nv_score, 14.0
ratio, 0.515151515152
[[ 26.   7.   6.]
 [ 13.   3.  11.]
 [ 13.   8.  13.]]
cf_score, 23.0
nv_score, -10.0
ratio, 0.424242424242
[[ 27.   8.   3.]
 [ 14.   4.   6.]
 [ 11.   6.  21.]]
cf_score, 38.0
nv_score, 9.0
ratio, 0.525252525253
[[ 26.   2.   8.]
 [ 16.   5.  11.]
 [ 13.   4.  15.]]
cf_score, 25.0
nv_score, -12.0
ratio, 0.464646464646
[[ 17.  14.  14.]
 [ 17.   6.   5.]
 [ 10.   2.  15.]]
cf_score, 14.0
nv_score, -18.0
ratio, 0.383838383838
[[ 30.   4.  10.]
 [ 16.   5.   6.]
 [  5.   5.  19.]]
cf_score, 39.0
nv_score, -7.0
ratio, 0.545454545455
[[ 27.   7.   3.]
 [ 17.   2.  12.]
 [  7.   5.  20.]]
cf_score, 39.0
nv_score, 2.0
ratio, 0.494949494949
[[ 23.   4.   3.]
 [ 18.   8.   6.]
 [ 11.   6.  21.]]
cf_score, 38.0
nv_score, 9.0
ratio, 0.525252525253
[[ 17.  12.  11.]
 [ 11.   9.   8.]
 [  7.  11.  14.]]
cf_score, 22.0
nv_score, -16.0
ratio, 0.40404040404
[[ 27.   8.   1.]
 [ 21.   6.   3.]
 [ 10.   8.  16.]]
cf_score, 38.0
nv_score, 11.0
ratio, 0.494949494949
[[ 23.   5.   6.]
 [ 15.   7.   7.]
 [  8.   2.  27.]]
cf_score, 43.0
nv_score, 8.0
ratio, 0.575757575758
[[ 22.   8.   3.]
 [ 19.   7.   2.]
 [ 13.   7.  19.]]
cf_score, 32.0
nv_score, 11.0
ratio, 0.484848484848
[[ 22.  10.   4.]
 [ 17.   7.   7.]
 [ 13.   8.  12.]]
cf_score, 24.0
nv_score, -3.0
ratio, 0.414141414141
[[ 17.   9.   3.]
 [ 26.   8.   1.]
 [ 13.  12.  11.]]
cf_score, 20.0
nv_score, 4.0
ratio, 0.363636363636
[[ 26.   9.   1.]
 [ 16.   9.   5.]
 [ 11.   8.  15.]]
cf_score, 38.0
nv_score, 8.0
ratio, 0.505050505051
[[ 24.   8.   6.]
 [ 21.   6.   4.]
 [  8.   8.  15.]]
cf_score, 31.0
nv_score, -1.0
ratio, 0.454545454545
[[ 29.   8.   9.]
 [ 11.   6.  12.]
 [  5.   8.  12.]]
cf_score, 33.0
nv_score, -18.0
ratio, 0.474747474747
[[ 27.   7.   2.]
 [ 14.  10.   1.]
 [  7.   8.  24.]]
cf_score, 52.0
nv_score, 19.0
ratio, 0.616161616162
[[ 11.  17.   6.]
 [ 11.   7.  11.]
 [  4.  10.  23.]]
cf_score, 31.0
nv_score, 0.0
ratio, 0.414141414141
[[ 20.   8.   8.]
 [ 17.  12.   9.]
 [  6.   3.  17.]]
cf_score, 35.0
nv_score, -8.0
ratio, 0.494949494949
[[ 21.  12.   5.]
 [  9.  15.   9.]
 [  5.   8.  16.]]
cf_score, 42.0
nv_score, -3.0
ratio, 0.525252525253
[[ 23.   5.   3.]
 [ 16.  15.   5.]
 [ 11.  10.  12.]]
cf_score, 36.0
nv_score, 1.0
ratio, 0.505050505051
[[ 19.   8.   5.]
 [ 16.  10.   6.]
 [  9.  11.  16.]]
cf_score, 31.0
nv_score, 0.0
ratio, 0.454545454545
[[ 24.   7.   2.]
 [ 19.   5.   3.]
 [ 10.   8.  22.]]
cf_score, 39.0
nv_score, 15.0
ratio, 0.515151515152
[[  9.  13.   5.]
 [ 14.  16.   8.]
 [  4.  11.  20.]]
cf_score, 36.0
nv_score, 2.0
ratio, 0.454545454545
[[ 27.  11.   4.]
 [ 18.  11.   3.]
 [  6.   5.  15.]]
cf_score, 43.0
nv_score, 4.0
ratio, 0.535353535354
[[ 16.  10.   7.]
 [ 16.  10.   6.]
 [ 11.   8.  16.]]
cf_score, 24.0
nv_score, -4.0
ratio, 0.424242424242
[[ 17.  11.   7.]
 [ 15.   8.   4.]
 [  9.   8.  21.]]
cf_score, 30.0
nv_score, 3.0
ratio, 0.464646464646
[[ 29.  17.   5.]
 [  9.   4.   4.]
 [  8.  10.  14.]]
cf_score, 34.0
nv_score, 0.0
ratio, 0.474747474747
[[ 21.  14.   3.]
 [ 16.   9.   2.]
 [  6.   5.  24.]]
cf_score, 45.0
nv_score, 16.0
ratio, 0.545454545455
[[ 16.  11.   5.]
 [ 14.  16.   8.]
 [  4.  10.  16.]]
cf_score, 39.0
nv_score, -2.0
ratio, 0.484848484848
[[ 15.  10.   6.]
 [ 18.  11.   7.]
 [ 11.   6.  16.]]
cf_score, 25.0
nv_score, -3.0
ratio, 0.424242424242
[[ 22.  11.   3.]
 [ 11.  10.   7.]
 [  8.   8.  20.]]
cf_score, 41.0
nv_score, 7.0
ratio, 0.525252525253
[[ 21.   6.   0.]
 [ 25.  13.   1.]
 [  9.   7.  18.]]
cf_score, 43.0
nv_score, 17.0
ratio, 0.525252525253
[[ 28.   6.   1.]
 [ 24.   9.   7.]
 [  7.   9.   9.]]
cf_score, 38.0
nv_score, 0.0
ratio, 0.464646464646
[[ 11.  10.   5.]
 [ 12.   8.   8.]
 [ 12.  10.  24.]]
cf_score, 26.0
nv_score, 6.0
ratio, 0.434343434343
[[ 25.   8.   6.]
 [ 15.  10.   3.]
 [  9.   9.  15.]]
cf_score, 35.0
nv_score, 0.0
ratio, 0.505050505051
[[ 28.   5.   1.]
 [ 21.   9.   2.]
 [  9.   9.  16.]]
cf_score, 43.0
nv_score, 12.0
ratio, 0.535353535354
[[ 16.  13.   5.]
 [ 13.  16.   4.]
 [  8.  10.  15.]]
cf_score, 34.0
nv_score, 1.0
ratio, 0.474747474747
[[ 19.   8.  10.]
 [ 11.  17.   4.]
 [  5.  11.  15.]]
cf_score, 36.0
nv_score, -9.0
ratio, 0.515151515152
[[ 15.   4.   4.]
 [ 17.  14.   7.]
 [ 11.  10.  18.]]
cf_score, 32.0
nv_score, 3.0
ratio, 0.474747474747
[[ 12.  13.   3.]
 [ 18.  11.   5.]
 [  5.  17.  16.]]
cf_score, 31.0
nv_score, 5.0
ratio, 0.393939393939
[[ 18.  10.   2.]
 [ 17.   7.   1.]
 [ 14.  11.  20.]]
cf_score, 29.0
nv_score, 15.0
ratio, 0.454545454545
[[ 19.  15.   5.]
 [ 10.  10.   5.]
 [  8.   9.  19.]]
cf_score, 35.0
nv_score, 4.0
ratio, 0.484848484848
