[[ 31.   0.   0.]
 [ 29.   0.   0.]
 [ 40.   0.   0.]]
cf_score, -9.0
ratio, 0.313131313131
[[ 14.  22.   2.]
 [ 10.  17.   0.]
 [ 23.   9.   3.]]
cf_score, 9.0
ratio, 0.343434343434
[[  0.  21.   7.]
 [  2.  21.   9.]
 [  2.  15.  23.]]
cf_score, 35.0
ratio, 0.444444444444
[[  0.  18.   9.]
 [  4.  18.  11.]
 [  3.   5.  32.]]
cf_score, 38.0
ratio, 0.505050505051
[[  3.  17.   8.]
 [  4.  18.  11.]
 [  1.   9.  29.]]
cf_score, 41.0
ratio, 0.505050505051
[[  1.  20.   8.]
 [  4.  24.   7.]
 [  0.   6.  30.]]
cf_score, 47.0
ratio, 0.555555555556
[[  4.  15.   6.]
 [  7.  22.   6.]
 [  0.  17.  23.]]
cf_score, 43.0
ratio, 0.494949494949
[[ 25.   0.   8.]
 [ 19.   0.  10.]
 [  5.   0.  33.]]
cf_score, 45.0
ratio, 0.585858585859
[[ 22.   5.   5.]
 [ 19.   0.   9.]
 [ 11.   1.  28.]]
cf_score, 34.0
ratio, 0.505050505051
[[ 22.   3.   7.]
 [ 19.   2.   9.]
 [ 12.   3.  23.]]
cf_score, 28.0
ratio, 0.474747474747
[[ 19.   5.   5.]
 [ 20.   1.   9.]
 [ 16.   3.  22.]]
cf_score, 21.0
ratio, 0.424242424242
[[ 18.   2.   6.]
 [ 32.   1.   4.]
 [ 11.   1.  25.]]
cf_score, 27.0
ratio, 0.444444444444
[[ 23.   1.   6.]
 [ 20.   4.   6.]
 [ 15.   2.  23.]]
cf_score, 29.0
ratio, 0.505050505051
[[ 22.   8.   5.]
 [ 23.   1.   7.]
 [ 15.   3.  16.]]
cf_score, 19.0
ratio, 0.393939393939
[[ 19.   5.   4.]
 [ 23.   2.   8.]
 [ 12.   2.  25.]]
cf_score, 30.0
ratio, 0.464646464646
[[ 19.   4.   6.]
 [ 18.   2.  13.]
 [ 11.   3.  24.]]
cf_score, 28.0
ratio, 0.454545454545
[[ 21.   5.  11.]
 [ 17.   3.   8.]
 [ 12.   5.  18.]]
cf_score, 19.0
ratio, 0.424242424242
[[ 21.   4.   9.]
 [ 27.   0.   8.]
 [ 12.   3.  16.]]
cf_score, 16.0
ratio, 0.373737373737
[[ 15.   7.   6.]
 [ 23.   2.   7.]
 [  8.  11.  21.]]
cf_score, 24.0
ratio, 0.383838383838
[[ 24.   4.   8.]
 [ 24.   2.   3.]
 [  8.   4.  23.]]
cf_score, 33.0
ratio, 0.494949494949
[[ 13.   6.   8.]
 [ 19.   3.  11.]
 [ 17.   8.  15.]]
cf_score, 6.0
ratio, 0.313131313131
[[ 15.   7.   5.]
 [ 23.   2.   7.]
 [ 11.   4.  26.]]
cf_score, 27.0
ratio, 0.434343434343
[[ 16.  11.   3.]
 [ 16.   9.  11.]
 [ 12.   5.  17.]]
cf_score, 27.0
ratio, 0.424242424242
[[ 11.   5.   7.]
 [ 24.   2.   8.]
 [ 10.  10.  23.]]
cf_score, 19.0
ratio, 0.363636363636
[[ 19.   6.   5.]
 [ 21.   5.   8.]
 [  4.   9.  23.]]
cf_score, 38.0
ratio, 0.474747474747
[[ 10.  14.   7.]
 [ 16.   9.   7.]
 [  5.   9.  23.]]
cf_score, 30.0
ratio, 0.424242424242
[[ 10.   4.   4.]
 [ 25.   7.  13.]
 [  5.  17.  15.]]
cf_score, 23.0
ratio, 0.323232323232
[[ 11.  18.   3.]
 [ 15.   9.   4.]
 [  5.  13.  22.]]
cf_score, 34.0
ratio, 0.424242424242
[[ 12.  12.   3.]
 [ 26.   6.   4.]
 [  2.   9.  26.]]
cf_score, 39.0
ratio, 0.444444444444
[[  7.  14.   8.]
 [ 14.   3.   9.]
 [  5.  17.  23.]]
cf_score, 20.0
ratio, 0.333333333333
[[ 12.  15.   4.]
 [ 16.  10.   4.]
 [  3.  17.  19.]]
cf_score, 34.0
ratio, 0.414141414141
[[ 10.  13.   8.]
 [  8.  10.  10.]
 [  7.  18.  16.]]
cf_score, 21.0
ratio, 0.363636363636
[[  7.  10.   4.]
 [ 17.   9.  10.]
 [  7.  19.  17.]]
cf_score, 22.0
ratio, 0.333333333333
[[  9.  17.   8.]
 [ 10.   8.   5.]
 [  2.  18.  23.]]
cf_score, 30.0
ratio, 0.40404040404
[[  9.  14.   8.]
 [ 13.   4.   5.]
 [  4.  13.  30.]]
cf_score, 31.0
ratio, 0.434343434343
[[ 17.   7.   7.]
 [ 17.   6.   8.]
 [  3.  13.  22.]]
cf_score, 35.0
ratio, 0.454545454545
[[  6.  17.   1.]
 [ 18.   8.   6.]
 [ 12.  12.  20.]]
cf_score, 21.0
ratio, 0.343434343434
[[ 11.  13.   5.]
 [ 21.   8.   4.]
 [  3.  22.  13.]]
cf_score, 24.0
ratio, 0.323232323232
[[ 10.   9.   8.]
 [ 10.   5.  10.]
 [  9.  12.  27.]]
cf_score, 25.0
ratio, 0.424242424242
[[ 10.   6.   5.]
 [ 23.   9.   9.]
 [  7.  18.  13.]]
cf_score, 20.0
ratio, 0.323232323232
[[  9.  11.   5.]
 [ 20.   5.   6.]
 [  1.  14.  29.]]
cf_score, 37.0
ratio, 0.434343434343
[[ 10.  10.   8.]
 [ 12.  14.   7.]
 [  3.  14.  22.]]
cf_score, 35.0
ratio, 0.464646464646
[[ 12.  10.   8.]
 [ 13.  10.   5.]
 [  7.  18.  17.]]
cf_score, 24.0
ratio, 0.393939393939
[[  7.  14.   8.]
 [ 20.   9.   8.]
 [  8.   8.  18.]]
cf_score, 18.0
ratio, 0.343434343434
[[ 10.  14.   7.]
 [ 21.   7.   5.]
 [  6.  16.  14.]]
cf_score, 18.0
ratio, 0.313131313131
[[ 15.  17.   4.]
 [ 11.   8.   6.]
 [  3.  18.  18.]]
cf_score, 34.0
ratio, 0.414141414141
[[ 17.   8.   6.]
 [ 20.  10.   3.]
 [  2.  18.  16.]]
cf_score, 35.0
ratio, 0.434343434343
[[ 18.   8.   3.]
 [ 20.  10.   7.]
 [  8.  10.  16.]]
cf_score, 33.0
ratio, 0.444444444444
[[ 13.  12.   6.]
 [ 26.   8.   4.]
 [  8.   8.  15.]]
cf_score, 22.0
ratio, 0.363636363636
[[ 11.   8.  13.]
 [ 20.   2.   8.]
 [ 11.  11.  16.]]
cf_score, 5.0
ratio, 0.292929292929
[[  8.   4.   4.]
 [ 18.  13.   5.]
 [ 21.  14.  13.]]
cf_score, 9.0
ratio, 0.343434343434
[[  7.   5.   4.]
 [ 23.  12.   8.]
 [ 18.  12.  11.]]
cf_score, 8.0
ratio, 0.30303030303
[[ 12.  11.   4.]
 [ 20.   5.   3.]
 [ 10.  11.  24.]]
cf_score, 27.0
ratio, 0.414141414141
[[ 17.   7.   3.]
 [ 22.   6.   4.]
 [ 22.   5.  14.]]
cf_score, 12.0
ratio, 0.373737373737
[[ 10.   8.   2.]
 [ 29.   5.   8.]
 [ 16.   4.  18.]]
cf_score, 15.0
ratio, 0.333333333333
[[ 17.  12.   2.]
 [ 19.   8.   7.]
 [ 12.   4.  19.]]
cf_score, 30.0
ratio, 0.444444444444
[[ 21.   3.   7.]
 [ 25.   4.   6.]
 [ 12.   8.  14.]]
cf_score, 20.0
ratio, 0.393939393939
[[ 22.   6.   1.]
 [ 27.   3.   9.]
 [ 10.   9.  13.]]
cf_score, 27.0
ratio, 0.383838383838
[[ 16.   6.   4.]
 [ 22.   4.   3.]
 [ 16.  12.  17.]]
cf_score, 17.0
ratio, 0.373737373737
[[ 23.   3.   5.]
 [ 23.   3.   9.]
 [ 10.  12.  12.]]
cf_score, 23.0
ratio, 0.383838383838
[[ 24.   2.   0.]
 [ 23.   2.   7.]
 [ 11.  11.  20.]]
cf_score, 35.0
ratio, 0.464646464646
[[ 22.   3.   7.]
 [ 23.   3.   4.]
 [ 12.   7.  19.]]
cf_score, 25.0
ratio, 0.444444444444
[[ 22.   0.   8.]
 [ 27.   2.   6.]
 [  9.   6.  20.]]
cf_score, 27.0
ratio, 0.444444444444
[[ 18.   3.   4.]
 [ 24.   1.   6.]
 [ 16.   5.  23.]]
cf_score, 22.0
ratio, 0.424242424242
[[ 19.   8.   6.]
 [ 22.   1.   6.]
 [ 11.   8.  19.]]
cf_score, 22.0
ratio, 0.393939393939
[[ 20.   8.   4.]
 [ 20.   3.   5.]
 [ 13.  10.  17.]]
cf_score, 23.0
ratio, 0.40404040404
[[ 13.   4.   6.]
 [ 22.   3.  10.]
 [ 15.   8.  19.]]
cf_score, 14.0
ratio, 0.353535353535
[[ 14.   2.  10.]
 [ 23.   4.   5.]
 [ 12.   5.  25.]]
cf_score, 21.0
ratio, 0.434343434343
[[ 19.   7.   6.]
 [ 18.   6.   2.]
 [ 12.   8.  22.]]
cf_score, 29.0
ratio, 0.474747474747
[[ 12.   7.  10.]
 [ 20.   3.   8.]
 [ 11.   7.  22.]]
cf_score, 16.0
ratio, 0.373737373737
[[ 16.   8.   9.]
 [ 18.   8.   6.]
 [  8.   6.  21.]]
cf_score, 28.0
ratio, 0.454545454545
[[ 18.   4.   8.]
 [ 10.   7.   8.]
 [ 13.   7.  25.]]
cf_score, 29.0
ratio, 0.505050505051
[[ 15.   8.   9.]
 [ 24.   2.   3.]
 [ 14.   8.  17.]]
cf_score, 11.0
ratio, 0.343434343434
[[ 13.  10.   1.]
 [ 25.   9.   2.]
 [ 18.   9.  13.]]
cf_score, 16.0
ratio, 0.353535353535
[[ 16.   7.   7.]
 [ 18.   6.   5.]
 [  8.   9.  24.]]
cf_score, 31.0
ratio, 0.464646464646
[[ 18.   7.   6.]
 [ 19.   5.   5.]
 [ 17.   5.  18.]]
cf_score, 18.0
ratio, 0.414141414141
[[ 13.   6.   8.]
 [ 27.   5.   7.]
 [  9.   8.  17.]]
cf_score, 18.0
ratio, 0.353535353535
[[ 18.   6.   4.]
 [ 17.   8.   3.]
 [ 15.   8.  21.]]
cf_score, 28.0
ratio, 0.474747474747
[[ 17.   4.  10.]
 [ 17.   3.   6.]
 [  9.  14.  20.]]
cf_score, 21.0
ratio, 0.40404040404
[[ 12.   4.   8.]
 [ 23.   3.  11.]
 [ 10.   7.  22.]]
cf_score, 19.0
ratio, 0.373737373737
[[ 19.   4.   5.]
 [ 18.   1.   5.]
 [ 20.   6.  22.]]
cf_score, 17.0
ratio, 0.424242424242
[[ 14.   3.  10.]
 [ 26.   4.   6.]
 [ 14.   4.  19.]]
cf_score, 13.0
ratio, 0.373737373737
[[ 22.   1.   4.]
 [ 30.   1.   4.]
 [  8.   4.  26.]]
cf_score, 37.0
ratio, 0.494949494949
[[  8.   1.   5.]
 [ 31.   4.   8.]
 [ 18.   5.  20.]]
cf_score, 9.0
ratio, 0.323232323232
[[ 22.   3.   6.]
 [ 21.   5.   5.]
 [ 16.   5.  17.]]
cf_score, 22.0
ratio, 0.444444444444
[[ 19.   4.  12.]
 [ 23.   1.   2.]
 [  7.   5.  27.]]
cf_score, 28.0
ratio, 0.474747474747
[[ 30.   6.   5.]
 [ 19.   1.   9.]
 [ 14.   5.  11.]]
cf_score, 23.0
ratio, 0.424242424242
[[ 19.   3.   6.]
 [ 16.   5.  10.]
 [ 14.   5.  22.]]
cf_score, 26.0
ratio, 0.464646464646
[[ 22.   4.  10.]
 [ 28.   0.   5.]
 [ 13.   3.  15.]]
cf_score, 14.0
ratio, 0.373737373737
[[ 15.   6.  11.]
 [ 22.   2.   5.]
 [ 12.   1.  26.]]
cf_score, 20.0
ratio, 0.434343434343
[[ 11.   3.   5.]
 [ 27.   2.   7.]
 [ 15.   6.  24.]]
cf_score, 17.0
ratio, 0.373737373737
[[ 11.   8.   9.]
 [ 19.   3.   5.]
 [ 17.   4.  24.]]
cf_score, 12.0
ratio, 0.383838383838
[[ 12.   4.   8.]
 [ 27.   2.   2.]
 [ 16.   8.  21.]]
cf_score, 11.0
ratio, 0.353535353535
[[ 16.   2.   7.]
 [ 34.   1.   9.]
 [ 13.   3.  15.]]
cf_score, 12.0
ratio, 0.323232323232
[[ 18.   4.   9.]
 [ 21.   1.   4.]
 [ 15.   8.  20.]]
cf_score, 15.0
ratio, 0.393939393939
[[ 18.   3.   4.]
 [ 27.   1.   8.]
 [ 11.   4.  24.]]
cf_score, 28.0
ratio, 0.434343434343
[[ 17.   3.   8.]
 [ 22.   0.   6.]
 [ 14.   8.  22.]]
cf_score, 17.0
ratio, 0.393939393939
[[ 14.   4.   3.]
 [ 29.   2.   8.]
 [ 16.   4.  20.]]
cf_score, 17.0
ratio, 0.363636363636
[[ 21.   7.   7.]
 [ 19.   1.   8.]
 [ 16.   4.  17.]]
cf_score, 16.0
ratio, 0.393939393939
[[ 12.   6.  11.]
 [ 22.   1.   5.]
 [ 18.   5.  20.]]
cf_score, 4.0
ratio, 0.333333333333
