[[ 25.   3.  14.]
 [ 16.   2.   9.]
 [ 14.   1.  16.]]
cf_score, 15.0
ratio, 0.434343434343
[[ 22.   7.   8.]
 [ 14.  13.   9.]
 [  4.   6.  17.]]
cf_score, 40.0
ratio, 0.525252525253
[[ 14.  16.   6.]
 [ 16.   9.   9.]
 [  8.   6.  16.]]
cf_score, 25.0
ratio, 0.393939393939
[[ 20.   7.   8.]
 [ 13.  10.   9.]
 [  9.  11.  13.]]
cf_score, 26.0
ratio, 0.434343434343
[[ 26.   4.  10.]
 [ 13.  16.   9.]
 [  9.   3.  10.]]
cf_score, 33.0
ratio, 0.525252525253
[[ 24.  10.   9.]
 [ 12.  12.   7.]
 [  6.   9.  11.]]
cf_score, 32.0
ratio, 0.474747474747
[[ 21.  11.   7.]
 [ 12.  11.   7.]
 [  8.   8.  15.]]
cf_score, 32.0
ratio, 0.474747474747
[[ 13.  20.  15.]
 [  6.   8.  11.]
 [  7.  10.  10.]]
cf_score, 9.0
ratio, 0.313131313131
[[ 18.   4.   5.]
 [ 15.  17.  10.]
 [  6.  13.  12.]]
cf_score, 36.0
ratio, 0.474747474747
[[ 12.  11.   5.]
 [ 12.  12.   1.]
 [ 13.  13.  21.]]
cf_score, 27.0
ratio, 0.454545454545
[[ 17.  14.  14.]
 [ 15.  13.   5.]
 [  4.   6.  12.]]
cf_score, 24.0
ratio, 0.424242424242
[[ 18.  14.   6.]
 [ 14.  17.   7.]
 [  3.  10.  11.]]
cf_score, 37.0
ratio, 0.464646464646
[[ 20.  12.   8.]
 [  4.   9.   8.]
 [  9.  13.  17.]]
cf_score, 29.0
ratio, 0.464646464646
[[ 13.  13.   6.]
 [ 16.  20.   6.]
 [  9.   9.   8.]]
cf_score, 26.0
ratio, 0.414141414141
[[ 27.   8.   6.]
 [ 11.  17.   4.]
 [ 10.  10.   7.]]
cf_score, 35.0
ratio, 0.515151515152
[[ 19.   9.   9.]
 [ 14.  12.   7.]
 [  7.   9.  14.]]
cf_score, 29.0
ratio, 0.454545454545
[[ 18.   9.   7.]
 [ 14.  13.   8.]
 [  8.   9.  14.]]
cf_score, 30.0
ratio, 0.454545454545
[[ 18.   6.  14.]
 [ 12.  15.  11.]
 [  7.   7.  10.]]
cf_score, 22.0
ratio, 0.434343434343
[[ 21.   8.   5.]
 [ 13.   9.   4.]
 [ 12.  12.  16.]]
cf_score, 29.0
ratio, 0.464646464646
[[ 16.   8.   8.]
 [ 15.  15.   3.]
 [ 11.   5.  19.]]
cf_score, 31.0
ratio, 0.505050505051
[[ 14.  12.   4.]
 [ 16.  10.   7.]
 [  9.  11.  17.]]
cf_score, 28.0
ratio, 0.414141414141
[[ 11.   8.  17.]
 [ 12.  12.  11.]
 [  8.   7.  14.]]
cf_score, 12.0
ratio, 0.373737373737
[[ 12.  13.  12.]
 [ 11.  13.   8.]
 [  7.  12.  12.]]
cf_score, 18.0
ratio, 0.373737373737
[[ 17.  13.   9.]
 [  8.  13.  12.]
 [ 10.   6.  12.]]
cf_score, 23.0
ratio, 0.424242424242
[[ 15.  13.   5.]
 [ 17.   8.   8.]
 [ 11.  12.  11.]]
cf_score, 18.0
ratio, 0.343434343434
[[  7.  18.  12.]
 [  4.  15.  13.]
 [  6.   9.  16.]]
cf_score, 20.0
ratio, 0.383838383838
[[ 13.   7.  11.]
 [ 15.  15.   3.]
 [  9.  13.  14.]]
cf_score, 22.0
ratio, 0.424242424242
[[ 16.  12.   7.]
 [ 16.  15.   6.]
 [ 10.   2.  16.]]
cf_score, 30.0
ratio, 0.474747474747
[[ 13.   9.   9.]
 [  7.  12.  12.]
 [ 10.  12.  16.]]
cf_score, 22.0
ratio, 0.414141414141
[[ 17.  15.   6.]
 [ 12.  11.   9.]
 [  5.   8.  17.]]
cf_score, 34.0
ratio, 0.454545454545
[[ 13.  18.   9.]
 [  9.  12.   8.]
 [ 15.   7.   9.]]
cf_score, 10.0
ratio, 0.343434343434
[[  9.  12.   9.]
 [  7.  14.   9.]
 [ 11.  16.  13.]]
cf_score, 16.0
ratio, 0.363636363636
[[  9.  16.  11.]
 [  2.  12.  19.]
 [  4.   4.  23.]]
cf_score, 29.0
ratio, 0.444444444444
[[  8.   8.  12.]
 [  4.  22.  10.]
 [  7.  14.  15.]]
cf_score, 26.0
ratio, 0.454545454545
[[  8.  17.  14.]
 [  5.  13.  12.]
 [  4.  13.  14.]]
cf_score, 17.0
ratio, 0.353535353535
[[  4.  12.   9.]
 [ 10.  17.  15.]
 [  3.  18.  12.]]
cf_score, 21.0
ratio, 0.333333333333
[[ 11.  21.   9.]
 [ 10.  12.  10.]
 [  6.  12.   9.]]
cf_score, 17.0
ratio, 0.323232323232
[[ 14.  10.  20.]
 [  6.  15.   6.]
 [  5.  11.  13.]]
cf_score, 17.0
ratio, 0.424242424242
[[ 12.  17.  14.]
 [  7.  11.   4.]
 [  3.  13.  19.]]
cf_score, 25.0
ratio, 0.424242424242
[[  7.  13.  12.]
 [  8.  22.   7.]
 [  3.   9.  19.]]
cf_score, 33.0
ratio, 0.484848484848
[[  9.  11.  12.]
 [  8.  16.   8.]
 [  4.  12.  20.]]
cf_score, 29.0
ratio, 0.454545454545
[[ 10.   8.   9.]
 [ 15.  15.  10.]
 [  4.  12.  17.]]
cf_score, 29.0
ratio, 0.424242424242
[[ 14.  13.  12.]
 [ 12.  10.   9.]
 [  6.  12.  12.]]
cf_score, 18.0
ratio, 0.363636363636
[[  9.  13.  12.]
 [ 14.  11.  14.]
 [  4.  10.  13.]]
cf_score, 17.0
ratio, 0.333333333333
[[  9.  12.  19.]
 [  7.  14.  10.]
 [  5.  10.  14.]]
cf_score, 13.0
ratio, 0.373737373737
[[ 14.   7.  16.]
 [  9.  17.   9.]
 [  4.   8.  16.]]
cf_score, 27.0
ratio, 0.474747474747
[[ 14.  12.  11.]
 [  9.   8.  11.]
 [  6.   9.  20.]]
cf_score, 25.0
ratio, 0.424242424242
[[  9.  13.  13.]
 [  6.  19.   7.]
 [  7.  11.  15.]]
cf_score, 23.0
ratio, 0.434343434343
[[ 14.  14.  13.]
 [  8.  16.   5.]
 [  4.  10.  16.]]
cf_score, 29.0
ratio, 0.464646464646
[[  7.   8.   6.]
 [ 13.  19.   9.]
 [  6.   9.  23.]]
cf_score, 37.0
ratio, 0.494949494949
[[ 14.  12.   8.]
 [  9.  15.   8.]
 [ 10.   7.  17.]]
cf_score, 28.0
ratio, 0.464646464646
[[ 10.  13.  11.]
 [  7.  15.  14.]
 [  4.   7.  19.]]
cf_score, 29.0
ratio, 0.444444444444
[[ 10.  24.  10.]
 [  7.  11.  14.]
 [  3.  10.  11.]]
cf_score, 19.0
ratio, 0.323232323232
[[ 12.  10.  13.]
 [ 10.  14.  15.]
 [  3.   9.  14.]]
cf_score, 24.0
ratio, 0.40404040404
[[ 17.  10.   8.]
 [  9.  17.  11.]
 [  4.   9.  15.]]
cf_score, 37.0
ratio, 0.494949494949
[[  6.  14.   7.]
 [  7.  12.  17.]
 [  7.  11.  19.]]
cf_score, 23.0
ratio, 0.373737373737
[[ 11.  11.   8.]
 [ 13.  12.  20.]
 [  6.   6.  13.]]
cf_score, 22.0
ratio, 0.363636363636
[[  9.  12.  14.]
 [  8.  16.  10.]
 [  5.   8.  18.]]
cf_score, 24.0
ratio, 0.434343434343
[[ 13.  12.  10.]
 [ 11.  13.   6.]
 [  8.  13.  14.]]
cf_score, 22.0
ratio, 0.40404040404
[[  5.  12.  21.]
 [  9.  19.   8.]
 [  5.  10.  11.]]
cf_score, 9.0
ratio, 0.353535353535
[[  7.  14.   7.]
 [ 13.  21.   8.]
 [  6.  10.  14.]]
cf_score, 29.0
ratio, 0.424242424242
[[  6.  13.  14.]
 [  6.  20.  13.]
 [  4.  10.  14.]]
cf_score, 22.0
ratio, 0.40404040404
[[  9.  17.  13.]
 [  6.  15.   8.]
 [  4.   9.  19.]]
cf_score, 26.0
ratio, 0.434343434343
[[ 18.  12.   9.]
 [  6.  15.   5.]
 [  8.  11.  16.]]
cf_score, 32.0
ratio, 0.494949494949
[[ 11.  12.  15.]
 [  5.  12.   9.]
 [ 10.   8.  18.]]
cf_score, 16.0
ratio, 0.414141414141
[[ 10.  20.  13.]
 [  7.  14.   9.]
 [  3.  11.  13.]]
cf_score, 21.0
ratio, 0.373737373737
[[ 12.  13.  16.]
 [  8.  13.   8.]
 [  6.  10.  14.]]
cf_score, 17.0
ratio, 0.393939393939
[[  9.  20.  12.]
 [  5.  14.   6.]
 [  5.  12.  17.]]
cf_score, 23.0
ratio, 0.40404040404
[[ 15.  12.   9.]
 [ 10.  11.   8.]
 [  0.  17.  18.]]
cf_score, 35.0
ratio, 0.444444444444
[[ 14.  15.   9.]
 [  9.  16.   6.]
 [  3.  12.  16.]]
cf_score, 34.0
ratio, 0.464646464646
[[ 12.  12.  13.]
 [ 10.  15.  11.]
 [  8.   8.  11.]]
cf_score, 17.0
ratio, 0.383838383838
[[ 12.  14.  12.]
 [  7.  15.  10.]
 [  6.   7.  17.]]
cf_score, 26.0
ratio, 0.444444444444
[[ 19.  13.   7.]
 [ 17.  14.   3.]
 [  5.   9.  13.]]
cf_score, 34.0
ratio, 0.464646464646
[[  7.  18.  11.]
 [ 11.  22.   6.]
 [  3.   9.  13.]]
cf_score, 28.0
ratio, 0.424242424242
[[  7.  19.   9.]
 [  6.  17.   8.]
 [  4.  14.  16.]]
cf_score, 27.0
ratio, 0.40404040404
[[ 10.  10.   7.]
 [ 13.  16.  12.]
 [  6.  13.  13.]]
cf_score, 26.0
ratio, 0.393939393939
[[  7.  11.   9.]
 [ 12.  16.  11.]
 [  6.  12.  16.]]
cf_score, 24.0
ratio, 0.393939393939
[[ 14.  10.   4.]
 [ 12.  16.   6.]
 [  8.  15.  15.]]
cf_score, 33.0
ratio, 0.454545454545
[[ 17.  13.  11.]
 [ 12.  17.   7.]
 [  2.  11.  10.]]
cf_score, 31.0
ratio, 0.444444444444
[[  9.  17.  13.]
 [  9.  16.   8.]
 [  7.  10.  11.]]
cf_score, 16.0
ratio, 0.363636363636
[[ 11.  15.  11.]
 [  5.  14.  11.]
 [  7.  14.  12.]]
cf_score, 19.0
ratio, 0.373737373737
[[ 15.  17.  12.]
 [  7.  13.  10.]
 [  3.  12.  11.]]
cf_score, 24.0
ratio, 0.393939393939
[[ 12.  15.  11.]
 [ 11.  16.  11.]
 [  4.   8.  12.]]
cf_score, 25.0
ratio, 0.40404040404
[[  9.  18.  11.]
 [  4.  14.   9.]
 [  8.  12.  15.]]
cf_score, 19.0
ratio, 0.383838383838
[[ 11.  14.  12.]
 [  6.  15.  10.]
 [  4.  10.  18.]]
cf_score, 28.0
ratio, 0.444444444444
[[  8.  17.  11.]
 [  9.  15.  12.]
 [  7.   8.  13.]]
cf_score, 18.0
ratio, 0.363636363636
[[ 12.  18.   5.]
 [ 11.  10.   7.]
 [  9.   7.  21.]]
cf_score, 29.0
ratio, 0.434343434343
[[  4.  17.  12.]
 [  7.  13.   5.]
 [  5.   9.  28.]]
cf_score, 28.0
ratio, 0.454545454545
[[ 13.   7.  13.]
 [ 11.  13.   9.]
 [  7.  12.  15.]]
cf_score, 21.0
ratio, 0.414141414141
[[ 10.  18.   9.]
 [ 11.  13.   5.]
 [  4.  13.  17.]]
cf_score, 27.0
ratio, 0.40404040404
[[ 15.  13.  11.]
 [  8.  12.   5.]
 [  4.  15.  17.]]
cf_score, 29.0
ratio, 0.444444444444
[[ 17.  15.   6.]
 [ 10.  17.   6.]
 [  4.  10.  15.]]
cf_score, 39.0
ratio, 0.494949494949
[[ 10.  14.  10.]
 [  8.  11.  10.]
 [  8.  13.  16.]]
cf_score, 19.0
ratio, 0.373737373737
[[  2.  18.  12.]
 [ 12.  18.   8.]
 [  5.  10.  15.]]
cf_score, 18.0
ratio, 0.353535353535
[[ 15.  10.   9.]
 [ 10.  18.   8.]
 [  7.   9.  14.]]
cf_score, 31.0
ratio, 0.474747474747
[[ 16.  13.   4.]
 [  4.   9.  15.]
 [  8.  10.  21.]]
cf_score, 34.0
ratio, 0.464646464646
[[  9.  22.   8.]
 [ 12.  21.   7.]
 [  8.   4.   9.]]
cf_score, 23.0
ratio, 0.393939393939
[[  6.  17.   7.]
 [  5.  15.  12.]
 [  6.  11.  21.]]
cf_score, 29.0
ratio, 0.424242424242
[[ 19.  12.   4.]
 [  7.  19.  10.]
 [  7.  12.  10.]]
cf_score, 37.0
ratio, 0.484848484848
[[ 16.   7.  17.]
 [ 10.  12.  10.]
 [  3.   9.  16.]]
cf_score, 24.0
ratio, 0.444444444444
