[[ 16.   8.  11.]
 [ 16.   4.   6.]
 [ 14.   8.  17.]]
cf_score, 12.0
nv_score, -11.0
ratio, 0.373737373737
[[ 21.   5.   7.]
 [  9.   7.  14.]
 [ 13.   7.  17.]]
cf_score, 25.0
nv_score, -11.0
ratio, 0.454545454545
[[ 32.   7.   6.]
 [  9.   5.   8.]
 [  8.   5.  20.]]
cf_score, 43.0
nv_score, 0.0
ratio, 0.575757575758
[[ 25.   1.   6.]
 [ 14.   5.  13.]
 [ 12.   8.  16.]]
cf_score, 28.0
nv_score, -9.0
ratio, 0.464646464646
[[ 21.   2.  11.]
 [ 13.   6.   9.]
 [ 10.   5.  23.]]
cf_score, 29.0
nv_score, -8.0
ratio, 0.505050505051
[[ 17.   2.   9.]
 [ 20.   3.  13.]
 [ 10.   5.  21.]]
cf_score, 22.0
nv_score, -10.0
ratio, 0.414141414141
[[ 27.   3.  13.]
 [ 15.   5.   8.]
 [ 15.   5.   9.]]
cf_score, 13.0
nv_score, -25.0
ratio, 0.414141414141
[[ 23.   5.   8.]
 [ 17.   9.   6.]
 [ 14.   4.  14.]]
cf_score, 24.0
nv_score, -8.0
ratio, 0.464646464646
[[ 12.   2.  19.]
 [ 19.  11.  11.]
 [ 11.   3.  12.]]
cf_score, 5.0
nv_score, -37.0
ratio, 0.353535353535
[[ 19.   4.  11.]
 [ 15.   7.  12.]
 [  8.   7.  17.]]
cf_score, 24.0
nv_score, -17.0
ratio, 0.434343434343
[[ 18.   2.  14.]
 [ 17.  10.   6.]
 [  8.   5.  20.]]
cf_score, 26.0
nv_score, -14.0
ratio, 0.484848484848
[[ 14.   2.  12.]
 [ 17.  12.  10.]
 [  7.  11.  15.]]
cf_score, 22.0
nv_score, -19.0
ratio, 0.414141414141
[[ 18.   5.  12.]
 [ 15.   8.  14.]
 [  8.   7.  13.]]
cf_score, 19.0
nv_score, -25.0
ratio, 0.393939393939
[[ 22.   7.  16.]
 [  9.   9.   3.]
 [ 10.   7.  17.]]
cf_score, 22.0
nv_score, -18.0
ratio, 0.484848484848
[[ 20.   7.   9.]
 [ 12.   7.  10.]
 [  9.   5.  21.]]
cf_score, 30.0
nv_score, -7.0
ratio, 0.484848484848
[[ 23.   6.   7.]
 [ 13.   7.   5.]
 [ 15.   6.  18.]]
cf_score, 26.0
nv_score, -1.0
ratio, 0.484848484848
[[ 22.   7.  12.]
 [ 17.   6.   5.]
 [  8.   9.  14.]]
cf_score, 22.0
nv_score, -15.0
ratio, 0.424242424242
[[ 24.   8.   6.]
 [ 11.   8.   8.]
 [ 10.   8.  17.]]
cf_score, 33.0
nv_score, -3.0
ratio, 0.494949494949
[[ 17.  10.   8.]
 [ 19.   9.   7.]
 [ 12.   5.  13.]]
cf_score, 19.0
nv_score, -10.0
ratio, 0.393939393939
[[ 31.   4.  12.]
 [ 14.   5.   5.]
 [ 12.   6.  11.]]
cf_score, 23.0
nv_score, -18.0
ratio, 0.474747474747
[[ 20.  11.   8.]
 [ 11.  12.  14.]
 [  8.   6.  10.]]
cf_score, 26.0
nv_score, -20.0
ratio, 0.424242424242
[[ 11.   7.   7.]
 [ 15.  11.  13.]
 [  5.  12.  19.]]
cf_score, 29.0
nv_score, -8.0
ratio, 0.414141414141
[[ 19.   5.  10.]
 [ 14.   8.   8.]
 [ 11.   8.  17.]]
cf_score, 23.0
nv_score, -11.0
ratio, 0.444444444444
[[ 16.   8.  10.]
 [ 17.   9.  12.]
 [ 11.   5.  12.]]
cf_score, 16.0
nv_score, -20.0
ratio, 0.373737373737
[[  9.   9.   6.]
 [ 14.  11.   7.]
 [ 17.  15.  12.]]
cf_score, 9.0
nv_score, -7.0
ratio, 0.323232323232
[[ 18.   9.  11.]
 [ 16.   6.   6.]
 [ 10.   9.  15.]]
cf_score, 18.0
nv_score, -13.0
ratio, 0.393939393939
[[ 18.  10.  12.]
 [ 14.   5.   6.]
 [ 13.   8.  14.]]
cf_score, 12.0
nv_score, -16.0
ratio, 0.373737373737
[[ 21.   6.   7.]
 [ 13.  16.   2.]
 [ 11.   8.  16.]]
cf_score, 35.0
nv_score, 0.0
ratio, 0.535353535354
[[ 18.   9.  11.]
 [ 10.  14.   6.]
 [  6.  12.  14.]]
cf_score, 29.0
nv_score, -14.0
ratio, 0.464646464646
[[ 26.  10.   4.]
 [ 10.  11.   6.]
 [ 13.   9.  11.]]
cf_score, 31.0
nv_score, -3.0
ratio, 0.484848484848
[[ 19.  13.   6.]
 [ 15.   5.   8.]
 [ 11.   6.  17.]]
cf_score, 24.0
nv_score, -3.0
ratio, 0.414141414141
[[ 22.   7.   3.]
 [ 13.  15.   9.]
 [ 13.   9.   9.]]
cf_score, 30.0
nv_score, -6.0
ratio, 0.464646464646
[[ 13.  10.   6.]
 [ 18.   7.   7.]
 [ 15.  12.  12.]]
cf_score, 11.0
nv_score, -7.0
ratio, 0.323232323232
[[ 10.  11.  13.]
 [ 12.  12.   7.]
 [  6.  12.  17.]]
cf_score, 20.0
nv_score, -16.0
ratio, 0.393939393939
[[ 13.   9.  12.]
 [  8.  18.   5.]
 [  4.  19.  12.]]
cf_score, 27.0
nv_score, -17.0
ratio, 0.434343434343
[[ 14.  15.   9.]
 [  4.  16.   5.]
 [  6.  14.  17.]]
cf_score, 32.0
nv_score, -6.0
ratio, 0.474747474747
[[ 10.   9.  13.]
 [  8.  12.   7.]
 [  7.  14.  20.]]
cf_score, 22.0
nv_score, -13.0
ratio, 0.424242424242
[[ 17.  14.  11.]
 [ 11.  13.   4.]
 [ 11.  10.   9.]]
cf_score, 17.0
nv_score, -17.0
ratio, 0.393939393939
[[ 25.  15.   4.]
 [  9.  11.  12.]
 [  1.  17.   6.]]
cf_score, 37.0
nv_score, -14.0
ratio, 0.424242424242
[[ 12.  16.   9.]
 [ 15.  12.   7.]
 [  8.  11.  10.]]
cf_score, 17.0
nv_score, -15.0
ratio, 0.343434343434
[[ 19.   7.   8.]
 [  9.  16.   7.]
 [ 16.  12.   6.]]
cf_score, 17.0
nv_score, -17.0
ratio, 0.414141414141
[[ 22.  10.   4.]
 [ 10.  11.   5.]
 [  8.  18.  12.]]
cf_score, 33.0
nv_score, -1.0
ratio, 0.454545454545
[[ 14.   9.   8.]
 [ 12.  18.   9.]
 [  6.  12.  12.]]
cf_score, 30.0
nv_score, -13.0
ratio, 0.444444444444
[[ 16.  12.   8.]
 [ 16.   9.   4.]
 [  9.  15.  11.]]
cf_score, 19.0
nv_score, -9.0
ratio, 0.363636363636
[[ 18.   8.  15.]
 [  4.  11.   6.]
 [ 12.  14.  12.]]
cf_score, 14.0
nv_score, -24.0
ratio, 0.414141414141
[[ 13.  12.   8.]
 [  4.  22.   7.]
 [  8.  12.  14.]]
cf_score, 33.0
nv_score, -9.0
ratio, 0.494949494949
[[ 15.  16.  11.]
 [  8.  14.   6.]
 [  6.  13.  11.]]
cf_score, 23.0
nv_score, -17.0
ratio, 0.40404040404
[[ 16.  11.   6.]
 [ 14.  14.   9.]
 [ 10.   8.  12.]]
cf_score, 26.0
nv_score, -9.0
ratio, 0.424242424242
[[ 11.  12.  18.]
 [  5.  21.   3.]
 [ 10.   7.  13.]]
cf_score, 17.0
nv_score, -26.0
ratio, 0.454545454545
[[ 14.  16.  13.]
 [  4.  15.   8.]
 [  3.  13.  14.]]
cf_score, 27.0
nv_score, -20.0
ratio, 0.434343434343
