[[ 18.   9.   3.]
 [  9.  24.   1.]
 [ 20.  14.   2.]]
cf_score, 21.0
ratio, 0.444444444444
[[ 15.  10.   6.]
 [ 15.  25.   4.]
 [ 10.  12.   3.]]
cf_score, 27.0
ratio, 0.434343434343
[[ 24.  12.   4.]
 [ 11.  26.   3.]
 [ 13.   6.   1.]]
cf_score, 34.0
ratio, 0.515151515152
[[ 18.   8.   1.]
 [ 11.  17.   4.]
 [ 16.  21.   4.]]
cf_score, 22.0
ratio, 0.393939393939
[[ 15.   3.   9.]
 [ 14.  18.   4.]
 [ 15.  14.   8.]]
cf_score, 17.0
ratio, 0.414141414141
[[ 14.   9.   5.]
 [  8.  24.   9.]
 [ 16.  11.   4.]]
cf_score, 21.0
ratio, 0.424242424242
[[ 17.   8.   4.]
 [  4.  20.   5.]
 [ 19.  17.   6.]]
cf_score, 20.0
ratio, 0.434343434343
[[ 10.   7.   3.]
 [  7.  21.  11.]
 [ 11.  21.   9.]]
cf_score, 26.0
ratio, 0.40404040404
[[ 17.   8.  11.]
 [  3.  23.   2.]
 [ 12.  12.  12.]]
cf_score, 29.0
ratio, 0.525252525253
[[  8.   4.  13.]
 [  3.  28.  12.]
 [ 12.   9.  11.]]
cf_score, 22.0
ratio, 0.474747474747
[[ 18.   6.   5.]
 [  8.  20.  12.]
 [  9.  11.  11.]]
cf_score, 35.0
ratio, 0.494949494949
[[ 12.  10.   8.]
 [  8.  17.   9.]
 [  7.  12.  17.]]
cf_score, 31.0
ratio, 0.464646464646
[[ 13.   6.  11.]
 [  7.  16.   8.]
 [ 12.   9.  18.]]
cf_score, 24.0
ratio, 0.474747474747
[[ 12.  11.  11.]
 [  6.  17.  11.]
 [  3.   6.  23.]]
cf_score, 38.0
ratio, 0.525252525253
[[ 14.   9.   8.]
 [  8.  17.  13.]
 [  7.  10.  14.]]
cf_score, 30.0
ratio, 0.454545454545
[[ 24.   6.   5.]
 [  7.  25.   5.]
 [  5.   9.  14.]]
cf_score, 53.0
ratio, 0.636363636364
[[ 16.   6.   6.]
 [  9.  12.   8.]
 [ 13.  10.  20.]]
cf_score, 29.0
ratio, 0.484848484848
[[ 15.   8.   5.]
 [  9.  22.   9.]
 [  5.  13.  14.]]
cf_score, 41.0
ratio, 0.515151515152
[[ 18.  10.   8.]
 [  9.  20.   6.]
 [  5.   5.  19.]]
cf_score, 44.0
ratio, 0.575757575758
[[ 24.   4.   1.]
 [ 14.  22.   8.]
 [ 11.   5.  11.]]
cf_score, 45.0
ratio, 0.575757575758
[[ 19.   5.   7.]
 [ 13.  17.   4.]
 [  5.  10.  20.]]
cf_score, 44.0
ratio, 0.565656565657
[[ 22.   5.   5.]
 [ 12.  20.   3.]
 [ 15.   9.   9.]]
cf_score, 31.0
ratio, 0.515151515152
[[ 20.   5.   1.]
 [ 12.  30.   6.]
 [  8.  10.   8.]]
cf_score, 49.0
ratio, 0.585858585859
[[ 20.   9.   7.]
 [ 10.  19.   7.]
 [  5.  10.  13.]]
cf_score, 40.0
ratio, 0.525252525253
[[ 10.   7.  10.]
 [  6.  21.   8.]
 [  6.   8.  24.]]
cf_score, 39.0
ratio, 0.555555555556
[[ 22.   8.   2.]
 [ 12.  20.   7.]
 [  5.   5.  19.]]
cf_score, 54.0
ratio, 0.616161616162
[[ 22.   2.   5.]
 [ 11.  22.   7.]
 [  5.   3.  23.]]
cf_score, 57.0
ratio, 0.676767676768
[[ 16.   3.   6.]
 [  9.  19.  10.]
 [  7.  11.  19.]]
cf_score, 41.0
ratio, 0.545454545455
[[ 14.   6.   4.]
 [  9.  21.   9.]
 [ 17.   6.  14.]]
cf_score, 28.0
ratio, 0.494949494949
[[ 16.   9.   5.]
 [  7.  22.   6.]
 [  6.  15.  14.]]
cf_score, 41.0
ratio, 0.525252525253
[[ 19.   8.   6.]
 [  9.  19.   7.]
 [  7.  10.  15.]]
cf_score, 40.0
ratio, 0.535353535354
[[ 14.   8.   7.]
 [  8.  22.   4.]
 [ 10.   8.  19.]]
cf_score, 38.0
ratio, 0.555555555556
[[ 22.   7.   9.]
 [  6.  14.   8.]
 [ 11.   8.  15.]]
cf_score, 31.0
ratio, 0.515151515152
[[ 17.   8.   3.]
 [ 10.  15.  13.]
 [  7.  10.  17.]]
cf_score, 39.0
ratio, 0.494949494949
[[ 15.   3.   4.]
 [ 14.  24.   9.]
 [  5.   3.  23.]]
cf_score, 53.0
ratio, 0.626262626263
[[ 20.   6.   5.]
 [  6.  22.  10.]
 [  4.  11.  16.]]
cf_score, 49.0
ratio, 0.585858585859
[[ 14.  10.   5.]
 [  4.  23.   8.]
 [  7.  14.  15.]]
cf_score, 40.0
ratio, 0.525252525253
[[ 24.   5.   5.]
 [  5.  16.   5.]
 [ 14.  12.  14.]]
cf_score, 35.0
ratio, 0.545454545455
[[ 14.   6.  11.]
 [  7.  23.   4.]
 [ 11.   9.  15.]]
cf_score, 30.0
ratio, 0.525252525253
[[ 13.   7.  13.]
 [  5.  18.  10.]
 [  6.  10.  18.]]
cf_score, 30.0
ratio, 0.494949494949
[[ 17.   2.   5.]
 [ 10.  21.   5.]
 [ 12.  10.  18.]]
cf_score, 39.0
ratio, 0.565656565657
[[ 18.   5.   9.]
 [  8.  25.   8.]
 [  3.   8.  16.]]
cf_score, 47.0
ratio, 0.59595959596
[[ 24.   9.   3.]
 [  5.  21.   8.]
 [  7.   9.  14.]]
cf_score, 49.0
ratio, 0.59595959596
[[ 23.   5.   4.]
 [  4.  20.  14.]
 [  5.  10.  15.]]
cf_score, 49.0
ratio, 0.585858585859
[[ 22.   7.   1.]
 [  9.  22.   5.]
 [  9.   9.  16.]]
cf_score, 50.0
ratio, 0.606060606061
[[ 12.   5.   2.]
 [ 17.  26.   5.]
 [ 12.  10.  11.]]
cf_score, 35.0
ratio, 0.494949494949
[[ 20.  11.   3.]
 [  6.  22.   7.]
 [  6.  11.  14.]]
cf_score, 47.0
ratio, 0.565656565657
[[ 24.   3.  13.]
 [  4.  25.   4.]
 [  8.   5.  14.]]
cf_score, 42.0
ratio, 0.636363636364
[[ 19.   9.   8.]
 [  3.  26.   7.]
 [  3.  11.  14.]]
cf_score, 48.0
ratio, 0.59595959596
[[ 18.   8.   4.]
 [  8.  22.   6.]
 [  8.  11.  15.]]
cf_score, 43.0
ratio, 0.555555555556
[[ 18.   5.   6.]
 [ 10.  21.   1.]
 [ 14.  10.  15.]]
cf_score, 34.0
ratio, 0.545454545455
[[ 17.   4.  10.]
 [  7.  23.   4.]
 [  9.  10.  16.]]
cf_score, 37.0
ratio, 0.565656565657
[[ 25.   3.   5.]
 [  6.  21.   6.]
 [  5.  12.  17.]]
cf_score, 53.0
ratio, 0.636363636364
[[ 20.   5.   8.]
 [  9.  17.   7.]
 [  6.  10.  18.]]
cf_score, 41.0
ratio, 0.555555555556
[[ 10.   4.   7.]
 [  7.  27.   8.]
 [  9.   9.  19.]]
cf_score, 40.0
ratio, 0.565656565657
[[ 20.  12.   7.]
 [  6.  21.   4.]
 [  7.  10.  13.]]
cf_score, 40.0
ratio, 0.545454545455
[[ 16.   3.   3.]
 [ 10.  29.   8.]
 [  9.   8.  14.]]
cf_score, 47.0
ratio, 0.59595959596
[[ 18.   5.   5.]
 [  7.  14.   7.]
 [ 12.  12.  20.]]
cf_score, 35.0
ratio, 0.525252525253
[[ 17.   7.   7.]
 [  8.  29.   6.]
 [  3.   9.  14.]]
cf_score, 50.0
ratio, 0.606060606061
[[  9.  12.   7.]
 [ 11.  22.   5.]
 [  9.  13.  12.]]
cf_score, 27.0
ratio, 0.434343434343
[[ 10.   9.   6.]
 [  9.  29.   3.]
 [ 11.   7.  16.]]
cf_score, 38.0
ratio, 0.555555555556
[[ 16.   4.   4.]
 [  6.  28.   4.]
 [  8.  13.  17.]]
cf_score, 49.0
ratio, 0.616161616162
[[ 17.   5.   6.]
 [  7.  24.  11.]
 [  6.   7.  17.]]
cf_score, 46.0
ratio, 0.585858585859
[[ 20.   7.   4.]
 [  3.  21.  10.]
 [  5.  10.  20.]]
cf_score, 52.0
ratio, 0.616161616162
[[ 22.  10.   5.]
 [  6.  20.   6.]
 [  6.   9.  16.]]
cf_score, 47.0
ratio, 0.585858585859
[[ 20.   6.   5.]
 [  8.  22.  11.]
 [ 11.   9.   8.]]
cf_score, 34.0
ratio, 0.505050505051
[[ 19.   5.   8.]
 [ 10.  21.   4.]
 [  4.  10.  19.]]
cf_score, 47.0
ratio, 0.59595959596
[[ 16.  10.   9.]
 [  8.  25.   6.]
 [  3.   6.  17.]]
cf_score, 46.0
ratio, 0.585858585859
[[ 21.   6.   6.]
 [  5.  20.  11.]
 [  5.   6.  20.]]
cf_score, 50.0
ratio, 0.616161616162
[[ 28.   5.   4.]
 [ 10.  14.   9.]
 [  5.  10.  15.]]
cf_score, 48.0
ratio, 0.575757575758
[[ 18.   8.   7.]
 [  5.  23.   6.]
 [  6.  10.  17.]]
cf_score, 45.0
ratio, 0.585858585859
[[ 25.   5.   8.]
 [  8.  20.   5.]
 [  7.  10.  12.]]
cf_score, 42.0
ratio, 0.575757575758
[[ 17.   5.   8.]
 [ 11.  24.   4.]
 [  8.   9.  14.]]
cf_score, 39.0
ratio, 0.555555555556
[[ 17.   6.   7.]
 [ 10.  14.   7.]
 [  8.   9.  22.]]
cf_score, 38.0
ratio, 0.535353535354
[[ 13.  12.   7.]
 [  4.  21.   9.]
 [  7.   3.  24.]]
cf_score, 44.0
ratio, 0.585858585859
[[ 23.   7.   5.]
 [  7.  29.   5.]
 [  4.   9.  11.]]
cf_score, 54.0
ratio, 0.636363636364
[[ 27.   3.   6.]
 [  9.  16.   0.]
 [ 12.  11.  16.]]
cf_score, 41.0
ratio, 0.59595959596
[[ 11.   9.   6.]
 [ 12.  21.   4.]
 [  7.  12.  18.]]
cf_score, 37.0
ratio, 0.505050505051
[[ 32.   0.   7.]
 [  6.  13.   7.]
 [  8.  11.  16.]]
cf_score, 46.0
ratio, 0.616161616162
[[ 29.   5.   5.]
 [  8.  14.   6.]
 [  6.  11.  16.]]
cf_score, 48.0
ratio, 0.59595959596
[[ 28.   5.   3.]
 [ 13.  19.   4.]
 [  5.  11.  12.]]
cf_score, 51.0
ratio, 0.59595959596
[[ 10.   9.   8.]
 [ 10.  17.   6.]
 [ 13.  17.  10.]]
cf_score, 16.0
ratio, 0.373737373737
[[ 10.   7.   1.]
 [ 12.  18.   9.]
 [  8.   9.  26.]]
cf_score, 45.0
ratio, 0.545454545455
[[ 18.   4.   8.]
 [  4.  23.   9.]
 [  9.   6.  19.]]
cf_score, 43.0
ratio, 0.606060606061
[[ 16.   9.   7.]
 [ 10.  21.   5.]
 [  5.  14.  13.]]
cf_score, 38.0
ratio, 0.505050505051
[[ 19.   6.   5.]
 [  6.  26.   7.]
 [  8.  11.  12.]]
cf_score, 44.0
ratio, 0.575757575758
[[ 13.   7.   7.]
 [  8.  24.   7.]
 [  6.  13.  15.]]
cf_score, 39.0
ratio, 0.525252525253
[[ 19.  11.   3.]
 [  6.  24.   1.]
 [  8.  11.  17.]]
cf_score, 49.0
ratio, 0.606060606061
[[ 27.   3.   3.]
 [  8.  26.   4.]
 [  8.  11.  10.]]
cf_score, 52.0
ratio, 0.636363636364
[[ 19.   6.  10.]
 [  9.  18.   3.]
 [  9.  10.  16.]]
cf_score, 34.0
ratio, 0.535353535354
[[ 18.   8.   9.]
 [  5.  18.   3.]
 [  5.  11.  23.]]
cf_score, 45.0
ratio, 0.59595959596
[[ 14.   7.   6.]
 [  7.  19.   4.]
 [  7.  10.  26.]]
cf_score, 46.0
ratio, 0.59595959596
[[ 18.   9.   6.]
 [  7.  27.   4.]
 [  8.   6.  15.]]
cf_score, 46.0
ratio, 0.606060606061
[[ 16.   5.   7.]
 [  7.  25.   8.]
 [  6.  11.  15.]]
cf_score, 43.0
ratio, 0.565656565657
[[ 12.   5.   4.]
 [  8.  27.   2.]
 [ 12.  12.  18.]]
cf_score, 41.0
ratio, 0.575757575758
[[ 16.   6.   5.]
 [  8.  23.   8.]
 [  7.  16.  11.]]
cf_score, 38.0
ratio, 0.505050505051
[[ 20.  15.   3.]
 [  6.  16.   4.]
 [  6.  10.  20.]]
cf_score, 47.0
ratio, 0.565656565657
[[ 21.   1.   4.]
 [  7.  22.   4.]
 [  7.   8.  26.]]
cf_score, 58.0
ratio, 0.69696969697
[[ 12.  10.   7.]
 [  5.  31.   6.]
 [  9.   6.  14.]]
cf_score, 41.0
ratio, 0.575757575758
[[ 16.   9.   8.]
 [  7.  24.   6.]
 [  5.  10.  15.]]
cf_score, 42.0
ratio, 0.555555555556
