[[  0.  20.  22.]
 [  0.  13.  17.]
 [  0.   9.  19.]]
cf_score, 10.0
nv_score, -42.0
ratio, 0.323232323232
[[ 24.   6.  19.]
 [ 17.   3.   7.]
 [ 11.   1.  12.]]
cf_score, 9.0
nv_score, -33.0
ratio, 0.393939393939
[[ 21.  11.   8.]
 [  9.  11.   6.]
 [  9.   8.  17.]]
cf_score, 32.0
nv_score, -5.0
ratio, 0.494949494949
[[ 12.   7.   9.]
 [ 11.   8.  12.]
 [ 17.  13.  11.]]
cf_score, 5.0
nv_score, -19.0
ratio, 0.313131313131
[[ 23.   7.   5.]
 [ 17.   6.   4.]
 [ 20.   5.  13.]]
cf_score, 17.0
nv_score, -1.0
ratio, 0.424242424242
[[ 21.  10.   3.]
 [ 12.  11.  10.]
 [ 10.  10.  13.]]
cf_score, 32.0
nv_score, -3.0
ratio, 0.454545454545
[[ 13.   4.   9.]
 [ 10.  17.  12.]
 [ 12.   3.  20.]]
cf_score, 29.0
nv_score, -10.0
ratio, 0.505050505051
[[ 18.   4.   7.]
 [ 13.   5.  13.]
 [ 13.  14.  13.]]
cf_score, 16.0
nv_score, -14.0
ratio, 0.363636363636
[[ 16.  14.   7.]
 [ 16.   5.  11.]
 [ 12.   8.  11.]]
cf_score, 13.0
nv_score, -14.0
ratio, 0.323232323232
[[ 24.  10.   1.]
 [ 23.  10.   5.]
 [  8.  17.   2.]]
cf_score, 27.0
nv_score, -5.0
ratio, 0.363636363636
[[ 15.  18.   2.]
 [ 11.   7.   7.]
 [ 10.  10.  20.]]
cf_score, 30.0
nv_score, 9.0
ratio, 0.424242424242
[[ 13.   9.   4.]
 [ 15.  22.   6.]
 [ 11.   7.  13.]]
cf_score, 33.0
nv_score, -1.0
ratio, 0.484848484848
[[ 12.  13.   5.]
 [ 11.  19.   6.]
 [ 11.  14.   9.]]
cf_score, 24.0
nv_score, -7.0
ratio, 0.40404040404
[[ 24.  10.   4.]
 [ 11.  11.   3.]
 [ 16.   8.  13.]]
cf_score, 28.0
nv_score, 2.0
ratio, 0.484848484848
[[ 17.   9.   4.]
 [ 16.  15.  10.]
 [ 12.   8.   9.]]
cf_score, 25.0
nv_score, -9.0
ratio, 0.414141414141
[[ 22.  12.   3.]
 [ 10.  18.   3.]
 [  9.   6.  17.]]
cf_score, 45.0
nv_score, 8.0
ratio, 0.575757575758
[[ 19.   8.   6.]
 [ 14.  16.   9.]
 [  8.   7.  13.]]
cf_score, 34.0
nv_score, -8.0
ratio, 0.484848484848
[[ 27.   9.   7.]
 [ 12.  12.   5.]
 [  9.   8.  11.]]
cf_score, 34.0
nv_score, -8.0
ratio, 0.505050505051
[[  9.  13.   8.]
 [ 11.  16.   4.]
 [ 15.   8.  16.]]
cf_score, 18.0
nv_score, -4.0
ratio, 0.414141414141
[[ 22.   5.   4.]
 [ 12.  16.   8.]
 [  6.  10.  17.]]
cf_score, 45.0
nv_score, 1.0
ratio, 0.555555555556
[[ 17.  12.   6.]
 [ 13.  16.   8.]
 [  6.  10.  12.]]
cf_score, 33.0
nv_score, -8.0
ratio, 0.454545454545
[[ 16.  11.   4.]
 [ 15.  23.   5.]
 [  9.   6.  11.]]
cf_score, 37.0
nv_score, -2.0
ratio, 0.505050505051
[[ 23.  12.   6.]
 [  9.  15.   2.]
 [ 16.   5.  12.]]
cf_score, 28.0
nv_score, -2.0
ratio, 0.505050505051
[[ 22.   8.   5.]
 [ 12.  17.  11.]
 [  6.   3.  16.]]
cf_score, 44.0
nv_score, -5.0
ratio, 0.555555555556
[[ 23.   6.   7.]
 [ 11.  13.   9.]
 [ 11.   6.  14.]]
cf_score, 32.0
nv_score, -9.0
ratio, 0.505050505051
[[ 21.   9.   7.]
 [ 14.  16.   6.]
 [ 11.   5.  11.]]
cf_score, 30.0
nv_score, -9.0
ratio, 0.484848484848
[[ 16.  12.   8.]
 [  4.  13.   5.]
 [  9.  17.  16.]]
cf_score, 28.0
nv_score, -5.0
ratio, 0.454545454545
[[ 21.  11.   6.]
 [ 11.  13.  10.]
 [  7.   7.  14.]]
cf_score, 35.0
nv_score, -8.0
ratio, 0.484848484848
[[ 22.   8.   9.]
 [  6.  11.   6.]
 [ 15.   8.  15.]]
cf_score, 24.0
nv_score, -9.0
ratio, 0.484848484848
[[ 21.   5.   6.]
 [ 13.  14.  10.]
 [  6.   7.  18.]]
cf_score, 41.0
nv_score, -4.0
ratio, 0.535353535354
[[ 18.   8.   5.]
 [ 14.  15.   7.]
 [  8.   7.  18.]]
cf_score, 38.0
nv_score, 1.0
ratio, 0.515151515152
[[ 23.  14.   6.]
 [  8.  14.  16.]
 [  5.   5.   9.]]
cf_score, 35.0
nv_score, -19.0
ratio, 0.464646464646
[[ 26.   8.   2.]
 [  5.  15.   8.]
 [ 12.   9.  15.]]
cf_score, 42.0
nv_score, 3.0
ratio, 0.565656565657
[[ 16.   8.   5.]
 [ 20.  12.   4.]
 [ 13.  11.  11.]]
cf_score, 21.0
nv_score, -3.0
ratio, 0.393939393939
[[ 20.  17.   8.]
 [ 12.   9.   3.]
 [  4.   9.  18.]]
cf_score, 35.0
nv_score, -1.0
ratio, 0.474747474747
[[ 26.   6.   2.]
 [ 19.   8.   5.]
 [ 13.  11.  10.]]
cf_score, 29.0
nv_score, 1.0
ratio, 0.444444444444
[[ 20.  12.   6.]
 [ 12.  11.  11.]
 [ 11.   9.   8.]]
cf_score, 22.0
nv_score, -15.0
ratio, 0.393939393939
[[ 20.  10.   4.]
 [ 14.  11.  12.]
 [ 10.  10.   9.]]
cf_score, 26.0
nv_score, -11.0
ratio, 0.40404040404
[[ 15.   7.   6.]
 [ 13.  10.  13.]
 [ 12.   5.  19.]]
cf_score, 26.0
nv_score, -6.0
ratio, 0.444444444444
[[ 21.  11.   2.]
 [  7.  15.   7.]
 [  9.  10.  18.]]
cf_score, 43.0
nv_score, 7.0
ratio, 0.545454545455
[[ 22.   7.   6.]
 [ 13.   8.   7.]
 [ 13.  13.  11.]]
cf_score, 22.0
nv_score, -8.0
ratio, 0.414141414141
[[ 25.   8.   4.]
 [ 11.  14.  11.]
 [  8.   6.  13.]]
cf_score, 40.0
nv_score, -6.0
ratio, 0.525252525253
[[ 14.  10.   8.]
 [ 16.   8.   9.]
 [ 18.   4.  13.]]
cf_score, 9.0
nv_score, -12.0
ratio, 0.353535353535
[[ 11.  11.   7.]
 [ 22.  13.   3.]
 [ 13.  12.   8.]]
cf_score, 12.0
nv_score, -9.0
ratio, 0.323232323232
[[ 20.  10.   3.]
 [ 13.  11.   7.]
 [ 17.   7.  12.]]
cf_score, 23.0
nv_score, -1.0
ratio, 0.434343434343
[[ 19.   7.   5.]
 [ 10.  13.   4.]
 [ 14.  13.  15.]]
cf_score, 28.0
nv_score, 1.0
ratio, 0.474747474747
[[ 14.   7.   4.]
 [ 18.   8.   8.]
 [ 10.  16.  15.]]
cf_score, 23.0
nv_score, -1.0
ratio, 0.373737373737
[[ 25.  10.   6.]
 [ 17.   7.   5.]
 [ 13.   4.  13.]]
cf_score, 26.0
nv_score, -4.0
ratio, 0.454545454545
[[ 21.  12.   6.]
 [  7.  13.   9.]
 [  9.   8.  15.]]
cf_score, 34.0
nv_score, -6.0
ratio, 0.494949494949
[[ 16.   5.   4.]
 [ 14.  13.   5.]
 [ 17.  15.  11.]]
cf_score, 19.0
nv_score, -2.0
ratio, 0.40404040404
