[[  0.   0.  39.]
 [  0.   0.  35.]
 [  0.   0.  26.]]
cf_score, -13.0
nv_score, -87.0
ratio, 0.262626262626
[[  0.   0.  30.]
 [  0.   0.  42.]
 [  0.   0.  28.]]
cf_score, -2.0
nv_score, -74.0
ratio, 0.282828282828
[[  0.   1.  27.]
 [  0.   0.  46.]
 [  0.   2.  24.]]
cf_score, -3.0
nv_score, -76.0
ratio, 0.242424242424
[[  0.  24.  12.]
 [  0.  25.  13.]
 [  0.  16.  10.]]
cf_score, 23.0
nv_score, -27.0
ratio, 0.353535353535
[[  0.  17.   7.]
 [  0.  36.  14.]
 [  1.  17.   8.]]
cf_score, 36.0
nv_score, -20.0
ratio, 0.444444444444
[[  2.  21.   8.]
 [  0.  28.   6.]
 [  3.  24.   8.]]
cf_score, 27.0
nv_score, -14.0
ratio, 0.383838383838
[[  3.  25.   8.]
 [  0.  24.  15.]
 [  2.  17.   6.]]
cf_score, 23.0
nv_score, -25.0
ratio, 0.333333333333
[[  1.  25.   9.]
 [  0.  21.  13.]
 [  7.  13.  11.]]
cf_score, 17.0
nv_score, -20.0
ratio, 0.333333333333
[[  5.  10.  11.]
 [  1.  25.  11.]
 [  5.  25.   7.]]
cf_score, 21.0
nv_score, -26.0
ratio, 0.373737373737
[[  5.  20.   5.]
 [  2.  23.  20.]
 [  6.   9.  10.]]
cf_score, 27.0
nv_score, -20.0
ratio, 0.383838383838
[[  5.  25.   7.]
 [  2.  15.  17.]
 [  2.  17.  10.]]
cf_score, 21.0
nv_score, -21.0
ratio, 0.30303030303
[[  4.  14.   7.]
 [  6.  20.  14.]
 [  2.  23.  10.]]
cf_score, 25.0
nv_score, -18.0
ratio, 0.343434343434
[[  6.  17.  17.]
 [  4.  23.  13.]
 [  7.   7.   6.]]
cf_score, 11.0
nv_score, -41.0
ratio, 0.353535353535
[[  7.  18.  11.]
 [  1.  29.  11.]
 [  5.   9.   9.]]
cf_score, 29.0
nv_score, -24.0
ratio, 0.454545454545
[[  3.  16.   9.]
 [  3.  23.  16.]
 [ 12.  12.   6.]]
cf_score, 11.0
nv_score, -28.0
ratio, 0.323232323232
[[  7.  14.  10.]
 [ 12.  19.  15.]
 [  4.   9.  10.]]
cf_score, 22.0
nv_score, -25.0
ratio, 0.363636363636
[[  2.  16.  19.]
 [  8.  17.  16.]
 [  8.   8.   6.]]
cf_score, -2.0
nv_score, -48.0
ratio, 0.252525252525
[[ 11.  14.  12.]
 [ 13.   9.  16.]
 [  8.   8.   9.]]
cf_score, 9.0
nv_score, -31.0
ratio, 0.292929292929
[[ 19.   6.  10.]
 [ 28.   3.  14.]
 [ 14.   0.   6.]]
cf_score, 4.0
nv_score, -28.0
ratio, 0.282828282828
[[ 13.   0.  12.]
 [ 31.   0.  16.]
 [ 20.   0.   8.]]
cf_score, -11.0
nv_score, -32.0
ratio, 0.212121212121
[[ 23.   0.  12.]
 [ 24.   0.  13.]
 [ 22.   0.   6.]]
cf_score, -5.0
nv_score, -31.0
ratio, 0.292929292929
[[ 19.   0.  15.]
 [ 25.   0.  12.]
 [ 20.   0.   9.]]
cf_score, -7.0
nv_score, -33.0
ratio, 0.282828282828
[[ 19.   0.  11.]
 [ 27.   0.  15.]
 [ 16.   0.  12.]]
cf_score, 4.0
nv_score, -25.0
ratio, 0.313131313131
[[ 20.   0.  13.]
 [ 32.   0.  11.]
 [ 16.   0.   8.]]
cf_score, -1.0
nv_score, -29.0
ratio, 0.282828282828
[[ 20.   0.  14.]
 [ 24.   0.  14.]
 [ 19.   0.   9.]]
cf_score, -4.0
nv_score, -33.0
ratio, 0.292929292929
[[ 23.   0.  13.]
 [ 26.   0.   9.]
 [ 19.   0.  10.]]
cf_score, 1.0
nv_score, -25.0
ratio, 0.333333333333
[[ 20.   0.  14.]
 [ 24.   0.  10.]
 [ 30.   0.   2.]]
cf_score, -22.0
nv_score, -36.0
ratio, 0.222222222222
[[ 23.   0.  11.]
 [ 22.   0.  15.]
 [ 19.   0.  10.]]
cf_score, 3.0
nv_score, -27.0
ratio, 0.333333333333
[[ 24.   0.  10.]
 [ 25.   0.  13.]
 [ 18.   0.  10.]]
cf_score, 6.0
nv_score, -23.0
ratio, 0.343434343434
[[ 14.   0.  17.]
 [ 26.   0.  13.]
 [ 20.   0.  10.]]
cf_score, -13.0
nv_score, -37.0
ratio, 0.242424242424
[[ 21.   0.  17.]
 [ 27.   0.  14.]
 [ 15.   0.   6.]]
cf_score, -5.0
nv_score, -42.0
ratio, 0.272727272727
[[ 13.   0.  20.]
 [ 23.   0.  13.]
 [ 16.   0.  15.]]
cf_score, -8.0
nv_score, -38.0
ratio, 0.282828282828
[[ 17.   0.  18.]
 [ 24.   0.  14.]
 [ 12.   0.  15.]]
cf_score, 2.0
nv_score, -35.0
ratio, 0.323232323232
[[ 20.   0.   9.]
 [ 33.   0.  10.]
 [ 19.   0.   9.]]
cf_score, 1.0
nv_score, -19.0
ratio, 0.292929292929
[[ 18.   0.  18.]
 [ 30.   0.  12.]
 [ 16.   0.   6.]]
cf_score, -10.0
nv_score, -42.0
ratio, 0.242424242424
[[ 28.   0.  10.]
 [ 27.   0.   7.]
 [ 23.   0.   5.]]
cf_score, 0.0
nv_score, -22.0
ratio, 0.333333333333
[[ 19.   0.   8.]
 [ 34.   0.   9.]
 [ 19.   0.  11.]]
cf_score, 3.0
nv_score, -14.0
ratio, 0.30303030303
[[ 17.   0.  16.]
 [ 30.   0.   7.]
 [ 23.   0.   7.]]
cf_score, -15.0
nv_score, -32.0
ratio, 0.242424242424
[[ 29.   0.  13.]
 [ 28.   0.  11.]
 [ 11.   0.   8.]]
cf_score, 13.0
nv_score, -29.0
ratio, 0.373737373737
[[ 22.   0.  13.]
 [ 27.   0.  12.]
 [ 19.   0.   7.]]
cf_score, -3.0
nv_score, -31.0
ratio, 0.292929292929
[[ 19.   0.  11.]
 [ 29.   0.  12.]
 [ 19.   0.  10.]]
cf_score, -1.0
nv_score, -24.0
ratio, 0.292929292929
[[ 20.   0.  22.]
 [ 26.   0.  12.]
 [ 15.   2.   3.]]
cf_score, -14.0
nv_score, -53.0
ratio, 0.232323232323
[[ 27.   2.   8.]
 [ 21.   5.  12.]
 [ 12.   7.   6.]]
cf_score, 18.0
nv_score, -22.0
ratio, 0.383838383838
[[ 17.   7.  16.]
 [ 15.  23.   4.]
 [  3.  12.   3.]]
cf_score, 24.0
nv_score, -33.0
ratio, 0.434343434343
[[ 13.  10.  12.]
 [  9.  20.  10.]
 [  2.  20.   4.]]
cf_score, 23.0
nv_score, -30.0
ratio, 0.373737373737
[[ 15.  16.   2.]
 [ 16.  15.   3.]
 [  4.  26.   3.]]
cf_score, 27.0
nv_score, -4.0
ratio, 0.333333333333
[[ 23.   8.   3.]
 [ 15.  21.   2.]
 [  6.  19.   3.]]
cf_score, 38.0
nv_score, -5.0
ratio, 0.474747474747
[[ 26.  10.   1.]
 [ 10.  22.   5.]
 [  9.  16.   1.]]
cf_score, 39.0
nv_score, -6.0
ratio, 0.494949494949
[[ 14.   7.   3.]
 [  9.  27.   2.]
 [  9.  26.   3.]]
cf_score, 32.0
nv_score, -5.0
ratio, 0.444444444444
[[ 21.  11.   2.]
 [  7.  19.   4.]
 [  8.  26.   2.]]
cf_score, 32.0
nv_score, -6.0
ratio, 0.424242424242
