[[ 19.   5.   0.]
 [  4.  27.   0.]
 [ 17.  28.   0.]]
cf_score, 29.0
ratio, 0.464646464646
[[ 29.  14.   0.]
 [  5.  25.   1.]
 [  7.  19.   0.]]
cf_score, 47.0
ratio, 0.545454545455
[[ 27.   9.   0.]
 [  5.  19.   1.]
 [ 13.  24.   2.]]
cf_score, 35.0
ratio, 0.484848484848
[[ 22.   7.   2.]
 [  5.  32.   0.]
 [  8.  21.   3.]]
cf_score, 47.0
ratio, 0.575757575758
[[ 26.   9.   3.]
 [  2.  25.   3.]
 [  5.  17.  10.]]
cf_score, 53.0
ratio, 0.616161616162
[[ 28.   3.   3.]
 [  3.  30.   4.]
 [  5.  17.   7.]]
cf_score, 57.0
ratio, 0.656565656566
[[ 27.   7.   5.]
 [  1.  22.   2.]
 [  6.  25.   5.]]
cf_score, 43.0
ratio, 0.545454545455
[[ 17.   9.   8.]
 [  2.  31.   1.]
 [  3.  22.   7.]]
cf_score, 44.0
ratio, 0.555555555556
[[ 26.   5.   6.]
 [  4.  21.   1.]
 [  4.  26.   7.]]
cf_score, 44.0
ratio, 0.545454545455
[[ 24.   6.   3.]
 [  2.  23.   2.]
 [  7.  21.  12.]]
cf_score, 49.0
ratio, 0.59595959596
[[ 22.  10.   2.]
 [  3.  26.   1.]
 [  4.  26.   6.]]
cf_score, 48.0
ratio, 0.545454545455
[[ 24.  12.   6.]
 [  3.  18.   1.]
 [  8.  20.   8.]]
cf_score, 36.0
ratio, 0.505050505051
[[ 33.   8.   2.]
 [  2.  22.   1.]
 [  6.  18.   8.]]
cf_score, 55.0
ratio, 0.636363636364
[[ 19.  11.   4.]
 [  1.  29.   1.]
 [  5.  21.   9.]]
cf_score, 48.0
ratio, 0.575757575758
[[ 25.   7.   5.]
 [  2.  28.   5.]
 [  6.  12.  10.]]
cf_score, 52.0
ratio, 0.636363636364
[[ 32.   5.   4.]
 [  1.  24.   4.]
 [  5.  16.   9.]]
cf_score, 56.0
ratio, 0.656565656566
[[ 19.  10.   8.]
 [  5.  23.   4.]
 [  2.  14.  15.]]
cf_score, 47.0
ratio, 0.575757575758
[[ 21.   9.   4.]
 [  3.  21.   4.]
 [  5.  19.  14.]]
cf_score, 47.0
ratio, 0.565656565657
[[ 33.   4.   1.]
 [  1.  24.   1.]
 [  8.  16.  12.]]
cf_score, 60.0
ratio, 0.69696969697
[[ 16.   9.   5.]
 [  3.  23.   7.]
 [  3.  25.   9.]]
cf_score, 40.0
ratio, 0.484848484848
[[ 27.   5.   3.]
 [  2.  20.   5.]
 [  2.  19.  17.]]
cf_score, 59.0
ratio, 0.646464646465
[[ 17.   2.   5.]
 [  1.  26.  10.]
 [  6.  12.  21.]]
cf_score, 53.0
ratio, 0.646464646465
[[ 18.  10.   4.]
 [  0.  29.   4.]
 [  5.  23.   7.]]
cf_score, 45.0
ratio, 0.545454545455
[[ 26.   9.   6.]
 [  2.  21.   0.]
 [  7.  20.   9.]]
cf_score, 43.0
ratio, 0.565656565657
[[ 28.   4.   7.]
 [  1.  17.   6.]
 [  5.  18.  14.]]
cf_score, 47.0
ratio, 0.59595959596
[[ 26.   4.  12.]
 [  2.  22.   3.]
 [  4.  15.  12.]]
cf_score, 44.0
ratio, 0.606060606061
[[ 29.   5.   5.]
 [  3.  24.   3.]
 [  4.  11.  16.]]
cf_score, 60.0
ratio, 0.69696969697
[[ 23.  10.   6.]
 [  4.  24.   2.]
 [  5.  12.  14.]]
cf_score, 50.0
ratio, 0.616161616162
[[ 19.   7.   4.]
 [  4.  19.   7.]
 [  5.  14.  21.]]
cf_score, 50.0
ratio, 0.59595959596
[[ 31.  11.   2.]
 [  1.  19.   4.]
 [  4.  12.  16.]]
cf_score, 60.0
ratio, 0.666666666667
[[ 21.   6.   9.]
 [  2.  21.   6.]
 [  1.  18.  16.]]
cf_score, 48.0
ratio, 0.585858585859
[[ 22.   5.   2.]
 [  2.  22.   5.]
 [ 10.  20.  12.]]
cf_score, 44.0
ratio, 0.565656565657
[[ 24.   9.   2.]
 [  3.  26.   2.]
 [  1.  18.  15.]]
cf_score, 62.0
ratio, 0.656565656566
[[ 27.   4.   2.]
 [  4.  24.   5.]
 [  3.  20.  11.]]
cf_score, 57.0
ratio, 0.626262626263
[[ 29.   5.   5.]
 [  1.  24.   7.]
 [  2.  17.  10.]]
cf_score, 56.0
ratio, 0.636363636364
[[ 30.   6.   3.]
 [  1.  16.  10.]
 [  4.  17.  13.]]
cf_score, 52.0
ratio, 0.59595959596
[[ 25.   4.   5.]
 [  2.  21.   7.]
 [  5.  15.  16.]]
cf_score, 52.0
ratio, 0.626262626263
[[ 25.   8.   3.]
 [  5.  23.   5.]
 [  6.  16.   9.]]
cf_score, 48.0
ratio, 0.575757575758
[[ 22.   6.   4.]
 [  2.  14.   9.]
 [  3.  17.  23.]]
cf_score, 52.0
ratio, 0.59595959596
[[ 21.   7.   1.]
 [  4.  22.   6.]
 [  5.  20.  14.]]
cf_score, 51.0
ratio, 0.575757575758
[[ 27.   8.   6.]
 [  1.  14.   7.]
 [  3.  13.  21.]]
cf_score, 53.0
ratio, 0.626262626263
[[ 29.   8.   3.]
 [  2.  22.   1.]
 [  4.  19.  12.]]
cf_score, 56.0
ratio, 0.636363636364
[[ 28.   7.   6.]
 [  4.  13.   4.]
 [  4.  17.  17.]]
cf_score, 48.0
ratio, 0.585858585859
[[ 33.   4.   3.]
 [  1.  17.   6.]
 [  3.  18.  15.]]
cf_score, 59.0
ratio, 0.656565656566
[[ 17.   4.   3.]
 [  3.  32.   3.]
 [  5.  23.  10.]]
cf_score, 51.0
ratio, 0.59595959596
[[ 26.   4.   5.]
 [  0.  18.  11.]
 [  4.  14.  18.]]
cf_score, 53.0
ratio, 0.626262626263
[[ 21.   9.   3.]
 [  4.  19.   3.]
 [  6.  15.  20.]]
cf_score, 51.0
ratio, 0.606060606061
[[ 21.   6.   4.]
 [  2.  24.   5.]
 [  3.  25.  10.]]
cf_score, 48.0
ratio, 0.555555555556
[[ 21.   8.  11.]
 [  4.  19.   8.]
 [  3.  11.  15.]]
cf_score, 41.0
ratio, 0.555555555556
[[ 23.   4.   6.]
 [  5.  21.   2.]
 [  4.  13.  22.]]
cf_score, 56.0
ratio, 0.666666666667
[[ 24.   9.   4.]
 [  4.  16.   3.]
 [  6.  18.  16.]]
cf_score, 46.0
ratio, 0.565656565657
[[ 31.   6.   6.]
 [  2.  15.   3.]
 [  7.  21.   9.]]
cf_score, 42.0
ratio, 0.555555555556
[[ 25.   4.   3.]
 [  2.  21.   5.]
 [  4.  26.  10.]]
cf_score, 49.0
ratio, 0.565656565657
[[ 21.   4.   4.]
 [  3.  21.   5.]
 [  7.  22.  13.]]
cf_score, 44.0
ratio, 0.555555555556
[[ 21.   2.   3.]
 [  3.  32.   5.]
 [  6.  18.  10.]]
cf_score, 54.0
ratio, 0.636363636364
[[ 19.   8.   4.]
 [  4.  24.  10.]
 [  6.  17.   8.]]
cf_score, 41.0
ratio, 0.515151515152
[[ 29.  10.   3.]
 [  1.  19.   2.]
 [ 12.  12.  12.]]
cf_score, 45.0
ratio, 0.606060606061
[[ 30.   4.   4.]
 [  4.  24.   8.]
 [  3.  15.   8.]]
cf_score, 55.0
ratio, 0.626262626263
[[ 25.   4.   2.]
 [  1.  21.  11.]
 [  8.  14.  14.]]
cf_score, 50.0
ratio, 0.606060606061
[[ 34.   9.   1.]
 [  1.  18.   2.]
 [  4.  22.   9.]]
cf_score, 56.0
ratio, 0.616161616162
[[ 23.   7.   6.]
 [  3.  25.   7.]
 [  3.  17.   9.]]
cf_score, 48.0
ratio, 0.575757575758
[[ 29.   6.   1.]
 [  4.  18.   5.]
 [  3.  19.  15.]]
cf_score, 58.0
ratio, 0.626262626263
[[ 27.   7.   0.]
 [  2.  26.   6.]
 [  5.  12.  15.]]
cf_score, 63.0
ratio, 0.686868686869
[[ 35.   9.   4.]
 [  4.  15.   5.]
 [  3.  15.  10.]]
cf_score, 53.0
ratio, 0.606060606061
[[ 27.  10.   3.]
 [  0.  22.   8.]
 [  7.  16.   7.]]
cf_score, 46.0
ratio, 0.565656565657
[[ 19.   8.   1.]
 [  2.  28.   6.]
 [  8.  14.  14.]]
cf_score, 52.0
ratio, 0.616161616162
[[ 21.   9.   4.]
 [  1.  25.   9.]
 [  6.  18.   7.]]
cf_score, 43.0
ratio, 0.535353535354
[[ 25.   7.   6.]
 [  1.  22.   5.]
 [  3.  15.  16.]]
cf_score, 54.0
ratio, 0.636363636364
[[ 18.  11.   5.]
 [  4.  24.   4.]
 [  9.  14.  11.]]
cf_score, 39.0
ratio, 0.535353535354
[[ 27.   4.   6.]
 [  2.  24.   1.]
 [  7.  12.  17.]]
cf_score, 55.0
ratio, 0.686868686869
[[ 37.   5.   4.]
 [  0.  17.   6.]
 [  6.  13.  12.]]
cf_score, 56.0
ratio, 0.666666666667
[[ 24.   9.   3.]
 [  1.  17.   5.]
 [  8.  17.  16.]]
cf_score, 46.0
ratio, 0.575757575758
[[ 25.   7.   2.]
 [  1.  24.   4.]
 [  4.  17.  16.]]
cf_score, 59.0
ratio, 0.656565656566
[[ 26.   6.   2.]
 [  8.  15.   2.]
 [  2.  27.  12.]]
cf_score, 49.0
ratio, 0.535353535354
[[ 22.   5.   6.]
 [  6.  17.   7.]
 [ 10.  10.  17.]]
cf_score, 40.0
ratio, 0.565656565657
[[ 22.   6.   3.]
 [  3.  24.   3.]
 [  7.  20.  12.]]
cf_score, 48.0
ratio, 0.585858585859
[[ 19.   7.   6.]
 [  3.  26.   7.]
 [  4.  11.  17.]]
cf_score, 52.0
ratio, 0.626262626263
[[ 16.  11.   4.]
 [  1.  34.   5.]
 [  0.  22.   7.]]
cf_score, 53.0
ratio, 0.575757575758
[[ 27.   1.   1.]
 [  3.  21.   7.]
 [  4.  22.  14.]]
cf_score, 57.0
ratio, 0.626262626263
[[ 23.  10.   7.]
 [  5.  24.   0.]
 [  4.  19.   8.]]
cf_score, 44.0
ratio, 0.555555555556
[[ 19.   8.   3.]
 [  3.  19.   4.]
 [  4.  19.  21.]]
cf_score, 52.0
ratio, 0.59595959596
[[ 33.   4.   2.]
 [  1.  19.   5.]
 [  4.  16.  16.]]
cf_score, 62.0
ratio, 0.686868686869
[[ 26.   6.   3.]
 [  4.  20.   6.]
 [  5.  16.  14.]]
cf_score, 52.0
ratio, 0.606060606061
[[ 27.   5.   5.]
 [  1.  19.   2.]
 [  8.  14.  19.]]
cf_score, 52.0
ratio, 0.656565656566
[[ 27.   7.   9.]
 [  2.  17.   4.]
 [  3.  14.  17.]]
cf_score, 49.0
ratio, 0.616161616162
[[ 14.   6.   7.]
 [  2.  21.  10.]
 [  5.  13.  22.]]
cf_score, 45.0
ratio, 0.575757575758
[[ 24.   7.   6.]
 [  3.  21.  11.]
 [  2.  13.  13.]]
cf_score, 50.0
ratio, 0.585858585859
[[ 21.   8.   5.]
 [  3.  13.   5.]
 [  6.  19.  20.]]
cf_score, 43.0
ratio, 0.545454545455
[[ 18.  10.   2.]
 [  4.  24.   4.]
 [  6.  19.  13.]]
cf_score, 47.0
ratio, 0.555555555556
[[ 30.   4.   7.]
 [  3.  22.   4.]
 [  3.  21.   6.]]
cf_score, 48.0
ratio, 0.585858585859
[[ 30.   4.   6.]
 [  2.  20.   4.]
 [  2.  20.  12.]]
cf_score, 54.0
ratio, 0.626262626263
[[ 27.  12.   2.]
 [  3.  20.   7.]
 [  2.  16.  11.]]
cf_score, 54.0
ratio, 0.585858585859
[[ 30.   7.   1.]
 [  2.  16.   4.]
 [  7.  21.  12.]]
cf_score, 50.0
ratio, 0.585858585859
[[ 31.   6.   3.]
 [  2.  16.   8.]
 [  8.  11.  15.]]
cf_score, 51.0
ratio, 0.626262626263
[[ 35.   6.   1.]
 [  4.  18.   4.]
 [  4.  20.   8.]]
cf_score, 56.0
ratio, 0.616161616162
[[ 25.   9.   4.]
 [  2.  16.   3.]
 [  1.  20.  20.]]
cf_score, 56.0
ratio, 0.616161616162
[[ 20.   6.   2.]
 [  1.  21.   1.]
 [ 10.  23.  16.]]
cf_score, 45.0
ratio, 0.575757575758
[[ 26.  10.   3.]
 [  5.  23.   5.]
 [  1.  18.   9.]]
cf_score, 54.0
ratio, 0.585858585859
[[ 23.   5.   2.]
 [  4.  16.   6.]
 [  5.  26.  13.]]
cf_score, 45.0
ratio, 0.525252525253
[[ 28.   4.   1.]
 [  2.  23.   9.]
 [  5.  17.  11.]]
cf_score, 56.0
ratio, 0.626262626263
[[ 21.   5.   3.]
 [  2.  19.   7.]
 [  5.  23.  15.]]
cf_score, 47.0
ratio, 0.555555555556
[[ 21.   6.   4.]
 [  0.  25.   6.]
 [  7.  12.  19.]]
cf_score, 54.0
nv_score, 5.0
ratio, 0.656565656566
[[ 26.   2.   6.]
 [  0.  28.   8.]
 [  3.   9.  18.]]
cf_score, 63.0
nv_score, -2.0
ratio, 0.727272727273
[[ 27.   6.   6.]
 [  3.  21.   4.]
 [  5.  19.   9.]]
cf_score, 46.0
nv_score, -7.0
ratio, 0.575757575758
[[ 23.   6.   5.]
 [  4.  23.   6.]
 [  2.  19.  12.]]
cf_score, 51.0
nv_score, -4.0
ratio, 0.585858585859
[[ 18.   9.   3.]
 [  2.  26.   5.]
 [  5.  18.  14.]]
cf_score, 50.0
nv_score, 3.0
ratio, 0.585858585859
[[ 29.   8.   4.]
 [  4.  21.   8.]
 [  4.  10.  12.]]
cf_score, 54.0
nv_score, -4.0
ratio, 0.626262626263
[[ 26.   4.   4.]
 [  3.  25.   3.]
 [  4.  16.  15.]]
cf_score, 58.0
nv_score, 4.0
ratio, 0.666666666667
[[ 21.  10.   0.]
 [  2.  24.   3.]
 [  6.  21.  13.]]
cf_score, 52.0
nv_score, 10.0
ratio, 0.585858585859
[[ 25.   9.   3.]
 [  4.  21.   4.]
 [  5.  15.  14.]]
cf_score, 52.0
nv_score, 4.0
ratio, 0.606060606061
[[ 37.   7.   4.]
 [  2.  20.   5.]
 [  3.  12.  10.]]
cf_score, 60.0
nv_score, -3.0
ratio, 0.676767676768
[[ 30.   2.   5.]
 [  2.  25.   2.]
 [  6.  15.  13.]]
cf_score, 57.0
nv_score, 1.0
ratio, 0.686868686869
[[ 28.  10.   2.]
 [  1.  28.   2.]
 [  6.  13.  10.]]
cf_score, 58.0
nv_score, 4.0
ratio, 0.666666666667
[[ 34.   4.   2.]
 [  2.  25.   1.]
 [  0.  19.  13.]]
cf_score, 70.0
nv_score, 8.0
ratio, 0.727272727273
[[ 25.   5.   5.]
 [  5.  22.   5.]
 [  3.  18.  12.]]
cf_score, 51.0
nv_score, -3.0
ratio, 0.59595959596
[[ 27.   7.   5.]
 [  1.  18.   5.]
 [  4.  19.  14.]]
cf_score, 50.0
nv_score, -1.0
ratio, 0.59595959596
[[ 30.   3.   5.]
 [  2.  27.   5.]
 [  1.  12.  15.]]
cf_score, 66.0
nv_score, 0.0
ratio, 0.727272727273
[[ 22.   9.   8.]
 [  3.  17.   3.]
 [  4.  21.  13.]]
cf_score, 40.0
nv_score, -6.0
ratio, 0.525252525253
[[ 33.   5.   5.]
 [  0.  23.   4.]
 [  5.  11.  14.]]
cf_score, 60.0
nv_score, 0.0
ratio, 0.707070707071
[[ 19.   7.   4.]
 [  5.  30.   2.]
 [  6.  17.  10.]]
cf_score, 49.0
nv_score, 0.0
ratio, 0.59595959596
[[ 35.   4.   1.]
 [  5.  27.   3.]
 [  5.  12.   8.]]
cf_score, 64.0
nv_score, 3.0
ratio, 0.707070707071
[[ 27.   9.   2.]
 [  4.  26.   1.]
 [  3.  16.  12.]]
cf_score, 60.0
nv_score, 7.0
ratio, 0.656565656566
[[ 31.   8.   3.]
 [  0.  19.   5.]
 [  5.  15.  14.]]
cf_score, 56.0
nv_score, 3.0
ratio, 0.646464646465
[[ 27.   6.   5.]
 [  4.  22.   3.]
 [  4.  17.  12.]]
cf_score, 52.0
nv_score, -1.0
ratio, 0.616161616162
[[ 2015.   566.   298.]
 [  190.  1887.   371.]
 [  346.  1435.  1001.]]
cf_score, 4259.0
nv_score, 34.0
ratio, 0.604711396152
