[[  0.   0.  36.]
 [  0.   0.  39.]
 [  0.   0.  25.]]
cf_score, -11.0
nv_score, -86.0
ratio, 0.252525252525
[[  3.   0.  37.]
 [  0.   0.  25.]
 [  2.   0.  33.]]
cf_score, -3.0
nv_score, -66.0
ratio, 0.363636363636
[[ 25.   5.  11.]
 [ 14.   4.  11.]
 [  5.   1.  24.]]
cf_score, 37.0
nv_score, -9.0
ratio, 0.535353535354
[[ 20.   2.   5.]
 [  9.   5.  20.]
 [ 14.   1.  24.]]
cf_score, 30.0
nv_score, -6.0
ratio, 0.494949494949
[[ 31.   3.   7.]
 [ 12.   3.  19.]
 [  5.   3.  17.]]
cf_score, 39.0
nv_score, -16.0
ratio, 0.515151515152
[[ 23.   5.  11.]
 [ 10.   5.  16.]
 [  5.   5.  20.]]
cf_score, 32.0
nv_score, -18.0
ratio, 0.484848484848
[[ 29.  12.   4.]
 [  8.   7.  10.]
 [  4.   4.  22.]]
cf_score, 50.0
nv_score, 4.0
ratio, 0.585858585859
[[ 13.  13.   8.]
 [ 10.  12.   9.]
 [ 11.   5.  19.]]
cf_score, 25.0
nv_score, -6.0
ratio, 0.444444444444
[[ 26.   9.   9.]
 [  7.  12.  13.]
 [  6.   6.  12.]]
cf_score, 35.0
nv_score, -19.0
ratio, 0.505050505051
[[ 23.   2.   8.]
 [ 12.  19.   6.]
 [  4.  11.  15.]]
cf_score, 45.0
nv_score, -7.0
ratio, 0.575757575758
[[ 29.   7.   3.]
 [  8.  10.  12.]
 [  8.  10.  13.]]
cf_score, 41.0
nv_score, -5.0
ratio, 0.525252525253
[[ 18.   8.   5.]
 [  7.  12.  14.]
 [  8.   7.  21.]]
cf_score, 38.0
nv_score, -3.0
ratio, 0.515151515152
[[ 27.   6.   6.]
 [ 13.  11.   5.]
 [  2.  11.  19.]]
cf_score, 49.0
nv_score, 2.0
ratio, 0.575757575758
[[ 23.  11.   4.]
 [  6.  12.   9.]
 [  8.  13.  14.]]
cf_score, 37.0
nv_score, -3.0
ratio, 0.494949494949
[[ 27.   4.   8.]
 [  6.   9.   9.]
 [ 10.  12.  15.]]
cf_score, 33.0
nv_score, -10.0
ratio, 0.515151515152
[[ 22.  11.   5.]
 [  6.   8.  12.]
 [  7.  10.  19.]]
cf_score, 37.0
nv_score, -3.0
ratio, 0.494949494949
[[ 26.   4.   3.]
 [ 13.  15.  17.]
 [  4.   8.  10.]]
cf_score, 44.0
nv_score, -13.0
ratio, 0.515151515152
[[ 30.   6.   8.]
 [  3.  12.  11.]
 [  8.   9.  13.]]
cf_score, 39.0
nv_score, -14.0
ratio, 0.555555555556
[[ 20.   8.   6.]
 [  9.  10.  12.]
 [  7.  12.  16.]]
cf_score, 33.0
nv_score, -8.0
ratio, 0.464646464646
[[ 24.  11.   4.]
 [ 11.  10.  12.]
 [  8.   7.  13.]]
cf_score, 35.0
nv_score, -7.0
ratio, 0.474747474747
[[ 21.   8.   3.]
 [ 11.  16.  12.]
 [  9.  10.  10.]]
cf_score, 35.0
nv_score, -8.0
ratio, 0.474747474747
[[ 25.   7.   3.]
 [  8.   9.  10.]
 [  7.  13.  18.]]
cf_score, 42.0
nv_score, 2.0
ratio, 0.525252525253
[[ 22.   7.   5.]
 [  6.  12.  12.]
 [  5.  10.  21.]]
cf_score, 45.0
nv_score, -1.0
ratio, 0.555555555556
[[ 27.   7.   8.]
 [ 10.  10.  11.]
 [  8.   7.  12.]]
cf_score, 33.0
nv_score, -15.0
ratio, 0.494949494949
[[ 25.   4.   1.]
 [ 18.  20.   4.]
 [  7.   9.  12.]]
cf_score, 49.0
nv_score, 6.0
ratio, 0.575757575758
[[ 17.  13.   9.]
 [ 12.  10.  11.]
 [  6.   9.  13.]]
cf_score, 25.0
nv_score, -16.0
ratio, 0.40404040404
[[ 18.  13.   4.]
 [  7.  13.  12.]
 [ 11.   2.  20.]]
cf_score, 36.0
nv_score, 0.0
ratio, 0.515151515152
[[ 21.   6.   7.]
 [  8.  17.  12.]
 [  9.   8.  12.]]
cf_score, 34.0
nv_score, -14.0
ratio, 0.505050505051
[[ 24.   6.   3.]
 [  8.  18.   7.]
 [  2.  12.  20.]]
cf_score, 57.0
nv_score, 7.0
ratio, 0.626262626263
[[ 20.   6.   1.]
 [ 10.  16.  13.]
 [  5.  13.  16.]]
cf_score, 46.0
nv_score, 1.0
ratio, 0.525252525253
[[ 31.   9.   4.]
 [ 12.  14.   4.]
 [  3.  12.  11.]]
cf_score, 49.0
nv_score, -1.0
ratio, 0.565656565657
[[ 22.  10.   7.]
 [  6.  19.   8.]
 [  6.  11.  11.]]
cf_score, 39.0
nv_score, -11.0
ratio, 0.525252525253
[[ 21.   7.   3.]
 [ 11.  13.  12.]
 [  5.  12.  16.]]
cf_score, 42.0
nv_score, -2.0
ratio, 0.505050505051
[[ 29.   6.   8.]
 [  6.   8.   8.]
 [ 12.   7.  16.]]
cf_score, 33.0
nv_score, -8.0
ratio, 0.535353535354
[[ 23.   7.   6.]
 [  6.  14.  10.]
 [ 12.  12.  10.]]
cf_score, 29.0
nv_score, -12.0
ratio, 0.474747474747
[[ 22.   5.   9.]
 [  4.  12.  11.]
 [  9.   7.  21.]]
cf_score, 37.0
nv_score, -8.0
ratio, 0.555555555556
[[ 16.   8.   9.]
 [  6.  19.  11.]
 [  9.   9.  13.]]
cf_score, 30.0
nv_score, -16.0
ratio, 0.484848484848
[[ 26.   6.   4.]
 [  9.  14.  11.]
 [ 10.   7.  13.]]
cf_score, 39.0
nv_score, -6.0
ratio, 0.535353535354
[[ 23.   5.   6.]
 [ 11.  11.   8.]
 [  7.  11.  18.]]
cf_score, 39.0
nv_score, -2.0
ratio, 0.525252525253
[[ 33.   7.   8.]
 [ 12.  10.   5.]
 [  5.   8.  12.]]
cf_score, 42.0
nv_score, -9.0
ratio, 0.555555555556
[[ 27.   9.   3.]
 [ 13.   5.  10.]
 [  6.  10.  17.]]
cf_score, 40.0
nv_score, 1.0
ratio, 0.494949494949
[[ 27.   5.   4.]
 [  8.  24.  10.]
 [  7.   9.   6.]]
cf_score, 46.0
nv_score, -12.0
ratio, 0.575757575758
[[ 26.   8.   4.]
 [ 11.  15.   8.]
 [  7.  11.  10.]]
cf_score, 40.0
nv_score, -6.0
ratio, 0.515151515152
[[ 21.  10.   4.]
 [ 15.  10.   9.]
 [ 12.   8.  11.]]
cf_score, 26.0
nv_score, -6.0
ratio, 0.424242424242
[[ 22.   6.   6.]
 [  6.  15.  12.]
 [  6.  13.  14.]]
cf_score, 39.0
nv_score, -10.0
ratio, 0.515151515152
[[ 29.   5.   3.]
 [ 10.  14.   8.]
 [  8.   6.  17.]]
cf_score, 49.0
nv_score, 3.0
ratio, 0.606060606061
[[ 23.   5.   6.]
 [  5.  13.  10.]
 [  6.   7.  25.]]
cf_score, 49.0
nv_score, 3.0
ratio, 0.616161616162
[[ 21.   5.   6.]
 [ 16.  11.  11.]
 [  6.   6.  18.]]
cf_score, 38.0
nv_score, -5.0
ratio, 0.505050505051
[[ 21.  11.   7.]
 [  1.  15.  11.]
 [  4.   7.  23.]]
cf_score, 48.0
nv_score, -2.0
ratio, 0.59595959596
[[ 27.   9.   7.]
 [ 10.  13.   7.]
 [ 11.   4.  12.]]
cf_score, 34.0
nv_score, -9.0
ratio, 0.525252525253
