[[ 23.   0.   4.]
 [ 34.   0.   4.]
 [ 22.   0.  13.]]
cf_score, 10.0
ratio, 0.363636363636
[[ 23.   3.  12.]
 [ 14.   4.  11.]
 [  5.   0.  28.]]
cf_score, 38.0
ratio, 0.555555555556
[[ 25.   1.   7.]
 [ 22.   1.  11.]
 [  7.   5.  21.]]
cf_score, 33.0
ratio, 0.474747474747
[[ 16.   7.  12.]
 [ 15.   5.  16.]
 [  8.   4.  17.]]
cf_score, 18.0
ratio, 0.383838383838
[[ 14.   8.  13.]
 [ 13.  12.  18.]
 [  4.   3.  15.]]
cf_score, 24.0
ratio, 0.414141414141
[[ 19.   5.   6.]
 [ 16.   5.  13.]
 [  9.   5.  22.]]
cf_score, 31.0
ratio, 0.464646464646
[[ 12.   4.   6.]
 [ 16.   7.  25.]
 [  7.   5.  18.]]
cf_score, 24.0
ratio, 0.373737373737
[[  7.   6.   8.]
 [ 15.   8.  17.]
 [  4.  11.  24.]]
cf_score, 27.0
ratio, 0.393939393939
[[ 16.   2.   9.]
 [ 17.   7.  14.]
 [ 12.   6.  17.]]
cf_score, 19.0
ratio, 0.40404040404
[[ 15.   3.   7.]
 [ 21.   6.  14.]
 [  6.   6.  22.]]
cf_score, 30.0
ratio, 0.434343434343
[[ 25.   1.   6.]
 [ 21.   8.  17.]
 [ 10.   1.  11.]]
cf_score, 28.0
ratio, 0.444444444444
[[  8.   8.   9.]
 [ 10.   6.  17.]
 [  2.   8.  32.]]
cf_score, 35.0
ratio, 0.464646464646
[[ 21.   8.   5.]
 [ 11.  12.  13.]
 [  6.   5.  19.]]
cf_score, 41.0
ratio, 0.525252525253
[[ 18.   2.   5.]
 [ 31.   5.   9.]
 [ 10.   5.  15.]]
cf_score, 23.0
ratio, 0.383838383838
[[ 18.   6.  12.]
 [ 15.  12.   4.]
 [  4.  12.  17.]]
cf_score, 31.0
ratio, 0.474747474747
[[ 20.   7.   3.]
 [ 12.  18.   8.]
 [  2.   7.  23.]]
cf_score, 56.0
ratio, 0.616161616162
[[  6.   7.  19.]
 [ 10.  10.  18.]
 [  3.   4.  23.]]
cf_score, 17.0
ratio, 0.393939393939
[[ 11.   7.   6.]
 [ 19.  12.  14.]
 [  1.   8.  22.]]
cf_score, 38.0
ratio, 0.454545454545
[[ 23.   8.   6.]
 [  9.  10.  14.]
 [  6.   5.  19.]]
cf_score, 40.0
ratio, 0.525252525253
[[ 12.   7.   6.]
 [ 10.  11.  15.]
 [  2.  12.  25.]]
cf_score, 40.0
ratio, 0.484848484848
[[ 14.   9.   8.]
 [ 19.  11.   8.]
 [  8.   9.  14.]]
cf_score, 23.0
ratio, 0.393939393939
[[ 22.   7.   4.]
 [ 21.  10.   5.]
 [ 11.   7.  13.]]
cf_score, 30.0
ratio, 0.454545454545
[[ 13.  10.   3.]
 [ 16.   8.  11.]
 [  5.   8.  26.]]
cf_score, 39.0
ratio, 0.474747474747
[[ 16.   8.   6.]
 [  8.  17.  13.]
 [  2.   7.  23.]]
cf_score, 48.0
ratio, 0.565656565657
[[ 21.   5.   6.]
 [ 13.  10.  13.]
 [  9.   6.  17.]]
cf_score, 33.0
ratio, 0.484848484848
[[ 21.   7.   9.]
 [ 10.  15.  12.]
 [  2.   6.  18.]]
cf_score, 43.0
ratio, 0.545454545455
[[ 13.   4.   7.]
 [ 19.  15.   8.]
 [  6.   6.  22.]]
cf_score, 37.0
ratio, 0.505050505051
[[ 18.   8.   9.]
 [ 15.  13.   8.]
 [  8.   4.  17.]]
cf_score, 31.0
ratio, 0.484848484848
[[ 13.  12.  15.]
 [  5.   7.  21.]
 [  2.   9.  16.]]
cf_score, 19.0
ratio, 0.363636363636
[[ 10.  15.  10.]
 [  8.  18.   9.]
 [  3.   6.  21.]]
cf_score, 36.0
ratio, 0.494949494949
[[ 14.   8.   5.]
 [ 15.   9.  14.]
 [  1.   9.  25.]]
cf_score, 42.0
ratio, 0.484848484848
[[ 20.   9.  11.]
 [ 13.   7.   8.]
 [  5.   9.  18.]]
cf_score, 29.0
ratio, 0.454545454545
[[ 19.   6.   6.]
 [ 19.   8.   7.]
 [  9.   8.  18.]]
cf_score, 30.0
ratio, 0.454545454545
[[ 13.   3.   9.]
 [ 12.  15.  15.]
 [  4.   6.  23.]]
cf_score, 38.0
ratio, 0.515151515152
[[ 10.  13.   4.]
 [ 17.  14.  10.]
 [  3.  11.  18.]]
cf_score, 35.0
ratio, 0.424242424242
[[ 17.  15.   6.]
 [  7.  10.  19.]
 [  3.   3.  20.]]
cf_score, 38.0
ratio, 0.474747474747
[[ 12.  10.  11.]
 [ 10.   7.  13.]
 [  3.   6.  28.]]
cf_score, 33.0
ratio, 0.474747474747
[[ 14.   9.   7.]
 [  9.  17.  12.]
 [  7.   4.  21.]]
cf_score, 38.0
ratio, 0.525252525253
[[ 13.  11.   5.]
 [ 16.  17.  15.]
 [  0.   4.  19.]]
cf_score, 44.0
ratio, 0.494949494949
[[ 20.   2.   6.]
 [ 25.  12.  11.]
 [  6.   6.  12.]]
cf_score, 32.0
ratio, 0.444444444444
[[ 16.  13.   4.]
 [ 19.  11.  11.]
 [  5.   5.  16.]]
cf_score, 34.0
ratio, 0.434343434343
[[ 16.  10.   8.]
 [ 21.  10.   5.]
 [  1.  12.  17.]]
cf_score, 34.0
ratio, 0.434343434343
[[ 13.   5.   4.]
 [ 19.  14.  10.]
 [  6.  15.  14.]]
cf_score, 31.0
ratio, 0.414141414141
[[ 12.  10.  10.]
 [ 15.   8.  15.]
 [  4.   9.  17.]]
cf_score, 23.0
ratio, 0.373737373737
[[ 18.   7.   5.]
 [ 16.   6.  13.]
 [  4.  10.  21.]]
cf_score, 36.0
ratio, 0.454545454545
[[ 16.  10.   4.]
 [  9.   9.  20.]
 [  4.   8.  20.]]
cf_score, 37.0
ratio, 0.454545454545
[[ 16.   6.  10.]
 [  9.  12.  13.]
 [  4.   6.  24.]]
cf_score, 38.0
ratio, 0.525252525253
[[ 15.  11.   4.]
 [ 13.  13.   6.]
 [  3.   7.  28.]]
cf_score, 49.0
ratio, 0.565656565657
[[ 22.   7.   8.]
 [ 13.   9.  15.]
 [  2.   3.  21.]]
cf_score, 42.0
ratio, 0.525252525253
[[ 15.   5.   5.]
 [ 12.  15.  11.]
 [  9.   8.  20.]]
cf_score, 36.0
ratio, 0.505050505051
[[ 16.   9.   8.]
 [ 15.  12.   9.]
 [  5.  10.  16.]]
cf_score, 31.0
ratio, 0.444444444444
[[ 23.  12.   2.]
 [ 11.  12.  15.]
 [  4.   9.  12.]]
cf_score, 41.0
ratio, 0.474747474747
[[ 22.   5.   4.]
 [ 16.  11.  10.]
 [  7.   4.  21.]]
cf_score, 43.0
ratio, 0.545454545455
[[ 18.  10.   8.]
 [  6.   8.  23.]
 [  4.   6.  17.]]
cf_score, 31.0
ratio, 0.434343434343
[[ 16.   9.   7.]
 [ 12.  11.  14.]
 [  5.   9.  17.]]
cf_score, 32.0
ratio, 0.444444444444
[[ 23.   5.   4.]
 [ 13.   9.   9.]
 [  6.  10.  21.]]
cf_score, 43.0
ratio, 0.535353535354
[[ 16.   6.   6.]
 [ 21.  15.   8.]
 [  4.  10.  14.]]
cf_score, 35.0
ratio, 0.454545454545
[[ 21.   8.   4.]
 [ 14.  12.  12.]
 [  6.   6.  17.]]
cf_score, 40.0
ratio, 0.505050505051
[[ 15.   6.  10.]
 [  8.  12.  16.]
 [  2.   8.  23.]]
cf_score, 38.0
ratio, 0.505050505051
[[ 12.   3.   4.]
 [ 14.  17.  17.]
 [  4.  13.  16.]]
cf_score, 37.0
ratio, 0.454545454545
[[ 17.   6.   1.]
 [ 16.  17.  11.]
 [  7.  10.  15.]]
cf_score, 41.0
ratio, 0.494949494949
[[ 15.  11.   8.]
 [ 16.  11.  15.]
 [  2.   9.  13.]]
cf_score, 29.0
ratio, 0.393939393939
[[  6.  12.   6.]
 [ 18.   9.  12.]
 [  3.   9.  25.]]
cf_score, 31.0
ratio, 0.40404040404
[[ 16.   3.   6.]
 [ 18.  10.   8.]
 [  5.   7.  27.]]
cf_score, 42.0
ratio, 0.535353535354
[[ 15.   5.   8.]
 [ 24.  10.   7.]
 [  8.   7.  16.]]
cf_score, 25.0
ratio, 0.414141414141
[[  9.  11.   7.]
 [ 13.  10.  18.]
 [  4.   7.  21.]]
cf_score, 29.0
ratio, 0.40404040404
[[ 20.   4.   6.]
 [ 12.  15.  13.]
 [  6.  11.  13.]]
cf_score, 36.0
ratio, 0.484848484848
[[ 18.   7.   4.]
 [ 13.  13.  12.]
 [  9.   3.  21.]]
cf_score, 39.0
ratio, 0.525252525253
[[ 16.  12.   7.]
 [ 11.  12.  13.]
 [  4.   9.  16.]]
cf_score, 33.0
ratio, 0.444444444444
[[ 20.   7.   2.]
 [ 21.  12.   7.]
 [ 10.   9.  12.]]
cf_score, 32.0
ratio, 0.444444444444
[[ 13.   8.   8.]
 [ 12.  13.  19.]
 [  4.   6.  17.]]
cf_score, 31.0
ratio, 0.434343434343
[[ 13.  11.   4.]
 [ 16.  13.  14.]
 [  3.   5.  21.]]
cf_score, 40.0
ratio, 0.474747474747
[[ 10.   9.   6.]
 [ 16.  10.  11.]
 [  3.   8.  27.]]
cf_score, 38.0
ratio, 0.474747474747
[[ 16.   8.   5.]
 [ 16.  10.  13.]
 [  4.  11.  17.]]
cf_score, 34.0
ratio, 0.434343434343
[[ 14.  11.   7.]
 [ 13.  16.  18.]
 [  2.   2.  17.]]
cf_score, 38.0
ratio, 0.474747474747
[[ 17.   6.   7.]
 [ 21.  12.  10.]
 [  3.   6.  18.]]
cf_score, 37.0
ratio, 0.474747474747
[[ 11.   6.   3.]
 [ 13.  12.  15.]
 [  7.  11.  22.]]
cf_score, 35.0
ratio, 0.454545454545
[[  8.  13.  10.]
 [ 10.  15.  17.]
 [  1.   3.  23.]]
cf_score, 35.0
ratio, 0.464646464646
[[ 11.  10.   6.]
 [ 13.  15.  13.]
 [  6.   6.  20.]]
cf_score, 34.0
ratio, 0.464646464646
[[ 12.   3.   6.]
 [ 33.   9.   9.]
 [  9.   6.  13.]]
cf_score, 19.0
ratio, 0.343434343434
[[ 13.   9.   5.]
 [ 17.  12.  14.]
 [  3.   9.  18.]]
cf_score, 35.0
ratio, 0.434343434343
[[ 22.   6.   5.]
 [ 15.  14.   6.]
 [  4.  12.  16.]]
cf_score, 43.0
ratio, 0.525252525253
[[ 14.   9.   7.]
 [ 12.  10.  17.]
 [  3.  10.  18.]]
cf_score, 32.0
ratio, 0.424242424242
[[ 16.   9.   4.]
 [ 12.  11.  13.]
 [  3.  10.  22.]]
cf_score, 42.0
ratio, 0.494949494949
[[ 20.   7.   6.]
 [ 16.  11.  14.]
 [  4.   6.  16.]]
cf_score, 37.0
ratio, 0.474747474747
[[ 17.   8.   2.]
 [ 18.  10.   6.]
 [  9.  12.  18.]]
cf_score, 34.0
ratio, 0.454545454545
[[ 15.  10.   8.]
 [ 24.  10.  13.]
 [  2.   5.  13.]]
cf_score, 28.0
ratio, 0.383838383838
[[ 17.   9.   8.]
 [ 11.  13.  18.]
 [  1.   9.  14.]]
cf_score, 35.0
ratio, 0.444444444444
[[ 17.   4.   8.]
 [ 16.   8.  13.]
 [  7.  12.  15.]]
cf_score, 25.0
ratio, 0.40404040404
[[ 11.  10.   4.]
 [ 16.  12.  15.]
 [  7.   8.  17.]]
cf_score, 29.0
ratio, 0.40404040404
[[  8.   5.   9.]
 [  7.  14.  26.]
 [  0.  13.  18.]]
cf_score, 31.0
ratio, 0.40404040404
[[ 18.   4.   4.]
 [ 15.  13.  13.]
 [  4.   8.  21.]]
cf_score, 44.0
ratio, 0.525252525253
[[ 14.   8.   3.]
 [ 17.  12.  12.]
 [  6.  10.  18.]]
cf_score, 35.0
ratio, 0.444444444444
[[ 16.   6.   7.]
 [  9.  15.  21.]
 [  6.   6.  14.]]
cf_score, 32.0
ratio, 0.454545454545
[[ 18.   5.   9.]
 [ 15.  14.  15.]
 [  1.   7.  16.]]
cf_score, 38.0
ratio, 0.484848484848
[[ 10.   9.   5.]
 [ 16.  14.   9.]
 [  4.   9.  24.]]
cf_score, 39.0
ratio, 0.484848484848
[[ 13.  11.   5.]
 [ 15.  13.   6.]
 [  5.  14.  18.]]
cf_score, 34.0
ratio, 0.444444444444
[[ 10.   8.  11.]
 [ 10.  12.  20.]
 [  2.  11.  16.]]
cf_score, 25.0
ratio, 0.383838383838
[[ 16.   5.   5.]
 [ 20.  12.  12.]
 [  3.  10.  17.]]
cf_score, 37.0
ratio, 0.454545454545
[[ 11.   6.   9.]
 [ 19.  12.  12.]
 [  3.  12.  16.]]
cf_score, 27.0
ratio, 0.393939393939
