[[  0.   0.  20.]
 [  0.   0.  41.]
 [  0.   0.  39.]]
cf_score, 19.0
nv_score, -42.0
ratio, 0.393939393939
[[  0.   0.  40.]
 [  0.   0.  39.]
 [  0.   0.  21.]]
cf_score, -19.0
nv_score, -98.0
ratio, 0.212121212121
[[  0.   0.  34.]
 [  0.   0.  34.]
 [  0.   0.  32.]]
cf_score, -2.0
nv_score, -70.0
ratio, 0.323232323232
[[  0.   0.  33.]
 [  0.   0.  38.]
 [  0.   0.  29.]]
cf_score, -4.0
nv_score, -75.0
ratio, 0.292929292929
[[  0.   0.  42.]
 [  0.   0.  34.]
 [  0.   0.  24.]]
cf_score, -18.0
nv_score, -94.0
ratio, 0.242424242424
[[ 29.   0.   6.]
 [ 38.   0.   5.]
 [ 14.   0.   8.]]
cf_score, 17.0
nv_score, -9.0
ratio, 0.373737373737
[[ 28.   0.   1.]
 [ 35.   0.   5.]
 [ 18.   0.  13.]]
cf_score, 22.0
nv_score, 6.0
ratio, 0.414141414141
[[ 27.   0.   3.]
 [ 37.   0.   4.]
 [ 19.   0.  10.]]
cf_score, 15.0
nv_score, 0.0
ratio, 0.373737373737
[[ 37.   0.   4.]
 [ 27.   0.   4.]
 [ 19.   0.   9.]]
cf_score, 23.0
nv_score, -3.0
ratio, 0.464646464646
[[ 28.   0.   8.]
 [ 33.   0.   4.]
 [ 20.   0.   7.]]
cf_score, 7.0
nv_score, -13.0
ratio, 0.353535353535
[[ 26.   0.   3.]
 [ 31.   0.   6.]
 [ 21.   0.  13.]]
cf_score, 15.0
nv_score, 1.0
ratio, 0.393939393939
[[ 22.   0.   9.]
 [ 36.   0.   4.]
 [ 11.   0.  18.]]
cf_score, 20.0
nv_score, -4.0
ratio, 0.40404040404
[[ 30.   1.   6.]
 [ 37.   0.   3.]
 [ 16.   0.   7.]]
cf_score, 15.0
nv_score, -8.0
ratio, 0.373737373737
[[ 25.   0.   4.]
 [ 35.   0.   4.]
 [ 14.   1.  17.]]
cf_score, 24.0
nv_score, 5.0
ratio, 0.424242424242
[[ 25.   0.   7.]
 [ 33.   0.   1.]
 [ 19.   0.  15.]]
cf_score, 14.0
nv_score, 0.0
ratio, 0.40404040404
[[ 25.   1.   5.]
 [ 37.   0.   2.]
 [ 20.   0.  10.]]
cf_score, 10.0
nv_score, -2.0
ratio, 0.353535353535
[[ 32.   0.   4.]
 [ 37.   0.   4.]
 [ 14.   0.   9.]]
cf_score, 23.0
nv_score, -3.0
ratio, 0.414141414141
[[ 24.   0.   5.]
 [ 37.   0.   2.]
 [ 14.   4.  14.]]
cf_score, 19.0
nv_score, 2.0
ratio, 0.383838383838
[[ 38.   0.   4.]
 [ 32.   0.   1.]
 [ 16.   1.   8.]]
cf_score, 26.0
nv_score, -1.0
ratio, 0.464646464646
[[ 25.   0.   7.]
 [ 40.   0.   3.]
 [ 19.   0.   6.]]
cf_score, 5.0
nv_score, -11.0
ratio, 0.313131313131
[[ 31.   0.   5.]
 [ 36.   0.   3.]
 [ 19.   0.   6.]]
cf_score, 13.0
nv_score, -7.0
ratio, 0.373737373737
[[ 32.   0.   5.]
 [ 36.   0.   6.]
 [  9.   1.  11.]]
cf_score, 29.0
nv_score, -5.0
ratio, 0.434343434343
[[ 20.   0.   5.]
 [ 43.   0.   5.]
 [ 18.   2.   7.]]
cf_score, 4.0
nv_score, -8.0
ratio, 0.272727272727
[[ 19.   0.   6.]
 [ 39.   0.   9.]
 [ 20.   1.   6.]]
cf_score, -1.0
nv_score, -15.0
ratio, 0.252525252525
[[ 33.   0.   3.]
 [ 32.   0.   5.]
 [ 15.   0.  12.]]
cf_score, 27.0
nv_score, 1.0
ratio, 0.454545454545
[[ 28.   0.   6.]
 [ 30.   1.   3.]
 [ 20.   3.   9.]]
cf_score, 12.0
nv_score, -6.0
ratio, 0.383838383838
[[ 25.   1.   3.]
 [ 30.   1.  11.]
 [ 12.   6.  11.]]
cf_score, 22.0
nv_score, -6.0
ratio, 0.373737373737
[[ 19.   8.   6.]
 [ 24.   6.   7.]
 [ 14.   6.  10.]]
cf_score, 15.0
nv_score, -9.0
ratio, 0.353535353535
[[ 21.  19.   2.]
 [ 17.  15.   6.]
 [  6.   7.   7.]]
cf_score, 35.0
nv_score, -3.0
ratio, 0.434343434343
[[ 13.  13.   8.]
 [  5.  32.   7.]
 [  5.   8.   9.]]
cf_score, 41.0
nv_score, -14.0
ratio, 0.545454545455
[[ 12.   8.   6.]
 [ 13.  26.  10.]
 [  4.   7.  14.]]
cf_score, 42.0
nv_score, -8.0
ratio, 0.525252525253
[[  8.  17.   7.]
 [ 13.  17.   5.]
 [  8.  16.   9.]]
cf_score, 19.0
nv_score, -10.0
ratio, 0.343434343434
[[ 17.  14.   7.]
 [ 10.  14.   8.]
 [  8.  10.  12.]]
cf_score, 28.0
nv_score, -10.0
ratio, 0.434343434343
[[  9.  19.   3.]
 [  7.  20.   9.]
 [  8.  11.  14.]]
cf_score, 32.0
nv_score, -1.0
ratio, 0.434343434343
[[ 12.  14.   1.]
 [ 12.  21.   8.]
 [  8.   7.  17.]]
cf_score, 41.0
nv_score, 7.0
ratio, 0.505050505051
[[ 17.  10.   2.]
 [  4.  35.   5.]
 [ 13.   8.   6.]]
cf_score, 43.0
nv_score, -3.0
ratio, 0.585858585859
[[ 18.  14.   3.]
 [ 12.  24.   6.]
 [  7.   7.   9.]]
cf_score, 41.0
nv_score, -3.0
ratio, 0.515151515152
[[ 11.  16.   4.]
 [  8.  28.   7.]
 [  7.   8.  11.]]
cf_score, 39.0
nv_score, -4.0
ratio, 0.505050505051
[[  9.  11.   8.]
 [  9.  31.   4.]
 [  9.   8.  11.]]
cf_score, 34.0
nv_score, -9.0
ratio, 0.515151515152
[[ 11.   9.   5.]
 [  9.  29.   7.]
 [  7.  14.   9.]]
cf_score, 37.0
nv_score, -8.0
ratio, 0.494949494949
[[ 12.  12.   4.]
 [ 13.  25.   4.]
 [  9.  10.  11.]]
cf_score, 35.0
nv_score, -1.0
ratio, 0.484848484848
[[ 12.  15.   6.]
 [  6.  26.   9.]
 [  4.  11.  11.]]
cf_score, 39.0
nv_score, -10.0
ratio, 0.494949494949
[[  7.  12.   7.]
 [ 11.  29.   6.]
 [  6.   8.  14.]]
cf_score, 37.0
nv_score, -6.0
ratio, 0.505050505051
[[  9.   7.   5.]
 [ 11.  23.   7.]
 [  9.  14.  15.]]
cf_score, 33.0
nv_score, -2.0
ratio, 0.474747474747
[[ 19.   9.   4.]
 [ 14.  19.   3.]
 [  5.  13.  14.]]
cf_score, 43.0
nv_score, 3.0
ratio, 0.525252525253
[[ 12.  17.   7.]
 [  7.  26.   3.]
 [  9.   8.  11.]]
cf_score, 33.0
nv_score, -6.0
ratio, 0.494949494949
[[ 19.  11.  10.]
 [  5.  25.   7.]
 [  8.   9.   6.]]
cf_score, 32.0
nv_score, -21.0
ratio, 0.505050505051
[[ 12.  10.   1.]
 [ 12.  31.   4.]
 [  8.   9.  13.]]
cf_score, 47.0
nv_score, 7.0
ratio, 0.565656565657
[[ 11.  12.   1.]
 [  6.  36.   6.]
 [  7.   9.  12.]]
cf_score, 51.0
nv_score, 4.0
ratio, 0.59595959596
[[ 13.  13.   6.]
 [  8.  24.   3.]
 [  7.  17.   9.]]
cf_score, 33.0
nv_score, -6.0
ratio, 0.464646464646
