[[ 35.   4.   1.]
 [ 22.   8.   3.]
 [ 16.  10.   1.]]
cf_score, 27.0
nv_score, -4.0
ratio, 0.444444444444
[[ 16.   6.  12.]
 [ 10.  14.   8.]
 [ 20.   7.   7.]]
cf_score, 5.0
nv_score, -25.0
ratio, 0.373737373737
[[ 12.   4.  13.]
 [  9.  14.  19.]
 [  9.   6.  14.]]
cf_score, 18.0
nv_score, -31.0
ratio, 0.40404040404
[[ 12.   5.  16.]
 [  9.  12.  17.]
 [  7.   7.  15.]]
cf_score, 16.0
nv_score, -34.0
ratio, 0.393939393939
[[ 19.   7.  13.]
 [  7.  12.  11.]
 [  9.  10.  12.]]
cf_score, 21.0
nv_score, -25.0
ratio, 0.434343434343
[[ 23.   7.  12.]
 [  8.  11.  10.]
 [ 12.  10.   7.]]
cf_score, 17.0
nv_score, -27.0
ratio, 0.414141414141
[[  5.  12.   7.]
 [  9.  22.  17.]
 [ 11.  12.   5.]]
cf_score, 14.0
nv_score, -26.0
ratio, 0.323232323232
[[ 27.   7.   9.]
 [ 16.  13.   7.]
 [ 11.   6.   4.]]
cf_score, 24.0
nv_score, -21.0
ratio, 0.444444444444
[[ 23.   7.   7.]
 [ 12.  20.   3.]
 [ 14.  13.   1.]]
cf_score, 23.0
nv_score, -16.0
ratio, 0.444444444444
[[ 26.  10.   0.]
 [ 11.  12.   5.]
 [ 16.  15.   5.]]
cf_score, 27.0
nv_score, 0.0
ratio, 0.434343434343
[[ 26.  15.   2.]
 [ 18.  15.   0.]
 [ 17.   7.   0.]]
cf_score, 22.0
nv_score, -4.0
ratio, 0.414141414141
[[ 29.  13.   1.]
 [ 16.  11.   1.]
 [ 12.  17.   0.]]
cf_score, 27.0
nv_score, -3.0
ratio, 0.40404040404
[[ 18.  17.   0.]
 [ 15.  18.   1.]
 [ 16.  15.   0.]]
cf_score, 20.0
nv_score, -1.0
ratio, 0.363636363636
[[ 13.  16.   0.]
 [ 18.  16.   0.]
 [ 19.  18.   0.]]
cf_score, 10.0
nv_score, 0.0
ratio, 0.292929292929
[[ 24.  11.   0.]
 [ 15.  22.   0.]
 [ 12.  16.   0.]]
cf_score, 34.0
nv_score, 0.0
ratio, 0.464646464646
[[ 30.  10.   0.]
 [ 19.  17.   1.]
 [ 14.   9.   0.]]
cf_score, 33.0
nv_score, -1.0
ratio, 0.474747474747
[[ 28.   6.   0.]
 [  7.  25.   0.]
 [ 14.  20.   0.]]
cf_score, 39.0
nv_score, 0.0
ratio, 0.535353535354
[[ 27.   7.   0.]
 [ 15.  20.   0.]
 [ 16.  15.   0.]]
cf_score, 31.0
nv_score, 0.0
ratio, 0.474747474747
[[ 23.  13.   0.]
 [ 18.  23.   0.]
 [ 11.  12.   0.]]
cf_score, 35.0
nv_score, 0.0
ratio, 0.464646464646
[[ 21.  14.   0.]
 [  6.  22.   0.]
 [ 12.  25.   0.]]
cf_score, 31.0
nv_score, 0.0
ratio, 0.434343434343
[[ 27.   8.   0.]
 [ 15.  14.   0.]
 [ 24.  12.   0.]]
cf_score, 17.0
nv_score, 0.0
ratio, 0.414141414141
[[ 24.  12.   0.]
 [ 12.  12.   2.]
 [ 21.  17.   0.]]
cf_score, 15.0
nv_score, -2.0
ratio, 0.363636363636
[[ 23.   9.   0.]
 [ 20.  23.   0.]
 [ 16.   9.   0.]]
cf_score, 30.0
nv_score, 0.0
ratio, 0.464646464646
[[ 20.   9.   2.]
 [ 12.  20.   0.]
 [ 20.  15.   2.]]
cf_score, 20.0
nv_score, -2.0
ratio, 0.424242424242
[[ 26.  15.   0.]
 [  6.  25.   0.]
 [ 10.  18.   0.]]
cf_score, 41.0
nv_score, 0.0
ratio, 0.515151515152
[[ 28.   8.   1.]
 [  7.  21.   1.]
 [ 18.  13.   3.]]
cf_score, 33.0
nv_score, 0.0
ratio, 0.525252525253
[[ 22.  19.   0.]
 [ 14.  13.   0.]
 [ 15.  17.   0.]]
cf_score, 20.0
nv_score, 0.0
ratio, 0.353535353535
[[ 20.  19.   0.]
 [ 12.  18.   4.]
 [ 15.  10.   2.]]
cf_score, 25.0
nv_score, -2.0
ratio, 0.40404040404
[[ 26.  10.   0.]
 [ 12.  21.   1.]
 [ 12.  17.   1.]]
cf_score, 36.0
nv_score, 0.0
ratio, 0.484848484848
[[ 28.   9.   1.]
 [  6.  25.   1.]
 [ 11.  17.   2.]]
cf_score, 43.0
nv_score, -1.0
ratio, 0.555555555556
[[ 19.  11.   1.]
 [ 13.  27.   2.]
 [ 11.  14.   2.]]
cf_score, 36.0
nv_score, -2.0
ratio, 0.484848484848
[[ 27.  10.   0.]
 [ 13.  19.   3.]
 [ 13.  15.   0.]]
cf_score, 33.0
nv_score, -3.0
ratio, 0.464646464646
[[ 12.  16.   0.]
 [ 15.  31.   0.]
 [ 13.  13.   0.]]
cf_score, 30.0
nv_score, 0.0
ratio, 0.434343434343
[[ 23.  14.   1.]
 [ 13.  18.   1.]
 [ 15.  14.   1.]]
cf_score, 26.0
nv_score, -2.0
ratio, 0.424242424242
[[ 27.  13.   1.]
 [ 18.  14.   1.]
 [ 11.  12.   3.]]
cf_score, 32.0
nv_score, 0.0
ratio, 0.444444444444
[[ 19.  13.   0.]
 [ 13.  25.   1.]
 [ 11.  12.   6.]]
cf_score, 39.0
nv_score, 5.0
ratio, 0.505050505051
[[ 24.  12.   5.]
 [  9.  26.   0.]
 [  7.  16.   1.]]
cf_score, 39.0
nv_score, -9.0
ratio, 0.515151515152
[[ 24.  10.   1.]
 [ 15.  18.   2.]
 [ 10.  18.   2.]]
cf_score, 33.0
nv_score, -2.0
ratio, 0.444444444444
[[ 30.   5.   3.]
 [ 16.  15.   2.]
 [ 14.  11.   4.]]
cf_score, 32.0
nv_score, -4.0
ratio, 0.494949494949
[[ 21.  11.   3.]
 [ 13.  13.   9.]
 [ 10.  13.   7.]]
cf_score, 28.0
nv_score, -8.0
ratio, 0.414141414141
[[ 25.   4.   5.]
 [  8.  20.  11.]
 [ 12.   9.   6.]]
cf_score, 34.0
nv_score, -15.0
ratio, 0.515151515152
[[ 19.   4.   8.]
 [ 10.  17.   9.]
 [  9.  16.   8.]]
cf_score, 27.0
nv_score, -17.0
ratio, 0.444444444444
[[ 23.   7.   5.]
 [ 16.   9.   8.]
 [ 11.  12.   9.]]
cf_score, 25.0
nv_score, -9.0
ratio, 0.414141414141
[[ 25.   5.   5.]
 [ 13.  10.   6.]
 [ 19.  10.   7.]]
cf_score, 18.0
nv_score, -9.0
ratio, 0.424242424242
[[ 21.   7.   9.]
 [  9.   8.  11.]
 [ 16.   9.  10.]]
cf_score, 14.0
nv_score, -19.0
ratio, 0.393939393939
[[ 19.   8.  13.]
 [ 11.  14.   8.]
 [  8.   8.  11.]]
cf_score, 23.0
nv_score, -23.0
ratio, 0.444444444444
[[ 22.   9.  10.]
 [  8.  12.  18.]
 [ 10.   7.   4.]]
cf_score, 18.0
nv_score, -34.0
ratio, 0.383838383838
[[ 26.   5.  11.]
 [ 12.  12.   8.]
 [  9.  11.   6.]]
cf_score, 24.0
nv_score, -24.0
ratio, 0.444444444444
[[ 29.   2.  11.]
 [ 11.   8.  10.]
 [ 13.   7.   9.]]
cf_score, 22.0
nv_score, -23.0
ratio, 0.464646464646
[[ 24.   8.  12.]
 [ 13.   5.  10.]
 [ 13.   8.   7.]]
cf_score, 11.0
nv_score, -27.0
ratio, 0.363636363636
