[[ 26.   0.   0.]
 [ 47.   0.   0.]
 [ 27.   0.   0.]]
cf_score, -1.0
nv_score, 0.0
ratio, 0.262626262626
[[  0.   0.  32.]
 [  0.   0.  40.]
 [  0.   0.  28.]]
cf_score, -4.0
nv_score, -76.0
ratio, 0.282828282828
[[  0.   0.  41.]
 [  0.   0.  35.]
 [  0.   0.  24.]]
cf_score, -17.0
nv_score, -93.0
ratio, 0.242424242424
[[  0.   0.  36.]
 [  0.   0.  39.]
 [  0.   0.  25.]]
cf_score, -11.0
nv_score, -86.0
ratio, 0.252525252525
[[  0.   0.  30.]
 [  0.   0.  45.]
 [  0.   0.  25.]]
cf_score, -5.0
nv_score, -80.0
ratio, 0.252525252525
[[  0.   0.  35.]
 [  0.   0.  44.]
 [  0.   0.  21.]]
cf_score, -14.0
nv_score, -93.0
ratio, 0.212121212121
[[  0.   0.  40.]
 [  0.   0.  43.]
 [  0.   0.  17.]]
cf_score, -23.0
nv_score, -106.0
ratio, 0.171717171717
[[  0.   0.  26.]
 [  0.   0.  47.]
 [  0.   0.  27.]]
cf_score, 1.0
nv_score, -72.0
ratio, 0.272727272727
[[ 15.   0.  23.]
 [ 11.   0.  24.]
 [ 12.   0.  15.]]
cf_score, -5.0
nv_score, -55.0
ratio, 0.30303030303
[[ 37.   0.   6.]
 [ 24.   0.  13.]
 [ 15.   0.   5.]]
cf_score, 21.0
nv_score, -20.0
ratio, 0.424242424242
[[ 24.   0.   4.]
 [ 32.   0.  10.]
 [ 24.   0.   6.]]
cf_score, 2.0
nv_score, -12.0
ratio, 0.30303030303
[[ 31.   0.  10.]
 [ 23.   0.   6.]
 [ 21.   0.   9.]]
cf_score, 9.0
nv_score, -17.0
ratio, 0.40404040404
[[ 22.   1.   6.]
 [ 28.   2.  16.]
 [ 22.   0.   3.]]
cf_score, -1.0
nv_score, -25.0
ratio, 0.272727272727
[[ 25.   2.   8.]
 [ 29.   4.  12.]
 [ 16.   2.   2.]]
cf_score, 7.0
nv_score, -26.0
ratio, 0.313131313131
[[ 32.   2.   0.]
 [ 23.   6.  11.]
 [ 21.   1.   4.]]
cf_score, 21.0
nv_score, -7.0
ratio, 0.424242424242
[[ 25.   3.   6.]
 [ 20.   7.  14.]
 [ 18.   3.   4.]]
cf_score, 12.0
nv_score, -22.0
ratio, 0.363636363636
[[ 26.   7.   5.]
 [ 24.   9.   8.]
 [ 14.   3.   4.]]
cf_score, 20.0
nv_score, -14.0
ratio, 0.393939393939
[[ 15.   4.   6.]
 [ 27.   9.  10.]
 [ 22.   2.   5.]]
cf_score, 1.0
nv_score, -17.0
ratio, 0.292929292929
[[ 26.   3.   4.]
 [ 27.   6.  11.]
 [ 16.   1.   6.]]
cf_score, 18.0
nv_score, -13.0
ratio, 0.383838383838
[[ 14.   8.   5.]
 [ 24.   9.  12.]
 [ 24.   2.   2.]]
cf_score, -4.0
nv_score, -20.0
ratio, 0.252525252525
[[ 23.   5.   4.]
 [ 17.  11.  12.]
 [ 17.   5.   6.]]
cf_score, 19.0
nv_score, -14.0
ratio, 0.40404040404
[[ 25.   2.   3.]
 [ 20.   6.  14.]
 [ 20.   6.   4.]]
cf_score, 12.0
nv_score, -16.0
ratio, 0.353535353535
[[ 20.   6.   5.]
 [ 24.   9.  12.]
 [ 18.   2.   4.]]
cf_score, 10.0
nv_score, -18.0
ratio, 0.333333333333
[[ 19.   9.  11.]
 [ 25.   4.  11.]
 [ 16.   1.   4.]]
cf_score, 0.0
nv_score, -29.0
ratio, 0.272727272727
[[ 23.   6.   6.]
 [ 23.   6.  11.]
 [ 24.   0.   1.]]
cf_score, 0.0
nv_score, -22.0
ratio, 0.30303030303
[[ 23.   4.   4.]
 [ 30.   9.   6.]
 [ 22.   2.   0.]]
cf_score, 6.0
nv_score, -14.0
ratio, 0.323232323232
[[ 25.   6.   5.]
 [ 30.   6.   7.]
 [ 15.   2.   4.]]
cf_score, 15.0
nv_score, -13.0
ratio, 0.353535353535
[[ 29.   3.   3.]
 [ 20.   3.  13.]
 [ 22.   2.   5.]]
cf_score, 12.0
nv_score, -14.0
ratio, 0.373737373737
[[ 23.   3.   3.]
 [ 23.   3.  10.]
 [ 27.   1.   7.]]
cf_score, 3.0
nv_score, -9.0
ratio, 0.333333333333
[[ 28.   1.   3.]
 [ 26.   2.  10.]
 [ 24.   1.   5.]]
cf_score, 8.0
nv_score, -11.0
ratio, 0.353535353535
[[ 27.   1.   3.]
 [ 32.   2.  11.]
 [ 19.   0.   5.]]
cf_score, 12.0
nv_score, -12.0
ratio, 0.343434343434
[[ 28.   2.   6.]
 [ 29.   0.   8.]
 [ 21.   0.   6.]]
cf_score, 7.0
nv_score, -14.0
ratio, 0.343434343434
[[ 19.   3.   4.]
 [ 37.   2.   6.]
 [ 26.   0.   3.]]
cf_score, -6.0
nv_score, -11.0
ratio, 0.242424242424
[[ 30.   4.   3.]
 [ 20.   4.  12.]
 [ 23.   1.   3.]]
cf_score, 11.0
nv_score, -15.0
ratio, 0.373737373737
[[ 29.   3.   3.]
 [ 22.   3.  10.]
 [ 21.   1.   8.]]
cf_score, 16.0
nv_score, -8.0
ratio, 0.40404040404
[[ 23.   3.   6.]
 [ 28.   0.  13.]
 [ 22.   0.   5.]]
cf_score, 0.0
nv_score, -20.0
ratio, 0.282828282828
[[ 24.   5.   5.]
 [ 25.   0.  10.]
 [ 25.   1.   5.]]
cf_score, -1.0
nv_score, -15.0
ratio, 0.292929292929
[[ 24.   5.   5.]
 [ 26.   1.   7.]
 [ 22.   4.   6.]]
cf_score, 4.0
nv_score, -11.0
ratio, 0.313131313131
[[ 25.   6.   3.]
 [ 24.   1.  15.]
 [ 19.   1.   6.]]
cf_score, 10.0
nv_score, -15.0
ratio, 0.323232323232
[[ 29.   4.   3.]
 [ 29.   2.   7.]
 [ 21.   2.   3.]]
cf_score, 10.0
nv_score, -10.0
ratio, 0.343434343434
[[ 30.   3.   3.]
 [ 27.   3.   8.]
 [ 22.   0.   4.]]
cf_score, 12.0
nv_score, -10.0
ratio, 0.373737373737
[[ 30.   6.   6.]
 [ 21.   1.  11.]
 [ 22.   1.   2.]]
cf_score, 5.0
nv_score, -21.0
ratio, 0.333333333333
[[ 30.   3.   5.]
 [ 27.   1.  12.]
 [ 15.   0.   7.]]
cf_score, 18.0
nv_score, -15.0
ratio, 0.383838383838
[[ 24.   0.   2.]
 [ 30.   0.  13.]
 [ 26.   0.   5.]]
cf_score, 1.0
nv_score, -12.0
ratio, 0.292929292929
[[ 27.   4.   3.]
 [ 32.   0.   7.]
 [ 23.   1.   3.]]
cf_score, 4.0
nv_score, -10.0
ratio, 0.30303030303
[[ 30.   1.   1.]
 [ 25.   0.  15.]
 [ 22.   1.   5.]]
cf_score, 12.0
nv_score, -12.0
ratio, 0.353535353535
[[ 29.   0.   4.]
 [ 27.   0.  10.]
 [ 25.   2.   3.]]
cf_score, 3.0
nv_score, -15.0
ratio, 0.323232323232
[[ 30.   3.   2.]
 [ 26.   0.  10.]
 [ 28.   0.   1.]]
cf_score, 1.0
nv_score, -13.0
ratio, 0.313131313131
[[ 22.   5.   6.]
 [ 24.   0.  14.]
 [ 23.   0.   6.]]
cf_score, -1.0
nv_score, -20.0
ratio, 0.282828282828
[[ 28.   2.   2.]
 [ 30.   0.  12.]
 [ 21.   0.   5.]]
cf_score, 10.0
nv_score, -11.0
ratio, 0.333333333333
