[[ 20.  12.   1.]
 [ 16.  18.   4.]
 [ 15.  10.   4.]]
cf_score, 26.0
nv_score, -2.0
ratio, 0.424242424242
[[ 30.   6.   2.]
 [ 15.  13.   7.]
 [ 16.   9.   2.]]
cf_score, 27.0
nv_score, -9.0
ratio, 0.454545454545
[[  8.   7.  20.]
 [  4.  12.  17.]
 [  9.  10.  13.]]
cf_score, 4.0
nv_score, -44.0
ratio, 0.333333333333
[[ 15.  10.  10.]
 [ 12.  11.  13.]
 [  5.   7.  17.]]
cf_score, 28.0
nv_score, -16.0
ratio, 0.434343434343
[[ 16.  12.  12.]
 [ 12.  10.   7.]
 [ 11.  12.   8.]]
cf_score, 11.0
nv_score, -23.0
ratio, 0.343434343434
[[ 23.   6.  10.]
 [ 13.   7.  10.]
 [ 11.   7.  13.]]
cf_score, 22.0
nv_score, -17.0
ratio, 0.434343434343
[[ 27.   6.   9.]
 [  9.   8.   9.]
 [  5.   3.  24.]]
cf_score, 45.0
nv_score, -3.0
ratio, 0.59595959596
[[ 19.   3.  16.]
 [ 10.  11.  12.]
 [  3.  14.  12.]]
cf_score, 23.0
nv_score, -32.0
ratio, 0.424242424242
[[ 21.   7.   7.]
 [ 10.  13.  12.]
 [  4.   9.  17.]]
cf_score, 40.0
nv_score, -9.0
ratio, 0.515151515152
[[ 18.   8.   4.]
 [  7.  16.  19.]
 [  4.   7.  17.]]
cf_score, 43.0
nv_score, -10.0
ratio, 0.515151515152
[[ 16.   8.   6.]
 [  7.  14.  12.]
 [  5.   6.  26.]]
cf_score, 45.0
nv_score, 2.0
ratio, 0.565656565657
[[ 21.   6.   5.]
 [ 11.  17.  17.]
 [  4.   3.  16.]]
cf_score, 45.0
nv_score, -11.0
ratio, 0.545454545455
[[ 20.   8.   6.]
 [  8.  17.  12.]
 [  3.   6.  20.]]
cf_score, 48.0
nv_score, -4.0
ratio, 0.575757575758
[[ 17.   8.   3.]
 [ 14.   9.  12.]
 [  3.  12.  22.]]
cf_score, 42.0
nv_score, 4.0
ratio, 0.484848484848
[[ 22.   8.   9.]
 [  4.  15.  13.]
 [  4.  10.  15.]]
cf_score, 39.0
nv_score, -16.0
ratio, 0.525252525253
[[ 22.  11.   6.]
 [  6.  13.  13.]
 [  4.   8.  17.]]
cf_score, 42.0
nv_score, -8.0
ratio, 0.525252525253
[[ 17.  12.   6.]
 [  9.  10.  11.]
 [  5.  13.  17.]]
cf_score, 33.0
nv_score, -6.0
ratio, 0.444444444444
[[ 16.  11.   6.]
 [  8.  13.  20.]
 [  2.   9.  15.]]
cf_score, 36.0
nv_score, -17.0
ratio, 0.444444444444
[[ 16.  11.   1.]
 [  6.  12.  13.]
 [  5.  11.  25.]]
cf_score, 47.0
nv_score, 10.0
ratio, 0.535353535354
[[ 25.   6.   6.]
 [  4.  18.  13.]
 [  1.  10.  17.]]
cf_score, 53.0
nv_score, -8.0
ratio, 0.606060606061
[[ 21.  20.   4.]
 [  8.  10.  14.]
 [  0.   9.  14.]]
cf_score, 41.0
nv_score, -8.0
ratio, 0.454545454545
[[ 19.   6.   7.]
 [  7.  21.  11.]
 [  0.   9.  20.]]
cf_score, 53.0
nv_score, -5.0
ratio, 0.606060606061
[[ 16.  12.  10.]
 [  8.  13.  12.]
 [  1.  10.  18.]]
cf_score, 36.0
nv_score, -14.0
ratio, 0.474747474747
[[ 15.   9.   7.]
 [  9.  17.   9.]
 [  4.  12.  18.]]
cf_score, 39.0
nv_score, -5.0
ratio, 0.505050505051
[[ 12.  12.   8.]
 [  7.  16.  10.]
 [  5.  13.  17.]]
cf_score, 32.0
nv_score, -9.0
ratio, 0.454545454545
[[ 21.   7.   9.]
 [  8.  18.   9.]
 [  5.   6.  17.]]
cf_score, 42.0
nv_score, -10.0
ratio, 0.565656565657
[[ 13.   7.   4.]
 [  5.  20.  16.]
 [  3.  17.  15.]]
cf_score, 41.0
nv_score, -9.0
ratio, 0.484848484848
[[ 18.  15.   6.]
 [  5.  21.  12.]
 [  2.   6.  15.]]
cf_score, 46.0
nv_score, -9.0
ratio, 0.545454545455
[[ 14.  11.  11.]
 [  5.  18.  11.]
 [  2.  10.  18.]]
cf_score, 37.0
nv_score, -15.0
ratio, 0.505050505051
[[ 20.   8.   6.]
 [  4.  22.   8.]
 [  3.  14.  15.]]
cf_score, 48.0
nv_score, -5.0
ratio, 0.575757575758
[[ 17.  12.   8.]
 [  7.  12.  17.]
 [  4.  11.  12.]]
cf_score, 29.0
nv_score, -21.0
ratio, 0.414141414141
[[ 18.  10.   4.]
 [ 12.  12.  10.]
 [  6.   8.  20.]]
cf_score, 40.0
nv_score, 2.0
ratio, 0.505050505051
[[ 20.   6.   6.]
 [  8.  20.  11.]
 [  5.  10.  14.]]
cf_score, 43.0
nv_score, -9.0
ratio, 0.545454545455
[[ 12.  15.   7.]
 [  8.  25.   8.]
 [  2.   9.  14.]]
cf_score, 42.0
nv_score, -8.0
ratio, 0.515151515152
[[ 26.   8.   3.]
 [  6.  18.   7.]
 [  2.  10.  20.]]
cf_score, 59.0
nv_score, 7.0
ratio, 0.646464646465
[[ 22.  10.   3.]
 [ 11.  22.   4.]
 [  2.  11.  15.]]
cf_score, 54.0
nv_score, 5.0
ratio, 0.59595959596
[[ 22.  12.   8.]
 [  5.  13.  13.]
 [  1.   4.  22.]]
cf_score, 48.0
nv_score, -7.0
ratio, 0.575757575758
[[ 20.  11.   4.]
 [  6.  13.  13.]
 [  3.  12.  18.]]
cf_score, 44.0
nv_score, -3.0
ratio, 0.515151515152
[[ 20.  13.   7.]
 [ 10.  16.   6.]
 [  2.  18.   8.]]
cf_score, 35.0
nv_score, -12.0
ratio, 0.444444444444
[[ 18.  10.   9.]
 [  5.  16.  15.]
 [  2.   6.  19.]]
cf_score, 42.0
nv_score, -14.0
ratio, 0.535353535354
[[ 14.  17.   6.]
 [  4.  18.   9.]
 [  2.  13.  17.]]
cf_score, 41.0
nv_score, -4.0
ratio, 0.494949494949
[[ 15.  16.   4.]
 [  6.  18.  10.]
 [  7.  10.  14.]]
cf_score, 36.0
nv_score, -4.0
ratio, 0.474747474747
[[ 16.  11.   6.]
 [ 10.  14.   8.]
 [  4.  13.  18.]]
cf_score, 38.0
nv_score, -2.0
ratio, 0.484848484848
[[ 19.  16.   6.]
 [  7.  17.   7.]
 [  3.   9.  16.]]
cf_score, 43.0
nv_score, -3.0
ratio, 0.525252525253
[[ 14.  10.   3.]
 [  7.  14.   8.]
 [  4.  15.  25.]]
cf_score, 46.0
nv_score, 11.0
ratio, 0.535353535354
[[ 19.   9.   6.]
 [  8.  20.   7.]
 [  5.  12.  14.]]
cf_score, 42.0
nv_score, -5.0
ratio, 0.535353535354
[[ 15.   8.   5.]
 [ 10.  16.  11.]
 [  2.  14.  19.]]
cf_score, 43.0
nv_score, -2.0
ratio, 0.505050505051
[[ 22.  10.   4.]
 [  6.  16.   9.]
 [  7.  15.  11.]]
cf_score, 38.0
nv_score, -6.0
ratio, 0.494949494949
[[ 11.   9.   5.]
 [  5.  18.   9.]
 [  4.  16.  23.]]
cf_score, 43.0
nv_score, 4.0
ratio, 0.525252525253
[[ 11.  16.  10.]
 [  9.  16.  12.]
 [  3.  11.  12.]]
cf_score, 26.0
nv_score, -20.0
ratio, 0.393939393939
