[[ 23.   2.  10.]
 [ 22.   5.   6.]
 [ 12.   2.  18.]]
cf_score, 24.0
nv_score, -8.0
ratio, 0.464646464646
[[ 23.   3.   5.]
 [ 19.   2.   5.]
 [ 13.   7.  23.]]
cf_score, 30.0
nv_score, 8.0
ratio, 0.484848484848
[[ 25.   5.   8.]
 [ 22.   3.  12.]
 [  7.   1.  17.]]
cf_score, 30.0
nv_score, -11.0
ratio, 0.454545454545
[[ 18.   4.   6.]
 [ 19.   4.   7.]
 [ 16.   8.  18.]]
cf_score, 18.0
nv_score, -1.0
ratio, 0.40404040404
[[ 14.  13.   9.]
 [ 15.   7.   8.]
 [  5.   4.  25.]]
cf_score, 32.0
nv_score, -1.0
ratio, 0.464646464646
[[ 20.   6.  13.]
 [ 10.   3.  12.]
 [  5.  11.  20.]]
cf_score, 25.0
nv_score, -18.0
ratio, 0.434343434343
[[ 18.   4.  14.]
 [ 14.   5.  12.]
 [  5.   7.  21.]]
cf_score, 25.0
nv_score, -19.0
ratio, 0.444444444444
[[ 17.   5.  17.]
 [  9.   5.  15.]
 [  4.   3.  25.]]
cf_score, 26.0
nv_score, -24.0
ratio, 0.474747474747
[[ 17.   8.   4.]
 [ 15.   8.   9.]
 [  6.   6.  27.]]
cf_score, 42.0
nv_score, 10.0
ratio, 0.525252525253
[[  9.   6.  10.]
 [ 12.   7.  11.]
 [  8.   8.  29.]]
cf_score, 27.0
nv_score, -2.0
ratio, 0.454545454545
[[ 23.   7.   5.]
 [ 12.   7.   8.]
 [ 11.   7.  20.]]
cf_score, 34.0
nv_score, 2.0
ratio, 0.505050505051
[[ 17.   6.  13.]
 [ 15.   2.  11.]
 [  6.   7.  23.]]
cf_score, 23.0
nv_score, -14.0
ratio, 0.424242424242
[[ 16.   6.  14.]
 [ 10.  11.  12.]
 [  1.  11.  19.]]
cf_score, 31.0
nv_score, -21.0
ratio, 0.464646464646
[[ 17.   5.   6.]
 [ 11.  16.   9.]
 [  7.   6.  23.]]
cf_score, 43.0
nv_score, 2.0
ratio, 0.565656565657
[[ 26.   1.   8.]
 [ 14.   2.   8.]
 [  5.   8.  28.]]
cf_score, 43.0
nv_score, 4.0
ratio, 0.565656565657
[[ 15.  12.  10.]
 [  4.  12.  14.]
 [  7.   3.  23.]]
cf_score, 33.0
nv_score, -11.0
ratio, 0.505050505051
[[  9.  13.  10.]
 [  7.  14.  16.]
 [  4.   6.  21.]]
cf_score, 30.0
nv_score, -15.0
ratio, 0.444444444444
[[ 18.   2.  11.]
 [ 12.   9.  15.]
 [  1.  10.  22.]]
cf_score, 37.0
nv_score, -15.0
ratio, 0.494949494949
[[ 13.   7.   5.]
 [ 20.  13.   5.]
 [  8.   9.  20.]]
cf_score, 33.0
nv_score, 5.0
ratio, 0.464646464646
[[ 12.   5.   9.]
 [ 12.  11.  19.]
 [  2.   8.  22.]]
cf_score, 34.0
nv_score, -15.0
ratio, 0.454545454545
[[ 20.   9.   8.]
 [  7.  12.  14.]
 [  3.  10.  17.]]
cf_score, 38.0
nv_score, -13.0
ratio, 0.494949494949
[[ 13.  14.   9.]
 [  4.   6.  14.]
 [  3.   7.  30.]]
cf_score, 37.0
nv_score, -2.0
ratio, 0.494949494949
[[ 12.  14.   6.]
 [ 10.   9.  12.]
 [  6.  10.  21.]]
cf_score, 30.0
nv_score, -3.0
ratio, 0.424242424242
[[ 16.  14.   5.]
 [ 11.   8.  10.]
 [  1.   8.  27.]]
cf_score, 45.0
nv_score, 7.0
ratio, 0.515151515152
[[ 14.  14.   9.]
 [ 10.   7.  15.]
 [  2.   8.  21.]]
cf_score, 31.0
nv_score, -12.0
ratio, 0.424242424242
[[ 11.  12.   8.]
 [ 11.   8.  18.]
 [  4.   8.  20.]]
cf_score, 27.0
nv_score, -14.0
ratio, 0.393939393939
[[ 13.  10.  15.]
 [ 14.   8.  13.]
 [  1.   5.  21.]]
cf_score, 26.0
nv_score, -22.0
ratio, 0.424242424242
[[ 11.  22.   2.]
 [ 14.  12.   9.]
 [  1.   9.  20.]]
cf_score, 40.0
nv_score, 7.0
ratio, 0.434343434343
[[ 19.  13.   8.]
 [  6.  12.   7.]
 [  4.   7.  24.]]
cf_score, 43.0
nv_score, 1.0
ratio, 0.555555555556
[[ 18.  11.  10.]
 [ 10.   9.  12.]
 [  3.   7.  20.]]
cf_score, 34.0
nv_score, -12.0
ratio, 0.474747474747
[[ 17.   6.   8.]
 [ 13.   8.  11.]
 [  5.   9.  23.]]
cf_score, 35.0
nv_score, -4.0
ratio, 0.484848484848
[[ 16.  11.  14.]
 [  3.  12.   8.]
 [  3.  11.  22.]]
cf_score, 33.0
nv_score, -14.0
ratio, 0.505050505051
[[ 16.  11.   9.]
 [ 12.   9.   6.]
 [  4.   6.  27.]]
cf_score, 39.0
nv_score, 3.0
ratio, 0.525252525253
[[ 16.   9.   6.]
 [ 11.  12.   7.]
 [  3.   5.  31.]]
cf_score, 50.0
nv_score, 12.0
ratio, 0.59595959596
[[  3.  15.  15.]
 [  8.  15.  11.]
 [  4.   3.  26.]]
cf_score, 25.0
nv_score, -15.0
ratio, 0.444444444444
[[ 14.  19.  17.]
 [ 11.   6.   6.]
 [  1.   5.  21.]]
cf_score, 23.0
nv_score, -19.0
ratio, 0.414141414141
[[ 10.  13.   6.]
 [ 13.  10.  13.]
 [  1.  11.  23.]]
cf_score, 36.0
nv_score, -2.0
ratio, 0.434343434343
[[ 15.  17.  13.]
 [  6.  12.   8.]
 [  1.   4.  24.]]
cf_score, 37.0
nv_score, -10.0
ratio, 0.515151515152
[[ 13.   8.   9.]
 [ 10.  14.  12.]
 [  0.   7.  27.]]
cf_score, 45.0
nv_score, -3.0
ratio, 0.545454545455
[[ 12.  11.  10.]
 [ 14.  13.  13.]
 [  1.   5.  21.]]
cf_score, 35.0
nv_score, -12.0
ratio, 0.464646464646
[[ 13.  10.   9.]
 [ 12.  10.  13.]
 [  6.   2.  25.]]
cf_score, 33.0
nv_score, -6.0
ratio, 0.484848484848
[[ 18.  13.   7.]
 [ 10.   9.  14.]
 [  2.   7.  20.]]
cf_score, 38.0
nv_score, -8.0
ratio, 0.474747474747
[[ 14.  11.  17.]
 [  4.   7.  14.]
 [  3.   7.  23.]]
cf_score, 24.0
nv_score, -25.0
ratio, 0.444444444444
[[ 14.   9.  11.]
 [ 16.  11.   7.]
 [  1.   7.  24.]]
cf_score, 37.0
nv_score, -5.0
ratio, 0.494949494949
[[ 14.  11.   9.]
 [ 16.   9.   9.]
 [  5.   8.  19.]]
cf_score, 28.0
nv_score, -8.0
ratio, 0.424242424242
[[ 10.  12.   7.]
 [ 14.  15.  14.]
 [  1.  10.  17.]]
cf_score, 34.0
nv_score, -11.0
ratio, 0.424242424242
[[  6.  15.  14.]
 [  5.  15.   3.]
 [  1.   7.  34.]]
cf_score, 40.0
nv_score, 3.0
ratio, 0.555555555556
[[ 10.  13.   7.]
 [ 12.  11.  16.]
 [  2.   6.  23.]]
cf_score, 35.0
nv_score, -7.0
ratio, 0.444444444444
[[ 14.  16.   6.]
 [  9.   9.  13.]
 [  5.   5.  23.]]
cf_score, 35.0
nv_score, -2.0
ratio, 0.464646464646
[[  6.   7.  11.]
 [  6.   9.  13.]
 [  3.   9.  36.]]
cf_score, 37.0
nv_score, 1.0
ratio, 0.515151515152
