[[ 32.   0.   0.]
 [ 41.   0.   0.]
 [ 27.   0.   0.]]
cf_score, 5.0
nv_score, 0.0
ratio, 0.323232323232
[[ 26.   0.   0.]
 [ 33.   0.   0.]
 [ 41.   0.   0.]]
cf_score, -15.0
nv_score, 0.0
ratio, 0.262626262626
[[ 35.   0.   0.]
 [ 37.   0.   0.]
 [ 28.   0.   0.]]
cf_score, 7.0
nv_score, 0.0
ratio, 0.353535353535
[[  0.  32.   0.]
 [  0.  33.   0.]
 [  0.  35.   0.]]
cf_score, 33.0
nv_score, 0.0
ratio, 0.333333333333
[[  0.  31.   0.]
 [  0.  39.   0.]
 [  0.  30.   0.]]
cf_score, 39.0
nv_score, 0.0
ratio, 0.393939393939
[[  0.   0.  28.]
 [  0.   0.  33.]
 [  0.   0.  39.]]
cf_score, 11.0
nv_score, -50.0
ratio, 0.393939393939
[[ 17.  11.   2.]
 [ 11.  23.   1.]
 [ 11.  24.   0.]]
cf_score, 27.0
nv_score, -5.0
ratio, 0.40404040404
[[  5.   0.  21.]
 [  7.   0.  32.]
 [ 10.   0.  25.]]
cf_score, -1.0
nv_score, -49.0
ratio, 0.30303030303
[[  7.   1.  19.]
 [  1.   3.  28.]
 [  7.   4.  30.]]
cf_score, 14.0
nv_score, -36.0
ratio, 0.40404040404
[[  4.   7.  16.]
 [  0.  19.  16.]
 [  5.  10.  23.]]
cf_score, 25.0
nv_score, -25.0
ratio, 0.464646464646
[[  7.   1.  25.]
 [  4.   4.  22.]
 [  4.   3.  30.]]
cf_score, 12.0
nv_score, -42.0
ratio, 0.414141414141
[[  8.   3.  19.]
 [  9.   5.  16.]
 [ 11.   1.  28.]]
cf_score, 11.0
nv_score, -26.0
ratio, 0.414141414141
[[ 10.  25.   0.]
 [  6.  30.   0.]
 [  3.  26.   0.]]
cf_score, 37.0
nv_score, 0.0
ratio, 0.40404040404
[[  4.  31.   0.]
 [  1.  30.   0.]
 [  2.  32.   0.]]
cf_score, 32.0
nv_score, 0.0
ratio, 0.343434343434
[[  4.  33.   0.]
 [  1.  28.   0.]
 [  2.  32.   0.]]
cf_score, 30.0
nv_score, 0.0
ratio, 0.323232323232
[[  6.   3.  14.]
 [  2.   4.  30.]
 [  2.   3.  36.]]
cf_score, 30.0
nv_score, -22.0
ratio, 0.464646464646
[[  4.   5.  17.]
 [  0.   9.  24.]
 [  6.  11.  24.]]
cf_score, 14.0
nv_score, -34.0
ratio, 0.373737373737
[[  2.  16.  11.]
 [  3.  12.  16.]
 [  4.  21.  15.]]
cf_score, 14.0
nv_score, -23.0
ratio, 0.292929292929
[[  6.  11.  20.]
 [  6.  16.  17.]
 [  2.   7.  15.]]
cf_score, 15.0
nv_score, -42.0
ratio, 0.373737373737
[[  9.   6.  12.]
 [  1.  22.  18.]
 [  6.  17.   9.]]
cf_score, 22.0
nv_score, -33.0
ratio, 0.40404040404
[[  3.  16.  13.]
 [  3.  15.  15.]
 [  6.  15.  14.]]
cf_score, 13.0
nv_score, -27.0
ratio, 0.323232323232
[[  7.  14.  16.]
 [  4.  13.  15.]
 [  2.  21.   8.]]
cf_score, 10.0
nv_score, -39.0
ratio, 0.282828282828
[[ 10.   8.  10.]
 [  6.  25.   7.]
 [  9.  12.  13.]]
cf_score, 29.0
nv_score, -14.0
ratio, 0.484848484848
[[  4.   9.  24.]
 [  1.  10.  14.]
 [  2.  25.  11.]]
cf_score, -1.0
nv_score, -51.0
ratio, 0.252525252525
[[  1.   9.  14.]
 [  5.  15.  16.]
 [  9.  14.  17.]]
cf_score, 10.0
nv_score, -27.0
ratio, 0.333333333333
[[  5.  12.  14.]
 [  6.  11.  11.]
 [  6.  20.  15.]]
cf_score, 11.0
nv_score, -24.0
ratio, 0.313131313131
[[  5.  11.  11.]
 [  3.  16.  17.]
 [  5.  13.  19.]]
cf_score, 24.0
nv_score, -20.0
ratio, 0.40404040404
[[  4.   7.  16.]
 [  3.  20.  14.]
 [  6.  15.  15.]]
cf_score, 17.0
nv_score, -31.0
ratio, 0.393939393939
[[  5.   9.  13.]
 [  2.  23.  11.]
 [  2.  19.  16.]]
cf_score, 29.0
nv_score, -21.0
ratio, 0.444444444444
[[  6.  11.  14.]
 [  3.  16.  10.]
 [  1.  16.  23.]]
cf_score, 30.0
nv_score, -15.0
ratio, 0.454545454545
[[  3.   5.  13.]
 [  2.  16.  19.]
 [  3.  20.  19.]]
cf_score, 22.0
nv_score, -26.0
ratio, 0.383838383838
[[  4.  14.  10.]
 [  1.   9.  15.]
 [  8.  19.  20.]]
cf_score, 15.0
nv_score, -15.0
ratio, 0.333333333333
[[  5.  19.  12.]
 [  0.  18.  12.]
 [  5.  17.  12.]]
cf_score, 18.0
nv_score, -24.0
ratio, 0.353535353535
[[  7.  13.  10.]
 [  1.  19.  11.]
 [  3.  21.  15.]]
cf_score, 28.0
nv_score, -16.0
ratio, 0.414141414141
[[  4.   7.  13.]
 [  1.  25.  14.]
 [  1.  16.  19.]]
cf_score, 34.0
nv_score, -21.0
ratio, 0.484848484848
[[  6.   8.  15.]
 [  3.  22.   8.]
 [  5.  15.  18.]]
cf_score, 26.0
nv_score, -20.0
ratio, 0.464646464646
[[  2.   9.  20.]
 [  1.  17.  15.]
 [  4.  16.  16.]]
cf_score, 11.0
nv_score, -39.0
ratio, 0.353535353535
[[  5.   3.  20.]
 [  2.  14.  16.]
 [  3.  23.  14.]]
cf_score, 10.0
nv_score, -42.0
ratio, 0.333333333333
[[  9.   8.  11.]
 [  1.  15.  16.]
 [  5.  21.  14.]]
cf_score, 22.0
nv_score, -24.0
ratio, 0.383838383838
[[  1.  13.  14.]
 [  3.  24.   8.]
 [  1.  21.  15.]]
cf_score, 25.0
nv_score, -21.0
ratio, 0.40404040404
[[  2.   9.  19.]
 [  4.  15.  14.]
 [  4.  17.  16.]]
cf_score, 10.0
nv_score, -36.0
ratio, 0.333333333333
[[  7.   9.  14.]
 [  1.  17.  13.]
 [  6.  17.  16.]]
cf_score, 20.0
nv_score, -25.0
ratio, 0.40404040404
[[  3.   7.  16.]
 [  2.  23.   9.]
 [  2.  17.  21.]]
cf_score, 29.0
nv_score, -20.0
ratio, 0.474747474747
[[  9.  12.  15.]
 [  1.  10.  18.]
 [  6.   8.  21.]]
cf_score, 19.0
nv_score, -27.0
ratio, 0.40404040404
[[  5.  15.  10.]
 [  9.  12.  12.]
 [  5.  13.  19.]]
cf_score, 21.0
nv_score, -13.0
ratio, 0.363636363636
[[  6.   8.  13.]
 [  5.  19.  14.]
 [  2.  14.  19.]]
cf_score, 29.0
nv_score, -21.0
ratio, 0.444444444444
[[  7.  10.  19.]
 [  3.  14.   8.]
 [  3.  19.  17.]]
cf_score, 16.0
nv_score, -29.0
ratio, 0.383838383838
[[  4.  14.  15.]
 [  2.  16.   8.]
 [  4.  20.  17.]]
cf_score, 18.0
nv_score, -21.0
ratio, 0.373737373737
[[  6.  17.   5.]
 [  3.  22.   9.]
 [  7.  12.  19.]]
cf_score, 35.0
nv_score, 0.0
ratio, 0.474747474747
[[  8.  14.  15.]
 [  5.  17.   7.]
 [  3.  14.  17.]]
cf_score, 24.0
nv_score, -20.0
ratio, 0.424242424242
