[[  0.  33.   0.]
 [  0.  31.   0.]
 [  0.  36.   0.]]
cf_score, 31.0
nv_score, 0.0
ratio, 0.313131313131
[[  0.  40.   0.]
 [  0.  28.   0.]
 [  0.  32.   0.]]
cf_score, 28.0
nv_score, 0.0
ratio, 0.282828282828
[[  4.  37.   0.]
 [  4.  24.   0.]
 [  5.  26.   0.]]
cf_score, 23.0
nv_score, 0.0
ratio, 0.282828282828
[[ 27.   3.  10.]
 [ 16.   6.   4.]
 [ 17.   2.  15.]]
cf_score, 21.0
nv_score, -9.0
ratio, 0.484848484848
[[ 19.   4.  17.]
 [ 11.   0.  12.]
 [ 10.   0.  27.]]
cf_score, 19.0
nv_score, -19.0
ratio, 0.464646464646
[[ 21.   1.  10.]
 [ 10.   0.  11.]
 [ 25.   0.  22.]]
cf_score, 8.0
nv_score, -9.0
ratio, 0.434343434343
[[ 22.   0.   9.]
 [ 17.   0.  14.]
 [ 19.   1.  18.]]
cf_score, 12.0
nv_score, -14.0
ratio, 0.40404040404
[[ 25.   0.  15.]
 [ 13.   0.  14.]
 [ 16.   0.  17.]]
cf_score, 11.0
nv_score, -27.0
ratio, 0.424242424242
[[ 19.   2.  12.]
 [ 14.   1.  12.]
 [ 17.   3.  20.]]
cf_score, 11.0
nv_score, -16.0
ratio, 0.40404040404
[[ 28.   2.  10.]
 [ 19.   1.  14.]
 [ 10.   1.  15.]]
cf_score, 24.0
nv_score, -19.0
ratio, 0.444444444444
[[ 22.   2.  14.]
 [ 11.   3.   8.]
 [ 19.   1.  20.]]
cf_score, 12.0
nv_score, -16.0
ratio, 0.454545454545
[[ 24.   3.  12.]
 [ 11.   5.  10.]
 [ 10.   1.  24.]]
cf_score, 31.0
nv_score, -10.0
ratio, 0.535353535354
[[ 23.   1.  11.]
 [ 25.   2.   6.]
 [ 14.   1.  17.]]
cf_score, 17.0
nv_score, -11.0
ratio, 0.424242424242
[[ 21.   2.  13.]
 [  6.   5.  13.]
 [ 12.   1.  27.]]
cf_score, 28.0
nv_score, -12.0
ratio, 0.535353535354
[[ 29.   1.  14.]
 [ 11.   5.  10.]
 [  9.   4.  17.]]
cf_score, 28.0
nv_score, -21.0
ratio, 0.515151515152
[[ 26.   1.   6.]
 [ 14.   2.  14.]
 [ 16.   1.  20.]]
cf_score, 26.0
nv_score, -6.0
ratio, 0.484848484848
[[ 26.   1.  11.]
 [  8.   4.  19.]
 [  9.   4.  18.]]
cf_score, 28.0
nv_score, -23.0
ratio, 0.484848484848
[[ 24.   1.  13.]
 [ 19.   2.  10.]
 [ 18.   3.  10.]]
cf_score, 5.0
nv_score, -26.0
ratio, 0.363636363636
[[ 25.   1.   6.]
 [ 10.   7.  15.]
 [  9.   8.  19.]]
cf_score, 36.0
nv_score, -8.0
ratio, 0.515151515152
[[ 25.   5.  16.]
 [  4.   8.  14.]
 [ 10.   2.  16.]]
cf_score, 23.0
nv_score, -30.0
ratio, 0.494949494949
[[ 16.   1.  14.]
 [ 11.   3.  17.]
 [ 14.   2.  22.]]
cf_score, 13.0
nv_score, -23.0
ratio, 0.414141414141
[[ 26.   2.  14.]
 [  8.   7.   9.]
 [  9.   3.  22.]]
cf_score, 32.0
nv_score, -15.0
ratio, 0.555555555556
[[ 21.   4.  10.]
 [ 15.   1.   9.]
 [ 17.   7.  16.]]
cf_score, 11.0
nv_score, -13.0
ratio, 0.383838383838
[[ 23.   1.   8.]
 [  9.   5.  19.]
 [ 10.   1.  24.]]
cf_score, 34.0
nv_score, -11.0
ratio, 0.525252525253
[[ 21.   1.   9.]
 [ 16.   0.  12.]
 [ 26.   2.  13.]]
cf_score, -1.0
nv_score, -17.0
ratio, 0.343434343434
[[ 28.   0.  13.]
 [ 15.   2.  14.]
 [ 14.   1.  13.]]
cf_score, 16.0
nv_score, -27.0
ratio, 0.434343434343
[[ 18.   0.   8.]
 [ 18.   1.  15.]
 [ 17.   2.  21.]]
cf_score, 15.0
nv_score, -10.0
ratio, 0.40404040404
[[ 26.   0.  13.]
 [ 15.   0.   8.]
 [ 14.   1.  23.]]
cf_score, 22.0
nv_score, -11.0
ratio, 0.494949494949
[[ 14.   1.  17.]
 [  6.   3.  18.]
 [ 14.   1.  26.]]
cf_score, 12.0
nv_score, -26.0
ratio, 0.434343434343
[[ 23.   2.  18.]
 [  5.   4.  18.]
 [  5.   7.  18.]]
cf_score, 22.0
nv_score, -36.0
ratio, 0.454545454545
[[ 16.   1.  16.]
 [ 11.   0.  24.]
 [  8.   1.  23.]]
cf_score, 15.0
nv_score, -33.0
ratio, 0.393939393939
[[ 17.   1.  11.]
 [ 12.   4.  12.]
 [ 10.   5.  28.]]
cf_score, 28.0
nv_score, -6.0
ratio, 0.494949494949
[[ 28.   1.  11.]
 [  9.   4.  11.]
 [ 10.  10.  16.]]
cf_score, 27.0
nv_score, -17.0
ratio, 0.484848484848
[[ 26.   0.  17.]
 [ 11.   1.  10.]
 [ 14.   2.  19.]]
cf_score, 15.0
nv_score, -25.0
ratio, 0.464646464646
[[ 25.   2.   8.]
 [  9.   7.  17.]
 [  9.   3.  20.]]
cf_score, 35.0
nv_score, -13.0
ratio, 0.525252525253
[[ 23.   6.  11.]
 [  9.   6.  13.]
 [ 11.   1.  20.]]
cf_score, 27.0
nv_score, -15.0
ratio, 0.494949494949
[[ 18.   1.  16.]
 [  4.   2.  19.]
 [ 13.   5.  22.]]
cf_score, 13.0
nv_score, -29.0
ratio, 0.424242424242
[[ 19.   0.  14.]
 [  7.   4.  13.]
 [ 13.   4.  26.]]
cf_score, 22.0
nv_score, -15.0
ratio, 0.494949494949
[[ 21.   2.  10.]
 [ 17.   1.  14.]
 [ 14.   0.  21.]]
cf_score, 19.0
nv_score, -13.0
ratio, 0.434343434343
[[ 22.   0.  10.]
 [ 17.   2.  15.]
 [ 16.   1.  17.]]
cf_score, 15.0
nv_score, -18.0
ratio, 0.414141414141
[[ 29.   4.  10.]
 [ 16.   2.  10.]
 [  7.   3.  19.]]
cf_score, 33.0
nv_score, -11.0
ratio, 0.505050505051
[[ 24.   1.   9.]
 [  7.   3.  20.]
 [  9.   5.  22.]]
cf_score, 31.0
nv_score, -16.0
ratio, 0.494949494949
[[ 23.   3.  14.]
 [  9.   1.  14.]
 [  9.   1.  26.]]
cf_score, 27.0
nv_score, -16.0
ratio, 0.505050505051
[[ 26.   3.  13.]
 [  9.   7.   9.]
 [ 10.   2.  21.]]
cf_score, 31.0
nv_score, -14.0
ratio, 0.545454545455
[[ 20.   0.  14.]
 [  5.   1.  13.]
 [  6.   5.  36.]]
cf_score, 37.0
nv_score, -5.0
ratio, 0.575757575758
[[ 24.   0.  13.]
 [ 13.   3.  14.]
 [  9.   4.  20.]]
cf_score, 25.0
nv_score, -20.0
ratio, 0.474747474747
[[ 26.   0.  10.]
 [ 13.   4.  14.]
 [  9.   2.  22.]]
cf_score, 33.0
nv_score, -12.0
ratio, 0.525252525253
[[ 30.   0.  11.]
 [ 15.   4.  15.]
 [  4.   6.  15.]]
cf_score, 34.0
nv_score, -22.0
ratio, 0.494949494949
[[ 20.   1.  13.]
 [ 11.  11.   6.]
 [ 12.   0.  26.]]
cf_score, 32.0
nv_score, -6.0
ratio, 0.575757575758
[[ 21.   1.  11.]
 [ 13.   1.  18.]
 [  8.   8.  19.]]
cf_score, 22.0
nv_score, -21.0
ratio, 0.414141414141
