[[ 11.  20.   0.]
 [  5.  18.   0.]
 [ 16.  30.   0.]]
cf_score, 13.0
nv_score, 0.0
ratio, 0.292929292929
[[  0.  17.  14.]
 [  3.  21.   7.]
 [  2.  24.  12.]]
cf_score, 17.0
nv_score, -23.0
ratio, 0.333333333333
[[  3.  11.  18.]
 [  1.  25.   9.]
 [  1.  18.  14.]]
cf_score, 23.0
nv_score, -31.0
ratio, 0.424242424242
[[  2.  14.  17.]
 [  1.  15.  17.]
 [  1.   7.  26.]]
cf_score, 25.0
nv_score, -25.0
ratio, 0.434343434343
[[ 15.   0.  11.]
 [ 20.   3.  13.]
 [ 16.   2.  20.]]
cf_score, 11.0
nv_score, -15.0
ratio, 0.383838383838
[[ 24.   4.  10.]
 [  6.   6.  10.]
 [  5.   3.  32.]]
cf_score, 47.0
nv_score, 2.0
ratio, 0.626262626263
[[ 20.   2.  11.]
 [ 12.  10.  13.]
 [ 10.   1.  21.]]
cf_score, 30.0
nv_score, -14.0
ratio, 0.515151515152
[[ 22.   8.  12.]
 [ 11.   6.   9.]
 [  9.   5.  18.]]
cf_score, 25.0
nv_score, -15.0
ratio, 0.464646464646
[[ 23.   4.   5.]
 [ 13.  14.  10.]
 [ 10.   6.  15.]]
cf_score, 37.0
nv_score, -5.0
ratio, 0.525252525253
[[ 20.   7.   8.]
 [ 17.   5.   9.]
 [  8.   6.  20.]]
cf_score, 29.0
nv_score, -5.0
ratio, 0.454545454545
[[ 21.   4.   7.]
 [ 14.  10.  10.]
 [ 10.   7.  17.]]
cf_score, 31.0
nv_score, -7.0
ratio, 0.484848484848
[[ 18.   7.   7.]
 [ 13.   8.  14.]
 [  8.   8.  17.]]
cf_score, 28.0
nv_score, -11.0
ratio, 0.434343434343
[[ 19.   5.   6.]
 [ 16.  11.   6.]
 [ 14.   5.  18.]]
cf_score, 28.0
nv_score, 0.0
ratio, 0.484848484848
[[ 22.  11.   3.]
 [ 12.   9.   8.]
 [  8.   7.  20.]]
cf_score, 40.0
nv_score, 6.0
ratio, 0.515151515152
[[ 14.   7.   3.]
 [ 11.  13.  13.]
 [ 10.  10.  19.]]
cf_score, 33.0
nv_score, 0.0
ratio, 0.464646464646
[[ 18.   9.   5.]
 [ 11.   9.   9.]
 [  9.   6.  24.]]
cf_score, 37.0
nv_score, 5.0
ratio, 0.515151515152
[[ 17.  10.   6.]
 [ 11.  12.   9.]
 [ 10.  11.  14.]]
cf_score, 27.0
nv_score, -7.0
ratio, 0.434343434343
[[ 16.  11.   5.]
 [ 13.  11.   4.]
 [  8.   3.  29.]]
cf_score, 43.0
nv_score, 15.0
ratio, 0.565656565657
[[ 21.  10.   1.]
 [ 14.  10.  14.]
 [  8.   7.  15.]]
cf_score, 37.0
nv_score, -1.0
ratio, 0.464646464646
[[ 18.  11.   2.]
 [ 18.  12.   7.]
 [ 11.   7.  14.]]
cf_score, 31.0
nv_score, 3.0
ratio, 0.444444444444
[[ 16.   9.   9.]
 [ 12.  13.  11.]
 [  4.   9.  17.]]
cf_score, 33.0
nv_score, -12.0
ratio, 0.464646464646
[[ 23.  12.   6.]
 [ 11.  11.   8.]
 [  7.   7.  15.]]
cf_score, 36.0
nv_score, -5.0
ratio, 0.494949494949
[[ 23.  12.   4.]
 [ 11.   7.   6.]
 [ 10.   7.  20.]]
cf_score, 36.0
nv_score, 6.0
ratio, 0.505050505051
[[ 12.   9.   4.]
 [ 11.  18.   9.]
 [  6.   8.  23.]]
cf_score, 43.0
nv_score, 6.0
ratio, 0.535353535354
[[ 20.   3.   5.]
 [ 18.   6.   9.]
 [ 14.   8.  17.]]
cf_score, 24.0
nv_score, -2.0
ratio, 0.434343434343
[[ 23.   9.   3.]
 [ 13.  12.   6.]
 [  9.   7.  18.]]
cf_score, 41.0
nv_score, 6.0
ratio, 0.535353535354
[[ 18.   6.   4.]
 [ 10.  13.  12.]
 [  9.  10.  18.]]
cf_score, 36.0
nv_score, -2.0
ratio, 0.494949494949
[[ 16.   4.   3.]
 [ 12.  13.   9.]
 [  7.   9.  27.]]
cf_score, 46.0
nv_score, 12.0
ratio, 0.565656565657
[[  8.  10.   8.]
 [ 20.  12.   5.]
 [  9.   9.  19.]]
cf_score, 22.0
nv_score, -2.0
ratio, 0.393939393939
[[ 16.  11.   1.]
 [ 14.   9.   6.]
 [ 15.   8.  20.]]
cf_score, 29.0
nv_score, 12.0
ratio, 0.454545454545
[[ 22.  10.   9.]
 [ 16.  10.   4.]
 [  4.   6.  19.]]
cf_score, 38.0
nv_score, -3.0
ratio, 0.515151515152
[[ 19.   8.   6.]
 [ 19.  13.   5.]
 [ 10.   9.  11.]]
cf_score, 27.0
nv_score, -6.0
ratio, 0.434343434343
[[ 28.   9.   3.]
 [ 12.  12.   2.]
 [  8.  11.  15.]]
cf_score, 44.0
nv_score, 7.0
ratio, 0.555555555556
[[ 17.   7.   7.]
 [ 17.  16.   4.]
 [  8.   3.  21.]]
cf_score, 39.0
nv_score, 3.0
ratio, 0.545454545455
[[ 22.  12.   3.]
 [ 10.  18.   5.]
 [  6.   6.  18.]]
cf_score, 49.0
nv_score, 7.0
ratio, 0.585858585859
[[ 21.  16.   5.]
 [  9.  13.  10.]
 [  7.   7.  12.]]
cf_score, 34.0
nv_score, -8.0
ratio, 0.464646464646
[[ 23.   9.   3.]
 [ 10.  13.  10.]
 [ 10.   4.  18.]]
cf_score, 41.0
nv_score, 2.0
ratio, 0.545454545455
[[ 17.  15.   6.]
 [  4.  14.   3.]
 [ 10.  13.  18.]]
cf_score, 33.0
nv_score, 3.0
ratio, 0.494949494949
[[  8.  14.   7.]
 [  8.  20.   7.]
 [  6.  13.  17.]]
cf_score, 32.0
nv_score, -4.0
ratio, 0.454545454545
[[ 15.   8.   7.]
 [ 10.  23.   2.]
 [  9.   4.  22.]]
cf_score, 44.0
nv_score, 6.0
ratio, 0.606060606061
[[ 21.  11.   3.]
 [ 10.  12.   6.]
 [ 10.   9.  18.]]
cf_score, 38.0
nv_score, 6.0
ratio, 0.515151515152
[[ 17.  17.   7.]
 [  5.  15.   5.]
 [  8.  10.  16.]]
cf_score, 33.0
nv_score, -3.0
ratio, 0.484848484848
[[ 14.  11.   7.]
 [  9.  18.   3.]
 [ 13.   8.  17.]]
cf_score, 29.0
nv_score, 0.0
ratio, 0.494949494949
[[ 20.  13.   2.]
 [ 13.  12.   5.]
 [ 12.   4.  19.]]
cf_score, 37.0
nv_score, 10.0
ratio, 0.515151515152
[[ 12.  18.   4.]
 [  3.  21.   6.]
 [ 10.   6.  20.]]
cf_score, 39.0
nv_score, 6.0
ratio, 0.535353535354
[[ 21.   8.   8.]
 [  8.  19.  10.]
 [  5.   5.  16.]]
cf_score, 43.0
nv_score, -10.0
ratio, 0.565656565657
[[ 17.  17.   5.]
 [ 10.  18.   2.]
 [  5.  11.  15.]]
cf_score, 40.0
nv_score, 3.0
ratio, 0.505050505051
[[ 25.   6.   3.]
 [ 17.  14.   1.]
 [ 10.  12.  12.]]
cf_score, 38.0
nv_score, 5.0
ratio, 0.515151515152
[[ 12.  17.   7.]
 [  8.  22.   3.]
 [ 11.  10.  10.]]
cf_score, 26.0
nv_score, -7.0
ratio, 0.444444444444
[[ 16.  14.   3.]
 [  6.  19.   4.]
 [  9.  10.  19.]]
cf_score, 42.0
nv_score, 9.0
ratio, 0.545454545455
