[[  0.   6.  31.]
 [  0.   5.  31.]
 [  0.   7.  20.]]
cf_score, -6.0
ratio, 0.252525252525
[[ 18.   1.   2.]
 [ 28.   1.   9.]
 [ 19.   0.  22.]]
cf_score, 20.0
ratio, 0.414141414141
[[ 25.   3.  10.]
 [ 26.   2.   7.]
 [ 17.   3.   7.]]
cf_score, 7.0
ratio, 0.343434343434
[[ 31.   1.   8.]
 [ 22.   1.   7.]
 [ 14.   1.  15.]]
cf_score, 25.0
ratio, 0.474747474747
[[ 26.   5.   5.]
 [ 20.   5.  10.]
 [ 11.   2.  16.]]
cf_score, 31.0
ratio, 0.474747474747
[[ 27.   2.   9.]
 [ 21.   0.   7.]
 [ 16.   2.  16.]]
cf_score, 18.0
ratio, 0.434343434343
[[ 30.   0.   4.]
 [ 23.   2.  12.]
 [  9.   2.  18.]]
cf_score, 37.0
ratio, 0.505050505051
[[ 26.   3.   5.]
 [ 17.   3.   9.]
 [ 22.   2.  13.]]
cf_score, 15.0
ratio, 0.424242424242
[[ 27.   2.   8.]
 [ 24.   0.   7.]
 [ 15.   2.  15.]]
cf_score, 19.0
ratio, 0.424242424242
[[ 21.   2.   6.]
 [ 27.   1.   9.]
 [ 17.   2.  15.]]
cf_score, 14.0
ratio, 0.373737373737
[[ 27.   4.   6.]
 [ 26.   1.  13.]
 [ 14.   0.   9.]]
cf_score, 17.0
ratio, 0.373737373737
[[ 30.   0.  11.]
 [ 24.   2.   6.]
 [ 18.   0.   9.]]
cf_score, 12.0
ratio, 0.414141414141
[[ 27.   3.   5.]
 [ 33.   2.   7.]
 [  7.   2.  14.]]
cf_score, 31.0
ratio, 0.434343434343
[[ 31.   4.   2.]
 [ 27.   1.   6.]
 [  9.   0.  20.]]
cf_score, 41.0
ratio, 0.525252525253
[[ 24.   5.   8.]
 [ 15.   0.   7.]
 [ 19.   4.  18.]]
cf_score, 15.0
ratio, 0.424242424242
[[ 27.   2.   7.]
 [ 23.   4.   9.]
 [ 12.   1.  15.]]
cf_score, 27.0
ratio, 0.464646464646
[[ 25.   1.   5.]
 [ 29.   1.   8.]
 [ 16.   0.  15.]]
cf_score, 20.0
ratio, 0.414141414141
[[ 30.   5.   4.]
 [ 19.   2.   8.]
 [ 13.   1.  18.]]
cf_score, 33.0
ratio, 0.505050505051
[[ 21.   4.   3.]
 [ 27.   4.   8.]
 [ 15.   5.  13.]]
cf_score, 20.0
ratio, 0.383838383838
[[ 25.   3.   2.]
 [ 28.   4.   3.]
 [ 12.   2.  21.]]
cf_score, 36.0
ratio, 0.505050505051
[[ 36.   5.   1.]
 [ 26.   1.   3.]
 [ 15.   4.   9.]]
cf_score, 30.0
ratio, 0.464646464646
[[ 23.   3.   4.]
 [ 23.   1.   6.]
 [ 16.   1.  23.]]
cf_score, 27.0
ratio, 0.474747474747
[[ 30.   4.   4.]
 [ 18.   5.   8.]
 [ 20.   2.   9.]]
cf_score, 20.0
ratio, 0.444444444444
[[ 26.   4.   5.]
 [ 24.   2.   9.]
 [  9.   4.  17.]]
cf_score, 31.0
ratio, 0.454545454545
[[ 19.   5.   5.]
 [ 21.   8.  10.]
 [ 11.   4.  17.]]
cf_score, 28.0
ratio, 0.444444444444
[[ 21.   4.   5.]
 [ 32.   5.   9.]
 [ 10.   1.  13.]]
cf_score, 24.0
ratio, 0.393939393939
[[ 30.   6.   3.]
 [ 34.   2.   5.]
 [ 13.   1.   6.]]
cf_score, 22.0
ratio, 0.383838383838
[[ 25.   7.   5.]
 [ 16.   5.   7.]
 [ 12.   0.  23.]]
cf_score, 36.0
ratio, 0.535353535354
[[ 28.   4.   7.]
 [ 22.   5.   7.]
 [ 11.   5.  11.]]
cf_score, 26.0
ratio, 0.444444444444
[[ 20.   6.   8.]
 [ 31.   1.   3.]
 [ 12.   4.  15.]]
cf_score, 16.0
ratio, 0.363636363636
[[ 24.   5.   2.]
 [ 28.   1.   8.]
 [ 15.   2.  15.]]
cf_score, 23.0
ratio, 0.40404040404
[[ 17.   8.   6.]
 [ 21.   6.  11.]
 [ 11.   2.  18.]]
cf_score, 24.0
ratio, 0.414141414141
[[ 30.   5.   5.]
 [ 16.   6.   6.]
 [ 13.   1.  18.]]
cf_score, 36.0
ratio, 0.545454545455
[[ 29.   7.   2.]
 [ 19.   7.   7.]
 [ 16.   3.  10.]]
cf_score, 28.0
ratio, 0.464646464646
[[ 25.  10.   4.]
 [ 21.   8.   6.]
 [ 14.   2.  10.]]
cf_score, 25.0
ratio, 0.434343434343
[[ 25.   2.   4.]
 [ 23.   4.   7.]
 [ 13.   3.  19.]]
cf_score, 31.0
ratio, 0.484848484848
[[ 22.   3.   4.]
 [ 26.   1.   8.]
 [ 17.   1.  18.]]
cf_score, 20.0
ratio, 0.414141414141
[[ 30.   2.   4.]
 [ 20.   4.   7.]
 [ 15.   4.  14.]]
cf_score, 29.0
ratio, 0.484848484848
[[ 20.   7.   8.]
 [ 18.   7.   6.]
 [ 13.   3.  18.]]
cf_score, 24.0
ratio, 0.454545454545
[[ 23.   7.   2.]
 [ 23.   8.   5.]
 [ 14.   1.  17.]]
cf_score, 32.0
ratio, 0.484848484848
[[ 25.   2.   7.]
 [ 16.   6.  11.]
 [ 16.   4.  13.]]
cf_score, 21.0
ratio, 0.444444444444
[[ 18.  10.   5.]
 [ 22.   2.  11.]
 [ 16.   3.  13.]]
cf_score, 12.0
ratio, 0.333333333333
[[ 24.   6.   4.]
 [ 24.   2.   7.]
 [ 15.   7.  11.]]
cf_score, 18.0
ratio, 0.373737373737
[[ 22.   8.   4.]
 [ 21.   8.   5.]
 [ 10.   3.  19.]]
cf_score, 35.0
ratio, 0.494949494949
[[ 26.   1.   9.]
 [ 19.   6.   8.]
 [ 17.   5.   9.]]
cf_score, 15.0
ratio, 0.414141414141
[[ 27.   7.   3.]
 [ 26.   4.   7.]
 [ 13.   1.  12.]]
cf_score, 27.0
ratio, 0.434343434343
[[ 22.   5.   7.]
 [ 17.   6.   5.]
 [ 20.   1.  17.]]
cf_score, 18.0
ratio, 0.454545454545
[[ 21.   5.   4.]
 [ 23.   8.   8.]
 [ 16.   3.  12.]]
cf_score, 21.0
ratio, 0.414141414141
[[ 21.   3.   3.]
 [ 19.   6.   7.]
 [ 16.   4.  21.]]
cf_score, 29.0
ratio, 0.484848484848
[[ 17.   5.   3.]
 [ 23.   6.   5.]
 [ 18.   2.  21.]]
cf_score, 23.0
ratio, 0.444444444444
[[ 21.   3.   5.]
 [ 21.   7.   4.]
 [ 19.   6.  14.]]
cf_score, 18.0
ratio, 0.424242424242
[[ 15.   4.  11.]
 [ 21.   5.   4.]
 [ 12.   8.  20.]]
cf_score, 17.0
ratio, 0.40404040404
[[ 18.  15.   9.]
 [ 17.   6.   7.]
 [  9.   4.  15.]]
cf_score, 21.0
ratio, 0.393939393939
[[ 18.   5.   7.]
 [ 23.   2.   8.]
 [ 18.   4.  15.]]
cf_score, 10.0
ratio, 0.353535353535
[[ 22.   5.   4.]
 [ 24.   5.   6.]
 [ 15.   4.  15.]]
cf_score, 23.0
ratio, 0.424242424242
[[ 17.   4.   3.]
 [ 27.   7.   5.]
 [ 14.   3.  20.]]
cf_score, 27.0
ratio, 0.444444444444
[[ 18.   8.   9.]
 [ 22.   4.  11.]
 [ 14.   2.  12.]]
cf_score, 11.0
ratio, 0.343434343434
[[ 19.   8.   7.]
 [ 21.   4.   7.]
 [ 11.   4.  19.]]
cf_score, 24.0
ratio, 0.424242424242
[[ 23.  10.  10.]
 [ 21.   5.   4.]
 [  6.   8.  13.]]
cf_score, 25.0
ratio, 0.414141414141
[[ 20.   9.   7.]
 [ 14.   9.   6.]
 [ 19.   0.  16.]]
cf_score, 19.0
ratio, 0.454545454545
[[ 19.  11.   4.]
 [ 18.   6.   5.]
 [ 14.   6.  17.]]
cf_score, 24.0
ratio, 0.424242424242
[[ 27.   8.   1.]
 [ 24.   4.   3.]
 [ 11.   5.  17.]]
cf_score, 36.0
ratio, 0.484848484848
[[ 21.   8.   8.]
 [ 22.   3.   5.]
 [ 13.   6.  14.]]
cf_score, 17.0
ratio, 0.383838383838
[[ 20.   6.   4.]
 [ 21.   6.   2.]
 [ 18.   2.  21.]]
cf_score, 25.0
ratio, 0.474747474747
[[ 26.   7.   5.]
 [ 14.   5.   9.]
 [ 12.   3.  19.]]
cf_score, 33.0
ratio, 0.505050505051
[[ 16.   8.   7.]
 [ 20.   6.  10.]
 [ 17.   1.  15.]]
cf_score, 13.0
ratio, 0.373737373737
[[ 23.  10.   3.]
 [ 22.   6.  10.]
 [ 13.   2.  11.]]
cf_score, 24.0
ratio, 0.40404040404
[[ 25.   2.   3.]
 [ 16.   7.   8.]
 [ 20.   9.  10.]]
cf_score, 19.0
ratio, 0.424242424242
[[ 31.   5.   4.]
 [ 19.   4.   9.]
 [ 10.   3.  15.]]
cf_score, 36.0
ratio, 0.505050505051
[[ 16.   8.   5.]
 [ 22.   5.   8.]
 [ 20.   7.   9.]]
cf_score, 5.0
ratio, 0.30303030303
[[ 21.   4.   5.]
 [ 24.   6.   6.]
 [ 14.   3.  17.]]
cf_score, 25.0
ratio, 0.444444444444
[[ 22.  11.   5.]
 [ 16.   6.  11.]
 [ 14.   4.  11.]]
cf_score, 20.0
ratio, 0.393939393939
[[ 25.  11.   3.]
 [ 16.   6.   8.]
 [ 12.   4.  15.]]
cf_score, 31.0
ratio, 0.464646464646
[[ 20.   7.   4.]
 [ 24.   5.   9.]
 [ 14.   9.   8.]]
cf_score, 15.0
ratio, 0.333333333333
[[ 22.   9.  12.]
 [ 21.   4.   6.]
 [  7.   3.  16.]]
cf_score, 23.0
ratio, 0.424242424242
[[ 18.  11.   5.]
 [ 21.   6.   5.]
 [ 11.   5.  18.]]
cf_score, 26.0
ratio, 0.424242424242
[[ 18.   5.   4.]
 [ 35.   3.  10.]
 [ 12.   1.  12.]]
cf_score, 17.0
ratio, 0.333333333333
[[ 14.  10.   6.]
 [ 27.   9.   9.]
 [ 11.   4.  10.]]
cf_score, 16.0
ratio, 0.333333333333
[[ 25.   7.   2.]
 [ 19.  10.   1.]
 [ 18.   3.  15.]]
cf_score, 30.0
ratio, 0.505050505051
[[ 31.   7.   5.]
 [ 22.   3.   8.]
 [  5.   5.  14.]]
cf_score, 38.0
ratio, 0.484848484848
[[ 20.   6.   5.]
 [ 25.   2.   6.]
 [ 17.   6.  13.]]
cf_score, 13.0
ratio, 0.353535353535
[[ 19.   3.   7.]
 [ 27.   6.   8.]
 [  8.   4.  18.]]
cf_score, 28.0
ratio, 0.434343434343
[[ 24.   9.   3.]
 [ 20.   5.   6.]
 [ 18.   3.  12.]]
cf_score, 20.0
ratio, 0.414141414141
[[ 16.  12.   4.]
 [ 15.  10.   9.]
 [  8.   8.  18.]]
cf_score, 32.0
ratio, 0.444444444444
[[ 23.   6.   6.]
 [ 17.   6.   7.]
 [ 16.   2.  17.]]
cf_score, 24.0
ratio, 0.464646464646
[[ 23.   4.   5.]
 [ 22.   4.   6.]
 [ 11.   6.  19.]]
cf_score, 30.0
ratio, 0.464646464646
[[ 21.  11.   9.]
 [ 21.   2.   4.]
 [ 10.   8.  14.]]
cf_score, 18.0
ratio, 0.373737373737
[[ 22.  11.   5.]
 [ 16.   5.  10.]
 [ 18.   1.  12.]]
cf_score, 16.0
ratio, 0.393939393939
[[ 27.   8.   7.]
 [ 18.   7.   7.]
 [ 13.   5.   8.]]
cf_score, 22.0
ratio, 0.424242424242
[[ 21.  14.   3.]
 [ 22.   2.   5.]
 [ 15.   7.  11.]]
cf_score, 16.0
ratio, 0.343434343434
[[ 21.   7.   8.]
 [ 22.   9.   9.]
 [ 10.   2.  12.]]
cf_score, 24.0
ratio, 0.424242424242
[[ 23.   5.   6.]
 [ 18.   7.   7.]
 [ 15.   2.  17.]]
cf_score, 26.0
ratio, 0.474747474747
[[ 16.   6.   8.]
 [ 24.   5.   8.]
 [ 14.   3.  16.]]
cf_score, 15.0
ratio, 0.373737373737
[[ 28.   3.   6.]
 [ 26.   6.   7.]
 [  5.   2.  17.]]
cf_score, 40.0
ratio, 0.515151515152
[[ 28.   6.   5.]
 [ 22.   5.   8.]
 [ 12.   5.   9.]]
cf_score, 25.0
ratio, 0.424242424242
[[ 19.   8.   6.]
 [ 14.   5.  13.]
 [ 12.   6.  17.]]
cf_score, 23.0
ratio, 0.414141414141
[[ 24.   9.   5.]
 [ 19.   6.   1.]
 [ 14.   3.  19.]]
cf_score, 30.0
ratio, 0.494949494949
[[ 21.  11.   2.]
 [ 28.   2.   9.]
 [ 13.   3.  11.]]
cf_score, 19.0
ratio, 0.343434343434
[[ 19.   8.   5.]
 [ 17.   9.   8.]
 [ 16.   5.  13.]]
cf_score, 20.0
ratio, 0.414141414141
[[ 18.   4.  11.]
 [ 19.   8.   9.]
 [ 20.   4.   7.]]
cf_score, 2.0
ratio, 0.333333333333
