[[  0.  31.   0.]
 [  0.  24.   0.]
 [  0.  45.   0.]]
cf_score, 24.0
ratio, 0.242424242424
[[  0.  28.   0.]
 [  0.  29.   0.]
 [  0.  43.   0.]]
cf_score, 29.0
ratio, 0.292929292929
[[  0.  37.   0.]
 [  0.  26.   0.]
 [  0.  37.   0.]]
cf_score, 26.0
ratio, 0.262626262626
[[  0.  34.   0.]
 [  0.  20.   0.]
 [  0.  46.   0.]]
cf_score, 20.0
ratio, 0.20202020202
[[  0.  35.   0.]
 [  0.  27.   0.]
 [  0.  38.   0.]]
cf_score, 27.0
ratio, 0.272727272727
[[  0.  41.   0.]
 [  0.  22.   0.]
 [  0.  37.   0.]]
cf_score, 22.0
ratio, 0.222222222222
[[  0.  34.   0.]
 [  0.  27.   0.]
 [  0.  39.   0.]]
cf_score, 27.0
ratio, 0.272727272727
[[  0.  35.   0.]
 [  0.  31.   0.]
 [  0.  34.   0.]]
cf_score, 31.0
ratio, 0.313131313131
[[  0.  34.   0.]
 [  0.  19.   0.]
 [  0.  47.   0.]]
cf_score, 19.0
ratio, 0.191919191919
[[  0.  46.   0.]
 [  0.  21.   0.]
 [  0.  33.   0.]]
cf_score, 21.0
ratio, 0.212121212121
[[  0.  37.   0.]
 [  0.  26.   0.]
 [  0.  37.   0.]]
cf_score, 26.0
ratio, 0.262626262626
[[  0.  31.   0.]
 [  0.  21.   0.]
 [  0.  48.   0.]]
cf_score, 21.0
ratio, 0.212121212121
[[  0.  34.   0.]
 [  0.  22.   0.]
 [  0.  44.   0.]]
cf_score, 22.0
ratio, 0.222222222222
[[  0.  41.   0.]
 [  0.  17.   0.]
 [  0.  42.   0.]]
cf_score, 17.0
ratio, 0.171717171717
[[  0.  34.   0.]
 [  0.  17.   0.]
 [  0.  49.   0.]]
cf_score, 17.0
ratio, 0.171717171717
[[  0.  35.   0.]
 [  0.  27.   0.]
 [  0.  38.   0.]]
cf_score, 27.0
ratio, 0.272727272727
[[  0.  43.   0.]
 [  0.  18.   0.]
 [  0.  39.   0.]]
cf_score, 18.0
ratio, 0.181818181818
[[  0.  40.   0.]
 [  0.  23.   0.]
 [  0.  37.   0.]]
cf_score, 23.0
ratio, 0.232323232323
[[  0.  34.   0.]
 [  0.  27.   0.]
 [  0.  39.   0.]]
cf_score, 27.0
ratio, 0.272727272727
[[  0.  36.   0.]
 [  0.  29.   0.]
 [  0.  35.   0.]]
cf_score, 29.0
ratio, 0.292929292929
[[  0.  39.   0.]
 [  0.  26.   0.]
 [  0.  35.   0.]]
cf_score, 26.0
ratio, 0.262626262626
[[  0.  37.   0.]
 [  0.  25.   0.]
 [  0.  38.   0.]]
cf_score, 25.0
ratio, 0.252525252525
[[  0.  44.   0.]
 [  0.  23.   0.]
 [  0.  33.   0.]]
cf_score, 23.0
ratio, 0.232323232323
[[  0.  33.   0.]
 [  0.  27.   0.]
 [  0.  40.   0.]]
cf_score, 27.0
ratio, 0.272727272727
[[  0.  43.   0.]
 [  0.  22.   0.]
 [  0.  35.   0.]]
cf_score, 22.0
ratio, 0.222222222222
[[  0.  37.   0.]
 [  0.  28.   0.]
 [  0.  35.   0.]]
cf_score, 28.0
ratio, 0.282828282828
[[  0.  33.   0.]
 [  0.  26.   0.]
 [  0.  41.   0.]]
cf_score, 26.0
ratio, 0.262626262626
[[  0.  33.   0.]
 [  0.  24.   0.]
 [  0.  43.   0.]]
cf_score, 24.0
ratio, 0.242424242424
[[  0.  35.   0.]
 [  0.  21.   0.]
 [  0.  44.   0.]]
cf_score, 21.0
ratio, 0.212121212121
[[  0.  36.   0.]
 [  0.  28.   0.]
 [  0.  36.   0.]]
cf_score, 28.0
ratio, 0.282828282828
[[  0.  33.   0.]
 [  0.  33.   0.]
 [  0.  34.   0.]]
cf_score, 33.0
ratio, 0.333333333333
[[  0.  23.   0.]
 [  0.  30.   0.]
 [  0.  47.   0.]]
cf_score, 30.0
ratio, 0.30303030303
[[  0.  33.   0.]
 [  0.  23.   0.]
 [  0.  44.   0.]]
cf_score, 23.0
ratio, 0.232323232323
[[  0.  32.   0.]
 [  0.  30.   0.]
 [  0.  38.   0.]]
cf_score, 30.0
ratio, 0.30303030303
[[  0.  30.   0.]
 [  0.  23.   0.]
 [  0.  47.   0.]]
cf_score, 23.0
ratio, 0.232323232323
[[  0.  43.   0.]
 [  0.  22.   0.]
 [  0.  35.   0.]]
cf_score, 22.0
ratio, 0.222222222222
[[  0.  32.   0.]
 [  0.  28.   0.]
 [  0.  40.   0.]]
cf_score, 28.0
ratio, 0.282828282828
[[  0.  40.   0.]
 [  0.  18.   0.]
 [  0.  42.   0.]]
cf_score, 18.0
ratio, 0.181818181818
[[  0.  32.   0.]
 [  0.  24.   0.]
 [  0.  44.   0.]]
cf_score, 24.0
ratio, 0.242424242424
[[  0.  41.   0.]
 [  0.  23.   0.]
 [  0.  36.   0.]]
cf_score, 23.0
ratio, 0.232323232323
[[  0.  42.   0.]
 [  0.  27.   0.]
 [  0.  31.   0.]]
cf_score, 27.0
ratio, 0.272727272727
[[  0.  36.   0.]
 [  0.  23.   0.]
 [  0.  41.   0.]]
cf_score, 23.0
ratio, 0.232323232323
[[  0.  36.   0.]
 [  0.  27.   0.]
 [  0.  37.   0.]]
cf_score, 27.0
ratio, 0.272727272727
[[  0.  31.   0.]
 [  0.  23.   0.]
 [  0.  46.   0.]]
cf_score, 23.0
ratio, 0.232323232323
[[  0.  30.   0.]
 [  0.  27.   0.]
 [  0.  43.   0.]]
cf_score, 27.0
ratio, 0.272727272727
[[  0.  40.   0.]
 [  0.  22.   0.]
 [  0.  38.   0.]]
cf_score, 22.0
ratio, 0.222222222222
[[  0.  35.   0.]
 [  0.  21.   0.]
 [  0.  44.   0.]]
cf_score, 21.0
ratio, 0.212121212121
[[  0.  36.   0.]
 [  0.  24.   0.]
 [  0.  40.   0.]]
cf_score, 24.0
ratio, 0.242424242424
[[  0.  36.   0.]
 [  0.  20.   0.]
 [  0.  44.   0.]]
cf_score, 20.0
ratio, 0.20202020202
[[  0.  36.   0.]
 [  0.  24.   0.]
 [  0.  40.   0.]]
cf_score, 24.0
ratio, 0.242424242424
[[  0.  32.   0.]
 [  0.  23.   0.]
 [  0.  45.   0.]]
cf_score, 23.0
ratio, 0.232323232323
[[  0.  37.   0.]
 [  0.  27.   0.]
 [  0.  36.   0.]]
cf_score, 27.0
ratio, 0.272727272727
[[  0.  41.   0.]
 [  0.  20.   0.]
 [  0.  39.   0.]]
cf_score, 20.0
ratio, 0.20202020202
[[  0.  31.   0.]
 [  0.  32.   0.]
 [  0.  37.   0.]]
cf_score, 32.0
ratio, 0.323232323232
[[  0.  34.   0.]
 [  0.  18.   0.]
 [  0.  48.   0.]]
cf_score, 18.0
ratio, 0.181818181818
[[  0.  41.   0.]
 [  0.  20.   0.]
 [  0.  39.   0.]]
cf_score, 20.0
ratio, 0.20202020202
[[  0.  38.   0.]
 [  0.  23.   0.]
 [  0.  39.   0.]]
cf_score, 23.0
ratio, 0.232323232323
[[  0.  33.   0.]
 [  0.  30.   0.]
 [  0.  37.   0.]]
cf_score, 30.0
ratio, 0.30303030303
[[  0.  33.   0.]
 [  0.  26.   0.]
 [  0.  41.   0.]]
cf_score, 26.0
ratio, 0.262626262626
[[  0.  39.   0.]
 [  0.  27.   0.]
 [  0.  34.   0.]]
cf_score, 27.0
ratio, 0.272727272727
[[  0.  35.   0.]
 [  0.  24.   0.]
 [  0.  41.   0.]]
cf_score, 24.0
ratio, 0.242424242424
[[  0.  33.   0.]
 [  0.  35.   0.]
 [  0.  32.   0.]]
cf_score, 35.0
ratio, 0.353535353535
[[  0.  36.   0.]
 [  0.  22.   0.]
 [  0.  42.   0.]]
cf_score, 22.0
ratio, 0.222222222222
[[  0.  37.   0.]
 [  0.  24.   0.]
 [  0.  39.   0.]]
cf_score, 24.0
ratio, 0.242424242424
[[  0.  35.   0.]
 [  0.  23.   0.]
 [  0.  42.   0.]]
cf_score, 23.0
ratio, 0.232323232323
[[  0.  45.   0.]
 [  0.  21.   0.]
 [  0.  34.   0.]]
cf_score, 21.0
ratio, 0.212121212121
[[  0.  32.   0.]
 [  0.  28.   0.]
 [  0.  40.   0.]]
cf_score, 28.0
ratio, 0.282828282828
[[  0.  37.   0.]
 [  0.  18.   0.]
 [  0.  45.   0.]]
cf_score, 18.0
ratio, 0.181818181818
[[  0.  40.   0.]
 [  0.  24.   0.]
 [  0.  36.   0.]]
cf_score, 24.0
ratio, 0.242424242424
[[  0.  41.   0.]
 [  0.  21.   0.]
 [  0.  38.   0.]]
cf_score, 21.0
ratio, 0.212121212121
[[  0.  26.   0.]
 [  0.  29.   0.]
 [  0.  45.   0.]]
cf_score, 29.0
ratio, 0.292929292929
[[  0.  43.   0.]
 [  0.  15.   0.]
 [  0.  42.   0.]]
cf_score, 15.0
ratio, 0.151515151515
[[  0.  38.   0.]
 [  0.  23.   0.]
 [  0.  39.   0.]]
cf_score, 23.0
ratio, 0.232323232323
[[  0.  30.   0.]
 [  0.  29.   0.]
 [  0.  41.   0.]]
cf_score, 29.0
ratio, 0.292929292929
[[  0.  32.   0.]
 [  0.  31.   0.]
 [  0.  37.   0.]]
cf_score, 31.0
ratio, 0.313131313131
[[  0.  34.   0.]
 [  0.  22.   0.]
 [  0.  44.   0.]]
cf_score, 22.0
ratio, 0.222222222222
[[  0.  35.   0.]
 [  0.  22.   0.]
 [  0.  43.   0.]]
cf_score, 22.0
ratio, 0.222222222222
[[  0.  36.   0.]
 [  0.  26.   0.]
 [  0.  38.   0.]]
cf_score, 26.0
ratio, 0.262626262626
[[  0.  29.   0.]
 [  0.  28.   0.]
 [  0.  43.   0.]]
cf_score, 28.0
ratio, 0.282828282828
[[  0.  36.   0.]
 [  0.  25.   0.]
 [  0.  39.   0.]]
cf_score, 25.0
ratio, 0.252525252525
[[  0.  35.   0.]
 [  0.  26.   0.]
 [  0.  39.   0.]]
cf_score, 26.0
ratio, 0.262626262626
[[  0.  34.   0.]
 [  0.  27.   0.]
 [  0.  39.   0.]]
cf_score, 27.0
ratio, 0.272727272727
[[  0.  39.   0.]
 [  0.  24.   0.]
 [  0.  37.   0.]]
cf_score, 24.0
ratio, 0.242424242424
[[  0.  38.   0.]
 [  0.  24.   0.]
 [  0.  38.   0.]]
cf_score, 24.0
ratio, 0.242424242424
[[  0.  38.   0.]
 [  0.  20.   0.]
 [  0.  42.   0.]]
cf_score, 20.0
ratio, 0.20202020202
[[  0.  44.   0.]
 [  0.  20.   0.]
 [  0.  36.   0.]]
cf_score, 20.0
ratio, 0.20202020202
[[  0.  45.   0.]
 [  0.  19.   0.]
 [  0.  36.   0.]]
cf_score, 19.0
ratio, 0.191919191919
[[  0.  44.   0.]
 [  0.  23.   0.]
 [  0.  33.   0.]]
cf_score, 23.0
ratio, 0.232323232323
[[  0.  48.   0.]
 [  0.  26.   0.]
 [  0.  26.   0.]]
cf_score, 26.0
ratio, 0.262626262626
[[  0.  37.   0.]
 [  0.  16.   0.]
 [  0.  47.   0.]]
cf_score, 16.0
ratio, 0.161616161616
[[  0.  26.   0.]
 [  0.  30.   0.]
 [  0.  44.   0.]]
cf_score, 30.0
ratio, 0.30303030303
[[  0.  37.   0.]
 [  0.  25.   0.]
 [  0.  38.   0.]]
cf_score, 25.0
ratio, 0.252525252525
[[  0.  33.   0.]
 [  0.  24.   0.]
 [  0.  43.   0.]]
cf_score, 24.0
ratio, 0.242424242424
[[  0.  37.   0.]
 [  0.  27.   0.]
 [  0.  36.   0.]]
cf_score, 27.0
ratio, 0.272727272727
[[  0.  41.   0.]
 [  0.  20.   0.]
 [  0.  39.   0.]]
cf_score, 20.0
ratio, 0.20202020202
[[  0.  34.   0.]
 [  0.  23.   0.]
 [  0.  43.   0.]]
cf_score, 23.0
ratio, 0.232323232323
[[  0.  46.   0.]
 [  0.  26.   0.]
 [  0.  28.   0.]]
cf_score, 26.0
ratio, 0.262626262626
[[  0.  41.   0.]
 [  0.  19.   0.]
 [  0.  40.   0.]]
cf_score, 19.0
ratio, 0.191919191919
[[  0.  29.   0.]
 [  0.  26.   0.]
 [  0.  45.   0.]]
cf_score, 26.0
ratio, 0.262626262626
[[  0.  28.   0.]
 [  0.  26.   0.]
 [  0.  46.   0.]]
cf_score, 26.0
ratio, 0.262626262626
