[[  0.   0.  45.]
 [  0.   0.  33.]
 [  0.   0.  22.]]
cf_score, -23.0
nv_score, -101.0
ratio, 0.222222222222
[[ 18.   1.  10.]
 [ 19.   0.  23.]
 [  6.   1.  22.]]
cf_score, 24.0
nv_score, -21.0
ratio, 0.40404040404
[[ 20.   0.  24.]
 [ 17.   0.  11.]
 [  5.   0.  23.]]
cf_score, 14.0
nv_score, -36.0
ratio, 0.434343434343
[[ 20.   1.  11.]
 [ 10.   0.  21.]
 [  6.   3.  28.]]
cf_score, 31.0
nv_score, -15.0
ratio, 0.484848484848
[[ 18.   0.  16.]
 [ 13.   0.  15.]
 [  9.   5.  24.]]
cf_score, 17.0
nv_score, -23.0
ratio, 0.424242424242
[[ 22.   1.  12.]
 [  9.   4.  16.]
 [  7.   1.  28.]]
cf_score, 35.0
nv_score, -12.0
ratio, 0.545454545455
[[ 26.   5.  13.]
 [ 18.   5.  10.]
 [  7.   5.  11.]]
cf_score, 22.0
nv_score, -25.0
ratio, 0.424242424242
[[ 26.   2.  17.]
 [ 14.   1.  16.]
 [  6.   1.  17.]]
cf_score, 21.0
nv_score, -33.0
ratio, 0.444444444444
[[ 18.   7.   9.]
 [ 13.   8.   8.]
 [  3.   7.  27.]]
cf_score, 41.0
nv_score, 1.0
ratio, 0.535353535354
[[ 20.   3.  15.]
 [ 12.   5.  14.]
 [  6.   8.  17.]]
cf_score, 21.0
nv_score, -27.0
ratio, 0.424242424242
[[ 21.   5.  25.]
 [ 11.   1.   9.]
 [  3.   2.  23.]]
cf_score, 17.0
nv_score, -36.0
ratio, 0.454545454545
[[ 18.  13.   8.]
 [ 13.   3.  14.]
 [  4.   2.  25.]]
cf_score, 34.0
nv_score, -5.0
ratio, 0.464646464646
[[ 19.   6.  12.]
 [ 15.   8.  14.]
 [  3.   9.  14.]]
cf_score, 26.0
nv_score, -24.0
ratio, 0.414141414141
[[ 22.   9.  11.]
 [ 16.   8.  10.]
 [  3.   8.  13.]]
cf_score, 29.0
nv_score, -19.0
ratio, 0.434343434343
[[ 18.   3.  14.]
 [ 10.   9.  12.]
 [  2.   8.  24.]]
cf_score, 35.0
nv_score, -16.0
ratio, 0.515151515152
[[ 31.  10.   6.]
 [ 11.   8.   8.]
 [  0.   9.  17.]]
cf_score, 50.0
nv_score, -3.0
ratio, 0.565656565657
[[ 28.  10.  12.]
 [  7.  12.   9.]
 [  3.   3.  16.]]
cf_score, 41.0
nv_score, -17.0
ratio, 0.565656565657
[[ 19.   7.  10.]
 [ 15.  14.   3.]
 [  3.  15.  14.]]
cf_score, 34.0
nv_score, -9.0
ratio, 0.474747474747
[[ 18.   7.  12.]
 [ 17.   7.   8.]
 [  2.  11.  18.]]
cf_score, 29.0
nv_score, -14.0
ratio, 0.434343434343
[[ 17.   7.   7.]
 [ 20.   5.   8.]
 [  4.  10.  22.]]
cf_score, 33.0
nv_score, 0.0
ratio, 0.444444444444
[[ 21.   5.  13.]
 [ 10.  12.  11.]
 [  4.   9.  15.]]
cf_score, 31.0
nv_score, -22.0
ratio, 0.484848484848
[[ 16.   4.  15.]
 [ 14.  10.   6.]
 [  5.   8.  22.]]
cf_score, 28.0
nv_score, -14.0
ratio, 0.484848484848
[[ 21.   7.  10.]
 [ 18.  10.  15.]
 [  0.   5.  14.]]
cf_score, 35.0
nv_score, -21.0
ratio, 0.454545454545
[[ 23.   5.   7.]
 [ 10.   8.   6.]
 [  5.  13.  23.]]
cf_score, 42.0
nv_score, 3.0
ratio, 0.545454545455
[[ 21.   5.  13.]
 [ 19.   3.   8.]
 [  6.   5.  20.]]
cf_score, 25.0
nv_score, -14.0
ratio, 0.444444444444
[[ 20.   2.  10.]
 [ 15.   6.   7.]
 [  4.   5.  31.]]
cf_score, 43.0
nv_score, 4.0
ratio, 0.575757575758
[[ 22.   7.   7.]
 [ 15.   1.  18.]
 [  1.   2.  27.]]
cf_score, 42.0
nv_score, -5.0
ratio, 0.505050505051
[[ 26.   6.   7.]
 [ 13.   7.   7.]
 [  8.   6.  20.]]
cf_score, 38.0
nv_score, -1.0
ratio, 0.535353535354
[[ 14.   3.  14.]
 [ 12.   6.  14.]
 [  4.   5.  28.]]
cf_score, 30.0
nv_score, -14.0
ratio, 0.484848484848
[[ 25.   8.   7.]
 [ 11.   5.   8.]
 [  7.  10.  19.]]
cf_score, 35.0
nv_score, -3.0
ratio, 0.494949494949
[[ 22.   5.  11.]
 [ 18.  11.  10.]
 [  0.   5.  18.]]
cf_score, 40.0
nv_score, -14.0
ratio, 0.515151515152
[[ 15.   5.   7.]
 [ 20.  14.   6.]
 [  4.   8.  21.]]
cf_score, 39.0
nv_score, 1.0
ratio, 0.505050505051
[[ 23.   6.   9.]
 [ 11.   3.  10.]
 [  8.   8.  22.]]
cf_score, 31.0
nv_score, -6.0
ratio, 0.484848484848
[[ 21.   8.  13.]
 [ 11.   2.  14.]
 [  3.   4.  24.]]
cf_score, 31.0
nv_score, -16.0
ratio, 0.474747474747
[[ 18.   3.  13.]
 [ 21.   7.   8.]
 [  8.   9.  13.]]
cf_score, 17.0
nv_score, -21.0
ratio, 0.383838383838
[[ 22.   4.  11.]
 [  9.  11.  12.]
 [  2.  12.  17.]]
cf_score, 37.0
nv_score, -17.0
ratio, 0.505050505051
[[ 15.   3.  16.]
 [ 12.   9.  11.]
 [  3.  10.  21.]]
cf_score, 26.0
nv_score, -22.0
ratio, 0.454545454545
[[ 27.  10.   9.]
 [ 16.   4.   1.]
 [  1.   8.  24.]]
cf_score, 45.0
nv_score, 5.0
ratio, 0.555555555556
[[ 24.   2.   8.]
 [ 16.  10.  11.]
 [  4.   1.  24.]]
cf_score, 46.0
nv_score, -3.0
ratio, 0.585858585859
[[ 27.   4.   4.]
 [ 10.  10.   3.]
 [  7.  14.  21.]]
cf_score, 47.0
nv_score, 10.0
ratio, 0.585858585859
[[ 19.  13.   8.]
 [  9.   9.   7.]
 [  6.  12.  17.]]
cf_score, 31.0
nv_score, -6.0
ratio, 0.454545454545
[[ 15.  12.  10.]
 [ 15.   7.  11.]
 [  2.  11.  17.]]
cf_score, 27.0
nv_score, -14.0
ratio, 0.393939393939
[[ 28.   9.   7.]
 [ 10.   9.   8.]
 [  2.  11.  16.]]
cf_score, 44.0
nv_score, -6.0
ratio, 0.535353535354
[[ 25.   5.   5.]
 [ 15.   7.  11.]
 [  2.   8.  22.]]
cf_score, 47.0
nv_score, 1.0
ratio, 0.545454545455
[[ 18.   6.  13.]
 [ 17.  15.   7.]
 [  3.  10.  11.]]
cf_score, 28.0
nv_score, -22.0
ratio, 0.444444444444
[[ 17.   7.  15.]
 [ 13.   7.   5.]
 [  8.  10.  18.]]
cf_score, 19.0
nv_score, -17.0
ratio, 0.424242424242
[[ 15.   8.  10.]
 [  9.   7.  13.]
 [  6.  12.  20.]]
cf_score, 26.0
nv_score, -13.0
ratio, 0.424242424242
[[ 25.   7.   7.]
 [ 15.   7.   8.]
 [  4.  11.  16.]]
cf_score, 37.0
nv_score, -6.0
ratio, 0.484848484848
[[ 20.   6.  12.]
 [ 15.   9.  12.]
 [  5.   5.  16.]]
cf_score, 28.0
nv_score, -20.0
ratio, 0.454545454545
[[ 23.   5.  15.]
 [ 17.   8.   4.]
 [  2.  14.  12.]]
cf_score, 26.0
nv_score, -22.0
ratio, 0.434343434343
