[[  0.  38.   2.]
 [  2.  30.   4.]
 [  0.  18.   6.]]
cf_score, 34.0
nv_score, -2.0
ratio, 0.363636363636
[[  0.  30.   1.]
 [  0.  47.   1.]
 [  1.  18.   2.]]
cf_score, 47.0
nv_score, -1.0
ratio, 0.494949494949
[[  0.  31.   4.]
 [  0.  33.   0.]
 [  1.  27.   4.]]
cf_score, 32.0
nv_score, -4.0
ratio, 0.373737373737
[[  0.  28.   3.]
 [  0.  37.   0.]
 [  0.  27.   5.]]
cf_score, 39.0
nv_score, -1.0
ratio, 0.424242424242
[[  0.  26.   3.]
 [  0.  38.   0.]
 [  0.  26.   7.]]
cf_score, 42.0
nv_score, 1.0
ratio, 0.454545454545
[[  0.  25.   3.]
 [  0.  27.   0.]
 [  0.  31.  14.]]
cf_score, 38.0
nv_score, 8.0
ratio, 0.414141414141
[[  0.  21.   5.]
 [  0.  36.   0.]
 [  0.  29.   9.]]
cf_score, 40.0
nv_score, -1.0
ratio, 0.454545454545
[[  0.  31.   1.]
 [  0.  33.   1.]
 [  0.  26.   8.]]
cf_score, 40.0
nv_score, 5.0
ratio, 0.414141414141
[[  0.  33.   2.]
 [  0.  36.   0.]
 [  0.  26.   3.]]
cf_score, 37.0
nv_score, -1.0
ratio, 0.393939393939
[[  0.  30.   4.]
 [  0.  29.   0.]
 [  0.  29.   8.]]
cf_score, 33.0
nv_score, 0.0
ratio, 0.373737373737
[[  0.  34.   2.]
 [  0.  29.   1.]
 [  0.  28.   6.]]
cf_score, 33.0
nv_score, 1.0
ratio, 0.353535353535
[[  0.  34.   1.]
 [  0.  27.   1.]
 [  0.  33.   4.]]
cf_score, 30.0
nv_score, 1.0
ratio, 0.313131313131
[[  0.  28.   2.]
 [  0.  33.   1.]
 [  0.  28.   8.]]
cf_score, 39.0
nv_score, 3.0
ratio, 0.414141414141
[[  0.  29.   5.]
 [  0.  31.   0.]
 [  0.  32.   3.]]
cf_score, 29.0
nv_score, -7.0
ratio, 0.343434343434
[[  0.  21.   2.]
 [  0.  35.   2.]
 [  0.  30.  10.]]
cf_score, 43.0
nv_score, 4.0
ratio, 0.454545454545
[[  0.  30.   5.]
 [  0.  28.   0.]
 [  0.  26.  11.]]
cf_score, 34.0
nv_score, 1.0
ratio, 0.393939393939
[[  0.  23.   6.]
 [  0.  35.   2.]
 [  0.  29.   5.]]
cf_score, 34.0
nv_score, -9.0
ratio, 0.40404040404
[[  0.  25.   4.]
 [  0.  36.   1.]
 [  0.  27.   7.]]
cf_score, 39.0
nv_score, -2.0
ratio, 0.434343434343
[[  0.  41.   5.]
 [  0.  28.   0.]
 [  0.  23.   3.]]
cf_score, 26.0
nv_score, -7.0
ratio, 0.313131313131
[[  0.  29.   6.]
 [  0.  27.   1.]
 [  0.  28.   9.]]
cf_score, 30.0
nv_score, -4.0
ratio, 0.363636363636
[[  0.  22.   5.]
 [  0.  38.   2.]
 [  0.  28.   5.]]
cf_score, 38.0
nv_score, -7.0
ratio, 0.434343434343
[[  0.  29.   2.]
 [  0.  31.   1.]
 [  0.  33.   4.]]
cf_score, 33.0
nv_score, -1.0
ratio, 0.353535353535
[[  0.  32.   3.]
 [  0.  38.   0.]
 [  0.  22.   5.]]
cf_score, 40.0
nv_score, -1.0
ratio, 0.434343434343
[[  0.  25.   3.]
 [  0.  35.   3.]
 [  0.  25.   9.]]
cf_score, 41.0
nv_score, 0.0
ratio, 0.444444444444
[[  0.  23.   4.]
 [  0.  27.   3.]
 [  0.  35.   8.]]
cf_score, 31.0
nv_score, -3.0
ratio, 0.353535353535
[[  2.  24.  11.]
 [  1.  15.  13.]
 [  1.  18.  15.]]
cf_score, 20.0
nv_score, -20.0
ratio, 0.323232323232
[[  3.  26.   4.]
 [  2.  26.   3.]
 [  2.  17.  17.]]
cf_score, 40.0
nv_score, 6.0
ratio, 0.464646464646
[[ 10.  25.   5.]
 [ 10.  15.   6.]
 [  7.  11.  11.]]
cf_score, 24.0
nv_score, -5.0
ratio, 0.363636363636
[[  7.  17.   6.]
 [  7.  23.   7.]
 [  6.  16.  11.]]
cf_score, 29.0
nv_score, -8.0
ratio, 0.414141414141
[[ 11.  17.   4.]
 [  6.  22.   6.]
 [  2.  17.  15.]]
cf_score, 42.0
nv_score, 1.0
ratio, 0.484848484848
[[  9.  14.   7.]
 [  8.  26.   7.]
 [  6.   9.  14.]]
cf_score, 36.0
nv_score, -7.0
ratio, 0.494949494949
[[ 11.  16.   3.]
 [ 15.  12.  11.]
 [  3.  16.  13.]]
cf_score, 30.0
nv_score, -4.0
ratio, 0.363636363636
[[ 11.  11.   6.]
 [ 11.  15.  11.]
 [ 10.  15.  10.]]
cf_score, 20.0
nv_score, -13.0
ratio, 0.363636363636
[[ 13.  11.   8.]
 [ 18.   9.   4.]
 [ 10.  18.   9.]]
cf_score, 13.0
nv_score, -11.0
ratio, 0.313131313131
[[ 13.  10.   7.]
 [ 14.  23.   4.]
 [  6.   8.  15.]]
cf_score, 38.0
nv_score, -3.0
ratio, 0.515151515152
[[ 10.  15.   2.]
 [  8.  21.  11.]
 [  5.  18.  10.]]
cf_score, 34.0
nv_score, -5.0
ratio, 0.414141414141
[[ 16.   8.   3.]
 [ 13.  15.   7.]
 [  6.  20.  12.]]
cf_score, 34.0
nv_score, -1.0
ratio, 0.434343434343
[[ 10.  11.   6.]
 [ 10.  18.   3.]
 [ 10.  21.  11.]]
cf_score, 23.0
nv_score, -4.0
ratio, 0.393939393939
[[ 18.   7.   4.]
 [ 21.  17.   4.]
 [  7.  15.   7.]]
cf_score, 31.0
nv_score, -5.0
ratio, 0.424242424242
[[ 18.  15.   7.]
 [ 12.  17.   3.]
 [  5.  15.   8.]]
cf_score, 31.0
nv_score, -9.0
ratio, 0.434343434343
[[ 21.  11.   2.]
 [ 17.  16.   1.]
 [ 13.  11.   8.]]
cf_score, 30.0
nv_score, 3.0
ratio, 0.454545454545
[[ 21.  12.   4.]
 [  8.  21.   3.]
 [  6.  11.  14.]]
cf_score, 46.0
nv_score, 3.0
ratio, 0.565656565657
[[ 10.  14.   3.]
 [ 11.  24.   5.]
 [  6.  11.  16.]]
cf_score, 41.0
nv_score, 5.0
ratio, 0.505050505051
[[ 15.  10.   6.]
 [  9.  18.   5.]
 [  7.  15.  15.]]
cf_score, 35.0
nv_score, -2.0
ratio, 0.484848484848
[[ 22.  11.   1.]
 [  6.  18.   5.]
 [ 10.  21.   6.]]
cf_score, 35.0
nv_score, -1.0
ratio, 0.464646464646
[[ 14.  18.   3.]
 [  7.  22.   2.]
 [  8.  16.  10.]]
cf_score, 35.0
nv_score, 2.0
ratio, 0.464646464646
[[ 11.  14.   7.]
 [  7.  22.   4.]
 [  7.  17.  11.]]
cf_score, 30.0
nv_score, -7.0
ratio, 0.444444444444
[[ 14.  12.   3.]
 [  5.  26.   8.]
 [  7.  15.  10.]]
cf_score, 40.0
nv_score, -4.0
ratio, 0.505050505051
[[ 15.  12.   4.]
 [  9.  22.   6.]
 [  7.  16.   9.]]
cf_score, 35.0
nv_score, -5.0
ratio, 0.464646464646
[[ 11.  20.   6.]
 [  7.  18.   7.]
 [  2.  18.  11.]]
cf_score, 32.0
nv_score, -8.0
ratio, 0.40404040404
