[[  0.  26.   0.]
 [  0.  37.   0.]
 [  0.  37.   0.]]
cf_score, 37.0
ratio, 0.373737373737
[[  0.  31.   0.]
 [  0.  27.   0.]
 [  0.  42.   0.]]
cf_score, 27.0
ratio, 0.272727272727
[[ 23.  10.   0.]
 [  9.  22.   0.]
 [ 25.  11.   0.]]
cf_score, 20.0
ratio, 0.454545454545
[[ 15.  12.   0.]
 [  9.  26.   0.]
 [ 11.  27.   0.]]
cf_score, 30.0
ratio, 0.414141414141
[[ 17.  13.   0.]
 [  7.  23.   0.]
 [ 20.  20.   0.]]
cf_score, 20.0
ratio, 0.40404040404
[[ 16.  12.   0.]
 [  6.  20.   1.]
 [ 16.  28.   1.]]
cf_score, 21.0
ratio, 0.373737373737
[[ 15.  14.   0.]
 [ 12.  26.   0.]
 [  9.  24.   0.]]
cf_score, 32.0
ratio, 0.414141414141
[[ 17.  16.   0.]
 [  9.  24.   0.]
 [ 12.  22.   0.]]
cf_score, 29.0
ratio, 0.414141414141
[[ 16.  10.   0.]
 [ 10.  29.   0.]
 [ 13.  22.   0.]]
cf_score, 32.0
ratio, 0.454545454545
[[ 16.  20.   0.]
 [  6.  27.   0.]
 [  9.  22.   0.]]
cf_score, 34.0
ratio, 0.434343434343
[[ 17.  21.   0.]
 [ 10.  17.   0.]
 [ 10.  25.   0.]]
cf_score, 24.0
ratio, 0.343434343434
[[ 17.   6.  12.]
 [  7.   3.  18.]
 [ 12.   8.  17.]]
cf_score, 13.0
ratio, 0.373737373737
[[ 14.  11.   5.]
 [  8.   0.  22.]
 [ 12.   7.  21.]]
cf_score, 18.0
ratio, 0.353535353535
[[ 15.  15.  11.]
 [  6.   6.  15.]
 [  4.   8.  20.]]
cf_score, 26.0
ratio, 0.414141414141
[[  9.  15.  11.]
 [  5.   5.  22.]
 [ 10.   7.  16.]]
cf_score, 9.0
ratio, 0.30303030303
[[ 14.   9.  10.]
 [  9.   3.  15.]
 [  7.  12.  21.]]
cf_score, 21.0
ratio, 0.383838383838
[[ 15.   6.  10.]
 [  5.   1.  23.]
 [ 16.   6.  18.]]
cf_score, 8.0
ratio, 0.343434343434
[[ 11.   8.  13.]
 [  9.   5.  17.]
 [  9.   5.  23.]]
cf_score, 17.0
ratio, 0.393939393939
[[ 16.   8.  10.]
 [ 10.   4.  24.]
 [  6.   5.  17.]]
cf_score, 21.0
ratio, 0.373737373737
[[ 14.   7.  13.]
 [  3.   4.  27.]
 [  3.   9.  20.]]
cf_score, 22.0
ratio, 0.383838383838
[[ 11.  12.  14.]
 [  3.   8.  16.]
 [  5.   8.  23.]]
cf_score, 23.0
ratio, 0.424242424242
[[ 12.  10.  18.]
 [  9.   3.  15.]
 [  0.   7.  26.]]
cf_score, 23.0
ratio, 0.414141414141
[[ 12.  13.  13.]
 [  1.   6.  28.]
 [  4.   3.  20.]]
cf_score, 21.0
ratio, 0.383838383838
[[ 13.   8.   6.]
 [  4.   5.  22.]
 [  7.  11.  24.]]
cf_score, 29.0
ratio, 0.424242424242
[[ 15.  12.  13.]
 [  4.   3.  10.]
 [  3.  13.  27.]]
cf_score, 29.0
ratio, 0.454545454545
[[ 17.   4.  10.]
 [  7.   8.  21.]
 [  3.   9.  21.]]
cf_score, 33.0
ratio, 0.464646464646
[[ 15.   8.  12.]
 [  8.   8.  14.]
 [ 10.   9.  16.]]
cf_score, 17.0
ratio, 0.393939393939
[[  9.  10.  13.]
 [  9.   3.  13.]
 [ 10.   8.  25.]]
cf_score, 14.0
ratio, 0.373737373737
[[ 12.  13.  11.]
 [  5.   8.  15.]
 [  6.   8.  22.]]
cf_score, 25.0
ratio, 0.424242424242
[[ 10.   9.   8.]
 [  5.   9.  25.]
 [  2.  11.  21.]]
cf_score, 30.0
ratio, 0.40404040404
[[ 12.  15.  10.]
 [  4.   7.  11.]
 [  7.  11.  23.]]
cf_score, 25.0
ratio, 0.424242424242
[[ 13.  11.   8.]
 [  4.   6.  21.]
 [  9.   6.  22.]]
cf_score, 24.0
ratio, 0.414141414141
[[  9.  12.  11.]
 [  7.   7.  19.]
 [  3.  10.  22.]]
cf_score, 24.0
ratio, 0.383838383838
[[  7.  13.   7.]
 [  5.   9.  18.]
 [  4.  11.  26.]]
cf_score, 31.0
ratio, 0.424242424242
[[ 15.  10.   7.]
 [  5.   5.  19.]
 [  3.  16.  20.]]
cf_score, 30.0
ratio, 0.40404040404
[[  7.  12.  12.]
 [ 10.   7.  13.]
 [ 11.   9.  19.]]
cf_score, 10.0
ratio, 0.333333333333
[[  5.  19.   7.]
 [  2.  10.  20.]
 [  3.  11.  23.]]
cf_score, 28.0
ratio, 0.383838383838
[[ 11.  15.  14.]
 [  5.   9.  17.]
 [  1.  12.  16.]]
cf_score, 21.0
ratio, 0.363636363636
[[  9.  20.  11.]
 [  2.   5.  18.]
 [  3.  14.  18.]]
cf_score, 18.0
ratio, 0.323232323232
[[  9.  11.  15.]
 [  3.  12.  15.]
 [  3.  10.  22.]]
cf_score, 25.0
ratio, 0.434343434343
[[ 12.   8.   7.]
 [  7.   4.  19.]
 [  4.  15.  24.]]
cf_score, 29.0
ratio, 0.40404040404
[[  9.  16.  11.]
 [  3.  10.  17.]
 [  5.   8.  21.]]
cf_score, 24.0
ratio, 0.40404040404
[[ 14.  16.  10.]
 [  7.   6.  21.]
 [  5.   4.  17.]]
cf_score, 22.0
ratio, 0.373737373737
[[ 14.   9.  15.]
 [  5.   6.  18.]
 [  3.   7.  23.]]
cf_score, 25.0
ratio, 0.434343434343
[[  3.  21.   9.]
 [  2.  13.  16.]
 [  3.  10.  23.]]
cf_score, 27.0
ratio, 0.393939393939
[[ 11.  11.  11.]
 [  4.  10.  18.]
 [  1.  12.  22.]]
cf_score, 31.0
ratio, 0.434343434343
[[  8.  11.   9.]
 [  5.  10.  15.]
 [  7.  14.  21.]]
cf_score, 23.0
ratio, 0.393939393939
[[ 13.  15.   8.]
 [  4.   5.  19.]
 [  5.   4.  27.]]
cf_score, 32.0
ratio, 0.454545454545
[[  5.  14.  10.]
 [  5.  13.  20.]
 [  4.   6.  23.]]
cf_score, 27.0
ratio, 0.414141414141
[[  9.  14.   7.]
 [  6.   7.  20.]
 [  6.  20.  11.]]
cf_score, 14.0
ratio, 0.272727272727
[[  7.  19.  13.]
 [  4.   5.  21.]
 [  2.   4.  25.]]
cf_score, 22.0
ratio, 0.373737373737
[[  9.  17.   9.]
 [  3.   6.  29.]
 [  2.   6.  19.]]
cf_score, 23.0
ratio, 0.343434343434
[[ 15.   8.  17.]
 [  3.   7.  14.]
 [ 10.   5.  21.]]
cf_score, 16.0
ratio, 0.434343434343
[[ 11.  11.  15.]
 [  3.   9.  20.]
 [  1.   5.  25.]]
cf_score, 29.0
ratio, 0.454545454545
[[ 10.  11.  11.]
 [  4.   7.  22.]
 [  6.   7.  22.]]
cf_score, 22.0
ratio, 0.393939393939
[[  7.  19.  12.]
 [  3.  10.  23.]
 [  1.   5.  20.]]
cf_score, 24.0
ratio, 0.373737373737
[[  7.  24.  12.]
 [  4.   6.  17.]
 [  7.   7.  16.]]
cf_score, 10.0
ratio, 0.292929292929
[[  5.  23.  13.]
 [  0.   8.  18.]
 [  3.   9.  21.]]
cf_score, 18.0
ratio, 0.343434343434
[[  6.   8.  10.]
 [  3.  14.  19.]
 [  5.   5.  30.]]
cf_score, 35.0
ratio, 0.505050505051
[[ 12.  14.  20.]
 [  3.   8.  12.]
 [  3.   8.  20.]]
cf_score, 17.0
ratio, 0.40404040404
[[  8.  13.   5.]
 [  2.   9.  23.]
 [  4.   9.  27.]]
cf_score, 35.0
ratio, 0.444444444444
[[  9.  14.  10.]
 [  1.   8.  21.]
 [  5.   6.  26.]]
cf_score, 28.0
ratio, 0.434343434343
[[  7.  12.   8.]
 [  2.   9.  20.]
 [ 10.   4.  28.]]
cf_score, 26.0
ratio, 0.444444444444
[[  8.  11.   8.]
 [  1.   8.  23.]
 [ 10.   8.  23.]]
cf_score, 21.0
ratio, 0.393939393939
[[  8.  15.   6.]
 [  9.   5.  15.]
 [  3.  13.  26.]]
cf_score, 30.0
ratio, 0.393939393939
[[ 10.  10.  11.]
 [  1.   4.  24.]
 [  6.  10.  24.]]
cf_score, 21.0
ratio, 0.383838383838
[[  6.  13.  13.]
 [  1.   9.  17.]
 [  5.  10.  26.]]
cf_score, 23.0
ratio, 0.414141414141
[[  7.  18.  12.]
 [  1.   7.  19.]
 [  5.   3.  28.]]
cf_score, 25.0
ratio, 0.424242424242
[[  9.  16.  10.]
 [  6.   8.  14.]
 [  3.   8.  26.]]
cf_score, 30.0
ratio, 0.434343434343
[[  9.  25.  10.]
 [  3.  10.   7.]
 [  3.  14.  19.]]
cf_score, 25.0
ratio, 0.383838383838
[[  7.  15.   9.]
 [  2.  20.  14.]
 [  8.  11.  14.]]
cf_score, 24.0
ratio, 0.414141414141
[[  9.  26.  11.]
 [  2.  16.   9.]
 [  2.   8.  17.]]
cf_score, 29.0
ratio, 0.424242424242
[[  3.  17.   5.]
 [  3.  20.  14.]
 [  5.  16.  17.]]
cf_score, 30.0
ratio, 0.40404040404
[[  7.  17.   6.]
 [  6.  13.  14.]
 [  2.  20.  15.]]
cf_score, 27.0
ratio, 0.353535353535
[[  8.  17.   6.]
 [  0.  14.  19.]
 [  3.  16.  17.]]
cf_score, 30.0
ratio, 0.393939393939
[[  5.  15.  10.]
 [  2.  19.  12.]
 [  5.   8.  24.]]
cf_score, 33.0
ratio, 0.484848484848
[[  8.  18.   3.]
 [  4.  25.   5.]
 [  4.  22.  11.]]
cf_score, 37.0
ratio, 0.444444444444
[[  5.  20.   7.]
 [  1.  19.  10.]
 [  5.  16.  17.]]
cf_score, 29.0
ratio, 0.414141414141
[[ 11.  12.   5.]
 [  2.  19.   9.]
 [  5.  17.  20.]]
cf_score, 40.0
ratio, 0.505050505051
[[  8.  27.   6.]
 [  0.  11.   8.]
 [  3.  16.  21.]]
cf_score, 31.0
ratio, 0.40404040404
[[ 10.  21.  10.]
 [  1.  17.  11.]
 [  8.  13.   9.]]
cf_score, 18.0
ratio, 0.363636363636
[[  7.  16.  12.]
 [  0.  13.   8.]
 [  7.  19.  18.]]
cf_score, 19.0
ratio, 0.383838383838
[[  6.  15.   8.]
 [  2.  23.  10.]
 [  5.  16.  15.]]
cf_score, 31.0
ratio, 0.444444444444
[[ 10.  13.  10.]
 [  1.  16.  16.]
 [  3.  19.  12.]]
cf_score, 25.0
ratio, 0.383838383838
[[  5.  17.  10.]
 [  4.  19.   7.]
 [  5.  17.  16.]]
cf_score, 25.0
ratio, 0.40404040404
[[  7.  12.   8.]
 [  4.  31.   9.]
 [  5.  14.  10.]]
cf_score, 35.0
ratio, 0.484848484848
[[  9.  16.   8.]
 [  2.  16.  11.]
 [  4.  17.  17.]]
cf_score, 30.0
ratio, 0.424242424242
[[  7.  15.   9.]
 [  3.  19.  14.]
 [  5.  14.  14.]]
cf_score, 26.0
ratio, 0.40404040404
[[  8.  14.   7.]
 [  4.  14.  12.]
 [  6.  19.  16.]]
cf_score, 25.0
ratio, 0.383838383838
[[  7.  16.   6.]
 [  0.  27.   8.]
 [  2.  12.  22.]]
cf_score, 48.0
ratio, 0.565656565657
[[  7.  15.   5.]
 [  1.  24.   8.]
 [  3.  17.  20.]]
cf_score, 43.0
ratio, 0.515151515152
[[  7.  15.  11.]
 [  5.  28.  10.]
 [  5.  11.   8.]]
cf_score, 27.0
ratio, 0.434343434343
[[ 10.  14.   7.]
 [  2.  26.   7.]
 [  4.  14.  16.]]
cf_score, 41.0
ratio, 0.525252525253
[[  2.  22.   9.]
 [  1.  18.   7.]
 [  3.  18.  20.]]
cf_score, 28.0
ratio, 0.40404040404
[[ 10.  18.   5.]
 [  4.  28.   4.]
 [  6.   8.  17.]]
cf_score, 44.0
ratio, 0.555555555556
[[  5.  23.   5.]
 [  3.  27.   7.]
 [  3.  19.   8.]]
cf_score, 32.0
ratio, 0.40404040404
[[  7.  24.   5.]
 [  0.  21.   8.]
 [  5.  23.   7.]]
cf_score, 25.0
ratio, 0.353535353535
[[ 12.  18.   4.]
 [  1.  25.   7.]
 [  4.  14.  15.]]
cf_score, 44.0
ratio, 0.525252525253
[[  9.  22.   4.]
 [  4.  21.   7.]
 [  6.  17.  10.]]
cf_score, 30.0
ratio, 0.40404040404
[[ 12.  21.   5.]
 [  1.  23.   5.]
 [  8.  14.  11.]]
cf_score, 33.0
ratio, 0.464646464646
