[[  0.  27.   0.]
 [  0.  73.   0.]
 [  0.   0.   0.]]
cf_score, 73.0
nv_score, 0.0
ratio, 0.737373737374
[[  0.  46.   0.]
 [  0.  54.   0.]
 [  0.   0.   0.]]
cf_score, 54.0
nv_score, 0.0
ratio, 0.545454545455
[[  0.  41.   0.]
 [  0.  59.   0.]
 [  0.   0.   0.]]
cf_score, 59.0
nv_score, 0.0
ratio, 0.59595959596
[[  0.  38.   0.]
 [  0.  62.   0.]
 [  0.   0.   0.]]
cf_score, 62.0
nv_score, 0.0
ratio, 0.626262626263
[[  0.  39.   0.]
 [  0.  61.   0.]
 [  0.   0.   0.]]
cf_score, 61.0
nv_score, 0.0
ratio, 0.616161616162
[[  0.  36.   0.]
 [  0.  64.   0.]
 [  0.   0.   0.]]
cf_score, 64.0
nv_score, 0.0
ratio, 0.646464646465
[[  0.  45.   0.]
 [  0.  55.   0.]
 [  0.   0.   0.]]
cf_score, 55.0
nv_score, 0.0
ratio, 0.555555555556
[[  0.  44.   0.]
 [  0.  56.   0.]
 [  0.   0.   0.]]
cf_score, 56.0
nv_score, 0.0
ratio, 0.565656565657
[[  0.  33.   0.]
 [  0.  67.   0.]
 [  0.   0.   0.]]
cf_score, 67.0
nv_score, 0.0
ratio, 0.676767676768
[[  0.  34.   0.]
 [  0.  66.   0.]
 [  0.   0.   0.]]
cf_score, 66.0
nv_score, 0.0
ratio, 0.666666666667
[[  0.  44.   0.]
 [  0.  56.   0.]
 [  0.   0.   0.]]
cf_score, 56.0
nv_score, 0.0
ratio, 0.565656565657
[[  0.  31.   0.]
 [  0.  69.   0.]
 [  0.   0.   0.]]
cf_score, 69.0
nv_score, 0.0
ratio, 0.69696969697
[[  0.  31.   0.]
 [  0.  69.   0.]
 [  0.   0.   0.]]
cf_score, 69.0
nv_score, 0.0
ratio, 0.69696969697
[[  0.  32.   0.]
 [  0.  68.   0.]
 [  0.   0.   0.]]
cf_score, 68.0
nv_score, 0.0
ratio, 0.686868686869
[[  0.  29.   0.]
 [  0.  71.   0.]
 [  0.   0.   0.]]
cf_score, 71.0
nv_score, 0.0
ratio, 0.717171717172
[[  0.  32.   0.]
 [  0.  68.   0.]
 [  0.   0.   0.]]
cf_score, 68.0
nv_score, 0.0
ratio, 0.686868686869
[[  0.  37.   0.]
 [  0.  63.   0.]
 [  0.   0.   0.]]
cf_score, 63.0
nv_score, 0.0
ratio, 0.636363636364
[[  0.  35.   0.]
 [  0.  65.   0.]
 [  0.   0.   0.]]
cf_score, 65.0
nv_score, 0.0
ratio, 0.656565656566
[[  0.  38.   0.]
 [  0.  62.   0.]
 [  0.   0.   0.]]
cf_score, 62.0
nv_score, 0.0
ratio, 0.626262626263
[[  0.  36.   0.]
 [  0.  64.   0.]
 [  0.   0.   0.]]
cf_score, 64.0
nv_score, 0.0
ratio, 0.646464646465
[[  0.  39.   0.]
 [  0.  61.   0.]
 [  0.   0.   0.]]
cf_score, 61.0
nv_score, 0.0
ratio, 0.616161616162
[[  0.  33.   0.]
 [  0.  67.   0.]
 [  0.   0.   0.]]
cf_score, 67.0
nv_score, 0.0
ratio, 0.676767676768
[[  0.  35.   0.]
 [  0.  65.   0.]
 [  0.   0.   0.]]
cf_score, 65.0
nv_score, 0.0
ratio, 0.656565656566
[[  0.  40.   0.]
 [  0.  60.   0.]
 [  0.   0.   0.]]
cf_score, 60.0
nv_score, 0.0
ratio, 0.606060606061
[[  0.  36.   0.]
 [  0.  64.   0.]
 [  0.   0.   0.]]
cf_score, 64.0
nv_score, 0.0
ratio, 0.646464646465
[[  0.  40.   0.]
 [  0.  60.   0.]
 [  0.   0.   0.]]
cf_score, 60.0
nv_score, 0.0
ratio, 0.606060606061
[[  0.  39.   0.]
 [  0.  61.   0.]
 [  0.   0.   0.]]
cf_score, 61.0
nv_score, 0.0
ratio, 0.616161616162
[[  0.  34.   0.]
 [  0.  66.   0.]
 [  0.   0.   0.]]
cf_score, 66.0
nv_score, 0.0
ratio, 0.666666666667
[[  0.  26.   0.]
 [  0.  74.   0.]
 [  0.   0.   0.]]
cf_score, 74.0
nv_score, 0.0
ratio, 0.747474747475
[[  0.  47.   0.]
 [  0.  53.   0.]
 [  0.   0.   0.]]
cf_score, 53.0
nv_score, 0.0
ratio, 0.535353535354
[[  0.  33.   0.]
 [  0.  67.   0.]
 [  0.   0.   0.]]
cf_score, 67.0
nv_score, 0.0
ratio, 0.676767676768
[[  0.  37.   0.]
 [  0.  63.   0.]
 [  0.   0.   0.]]
cf_score, 63.0
nv_score, 0.0
ratio, 0.636363636364
[[  0.  45.   0.]
 [  0.  55.   0.]
 [  0.   0.   0.]]
cf_score, 55.0
nv_score, 0.0
ratio, 0.555555555556
[[  0.  38.   0.]
 [  0.  62.   0.]
 [  0.   0.   0.]]
cf_score, 62.0
nv_score, 0.0
ratio, 0.626262626263
[[  0.  42.   0.]
 [  0.  58.   0.]
 [  0.   0.   0.]]
cf_score, 58.0
nv_score, 0.0
ratio, 0.585858585859
[[  0.  44.   0.]
 [  0.  56.   0.]
 [  0.   0.   0.]]
cf_score, 56.0
nv_score, 0.0
ratio, 0.565656565657
[[  0.  36.   0.]
 [  0.  64.   0.]
 [  0.   0.   0.]]
cf_score, 64.0
nv_score, 0.0
ratio, 0.646464646465
[[  0.  38.   0.]
 [  0.  62.   0.]
 [  0.   0.   0.]]
cf_score, 62.0
nv_score, 0.0
ratio, 0.626262626263
[[  0.  33.   0.]
 [  0.  67.   0.]
 [  0.   0.   0.]]
cf_score, 67.0
nv_score, 0.0
ratio, 0.676767676768
[[  0.  31.   0.]
 [  0.  69.   0.]
 [  0.   0.   0.]]
cf_score, 69.0
nv_score, 0.0
ratio, 0.69696969697
[[  0.  39.   0.]
 [  0.  61.   0.]
 [  0.   0.   0.]]
cf_score, 61.0
nv_score, 0.0
ratio, 0.616161616162
[[  0.  34.   0.]
 [  0.  66.   0.]
 [  0.   0.   0.]]
cf_score, 66.0
nv_score, 0.0
ratio, 0.666666666667
[[  0.  37.   0.]
 [  0.  63.   0.]
 [  0.   0.   0.]]
cf_score, 63.0
nv_score, 0.0
ratio, 0.636363636364
[[  0.  37.   0.]
 [  0.  63.   0.]
 [  0.   0.   0.]]
cf_score, 63.0
nv_score, 0.0
ratio, 0.636363636364
[[  0.  40.   0.]
 [  0.  60.   0.]
 [  0.   0.   0.]]
cf_score, 60.0
nv_score, 0.0
ratio, 0.606060606061
[[  0.  38.   0.]
 [  0.  62.   0.]
 [  0.   0.   0.]]
cf_score, 62.0
nv_score, 0.0
ratio, 0.626262626263
[[  0.  34.   0.]
 [  0.  66.   0.]
 [  0.   0.   0.]]
cf_score, 66.0
nv_score, 0.0
ratio, 0.666666666667
[[  0.  36.   0.]
 [  0.  64.   0.]
 [  0.   0.   0.]]
cf_score, 64.0
nv_score, 0.0
ratio, 0.646464646465
[[  0.  35.   0.]
 [  0.  65.   0.]
 [  0.   0.   0.]]
cf_score, 65.0
nv_score, 0.0
ratio, 0.656565656566
[[  0.  36.   0.]
 [  0.  64.   0.]
 [  0.   0.   0.]]
cf_score, 64.0
nv_score, 0.0
ratio, 0.646464646465
