[[  0.   0.  34.]
 [  0.   0.  38.]
 [  0.   0.  28.]]
cf_score, -6.0
nv_score, -78.0
ratio, 0.282828282828
[[  0.   0.  30.]
 [  0.   0.  47.]
 [  0.   0.  23.]]
cf_score, -7.0
nv_score, -84.0
ratio, 0.232323232323
[[  0.   0.  37.]
 [  0.   0.  43.]
 [  0.   0.  20.]]
cf_score, -17.0
nv_score, -97.0
ratio, 0.20202020202
[[ 14.   0.  17.]
 [ 17.   0.  23.]
 [ 16.   0.  13.]]
cf_score, -6.0
nv_score, -44.0
ratio, 0.272727272727
[[ 29.   0.  11.]
 [ 21.   0.  16.]
 [ 13.   0.  10.]]
cf_score, 15.0
nv_score, -28.0
ratio, 0.393939393939
[[ 29.   0.   4.]
 [ 21.   0.  21.]
 [ 11.   0.  14.]]
cf_score, 28.0
nv_score, -15.0
ratio, 0.434343434343
[[ 20.   0.  12.]
 [ 24.   0.  22.]
 [ 12.   0.  10.]]
cf_score, 6.0
nv_score, -36.0
ratio, 0.30303030303
[[ 19.   0.   8.]
 [ 22.   9.  18.]
 [ 14.   0.  10.]]
cf_score, 16.0
nv_score, -24.0
ratio, 0.383838383838
[[ 27.   0.   9.]
 [ 19.   7.  15.]
 [ 16.   0.   7.]]
cf_score, 16.0
nv_score, -26.0
ratio, 0.414141414141
[[ 24.   0.   8.]
 [ 11.   7.  18.]
 [ 13.   2.  17.]]
cf_score, 27.0
nv_score, -17.0
ratio, 0.484848484848
[[ 30.   2.   4.]
 [ 12.  18.   9.]
 [ 13.   1.  11.]]
cf_score, 42.0
nv_score, -6.0
ratio, 0.59595959596
[[ 28.   5.   8.]
 [ 16.  18.   2.]
 [  7.   6.  10.]]
cf_score, 41.0
nv_score, -8.0
ratio, 0.565656565657
[[ 25.   4.   9.]
 [ 15.  19.   6.]
 [ 11.   4.   7.]]
cf_score, 31.0
nv_score, -17.0
ratio, 0.515151515152
[[ 20.   7.   8.]
 [ 16.  21.   6.]
 [  7.   5.  10.]]
cf_score, 36.0
nv_score, -12.0
ratio, 0.515151515152
[[ 14.   5.  11.]
 [ 19.  26.   5.]
 [  9.   7.   4.]]
cf_score, 24.0
nv_score, -23.0
ratio, 0.444444444444
[[ 18.   7.   3.]
 [ 17.  20.   5.]
 [ 12.  11.   7.]]
cf_score, 30.0
nv_score, -4.0
ratio, 0.454545454545
[[ 24.   6.   2.]
 [ 19.  15.   6.]
 [  9.  12.   7.]]
cf_score, 35.0
nv_score, -3.0
ratio, 0.464646464646
[[ 25.  10.   5.]
 [ 16.  17.   2.]
 [ 14.   4.   7.]]
cf_score, 30.0
nv_score, -5.0
ratio, 0.494949494949
[[ 18.   3.   6.]
 [ 22.  25.   8.]
 [  6.   6.   6.]]
cf_score, 37.0
nv_score, -14.0
ratio, 0.494949494949
[[ 19.   8.   2.]
 [ 16.  23.   7.]
 [ 11.   4.  10.]]
cf_score, 39.0
nv_score, -1.0
ratio, 0.525252525253
[[ 10.   8.   5.]
 [ 22.  22.   7.]
 [ 10.   7.   9.]]
cf_score, 26.0
nv_score, -8.0
ratio, 0.414141414141
[[ 20.   9.   2.]
 [ 19.  21.   7.]
 [ 12.   4.   6.]]
cf_score, 33.0
nv_score, -5.0
ratio, 0.474747474747
[[ 18.  10.   3.]
 [ 27.  18.   5.]
 [  6.   6.   7.]]
cf_score, 34.0
nv_score, -4.0
ratio, 0.434343434343
[[ 21.   3.   5.]
 [ 16.  27.   6.]
 [ 10.   3.   9.]]
cf_score, 42.0
nv_score, -7.0
ratio, 0.575757575758
[[ 23.   5.   2.]
 [ 21.  26.   4.]
 [ 11.   2.   6.]]
cf_score, 42.0
nv_score, -2.0
ratio, 0.555555555556
[[ 24.  12.   9.]
 [ 12.  16.   7.]
 [  8.   2.  10.]]
cf_score, 33.0
nv_score, -15.0
ratio, 0.505050505051
[[ 22.   8.   3.]
 [ 21.  24.   5.]
 [ 10.   3.   4.]]
cf_score, 37.0
nv_score, -7.0
ratio, 0.505050505051
[[ 26.   8.   6.]
 [ 20.  17.   5.]
 [  3.   5.  10.]]
cf_score, 44.0
nv_score, -7.0
ratio, 0.535353535354
[[ 17.  10.   5.]
 [ 18.  15.   7.]
 [ 10.   9.   9.]]
cf_score, 26.0
nv_score, -8.0
ratio, 0.414141414141
[[ 17.   6.   7.]
 [ 15.  24.   7.]
 [ 15.   5.   4.]]
cf_score, 23.0
nv_score, -17.0
ratio, 0.454545454545
[[ 25.   8.   4.]
 [ 16.  16.   5.]
 [ 10.   5.  11.]]
cf_score, 38.0
nv_score, -2.0
ratio, 0.525252525253
[[ 18.   9.   6.]
 [ 16.  17.   8.]
 [ 11.   7.   8.]]
cf_score, 26.0
nv_score, -12.0
ratio, 0.434343434343
[[ 20.   6.   3.]
 [ 16.  24.   5.]
 [  9.   9.   8.]]
cf_score, 40.0
nv_score, -3.0
ratio, 0.525252525253
[[ 19.  11.   2.]
 [ 15.  23.   6.]
 [  6.   5.  13.]]
cf_score, 47.0
nv_score, 3.0
ratio, 0.555555555556
[[ 22.   6.   2.]
 [ 16.  17.   4.]
 [ 14.   3.  16.]]
cf_score, 39.0
nv_score, 8.0
ratio, 0.555555555556
[[ 21.   8.   7.]
 [ 18.  21.   6.]
 [  6.   7.   6.]]
cf_score, 35.0
nv_score, -14.0
ratio, 0.484848484848
[[ 23.  14.   3.]
 [ 16.  14.  10.]
 [  9.   3.   8.]]
cf_score, 33.0
nv_score, -8.0
ratio, 0.454545454545
[[ 28.   8.   3.]
 [ 16.  11.  10.]
 [ 12.   4.   8.]]
cf_score, 32.0
nv_score, -8.0
ratio, 0.474747474747
[[ 19.   4.   2.]
 [ 21.  27.   6.]
 [  5.   8.   8.]]
cf_score, 47.0
nv_score, -2.0
ratio, 0.545454545455
[[ 19.   8.   2.]
 [ 19.  23.   7.]
 [ 11.   5.   6.]]
cf_score, 35.0
nv_score, -5.0
ratio, 0.484848484848
[[ 21.   6.   4.]
 [ 19.  18.   7.]
 [  9.  10.   6.]]
cf_score, 32.0
nv_score, -9.0
ratio, 0.454545454545
[[ 16.   9.   1.]
 [ 15.  17.   2.]
 [ 11.  14.  15.]]
cf_score, 36.0
nv_score, 11.0
ratio, 0.484848484848
[[ 20.   4.   0.]
 [ 21.  27.   8.]
 [  6.   9.   5.]]
cf_score, 46.0
nv_score, -3.0
ratio, 0.525252525253
[[ 22.   5.   2.]
 [ 20.  24.   2.]
 [  7.  11.   7.]]
cf_score, 44.0
nv_score, 1.0
ratio, 0.535353535354
[[ 17.   7.   3.]
 [ 20.  16.   2.]
 [ 20.  10.   5.]]
cf_score, 15.0
nv_score, -3.0
ratio, 0.383838383838
[[ 18.  11.   3.]
 [ 20.  23.   4.]
 [  9.   9.   3.]]
cf_score, 32.0
nv_score, -7.0
ratio, 0.444444444444
[[ 21.   9.   4.]
 [ 17.  19.   4.]
 [ 14.   5.   7.]]
cf_score, 29.0
nv_score, -5.0
ratio, 0.474747474747
[[ 19.   8.   3.]
 [ 20.  20.  10.]
 [ 10.   3.   7.]]
cf_score, 33.0
nv_score, -9.0
ratio, 0.464646464646
[[ 15.   8.   3.]
 [ 18.  23.   7.]
 [  8.   8.  10.]]
cf_score, 37.0
nv_score, -3.0
ratio, 0.484848484848
[[ 27.   7.   2.]
 [ 16.  14.   8.]
 [ 13.   5.   8.]]
cf_score, 34.0
nv_score, -4.0
ratio, 0.494949494949
