[[  0.   0.  33.]
 [  0.   0.  32.]
 [  0.   0.  35.]]
cf_score, 2.0
nv_score, -63.0
ratio, 0.353535353535
[[  0.   0.  26.]
 [  0.   0.  37.]
 [  0.   0.  37.]]
cf_score, 11.0
nv_score, -52.0
ratio, 0.373737373737
[[  0.   0.  35.]
 [  0.   0.  33.]
 [  0.   0.  32.]]
cf_score, -3.0
nv_score, -71.0
ratio, 0.323232323232
[[  0.   0.  28.]
 [  0.   0.  33.]
 [  0.   0.  39.]]
cf_score, 11.0
nv_score, -50.0
ratio, 0.393939393939
[[  0.   0.  27.]
 [  0.   0.  43.]
 [  0.   0.  30.]]
cf_score, 3.0
nv_score, -67.0
ratio, 0.30303030303
[[ 11.   0.  17.]
 [ 16.   0.  22.]
 [  9.   0.  25.]]
cf_score, 10.0
nv_score, -31.0
ratio, 0.363636363636
[[ 14.   5.  12.]
 [ 15.   5.  15.]
 [ 13.   1.  20.]]
cf_score, 14.0
nv_score, -19.0
ratio, 0.393939393939
[[ 17.   3.  12.]
 [ 18.   4.  19.]
 [  4.   4.  19.]]
cf_score, 24.0
nv_score, -24.0
ratio, 0.40404040404
[[ 16.   5.  18.]
 [ 18.   5.  18.]
 [  3.   7.  10.]]
cf_score, 10.0
nv_score, -44.0
ratio, 0.313131313131
[[ 12.   2.   8.]
 [ 17.   6.  17.]
 [ 12.   4.  22.]]
cf_score, 20.0
nv_score, -11.0
ratio, 0.40404040404
[[ 15.   6.  12.]
 [ 15.   6.  15.]
 [  7.   8.  16.]]
cf_score, 18.0
nv_score, -23.0
ratio, 0.373737373737
[[ 10.  11.  15.]
 [ 21.   6.   9.]
 [  5.   5.  18.]]
cf_score, 14.0
nv_score, -21.0
ratio, 0.343434343434
[[ 13.  12.  14.]
 [ 13.   7.  12.]
 [  8.   6.  15.]]
cf_score, 13.0
nv_score, -25.0
ratio, 0.353535353535
[[  7.  11.  15.]
 [ 22.   4.  17.]
 [  6.   5.  13.]]
cf_score, 3.0
nv_score, -34.0
ratio, 0.242424242424
[[ 14.   9.   9.]
 [  8.  10.  20.]
 [  7.   5.  18.]]
cf_score, 26.0
nv_score, -20.0
ratio, 0.424242424242
[[ 10.   8.  11.]
 [ 17.   7.  11.]
 [ 10.   5.  21.]]
cf_score, 17.0
nv_score, -12.0
ratio, 0.383838383838
[[ 10.   1.  16.]
 [ 13.  10.  14.]
 [  5.   7.  24.]]
cf_score, 23.0
nv_score, -22.0
ratio, 0.444444444444
[[ 13.  11.  10.]
 [ 16.   7.  19.]
 [  5.   5.  14.]]
cf_score, 19.0
nv_score, -25.0
ratio, 0.343434343434
[[  9.   6.  11.]
 [ 16.  13.  15.]
 [  5.   8.  17.]]
cf_score, 23.0
nv_score, -20.0
ratio, 0.393939393939
[[ 13.   4.  17.]
 [ 26.   1.  10.]
 [  7.   5.  17.]]
cf_score, 7.0
nv_score, -27.0
ratio, 0.313131313131
[[ 15.  11.  13.]
 [ 15.   3.  11.]
 [  8.   8.  16.]]
cf_score, 13.0
nv_score, -21.0
ratio, 0.343434343434
[[ 14.   3.  10.]
 [ 12.  13.  19.]
 [  9.   3.  17.]]
cf_score, 25.0
nv_score, -22.0
ratio, 0.444444444444
[[ 14.   9.  11.]
 [ 15.  14.   8.]
 [  4.   7.  18.]]
cf_score, 31.0
nv_score, -12.0
ratio, 0.464646464646
[[ 13.   7.  10.]
 [ 12.   5.  10.]
 [ 12.   9.  22.]]
cf_score, 18.0
nv_score, -8.0
ratio, 0.40404040404
[[ 13.  10.  15.]
 [ 11.  12.  14.]
 [  7.   3.  15.]]
cf_score, 18.0
nv_score, -29.0
ratio, 0.40404040404
[[ 15.  12.  12.]
 [ 15.   9.   8.]
 [  8.   5.  16.]]
cf_score, 20.0
nv_score, -16.0
ratio, 0.40404040404
[[  7.   8.  13.]
 [ 15.  11.  14.]
 [  3.   8.  21.]]
cf_score, 23.0
nv_score, -19.0
ratio, 0.393939393939
[[ 14.  10.  12.]
 [ 11.  13.   9.]
 [  7.  12.  12.]]
cf_score, 20.0
nv_score, -21.0
ratio, 0.393939393939
[[ 15.   9.  15.]
 [ 14.   7.   8.]
 [  7.  13.  12.]]
cf_score, 12.0
nv_score, -26.0
ratio, 0.343434343434
[[ 10.  14.   9.]
 [ 21.   9.  13.]
 [  5.   5.  14.]]
cf_score, 19.0
nv_score, -17.0
ratio, 0.333333333333
[[ 14.   7.  13.]
 [ 14.  12.  14.]
 [  4.   7.  15.]]
cf_score, 24.0
nv_score, -25.0
ratio, 0.414141414141
[[ 11.  11.  12.]
 [  6.   9.  17.]
 [  3.   7.  24.]]
cf_score, 29.0
nv_score, -17.0
ratio, 0.444444444444
[[  7.  10.  10.]
 [ 12.  18.  10.]
 [  7.   5.  21.]]
cf_score, 29.0
nv_score, -9.0
ratio, 0.464646464646
[[ 11.  13.  10.]
 [ 15.  14.   8.]
 [ 10.   9.  10.]]
cf_score, 15.0
nv_score, -18.0
ratio, 0.353535353535
[[ 11.   9.  11.]
 [ 19.   9.  10.]
 [  3.   7.  21.]]
cf_score, 27.0
nv_score, -11.0
ratio, 0.414141414141
[[ 15.   9.  13.]
 [ 12.  11.  11.]
 [  4.   4.  21.]]
cf_score, 30.0
nv_score, -16.0
ratio, 0.474747474747
[[ 14.  14.  13.]
 [ 19.   9.   5.]
 [  4.   9.  13.]]
cf_score, 19.0
nv_score, -18.0
ratio, 0.363636363636
[[  9.   7.  12.]
 [ 14.  16.  15.]
 [  4.   7.  16.]]
cf_score, 25.0
nv_score, -23.0
ratio, 0.414141414141
[[ 14.   8.  10.]
 [ 11.   8.  13.]
 [  4.  13.  19.]]
cf_score, 27.0
nv_score, -14.0
ratio, 0.414141414141
[[ 14.   7.  12.]
 [ 11.   9.  13.]
 [  4.  12.  18.]]
cf_score, 25.0
nv_score, -19.0
ratio, 0.414141414141
[[  8.   9.  10.]
 [ 11.  14.  11.]
 [  8.  11.  18.]]
cf_score, 22.0
nv_score, -13.0
ratio, 0.40404040404
[[ 15.   6.  11.]
 [ 10.   9.  11.]
 [  4.  18.  16.]]
cf_score, 25.0
nv_score, -17.0
ratio, 0.40404040404
[[ 14.   8.  15.]
 [ 18.  10.   9.]
 [  7.   4.  15.]]
cf_score, 17.0
nv_score, -24.0
ratio, 0.393939393939
[[ 11.   7.  15.]
 [ 14.  10.  11.]
 [  8.  10.  14.]]
cf_score, 12.0
nv_score, -27.0
ratio, 0.353535353535
[[ 12.   9.  13.]
 [ 15.   6.   8.]
 [  6.  10.  21.]]
cf_score, 20.0
nv_score, -13.0
ratio, 0.393939393939
[[ 15.  15.   5.]
 [ 12.  13.  13.]
 [  6.   8.  13.]]
cf_score, 30.0
nv_score, -10.0
ratio, 0.414141414141
[[  7.  11.  18.]
 [ 12.  16.   8.]
 [  2.   7.  19.]]
cf_score, 22.0
nv_score, -25.0
ratio, 0.424242424242
[[ 11.  14.  11.]
 [ 10.   8.  11.]
 [  2.   6.  27.]]
cf_score, 33.0
nv_score, -6.0
ratio, 0.464646464646
[[ 10.  14.  10.]
 [ 16.  17.   7.]
 [  5.  10.  11.]]
cf_score, 23.0
nv_score, -16.0
ratio, 0.383838383838
[[  3.  11.  13.]
 [ 18.  15.   7.]
 [  4.   8.  21.]]
cf_score, 22.0
nv_score, -12.0
ratio, 0.393939393939
