[[  0.  30.   0.]
 [  0.  31.   0.]
 [  0.  39.   0.]]
cf_score, 31.0
nv_score, 0.0
ratio, 0.313131313131
[[ 22.   8.   0.]
 [ 19.  12.   0.]
 [ 22.  17.   0.]]
cf_score, 12.0
nv_score, 0.0
ratio, 0.343434343434
[[  0.  35.   7.]
 [  0.  28.   3.]
 [  0.  22.   5.]]
cf_score, 26.0
nv_score, -12.0
ratio, 0.333333333333
[[  0.  27.   3.]
 [  0.  26.   6.]
 [  0.  37.   1.]]
cf_score, 24.0
nv_score, -11.0
ratio, 0.272727272727
[[  0.  23.   6.]
 [  2.  32.   5.]
 [  0.  29.   3.]]
cf_score, 29.0
nv_score, -14.0
ratio, 0.353535353535
[[  0.  33.   2.]
 [  0.  26.   3.]
 [  0.  34.   2.]]
cf_score, 26.0
nv_score, -5.0
ratio, 0.282828282828
[[  0.  28.   5.]
 [  0.  31.   4.]
 [  0.  23.   9.]]
cf_score, 35.0
nv_score, -5.0
ratio, 0.40404040404
[[  1.  30.   4.]
 [  0.  27.   3.]
 [  1.  28.   6.]]
cf_score, 29.0
nv_score, -5.0
ratio, 0.343434343434
[[  0.  28.   2.]
 [  0.  25.   4.]
 [  0.  33.   8.]]
cf_score, 31.0
nv_score, 0.0
ratio, 0.333333333333
[[  0.  29.   7.]
 [  0.  31.   2.]
 [  0.  27.   4.]]
cf_score, 28.0
nv_score, -12.0
ratio, 0.353535353535
[[  0.  28.   4.]
 [  0.  20.   5.]
 [  0.  39.   4.]]
cf_score, 20.0
nv_score, -9.0
ratio, 0.242424242424
[[  0.  27.   5.]
 [  0.  28.   4.]
 [  0.  30.   6.]]
cf_score, 29.0
nv_score, -8.0
ratio, 0.343434343434
[[  0.  27.   5.]
 [  0.  31.   5.]
 [  0.  29.   3.]]
cf_score, 29.0
nv_score, -12.0
ratio, 0.343434343434
[[  0.  30.   5.]
 [  0.  30.   3.]
 [  0.  32.   0.]]
cf_score, 25.0
nv_score, -13.0
ratio, 0.30303030303
[[  0.  31.   7.]
 [  0.  27.   1.]
 [  0.  28.   6.]]
cf_score, 26.0
nv_score, -9.0
ratio, 0.333333333333
[[  0.  35.   2.]
 [  0.  27.   4.]
 [  0.  28.   4.]]
cf_score, 29.0
nv_score, -4.0
ratio, 0.313131313131
[[  0.  33.   6.]
 [  0.  33.   2.]
 [  0.  24.   2.]]
cf_score, 29.0
nv_score, -12.0
ratio, 0.353535353535
[[  0.  27.   6.]
 [  0.  29.   2.]
 [  0.  33.   3.]]
cf_score, 26.0
nv_score, -11.0
ratio, 0.323232323232
[[  0.  32.   6.]
 [  0.  21.   7.]
 [  0.  23.  11.]]
cf_score, 26.0
nv_score, -8.0
ratio, 0.323232323232
[[  1.  30.   3.]
 [  2.  24.   1.]
 [  1.  36.   2.]]
cf_score, 23.0
nv_score, -5.0
ratio, 0.272727272727
[[  0.  37.   7.]
 [  0.  30.   6.]
 [  0.  18.   2.]]
cf_score, 25.0
nv_score, -18.0
ratio, 0.323232323232
[[  0.  31.   3.]
 [  0.  25.   5.]
 [  0.  30.   6.]]
cf_score, 28.0
nv_score, -5.0
ratio, 0.313131313131
[[  0.  28.   6.]
 [  0.  36.   5.]
 [  0.  23.   2.]]
cf_score, 32.0
nv_score, -15.0
ratio, 0.383838383838
[[  2.  31.   5.]
 [  2.  26.   0.]
 [  1.  29.   4.]]
cf_score, 26.0
nv_score, -6.0
ratio, 0.323232323232
[[  0.  23.   4.]
 [  0.  33.   6.]
 [  0.  32.   2.]]
cf_score, 31.0
nv_score, -12.0
ratio, 0.353535353535
[[  0.  29.   4.]
 [  0.  31.   5.]
 [  0.  29.   2.]]
cf_score, 29.0
nv_score, -11.0
ratio, 0.333333333333
[[  1.  33.   4.]
 [  1.  23.   6.]
 [  2.  23.   7.]]
cf_score, 25.0
nv_score, -7.0
ratio, 0.313131313131
[[  0.  35.   2.]
 [  0.  26.   8.]
 [  0.  26.   3.]]
cf_score, 27.0
nv_score, -9.0
ratio, 0.292929292929
[[  0.  27.   7.]
 [  0.  28.   5.]
 [  0.  27.   6.]]
cf_score, 27.0
nv_score, -13.0
ratio, 0.343434343434
[[  0.  24.   6.]
 [  3.  30.   1.]
 [  1.  30.   5.]]
cf_score, 28.0
nv_score, -8.0
ratio, 0.353535353535
[[  0.  29.  15.]
 [  0.  22.   3.]
 [  0.  30.   1.]]
cf_score, 8.0
nv_score, -32.0
ratio, 0.232323232323
[[  0.  33.   3.]
 [  0.  26.   4.]
 [  0.  28.   6.]]
cf_score, 29.0
nv_score, -4.0
ratio, 0.323232323232
[[  1.  32.   4.]
 [  1.  22.   6.]
 [  1.  26.   7.]]
cf_score, 25.0
nv_score, -7.0
ratio, 0.30303030303
[[  1.  28.   1.]
 [  1.  34.   3.]
 [  0.  29.   3.]]
cf_score, 37.0
nv_score, -2.0
ratio, 0.383838383838
[[  0.  30.   4.]
 [  0.  26.   5.]
 [  0.  30.   5.]]
cf_score, 27.0
nv_score, -8.0
ratio, 0.313131313131
[[  2.  28.   6.]
 [  0.  30.   1.]
 [  0.  26.   7.]]
cf_score, 33.0
nv_score, -6.0
ratio, 0.393939393939
[[  0.  25.   4.]
 [  0.  34.   2.]
 [  0.  31.   4.]]
cf_score, 34.0
nv_score, -6.0
ratio, 0.383838383838
[[  0.  30.   7.]
 [  0.  17.   5.]
 [  0.  33.   8.]]
cf_score, 18.0
nv_score, -11.0
ratio, 0.252525252525
[[  1.  32.   4.]
 [  0.  18.   6.]
 [  0.  35.   4.]]
cf_score, 19.0
nv_score, -10.0
ratio, 0.232323232323
[[  0.  39.   4.]
 [  0.  25.   3.]
 [  0.  25.   4.]]
cf_score, 25.0
nv_score, -7.0
ratio, 0.292929292929
[[  0.  27.   7.]
 [  0.  26.   6.]
 [  0.  30.   4.]]
cf_score, 23.0
nv_score, -16.0
ratio, 0.30303030303
[[  0.  37.   5.]
 [  0.  22.   4.]
 [  0.  29.   3.]]
cf_score, 20.0
nv_score, -11.0
ratio, 0.252525252525
[[  0.  24.  13.]
 [  0.  25.  11.]
 [  0.  21.   6.]]
cf_score, 18.0
nv_score, -31.0
ratio, 0.313131313131
[[  0.  28.   2.]
 [  1.  26.   3.]
 [  1.  37.   2.]]
cf_score, 25.0
nv_score, -5.0
ratio, 0.282828282828
[[  0.  26.   5.]
 [  0.  31.   6.]
 [  0.  26.   6.]]
cf_score, 32.0
nv_score, -10.0
ratio, 0.373737373737
[[  1.  28.   3.]
 [  4.  24.   4.]
 [  0.  32.   4.]]
cf_score, 26.0
nv_score, -6.0
ratio, 0.292929292929
[[  0.  38.   9.]
 [  0.  22.   7.]
 [  0.  17.   7.]]
cf_score, 20.0
nv_score, -18.0
ratio, 0.292929292929
[[  1.  26.   4.]
 [  4.  26.   1.]
 [  4.  27.   7.]]
cf_score, 26.0
nv_score, -2.0
ratio, 0.343434343434
[[  0.  28.   7.]
 [  0.  30.   0.]
 [  0.  30.   5.]]
cf_score, 28.0
nv_score, -9.0
ratio, 0.353535353535
[[  1.  35.   5.]
 [  1.  22.   1.]
 [  1.  33.   1.]]
cf_score, 18.0
nv_score, -10.0
ratio, 0.242424242424
