[[ 35.   3.   7.]
 [ 13.   6.   9.]
 [  8.   6.  13.]]
cf_score, 39.0
nv_score, -10.0
ratio, 0.545454545455
[[ 25.   6.  12.]
 [ 14.   7.   8.]
 [ 10.   2.  16.]]
cf_score, 26.0
nv_score, -16.0
ratio, 0.484848484848
[[ 22.   5.   7.]
 [ 13.   7.   7.]
 [ 16.   7.  16.]]
cf_score, 22.0
nv_score, -5.0
ratio, 0.454545454545
[[ 17.   2.   9.]
 [ 11.   6.  20.]
 [  9.   3.  23.]]
cf_score, 28.0
nv_score, -15.0
ratio, 0.464646464646
[[ 14.   6.  13.]
 [  8.   4.  18.]
 [  2.  12.  23.]]
cf_score, 26.0
nv_score, -21.0
ratio, 0.414141414141
[[ 23.   7.   4.]
 [ 19.   6.   7.]
 [ 10.   7.  17.]]
cf_score, 32.0
nv_score, 2.0
ratio, 0.464646464646
[[ 25.   6.   8.]
 [  5.   9.   9.]
 [  9.  12.  17.]]
cf_score, 34.0
nv_score, -8.0
ratio, 0.515151515152
[[ 16.  10.   8.]
 [ 11.   5.  10.]
 [  4.   8.  28.]]
cf_score, 37.0
nv_score, 2.0
ratio, 0.494949494949
[[ 15.  13.  13.]
 [ 10.   5.   9.]
 [  6.  12.  17.]]
cf_score, 18.0
nv_score, -18.0
ratio, 0.373737373737
[[ 18.   6.   5.]
 [ 17.   7.  10.]
 [  9.  12.  16.]]
cf_score, 27.0
nv_score, -4.0
ratio, 0.414141414141
[[ 15.  11.   7.]
 [ 11.   9.   6.]
 [  8.   5.  28.]]
cf_score, 37.0
nv_score, 8.0
ratio, 0.525252525253
[[ 15.   5.  12.]
 [ 11.   9.  17.]
 [ 11.   2.  18.]]
cf_score, 19.0
nv_score, -23.0
ratio, 0.424242424242
[[ 23.  10.  11.]
 [ 11.   7.   8.]
 [  4.   1.  25.]]
cf_score, 40.0
nv_score, -5.0
ratio, 0.555555555556
[[ 22.   9.  11.]
 [ 11.   3.  12.]
 [  6.   6.  20.]]
cf_score, 28.0
nv_score, -14.0
ratio, 0.454545454545
[[ 17.   8.  14.]
 [  9.   8.  12.]
 [  3.   8.  21.]]
cf_score, 29.0
nv_score, -19.0
ratio, 0.464646464646
[[ 20.   5.  13.]
 [ 14.   7.  12.]
 [  2.   3.  24.]]
cf_score, 36.0
nv_score, -14.0
ratio, 0.515151515152
[[ 18.   8.  10.]
 [ 16.   8.  11.]
 [ 12.   4.  13.]]
cf_score, 17.0
nv_score, -18.0
ratio, 0.393939393939
[[ 14.   9.   8.]
 [ 10.  10.  11.]
 [ 10.   7.  21.]]
cf_score, 27.0
nv_score, -6.0
ratio, 0.454545454545
[[ 25.   5.   8.]
 [ 15.  11.   7.]
 [  4.   6.  19.]]
cf_score, 43.0
nv_score, -4.0
ratio, 0.555555555556
[[ 15.   9.  10.]
 [ 18.  12.   9.]
 [  7.   5.  15.]]
cf_score, 25.0
nv_score, -14.0
ratio, 0.424242424242
[[ 25.   5.   6.]
 [ 13.   7.  12.]
 [  3.   7.  22.]]
cf_score, 45.0
nv_score, -2.0
ratio, 0.545454545455
[[ 32.   2.   7.]
 [ 10.   6.  10.]
 [  7.   9.  17.]]
cf_score, 41.0
nv_score, -7.0
ratio, 0.555555555556
[[ 25.   9.   5.]
 [ 13.   5.   5.]
 [ 10.   8.  20.]]
cf_score, 35.0
nv_score, 5.0
ratio, 0.505050505051
[[ 21.   6.  11.]
 [ 12.   9.   7.]
 [  2.   9.  23.]]
cf_score, 40.0
nv_score, -6.0
ratio, 0.535353535354
[[ 21.   7.  13.]
 [  7.  10.  12.]
 [  2.  11.  17.]]
cf_score, 33.0
nv_score, -21.0
ratio, 0.484848484848
[[ 16.   9.   5.]
 [ 11.   8.  16.]
 [  7.  10.  18.]]
cf_score, 30.0
nv_score, -8.0
ratio, 0.424242424242
[[ 17.   9.  16.]
 [ 10.  10.   9.]
 [  3.  10.  16.]]
cf_score, 24.0
nv_score, -25.0
ratio, 0.434343434343
[[ 20.  14.   8.]
 [  5.   8.  15.]
 [  3.   8.  19.]]
cf_score, 36.0
nv_score, -12.0
ratio, 0.474747474747
[[ 11.   6.  10.]
 [ 10.  12.  13.]
 [  7.   8.  23.]]
cf_score, 29.0
nv_score, -10.0
ratio, 0.464646464646
[[ 20.   6.  19.]
 [  9.   8.  10.]
 [  8.   6.  14.]]
cf_score, 15.0
nv_score, -34.0
ratio, 0.424242424242
[[ 25.   7.   3.]
 [  9.   9.   9.]
 [ 13.   6.  19.]]
cf_score, 37.0
nv_score, 4.0
ratio, 0.535353535354
[[ 17.  11.   4.]
 [ 12.  11.  14.]
 [  7.   5.  19.]]
cf_score, 36.0
nv_score, -3.0
ratio, 0.474747474747
[[ 28.   6.   4.]
 [ 18.  10.  10.]
 [ 11.   4.   9.]]
cf_score, 32.0
nv_score, -9.0
ratio, 0.474747474747
[[ 18.  10.   5.]
 [ 11.  10.   8.]
 [ 11.  11.  16.]]
cf_score, 28.0
nv_score, -2.0
ratio, 0.444444444444
[[ 19.  14.  11.]
 [  8.  10.   3.]
 [  8.   7.  20.]]
cf_score, 30.0
nv_score, -5.0
ratio, 0.494949494949
[[ 21.  12.  12.]
 [ 15.  10.   6.]
 [  6.   7.  11.]]
cf_score, 24.0
nv_score, -19.0
ratio, 0.424242424242
[[ 16.  13.   6.]
 [  8.  17.   9.]
 [  5.   9.  17.]]
cf_score, 39.0
nv_score, -4.0
ratio, 0.505050505051
[[ 15.  17.   4.]
 [ 12.   7.   9.]
 [ 12.  10.  14.]]
cf_score, 20.0
nv_score, -3.0
ratio, 0.363636363636
[[ 16.   7.  13.]
 [  9.  11.   7.]
 [  7.  12.  18.]]
cf_score, 25.0
nv_score, -15.0
ratio, 0.454545454545
[[ 12.  17.  10.]
 [  7.  11.   8.]
 [  5.  18.  12.]]
cf_score, 20.0
nv_score, -16.0
ratio, 0.353535353535
[[ 16.  19.   6.]
 [ 12.  13.   8.]
 [  3.   7.  16.]]
cf_score, 36.0
nv_score, -4.0
ratio, 0.454545454545
[[ 19.  11.   5.]
 [ 10.  12.  11.]
 [  7.   8.  17.]]
cf_score, 36.0
nv_score, -4.0
ratio, 0.484848484848
[[ 20.   5.   6.]
 [ 15.  14.  13.]
 [  4.   8.  15.]]
cf_score, 39.0
nv_score, -10.0
ratio, 0.494949494949
[[ 17.  15.   7.]
 [ 11.  12.   5.]
 [  6.   7.  20.]]
cf_score, 36.0
nv_score, 1.0
ratio, 0.494949494949
[[ 13.  14.   2.]
 [ 15.  12.   4.]
 [ 11.  11.  18.]]
cf_score, 30.0
nv_score, 10.0
ratio, 0.434343434343
[[ 19.  13.   7.]
 [ 11.  10.   6.]
 [ 14.   8.  12.]]
cf_score, 20.0
nv_score, -8.0
ratio, 0.414141414141
[[  9.  17.  13.]
 [  9.  10.   6.]
 [  4.  14.  18.]]
cf_score, 20.0
nv_score, -14.0
ratio, 0.373737373737
[[ 14.  16.   5.]
 [  9.  12.   8.]
 [  6.   8.  22.]]
cf_score, 37.0
nv_score, 4.0
ratio, 0.484848484848
[[ 20.  16.   5.]
 [  9.  13.   7.]
 [  8.   9.  13.]]
cf_score, 33.0
nv_score, -4.0
ratio, 0.464646464646
[[ 24.  13.   3.]
 [ 11.   8.   6.]
 [ 12.   6.  17.]]
cf_score, 34.0
nv_score, 5.0
ratio, 0.494949494949
