[[  0.   0.  25.]
 [  0.   0.  37.]
 [  0.   0.  38.]]
cf_score, 13.0
nv_score, -49.0
ratio, 0.383838383838
[[ 22.   0.  20.]
 [ 14.   4.  11.]
 [  5.   5.  19.]]
cf_score, 20.0
nv_score, -32.0
ratio, 0.454545454545
[[ 21.   0.  17.]
 [ 10.   0.  20.]
 [ 11.   0.  21.]]
cf_score, 14.0
nv_score, -33.0
ratio, 0.424242424242
[[ 12.   2.  24.]
 [ 14.   3.  14.]
 [  1.   4.  26.]]
cf_score, 16.0
nv_score, -36.0
ratio, 0.414141414141
[[ 17.   1.   8.]
 [ 20.   3.  16.]
 [  9.   3.  23.]]
cf_score, 26.0
nv_score, -9.0
ratio, 0.434343434343
[[ 21.   0.  16.]
 [ 14.   6.   8.]
 [  0.   6.  29.]]
cf_score, 40.0
nv_score, -11.0
ratio, 0.565656565657
[[ 15.   1.  20.]
 [ 11.   4.  17.]
 [  3.   7.  22.]]
cf_score, 18.0
nv_score, -35.0
ratio, 0.414141414141
[[ 17.   2.  18.]
 [ 13.   2.  19.]
 [  3.   2.  24.]]
cf_score, 22.0
nv_score, -31.0
ratio, 0.434343434343
[[ 15.   2.  25.]
 [ 13.   2.  13.]
 [  6.   1.  23.]]
cf_score, 9.0
nv_score, -40.0
ratio, 0.40404040404
[[ 16.   1.  23.]
 [ 15.   2.   9.]
 [  4.   3.  27.]]
cf_score, 18.0
nv_score, -28.0
ratio, 0.454545454545
[[ 19.   4.  19.]
 [ 11.   5.  12.]
 [  2.   5.  23.]]
cf_score, 26.0
nv_score, -27.0
ratio, 0.474747474747
[[ 26.   3.   6.]
 [  8.   8.  12.]
 [  2.   5.  30.]]
cf_score, 56.0
nv_score, 6.0
ratio, 0.646464646465
[[ 17.   2.  18.]
 [ 16.   6.  17.]
 [  1.   4.  19.]]
cf_score, 23.0
nv_score, -34.0
ratio, 0.424242424242
[[ 20.   1.  14.]
 [ 11.   7.   9.]
 [  4.   6.  28.]]
cf_score, 37.0
nv_score, -9.0
ratio, 0.555555555556
[[ 12.   3.  23.]
 [ 10.   8.  10.]
 [  2.   7.  25.]]
cf_score, 20.0
nv_score, -31.0
ratio, 0.454545454545
[[ 13.   3.  23.]
 [  6.   7.  16.]
 [  1.   5.  26.]]
cf_score, 22.0
nv_score, -36.0
ratio, 0.464646464646
[[ 17.   2.  23.]
 [  5.  10.  14.]
 [  4.   4.  21.]]
cf_score, 21.0
nv_score, -39.0
ratio, 0.484848484848
[[ 18.   3.  14.]
 [ 15.   9.  12.]
 [  3.   6.  20.]]
cf_score, 30.0
nv_score, -20.0
ratio, 0.474747474747
[[ 19.   2.  13.]
 [  4.   6.  19.]
 [  3.   8.  26.]]
cf_score, 35.0
nv_score, -19.0
ratio, 0.515151515152
[[ 14.   0.  19.]
 [ 12.   8.  14.]
 [  2.   3.  28.]]
cf_score, 29.0
nv_score, -24.0
ratio, 0.505050505051
[[ 14.   2.  16.]
 [  9.   6.  13.]
 [  2.   4.  34.]]
cf_score, 36.0
nv_score, -11.0
ratio, 0.545454545455
[[ 16.   1.  22.]
 [ 10.   5.  11.]
 [  4.   6.  25.]]
cf_score, 20.0
nv_score, -30.0
ratio, 0.464646464646
[[ 23.   3.  17.]
 [ 11.   4.  20.]
 [  1.   5.  16.]]
cf_score, 25.0
nv_score, -38.0
ratio, 0.434343434343
[[ 14.   1.  19.]
 [ 12.   4.  17.]
 [  2.   6.  25.]]
cf_score, 22.0
nv_score, -30.0
ratio, 0.434343434343
[[ 18.   0.  23.]
 [ 14.   3.  11.]
 [  2.   7.  22.]]
cf_score, 18.0
nv_score, -35.0
ratio, 0.434343434343
[[ 15.   4.  13.]
 [ 10.   9.  23.]
 [  0.   7.  19.]]
cf_score, 30.0
nv_score, -30.0
ratio, 0.434343434343
[[ 16.   1.  21.]
 [  7.   6.  20.]
 [  1.   5.  23.]]
cf_score, 23.0
nv_score, -39.0
ratio, 0.454545454545
[[ 22.   1.  21.]
 [ 10.   2.  18.]
 [  2.   3.  21.]]
cf_score, 22.0
nv_score, -39.0
ratio, 0.454545454545
[[ 16.   2.  19.]
 [ 16.   5.  11.]
 [  6.   2.  23.]]
cf_score, 19.0
nv_score, -26.0
ratio, 0.444444444444
[[ 15.   1.  16.]
 [ 19.   3.  18.]
 [  1.   8.  19.]]
cf_score, 20.0
nv_score, -31.0
ratio, 0.373737373737
[[ 19.   1.  15.]
 [ 13.   4.  12.]
 [  1.   9.  26.]]
cf_score, 33.0
nv_score, -16.0
ratio, 0.494949494949
[[ 17.   1.  18.]
 [ 16.  11.  11.]
 [  3.   6.  17.]]
cf_score, 24.0
nv_score, -30.0
ratio, 0.454545454545
[[ 14.   1.  14.]
 [ 20.   8.  11.]
 [  4.   3.  25.]]
cf_score, 29.0
nv_score, -14.0
ratio, 0.474747474747
[[ 16.   1.  15.]
 [ 12.   4.  17.]
 [  1.   4.  30.]]
cf_score, 34.0
nv_score, -17.0
ratio, 0.505050505051
[[ 17.   1.  20.]
 [  9.   2.  13.]
 [  3.   6.  29.]]
cf_score, 25.0
nv_score, -24.0
ratio, 0.484848484848
[[ 13.   0.  20.]
 [  7.   6.  18.]
 [  1.   5.  30.]]
cf_score, 28.0
nv_score, -28.0
ratio, 0.494949494949
[[ 21.   1.  11.]
 [  9.   4.  17.]
 [  2.   4.  31.]]
cf_score, 43.0
nv_score, -8.0
ratio, 0.565656565657
[[ 26.   1.  23.]
 [ 13.   4.   9.]
 [  0.   3.  21.]]
cf_score, 28.0
nv_score, -34.0
ratio, 0.515151515152
[[ 21.   0.  21.]
 [ 11.   6.  12.]
 [  4.   7.  18.]]
cf_score, 20.0
nv_score, -36.0
ratio, 0.454545454545
[[ 19.   1.  18.]
 [ 15.   2.  16.]
 [  3.   3.  23.]]
cf_score, 23.0
nv_score, -29.0
ratio, 0.444444444444
[[ 15.   3.  26.]
 [ 16.   7.  13.]
 [  1.   3.  16.]]
cf_score, 11.0
nv_score, -49.0
ratio, 0.383838383838
[[ 18.   0.  20.]
 [ 13.   7.  11.]
 [  1.   1.  29.]]
cf_score, 33.0
nv_score, -22.0
ratio, 0.545454545455
[[ 27.   1.  12.]
 [  8.   2.  16.]
 [  3.   1.  30.]]
cf_score, 44.0
nv_score, -10.0
ratio, 0.59595959596
[[ 25.   1.  15.]
 [ 15.   5.  16.]
 [  1.   4.  18.]]
cf_score, 32.0
nv_score, -28.0
ratio, 0.484848484848
[[ 16.   1.  21.]
 [  8.   3.  19.]
 [  1.   2.  29.]]
cf_score, 26.0
nv_score, -32.0
ratio, 0.484848484848
[[ 12.   4.  13.]
 [ 13.   6.  17.]
 [  1.   6.  28.]]
cf_score, 32.0
nv_score, -15.0
ratio, 0.464646464646
[[ 22.   0.  22.]
 [ 11.   2.  16.]
 [  1.   3.  23.]]
cf_score, 24.0
nv_score, -37.0
ratio, 0.474747474747
[[ 17.   3.  18.]
 [  8.   3.  18.]
 [  2.   7.  24.]]
cf_score, 24.0
nv_score, -30.0
ratio, 0.444444444444
[[ 18.   1.  17.]
 [  8.   3.  23.]
 [  0.   3.  27.]]
cf_score, 31.0
nv_score, -30.0
ratio, 0.484848484848
[[ 16.   3.  15.]
 [  7.   6.  21.]
 [  3.   3.  26.]]
cf_score, 30.0
nv_score, -25.0
ratio, 0.484848484848
