[[ 32.   0.   0.]
 [ 34.   0.   0.]
 [ 34.   0.   0.]]
cf_score, -2.0
nv_score, 0.0
ratio, 0.323232323232
[[  0.  35.   0.]
 [  0.  36.   0.]
 [  0.  29.   0.]]
cf_score, 36.0
nv_score, 0.0
ratio, 0.363636363636
[[ 33.   0.   0.]
 [ 35.   0.   0.]
 [ 32.   0.   0.]]
cf_score, 1.0
nv_score, 0.0
ratio, 0.333333333333
[[  0.   0.  39.]
 [  0.   0.  25.]
 [  0.   0.  36.]]
cf_score, -3.0
nv_score, -67.0
ratio, 0.363636363636
[[  0.   0.  31.]
 [  0.   0.  32.]
 [  0.   0.  37.]]
cf_score, 6.0
nv_score, -57.0
ratio, 0.373737373737
[[  0.  28.   0.]
 [  0.  27.   0.]
 [  0.  45.   0.]]
cf_score, 27.0
nv_score, 0.0
ratio, 0.272727272727
[[  0.   0.  41.]
 [  0.   0.  30.]
 [  0.   0.  29.]]
cf_score, -12.0
nv_score, -83.0
ratio, 0.292929292929
[[ 28.   0.   0.]
 [ 37.   0.   0.]
 [ 35.   0.   0.]]
cf_score, -7.0
nv_score, 0.0
ratio, 0.282828282828
[[ 32.   0.   0.]
 [ 30.   0.   0.]
 [ 38.   0.   0.]]
cf_score, -6.0
nv_score, 0.0
ratio, 0.323232323232
[[ 44.   0.   0.]
 [ 24.   0.   0.]
 [ 32.   0.   0.]]
cf_score, 12.0
nv_score, 0.0
ratio, 0.444444444444
[[  0.  36.   0.]
 [  0.  31.   0.]
 [  0.  33.   0.]]
cf_score, 31.0
nv_score, 0.0
ratio, 0.313131313131
[[ 30.   0.   0.]
 [ 38.   0.   0.]
 [ 32.   0.   0.]]
cf_score, -2.0
nv_score, 0.0
ratio, 0.30303030303
[[ 31.   0.   0.]
 [ 34.   0.   0.]
 [ 35.   0.   0.]]
cf_score, -4.0
nv_score, 0.0
ratio, 0.313131313131
[[ 32.   0.   0.]
 [ 33.   0.   0.]
 [ 35.   0.   0.]]
cf_score, -3.0
nv_score, 0.0
ratio, 0.323232323232
[[ 37.   0.   0.]
 [ 31.   0.   0.]
 [ 32.   0.   0.]]
cf_score, 5.0
nv_score, 0.0
ratio, 0.373737373737
[[ 30.   0.   0.]
 [ 28.   0.   0.]
 [ 42.   0.   0.]]
cf_score, -12.0
nv_score, 0.0
ratio, 0.30303030303
[[ 34.   0.   0.]
 [ 27.   0.   0.]
 [ 39.   0.   0.]]
cf_score, -5.0
nv_score, 0.0
ratio, 0.343434343434
[[ 29.   0.   0.]
 [ 35.   0.   0.]
 [ 36.   0.   0.]]
cf_score, -7.0
nv_score, 0.0
ratio, 0.292929292929
[[ 34.   0.   0.]
 [ 26.   0.   0.]
 [ 40.   0.   0.]]
cf_score, -6.0
nv_score, 0.0
ratio, 0.343434343434
[[  0.  30.   0.]
 [  0.  30.   0.]
 [  0.  40.   0.]]
cf_score, 30.0
nv_score, 0.0
ratio, 0.30303030303
[[  0.   0.  32.]
 [  0.   0.  29.]
 [  0.   0.  39.]]
cf_score, 7.0
nv_score, -54.0
ratio, 0.393939393939
[[  0.   0.  33.]
 [  0.   0.  27.]
 [  0.   0.  40.]]
cf_score, 7.0
nv_score, -53.0
ratio, 0.40404040404
[[  0.   0.  24.]
 [  0.   0.  39.]
 [  0.   0.  37.]]
cf_score, 13.0
nv_score, -50.0
ratio, 0.373737373737
[[  0.   0.  25.]
 [  0.   0.  36.]
 [  0.   0.  39.]]
cf_score, 14.0
nv_score, -47.0
ratio, 0.393939393939
[[ 29.   0.   0.]
 [ 36.   0.   0.]
 [ 35.   0.   0.]]
cf_score, -6.0
nv_score, 0.0
ratio, 0.292929292929
[[  0.   0.  35.]
 [  0.   0.  33.]
 [  0.   0.  32.]]
cf_score, -3.0
nv_score, -71.0
ratio, 0.323232323232
[[  0.  36.   0.]
 [  0.  30.   0.]
 [  0.  34.   0.]]
cf_score, 30.0
nv_score, 0.0
ratio, 0.30303030303
[[  0.   0.  28.]
 [  0.   0.  30.]
 [  0.   0.  42.]]
cf_score, 14.0
nv_score, -44.0
ratio, 0.424242424242
[[  0.  37.   0.]
 [  0.  33.   0.]
 [  0.  30.   0.]]
cf_score, 33.0
nv_score, 0.0
ratio, 0.333333333333
[[  0.  31.   0.]
 [  0.  40.   0.]
 [  0.  29.   0.]]
cf_score, 40.0
nv_score, 0.0
ratio, 0.40404040404
[[ 30.   0.   0.]
 [ 31.   0.   0.]
 [ 39.   0.   0.]]
cf_score, -9.0
nv_score, 0.0
ratio, 0.30303030303
[[  0.  23.   0.]
 [  0.  39.   0.]
 [  0.  38.   0.]]
cf_score, 39.0
nv_score, 0.0
ratio, 0.393939393939
[[  0.  38.   0.]
 [  0.  29.   0.]
 [  0.  33.   0.]]
cf_score, 29.0
nv_score, 0.0
ratio, 0.292929292929
[[ 37.   0.   0.]
 [ 27.   0.   0.]
 [ 36.   0.   0.]]
cf_score, 1.0
nv_score, 0.0
ratio, 0.373737373737
[[ 23.   0.   0.]
 [ 34.   0.   0.]
 [ 43.   0.   0.]]
cf_score, -20.0
nv_score, 0.0
ratio, 0.232323232323
[[ 29.   0.   0.]
 [ 32.   0.   0.]
 [ 39.   0.   0.]]
cf_score, -10.0
nv_score, 0.0
ratio, 0.292929292929
[[ 27.   0.   0.]
 [ 35.   0.   0.]
 [ 38.   0.   0.]]
cf_score, -11.0
nv_score, 0.0
ratio, 0.272727272727
[[ 36.   0.   0.]
 [ 28.   0.   0.]
 [ 36.   0.   0.]]
cf_score, 0.0
nv_score, 0.0
ratio, 0.363636363636
[[  0.  27.   0.]
 [  0.  28.   0.]
 [  0.  45.   0.]]
cf_score, 28.0
nv_score, 0.0
ratio, 0.282828282828
[[ 32.   0.   0.]
 [ 35.   0.   0.]
 [ 33.   0.   0.]]
cf_score, -1.0
nv_score, 0.0
ratio, 0.323232323232
[[  0.  30.   0.]
 [  0.  37.   0.]
 [  0.  33.   0.]]
cf_score, 37.0
nv_score, 0.0
ratio, 0.373737373737
[[ 41.   0.   0.]
 [ 34.   0.   0.]
 [ 25.   0.   0.]]
cf_score, 16.0
nv_score, 0.0
ratio, 0.414141414141
[[  0.  31.   0.]
 [  0.  45.   0.]
 [  0.  24.   0.]]
cf_score, 45.0
nv_score, 0.0
ratio, 0.454545454545
[[ 37.   0.   0.]
 [ 25.   0.   0.]
 [ 38.   0.   0.]]
cf_score, -1.0
nv_score, 0.0
ratio, 0.373737373737
[[ 34.   0.   0.]
 [ 33.   0.   0.]
 [ 33.   0.   0.]]
cf_score, 1.0
nv_score, 0.0
ratio, 0.343434343434
[[ 32.   0.   0.]
 [ 36.   0.   0.]
 [ 32.   0.   0.]]
cf_score, 0.0
nv_score, 0.0
ratio, 0.323232323232
[[ 40.   0.   0.]
 [ 23.   0.   0.]
 [ 37.   0.   0.]]
cf_score, 3.0
nv_score, 0.0
ratio, 0.40404040404
[[  0.   0.  31.]
 [  0.   0.  34.]
 [  0.   0.  35.]]
cf_score, 4.0
nv_score, -61.0
ratio, 0.353535353535
[[  0.   0.  35.]
 [  0.   0.  36.]
 [  0.   0.  29.]]
cf_score, -6.0
nv_score, -77.0
ratio, 0.292929292929
[[  0.  23.   0.]
 [  0.  36.   0.]
 [  0.  41.   0.]]
cf_score, 36.0
nv_score, 0.0
ratio, 0.363636363636
