[[  0.  11.  32.]
 [  0.   9.  22.]
 [  0.   4.  22.]]
cf_score, -1.0
nv_score, -64.0
ratio, 0.313131313131
[[  2.  21.  12.]
 [  0.  28.   4.]
 [  2.  23.   8.]]
cf_score, 24.0
nv_score, -20.0
ratio, 0.383838383838
[[  1.  22.  13.]
 [  0.  32.   4.]
 [  0.  17.  11.]]
cf_score, 31.0
nv_score, -19.0
ratio, 0.444444444444
[[  0.  21.  14.]
 [  0.  26.   8.]
 [  0.  15.  16.]]
cf_score, 28.0
nv_score, -20.0
ratio, 0.424242424242
[[  0.  25.  13.]
 [  0.  30.   4.]
 [  0.  15.  13.]]
cf_score, 30.0
nv_score, -17.0
ratio, 0.434343434343
[[  0.  21.  16.]
 [  0.  21.   8.]
 [  0.  25.   9.]]
cf_score, 14.0
nv_score, -31.0
ratio, 0.30303030303
[[  0.  19.  10.]
 [  0.  31.   6.]
 [  0.  18.  16.]]
cf_score, 37.0
nv_score, -10.0
ratio, 0.474747474747
[[  0.  24.  13.]
 [  0.  27.   6.]
 [  0.  19.  11.]]
cf_score, 25.0
nv_score, -21.0
ratio, 0.383838383838
[[  0.  22.  12.]
 [  0.  25.   9.]
 [  0.  15.  17.]]
cf_score, 30.0
nv_score, -16.0
ratio, 0.424242424242
[[  0.  26.  14.]
 [  0.  23.   7.]
 [  0.  16.  14.]]
cf_score, 23.0
nv_score, -21.0
ratio, 0.373737373737
[[  0.  26.  12.]
 [  0.  21.   7.]
 [  0.  19.  15.]]
cf_score, 24.0
nv_score, -16.0
ratio, 0.363636363636
[[  0.  29.   8.]
 [  0.  27.   7.]
 [  0.  18.  11.]]
cf_score, 30.0
nv_score, -12.0
ratio, 0.383838383838
[[  0.  19.  16.]
 [  0.  26.   8.]
 [  0.  19.  12.]]
cf_score, 22.0
nv_score, -28.0
ratio, 0.383838383838
[[  0.  25.  11.]
 [  0.  22.   8.]
 [  0.  23.  11.]]
cf_score, 22.0
nv_score, -19.0
ratio, 0.333333333333
[[  0.  20.  11.]
 [  0.  28.   8.]
 [  0.  23.  10.]]
cf_score, 27.0
nv_score, -20.0
ratio, 0.383838383838
[[  0.  21.  12.]
 [  0.  33.   6.]
 [  0.  18.  10.]]
cf_score, 31.0
nv_score, -20.0
ratio, 0.434343434343
[[  0.  27.  11.]
 [  0.  29.  10.]
 [  0.  13.  10.]]
cf_score, 28.0
nv_score, -22.0
ratio, 0.393939393939
[[  0.  18.  15.]
 [  0.  23.   7.]
 [  0.  20.  17.]]
cf_score, 25.0
nv_score, -20.0
ratio, 0.40404040404
[[  0.  17.  18.]
 [  0.  26.   8.]
 [  0.  19.  12.]]
cf_score, 20.0
nv_score, -32.0
ratio, 0.383838383838
[[  0.  27.   9.]
 [  0.  28.   7.]
 [  0.  19.  10.]]
cf_score, 29.0
nv_score, -15.0
ratio, 0.383838383838
[[ 14.  20.   3.]
 [ 12.  24.   2.]
 [ 10.  14.   1.]]
cf_score, 26.0
nv_score, -7.0
ratio, 0.393939393939
[[  6.  19.   7.]
 [  3.  28.   8.]
 [  3.  15.  11.]]
cf_score, 35.0
nv_score, -11.0
ratio, 0.454545454545
[[  7.  23.   3.]
 [  0.  34.   1.]
 [  4.  21.   7.]]
cf_score, 41.0
nv_score, 0.0
ratio, 0.484848484848
[[  7.  22.   3.]
 [  3.  24.   6.]
 [  8.  23.   4.]]
cf_score, 24.0
nv_score, -8.0
ratio, 0.353535353535
[[  4.  23.  11.]
 [  0.  23.   8.]
 [  5.  12.  14.]]
cf_score, 25.0
nv_score, -16.0
ratio, 0.414141414141
[[  1.  16.  13.]
 [  0.  24.  18.]
 [  0.  13.  15.]]
cf_score, 27.0
nv_score, -29.0
ratio, 0.40404040404
[[  6.  15.  16.]
 [  2.  21.   4.]
 [  6.  12.  18.]]
cf_score, 23.0
nv_score, -18.0
ratio, 0.454545454545
[[ 18.  13.  11.]
 [  7.  13.  13.]
 [  8.  10.   7.]]
cf_score, 19.0
nv_score, -28.0
ratio, 0.383838383838
[[  4.  18.  15.]
 [  1.  25.   9.]
 [  5.  16.   7.]]
cf_score, 16.0
nv_score, -32.0
ratio, 0.363636363636
[[  5.  16.   8.]
 [  7.  28.   7.]
 [ 11.  13.   5.]]
cf_score, 19.0
nv_score, -18.0
ratio, 0.383838383838
[[  8.  23.   7.]
 [  6.  18.   9.]
 [  4.  12.  13.]]
cf_score, 28.0
nv_score, -10.0
ratio, 0.393939393939
[[  4.  10.  13.]
 [  0.  18.  23.]
 [  3.  14.  15.]]
cf_score, 21.0
nv_score, -34.0
ratio, 0.373737373737
[[  9.  17.   8.]
 [  5.  24.   9.]
 [  5.  13.  10.]]
cf_score, 30.0
nv_score, -15.0
ratio, 0.434343434343
[[  9.  20.   6.]
 [  3.  23.   5.]
 [  5.  16.  13.]]
cf_score, 34.0
nv_score, -4.0
ratio, 0.454545454545
[[  7.  20.   5.]
 [  2.  23.   8.]
 [ 10.  20.   5.]]
cf_score, 20.0
nv_score, -13.0
ratio, 0.353535353535
[[  5.  15.  17.]
 [  0.  18.  13.]
 [  5.  19.   8.]]
cf_score, 9.0
nv_score, -39.0
ratio, 0.313131313131
[[  4.  15.  17.]
 [  1.  24.  11.]
 [  3.  12.  13.]]
cf_score, 21.0
nv_score, -32.0
ratio, 0.414141414141
[[  3.  13.  17.]
 [  7.  12.   7.]
 [  6.  24.  11.]]
cf_score, 3.0
nv_score, -30.0
ratio, 0.262626262626
[[ 11.  18.   7.]
 [  4.  25.   6.]
 [  7.  14.   8.]]
cf_score, 30.0
nv_score, -12.0
ratio, 0.444444444444
[[ 12.  18.   4.]
 [  3.  19.   9.]
 [  6.  18.  11.]]
cf_score, 32.0
nv_score, -6.0
ratio, 0.424242424242
[[  4.  17.  14.]
 [  1.  23.  12.]
 [  6.   9.  14.]]
cf_score, 21.0
nv_score, -26.0
ratio, 0.414141414141
[[  9.  13.  11.]
 [  2.  21.  10.]
 [  9.  16.   9.]]
cf_score, 19.0
nv_score, -23.0
ratio, 0.393939393939
[[  6.  20.   6.]
 [  3.  17.  13.]
 [ 10.  14.  11.]]
cf_score, 18.0
nv_score, -14.0
ratio, 0.343434343434
[[  5.  25.   6.]
 [  2.  14.  13.]
 [  5.  17.  13.]]
cf_score, 21.0
nv_score, -12.0
ratio, 0.323232323232
[[  4.  26.  10.]
 [  2.  25.  11.]
 [  4.  12.   6.]]
cf_score, 21.0
nv_score, -25.0
ratio, 0.353535353535
[[ 10.  16.  11.]
 [  4.  22.   5.]
 [  7.  16.   9.]]
cf_score, 23.0
nv_score, -18.0
ratio, 0.414141414141
[[  7.  16.  17.]
 [  1.  19.  11.]
 [  6.  19.   4.]]
cf_score, 7.0
nv_score, -41.0
ratio, 0.30303030303
[[  5.  28.   8.]
 [  1.  19.   9.]
 [  5.  15.  10.]]
cf_score, 21.0
nv_score, -15.0
ratio, 0.343434343434
[[ 10.  20.   7.]
 [  5.  24.   3.]
 [  4.  13.  14.]]
cf_score, 37.0
nv_score, -3.0
ratio, 0.484848484848
[[ 11.  12.  15.]
 [  2.  29.   6.]
 [  8.  13.   4.]]
cf_score, 21.0
nv_score, -32.0
ratio, 0.444444444444
