[[  0.  37.   0.]
 [  0.  33.   0.]
 [  0.  30.   0.]]
cf_score, 33.0
nv_score, 0.0
ratio, 0.333333333333
[[ 18.   9.  13.]
 [ 10.   6.  10.]
 [ 18.   3.  13.]]
cf_score, 6.0
nv_score, -23.0
ratio, 0.373737373737
[[  9.   3.  16.]
 [ 10.   6.  20.]
 [ 10.   4.  22.]]
cf_score, 11.0
nv_score, -30.0
ratio, 0.373737373737
[[ 19.   4.  15.]
 [ 11.   3.  12.]
 [ 11.   2.  23.]]
cf_score, 19.0
nv_score, -19.0
ratio, 0.454545454545
[[ 14.   7.  17.]
 [ 10.   1.  14.]
 [  9.   2.  26.]]
cf_score, 15.0
nv_score, -22.0
ratio, 0.414141414141
[[ 15.   5.  11.]
 [ 11.   0.  12.]
 [  9.   6.  31.]]
cf_score, 26.0
nv_score, -3.0
ratio, 0.464646464646
[[ 25.   3.  14.]
 [  5.   5.   6.]
 [ 13.   5.  24.]]
cf_score, 27.0
nv_score, -10.0
ratio, 0.545454545455
[[ 17.   3.  12.]
 [  7.   7.   9.]
 [ 13.  10.  22.]]
cf_score, 21.0
nv_score, -11.0
ratio, 0.464646464646
[[ 15.   3.   4.]
 [ 10.  10.  16.]
 [ 18.   3.  21.]]
cf_score, 24.0
nv_score, -3.0
ratio, 0.464646464646
[[ 25.   4.  15.]
 [ 16.   4.   8.]
 [  9.   5.  14.]]
cf_score, 19.0
nv_score, -24.0
ratio, 0.434343434343
[[  9.   5.  16.]
 [ 12.   7.  11.]
 [  6.   7.  27.]]
cf_score, 21.0
nv_score, -16.0
ratio, 0.434343434343
[[ 18.   6.   8.]
 [  8.   0.  12.]
 [ 12.   3.  33.]]
cf_score, 31.0
nv_score, 5.0
ratio, 0.515151515152
[[ 23.   8.  12.]
 [  6.   3.  13.]
 [  8.  11.  16.]]
cf_score, 22.0
nv_score, -21.0
ratio, 0.424242424242
[[ 17.   7.  16.]
 [  8.   5.   5.]
 [  4.   8.  30.]]
cf_score, 32.0
nv_score, -7.0
ratio, 0.525252525253
[[ 16.  12.  14.]
 [  8.   5.  12.]
 [  4.   9.  20.]]
cf_score, 23.0
nv_score, -20.0
ratio, 0.414141414141
[[ 21.   3.   8.]
 [  8.   8.   8.]
 [ 11.  14.  19.]]
cf_score, 29.0
nv_score, -5.0
ratio, 0.484848484848
[[ 17.   6.  13.]
 [  5.   8.  14.]
 [  8.   9.  20.]]
cf_score, 24.0
nv_score, -20.0
ratio, 0.454545454545
[[  9.   9.  18.]
 [ 12.   5.  15.]
 [  6.  11.  15.]]
cf_score, 5.0
nv_score, -36.0
ratio, 0.292929292929
[[ 15.  11.  10.]
 [ 12.  12.   6.]
 [ 11.  10.  13.]]
cf_score, 19.0
nv_score, -13.0
ratio, 0.40404040404
[[ 25.  12.   7.]
 [ 11.  10.   2.]
 [ 12.  11.  10.]]
cf_score, 26.0
nv_score, -6.0
ratio, 0.454545454545
[[ 22.  14.   8.]
 [  8.   9.   8.]
 [  6.  12.  13.]]
cf_score, 30.0
nv_score, -11.0
ratio, 0.444444444444
[[ 20.  12.   9.]
 [  9.   6.  12.]
 [  7.   8.  17.]]
cf_score, 27.0
nv_score, -13.0
ratio, 0.434343434343
[[ 15.  15.  11.]
 [ 12.   7.   7.]
 [  6.  16.  11.]]
cf_score, 16.0
nv_score, -18.0
ratio, 0.333333333333
[[ 15.  15.  10.]
 [  3.   9.   7.]
 [  5.  16.  20.]]
cf_score, 29.0
nv_score, -7.0
ratio, 0.444444444444
[[  9.  14.   5.]
 [  9.  15.   4.]
 [  7.  17.  20.]]
cf_score, 32.0
nv_score, 6.0
ratio, 0.444444444444
[[ 10.  19.  15.]
 [  2.   7.   6.]
 [  2.  13.  26.]]
cf_score, 26.0
nv_score, -10.0
ratio, 0.434343434343
[[ 15.  12.   9.]
 [ 10.   7.   4.]
 [ 11.  16.  16.]]
cf_score, 18.0
nv_score, -6.0
ratio, 0.383838383838
[[ 11.  16.  14.]
 [  3.  12.  11.]
 [  4.  13.  16.]]
cf_score, 21.0
nv_score, -23.0
ratio, 0.393939393939
[[  7.   8.  12.]
 [  5.  12.  11.]
 [  7.  15.  23.]]
cf_score, 23.0
nv_score, -12.0
ratio, 0.424242424242
[[ 17.  14.   8.]
 [  4.  13.   8.]
 [  4.  15.  17.]]
cf_score, 35.0
nv_score, -7.0
ratio, 0.474747474747
[[  9.  21.   8.]
 [  7.  12.  11.]
 [  4.  10.  18.]]
cf_score, 27.0
nv_score, -9.0
ratio, 0.393939393939
[[  9.  13.   8.]
 [  9.  12.   8.]
 [  3.  15.  23.]]
cf_score, 33.0
nv_score, -1.0
ratio, 0.444444444444
[[ 16.  21.   5.]
 [  7.   8.   9.]
 [  6.  14.  14.]]
cf_score, 27.0
nv_score, -5.0
ratio, 0.383838383838
[[ 12.  16.   9.]
 [  4.  13.  11.]
 [  2.   9.  24.]]
cf_score, 38.0
nv_score, -5.0
ratio, 0.494949494949
[[  7.  13.  15.]
 [  5.   8.  14.]
 [  4.  12.  22.]]
cf_score, 18.0
nv_score, -22.0
ratio, 0.373737373737
[[  9.  12.  12.]
 [  4.  14.   9.]
 [  7.  14.  19.]]
cf_score, 23.0
nv_score, -14.0
ratio, 0.424242424242
[[ 12.  11.  12.]
 [  6.  13.   7.]
 [  4.  15.  20.]]
cf_score, 29.0
nv_score, -11.0
ratio, 0.454545454545
[[  7.  17.  15.]
 [  2.  12.  10.]
 [  4.   9.  24.]]
cf_score, 24.0
nv_score, -16.0
ratio, 0.434343434343
[[  6.  16.  11.]
 [  4.  11.  12.]
 [  4.  10.  26.]]
cf_score, 28.0
nv_score, -8.0
ratio, 0.434343434343
[[  8.  19.   9.]
 [  8.  12.   7.]
 [  6.  12.  19.]]
cf_score, 24.0
nv_score, -6.0
ratio, 0.393939393939
[[  7.  17.  10.]
 [  3.  12.  16.]
 [  3.  13.  19.]]
cf_score, 25.0
nv_score, -17.0
ratio, 0.383838383838
[[ 12.  28.   6.]
 [  5.  11.  11.]
 [  1.  13.  13.]]
cf_score, 29.0
nv_score, -10.0
ratio, 0.363636363636
[[ 13.  13.   8.]
 [  3.  19.  12.]
 [  5.  11.  16.]]
cf_score, 35.0
nv_score, -12.0
ratio, 0.484848484848
[[ 12.  11.  11.]
 [  8.  12.  12.]
 [  3.  12.  19.]]
cf_score, 29.0
nv_score, -15.0
ratio, 0.434343434343
[[  7.  12.  14.]
 [  7.  13.  13.]
 [  4.   8.  22.]]
cf_score, 24.0
nv_score, -19.0
ratio, 0.424242424242
[[  5.  20.  10.]
 [  4.  15.  13.]
 [  3.  12.  18.]]
cf_score, 25.0
nv_score, -15.0
ratio, 0.383838383838
[[  9.  12.  10.]
 [  9.  15.   6.]
 [  6.  10.  23.]]
cf_score, 31.0
nv_score, -3.0
ratio, 0.474747474747
[[  8.  19.  10.]
 [  9.  13.   9.]
 [  2.   6.  24.]]
cf_score, 33.0
nv_score, -5.0
ratio, 0.454545454545
[[ 13.  13.  10.]
 [  9.  12.   6.]
 [ 10.  12.  15.]]
cf_score, 20.0
nv_score, -11.0
ratio, 0.40404040404
[[  8.  19.  21.]
 [  3.   6.   7.]
 [  2.   9.  25.]]
cf_score, 16.0
nv_score, -24.0
ratio, 0.393939393939
