[[  0.   0.  42.]
 [  0.   0.  22.]
 [  0.   0.  36.]]
cf_score, -6.0
ratio, 0.363636363636
[[ 21.   1.  11.]
 [ 19.   0.  12.]
 [  8.   0.  28.]]
cf_score, 30.0
ratio, 0.494949494949
[[ 18.   0.  19.]
 [ 22.   0.  10.]
 [  8.   0.  23.]]
cf_score, 14.0
ratio, 0.414141414141
[[ 26.   0.  13.]
 [ 20.   0.   9.]
 [  9.   1.  22.]]
cf_score, 26.0
ratio, 0.484848484848
[[ 28.   0.   7.]
 [ 15.   0.   6.]
 [ 16.   0.  28.]]
cf_score, 33.0
ratio, 0.565656565657
[[  0.  32.   7.]
 [  0.  25.   8.]
 [  0.  14.  14.]]
cf_score, 32.0
ratio, 0.393939393939
[[  0.  23.  11.]
 [  0.  26.   7.]
 [  0.  16.  17.]]
cf_score, 32.0
ratio, 0.434343434343
[[ 28.   6.   8.]
 [ 13.   3.  10.]
 [  9.   8.  15.]]
cf_score, 29.0
ratio, 0.464646464646
[[  0.  29.   5.]
 [  0.  27.   4.]
 [  0.  23.  12.]]
cf_score, 34.0
ratio, 0.393939393939
[[  0.  36.   8.]
 [  0.  19.   5.]
 [  0.  17.  15.]]
cf_score, 26.0
ratio, 0.343434343434
[[ 23.   1.   7.]
 [ 17.   8.   9.]
 [  7.   8.  20.]]
cf_score, 37.0
ratio, 0.515151515152
[[ 17.   5.  17.]
 [ 13.   5.   6.]
 [  2.  15.  20.]]
cf_score, 23.0
ratio, 0.424242424242
[[  0.  27.  10.]
 [  0.  24.   7.]
 [  0.   7.  25.]]
cf_score, 39.0
ratio, 0.494949494949
[[  0.  24.  11.]
 [  0.  22.  12.]
 [  0.  13.  18.]]
cf_score, 29.0
ratio, 0.40404040404
[[ 14.   5.  11.]
 [ 11.  12.  11.]
 [  3.   9.  24.]]
cf_score, 36.0
ratio, 0.505050505051
[[ 25.   4.  11.]
 [ 17.   6.   5.]
 [  3.   7.  22.]]
cf_score, 39.0
ratio, 0.535353535354
[[ 21.   7.  11.]
 [ 19.   4.   5.]
 [  2.   9.  22.]]
cf_score, 34.0
ratio, 0.474747474747
[[ 16.   9.  10.]
 [ 11.  11.   7.]
 [  1.  12.  23.]]
cf_score, 39.0
ratio, 0.505050505051
[[ 18.   6.  10.]
 [ 12.   6.  13.]
 [  2.   7.  26.]]
cf_score, 38.0
ratio, 0.505050505051
[[ 16.   8.  11.]
 [  5.   5.  13.]
 [  5.   6.  31.]]
cf_score, 36.0
ratio, 0.525252525253
[[ 21.   5.  12.]
 [ 12.  11.   9.]
 [  3.  11.  16.]]
cf_score, 33.0
ratio, 0.484848484848
[[ 25.   5.   6.]
 [ 18.   6.   9.]
 [  0.  11.  20.]]
cf_score, 45.0
ratio, 0.515151515152
[[ 17.   6.  11.]
 [  8.   6.  11.]
 [  2.  12.  27.]]
cf_score, 37.0
ratio, 0.505050505051
[[ 15.  13.  11.]
 [  8.  15.  12.]
 [  0.   8.  18.]]
cf_score, 37.0
ratio, 0.484848484848
[[ 17.  14.   5.]
 [ 12.   7.  12.]
 [  2.   9.  22.]]
cf_score, 39.0
ratio, 0.464646464646
[[ 16.  10.  10.]
 [ 10.   6.  10.]
 [  4.   8.  26.]]
cf_score, 34.0
ratio, 0.484848484848
[[ 23.   8.   9.]
 [ 14.   7.   7.]
 [  3.   6.  23.]]
cf_score, 41.0
ratio, 0.535353535354
[[ 17.   9.  11.]
 [ 12.   6.  12.]
 [  2.  11.  20.]]
cf_score, 30.0
ratio, 0.434343434343
[[ 12.  12.  10.]
 [ 11.   9.  13.]
 [  1.   9.  23.]]
cf_score, 33.0
ratio, 0.444444444444
[[ 10.  11.   8.]
 [ 13.  18.   6.]
 [  4.  11.  19.]]
cf_score, 35.0
ratio, 0.474747474747
[[ 18.   9.  15.]
 [ 10.   7.  10.]
 [  4.  10.  17.]]
cf_score, 23.0
ratio, 0.424242424242
[[ 10.  13.  12.]
 [  4.  16.  11.]
 [  0.   7.  27.]]
cf_score, 41.0
ratio, 0.535353535354
[[ 20.   8.   9.]
 [ 11.   5.  10.]
 [  1.  13.  23.]]
cf_score, 38.0
ratio, 0.484848484848
[[ 21.   9.   9.]
 [ 10.  10.   5.]
 [  3.  12.  21.]]
cf_score, 40.0
ratio, 0.525252525253
[[ 15.  15.   8.]
 [ 12.  11.  11.]
 [  0.   8.  20.]]
cf_score, 38.0
ratio, 0.464646464646
[[ 15.   8.   9.]
 [  4.  20.  12.]
 [  3.   7.  22.]]
cf_score, 45.0
ratio, 0.575757575758
[[ 17.   9.   7.]
 [ 17.  12.   8.]
 [  1.   8.  21.]]
cf_score, 42.0
ratio, 0.505050505051
[[ 15.  14.   5.]
 [  8.  11.   8.]
 [  4.  15.  20.]]
cf_score, 37.0
ratio, 0.464646464646
[[ 19.  14.   5.]
 [ 12.  14.   6.]
 [  0.  12.  18.]]
cf_score, 46.0
ratio, 0.515151515152
[[ 16.  15.   7.]
 [ 13.  17.   8.]
 [  1.   4.  19.]]
cf_score, 44.0
ratio, 0.525252525253
[[ 19.   5.   4.]
 [ 14.  11.   7.]
 [  6.  15.  19.]]
cf_score, 39.0
ratio, 0.494949494949
[[ 13.  15.   5.]
 [  8.  12.  11.]
 [  6.  12.  18.]]
cf_score, 32.0
ratio, 0.434343434343
[[ 22.   9.   5.]
 [  7.  11.  15.]
 [  1.   9.  21.]]
cf_score, 48.0
ratio, 0.545454545455
[[ 16.  14.   7.]
 [ 10.  12.   8.]
 [  2.  16.  15.]]
cf_score, 34.0
ratio, 0.434343434343
[[ 21.  15.   3.]
 [ 10.   6.   7.]
 [  2.  15.  21.]]
cf_score, 43.0
ratio, 0.484848484848
[[ 19.  14.   8.]
 [  8.  12.   9.]
 [  1.  20.   9.]]
cf_score, 31.0
ratio, 0.40404040404
[[ 19.   9.   7.]
 [  9.  15.  11.]
 [  3.  10.  17.]]
cf_score, 41.0
ratio, 0.515151515152
[[ 21.  11.   6.]
 [ 10.  14.   7.]
 [  2.  17.  12.]]
cf_score, 39.0
ratio, 0.474747474747
[[ 24.   8.   8.]
 [ 17.   8.   7.]
 [  2.   9.  17.]]
cf_score, 39.0
ratio, 0.494949494949
[[ 17.   7.   7.]
 [ 12.  13.  11.]
 [  3.  11.  19.]]
cf_score, 39.0
ratio, 0.494949494949
[[ 15.  13.  10.]
 [  7.  17.   4.]
 [  3.  12.  19.]]
cf_score, 38.0
ratio, 0.515151515152
[[ 21.  11.   8.]
 [ 13.  14.  10.]
 [  1.  10.  12.]]
cf_score, 38.0
ratio, 0.474747474747
[[ 20.   7.   8.]
 [ 10.   9.   5.]
 [  2.  12.  27.]]
cf_score, 46.0
ratio, 0.565656565657
[[ 17.   9.   8.]
 [ 15.  17.   1.]
 [  1.  11.  21.]]
cf_score, 46.0
ratio, 0.555555555556
[[ 19.   9.  13.]
 [  8.  12.   6.]
 [  1.   8.  24.]]
cf_score, 41.0
ratio, 0.555555555556
[[ 22.  10.   8.]
 [  8.  10.   7.]
 [  6.  14.  15.]]
cf_score, 33.0
ratio, 0.474747474747
[[ 19.   7.  13.]
 [  4.  17.  10.]
 [  2.   4.  24.]]
cf_score, 45.0
ratio, 0.606060606061
[[  8.   9.  11.]
 [ 12.  20.   8.]
 [  2.   9.  21.]]
cf_score, 36.0
ratio, 0.494949494949
[[ 21.  17.   6.]
 [ 11.  11.   5.]
 [  1.   9.  19.]]
cf_score, 44.0
ratio, 0.515151515152
[[ 21.  10.   8.]
 [ 11.  14.   2.]
 [  3.   7.  24.]]
cf_score, 48.0
ratio, 0.59595959596
[[ 22.  12.  10.]
 [ 12.   7.   7.]
 [  1.  12.  17.]]
cf_score, 35.0
ratio, 0.464646464646
[[ 15.  16.   6.]
 [  8.  15.  12.]
 [  2.   9.  17.]]
cf_score, 39.0
ratio, 0.474747474747
[[ 15.  14.   9.]
 [ 11.  13.   6.]
 [  2.   9.  21.]]
cf_score, 38.0
ratio, 0.494949494949
[[ 20.  13.   4.]
 [ 10.   9.   2.]
 [  1.  24.  17.]]
cf_score, 41.0
ratio, 0.464646464646
[[ 19.  12.   5.]
 [ 15.  13.   8.]
 [  2.  14.  12.]]
cf_score, 37.0
ratio, 0.444444444444
[[ 19.  17.   3.]
 [ 10.  14.   4.]
 [  3.   8.  22.]]
cf_score, 49.0
ratio, 0.555555555556
[[ 10.  14.  16.]
 [ 11.   9.   8.]
 [  1.   8.  23.]]
cf_score, 25.0
ratio, 0.424242424242
[[ 10.  12.   5.]
 [  8.  17.   2.]
 [  3.  15.  28.]]
cf_score, 47.0
ratio, 0.555555555556
[[  7.  15.   6.]
 [ 11.  13.   6.]
 [  1.  17.  24.]]
cf_score, 37.0
ratio, 0.444444444444
[[ 20.  15.   8.]
 [  8.   6.  10.]
 [  0.  15.  18.]]
cf_score, 36.0
ratio, 0.444444444444
[[ 16.   8.   7.]
 [ 10.  11.  13.]
 [  1.  10.  24.]]
cf_score, 43.0
ratio, 0.515151515152
[[ 13.  12.   9.]
 [ 12.  14.   6.]
 [  0.  11.  23.]]
cf_score, 41.0
ratio, 0.505050505051
[[ 14.  19.   8.]
 [  9.  12.   9.]
 [  0.   9.  20.]]
cf_score, 38.0
ratio, 0.464646464646
[[ 25.  14.   6.]
 [  7.  16.   4.]
 [  0.  12.  16.]]
cf_score, 51.0
ratio, 0.575757575758
[[ 19.  15.   8.]
 [  8.  14.   5.]
 [  1.  11.  19.]]
cf_score, 43.0
ratio, 0.525252525253
[[ 10.  16.   7.]
 [ 15.  11.   8.]
 [  0.  13.  20.]]
cf_score, 34.0
ratio, 0.414141414141
[[ 22.   8.  12.]
 [ 12.  12.   5.]
 [  2.  11.  16.]]
cf_score, 36.0
ratio, 0.505050505051
[[ 16.  15.   7.]
 [  6.  18.   5.]
 [  4.  13.  16.]]
cf_score, 39.0
ratio, 0.505050505051
[[ 11.  12.  12.]
 [  5.  14.  11.]
 [  0.  12.  23.]]
cf_score, 36.0
ratio, 0.484848484848
[[ 16.  14.  10.]
 [  9.  12.   9.]
 [  2.  12.  16.]]
cf_score, 32.0
ratio, 0.444444444444
[[ 20.  16.   3.]
 [  7.  16.   5.]
 [  1.  10.  22.]]
cf_score, 54.0
ratio, 0.585858585859
[[  9.  15.  13.]
 [ 10.  17.  10.]
 [  1.   7.  18.]]
cf_score, 30.0
ratio, 0.444444444444
[[ 15.  15.   7.]
 [  8.  20.   7.]
 [  3.   6.  19.]]
cf_score, 44.0
ratio, 0.545454545455
[[ 14.  13.   6.]
 [  7.  16.  10.]
 [  3.  16.  15.]]
cf_score, 36.0
ratio, 0.454545454545
[[ 11.  18.   6.]
 [  6.  18.   7.]
 [  4.  11.  19.]]
cf_score, 38.0
ratio, 0.484848484848
[[ 19.  10.   9.]
 [  8.  14.  11.]
 [  1.  16.  12.]]
cf_score, 35.0
ratio, 0.454545454545
[[ 17.  12.   4.]
 [ 11.  20.   9.]
 [  0.  13.  14.]]
cf_score, 47.0
ratio, 0.515151515152
[[ 12.  10.   4.]
 [ 16.  17.   2.]
 [  1.  19.  19.]]
cf_score, 43.0
ratio, 0.484848484848
[[ 14.  16.   7.]
 [  9.  12.   8.]
 [  2.  14.  18.]]
cf_score, 35.0
ratio, 0.444444444444
[[ 18.  14.   6.]
 [ 14.  12.   6.]
 [  2.  12.  16.]]
cf_score, 38.0
ratio, 0.464646464646
[[ 14.  16.   7.]
 [  7.  12.   8.]
 [  2.  12.  22.]]
cf_score, 39.0
ratio, 0.484848484848
[[ 16.   7.  15.]
 [ 11.  18.   7.]
 [  0.  12.  14.]]
cf_score, 33.0
ratio, 0.484848484848
[[ 16.  11.   6.]
 [ 16.  13.   8.]
 [  3.  14.  13.]]
cf_score, 33.0
ratio, 0.424242424242
[[ 13.  13.  11.]
 [ 11.  15.   6.]
 [  0.  13.  18.]]
cf_score, 35.0
ratio, 0.464646464646
[[ 20.   6.  11.]
 [  7.  18.   7.]
 [  1.  14.  16.]]
cf_score, 42.0
ratio, 0.545454545455
[[ 16.  15.  10.]
 [  7.  19.   5.]
 [  1.   5.  22.]]
cf_score, 46.0
ratio, 0.575757575758
[[ 17.  14.   5.]
 [ 13.  13.   9.]
 [  2.   9.  18.]]
cf_score, 41.0
ratio, 0.484848484848
[[ 12.  17.   9.]
 [  9.   9.   9.]
 [  0.   7.  28.]]
cf_score, 40.0
ratio, 0.494949494949
[[ 17.  14.   4.]
 [  9.  25.   7.]
 [  1.  10.  13.]]
cf_score, 50.0
ratio, 0.555555555556
[[ 16.  17.   8.]
 [  3.  15.  11.]
 [  1.  13.  16.]]
cf_score, 38.0
ratio, 0.474747474747
