[[ 29.   0.   7.]
 [ 28.   0.   8.]
 [ 16.   0.  12.]]
cf_score, 18.0
nv_score, -10.0
ratio, 0.414141414141
[[ 25.   3.   4.]
 [ 26.   3.   2.]
 [ 24.   2.  11.]]
cf_score, 11.0
nv_score, 1.0
ratio, 0.393939393939
[[ 25.   3.   4.]
 [ 29.   4.   7.]
 [ 18.   2.   8.]]
cf_score, 15.0
nv_score, -7.0
ratio, 0.373737373737
[[ 33.   4.   5.]
 [ 24.   3.   2.]
 [ 16.   1.  12.]]
cf_score, 27.0
nv_score, 0.0
ratio, 0.484848484848
[[ 29.   7.   6.]
 [ 26.   3.   4.]
 [ 12.   3.  10.]]
cf_score, 24.0
nv_score, -6.0
ratio, 0.424242424242
[[ 24.   6.   6.]
 [ 29.   3.   5.]
 [ 13.   5.   9.]]
cf_score, 17.0
nv_score, -8.0
ratio, 0.363636363636
[[ 26.   0.   3.]
 [ 32.   2.   1.]
 [ 24.   4.   8.]]
cf_score, 9.0
nv_score, 1.0
ratio, 0.363636363636
[[ 26.   6.   4.]
 [ 22.  11.   4.]
 [ 16.   6.   5.]]
cf_score, 22.0
nv_score, -7.0
ratio, 0.424242424242
[[ 21.   7.   5.]
 [ 22.   7.   7.]
 [ 13.   7.  11.]]
cf_score, 21.0
nv_score, -6.0
ratio, 0.393939393939
[[ 26.  11.   7.]
 [ 15.   9.   4.]
 [ 13.   7.   8.]]
cf_score, 23.0
nv_score, -10.0
ratio, 0.434343434343
[[ 28.   5.   6.]
 [ 17.   6.   5.]
 [ 20.   5.   8.]]
cf_score, 16.0
nv_score, -9.0
ratio, 0.424242424242
[[ 22.   8.   8.]
 [ 19.  13.   1.]
 [ 17.   3.   9.]]
cf_score, 19.0
nv_score, -8.0
ratio, 0.444444444444
[[ 19.   9.   8.]
 [ 20.  12.   6.]
 [  5.   8.  13.]]
cf_score, 31.0
nv_score, -9.0
ratio, 0.444444444444
[[ 25.   9.   5.]
 [ 18.   9.   6.]
 [ 13.   7.   8.]]
cf_score, 24.0
nv_score, -8.0
ratio, 0.424242424242
[[ 17.   8.   5.]
 [ 14.  14.   7.]
 [ 12.   5.  18.]]
cf_score, 32.0
nv_score, 1.0
ratio, 0.494949494949
[[ 18.   8.  10.]
 [  8.  15.  12.]
 [ 15.   4.  10.]]
cf_score, 18.0
nv_score, -22.0
ratio, 0.434343434343
[[ 22.   4.   7.]
 [ 20.  11.   7.]
 [ 16.   5.   8.]]
cf_score, 18.0
nv_score, -13.0
ratio, 0.414141414141
[[ 17.   5.   4.]
 [ 35.   6.   9.]
 [ 11.   4.   9.]]
cf_score, 17.0
nv_score, -8.0
ratio, 0.323232323232
[[ 26.   5.   6.]
 [ 18.   5.   8.]
 [ 15.   7.  10.]]
cf_score, 20.0
nv_score, -10.0
ratio, 0.414141414141
[[ 27.   5.   7.]
 [ 13.  14.   5.]
 [ 11.   8.  10.]]
cf_score, 33.0
nv_score, -9.0
ratio, 0.515151515152
[[ 11.   7.   5.]
 [ 15.  12.  11.]
 [ 14.  10.  15.]]
cf_score, 19.0
nv_score, -6.0
ratio, 0.383838383838
[[ 17.  10.   7.]
 [ 25.   4.  10.]
 [ 13.   5.   9.]]
cf_score, 10.0
nv_score, -15.0
ratio, 0.30303030303
[[ 18.   3.  10.]
 [ 18.  11.   4.]
 [ 22.   3.  11.]]
cf_score, 8.0
nv_score, -13.0
ratio, 0.40404040404
[[ 16.   6.   9.]
 [ 12.  11.  12.]
 [ 14.   6.  14.]]
cf_score, 18.0
nv_score, -16.0
ratio, 0.414141414141
[[ 19.   9.   7.]
 [ 21.   3.   5.]
 [ 14.   6.  16.]]
cf_score, 17.0
nv_score, -3.0
ratio, 0.383838383838
[[ 18.   5.   8.]
 [ 14.  10.  11.]
 [ 10.   8.  16.]]
cf_score, 26.0
nv_score, -11.0
ratio, 0.444444444444
[[ 17.   3.   7.]
 [ 21.   7.  14.]
 [  9.   1.  21.]]
cf_score, 29.0
nv_score, -7.0
ratio, 0.454545454545
[[ 23.   6.   9.]
 [ 21.   5.   6.]
 [ 10.   1.  19.]]
cf_score, 28.0
nv_score, -5.0
ratio, 0.474747474747
[[ 19.  10.   5.]
 [ 18.   2.   9.]
 [ 10.   6.  21.]]
cf_score, 27.0
nv_score, 2.0
ratio, 0.424242424242
[[ 16.  11.   7.]
 [ 18.   6.  14.]
 [  9.   4.  15.]]
cf_score, 21.0
nv_score, -13.0
ratio, 0.373737373737
[[ 18.   9.   6.]
 [ 12.  12.  11.]
 [  9.   9.  14.]]
cf_score, 29.0
nv_score, -9.0
ratio, 0.444444444444
[[ 18.   8.  10.]
 [ 16.   8.   9.]
 [  9.   4.  18.]]
cf_score, 25.0
nv_score, -11.0
ratio, 0.444444444444
[[ 20.  12.   8.]
 [  9.   7.  12.]
 [ 10.   4.  18.]]
cf_score, 27.0
nv_score, -10.0
ratio, 0.454545454545
[[ 14.  12.   5.]
 [ 28.   3.  10.]
 [ 11.   5.  12.]]
cf_score, 13.0
nv_score, -8.0
ratio, 0.292929292929
[[ 18.  14.   5.]
 [ 11.   4.  14.]
 [ 19.   7.   8.]]
cf_score, 6.0
nv_score, -16.0
ratio, 0.30303030303
[[ 18.   8.   9.]
 [ 20.   9.   9.]
 [ 12.   5.  10.]]
cf_score, 16.0
nv_score, -17.0
ratio, 0.373737373737
[[ 21.   3.   9.]
 [ 26.   4.   4.]
 [ 14.   2.  17.]]
cf_score, 19.0
nv_score, -5.0
ratio, 0.424242424242
[[ 17.  12.  10.]
 [ 19.  11.  12.]
 [  5.   5.   9.]]
cf_score, 22.0
nv_score, -23.0
ratio, 0.373737373737
[[ 14.   8.   3.]
 [ 18.   9.   9.]
 [ 11.  15.  13.]]
cf_score, 22.0
nv_score, -2.0
ratio, 0.363636363636
[[ 16.   7.   9.]
 [ 19.   8.   6.]
 [ 14.   4.  17.]]
cf_score, 18.0
nv_score, -7.0
ratio, 0.414141414141
[[ 20.   4.   7.]
 [ 13.  10.  11.]
 [  8.  12.  15.]]
cf_score, 30.0
nv_score, -10.0
ratio, 0.454545454545
[[ 21.  10.   9.]
 [ 14.   9.   9.]
 [  8.   8.  12.]]
cf_score, 25.0
nv_score, -15.0
ratio, 0.424242424242
[[ 14.  14.   3.]
 [ 14.  11.   8.]
 [  9.  10.  17.]]
cf_score, 30.0
nv_score, 3.0
ratio, 0.424242424242
[[ 15.  13.   7.]
 [ 11.   5.  13.]
 [  7.   7.  22.]]
cf_score, 28.0
nv_score, -5.0
ratio, 0.424242424242
[[ 12.  10.   8.]
 [ 19.   9.   6.]
 [ 12.   8.  16.]]
cf_score, 17.0
nv_score, -6.0
ratio, 0.373737373737
[[ 16.  11.   9.]
 [ 14.   6.  11.]
 [  5.  11.  17.]]
cf_score, 25.0
nv_score, -12.0
ratio, 0.393939393939
[[ 22.   3.   6.]
 [ 26.   4.   9.]
 [ 12.   6.  12.]]
cf_score, 20.0
nv_score, -9.0
ratio, 0.383838383838
[[ 14.  15.  10.]
 [ 10.   9.  12.]
 [ 11.   8.  11.]]
cf_score, 13.0
nv_score, -21.0
ratio, 0.343434343434
[[ 18.   2.   1.]
 [ 14.   7.  14.]
 [ 14.   7.  23.]]
cf_score, 33.0
nv_score, 7.0
ratio, 0.484848484848
[[ 20.  12.   6.]
 [ 14.   7.   9.]
 [  9.   9.  14.]]
cf_score, 26.0
nv_score, -7.0
ratio, 0.414141414141
