[[ 12.  12.   0.]
 [  9.  37.   1.]
 [ 15.  14.   0.]]
cf_score, 34.0
ratio, 0.494949494949
[[ 10.  14.   1.]
 [  3.  38.   3.]
 [ 14.  16.   1.]]
cf_score, 34.0
ratio, 0.494949494949
[[ 14.  16.   2.]
 [  4.  24.   1.]
 [ 20.  18.   1.]]
cf_score, 17.0
ratio, 0.393939393939
[[ 18.  14.   1.]
 [  5.  22.   3.]
 [ 15.  20.   2.]]
cf_score, 26.0
ratio, 0.424242424242
[[ 27.  11.   1.]
 [  2.  22.   1.]
 [ 13.  21.   2.]]
cf_score, 37.0
ratio, 0.515151515152
[[ 19.  11.   1.]
 [  3.  36.   5.]
 [  6.  16.   3.]]
cf_score, 51.0
ratio, 0.585858585859
[[ 15.  19.   0.]
 [  8.  22.   4.]
 [ 16.  12.   4.]]
cf_score, 25.0
ratio, 0.414141414141
[[ 13.  16.   2.]
 [  3.  29.   8.]
 [ 10.  12.   7.]]
cf_score, 37.0
ratio, 0.494949494949
[[ 11.  14.   6.]
 [  4.  29.   3.]
 [  8.  16.   9.]]
cf_score, 35.0
ratio, 0.494949494949
[[ 10.  16.   9.]
 [  4.  17.   5.]
 [ 13.  11.  15.]]
cf_score, 20.0
ratio, 0.424242424242
[[ 15.  14.  14.]
 [  2.  15.   8.]
 [ 11.  10.  11.]]
cf_score, 16.0
ratio, 0.414141414141
[[ 18.  14.   2.]
 [  0.  19.  12.]
 [ 11.  10.  14.]]
cf_score, 38.0
ratio, 0.515151515152
[[ 15.  16.   5.]
 [  1.  28.   4.]
 [ 11.   9.  11.]]
cf_score, 38.0
ratio, 0.545454545455
[[ 12.  23.   5.]
 [  1.  14.   7.]
 [ 13.   9.  16.]]
cf_score, 24.0
ratio, 0.424242424242
[[ 18.  17.   9.]
 [  2.  14.   6.]
 [  8.   7.  19.]]
cf_score, 34.0
ratio, 0.515151515152
[[ 15.   9.   6.]
 [  3.  24.   2.]
 [ 10.  12.  19.]]
cf_score, 42.0
ratio, 0.585858585859
[[ 18.  12.   6.]
 [  2.  24.   6.]
 [ 10.  10.  12.]]
cf_score, 38.0
ratio, 0.545454545455
[[  9.  17.   6.]
 [  3.  21.  10.]
 [ 14.   8.  12.]]
cf_score, 22.0
ratio, 0.424242424242
[[ 11.  17.   7.]
 [  3.  24.   4.]
 [ 12.  12.  10.]]
cf_score, 26.0
ratio, 0.454545454545
[[ 14.  10.   8.]
 [  9.  20.   7.]
 [  8.   4.  20.]]
cf_score, 38.0
ratio, 0.545454545455
[[ 10.  17.   4.]
 [  6.  26.   4.]
 [ 16.   6.  11.]]
cf_score, 27.0
ratio, 0.474747474747
[[ 15.  17.   6.]
 [  4.  25.   7.]
 [  6.  11.   9.]]
cf_score, 37.0
ratio, 0.494949494949
[[ 14.  12.   5.]
 [  4.  23.   8.]
 [  8.  11.  15.]]
cf_score, 39.0
ratio, 0.525252525253
[[  9.  14.   8.]
 [  1.  19.  10.]
 [ 12.  12.  15.]]
cf_score, 23.0
ratio, 0.434343434343
[[ 11.  20.   6.]
 [  3.  28.   3.]
 [  5.   9.  15.]]
cf_score, 43.0
ratio, 0.545454545455
[[ 11.  17.   7.]
 [  1.  14.   5.]
 [ 11.  13.  21.]]
cf_score, 28.0
ratio, 0.464646464646
[[ 12.  15.   5.]
 [  2.  19.   8.]
 [  9.  18.  12.]]
cf_score, 29.0
ratio, 0.434343434343
[[ 15.  14.   6.]
 [  4.  14.   9.]
 [ 11.  10.  17.]]
cf_score, 29.0
ratio, 0.464646464646
[[  3.  13.  11.]
 [  3.  26.  16.]
 [  6.  15.   7.]]
cf_score, 19.0
ratio, 0.363636363636
[[ 13.  22.   6.]
 [  3.  24.   7.]
 [  7.   9.   9.]]
cf_score, 33.0
ratio, 0.464646464646
[[  9.  16.   6.]
 [  1.  28.   9.]
 [  6.  11.  14.]]
cf_score, 39.0
ratio, 0.515151515152
[[ 13.  12.   2.]
 [  2.  30.   9.]
 [  8.  10.  14.]]
cf_score, 47.0
ratio, 0.575757575758
[[ 12.  20.   6.]
 [  2.  19.  13.]
 [  6.   9.  13.]]
cf_score, 32.0
ratio, 0.444444444444
[[  7.  18.   3.]
 [  3.  28.   4.]
 [ 10.  14.  13.]]
cf_score, 35.0
ratio, 0.484848484848
[[  6.  16.   7.]
 [  6.  18.   9.]
 [ 10.   9.  19.]]
cf_score, 26.0
ratio, 0.434343434343
[[ 14.  10.   9.]
 [  2.  23.   7.]
 [  5.  11.  19.]]
cf_score, 42.0
ratio, 0.565656565657
[[  9.  14.   8.]
 [  3.  27.   5.]
 [ 12.   7.  15.]]
cf_score, 31.0
ratio, 0.515151515152
[[  5.  16.  10.]
 [  3.  19.   9.]
 [ 12.  12.  14.]]
cf_score, 16.0
ratio, 0.383838383838
[[  7.  20.   3.]
 [  3.  22.   8.]
 [  5.  16.  16.]]
cf_score, 37.0
ratio, 0.454545454545
[[  8.  12.   6.]
 [  3.  32.   7.]
 [  7.  10.  15.]]
cf_score, 42.0
ratio, 0.555555555556
[[ 15.   9.   6.]
 [  5.  17.   7.]
 [ 10.  12.  19.]]
cf_score, 35.0
ratio, 0.515151515152
[[  8.  12.   5.]
 [  2.  31.   7.]
 [  4.  14.  17.]]
cf_score, 47.0
ratio, 0.565656565657
[[ 16.  20.   7.]
 [  3.  18.  10.]
 [  8.   4.  14.]]
cf_score, 33.0
ratio, 0.484848484848
[[ 17.   6.   7.]
 [  2.  26.   6.]
 [  8.  13.  15.]]
cf_score, 43.0
ratio, 0.585858585859
[[  8.  11.  17.]
 [  1.  21.  11.]
 [  7.   9.  15.]]
cf_score, 20.0
ratio, 0.444444444444
[[ 12.  18.   8.]
 [  3.  18.   8.]
 [  7.   5.  21.]]
cf_score, 36.0
ratio, 0.515151515152
[[ 11.  12.   5.]
 [  2.  24.   7.]
 [  3.   8.  28.]]
cf_score, 55.0
ratio, 0.636363636364
[[  9.  15.   6.]
 [  3.  24.  10.]
 [ 11.   9.  13.]]
cf_score, 29.0
ratio, 0.464646464646
[[ 10.  15.   6.]
 [  4.  17.   9.]
 [ 14.   7.  18.]]
cf_score, 25.0
ratio, 0.454545454545
[[ 10.  18.   9.]
 [  1.  21.   7.]
 [  5.  15.  14.]]
cf_score, 31.0
ratio, 0.454545454545
[[ 15.  14.   3.]
 [  2.  23.   6.]
 [  8.  14.  15.]]
cf_score, 42.0
ratio, 0.535353535354
[[  8.  18.   6.]
 [  3.  23.  10.]
 [  4.   9.  19.]]
cf_score, 40.0
ratio, 0.505050505051
[[ 11.  20.   5.]
 [  5.  20.   7.]
 [  6.  10.  16.]]
cf_score, 36.0
ratio, 0.474747474747
[[  4.  10.  11.]
 [  0.  28.   7.]
 [  7.  18.  15.]]
cf_score, 29.0
ratio, 0.474747474747
[[  9.  19.   5.]
 [  2.  21.  15.]
 [  4.  10.  15.]]
cf_score, 36.0
ratio, 0.454545454545
[[  5.  11.   7.]
 [  2.  26.   8.]
 [ 10.  13.  18.]]
cf_score, 32.0
ratio, 0.494949494949
[[ 14.  22.   5.]
 [  0.  28.   7.]
 [  5.  10.   9.]]
cf_score, 41.0
ratio, 0.515151515152
[[  6.  19.   7.]
 [  1.  19.   7.]
 [  8.  11.  22.]]
cf_score, 32.0
ratio, 0.474747474747
[[ 11.  10.   9.]
 [  0.  26.   7.]
 [  9.  11.  17.]]
cf_score, 36.0
ratio, 0.545454545455
[[ 14.   4.   5.]
 [  0.  27.  13.]
 [  1.  13.  23.]]
cf_score, 58.0
ratio, 0.646464646465
[[ 10.  14.   5.]
 [  4.  22.  10.]
 [  7.  10.  18.]]
cf_score, 38.0
ratio, 0.505050505051
[[ 13.  21.   3.]
 [  4.  18.   7.]
 [  9.  12.  13.]]
cf_score, 32.0
ratio, 0.444444444444
[[ 14.  13.   6.]
 [  3.  20.   6.]
 [  8.  12.  18.]]
cf_score, 38.0
ratio, 0.525252525253
[[ 11.  18.   9.]
 [  2.  21.   5.]
 [  9.   8.  17.]]
cf_score, 31.0
ratio, 0.494949494949
[[ 10.  10.  11.]
 [  4.  19.   6.]
 [  3.  15.  22.]]
cf_score, 37.0
ratio, 0.515151515152
[[ 14.   7.   7.]
 [  1.  20.   5.]
 [  9.  13.  24.]]
cf_score, 42.0
ratio, 0.585858585859
[[ 11.  12.   3.]
 [  2.  18.   6.]
 [  8.  13.  27.]]
cf_score, 45.0
ratio, 0.565656565657
[[  7.  15.   7.]
 [  1.  16.  11.]
 [  7.  16.  20.]]
cf_score, 29.0
ratio, 0.434343434343
[[ 10.  17.  11.]
 [  3.  18.   4.]
 [  5.  11.  21.]]
cf_score, 33.0
ratio, 0.494949494949
[[  8.  14.   5.]
 [  1.  25.  10.]
 [  4.  15.  18.]]
cf_score, 42.0
ratio, 0.515151515152
[[  8.  15.   6.]
 [  0.  27.   8.]
 [  7.   8.  21.]]
cf_score, 43.0
ratio, 0.565656565657
[[ 14.  15.   7.]
 [  0.  22.  13.]
 [  3.   7.  19.]]
cf_score, 45.0
ratio, 0.555555555556
[[ 17.  10.   5.]
 [  1.  20.   8.]
 [  3.  15.  21.]]
cf_score, 50.0
ratio, 0.585858585859
[[ 11.  18.   8.]
 [  3.  20.   8.]
 [  6.  13.  13.]]
cf_score, 30.0
ratio, 0.444444444444
[[ 12.  17.   2.]
 [  1.  18.  10.]
 [  6.  13.  21.]]
cf_score, 43.0
ratio, 0.515151515152
[[ 12.  15.   5.]
 [  1.  23.   7.]
 [  5.   6.  26.]]
cf_score, 51.0
ratio, 0.616161616162
[[ 14.  11.   6.]
 [  4.  29.   8.]
 [  4.  11.  13.]]
cf_score, 46.0
ratio, 0.565656565657
[[  8.  11.   7.]
 [  5.  20.  19.]
 [  2.   9.  19.]]
cf_score, 38.0
ratio, 0.474747474747
[[ 12.  19.  10.]
 [  2.  29.   8.]
 [  2.   8.  10.]]
cf_score, 39.0
ratio, 0.515151515152
[[  8.  19.   3.]
 [  3.  23.   7.]
 [  7.  12.  18.]]
cf_score, 39.0
ratio, 0.494949494949
[[ 13.  12.   9.]
 [  1.  20.  10.]
 [  2.  14.  19.]]
cf_score, 41.0
ratio, 0.525252525253
[[ 16.  12.   8.]
 [  2.  28.   5.]
 [ 10.   5.  14.]]
cf_score, 40.0
ratio, 0.585858585859
[[ 10.  19.   6.]
 [  2.  25.   3.]
 [ 11.   9.  15.]]
cf_score, 33.0
ratio, 0.505050505051
[[ 15.  14.   4.]
 [  1.  16.  13.]
 [  4.  13.  20.]]
cf_score, 43.0
ratio, 0.515151515152
[[ 14.  17.   8.]
 [  1.  25.  10.]
 [  8.   8.   9.]]
cf_score, 32.0
ratio, 0.484848484848
[[ 11.  14.   6.]
 [  3.  25.   7.]
 [  7.   8.  19.]]
cf_score, 42.0
ratio, 0.555555555556
[[  9.  11.   5.]
 [  4.  28.   5.]
 [  4.  18.  16.]]
cf_score, 44.0
ratio, 0.535353535354
[[ 14.  13.   8.]
 [  2.  21.   8.]
 [  9.   7.  18.]]
cf_score, 36.0
ratio, 0.535353535354
[[  6.  20.   4.]
 [  3.  25.   9.]
 [  3.  12.  18.]]
cf_score, 42.0
ratio, 0.494949494949
[[  6.  15.   8.]
 [  5.  28.   7.]
 [  5.  11.  15.]]
cf_score, 36.0
ratio, 0.494949494949
[[ 15.  17.   8.]
 [  2.  18.   5.]
 [  6.  12.  17.]]
cf_score, 36.0
ratio, 0.505050505051
[[ 16.  14.   8.]
 [  0.  22.   6.]
 [  8.  13.  13.]]
cf_score, 35.0
ratio, 0.515151515152
[[ 16.  19.   8.]
 [  0.  20.   5.]
 [  6.   9.  17.]]
cf_score, 39.0
ratio, 0.535353535354
[[ 15.   9.   6.]
 [  5.  25.   5.]
 [  9.  11.  15.]]
cf_score, 40.0
ratio, 0.555555555556
[[ 14.  12.   4.]
 [  0.  24.   8.]
 [  8.  14.  16.]]
cf_score, 42.0
ratio, 0.545454545455
[[ 15.  16.   4.]
 [  1.  16.   6.]
 [  5.  14.  23.]]
cf_score, 45.0
ratio, 0.545454545455
[[ 12.  13.  10.]
 [  2.  24.  13.]
 [  5.   8.  13.]]
cf_score, 34.0
ratio, 0.494949494949
[[ 15.  16.   5.]
 [  2.  25.   5.]
 [  8.  14.  10.]]
cf_score, 37.0
ratio, 0.505050505051
[[ 10.  14.   6.]
 [  2.  24.  12.]
 [  4.   8.  20.]]
cf_score, 44.0
ratio, 0.545454545455
[[  9.  13.   5.]
 [  0.  23.   6.]
 [  9.  10.  25.]]
cf_score, 43.0
ratio, 0.575757575758
