[[ 21.   0.   2.]
 [ 29.   0.   7.]
 [ 27.   0.  14.]]
cf_score, 6.0
ratio, 0.353535353535
[[ 15.   3.  17.]
 [ 16.   6.  14.]
 [ 11.   2.  16.]]
cf_score, 9.0
ratio, 0.373737373737
[[ 19.   7.   8.]
 [ 17.   4.  16.]
 [ 12.   4.  13.]]
cf_score, 16.0
ratio, 0.363636363636
[[ 11.   7.   8.]
 [ 18.   2.  13.]
 [ 16.   4.  21.]]
cf_score, 10.0
ratio, 0.343434343434
[[ 18.   3.   6.]
 [ 14.   4.  12.]
 [ 18.   3.  22.]]
cf_score, 20.0
ratio, 0.444444444444
[[ 19.   9.   5.]
 [ 23.   3.  14.]
 [  9.   0.  18.]]
cf_score, 26.0
ratio, 0.40404040404
[[ 13.   3.   9.]
 [ 21.   3.  16.]
 [ 10.   6.  19.]]
cf_score, 16.0
ratio, 0.353535353535
[[ 16.   6.   8.]
 [ 27.   1.   3.]
 [ 17.   2.  20.]]
cf_score, 12.0
ratio, 0.373737373737
[[ 20.   6.   7.]
 [ 19.   3.  13.]
 [ 12.   1.  19.]]
cf_score, 23.0
ratio, 0.424242424242
[[ 17.   8.   5.]
 [ 20.   3.   9.]
 [ 19.   0.  19.]]
cf_score, 15.0
ratio, 0.393939393939
[[ 16.   5.   8.]
 [ 29.   4.  13.]
 [  8.   0.  17.]]
cf_score, 21.0
ratio, 0.373737373737
[[ 22.   5.   6.]
 [ 20.   5.   9.]
 [ 15.   3.  15.]]
cf_score, 21.0
ratio, 0.424242424242
[[ 20.   4.   5.]
 [ 25.   0.  11.]
 [ 16.   2.  17.]]
cf_score, 16.0
ratio, 0.373737373737
[[ 26.   3.   7.]
 [ 17.   2.  12.]
 [ 12.   1.  20.]]
cf_score, 29.0
ratio, 0.484848484848
[[ 19.   1.  12.]
 [ 23.   0.   9.]
 [ 19.   0.  17.]]
cf_score, 5.0
ratio, 0.363636363636
[[ 22.   1.   6.]
 [ 27.   1.   8.]
 [ 22.   1.  12.]]
cf_score, 7.0
ratio, 0.353535353535
[[ 29.   0.   4.]
 [ 32.   0.   4.]
 [ 21.   0.  10.]]
cf_score, 14.0
ratio, 0.393939393939
[[ 24.   0.  11.]
 [ 23.   0.  12.]
 [ 14.   0.  16.]]
cf_score, 15.0
ratio, 0.40404040404
[[ 30.   0.   5.]
 [ 27.   0.   4.]
 [ 21.   0.  13.]]
cf_score, 17.0
ratio, 0.434343434343
[[ 24.   5.   4.]
 [ 14.   6.  11.]
 [ 18.   2.  16.]]
cf_score, 24.0
ratio, 0.464646464646
[[ 11.   4.   4.]
 [ 25.  10.   8.]
 [ 17.   3.  18.]]
cf_score, 18.0
ratio, 0.393939393939
[[ 13.  10.   6.]
 [ 14.   5.  10.]
 [ 13.   5.  24.]]
cf_score, 23.0
ratio, 0.424242424242
[[ 19.   9.   3.]
 [ 10.  13.   6.]
 [  8.  17.  15.]]
cf_score, 36.0
ratio, 0.474747474747
[[ 17.   8.   7.]
 [  9.  11.  13.]
 [  5.  13.  17.]]
cf_score, 33.0
ratio, 0.454545454545
[[ 11.  11.   4.]
 [  9.  15.   9.]
 [  8.  16.  17.]]
cf_score, 31.0
ratio, 0.434343434343
[[ 19.  12.   4.]
 [  7.  19.   4.]
 [  8.  14.  13.]]
cf_score, 39.0
ratio, 0.515151515152
[[ 11.  15.   6.]
 [  9.  11.   8.]
 [ 12.  13.  15.]]
cf_score, 19.0
ratio, 0.373737373737
[[ 10.  10.   6.]
 [  9.  23.   5.]
 [  8.  11.  18.]]
cf_score, 37.0
ratio, 0.515151515152
[[ 22.  11.   6.]
 [  4.  26.   4.]
 [  7.  10.  10.]]
cf_score, 45.0
ratio, 0.585858585859
[[ 12.  13.   3.]
 [  8.  17.   6.]
 [  4.  17.  20.]]
cf_score, 42.0
ratio, 0.494949494949
[[ 15.   6.   6.]
 [  5.  18.   8.]
 [  9.  12.  21.]]
cf_score, 39.0
ratio, 0.545454545455
[[ 12.  17.   6.]
 [  7.  15.  11.]
 [  6.  11.  15.]]
cf_score, 30.0
ratio, 0.424242424242
[[ 12.  18.   6.]
 [  9.  13.   6.]
 [ 12.   9.  15.]]
cf_score, 22.0
ratio, 0.40404040404
[[ 17.  12.   7.]
 [ 10.  13.   6.]
 [  8.  10.  17.]]
cf_score, 32.0
ratio, 0.474747474747
[[ 16.  11.   2.]
 [  9.  18.  11.]
 [  8.  13.  12.]]
cf_score, 36.0
ratio, 0.464646464646
[[ 18.  11.   8.]
 [ 12.  13.   5.]
 [  4.  15.  14.]]
cf_score, 33.0
ratio, 0.454545454545
[[ 18.  13.   8.]
 [ 10.  19.   3.]
 [  6.  12.  11.]]
cf_score, 34.0
ratio, 0.484848484848
[[  6.  19.   9.]
 [  8.  16.  16.]
 [  2.  14.  10.]]
cf_score, 21.0
ratio, 0.323232323232
[[ 10.  17.   5.]
 [ 14.  18.   5.]
 [  6.  14.  11.]]
cf_score, 28.0
ratio, 0.393939393939
[[ 15.   8.  10.]
 [ 11.  14.  14.]
 [  4.  12.  12.]]
cf_score, 27.0
ratio, 0.414141414141
[[  4.  14.   8.]
 [  6.  15.   9.]
 [  8.   8.  28.]]
cf_score, 31.0
ratio, 0.474747474747
[[ 16.  11.   8.]
 [  7.  18.  12.]
 [  2.  10.  16.]]
cf_score, 40.0
ratio, 0.505050505051
[[  7.  13.   5.]
 [  9.  23.  10.]
 [  6.  11.  16.]]
cf_score, 35.0
ratio, 0.464646464646
[[ 22.  10.   2.]
 [ 13.  18.   6.]
 [  2.  14.  13.]]
cf_score, 49.0
ratio, 0.535353535354
[[ 14.  18.   5.]
 [  3.  21.   7.]
 [  6.  15.  11.]]
cf_score, 35.0
ratio, 0.464646464646
[[ 15.   9.   5.]
 [  8.  19.  10.]
 [  8.  14.  12.]]
cf_score, 33.0
ratio, 0.464646464646
[[ 14.  11.   5.]
 [ 14.  16.   7.]
 [  5.  11.  17.]]
cf_score, 37.0
ratio, 0.474747474747
[[ 17.   7.   1.]
 [  9.  20.   8.]
 [  7.  16.  15.]]
cf_score, 44.0
ratio, 0.525252525253
[[ 16.  16.   7.]
 [  3.  21.   4.]
 [ 11.   8.  14.]]
cf_score, 33.0
ratio, 0.515151515152
[[ 11.   8.   5.]
 [  7.  21.   4.]
 [  5.  16.  23.]]
cf_score, 45.0
ratio, 0.555555555556
[[ 14.  14.  10.]
 [  5.  18.   7.]
 [  3.  14.  15.]]
cf_score, 34.0
ratio, 0.474747474747
[[ 11.  13.   6.]
 [  5.  18.   4.]
 [ 10.  15.  18.]]
cf_score, 31.0
ratio, 0.474747474747
[[ 12.  14.   5.]
 [  7.  21.   7.]
 [  5.  15.  14.]]
cf_score, 37.0
ratio, 0.474747474747
[[ 13.  16.   5.]
 [ 13.  12.  10.]
 [  3.  16.  12.]]
cf_score, 29.0
ratio, 0.373737373737
[[ 11.  15.   7.]
 [  7.  18.  11.]
 [  5.  13.  13.]]
cf_score, 30.0
ratio, 0.424242424242
[[ 11.  15.   3.]
 [  7.  21.   6.]
 [  5.  19.  13.]]
cf_score, 37.0
ratio, 0.454545454545
[[ 15.  17.   7.]
 [  4.  12.   7.]
 [  4.  13.  21.]]
cf_score, 37.0
ratio, 0.484848484848
[[ 15.  12.   5.]
 [  9.  11.  12.]
 [  3.  20.  13.]]
cf_score, 31.0
ratio, 0.393939393939
[[ 17.  14.   4.]
 [  8.  17.   8.]
 [  6.   9.  17.]]
cf_score, 41.0
ratio, 0.515151515152
[[ 15.  18.   3.]
 [  6.  17.   8.]
 [  4.   7.  22.]]
cf_score, 47.0
ratio, 0.545454545455
[[ 14.  10.   5.]
 [  6.  25.   5.]
 [ 13.  13.   9.]]
cf_score, 30.0
ratio, 0.484848484848
[[  7.  15.   8.]
 [ 16.  12.  12.]
 [  6.  12.  12.]]
cf_score, 17.0
ratio, 0.313131313131
[[ 11.  17.   4.]
 [  7.  22.   6.]
 [  3.  17.  13.]]
cf_score, 39.0
ratio, 0.464646464646
[[ 14.  10.   5.]
 [ 10.  22.   6.]
 [  3.  12.  18.]]
cf_score, 46.0
ratio, 0.545454545455
[[ 18.   9.   7.]
 [  4.  19.  13.]
 [  8.  11.  11.]]
cf_score, 33.0
ratio, 0.484848484848
[[ 16.  14.   8.]
 [  4.  19.  11.]
 [  7.   7.  14.]]
cf_score, 34.0
ratio, 0.494949494949
[[ 13.   9.   2.]
 [ 11.  22.   7.]
 [  6.  14.  16.]]
cf_score, 43.0
ratio, 0.515151515152
[[ 15.  14.   6.]
 [ 12.  17.   9.]
 [  2.  11.  14.]]
cf_score, 38.0
ratio, 0.464646464646
[[ 12.  13.   5.]
 [ 13.  18.  10.]
 [  6.  12.  11.]]
cf_score, 30.0
ratio, 0.414141414141
[[ 11.  12.  10.]
 [ 10.  18.   2.]
 [  4.  17.  16.]]
cf_score, 31.0
ratio, 0.454545454545
[[ 15.  10.   3.]
 [ 10.  18.  14.]
 [  5.  11.  14.]]
cf_score, 39.0
ratio, 0.474747474747
[[ 12.  15.   2.]
 [  5.  16.   9.]
 [  4.  16.  21.]]
cf_score, 43.0
ratio, 0.494949494949
[[ 10.  14.   4.]
 [  6.  16.   5.]
 [ 11.  14.  20.]]
cf_score, 31.0
ratio, 0.464646464646
[[ 16.  14.   8.]
 [  9.  15.   6.]
 [  7.  10.  15.]]
cf_score, 31.0
ratio, 0.464646464646
[[ 11.  16.   6.]
 [  6.  15.  11.]
 [  2.  18.  15.]]
cf_score, 33.0
ratio, 0.414141414141
[[ 15.  14.   3.]
 [  8.  15.  10.]
 [  4.  15.  16.]]
cf_score, 39.0
ratio, 0.464646464646
[[ 13.  16.   1.]
 [ 11.  17.   6.]
 [  7.  15.  14.]]
cf_score, 36.0
ratio, 0.444444444444
[[ 12.  17.   4.]
 [  7.  26.   4.]
 [  3.  19.   8.]]
cf_score, 39.0
ratio, 0.464646464646
[[ 15.   8.   6.]
 [  4.  18.   7.]
 [ 10.  14.  18.]]
cf_score, 35.0
ratio, 0.515151515152
[[  6.  11.   6.]
 [  7.  20.   2.]
 [ 12.  21.  15.]]
cf_score, 23.0
ratio, 0.414141414141
[[ 14.  14.   8.]
 [  5.  17.   6.]
 [  3.  19.  14.]]
cf_score, 34.0
ratio, 0.454545454545
[[ 19.   7.   5.]
 [  2.  24.   9.]
 [  0.  16.  18.]]
cf_score, 56.0
ratio, 0.616161616162
[[ 11.  15.   5.]
 [  5.  22.   7.]
 [  9.  14.  12.]]
cf_score, 31.0
ratio, 0.454545454545
[[ 11.  15.   6.]
 [  8.  21.  11.]
 [  5.  14.   9.]]
cf_score, 30.0
ratio, 0.414141414141
[[ 13.  11.   6.]
 [ 11.  10.   5.]
 [  4.  19.  21.]]
cf_score, 34.0
ratio, 0.444444444444
[[  5.  17.   3.]
 [  5.  18.   8.]
 [  7.  20.  17.]]
cf_score, 30.0
ratio, 0.40404040404
[[ 12.  20.   8.]
 [  5.  20.   6.]
 [  8.  13.   8.]]
cf_score, 24.0
ratio, 0.40404040404
[[ 10.  18.   4.]
 [  6.  23.   5.]
 [  5.  13.  16.]]
cf_score, 40.0
ratio, 0.494949494949
[[ 16.  16.   2.]
 [  5.  21.   6.]
 [  4.  15.  15.]]
cf_score, 46.0
ratio, 0.525252525253
[[ 13.  16.  [[ 17.  10.   4.]
 [  7.  17.   5.]
 [  4.  15.  21.]]
cf_score, 47.0
nv_score, 8.0
ratio, 0.555555555556
[[  9.   9.  12.]
 [  9.  20.  14.]
 [  6.   7.  14.]]
cf_score, 25.0
nv_score, -24.0
ratio, 0.434343434343
[[ 10.  13.   4.]
 [ 13.  17.   5.]
 [ 10.  14.  14.]]
cf_score, 27.0
nv_score, 1.0
ratio, 0.414141414141
[[ 13.  15.   8.]
 [  3.  15.  13.]
 [  5.  11.  17.]]
cf_score, 32.0
nv_score, -12.0
ratio, 0.454545454545
[[ 14.  12.   5.]
 [  1.  25.   8.]
 [  3.  13.  19.]]
cf_score, 50.0
nv_score, 1.0
ratio, 0.585858585859
[[ 15.   9.   7.]
 [  7.  11.   5.]
 [  6.  20.  20.]]
cf_score, 33.0
nv_score, 1.0
ratio, 0.464646464646
[[ 12.  11.   5.]
 [  5.  16.   9.]
 [  3.  18.  21.]]
cf_score, 41.0
nv_score, 2.0
ratio, 0.494949494949
[[ 13.   9.   8.]
 [  4.  22.  10.]
 [  4.  19.  11.]]
cf_score, 34.0
nv_score, -15.0
ratio, 0.464646464646
[[ 17.  13.   6.]
 [  4.  16.  10.]
 [  5.  15.  14.]]
cf_score, 36.0
nv_score, -8.0
ratio, 0.474747474747
[[ 11.  16.   7.]
 [  6.  17.  12.]
 [  4.  14.  13.]]
cf_score, 30.0
nv_score, -13.0
ratio, 0.414141414141
[[  8.  10.  10.]
 [  5.  22.   7.]
 [  7.  15.  16.]]
cf_score, 29.0
nv_score, -11.0
ratio, 0.464646464646
[[  8.  13.   9.]
 [  6.  17.  11.]
 [  4.  15.  17.]]
cf_score, 29.0
nv_score, -12.0
ratio, 0.424242424242
[[ 14.  17.   4.]
 [  8.  17.  10.]
 [  4.  11.  15.]]
cf_score, 38.0
nv_score, -3.0
ratio, 0.464646464646
[[ 17.  15.   4.]
 [  9.  12.  18.]
 [  2.   9.  14.]]
cf_score, 37.0
nv_score, -12.0
ratio, 0.434343434343
[[  8.  12.   5.]
 [  9.  17.  10.]
 [  5.  18.  16.]]
cf_score, 31.0
nv_score, -4.0
ratio, 0.414141414141
[[ 13.  20.   8.]
 [  3.  25.   0.]
 [  4.  16.  11.]]
cf_score, 37.0
nv_score, -5.0
ratio, 0.494949494949
[[ 15.  15.   3.]
 [  5.  22.   6.]
 [  7.  12.  15.]]
cf_score, 42.0
nv_score, 3.0
ratio, 0.525252525253
[[ 14.  16.   7.]
 [  2.  21.   9.]
 [  3.  12.  16.]]
cf_score, 41.0
nv_score, -7.0
ratio, 0.515151515152
[[ 12.  17.   4.]
 [  5.  13.   7.]
 [  5.  21.  16.]]
cf_score, 32.0
nv_score, 1.0
ratio, 0.414141414141
[[ 17.  13.   2.]
 [  8.  16.   6.]
 [  9.  18.  11.]]
cf_score, 33.0
nv_score, 1.0
ratio, 0.444444444444
[[ 12.  13.   4.]
 [  7.  17.   8.]
 [  5.  20.  14.]]
cf_score, 34.0
nv_score, -2.0
ratio, 0.434343434343
[[ 14.  16.   6.]
 [  6.  19.   7.]
 [  3.  10.  19.]]
cf_score, 43.0
nv_score, 0.0
ratio, 0.525252525253
[[ 13.  17.   3.]
 [  5.  18.   7.]
 [  7.  11.  19.]]
cf_score, 40.0
nv_score, 6.0
ratio, 0.505050505051
[[ 10.  15.   4.]
 [  6.  24.   9.]
 [  3.  16.  13.]]
cf_score, 40.0
nv_score, -4.0
ratio, 0.474747474747
[[ 10.  20.   5.]
 [  3.  18.   9.]
 [  4.  16.  15.]]
cf_score, 34.0
nv_score, -4.0
ratio, 0.434343434343
[[ 12.  12.   8.]
 [  7.  15.  12.]
 [  8.  15.  11.]]
cf_score, 22.0
nv_score, -17.0
ratio, 0.383838383838
[[  5.  16.   6.]
 [  5.  28.   8.]
 [  8.  11.  13.]]
cf_score, 32.0
nv_score, -7.0
ratio, 0.464646464646
[[ 10.  10.   7.]
 [  5.  22.  10.]
 [  4.  11.  21.]]
cf_score, 42.0
nv_score, -3.0
ratio, 0.535353535354
[[ 14.  15.   4.]
 [  6.  20.   9.]
 [  6.  13.  13.]]
cf_score, 37.0
nv_score, -4.0
ratio, 0.474747474747
[[  8.  13.   6.]
 [  7.  18.   3.]
 [  4.  16.  25.]]
cf_score, 41.0
nv_score, 10.0
ratio, 0.515151515152
[[ 10.  18.   7.]
 [  5.  19.   4.]
 [  3.  14.  20.]]
cf_score, 39.0
nv_score, 2.0
ratio, 0.494949494949
[[  9.  14.   3.]
 [  8.  27.   7.]
 [  3.  15.  14.]]
cf_score, 44.0
nv_score, 1.0
ratio, 0.505050505051
[[ 13.  13.   8.]
 [  8.  20.  12.]
 [  0.  18.   8.]]
cf_score, 33.0
nv_score, -20.0
ratio, 0.414141414141
[[ 19.  17.   7.]
 [  5.  16.   6.]
 [  5.  11.  14.]]
cf_score, 37.0
nv_score, -6.0
ratio, 0.494949494949
[[  8.  20.   6.]
 [  5.  21.   8.]
 [  2.  14.  16.]]
cf_score, 37.0
nv_score, -4.0
ratio, 0.454545454545
[[  6.  18.   5.]
 [  5.  16.  12.]
 [  6.  14.  18.]]
cf_score, 29.0
nv_score, -4.0
ratio, 0.40404040404
[[ 12.  15.   5.]
 [ 10.  15.   8.]
 [  8.  10.  17.]]
cf_score, 31.0
nv_score, -1.0
ratio, 0.444444444444
[[ 14.  13.   2.]
 [  6.  20.   7.]
 [  9.  18.  11.]]
cf_score, 34.0
nv_score, 0.0
ratio, 0.454545454545
[[ 10.  19.   7.]
 [ 10.  19.   9.]
 [  4.   9.  13.]]
cf_score, 31.0
nv_score, -10.0
ratio, 0.424242424242
[[ 10.   9.   9.]
 [  7.  16.  10.]
 [  5.  21.  13.]]
cf_score, 25.0
nv_score, -15.0
ratio, 0.393939393939
[[  9.  17.   5.]
 [  6.  16.   6.]
 [  5.  19.  17.]]
cf_score, 32.0
nv_score, 1.0
ratio, 0.424242424242
[[ 17.  20.   7.]
 [  5.  12.   8.]
 [  5.  11.  15.]]
cf_score, 32.0
nv_score, -7.0
ratio, 0.444444444444
[[ 13.  13.   9.]
 [ 10.  18.   1.]
 [  8.  13.  15.]]
cf_score, 29.0
nv_score, -4.0
ratio, 0.464646464646
[[ 12.  13.   5.]
 [  2.  31.  10.]
 [  4.  14.   9.]]
cf_score, 43.0
nv_score, -11.0
ratio, 0.525252525253
[[ 19.  12.   4.]
 [  8.  15.  11.]
 [  7.  10.  14.]]
cf_score, 37.0
nv_score, -5.0
ratio, 0.484848484848
[[ 10.  13.  11.]
 [  5.  19.  11.]
 [  3.  13.  15.]]
cf_score, 30.0
nv_score, -18.0
ratio, 0.444444444444
[[ 19.  16.   8.]
 [  5.  14.  12.]
 [  4.  13.   9.]]
cf_score, 30.0
nv_score, -19.0
ratio, 0.424242424242
[[  9.  17.   2.]
 [  7.  20.   8.]
 [  9.  12.  16.]]
cf_score, 34.0
nv_score, 4.0
ratio, 0.454545454545
[[  8.  14.   3.]
 [  7.  18.  10.]
 [  9.  17.  14.]]
cf_score, 28.0
nv_score, -2.0
ratio, 0.40404040404
[[  8.  13.   6.]
 [  4.  25.  14.]
 [  5.  11.  14.]]
cf_score, 36.0
nv_score, -12.0
ratio, 0.474747474747
[[ 15.  18.   5.]
 [  6.  17.   9.]
 [  4.  13.  13.]]
cf_score, 36.0
nv_score, -6.0
ratio, 0.454545454545
[[ 12.  15.   5.]
 [  4.  20.   5.]
 [  7.  14.  18.]]
cf_score, 38.0
nv_score, 3.0
ratio, 0.505050505051
[[ 14.  16.   2.]
 [  6.  16.   4.]
 [  4.  19.  19.]]
cf_score, 43.0
nv_score, 11.0
ratio, 0.494949494949
[[ 10.  11.  10.]
 [  8.  18.   9.]
 [  3.  16.  15.]]
cf_score, 30.0
nv_score, -14.0
ratio, 0.434343434343
[[  9.  25.   2.]
 [  4.  20.   2.]
 [  7.  16.  15.]]
cf_score, 35.0
nv_score, 9.0
ratio, 0.444444444444
[[ 12.  21.   3.]
 [  7.  13.  13.]
 [  3.  15.  13.]]
cf_score, 32.0
nv_score, -6.0
ratio, 0.383838383838
[[  8.  13.   7.]
 [  6.  18.  10.]
 [  5.  16.  17.]]
cf_score, 31.0
nv_score, -7.0
ratio, 0.434343434343
[[ 12.  17.   7.]
 [  1.  23.   5.]
 [  7.  13.  15.]]
cf_score, 36.0
nv_score, -4.0
ratio, 0.505050505051
[[ 12.   5.   5.]
 [ 13.  16.   5.]
 [  6.  21.  17.]]
cf_score, 34.0
nv_score, 2.0
ratio, 0.454545454545
[[ 14.  18.   8.]
 [  5.  15.   6.]
 [  6.  17.  11.]]
cf_score, 26.0
nv_score, -11.0
ratio, 0.40404040404
[[  9.  18.   4.]
 [  4.  25.   3.]
 [  3.  17.  17.]]
cf_score, 44.0
nv_score, 6.0
ratio, 0.515151515152
[[ 13.  13.   3.]
 [  6.  23.   2.]
 [  5.  21.  14.]]
cf_score, 42.0
nv_score, 6.0
ratio, 0.505050505051
[[ 11.  14.   4.]
 [  4.  21.   9.]
 [  1.  19.  17.]]
cf_score, 44.0
nv_score, 0.0
ratio, 0.494949494949
[[  9.  17.   5.]
 [  4.  21.   6.]
 [  6.  13.  19.]]
cf_score, 38.0
nv_score, 3.0
ratio, 0.494949494949
[[  8.  19.   4.]
 [  6.  13.  10.]
 [  7.  16.  17.]]
cf_score, 27.0
nv_score, -1.0
ratio, 0.383838383838
[[ 14.  16.   7.]
 [  2.  20.   8.]
 [  2.  16.  15.]]
cf_score, 40.0
nv_score, -7.0
ratio, 0.494949494949
[[  6.  18.   2.]
 [  7.  17.   9.]
 [  3.  17.  21.]]
cf_score, 39.0
nv_score, 8.0
ratio, 0.444444444444
[[  6.  20.   6.]
 [  7.  20.   5.]
 [  6.  11.  19.]]
cf_score, 33.0
nv_score, 2.0
ratio, 0.454545454545
[[  9.  21.   1.]
 [  3.  21.   3.]
 [  7.  17.  18.]]
cf_score, 40.0
nv_score, 13.0
ratio, 0.484848484848
[[ 11.  23.   3.]
 [  3.  21.   4.]
 [  7.  12.  16.]]
cf_score, 38.0
nv_score, 6.0
ratio, 0.484848484848
[[ 13.  11.   8.]
 [  2.  18.   7.]
 [  3.  23.  15.]]
cf_score, 35.0
nv_score, -8.0
ratio, 0.464646464646
[[ 16.  15.   7.]
 [  5.  15.   6.]
 [  4.  12.  20.]]
cf_score, 40.0
nv_score, 0.0
ratio, 0.515151515152
[[ 10.  14.   7.]
 [  1.  23.   9.]
 [  3.  19.  14.]]
cf_score, 37.0
nv_score, -9.0
ratio, 0.474747474747
[[  9.  12.  13.]
 [  9.  17.   8.]
 [  7.  12.  13.]]
cf_score, 19.0
nv_score, -21.0
ratio, 0.393939393939
[[ 11.   6.   6.]
 [  2.  20.  12.]
 [  7.  17.  19.]]
cf_score, 37.0
nv_score, -5.0
ratio, 0.505050505051
[[  6.  10.   6.]
 [  4.  25.  13.]
 [  5.  14.  17.]]
cf_score, 37.0
nv_score, -8.0
ratio, 0.484848484848
[[  6.  15.   9.]
 [  2.  19.   6.]
 [  2.  20.  21.]]
cf_score, 35.0
nv_score, -3.0
ratio, 0.464646464646
[[  8.  17.   7.]
 [  5.  27.   7.]
 [  4.  12.  13.]]
cf_score, 37.0
nv_score, -8.0
ratio, 0.484848484848
[[ 12.  18.   9.]
 [  7.  17.   4.]
 [  4.  16.  13.]]
cf_score, 29.0
nv_score, -9.0
ratio, 0.424242424242
[[  9.  10.  11.]
 [  2.  29.   7.]
 [  4.  11.  17.]]
cf_score, 40.0
nv_score, -12.0
ratio, 0.555555555556
[[  8.  20.   4.]
 [  1.  21.   5.]
 [  4.  18.  19.]]
cf_score, 40.0
nv_score, 6.0
ratio, 0.484848484848
[[ 11.  18.   4.]
 [  6.  21.   3.]
 [  3.  16.  18.]]
cf_score, 43.0
nv_score, 7.0
ratio, 0.505050505051
[[  8.  17.   7.]
 [  9.  16.  12.]
 [  4.  13.  14.]]
cf_score, 27.0
nv_score, -12.0
ratio, 0.383838383838
[[ 12.  13.   2.]
 [  5.  22.  12.]
 [  7.  15.  12.]]
cf_score, 37.0
nv_score, -4.0
ratio, 0.464646464646
[[  9.  12.   7.]
 [  5.  20.  14.]
 [  2.  11.  20.]]
cf_score, 40.0
nv_score, -8.0
ratio, 0.494949494949
[[  9.  17.   7.]
 [  3.  20.   6.]
 [  7.  14.  17.]]
cf_score, 32.0
nv_score, -3.0
ratio, 0.464646464646
[[  5.  21.  12.]
 [  0.  25.  11.]
 [  3.   8.  15.]]
cf_score, 30.0
nv_score, -20.0
ratio, 0.454545454545
[[  8.  13.   3.]
 [  4.  22.  10.]
 [  1.  18.  21.]]
cf_score, 47.0
nv_score, 5.0
ratio, 0.515151515152
[[  7.  23.   2.]
 [  8.  22.   7.]
 [  7.  16.   8.]]
cf_score, 28.0
nv_score, -3.0
ratio, 0.373737373737
[[ 13.  15.  10.]
 [  8.  16.   7.]
 [  4.  15.  12.]]
cf_score, 27.0
nv_score, -15.0
ratio, 0.414141414141
[[ 11.  22.   1.]
 [  4.  23.   4.]
 [  5.  17.  13.]]
cf_score, 41.0
nv_score, 7.0
ratio, 0.474747474747
[[ 10.   8.   5.]
 [ 11.  16.   4.]
 [ 13.  15.  18.]]
cf_score, 26.0
nv_score, 4.0
ratio, 0.444444444444
[[  9.  19.   6.]
 [  2.  18.  11.]
 [  6.  14.  15.]]
cf_score, 30.0
nv_score, -8.0
ratio, 0.424242424242
[[  8.  17.   7.]
 [  4.  20.   8.]
 [  1.  12.  23.]]
cf_score, 43.0
nv_score, 1.0
ratio, 0.515151515152
[[ 10.  12.   5.]
 [  2.  19.  16.]
 [  3.  18.  15.]]
cf_score, 36.0
nv_score, -11.0
ratio, 0.444444444444
[[ 12.  15.   9.]
 [  7.  20.   6.]
 [  5.  11.  15.]]
cf_score, 33.0
nv_score, -9.0
ratio, 0.474747474747
[[ 10.  11.   9.]
 [  4.  16.  11.]
 [  4.  15.  20.]]
cf_score, 33.0
nv_score, -9.0
ratio, 0.464646464646
[[ 12.  12.   1.]
 [  6.  27.   6.]
 [  6.  15.  15.]]
cf_score, 47.0
nv_score, 7.0
ratio, 0.545454545455
[[ 15.  18.   6.]
 [  5.  16.   9.]
 [  4.  10.  17.]]
cf_score, 38.0
nv_score, -4.0
ratio, 0.484848484848
[[  9.  16.   5.]
 [  8.  24.   6.]
 [  2.  14.  16.]]
cf_score, 42.0
nv_score, 0.0
ratio, 0.494949494949
[[ 11.  22.   6.]
 [  2.  17.   7.]
 [  3.  15.  17.]]
cf_score, 36.0
nv_score, -2.0
ratio, 0.454545454545
[[  7.  19.   2.]
 [  2.  27.   6.]
 [  1.  19.  17.]]
cf_score, 48.0
nv_score, 7.0
ratio, 0.515151515152
[[  5.  14.  12.]
 [  5.  17.  19.]
 [  6.  10.  12.]]
cf_score, 16.0
nv_score, -31.0
ratio, 0.343434343434
[[ 12.  17.   4.]
 [  9.  22.   6.]
 [  7.  13.  10.]]
cf_score, 33.0
nv_score, -4.0
ratio, 0.444444444444
[[ 10.  12.   8.]
 [ 11.  15.   8.]
 [  7.  12.  17.]]
cf_score, 27.0
nv_score, -7.0
ratio, 0.424242424242
[[  6.  21.   4.]
 [  5.  25.   5.]
 [  4.  12.  18.]]
cf_score, 41.0
nv_score, 5.0
ratio, 0.494949494949
[[ 11.  11.   9.]
 [  2.  16.   9.]
 [  3.  26.  13.]]
cf_score, 28.0
nv_score, -14.0
ratio, 0.40404040404
[[  9.  20.   6.]
 [  7.  15.   4.]
 [  6.  14.  19.]]
cf_score, 31.0
nv_score, 3.0
ratio, 0.434343434343
[[ 13.  17.   2.]
 [  7.  22.   2.]
 [  9.  12.  16.]]
cf_score, 40.0
nv_score, 10.0
ratio, 0.515151515152
[[  4.  27.   2.]
 [  6.  18.   8.]
 [  4.  14.  17.]]
cf_score, 33.0
nv_score, 5.0
ratio, 0.393939393939
[[ 11.   5.   6.]
 [  5.  33.   6.]
 [  1.  18.  15.]]
cf_score, 52.0
nv_score, -3.0
ratio, 0.59595959596
[[ 10.  12.   6.]
 [  7.  22.   4.]
 [  4.  14.  21.]]
cf_score, 43.0
nv_score, 5.0
ratio, 0.535353535354
[[ 11.  17.   8.]
 [  2.  17.  11.]
 [  2.  15.  17.]]
cf_score, 35.0
nv_score, -10.0
ratio, 0.454545454545
[[  7.  16.   9.]
 [  5.  24.   6.]
 [  6.  13.  14.]]
cf_score, 30.0
nv_score, -10.0
ratio, 0.454545454545
[[  8.  13.   3.]
 [  4.  26.  10.]
 [  5.  17.  14.]]
cf_score, 40.0
nv_score, -2.0
ratio, 0.484848484848
[[  8.   7.   6.]
 [  7.  22.  15.]
 [  3.  17.  15.]]
cf_score, 36.0
nv_score, -12.0
ratio, 0.454545454545
[[ 13.  18.   3.]
 [  5.  16.  10.]
 [  8.  18.   9.]]
cf_score, 27.0
nv_score, -7.0
ratio, 0.383838383838
[[  4.  16.   7.]
 [  1.  26.   9.]
 [  5.  16.  16.]]
cf_score, 34.0
nv_score, -7.0
ratio, 0.464646464646
[[ 10.  15.  11.]
 [  0.  23.   7.]
 [  5.  10.  19.]]
cf_score, 36.0
nv_score, -10.0
ratio, 0.525252525253
[[ 12.  12.   5.]
 [  5.  23.   9.]
 [  4.  17.  13.]]
cf_score, 39.0
nv_score, -6.0
ratio, 0.484848484848
[[  4.  16.   5.]
 [  6.  19.   5.]
 [  2.  22.  21.]]
cf_score, 37.0
nv_score, 6.0
ratio, 0.444444444444
[[  9.  11.  10.]
 [  7.  19.   6.]
 [  3.  19.  16.]]
cf_score, 31.0
nv_score, -10.0
ratio, 0.444444444444
[[  9.  13.   1.]
 [  9.  17.  12.]
 [  3.  15.  21.]]
cf_score, 43.0
nv_score, 7.0
ratio, 0.474747474747
[[  9.  22.   6.]
 [  3.  14.  12.]
 [  4.  10.  20.]]
cf_score, 33.0
nv_score, -4.0
ratio, 0.434343434343
[[ 12.  13.   7.]
 [  6.  16.   8.]
 [  3.  20.  15.]]
cf_score, 33.0
nv_score, -7.0
ratio, 0.434343434343
[[  5.  20.   7.]
 [  7.  16.  10.]
 [  1.  19.  15.]]
cf_score, 28.0
nv_score, -9.0
ratio, 0.363636363636
[[ 10.  17.   4.]
 [  7.  20.   3.]
 [  2.  22.  15.]]
cf_score, 39.0
nv_score, 4.0
ratio, 0.454545454545
[[ 11.  14.   7.]
 [  2.  27.   6.]
 [  4.  11.  18.]]
cf_score, 45.0
nv_score, -2.0
ratio, 0.565656565657
[[  7.  18.  13.]
 [  5.  23.   5.]
 [  4.  12.  13.]]
cf_score, 26.0
nv_score, -18.0
ratio, 0.434343434343
[[  7.  16.   7.]
 [  6.  18.   8.]
 [  6.  21.  11.]]
cf_score, 23.0
nv_score, -11.0
ratio, 0.363636363636
[[  8.  14.   3.]
 [  9.  16.  11.]
 [  2.  19.  18.]]
cf_score, 37.0
nv_score, 1.0
ratio, 0.424242424242
[[ 11.  17.   7.]
 [  3.  17.   5.]
 [  5.  19.  16.]]
cf_score, 32.0
nv_score, -3.0
ratio, 0.444444444444
[[ 10.   6.   7.]
 [  5.  26.  11.]
 [  2.  17.  16.]]
cf_score, 43.0
nv_score, -9.0
ratio, 0.525252525253
[[ 10.   8.   7.]
 [  7.  16.  10.]
 [ 10.  20.  12.]]
cf_score, 21.0
nv_score, -12.0
ratio, 0.383838383838
[[ 14.  23.   8.]
 [  1.  19.   8.]
 [  1.  14.  12.]]
cf_score, 36.0
nv_score, -12.0
ratio, 0.454545454545
[[ 11.  15.   7.]
 [  1.  24.   7.]
 [  2.  15.  18.]]
cf_score, 44.0
nv_score, -3.0
ratio, 0.535353535354
[[  7.  13.   9.]
 [  8.  24.   4.]
 [  4.  13.  18.]]
cf_score, 36.0
nv_score, -4.0
ratio, 0.494949494949
[[ 10.  13.   3.]
 [  4.  26.   5.]
 [  9.  14.  16.]]
cf_score, 40.0
nv_score, 5.0
ratio, 0.525252525253
[[ 13.  10.   3.]
 [  5.  22.  11.]
 [  7.  20.   9.]]
cf_score, 34.0
nv_score, -8.0
ratio, 0.444444444444
[[ 18.  12.   2.]
 [ 13.  17.   1.]
 [ 12.  17.   8.]]
cf_score, 29.0
nv_score, 3.0
ratio, 0.434343434343
[[  8.  10.  11.]
 [  4.  15.  14.]
 [  8.   8.  22.]]
cf_score, 26.0
nv_score, -14.0
ratio, 0.454545454545
[[ 11.  19.   6.]
 [  5.  20.   4.]
 [  3.  17.  15.]]
cf_score, 37.0
nv_score, -1.0
ratio, 0.464646464646
[[ 15.  18.   6.]
 [  5.  28.   7.]
 [  3.  14.   4.]]
cf_score, 38.0
nv_score, -15.0
ratio, 0.474747474747
[[ 17.  16.   2.]
 [ 10.  14.  13.]
 [  4.  14.  10.]]
cf_score, 35.0
nv_score, -7.0
ratio, 0.414141414141
[[ 13.  13.   5.]
 [  9.  26.   3.]
 [  8.  11.  12.]]
cf_score, 38.0
nv_score, -1.0
ratio, 0.515151515152
[[ 11.  15.   4.]
 [  9.  24.   4.]
 [  3.  21.   9.]]
cf_score, 37.0
nv_score, -3.0
ratio, 0.444444444444
[[  8.  18.   0.]
 [  9.  18.   9.]
 [  9.  17.  12.]]
cf_score, 29.0
nv_score, 3.0
ratio, 0.383838383838
[[ 10.  14.   3.]
 [ 11.  23.   7.]
 [  8.  12.  12.]]
cf_score, 34.0
nv_score, -1.0
ratio, 0.454545454545
[[ 10.  14.   5.]
 [  9.  23.   7.]
 [  6.  15.  11.]]
cf_score, 33.0
nv_score, -6.0
ratio, 0.444444444444
[[  5.  17.   3.]
 [  6.  27.   5.]
 [  5.  16.  16.]]
cf_score, 40.0
nv_score, 5.0
ratio, 0.484848484848
[[ 11.  16.   7.]
 [  7.  22.   7.]
 [  6.  14.  10.]]
cf_score, 30.0
nv_score, -11.0
ratio, 0.434343434343
[[  7.  17.   5.]
 [  9.  16.  10.]
 [  8.  10.  18.]]
cf_score, 28.0
nv_score, -2.0
ratio, 0.414141414141
[[  5.  22.   3.]
 [  4.  24.  10.]
 [ 10.  14.   8.]]
cf_score, 24.0
nv_score, -8.0
ratio, 0.373737373737
[[  6.  11.   5.]
 [  6.  24.  10.]
 [  4.  19.  15.]]
cf_score, 36.0
nv_score, -5.0
ratio, 0.454545454545
[[  4.  12.  19.]
 [  4.  17.   8.]
 [  2.  13.  21.]]
cf_score, 21.0
nv_score, -25.0
ratio, 0.424242424242
[[ 10.  18.   4.]
 [  6.  17.   8.]
 [  8.  12.  17.]]
cf_score, 32.0
nv_score, 1.0
ratio, 0.444444444444
[[ 14.  16.   5.]
 [  3.  15.   3.]
 [  5.  23.  16.]]
cf_score, 35.0
nv_score, 3.0
ratio, 0.454545454545
[[ 13.  16.   7.]
 [  4.  21.   9.]
 [  7.   8.  15.]]
cf_score, 35.0
nv_score, -8.0
ratio, 0.494949494949
[[ 13.  14.  10.]
 [  2.  16.  12.]
 [  5.  18.  10.]]
cf_score, 24.0
nv_score, -22.0
ratio, 0.393939393939
[[ 13.  18.   1.]
 [  8.  21.   3.]
 [  4.  14.  18.]]
cf_score, 47.0
nv_score, 13.0
ratio, 0.525252525253
[[ 12.  21.   7.]
 [  4.  13.   7.]
 [  9.  14.  13.]]
cf_score, 22.0
nv_score, -8.0
ratio, 0.383838383838
[[ 11.  20.   4.]
 [  8.  13.  11.]
 [  2.  19.  12.]]
cf_score, 30.0
nv_score, -7.0
ratio, 0.363636363636
[[ 12.  14.   1.]
 [  9.  18.   1.]
 [ 14.  17.  14.]]
cf_score, 29.0
nv_score, 11.0
ratio, 0.444444444444
[[  9.  24.   2.]
 [  2.  21.  11.]
 [  4.  11.  16.]]
cf_score, 40.0
nv_score, 1.0
ratio, 0.464646464646
[[ 11.  20.   2.]
 [  7.  21.   6.]
 [  2.  18.  13.]]
cf_score, 41.0
nv_score, 3.0
ratio, 0.454545454545
[[  6.  22.   6.]
 [ 10.  21.   8.]
 [  2.  10.  15.]]
cf_score, 34.0
nv_score, -5.0
ratio, 0.424242424242
[[  9.  21.   3.]
 [  5.  17.   6.]
 [  4.  18.  17.]]
cf_score, 36.0
nv_score, 5.0
ratio, 0.434343434343
[[  5.  20.   3.]
 [  3.  26.  12.]
 [  3.  15.  13.]]
cf_score, 38.0
nv_score, -5.0
ratio, 0.444444444444
[[ 13.  18.   4.]
 [  1.  21.   8.]
 [  4.  13.  18.]]
cf_score, 44.0
nv_score, 2.0
ratio, 0.525252525253
[[  7.  17.   4.]
 [  5.  24.  11.]
 [  1.  18.  13.]]
cf_score, 39.0
nv_score, -6.0
ratio, 0.444444444444
[[ 10.  17.   6.]
 [  1.  24.   5.]
 [  3.  12.  22.]]
cf_score, 47.0
nv_score, 5.0
ratio, 0.565656565657
[[  6.  12.   7.]
 [  9.  25.   5.]
 [  5.  15.  16.]]
cf_score, 35.0
nv_score, -3.0
ratio, 0.474747474747
[[  8.  23.   5.]
 [  5.  23.   3.]
 [  4.  18.  11.]]
cf_score, 33.0
nv_score, -2.0
ratio, 0.424242424242
[[ 12.  12.   7.]
 [  6.  15.   7.]
 [  4.  16.  21.]]
cf_score, 37.0
nv_score, 0.0
ratio, 0.484848484848
[[ 11.  15.   6.]
 [  6.  17.  10.]
 [  6.  15.  14.]]
cf_score, 30.0
nv_score, -8.0
ratio, 0.424242424242
[[ 12.  16.   2.]
 [  9.  14.   9.]
 [  5.  20.  13.]]
cf_score, 32.0
nv_score, 0.0
ratio, 0.393939393939
[[ 14.  14.   3.]
 [  6.  21.  10.]
 [  4.  12.  16.]]
cf_score, 44.0
nv_score, 0.0
ratio, 0.515151515152
[[ 13.  25.   4.]
 [  2.  21.   7.]
 [  5.   8.  15.]]
cf_score, 40.0
nv_score, 0.0
ratio, 0.494949494949
[[  5.  15.   8.]
 [  7.  15.   6.]
 [  3.  13.  28.]]
cf_score, 37.0
nv_score, 6.0
ratio, 0.484848484848
