[[ 32.   0.   0.]
 [ 36.   0.   0.]
 [ 32.   0.   0.]]
cf_score, 0.0
nv_score, 0.0
ratio, 0.323232323232
[[ 29.   0.   0.]
 [ 37.   0.   0.]
 [ 34.   0.   0.]]
cf_score, -5.0
nv_score, 0.0
ratio, 0.292929292929
[[ 35.   0.   0.]
 [ 32.   0.   0.]
 [ 33.   0.   0.]]
cf_score, 2.0
nv_score, 0.0
ratio, 0.353535353535
[[ 31.   0.   0.]
 [ 40.   0.   0.]
 [ 29.   0.   0.]]
cf_score, 2.0
nv_score, 0.0
ratio, 0.313131313131
[[ 29.   0.   0.]
 [ 36.   0.   0.]
 [ 35.   0.   0.]]
cf_score, -6.0
nv_score, 0.0
ratio, 0.292929292929
[[ 20.   0.   0.]
 [ 50.   0.   0.]
 [ 30.   0.   0.]]
cf_score, -10.0
nv_score, 0.0
ratio, 0.20202020202
[[ 24.   0.   0.]
 [ 46.   0.   0.]
 [ 30.   0.   0.]]
cf_score, -6.0
nv_score, 0.0
ratio, 0.242424242424
[[ 22.   0.   0.]
 [ 42.   0.   0.]
 [ 36.   0.   0.]]
cf_score, -14.0
nv_score, 0.0
ratio, 0.222222222222
[[ 18.   0.   0.]
 [ 45.   0.   0.]
 [ 37.   0.   0.]]
cf_score, -19.0
nv_score, 0.0
ratio, 0.181818181818
[[ 18.   0.   0.]
 [ 43.   0.   0.]
 [ 39.   0.   0.]]
cf_score, -21.0
nv_score, 0.0
ratio, 0.181818181818
[[ 30.   0.   0.]
 [ 33.   0.   0.]
 [ 37.   0.   0.]]
cf_score, -7.0
nv_score, 0.0
ratio, 0.30303030303
[[ 15.   0.   0.]
 [ 47.   0.   0.]
 [ 38.   0.   0.]]
cf_score, -23.0
nv_score, 0.0
ratio, 0.151515151515
[[ 29.   0.   0.]
 [ 42.   0.   0.]
 [ 29.   0.   0.]]
cf_score, 0.0
nv_score, 0.0
ratio, 0.292929292929
[[ 22.   0.   0.]
 [ 39.   0.   0.]
 [ 39.   0.   0.]]
cf_score, -17.0
nv_score, 0.0
ratio, 0.222222222222
[[ 27.   0.   0.]
 [ 45.   0.   0.]
 [ 28.   0.   0.]]
cf_score, -1.0
nv_score, 0.0
ratio, 0.272727272727
[[ 15.   0.   0.]
 [ 53.   0.   0.]
 [ 32.   0.   0.]]
cf_score, -17.0
nv_score, 0.0
ratio, 0.151515151515
[[ 20.   0.   0.]
 [ 44.   0.   0.]
 [ 36.   0.   0.]]
cf_score, -16.0
nv_score, 0.0
ratio, 0.20202020202
[[ 17.   0.   0.]
 [ 44.   0.   0.]
 [ 39.   0.   0.]]
cf_score, -22.0
nv_score, 0.0
ratio, 0.171717171717
[[ 29.   0.   0.]
 [ 35.   0.   0.]
 [ 36.   0.   0.]]
cf_score, -7.0
nv_score, 0.0
ratio, 0.292929292929
[[ 28.   0.   0.]
 [ 34.   0.   0.]
 [ 38.   0.   0.]]
cf_score, -10.0
nv_score, 0.0
ratio, 0.282828282828
[[ 25.   0.   0.]
 [ 36.   0.   0.]
 [ 39.   0.   0.]]
cf_score, -14.0
nv_score, 0.0
ratio, 0.252525252525
[[ 25.   0.   0.]
 [ 46.   0.   0.]
 [ 29.   0.   0.]]
cf_score, -4.0
nv_score, 0.0
ratio, 0.252525252525
[[ 22.   0.   0.]
 [ 43.   0.   0.]
 [ 35.   0.   0.]]
cf_score, -13.0
nv_score, 0.0
ratio, 0.222222222222
[[ 28.   0.   0.]
 [ 40.   0.   0.]
 [ 32.   0.   0.]]
cf_score, -4.0
nv_score, 0.0
ratio, 0.282828282828
[[ 25.   0.   0.]
 [ 39.   0.   0.]
 [ 36.   0.   0.]]
cf_score, -11.0
nv_score, 0.0
ratio, 0.252525252525
[[ 27.   0.   0.]
 [ 40.   0.   0.]
 [ 33.   0.   0.]]
cf_score, -6.0
nv_score, 0.0
ratio, 0.272727272727
[[ 22.   0.   0.]
 [ 33.   0.   0.]
 [ 45.   0.   0.]]
cf_score, -23.0
nv_score, 0.0
ratio, 0.222222222222
[[ 20.   0.   0.]
 [ 41.   0.   0.]
 [ 39.   0.   0.]]
cf_score, -19.0
nv_score, 0.0
ratio, 0.20202020202
[[ 25.   0.   0.]
 [ 42.   0.   0.]
 [ 33.   0.   0.]]
cf_score, -8.0
nv_score, 0.0
ratio, 0.252525252525
[[ 19.   0.   0.]
 [ 40.   0.   0.]
 [ 41.   0.   0.]]
cf_score, -22.0
nv_score, 0.0
ratio, 0.191919191919
[[ 18.   0.   0.]
 [ 45.   0.   0.]
 [ 37.   0.   0.]]
cf_score, -19.0
nv_score, 0.0
ratio, 0.181818181818
[[ 26.   0.   0.]
 [ 36.   0.   0.]
 [ 38.   0.   0.]]
cf_score, -12.0
nv_score, 0.0
ratio, 0.262626262626
[[ 26.   0.   0.]
 [ 45.   0.   0.]
 [ 29.   0.   0.]]
cf_score, -3.0
nv_score, 0.0
ratio, 0.262626262626
[[ 21.   0.   0.]
 [ 43.   0.   0.]
 [ 36.   0.   0.]]
cf_score, -15.0
nv_score, 0.0
ratio, 0.212121212121
[[ 21.   0.   0.]
 [ 44.   0.   0.]
 [ 35.   0.   0.]]
cf_score, -14.0
nv_score, 0.0
ratio, 0.212121212121
[[ 29.   0.   0.]
 [ 37.   0.   0.]
 [ 34.   0.   0.]]
cf_score, -5.0
nv_score, 0.0
ratio, 0.292929292929
[[ 19.   0.   0.]
 [ 38.   0.   0.]
 [ 43.   0.   0.]]
cf_score, -24.0
nv_score, 0.0
ratio, 0.191919191919
[[ 25.   0.   0.]
 [ 41.   0.   0.]
 [ 34.   0.   0.]]
cf_score, -9.0
nv_score, 0.0
ratio, 0.252525252525
[[ 25.   0.   0.]
 [ 38.   0.   0.]
 [ 37.   0.   0.]]
cf_score, -12.0
nv_score, 0.0
ratio, 0.252525252525
[[ 15.   0.   0.]
 [ 49.   0.   0.]
 [ 36.   0.   0.]]
cf_score, -21.0
nv_score, 0.0
ratio, 0.151515151515
[[ 24.   0.   0.]
 [ 40.   0.   0.]
 [ 36.   0.   0.]]
cf_score, -12.0
nv_score, 0.0
ratio, 0.242424242424
[[ 23.   0.   0.]
 [ 36.   0.   0.]
 [ 41.   0.   0.]]
cf_score, -18.0
nv_score, 0.0
ratio, 0.232323232323
[[ 20.   0.   0.]
 [ 39.   0.   0.]
 [ 41.   0.   0.]]
cf_score, -21.0
nv_score, 0.0
ratio, 0.20202020202
[[ 19.   0.   0.]
 [ 44.   0.   0.]
 [ 37.   0.   0.]]
cf_score, -18.0
nv_score, 0.0
ratio, 0.191919191919
[[ 26.   0.   0.]
 [ 44.   0.   0.]
 [ 30.   0.   0.]]
cf_score, -4.0
nv_score, 0.0
ratio, 0.262626262626
[[ 22.   0.   0.]
 [ 42.   0.   0.]
 [ 36.   0.   0.]]
cf_score, -14.0
nv_score, 0.0
ratio, 0.222222222222
[[ 20.   0.   0.]
 [ 45.   0.   0.]
 [ 35.   0.   0.]]
cf_score, -15.0
nv_score, 0.0
ratio, 0.20202020202
[[ 26.   0.   0.]
 [ 40.   0.   0.]
 [ 34.   0.   0.]]
cf_score, -8.0
nv_score, 0.0
ratio, 0.262626262626
[[ 21.   0.   0.]
 [ 31.   0.   0.]
 [ 48.   0.   0.]]
cf_score, -27.0
nv_score, 0.0
ratio, 0.212121212121
[[ 21.   0.   0.]
 [ 47.   0.   0.]
 [ 32.   0.   0.]]
cf_score, -11.0
nv_score, 0.0
ratio, 0.212121212121
