[[  5.   7.  21.]
 [  9.   5.  25.]
 [  0.   5.  23.]]
cf_score, 12.0
nv_score, -44.0
ratio, 0.333333333333
[[ 27.   0.   4.]
 [ 39.   0.   7.]
 [  6.   0.  17.]]
cf_score, 34.0
nv_score, 2.0
ratio, 0.444444444444
[[ 18.   0.   9.]
 [ 35.   0.   7.]
 [ 18.   0.  13.]]
cf_score, 4.0
nv_score, -12.0
ratio, 0.313131313131
[[ 17.   4.   7.]
 [ 28.   3.  12.]
 [ 11.   1.  17.]]
cf_score, 19.0
nv_score, -9.0
ratio, 0.373737373737
[[ 23.   5.   4.]
 [ 20.   5.  11.]
 [ 10.   2.  20.]]
cf_score, 34.0
nv_score, 1.0
ratio, 0.484848484848
[[ 24.   1.   9.]
 [ 22.   4.   8.]
 [ 12.   0.  20.]]
cf_score, 27.0
nv_score, -6.0
ratio, 0.484848484848
[[ 21.   1.   7.]
 [ 24.   1.   9.]
 [ 21.   1.  15.]]
cf_score, 9.0
nv_score, -8.0
ratio, 0.373737373737
[[ 23.   4.   4.]
 [ 25.   2.   9.]
 [ 12.   5.  16.]]
cf_score, 25.0
nv_score, -1.0
ratio, 0.414141414141
[[ 14.   2.   8.]
 [ 33.   2.  11.]
 [ 15.   5.  10.]]
cf_score, 3.0
nv_score, -17.0
ratio, 0.262626262626
[[ 34.   2.   4.]
 [ 23.   2.   4.]
 [ 14.   2.  15.]]
cf_score, 33.0
nv_score, 3.0
ratio, 0.515151515152
[[ 26.   6.  11.]
 [ 17.   5.   9.]
 [ 11.   5.  10.]]
cf_score, 19.0
nv_score, -21.0
ratio, 0.414141414141
[[ 18.   4.   9.]
 [ 22.   3.   7.]
 [ 18.   3.  16.]]
cf_score, 10.0
nv_score, -9.0
ratio, 0.373737373737
[[ 20.   2.   8.]
 [ 28.   1.   9.]
 [ 12.   2.  18.]]
cf_score, 19.0
nv_score, -7.0
ratio, 0.393939393939
[[ 12.   3.   8.]
 [ 28.   2.  11.]
 [ 18.   4.  14.]]
cf_score, 2.0
nv_score, -13.0
ratio, 0.282828282828
[[ 23.   4.  10.]
 [ 24.   0.   7.]
 [ 13.   4.  15.]]
cf_score, 15.0
nv_score, -12.0
ratio, 0.383838383838
[[ 15.   2.   9.]
 [ 22.   5.   8.]
 [ 13.   9.  17.]]
cf_score, 15.0
nv_score, -9.0
ratio, 0.373737373737
[[ 21.   3.   6.]
 [ 25.   5.  13.]
 [ 12.   2.  13.]]
cf_score, 21.0
nv_score, -12.0
ratio, 0.393939393939
[[ 23.   3.  10.]
 [ 24.   4.   9.]
 [  8.   2.  17.]]
cf_score, 26.0
nv_score, -12.0
ratio, 0.444444444444
[[ 25.   4.   7.]
 [ 20.   4.   3.]
 [ 11.   6.  20.]]
cf_score, 31.0
nv_score, 3.0
ratio, 0.494949494949
[[ 19.   3.  12.]
 [ 22.   9.   8.]
 [  6.   7.  14.]]
cf_score, 24.0
nv_score, -18.0
ratio, 0.424242424242
[[ 19.   7.  14.]
 [ 18.  10.   6.]
 [  4.   6.  16.]]
cf_score, 27.0
nv_score, -18.0
ratio, 0.454545454545
[[ 20.   5.   5.]
 [ 23.  11.  11.]
 [ 10.   3.  12.]]
cf_score, 28.0
nv_score, -9.0
ratio, 0.434343434343
[[ 26.   2.   5.]
 [ 23.  10.  10.]
 [ 12.   5.   7.]]
cf_score, 26.0
nv_score, -13.0
ratio, 0.434343434343
[[ 18.   1.   7.]
 [ 22.  12.   7.]
 [ 14.   6.  13.]]
cf_score, 22.0
nv_score, -8.0
ratio, 0.434343434343
[[ 13.   2.  10.]
 [ 23.   7.  13.]
 [ 10.   5.  17.]]
cf_score, 17.0
nv_score, -16.0
ratio, 0.373737373737
[[ 16.   4.   6.]
 [ 21.   7.   9.]
 [ 13.   1.  23.]]
cf_score, 27.0
nv_score, 2.0
ratio, 0.464646464646
[[ 11.   8.   9.]
 [ 20.   7.  11.]
 [  9.   5.  20.]]
cf_score, 20.0
nv_score, -9.0
ratio, 0.383838383838
[[ 19.   5.  14.]
 [ 19.   5.  10.]
 [  8.   4.  16.]]
cf_score, 18.0
nv_score, -22.0
ratio, 0.40404040404
[[ 12.   5.  14.]
 [ 19.   3.  12.]
 [  8.   5.  22.]]
cf_score, 15.0
nv_score, -18.0
ratio, 0.373737373737
[[ 11.   5.   3.]
 [ 18.   5.  16.]
 [ 14.   6.  22.]]
cf_score, 21.0
nv_score, 0.0
ratio, 0.383838383838
[[ 27.   5.   7.]
 [ 17.   6.   6.]
 [ 12.   4.  16.]]
cf_score, 30.0
nv_score, -4.0
ratio, 0.494949494949
[[ 23.   0.   9.]
 [ 23.   5.   6.]
 [ 12.   0.  22.]]
cf_score, 29.0
nv_score, -2.0
ratio, 0.505050505051
[[ 13.   4.   8.]
 [ 25.  10.   8.]
 [ 12.   5.  15.]]
cf_score, 18.0
nv_score, -9.0
ratio, 0.383838383838
[[ 13.   3.  10.]
 [ 21.   4.  18.]
 [  7.   5.  19.]]
cf_score, 19.0
nv_score, -19.0
ratio, 0.363636363636
[[ 16.   4.   8.]
 [ 23.   6.  10.]
 [  5.   4.  24.]]
cf_score, 33.0
nv_score, -2.0
ratio, 0.464646464646
[[ 15.  12.  14.]
 [ 26.   3.   6.]
 [  9.   4.  11.]]
cf_score, 6.0
nv_score, -23.0
ratio, 0.292929292929
[[ 17.   4.  10.]
 [ 23.   8.   6.]
 [ 14.   5.  13.]]
cf_score, 14.0
nv_score, -13.0
ratio, 0.383838383838
[[ 28.   1.   6.]
 [ 26.   6.   3.]
 [ 14.   6.  10.]]
cf_score, 24.0
nv_score, -5.0
ratio, 0.444444444444
[[ 18.   5.  12.]
 [ 21.   9.   6.]
 [  9.   4.  16.]]
cf_score, 22.0
nv_score, -14.0
ratio, 0.434343434343
[[ 14.   5.  15.]
 [ 18.   7.  11.]
 [  5.  10.  15.]]
cf_score, 16.0
nv_score, -26.0
ratio, 0.363636363636
[[ 21.   3.  10.]
 [ 18.   5.  10.]
 [ 13.   5.  15.]]
cf_score, 18.0
nv_score, -15.0
ratio, 0.414141414141
[[ 11.   2.  14.]
 [ 20.   6.  10.]
 [ 14.   4.  19.]]
cf_score, 8.0
nv_score, -19.0
ratio, 0.363636363636
[[ 17.   1.   8.]
 [ 19.   6.  11.]
 [  6.   6.  26.]]
cf_score, 35.0
nv_score, -1.0
ratio, 0.494949494949
[[ 23.   0.  17.]
 [ 19.   5.  10.]
 [  8.   8.  10.]]
cf_score, 13.0
nv_score, -34.0
ratio, 0.383838383838
[[ 23.   1.  13.]
 [ 20.   7.   9.]
 [  9.   3.  15.]]
cf_score, 23.0
nv_score, -20.0
ratio, 0.454545454545
[[ 18.   7.  12.]
 [ 20.   1.  16.]
 [  9.   6.  11.]]
cf_score, 9.0
nv_score, -29.0
ratio, 0.30303030303
[[ 21.   3.   6.]
 [ 25.   5.   5.]
 [  8.  11.  16.]]
cf_score, 28.0
nv_score, -1.0
ratio, 0.424242424242
[[ 18.   1.   8.]
 [ 23.   7.   5.]
 [ 12.   9.  17.]]
cf_score, 22.0
nv_score, -4.0
ratio, 0.424242424242
[[ 20.   2.   8.]
 [ 25.   4.  11.]
 [ 10.   3.  17.]]
cf_score, 23.0
nv_score, -10.0
ratio, 0.414141414141
[[ 20.   4.  14.]
 [ 19.   7.   9.]
 [  6.   7.  14.]]
cf_score, 21.0
nv_score, -23.0
ratio, 0.414141414141
