Loading Model: level_list/m1_100/tick_list/ACFN/class/models/model.h5
history_filename: history_recent/ACFN/history.json
Yesterday        : 2017-08-25: OHLCV: 0.1800, 0.2200, 0.1800, 0.2200, 22500
UberYesterday    : 2017-08-24: OHLCV: 0.2200, 0.2200, 0.1900, 0.2000, 40989
[u'0.1800', u'0.2200', u'0.1800', u'0.2200', u'22500']
[u'0.2200', u'0.2200', u'0.1900', u'0.2000', u'40989']
question_base :[0.22, 0.22, 0.19, 0.2, 0.18, 0.22, 0.18, 0.22]
0.198: [0.220, 0.220, 0.190, 0.200, 0.180, 0.220, 0.180, 0.220, 0.198][0.056, 0.165, 0.779]
0.1991: [0.220, 0.220, 0.190, 0.200, 0.180, 0.220, 0.180, 0.220, 0.199][0.057, 0.166, 0.777]
0.2002: [0.220, 0.220, 0.190, 0.200, 0.180, 0.220, 0.180, 0.220, 0.200][0.058, 0.168, 0.774]
0.2013: [0.220, 0.220, 0.190, 0.200, 0.180, 0.220, 0.180, 0.220, 0.201][0.059, 0.169, 0.772]
0.2024: [0.220, 0.220, 0.190, 0.200, 0.180, 0.220, 0.180, 0.220, 0.202][0.060, 0.171, 0.769]
0.2035: [0.220, 0.220, 0.190, 0.200, 0.180, 0.220, 0.180, 0.220, 0.203][0.062, 0.172, 0.766]
0.2046: [0.220, 0.220, 0.190, 0.200, 0.180, 0.220, 0.180, 0.220, 0.205][0.063, 0.174, 0.764]
0.2057: [0.220, 0.220, 0.190, 0.200, 0.180, 0.220, 0.180, 0.220, 0.206][0.064, 0.175, 0.761]
0.2068: [0.220, 0.220, 0.190, 0.200, 0.180, 0.220, 0.180, 0.220, 0.207][0.066, 0.177, 0.758]
0.2079: [0.220, 0.220, 0.190, 0.200, 0.180, 0.220, 0.180, 0.220, 0.208][0.067, 0.178, 0.755]
0.209: [0.220, 0.220, 0.190, 0.200, 0.180, 0.220, 0.180, 0.220, 0.209][0.069, 0.180, 0.751]
0.2101: [0.220, 0.220, 0.190, 0.200, 0.180, 0.220, 0.180, 0.220, 0.210][0.070, 0.182, 0.748]
0.2112: [0.220, 0.220, 0.190, 0.200, 0.180, 0.220, 0.180, 0.220, 0.211][0.072, 0.183, 0.745]
0.2123: [0.220, 0.220, 0.190, 0.200, 0.180, 0.220, 0.180, 0.220, 0.212][0.074, 0.185, 0.741]
0.2134: [0.220, 0.220, 0.190, 0.200, 0.180, 0.220, 0.180, 0.220, 0.213][0.076, 0.187, 0.738]
0.2145: [0.220, 0.220, 0.190, 0.200, 0.180, 0.220, 0.180, 0.220, 0.214][0.078, 0.188, 0.734]
0.2156: [0.220, 0.220, 0.190, 0.200, 0.180, 0.220, 0.180, 0.220, 0.216][0.080, 0.190, 0.731]
0.2167: [0.220, 0.220, 0.190, 0.200, 0.180, 0.220, 0.180, 0.220, 0.217][0.082, 0.192, 0.727]
0.2178: [0.220, 0.220, 0.190, 0.200, 0.180, 0.220, 0.180, 0.220, 0.218][0.084, 0.193, 0.723]
0.2189: [0.220, 0.220, 0.190, 0.200, 0.180, 0.220, 0.180, 0.220, 0.219][0.086, 0.195, 0.719]
0.22: [0.220, 0.220, 0.190, 0.200, 0.180, 0.220, 0.180, 0.220, 0.220][0.089, 0.197, 0.715]
0.2211: [0.220, 0.220, 0.190, 0.200, 0.180, 0.220, 0.180, 0.220, 0.221][0.091, 0.199, 0.710]
0.2222: [0.220, 0.220, 0.190, 0.200, 0.180, 0.220, 0.180, 0.220, 0.222][0.094, 0.200, 0.706]
0.2233: [0.220, 0.220, 0.190, 0.200, 0.180, 0.220, 0.180, 0.220, 0.223][0.096, 0.202, 0.702]
0.2244: [0.220, 0.220, 0.190, 0.200, 0.180, 0.220, 0.180, 0.220, 0.224][0.099, 0.204, 0.697]
0.2255: [0.220, 0.220, 0.190, 0.200, 0.180, 0.220, 0.180, 0.220, 0.225][0.102, 0.205, 0.692]
0.2266: [0.220, 0.220, 0.190, 0.200, 0.180, 0.220, 0.180, 0.220, 0.227][0.105, 0.207, 0.688]
0.2277: [0.220, 0.220, 0.190, 0.200, 0.180, 0.220, 0.180, 0.220, 0.228][0.109, 0.209, 0.683]
0.2288: [0.220, 0.220, 0.190, 0.200, 0.180, 0.220, 0.180, 0.220, 0.229][0.112, 0.210, 0.678]
0.2299: [0.220, 0.220, 0.190, 0.200, 0.180, 0.220, 0.180, 0.220, 0.230][0.116, 0.212, 0.672]
0.231: [0.220, 0.220, 0.190, 0.200, 0.180, 0.220, 0.180, 0.220, 0.231][0.119, 0.214, 0.667]
0.2321: [0.220, 0.220, 0.190, 0.200, 0.180, 0.220, 0.180, 0.220, 0.232][0.123, 0.215, 0.662]
0.2332: [0.220, 0.220, 0.190, 0.200, 0.180, 0.220, 0.180, 0.220, 0.233][0.127, 0.217, 0.656]
0.2343: [0.220, 0.220, 0.190, 0.200, 0.180, 0.220, 0.180, 0.220, 0.234][0.131, 0.218, 0.651]
0.2354: [0.220, 0.220, 0.190, 0.200, 0.180, 0.220, 0.180, 0.220, 0.235][0.136, 0.220, 0.645]
0.2365: [0.220, 0.220, 0.190, 0.200, 0.180, 0.220, 0.180, 0.220, 0.236][0.140, 0.221, 0.639]
0.2376: [0.220, 0.220, 0.190, 0.200, 0.180, 0.220, 0.180, 0.220, 0.238][0.145, 0.222, 0.633]
0.2387: [0.220, 0.220, 0.190, 0.200, 0.180, 0.220, 0.180, 0.220, 0.239][0.150, 0.223, 0.627]
0.2398: [0.220, 0.220, 0.190, 0.200, 0.180, 0.220, 0.180, 0.220, 0.240][0.155, 0.225, 0.621]
0.2409: [0.220, 0.220, 0.190, 0.200, 0.180, 0.220, 0.180, 0.220, 0.241][0.160, 0.226, 0.614]
0.242: [0.220, 0.220, 0.190, 0.200, 0.180, 0.220, 0.180, 0.220, 0.242][0.165, 0.227, 0.608]
