Loading Model: level_list/m1_100/tick_list/APOG/class/models/model.h5
history_filename: history_recent/APOG/history.json
Yesterday        : 2017-08-25: OHLCV: 41.1300, 42.8000, 40.8100, 42.6100, 793084
UberYesterday    : 2017-08-24: OHLCV: 41.2100, 42.0900, 40.7100, 41.0600, 984595
[u'41.1300', u'42.8000', u'40.8100', u'42.6100', u'793084']
[u'41.2100', u'42.0900', u'40.7100', u'41.0600', u'984595']
question_base :[41.21, 42.09, 40.71, 41.06, 41.13, 42.8, 40.81, 42.61]
38.349: [41.210, 42.090, 40.710, 41.060, 41.130, 42.800, 40.810, 42.610, 38.349][0.011, 0.006, 0.983]
38.56205: [41.210, 42.090, 40.710, 41.060, 41.130, 42.800, 40.810, 42.610, 38.562][0.011, 0.006, 0.983]
38.7751: [41.210, 42.090, 40.710, 41.060, 41.130, 42.800, 40.810, 42.610, 38.775][0.011, 0.006, 0.982]
38.98815: [41.210, 42.090, 40.710, 41.060, 41.130, 42.800, 40.810, 42.610, 38.988][0.011, 0.006, 0.982]
39.2012: [41.210, 42.090, 40.710, 41.060, 41.130, 42.800, 40.810, 42.610, 39.201][0.012, 0.007, 0.982]
39.41425: [41.210, 42.090, 40.710, 41.060, 41.130, 42.800, 40.810, 42.610, 39.414][0.012, 0.007, 0.981]
39.6273: [41.210, 42.090, 40.710, 41.060, 41.130, 42.800, 40.810, 42.610, 39.627][0.012, 0.007, 0.981]
39.84035: [41.210, 42.090, 40.710, 41.060, 41.130, 42.800, 40.810, 42.610, 39.840][0.013, 0.008, 0.979]
40.0534: [41.210, 42.090, 40.710, 41.060, 41.130, 42.800, 40.810, 42.610, 40.053][0.014, 0.009, 0.977]
40.26645: [41.210, 42.090, 40.710, 41.060, 41.130, 42.800, 40.810, 42.610, 40.266][0.016, 0.010, 0.973]
40.4795: [41.210, 42.090, 40.710, 41.060, 41.130, 42.800, 40.810, 42.610, 40.480][0.020, 0.014, 0.966]
40.69255: [41.210, 42.090, 40.710, 41.060, 41.130, 42.800, 40.810, 42.610, 40.693][0.029, 0.024, 0.947]
40.9056: [41.210, 42.090, 40.710, 41.060, 41.130, 42.800, 40.810, 42.610, 40.906][0.055, 0.058, 0.887]
41.11865: [41.210, 42.090, 40.710, 41.060, 41.130, 42.800, 40.810, 42.610, 41.119][0.128, 0.196, 0.676]
41.3317: [41.210, 42.090, 40.710, 41.060, 41.130, 42.800, 40.810, 42.610, 41.332][0.219, 0.432, 0.349]
41.54475: [41.210, 42.090, 40.710, 41.060, 41.130, 42.800, 40.810, 42.610, 41.545][0.354, 0.467, 0.179]
41.7578: [41.210, 42.090, 40.710, 41.060, 41.130, 42.800, 40.810, 42.610, 41.758][0.494, 0.393, 0.113]
41.97085: [41.210, 42.090, 40.710, 41.060, 41.130, 42.800, 40.810, 42.610, 41.971][0.542, 0.362, 0.096]
42.1839: [41.210, 42.090, 40.710, 41.060, 41.130, 42.800, 40.810, 42.610, 42.184][0.554, 0.354, 0.092]
42.39695: [41.210, 42.090, 40.710, 41.060, 41.130, 42.800, 40.810, 42.610, 42.397][0.558, 0.351, 0.090]
42.61: [41.210, 42.090, 40.710, 41.060, 41.130, 42.800, 40.810, 42.610, 42.610][0.560, 0.350, 0.090]
42.82305: [41.210, 42.090, 40.710, 41.060, 41.130, 42.800, 40.810, 42.610, 42.823][0.560, 0.350, 0.090]
43.0361: [41.210, 42.090, 40.710, 41.060, 41.130, 42.800, 40.810, 42.610, 43.036][0.561, 0.350, 0.090]
43.24915: [41.210, 42.090, 40.710, 41.060, 41.130, 42.800, 40.810, 42.610, 43.249][0.561, 0.350, 0.090]
43.4622: [41.210, 42.090, 40.710, 41.060, 41.130, 42.800, 40.810, 42.610, 43.462][0.561, 0.349, 0.089]
43.67525: [41.210, 42.090, 40.710, 41.060, 41.130, 42.800, 40.810, 42.610, 43.675][0.561, 0.349, 0.089]
43.8883: [41.210, 42.090, 40.710, 41.060, 41.130, 42.800, 40.810, 42.610, 43.888][0.561, 0.349, 0.089]
44.10135: [41.210, 42.090, 40.710, 41.060, 41.130, 42.800, 40.810, 42.610, 44.101][0.561, 0.349, 0.089]
44.3144: [41.210, 42.090, 40.710, 41.060, 41.130, 42.800, 40.810, 42.610, 44.314][0.561, 0.349, 0.089]
44.52745: [41.210, 42.090, 40.710, 41.060, 41.130, 42.800, 40.810, 42.610, 44.527][0.561, 0.349, 0.089]
44.7405: [41.210, 42.090, 40.710, 41.060, 41.130, 42.800, 40.810, 42.610, 44.741][0.561, 0.349, 0.089]
44.95355: [41.210, 42.090, 40.710, 41.060, 41.130, 42.800, 40.810, 42.610, 44.954][0.561, 0.349, 0.089]
45.1666: [41.210, 42.090, 40.710, 41.060, 41.130, 42.800, 40.810, 42.610, 45.167][0.561, 0.349, 0.089]
45.37965: [41.210, 42.090, 40.710, 41.060, 41.130, 42.800, 40.810, 42.610, 45.380][0.561, 0.349, 0.089]
45.5927: [41.210, 42.090, 40.710, 41.060, 41.130, 42.800, 40.810, 42.610, 45.593][0.561, 0.349, 0.089]
45.80575: [41.210, 42.090, 40.710, 41.060, 41.130, 42.800, 40.810, 42.610, 45.806][0.561, 0.349, 0.089]
46.0188: [41.210, 42.090, 40.710, 41.060, 41.130, 42.800, 40.810, 42.610, 46.019][0.561, 0.349, 0.089]
46.23185: [41.210, 42.090, 40.710, 41.060, 41.130, 42.800, 40.810, 42.610, 46.232][0.561, 0.349, 0.089]
46.4449: [41.210, 42.090, 40.710, 41.060, 41.130, 42.800, 40.810, 42.610, 46.445][0.561, 0.349, 0.089]
46.65795: [41.210, 42.090, 40.710, 41.060, 41.130, 42.800, 40.810, 42.610, 46.658][0.561, 0.349, 0.089]
