Loading Model: level_list/m1_100/tick_list/ATW/class/models/model.h5
history_filename: history_recent/ATW/history.json
Yesterday        : 2017-08-25: OHLCV: 6.6400, 6.8200, 6.5200, 6.5400, 3424928
UberYesterday    : 2017-08-24: OHLCV: 6.5400, 6.7900, 6.5300, 6.6200, 4751315
[u'6.6400', u'6.8200', u'6.5200', u'6.5400', u'3424928']
[u'6.5400', u'6.7900', u'6.5300', u'6.6200', u'4751315']
question_base :[6.54, 6.79, 6.53, 6.62, 6.64, 6.82, 6.52, 6.54]
5.886: [6.540, 6.790, 6.530, 6.620, 6.640, 6.820, 6.520, 6.540, 5.886][0.058, 0.121, 0.821]
5.9187: [6.540, 6.790, 6.530, 6.620, 6.640, 6.820, 6.520, 6.540, 5.919][0.058, 0.121, 0.821]
5.9514: [6.540, 6.790, 6.530, 6.620, 6.640, 6.820, 6.520, 6.540, 5.951][0.058, 0.121, 0.821]
5.9841: [6.540, 6.790, 6.530, 6.620, 6.640, 6.820, 6.520, 6.540, 5.984][0.058, 0.121, 0.821]
6.0168: [6.540, 6.790, 6.530, 6.620, 6.640, 6.820, 6.520, 6.540, 6.017][0.058, 0.121, 0.821]
6.0495: [6.540, 6.790, 6.530, 6.620, 6.640, 6.820, 6.520, 6.540, 6.050][0.058, 0.121, 0.821]
6.0822: [6.540, 6.790, 6.530, 6.620, 6.640, 6.820, 6.520, 6.540, 6.082][0.058, 0.121, 0.821]
6.1149: [6.540, 6.790, 6.530, 6.620, 6.640, 6.820, 6.520, 6.540, 6.115][0.058, 0.122, 0.821]
6.1476: [6.540, 6.790, 6.530, 6.620, 6.640, 6.820, 6.520, 6.540, 6.148][0.058, 0.122, 0.821]
6.1803: [6.540, 6.790, 6.530, 6.620, 6.640, 6.820, 6.520, 6.540, 6.180][0.058, 0.122, 0.821]
6.213: [6.540, 6.790, 6.530, 6.620, 6.640, 6.820, 6.520, 6.540, 6.213][0.058, 0.122, 0.821]
6.2457: [6.540, 6.790, 6.530, 6.620, 6.640, 6.820, 6.520, 6.540, 6.246][0.058, 0.122, 0.820]
6.2784: [6.540, 6.790, 6.530, 6.620, 6.640, 6.820, 6.520, 6.540, 6.278][0.058, 0.122, 0.820]
6.3111: [6.540, 6.790, 6.530, 6.620, 6.640, 6.820, 6.520, 6.540, 6.311][0.058, 0.122, 0.820]
6.3438: [6.540, 6.790, 6.530, 6.620, 6.640, 6.820, 6.520, 6.540, 6.344][0.058, 0.122, 0.820]
6.3765: [6.540, 6.790, 6.530, 6.620, 6.640, 6.820, 6.520, 6.540, 6.377][0.058, 0.123, 0.820]
6.4092: [6.540, 6.790, 6.530, 6.620, 6.640, 6.820, 6.520, 6.540, 6.409][0.058, 0.123, 0.819]
6.4419: [6.540, 6.790, 6.530, 6.620, 6.640, 6.820, 6.520, 6.540, 6.442][0.058, 0.123, 0.819]
6.4746: [6.540, 6.790, 6.530, 6.620, 6.640, 6.820, 6.520, 6.540, 6.475][0.058, 0.123, 0.819]
6.5073: [6.540, 6.790, 6.530, 6.620, 6.640, 6.820, 6.520, 6.540, 6.507][0.058, 0.124, 0.818]
6.54: [6.540, 6.790, 6.530, 6.620, 6.640, 6.820, 6.520, 6.540, 6.540][0.058, 0.124, 0.818]
6.5727: [6.540, 6.790, 6.530, 6.620, 6.640, 6.820, 6.520, 6.540, 6.573][0.059, 0.124, 0.817]
6.6054: [6.540, 6.790, 6.530, 6.620, 6.640, 6.820, 6.520, 6.540, 6.605][0.059, 0.125, 0.816]
6.6381: [6.540, 6.790, 6.530, 6.620, 6.640, 6.820, 6.520, 6.540, 6.638][0.059, 0.125, 0.816]
6.6708: [6.540, 6.790, 6.530, 6.620, 6.640, 6.820, 6.520, 6.540, 6.671][0.059, 0.126, 0.815]
6.7035: [6.540, 6.790, 6.530, 6.620, 6.640, 6.820, 6.520, 6.540, 6.704][0.059, 0.127, 0.814]
6.7362: [6.540, 6.790, 6.530, 6.620, 6.640, 6.820, 6.520, 6.540, 6.736][0.060, 0.127, 0.813]
6.7689: [6.540, 6.790, 6.530, 6.620, 6.640, 6.820, 6.520, 6.540, 6.769][0.060, 0.128, 0.812]
6.8016: [6.540, 6.790, 6.530, 6.620, 6.640, 6.820, 6.520, 6.540, 6.802][0.061, 0.129, 0.810]
6.8343: [6.540, 6.790, 6.530, 6.620, 6.640, 6.820, 6.520, 6.540, 6.834][0.061, 0.130, 0.809]
6.867: [6.540, 6.790, 6.530, 6.620, 6.640, 6.820, 6.520, 6.540, 6.867][0.061, 0.131, 0.807]
6.8997: [6.540, 6.790, 6.530, 6.620, 6.640, 6.820, 6.520, 6.540, 6.900][0.062, 0.133, 0.805]
6.9324: [6.540, 6.790, 6.530, 6.620, 6.640, 6.820, 6.520, 6.540, 6.932][0.063, 0.134, 0.803]
6.9651: [6.540, 6.790, 6.530, 6.620, 6.640, 6.820, 6.520, 6.540, 6.965][0.063, 0.136, 0.800]
6.9978: [6.540, 6.790, 6.530, 6.620, 6.640, 6.820, 6.520, 6.540, 6.998][0.064, 0.138, 0.798]
7.0305: [6.540, 6.790, 6.530, 6.620, 6.640, 6.820, 6.520, 6.540, 7.031][0.065, 0.140, 0.794]
7.0632: [6.540, 6.790, 6.530, 6.620, 6.640, 6.820, 6.520, 6.540, 7.063][0.067, 0.143, 0.790]
7.0959: [6.540, 6.790, 6.530, 6.620, 6.640, 6.820, 6.520, 6.540, 7.096][0.068, 0.146, 0.786]
7.1286: [6.540, 6.790, 6.530, 6.620, 6.640, 6.820, 6.520, 6.540, 7.129][0.070, 0.150, 0.781]
7.1613: [6.540, 6.790, 6.530, 6.620, 6.640, 6.820, 6.520, 6.540, 7.161][0.071, 0.153, 0.775]
