Loading Model: level_list/m1_100/tick_list/DXPE/class/models/model.h5
history_filename: history_recent/DXPE/history.json
Yesterday        : 2017-08-25: OHLCV: 26.1000, 26.8600, 25.9700, 26.3600, 52607
UberYesterday    : 2017-08-24: OHLCV: 26.2200, 26.3700, 25.8300, 25.9600, 98051
[u'26.1000', u'26.8600', u'25.9700', u'26.3600', u'52607']
[u'26.2200', u'26.3700', u'25.8300', u'25.9600', u'98051']
question_base :[26.22, 26.37, 25.83, 25.96, 26.1, 26.86, 25.97, 26.36]
23.724: [26.220, 26.370, 25.830, 25.960, 26.100, 26.860, 25.970, 26.360, 23.724][0.076, 0.638, 0.286]
23.8558: [26.220, 26.370, 25.830, 25.960, 26.100, 26.860, 25.970, 26.360, 23.856][0.076, 0.637, 0.287]
23.9876: [26.220, 26.370, 25.830, 25.960, 26.100, 26.860, 25.970, 26.360, 23.988][0.076, 0.636, 0.288]
24.1194: [26.220, 26.370, 25.830, 25.960, 26.100, 26.860, 25.970, 26.360, 24.119][0.076, 0.634, 0.290]
24.2512: [26.220, 26.370, 25.830, 25.960, 26.100, 26.860, 25.970, 26.360, 24.251][0.076, 0.633, 0.291]
24.383: [26.220, 26.370, 25.830, 25.960, 26.100, 26.860, 25.970, 26.360, 24.383][0.076, 0.631, 0.293]
24.5148: [26.220, 26.370, 25.830, 25.960, 26.100, 26.860, 25.970, 26.360, 24.515][0.076, 0.629, 0.295]
24.6466: [26.220, 26.370, 25.830, 25.960, 26.100, 26.860, 25.970, 26.360, 24.647][0.076, 0.627, 0.297]
24.7784: [26.220, 26.370, 25.830, 25.960, 26.100, 26.860, 25.970, 26.360, 24.778][0.077, 0.624, 0.299]
24.9102: [26.220, 26.370, 25.830, 25.960, 26.100, 26.860, 25.970, 26.360, 24.910][0.077, 0.622, 0.301]
25.042: [26.220, 26.370, 25.830, 25.960, 26.100, 26.860, 25.970, 26.360, 25.042][0.077, 0.619, 0.304]
25.1738: [26.220, 26.370, 25.830, 25.960, 26.100, 26.860, 25.970, 26.360, 25.174][0.077, 0.617, 0.306]
25.3056: [26.220, 26.370, 25.830, 25.960, 26.100, 26.860, 25.970, 26.360, 25.306][0.077, 0.614, 0.309]
25.4374: [26.220, 26.370, 25.830, 25.960, 26.100, 26.860, 25.970, 26.360, 25.437][0.078, 0.611, 0.312]
25.5692: [26.220, 26.370, 25.830, 25.960, 26.100, 26.860, 25.970, 26.360, 25.569][0.078, 0.607, 0.315]
25.701: [26.220, 26.370, 25.830, 25.960, 26.100, 26.860, 25.970, 26.360, 25.701][0.078, 0.604, 0.318]
25.8328: [26.220, 26.370, 25.830, 25.960, 26.100, 26.860, 25.970, 26.360, 25.833][0.078, 0.601, 0.321]
25.9646: [26.220, 26.370, 25.830, 25.960, 26.100, 26.860, 25.970, 26.360, 25.965][0.079, 0.597, 0.324]
26.0964: [26.220, 26.370, 25.830, 25.960, 26.100, 26.860, 25.970, 26.360, 26.096][0.079, 0.593, 0.328]
26.2282: [26.220, 26.370, 25.830, 25.960, 26.100, 26.860, 25.970, 26.360, 26.228][0.079, 0.590, 0.331]
26.36: [26.220, 26.370, 25.830, 25.960, 26.100, 26.860, 25.970, 26.360, 26.360][0.079, 0.586, 0.335]
26.4918: [26.220, 26.370, 25.830, 25.960, 26.100, 26.860, 25.970, 26.360, 26.492][0.080, 0.582, 0.339]
26.6236: [26.220, 26.370, 25.830, 25.960, 26.100, 26.860, 25.970, 26.360, 26.624][0.080, 0.577, 0.343]
26.7554: [26.220, 26.370, 25.830, 25.960, 26.100, 26.860, 25.970, 26.360, 26.755][0.080, 0.573, 0.346]
26.8872: [26.220, 26.370, 25.830, 25.960, 26.100, 26.860, 25.970, 26.360, 26.887][0.081, 0.569, 0.350]
27.019: [26.220, 26.370, 25.830, 25.960, 26.100, 26.860, 25.970, 26.360, 27.019][0.081, 0.565, 0.354]
27.1508: [26.220, 26.370, 25.830, 25.960, 26.100, 26.860, 25.970, 26.360, 27.151][0.081, 0.560, 0.358]
27.2826: [26.220, 26.370, 25.830, 25.960, 26.100, 26.860, 25.970, 26.360, 27.283][0.082, 0.556, 0.362]
27.4144: [26.220, 26.370, 25.830, 25.960, 26.100, 26.860, 25.970, 26.360, 27.414][0.082, 0.552, 0.366]
27.5462: [26.220, 26.370, 25.830, 25.960, 26.100, 26.860, 25.970, 26.360, 27.546][0.082, 0.548, 0.370]
27.678: [26.220, 26.370, 25.830, 25.960, 26.100, 26.860, 25.970, 26.360, 27.678][0.083, 0.543, 0.374]
27.8098: [26.220, 26.370, 25.830, 25.960, 26.100, 26.860, 25.970, 26.360, 27.810][0.083, 0.539, 0.377]
27.9416: [26.220, 26.370, 25.830, 25.960, 26.100, 26.860, 25.970, 26.360, 27.942][0.084, 0.536, 0.380]
28.0734: [26.220, 26.370, 25.830, 25.960, 26.100, 26.860, 25.970, 26.360, 28.073][0.084, 0.532, 0.383]
28.2052: [26.220, 26.370, 25.830, 25.960, 26.100, 26.860, 25.970, 26.360, 28.205][0.085, 0.529, 0.386]
28.337: [26.220, 26.370, 25.830, 25.960, 26.100, 26.860, 25.970, 26.360, 28.337][0.086, 0.526, 0.388]
28.4688: [26.220, 26.370, 25.830, 25.960, 26.100, 26.860, 25.970, 26.360, 28.469][0.086, 0.524, 0.390]
28.6006: [26.220, 26.370, 25.830, 25.960, 26.100, 26.860, 25.970, 26.360, 28.601][0.087, 0.522, 0.391]
28.7324: [26.220, 26.370, 25.830, 25.960, 26.100, 26.860, 25.970, 26.360, 28.732][0.088, 0.520, 0.392]
28.8642: [26.220, 26.370, 25.830, 25.960, 26.100, 26.860, 25.970, 26.360, 28.864][0.089, 0.520, 0.391]
28.996: [26.220, 26.370, 25.830, 25.960, 26.100, 26.860, 25.970, 26.360, 28.996][0.090, 0.519, 0.390]
