Loading Model: level_list/m1_100/tick_list/INSY/class/models/model.h5
history_filename: history_recent/INSY/history.json
Yesterday        : 2017-08-25: OHLCV: 9.5700, 9.9700, 9.5400, 9.6200, 617052
UberYesterday    : 2017-08-24: OHLCV: 9.1200, 9.6000, 9.0700, 9.4300, 595084
[u'9.5700', u'9.9700', u'9.5400', u'9.6200', u'617052']
[u'9.1200', u'9.6000', u'9.0700', u'9.4300', u'595084']
question_base :[9.12, 9.6, 9.07, 9.43, 9.57, 9.97, 9.54, 9.62]
8.658: [9.120, 9.600, 9.070, 9.430, 9.570, 9.970, 9.540, 9.620, 8.658][0.333, 0.400, 0.267]
8.7061: [9.120, 9.600, 9.070, 9.430, 9.570, 9.970, 9.540, 9.620, 8.706][0.333, 0.400, 0.267]
8.7542: [9.120, 9.600, 9.070, 9.430, 9.570, 9.970, 9.540, 9.620, 8.754][0.333, 0.400, 0.267]
8.8023: [9.120, 9.600, 9.070, 9.430, 9.570, 9.970, 9.540, 9.620, 8.802][0.333, 0.400, 0.267]
8.8504: [9.120, 9.600, 9.070, 9.430, 9.570, 9.970, 9.540, 9.620, 8.850][0.333, 0.400, 0.267]
8.8985: [9.120, 9.600, 9.070, 9.430, 9.570, 9.970, 9.540, 9.620, 8.898][0.333, 0.400, 0.267]
8.9466: [9.120, 9.600, 9.070, 9.430, 9.570, 9.970, 9.540, 9.620, 8.947][0.333, 0.400, 0.267]
8.9947: [9.120, 9.600, 9.070, 9.430, 9.570, 9.970, 9.540, 9.620, 8.995][0.333, 0.400, 0.267]
9.0428: [9.120, 9.600, 9.070, 9.430, 9.570, 9.970, 9.540, 9.620, 9.043][0.333, 0.400, 0.267]
9.0909: [9.120, 9.600, 9.070, 9.430, 9.570, 9.970, 9.540, 9.620, 9.091][0.333, 0.400, 0.267]
9.139: [9.120, 9.600, 9.070, 9.430, 9.570, 9.970, 9.540, 9.620, 9.139][0.333, 0.400, 0.267]
9.1871: [9.120, 9.600, 9.070, 9.430, 9.570, 9.970, 9.540, 9.620, 9.187][0.333, 0.400, 0.267]
9.2352: [9.120, 9.600, 9.070, 9.430, 9.570, 9.970, 9.540, 9.620, 9.235][0.333, 0.400, 0.267]
9.2833: [9.120, 9.600, 9.070, 9.430, 9.570, 9.970, 9.540, 9.620, 9.283][0.333, 0.400, 0.267]
9.3314: [9.120, 9.600, 9.070, 9.430, 9.570, 9.970, 9.540, 9.620, 9.331][0.333, 0.400, 0.267]
9.3795: [9.120, 9.600, 9.070, 9.430, 9.570, 9.970, 9.540, 9.620, 9.379][0.333, 0.400, 0.267]
9.4276: [9.120, 9.600, 9.070, 9.430, 9.570, 9.970, 9.540, 9.620, 9.428][0.333, 0.400, 0.267]
9.4757: [9.120, 9.600, 9.070, 9.430, 9.570, 9.970, 9.540, 9.620, 9.476][0.333, 0.400, 0.267]
9.5238: [9.120, 9.600, 9.070, 9.430, 9.570, 9.970, 9.540, 9.620, 9.524][0.333, 0.400, 0.267]
9.5719: [9.120, 9.600, 9.070, 9.430, 9.570, 9.970, 9.540, 9.620, 9.572][0.333, 0.400, 0.267]
9.62: [9.120, 9.600, 9.070, 9.430, 9.570, 9.970, 9.540, 9.620, 9.620][0.333, 0.400, 0.267]
9.6681: [9.120, 9.600, 9.070, 9.430, 9.570, 9.970, 9.540, 9.620, 9.668][0.333, 0.400, 0.267]
9.7162: [9.120, 9.600, 9.070, 9.430, 9.570, 9.970, 9.540, 9.620, 9.716][0.333, 0.400, 0.267]
9.7643: [9.120, 9.600, 9.070, 9.430, 9.570, 9.970, 9.540, 9.620, 9.764][0.333, 0.400, 0.267]
9.8124: [9.120, 9.600, 9.070, 9.430, 9.570, 9.970, 9.540, 9.620, 9.812][0.333, 0.400, 0.267]
9.8605: [9.120, 9.600, 9.070, 9.430, 9.570, 9.970, 9.540, 9.620, 9.860][0.333, 0.400, 0.267]
9.9086: [9.120, 9.600, 9.070, 9.430, 9.570, 9.970, 9.540, 9.620, 9.909][0.333, 0.400, 0.267]
9.9567: [9.120, 9.600, 9.070, 9.430, 9.570, 9.970, 9.540, 9.620, 9.957][0.333, 0.400, 0.267]
10.0048: [9.120, 9.600, 9.070, 9.430, 9.570, 9.970, 9.540, 9.620, 10.005][0.333, 0.400, 0.267]
10.0529: [9.120, 9.600, 9.070, 9.430, 9.570, 9.970, 9.540, 9.620, 10.053][0.333, 0.400, 0.267]
10.101: [9.120, 9.600, 9.070, 9.430, 9.570, 9.970, 9.540, 9.620, 10.101][0.333, 0.400, 0.267]
10.1491: [9.120, 9.600, 9.070, 9.430, 9.570, 9.970, 9.540, 9.620, 10.149][0.333, 0.400, 0.267]
10.1972: [9.120, 9.600, 9.070, 9.430, 9.570, 9.970, 9.540, 9.620, 10.197][0.333, 0.400, 0.267]
10.2453: [9.120, 9.600, 9.070, 9.430, 9.570, 9.970, 9.540, 9.620, 10.245][0.333, 0.400, 0.267]
10.2934: [9.120, 9.600, 9.070, 9.430, 9.570, 9.970, 9.540, 9.620, 10.293][0.333, 0.400, 0.267]
10.3415: [9.120, 9.600, 9.070, 9.430, 9.570, 9.970, 9.540, 9.620, 10.341][0.333, 0.400, 0.267]
10.3896: [9.120, 9.600, 9.070, 9.430, 9.570, 9.970, 9.540, 9.620, 10.390][0.333, 0.400, 0.267]
10.4377: [9.120, 9.600, 9.070, 9.430, 9.570, 9.970, 9.540, 9.620, 10.438][0.333, 0.400, 0.267]
10.4858: [9.120, 9.600, 9.070, 9.430, 9.570, 9.970, 9.540, 9.620, 10.486][0.333, 0.400, 0.267]
10.5339: [9.120, 9.600, 9.070, 9.430, 9.570, 9.970, 9.540, 9.620, 10.534][0.333, 0.400, 0.267]
10.582: [9.120, 9.600, 9.070, 9.430, 9.570, 9.970, 9.540, 9.620, 10.582][0.333, 0.400, 0.267]
