Loading Model: level_list/m1_100/tick_list/XONE/class/models/model.h5
history_filename: history_recent/XONE/history.json
Yesterday        : 2017-08-25: OHLCV: 7.8900, 8.0500, 7.7600, 7.9100, 75073
UberYesterday    : 2017-08-24: OHLCV: 8.0100, 8.0200, 7.5900, 7.8400, 211258
[u'7.8900', u'8.0500', u'7.7600', u'7.9100', u'75073']
[u'8.0100', u'8.0200', u'7.5900', u'7.8400', u'211258']
question_base :[8.01, 8.02, 7.59, 7.84, 7.89, 8.05, 7.76, 7.91]
7.119: [8.010, 8.020, 7.590, 7.840, 7.890, 8.050, 7.760, 7.910, 7.119][0.119, 0.170, 0.712]
7.15855: [8.010, 8.020, 7.590, 7.840, 7.890, 8.050, 7.760, 7.910, 7.159][0.119, 0.170, 0.712]
7.1981: [8.010, 8.020, 7.590, 7.840, 7.890, 8.050, 7.760, 7.910, 7.198][0.119, 0.170, 0.712]
7.23765: [8.010, 8.020, 7.590, 7.840, 7.890, 8.050, 7.760, 7.910, 7.238][0.119, 0.170, 0.712]
7.2772: [8.010, 8.020, 7.590, 7.840, 7.890, 8.050, 7.760, 7.910, 7.277][0.119, 0.170, 0.712]
7.31675: [8.010, 8.020, 7.590, 7.840, 7.890, 8.050, 7.760, 7.910, 7.317][0.119, 0.170, 0.712]
7.3563: [8.010, 8.020, 7.590, 7.840, 7.890, 8.050, 7.760, 7.910, 7.356][0.119, 0.170, 0.712]
7.39585: [8.010, 8.020, 7.590, 7.840, 7.890, 8.050, 7.760, 7.910, 7.396][0.119, 0.170, 0.712]
7.4354: [8.010, 8.020, 7.590, 7.840, 7.890, 8.050, 7.760, 7.910, 7.435][0.119, 0.170, 0.712]
7.47495: [8.010, 8.020, 7.590, 7.840, 7.890, 8.050, 7.760, 7.910, 7.475][0.119, 0.170, 0.712]
7.5145: [8.010, 8.020, 7.590, 7.840, 7.890, 8.050, 7.760, 7.910, 7.515][0.119, 0.170, 0.712]
7.55405: [8.010, 8.020, 7.590, 7.840, 7.890, 8.050, 7.760, 7.910, 7.554][0.118, 0.170, 0.712]
7.5936: [8.010, 8.020, 7.590, 7.840, 7.890, 8.050, 7.760, 7.910, 7.594][0.118, 0.170, 0.712]
7.63315: [8.010, 8.020, 7.590, 7.840, 7.890, 8.050, 7.760, 7.910, 7.633][0.118, 0.170, 0.712]
7.6727: [8.010, 8.020, 7.590, 7.840, 7.890, 8.050, 7.760, 7.910, 7.673][0.118, 0.170, 0.712]
7.71225: [8.010, 8.020, 7.590, 7.840, 7.890, 8.050, 7.760, 7.910, 7.712][0.118, 0.171, 0.711]
7.7518: [8.010, 8.020, 7.590, 7.840, 7.890, 8.050, 7.760, 7.910, 7.752][0.116, 0.175, 0.709]
7.79135: [8.010, 8.020, 7.590, 7.840, 7.890, 8.050, 7.760, 7.910, 7.791][0.110, 0.189, 0.701]
7.8309: [8.010, 8.020, 7.590, 7.840, 7.890, 8.050, 7.760, 7.910, 7.831][0.094, 0.253, 0.653]
7.87045: [8.010, 8.020, 7.590, 7.840, 7.890, 8.050, 7.760, 7.910, 7.870][0.074, 0.439, 0.488]
7.91: [8.010, 8.020, 7.590, 7.840, 7.890, 8.050, 7.760, 7.910, 7.910][0.082, 0.572, 0.347]
7.94955: [8.010, 8.020, 7.590, 7.840, 7.890, 8.050, 7.760, 7.910, 7.950][0.127, 0.558, 0.315]
7.9891: [8.010, 8.020, 7.590, 7.840, 7.890, 8.050, 7.760, 7.910, 7.989][0.187, 0.502, 0.310]
8.02865: [8.010, 8.020, 7.590, 7.840, 7.890, 8.050, 7.760, 7.910, 8.029][0.244, 0.451, 0.305]
8.0682: [8.010, 8.020, 7.590, 7.840, 7.890, 8.050, 7.760, 7.910, 8.068][0.289, 0.412, 0.299]
8.10775: [8.010, 8.020, 7.590, 7.840, 7.890, 8.050, 7.760, 7.910, 8.108][0.323, 0.384, 0.293]
8.1473: [8.010, 8.020, 7.590, 7.840, 7.890, 8.050, 7.760, 7.910, 8.147][0.347, 0.364, 0.289]
8.18685: [8.010, 8.020, 7.590, 7.840, 7.890, 8.050, 7.760, 7.910, 8.187][0.365, 0.351, 0.285]
8.2264: [8.010, 8.020, 7.590, 7.840, 7.890, 8.050, 7.760, 7.910, 8.226][0.377, 0.341, 0.282]
8.26595: [8.010, 8.020, 7.590, 7.840, 7.890, 8.050, 7.760, 7.910, 8.266][0.387, 0.334, 0.280]
8.3055: [8.010, 8.020, 7.590, 7.840, 7.890, 8.050, 7.760, 7.910, 8.306][0.394, 0.328, 0.278]
8.34505: [8.010, 8.020, 7.590, 7.840, 7.890, 8.050, 7.760, 7.910, 8.345][0.399, 0.324, 0.277]
8.3846: [8.010, 8.020, 7.590, 7.840, 7.890, 8.050, 7.760, 7.910, 8.385][0.403, 0.321, 0.276]
8.42415: [8.010, 8.020, 7.590, 7.840, 7.890, 8.050, 7.760, 7.910, 8.424][0.406, 0.319, 0.275]
8.4637: [8.010, 8.020, 7.590, 7.840, 7.890, 8.050, 7.760, 7.910, 8.464][0.409, 0.317, 0.274]
8.50325: [8.010, 8.020, 7.590, 7.840, 7.890, 8.050, 7.760, 7.910, 8.503][0.411, 0.316, 0.274]
8.5428: [8.010, 8.020, 7.590, 7.840, 7.890, 8.050, 7.760, 7.910, 8.543][0.412, 0.314, 0.273]
8.58235: [8.010, 8.020, 7.590, 7.840, 7.890, 8.050, 7.760, 7.910, 8.582][0.414, 0.313, 0.273]
8.6219: [8.010, 8.020, 7.590, 7.840, 7.890, 8.050, 7.760, 7.910, 8.622][0.415, 0.313, 0.272]
8.66145: [8.010, 8.020, 7.590, 7.840, 7.890, 8.050, 7.760, 7.910, 8.661][0.416, 0.312, 0.272]
