[[  2.   7.  11.]
 [  0.  30.  12.]
 [  1.  19.  18.]]
cf_score, 38.0
nv_score, -16.0
ratio, 0.505050505051
[[  0.  24.   5.]
 [  0.  28.   6.]
 [  0.  33.   4.]]
cf_score, 27.0
nv_score, -12.0
ratio, 0.323232323232
[[  3.  19.  12.]
 [ 10.  12.  13.]
 [  3.  13.  15.]]
cf_score, 15.0
nv_score, -22.0
ratio, 0.30303030303
[[ 11.  15.  10.]
 [ 12.  18.   3.]
 [  6.  15.  10.]]
cf_score, 23.0
nv_score, -13.0
ratio, 0.393939393939
[[  0.  17.   6.]
 [  0.  37.   5.]
 [  0.  27.   8.]]
cf_score, 39.0
nv_score, -9.0
ratio, 0.454545454545
[[  4.  22.  10.]
 [  3.  29.   4.]
 [  0.  20.   8.]]
cf_score, 31.0
nv_score, -16.0
ratio, 0.414141414141
[[  0.  27.   3.]
 [  0.  25.   7.]
 [  1.  27.  10.]]
cf_score, 31.0
nv_score, -3.0
ratio, 0.353535353535
[[  0.  20.   6.]
 [  0.  34.   7.]
 [  0.  21.  12.]]
cf_score, 40.0
nv_score, -7.0
ratio, 0.464646464646
[[  1.  22.   7.]
 [  1.  27.   8.]
 [  2.  19.  13.]]
cf_score, 32.0
nv_score, -9.0
ratio, 0.414141414141
[[  0.  27.   7.]
 [  0.  35.   5.]
 [  0.  13.  13.]]
cf_score, 41.0
nv_score, -6.0
ratio, 0.484848484848
[[  4.  13.  11.]
 [  4.  24.   9.]
 [  9.  17.   9.]]
cf_score, 17.0
nv_score, -22.0
ratio, 0.373737373737
[[  2.  21.   8.]
 [  3.  28.   6.]
 [  9.  19.   4.]]
cf_score, 17.0
nv_score, -18.0
ratio, 0.343434343434
[[  4.  19.   6.]
 [  5.  25.   7.]
 [  8.  21.   5.]]
cf_score, 20.0
nv_score, -14.0
ratio, 0.343434343434
[[  4.  13.   9.]
 [  5.  31.   4.]
 [  3.  22.   9.]]
cf_score, 32.0
nv_score, -13.0
ratio, 0.444444444444
[[  4.  19.   6.]
 [  5.  21.   6.]
 [  2.  26.  11.]]
cf_score, 28.0
nv_score, -7.0
ratio, 0.363636363636
[[  1.  17.  15.]
 [  3.  21.   8.]
 [  4.  18.  13.]]
cf_score, 16.0
nv_score, -25.0
ratio, 0.353535353535
[[  5.   9.  10.]
 [  3.  26.  11.]
 [  2.  20.  14.]]
cf_score, 33.0
nv_score, -17.0
ratio, 0.454545454545
[[  6.  20.   8.]
 [  8.  19.   3.]
 [  5.  22.   9.]]
cf_score, 21.0
nv_score, -10.0
ratio, 0.343434343434
[[  1.  17.   8.]
 [  6.  13.  19.]
 [  3.  20.  13.]]
cf_score, 16.0
nv_score, -22.0
ratio, 0.272727272727
[[  3.  16.  11.]
 [  3.  21.  11.]
 [  3.  17.  15.]]
cf_score, 25.0
nv_score, -18.0
ratio, 0.393939393939
[[  3.  14.   5.]
 [  5.  24.  13.]
 [  5.  16.  15.]]
cf_score, 32.0
nv_score, -8.0
ratio, 0.424242424242
[[  3.  12.   8.]
 [  4.  26.  15.]
 [  5.  15.  12.]]
cf_score, 28.0
nv_score, -19.0
ratio, 0.414141414141
[[  2.  22.  12.]
 [  4.  14.   7.]
 [  5.  24.  10.]]
cf_score, 9.0
nv_score, -21.0
ratio, 0.262626262626
[[  4.   8.  12.]
 [  6.  25.  14.]
 [  1.  18.  12.]]
cf_score, 28.0
nv_score, -26.0
ratio, 0.414141414141
[[  7.  16.  15.]
 [  2.  25.  10.]
 [  3.  14.   8.]]
cf_score, 22.0
nv_score, -32.0
ratio, 0.40404040404
[[  4.  15.   6.]
 [  2.  35.   4.]
 [  1.  18.  15.]]
cf_score, 47.0
nv_score, -1.0
ratio, 0.545454545455
[[  5.  18.  12.]
 [  3.  19.  13.]
 [  3.  12.  15.]]
cf_score, 24.0
nv_score, -22.0
ratio, 0.393939393939
[[  4.  17.   9.]
 [  1.  21.  10.]
 [  4.  22.  12.]]
cf_score, 24.0
nv_score, -16.0
ratio, 0.373737373737
[[  5.  21.  10.]
 [  4.  18.   5.]
 [  3.  17.  17.]]
cf_score, 27.0
nv_score, -8.0
ratio, 0.40404040404
[[  6.  12.  17.]
 [  2.  24.  13.]
 [  2.   9.  15.]]
cf_score, 26.0
nv_score, -32.0
ratio, 0.454545454545
[[  0.  14.  18.]
 [  2.  23.  12.]
 [  3.  13.  15.]]
cf_score, 17.0
nv_score, -33.0
ratio, 0.383838383838
[[  3.  15.  16.]
 [  2.  22.   6.]
 [  3.  16.  17.]]
cf_score, 23.0
nv_score, -21.0
ratio, 0.424242424242
[[  7.  18.   3.]
 [ 13.  21.   3.]
 [ 13.  17.   5.]]
cf_score, 17.0
nv_score, -4.0
ratio, 0.333333333333
[[  3.  13.   8.]
 [  4.  29.   6.]
 [  6.  17.  14.]]
cf_score, 32.0
nv_score, -8.0
ratio, 0.464646464646
[[  3.  17.   9.]
 [  2.  24.   9.]
 [  6.  18.  12.]]
cf_score, 24.0
nv_score, -15.0
ratio, 0.393939393939
[[  3.  18.  16.]
 [  7.  18.   6.]
 [  3.  13.  16.]]
cf_score, 18.0
nv_score, -22.0
ratio, 0.373737373737
[[ 12.  18.   2.]
 [  8.  16.   6.]
 [ 19.  15.   4.]]
cf_score, 11.0
nv_score, -6.0
ratio, 0.323232323232
[[  1.  25.  18.]
 [  0.  11.  10.]
 [  3.  17.  15.]]
cf_score, 6.0
nv_score, -31.0
ratio, 0.272727272727
[[  6.  17.   9.]
 [ 10.  22.  10.]
 [  5.  13.   8.]]
cf_score, 22.0
nv_score, -20.0
ratio, 0.363636363636
[[  8.  22.  11.]
 [  3.  25.   4.]
 [  3.  18.   6.]]
cf_score, 25.0
nv_score, -20.0
ratio, 0.393939393939
[[  3.  22.  13.]
 [  4.  21.   8.]
 [  3.  11.  15.]]
cf_score, 23.0
nv_score, -19.0
ratio, 0.393939393939
[[  3.  15.  11.]
 [  2.  15.  20.]
 [  0.  17.  17.]]
cf_score, 24.0
nv_score, -25.0
ratio, 0.353535353535
[[  4.  16.  12.]
 [  2.  26.  12.]
 [  4.  15.   9.]]
cf_score, 23.0
nv_score, -27.0
ratio, 0.393939393939
[[  2.  17.  10.]
 [  6.  18.  11.]
 [  5.  18.  13.]]
cf_score, 18.0
nv_score, -18.0
ratio, 0.333333333333
[[  7.  10.  13.]
 [  1.  27.  11.]
 [  5.  14.  12.]]
cf_score, 28.0
nv_score, -25.0
ratio, 0.464646464646
[[  8.  23.   8.]
 [  4.  19.   8.]
 [  2.  14.  14.]]
cf_score, 31.0
nv_score, -10.0
ratio, 0.414141414141
[[  4.  14.  11.]
 [  9.  22.  14.]
 [  4.  10.  12.]]
cf_score, 23.0
nv_score, -24.0
ratio, 0.383838383838
[[  4.  23.  10.]
 [  4.  21.   7.]
 [  4.  10.  17.]]
cf_score, 28.0
nv_score, -10.0
ratio, 0.424242424242
[[  7.  13.  15.]
 [  7.  21.   6.]
 [  4.  18.   9.]]
cf_score, 18.0
nv_score, -27.0
ratio, 0.373737373737
[[  2.  18.   7.]
 [  2.  18.  16.]
 [  3.  16.  18.]]
cf_score, 28.0
nv_score, -12.0
ratio, 0.383838383838
