[[ 21.   6.   1.]
 [  2.  30.   0.]
 [  7.  32.   1.]]
cf_score, 44.0
nv_score, -1.0
ratio, 0.525252525253
[[ 26.   7.   1.]
 [  5.  29.   1.]
 [ 10.  20.   1.]]
cf_score, 45.0
nv_score, -2.0
ratio, 0.565656565657
[[ 33.   5.   1.]
 [  3.  27.   0.]
 [  9.  20.   2.]]
cf_score, 52.0
nv_score, 0.0
ratio, 0.626262626263
[[ 30.   7.   3.]
 [  3.  30.   1.]
 [  7.  19.   0.]]
cf_score, 50.0
nv_score, -7.0
ratio, 0.606060606061
[[ 28.   1.   4.]
 [  2.  24.   8.]
 [  6.  13.  14.]]
cf_score, 56.0
nv_score, -2.0
ratio, 0.666666666667
[[ 31.   1.   3.]
 [  1.  14.  14.]
 [  8.  14.  14.]]
cf_score, 48.0
nv_score, -6.0
ratio, 0.59595959596
[[ 33.   2.   3.]
 [  1.  17.  14.]
 [  5.  12.  13.]]
cf_score, 55.0
nv_score, -7.0
ratio, 0.636363636364
[[ 25.   2.   1.]
 [  5.  15.  14.]
 [  6.  13.  19.]]
cf_score, 52.0
nv_score, 3.0
ratio, 0.59595959596
[[ 28.   2.   2.]
 [  5.  22.   8.]
 [  6.  14.  13.]]
cf_score, 55.0
nv_score, 1.0
ratio, 0.636363636364
[[ 31.   5.   3.]
 [  2.  13.  12.]
 [  6.  12.  16.]]
cf_score, 51.0
nv_score, -2.0
ratio, 0.606060606061
[[ 26.   1.   6.]
 [  2.  13.  14.]
 [  6.  11.  21.]]
cf_score, 48.0
nv_score, -5.0
ratio, 0.606060606061
[[ 34.   6.   4.]
 [  2.  17.   8.]
 [  5.   6.  18.]]
cf_score, 60.0
nv_score, 2.0
ratio, 0.69696969697
[[ 25.   4.   9.]
 [  2.  13.  15.]
 [  8.   8.  16.]]
cf_score, 37.0
nv_score, -17.0
ratio, 0.545454545455
[[ 35.   2.   3.]
 [  3.  16.   7.]
 [  4.  13.  17.]]
cf_score, 61.0
nv_score, 4.0
ratio, 0.686868686869
[[ 36.   1.   3.]
 [  1.  13.  15.]
 [ 13.   5.  13.]]
cf_score, 46.0
nv_score, -8.0
ratio, 0.626262626263
[[ 27.   3.   2.]
 [  2.  19.  13.]
 [  5.  11.  18.]]
cf_score, 57.0
nv_score, 1.0
ratio, 0.646464646465
[[ 18.   1.   5.]
 [  0.  18.  19.]
 [  5.  16.  18.]]
cf_score, 44.0
nv_score, -11.0
ratio, 0.545454545455
[[ 26.   2.   4.]
 [  3.  14.  18.]
 [  6.   9.  18.]]
cf_score, 48.0
nv_score, -8.0
ratio, 0.585858585859
[[ 34.   0.   8.]
 [  0.  20.   8.]
 [  5.   9.  16.]]
cf_score, 57.0
nv_score, -8.0
ratio, 0.707070707071
[[ 28.   2.   3.]
 [  2.  27.  12.]
 [  2.  15.   9.]]
cf_score, 59.0
nv_score, -9.0
ratio, 0.646464646465
[[ 26.   3.   5.]
 [  3.  15.  10.]
 [  8.  10.  20.]]
cf_score, 48.0
nv_score, 0.0
ratio, 0.616161616162
[[ 18.   1.   3.]
 [  5.  28.  11.]
 [  5.  13.  16.]]
cf_score, 54.0
nv_score, -1.0
ratio, 0.626262626263
[[ 30.   3.   4.]
 [  3.  25.   9.]
 [  2.  11.  13.]]
cf_score, 62.0
nv_score, -4.0
ratio, 0.686868686869
[[ 27.   1.   4.]
 [  5.  25.   4.]
 [  8.  12.  14.]]
cf_score, 54.0
nv_score, 2.0
ratio, 0.666666666667
[[ 28.   5.   1.]
 [  1.  21.   5.]
 [  4.  18.  17.]]
cf_score, 61.0
nv_score, 10.0
ratio, 0.666666666667
[[ 35.   0.   4.]
 [  3.  18.   9.]
 [  3.   8.  20.]]
cf_score, 66.0
nv_score, 3.0
ratio, 0.737373737374
[[ 20.   5.   2.]
 [  2.  26.   8.]
 [  8.  14.  15.]]
cf_score, 51.0
nv_score, 3.0
ratio, 0.616161616162
[[ 21.   8.   5.]
 [  0.  30.  10.]
 [  4.  16.   6.]]
cf_score, 48.0
nv_score, -14.0
ratio, 0.575757575758
[[ 37.   2.   1.]
 [  5.  28.   5.]
 [  5.  10.   7.]]
cf_score, 66.0
nv_score, 0.0
ratio, 0.727272727273
[[ 22.   5.   2.]
 [  0.  29.  10.]
 [  3.  17.  12.]]
cf_score, 58.0
nv_score, -2.0
ratio, 0.636363636364
[[ 25.   7.   1.]
 [  3.  25.   3.]
 [  4.  16.  16.]]
cf_score, 61.0
nv_score, 11.0
ratio, 0.666666666667
[[ 27.   4.   1.]
 [  2.  20.  13.]
 [  7.  11.  15.]]
cf_score, 54.0
nv_score, 0.0
ratio, 0.626262626263
[[ 27.   5.   0.]
 [  2.  23.  11.]
 [  4.  19.   9.]]
cf_score, 55.0
nv_score, -2.0
ratio, 0.59595959596
[[ 33.   1.   6.]
 [  3.  21.  12.]
 [  3.  10.  11.]]
cf_score, 56.0
nv_score, -13.0
ratio, 0.656565656566
[[ 26.   1.   2.]
 [  3.  26.   6.]
 [  8.  13.  15.]]
cf_score, 57.0
nv_score, 5.0
ratio, 0.676767676768
[[ 24.   2.   3.]
 [  2.  22.  13.]
 [  4.  19.  11.]]
cf_score, 50.0
nv_score, -8.0
ratio, 0.575757575758
[[ 39.   3.   3.]
 [  1.  21.   6.]
 [  3.   6.  18.]]
cf_score, 72.0
nv_score, 6.0
ratio, 0.787878787879
[[ 34.   6.   5.]
 [  0.  24.   5.]
 [  3.  11.  12.]]
cf_score, 62.0
nv_score, -3.0
ratio, 0.707070707071
[[ 29.   7.   1.]
 [  2.  14.  12.]
 [  5.  15.  15.]]
cf_score, 52.0
nv_score, 1.0
ratio, 0.585858585859
[[ 29.   7.   0.]
 [  2.  21.   5.]
 [  3.  12.  21.]]
cf_score, 68.0
nv_score, 16.0
ratio, 0.717171717172
[[ 36.   6.   2.]
 [  1.  15.   9.]
 [  3.  12.  16.]]
cf_score, 62.0
nv_score, 3.0
ratio, 0.676767676768
[[ 25.   5.   1.]
 [  2.  31.   5.]
 [  5.  16.  10.]]
cf_score, 60.0
nv_score, 3.0
ratio, 0.666666666667
[[ 30.   3.   3.]
 [  3.  18.   6.]
 [  9.  20.   8.]]
cf_score, 44.0
nv_score, -4.0
ratio, 0.565656565657
[[ 25.   4.   2.]
 [  1.  23.   5.]
 [  4.  24.  12.]]
cf_score, 54.0
nv_score, 3.0
ratio, 0.606060606061
[[ 25.   4.   4.]
 [  1.  28.   8.]
 [  5.  12.  13.]]
cf_score, 57.0
nv_score, -3.0
ratio, 0.666666666667
[[ 23.   3.   5.]
 [  0.  24.  10.]
 [  3.  12.  20.]]
cf_score, 59.0
nv_score, 0.0
ratio, 0.676767676768
[[ 27.   4.   6.]
 [  2.  19.   9.]
 [  6.   8.  19.]]
cf_score, 53.0
nv_score, -2.0
ratio, 0.656565656566
[[ 30.   4.   1.]
 [  3.  19.   5.]
 [  5.  16.  17.]]
cf_score, 60.0
nv_score, 10.0
ratio, 0.666666666667
[[ 24.   4.   4.]
 [  4.  23.  10.]
 [  4.   9.  18.]]
cf_score, 57.0
nv_score, 0.0
ratio, 0.656565656566
[[ 24.   5.   8.]
 [  4.  21.  10.]
 [  3.  15.  10.]]
cf_score, 44.0
nv_score, -16.0
ratio, 0.555555555556
