[[ 23.   0.   0.]
 [ 52.   0.   0.]
 [ 25.   0.   0.]]
cf_score, -2.0
nv_score, 0.0
ratio, 0.232323232323
[[  0.   0.  19.]
 [  0.   0.  49.]
 [  0.   0.  32.]]
cf_score, 13.0
nv_score, -55.0
ratio, 0.323232323232
[[  0.   0.  24.]
 [  0.   0.  55.]
 [  0.   0.  21.]]
cf_score, -3.0
nv_score, -82.0
ratio, 0.212121212121
[[  0.   0.  18.]
 [  0.   0.  59.]
 [  0.   0.  23.]]
cf_score, 5.0
nv_score, -72.0
ratio, 0.232323232323
[[ 25.   0.   0.]
 [ 48.   0.   0.]
 [ 27.   0.   0.]]
cf_score, -2.0
nv_score, 0.0
ratio, 0.252525252525
[[  0.   0.  25.]
 [  0.   0.  46.]
 [  0.   0.  29.]]
cf_score, 4.0
nv_score, -67.0
ratio, 0.292929292929
[[ 22.   0.   0.]
 [ 57.   0.   0.]
 [ 21.   0.   0.]]
cf_score, 1.0
nv_score, 0.0
ratio, 0.222222222222
[[ 22.   0.   0.]
 [ 54.   0.   0.]
 [ 24.   0.   0.]]
cf_score, -2.0
nv_score, 0.0
ratio, 0.222222222222
[[ 23.   0.   0.]
 [ 52.   0.   0.]
 [ 25.   0.   0.]]
cf_score, -2.0
nv_score, 0.0
ratio, 0.232323232323
[[ 29.   0.   0.]
 [ 52.   0.   0.]
 [ 19.   0.   0.]]
cf_score, 10.0
nv_score, 0.0
ratio, 0.292929292929
[[ 27.   0.   0.]
 [ 49.   0.   0.]
 [ 24.   0.   0.]]
cf_score, 3.0
nv_score, 0.0
ratio, 0.272727272727
[[ 25.   0.   0.]
 [ 50.   0.   0.]
 [ 25.   0.   0.]]
cf_score, 0.0
nv_score, 0.0
ratio, 0.252525252525
[[ 16.   0.   0.]
 [ 51.   0.   0.]
 [ 33.   0.   0.]]
cf_score, -17.0
nv_score, 0.0
ratio, 0.161616161616
[[ 16.   0.   0.]
 [ 54.   0.   0.]
 [ 30.   0.   0.]]
cf_score, -14.0
nv_score, 0.0
ratio, 0.161616161616
[[ 14.   0.   0.]
 [ 45.   0.   0.]
 [ 41.   0.   0.]]
cf_score, -27.0
nv_score, 0.0
ratio, 0.141414141414
[[ 24.   0.   0.]
 [ 45.   0.   0.]
 [ 31.   0.   0.]]
cf_score, -7.0
nv_score, 0.0
ratio, 0.242424242424
[[ 18.   0.   0.]
 [ 53.   0.   0.]
 [ 29.   0.   0.]]
cf_score, -11.0
nv_score, 0.0
ratio, 0.181818181818
[[ 25.   0.   0.]
 [ 51.   0.   0.]
 [ 24.   0.   0.]]
cf_score, 1.0
nv_score, 0.0
ratio, 0.252525252525
[[ 14.   0.  10.]
 [ 53.   0.   0.]
 [ 23.   0.   0.]]
cf_score, -19.0
nv_score, -20.0
ratio, 0.141414141414
[[ 23.   0.   0.]
 [ 49.   0.   0.]
 [ 28.   0.   0.]]
cf_score, -5.0
nv_score, 0.0
ratio, 0.232323232323
[[ 21.   0.   0.]
 [ 57.   0.   0.]
 [ 22.   0.   0.]]
cf_score, -1.0
nv_score, 0.0
ratio, 0.212121212121
[[ 27.   0.   0.]
 [ 58.   0.   0.]
 [ 15.   0.   0.]]
cf_score, 12.0
nv_score, 0.0
ratio, 0.272727272727
[[ 18.   0.   0.]
 [ 55.   0.   0.]
 [ 27.   0.   0.]]
cf_score, -9.0
nv_score, 0.0
ratio, 0.181818181818
[[ 18.   0.   0.]
 [ 51.   0.   0.]
 [ 31.   0.   0.]]
cf_score, -13.0
nv_score, 0.0
ratio, 0.181818181818
[[ 17.   0.   0.]
 [ 58.   0.   0.]
 [ 25.   0.   0.]]
cf_score, -8.0
nv_score, 0.0
ratio, 0.171717171717
[[  0.   0.  20.]
 [  0.   0.  53.]
 [  0.   0.  27.]]
cf_score, 7.0
nv_score, -66.0
ratio, 0.272727272727
[[ 19.   0.   0.]
 [ 61.   0.   0.]
 [ 20.   0.   0.]]
cf_score, -1.0
nv_score, 0.0
ratio, 0.191919191919
[[ 17.   0.   0.]
 [ 56.   0.   0.]
 [ 27.   0.   0.]]
cf_score, -10.0
nv_score, 0.0
ratio, 0.171717171717
[[ 24.   0.   0.]
 [ 46.   0.   0.]
 [ 30.   0.   0.]]
cf_score, -6.0
nv_score, 0.0
ratio, 0.242424242424
[[ 23.   0.   0.]
 [ 49.   0.   0.]
 [ 28.   0.   0.]]
cf_score, -5.0
nv_score, 0.0
ratio, 0.232323232323
[[  0.   0.  16.]
 [  0.   0.  55.]
 [  0.   0.  29.]]
cf_score, 13.0
nv_score, -58.0
ratio, 0.292929292929
[[ 16.   0.   0.]
 [ 57.   0.   0.]
 [ 27.   0.   0.]]
cf_score, -11.0
nv_score, 0.0
ratio, 0.161616161616
[[ 23.   0.   0.]
 [ 52.   0.   0.]
 [ 25.   0.   0.]]
cf_score, -2.0
nv_score, 0.0
ratio, 0.232323232323
[[ 27.   0.   0.]
 [ 51.   0.   0.]
 [ 22.   0.   0.]]
cf_score, 5.0
nv_score, 0.0
ratio, 0.272727272727
[[ 25.   0.   0.]
 [ 49.   0.   0.]
 [ 26.   0.   0.]]
cf_score, -1.0
nv_score, 0.0
ratio, 0.252525252525
[[  0.   0.  25.]
 [  0.   0.  47.]
 [  0.   0.  28.]]
cf_score, 3.0
nv_score, -69.0
ratio, 0.282828282828
[[  0.   0.  28.]
 [  0.   0.  51.]
 [  0.   0.  21.]]
cf_score, -7.0
nv_score, -86.0
ratio, 0.212121212121
[[  0.   0.  22.]
 [  0.   0.  57.]
 [  0.   0.  21.]]
cf_score, -1.0
nv_score, -80.0
ratio, 0.212121212121
[[ 17.   0.   0.]
 [ 54.   0.   0.]
 [ 29.   0.   0.]]
cf_score, -12.0
nv_score, 0.0
ratio, 0.171717171717
[[  0.   0.  18.]
 [  0.   0.  52.]
 [  0.   0.  30.]]
cf_score, 12.0
nv_score, -58.0
ratio, 0.30303030303
[[ 22.   0.   0.]
 [ 50.   0.   0.]
 [ 28.   0.   0.]]
cf_score, -6.0
nv_score, 0.0
ratio, 0.222222222222
[[  0.   0.  23.]
 [  0.   0.  45.]
 [  0.   0.  32.]]
cf_score, 9.0
nv_score, -59.0
ratio, 0.323232323232
[[ 24.   0.   0.]
 [ 50.   0.   0.]
 [ 26.   0.   0.]]
cf_score, -2.0
nv_score, 0.0
ratio, 0.242424242424
[[ 18.   0.   0.]
 [ 58.   0.   0.]
 [ 24.   0.   0.]]
cf_score, -6.0
nv_score, 0.0
ratio, 0.181818181818
[[  0.   0.  18.]
 [  0.   0.  53.]
 [  0.   0.  29.]]
cf_score, 11.0
nv_score, -60.0
ratio, 0.292929292929
[[  0.   0.  26.]
 [  0.   0.  46.]
 [  0.   0.  28.]]
cf_score, 2.0
nv_score, -70.0
ratio, 0.282828282828
[[ 26.   0.   0.]
 [ 53.   0.   0.]
 [ 21.   0.   0.]]
cf_score, 5.0
nv_score, 0.0
ratio, 0.262626262626
[[ 21.   0.   0.]
 [ 47.   0.   0.]
 [ 32.   0.   0.]]
cf_score, -11.0
nv_score, 0.0
ratio, 0.212121212121
[[  0.   0.  14.]
 [  0.   0.  63.]
 [  0.   0.  23.]]
cf_score, 9.0
nv_score, -68.0
ratio, 0.232323232323
[[ 21.   0.   0.]
 [ 55.   0.   0.]
 [ 24.   0.   0.]]
cf_score, -3.0
nv_score, 0.0
ratio, 0.212121212121
