Loading Model: level_list/m1_100/tick_list/APOG/class/models/model.h5
history_filename: history_recent/APOG/history.json
Yesterday        : 2017-08-04: OHLCV: 52.2000, 52.5100, 51.6800, 52.3100, 82955
UberYesterday    : 2017-08-03: OHLCV: 52.2400, 52.4500, 51.6300, 51.9700, 129870
[u'52.2000', u'52.5100', u'51.6800', u'52.3100', u'82955']
[u'52.2400', u'52.4500', u'51.6300', u'51.9700', u'129870']
question_base :[52.24, 52.45, 51.63, 51.97, 52.2, 52.51, 51.68, 52.31]
47.079: [52.240, 52.450, 51.630, 51.970, 52.200, 52.510, 51.680, 52.310, 47.079][0.011, 0.006, 0.983]
47.34055: [52.240, 52.450, 51.630, 51.970, 52.200, 52.510, 51.680, 52.310, 47.341][0.011, 0.006, 0.983]
47.6021: [52.240, 52.450, 51.630, 51.970, 52.200, 52.510, 51.680, 52.310, 47.602][0.011, 0.006, 0.982]
47.86365: [52.240, 52.450, 51.630, 51.970, 52.200, 52.510, 51.680, 52.310, 47.864][0.012, 0.007, 0.982]
48.1252: [52.240, 52.450, 51.630, 51.970, 52.200, 52.510, 51.680, 52.310, 48.125][0.012, 0.007, 0.981]
48.38675: [52.240, 52.450, 51.630, 51.970, 52.200, 52.510, 51.680, 52.310, 48.387][0.012, 0.007, 0.980]
48.6483: [52.240, 52.450, 51.630, 51.970, 52.200, 52.510, 51.680, 52.310, 48.648][0.014, 0.008, 0.978]
48.90985: [52.240, 52.450, 51.630, 51.970, 52.200, 52.510, 51.680, 52.310, 48.910][0.016, 0.010, 0.974]
49.1714: [52.240, 52.450, 51.630, 51.970, 52.200, 52.510, 51.680, 52.310, 49.171][0.020, 0.014, 0.966]
49.43295: [52.240, 52.450, 51.630, 51.970, 52.200, 52.510, 51.680, 52.310, 49.433][0.033, 0.029, 0.938]
49.6945: [52.240, 52.450, 51.630, 51.970, 52.200, 52.510, 51.680, 52.310, 49.694][0.083, 0.102, 0.815]
49.95605: [52.240, 52.450, 51.630, 51.970, 52.200, 52.510, 51.680, 52.310, 49.956][0.194, 0.373, 0.433]
50.2176: [52.240, 52.450, 51.630, 51.970, 52.200, 52.510, 51.680, 52.310, 50.218][0.342, 0.471, 0.187]
50.47915: [52.240, 52.450, 51.630, 51.970, 52.200, 52.510, 51.680, 52.310, 50.479][0.506, 0.386, 0.108]
50.7407: [52.240, 52.450, 51.630, 51.970, 52.200, 52.510, 51.680, 52.310, 50.741][0.549, 0.358, 0.093]
51.00225: [52.240, 52.450, 51.630, 51.970, 52.200, 52.510, 51.680, 52.310, 51.002][0.557, 0.352, 0.091]
51.2638: [52.240, 52.450, 51.630, 51.970, 52.200, 52.510, 51.680, 52.310, 51.264][0.560, 0.350, 0.090]
51.52535: [52.240, 52.450, 51.630, 51.970, 52.200, 52.510, 51.680, 52.310, 51.525][0.560, 0.350, 0.090]
51.7869: [52.240, 52.450, 51.630, 51.970, 52.200, 52.510, 51.680, 52.310, 51.787][0.561, 0.350, 0.090]
52.04845: [52.240, 52.450, 51.630, 51.970, 52.200, 52.510, 51.680, 52.310, 52.048][0.561, 0.350, 0.089]
52.31: [52.240, 52.450, 51.630, 51.970, 52.200, 52.510, 51.680, 52.310, 52.310][0.561, 0.349, 0.089]
52.57155: [52.240, 52.450, 51.630, 51.970, 52.200, 52.510, 51.680, 52.310, 52.572][0.561, 0.349, 0.089]
52.8331: [52.240, 52.450, 51.630, 51.970, 52.200, 52.510, 51.680, 52.310, 52.833][0.561, 0.349, 0.089]
53.09465: [52.240, 52.450, 51.630, 51.970, 52.200, 52.510, 51.680, 52.310, 53.095][0.561, 0.349, 0.089]
53.3562: [52.240, 52.450, 51.630, 51.970, 52.200, 52.510, 51.680, 52.310, 53.356][0.561, 0.349, 0.089]
53.61775: [52.240, 52.450, 51.630, 51.970, 52.200, 52.510, 51.680, 52.310, 53.618][0.561, 0.349, 0.089]
53.8793: [52.240, 52.450, 51.630, 51.970, 52.200, 52.510, 51.680, 52.310, 53.879][0.561, 0.349, 0.089]
54.14085: [52.240, 52.450, 51.630, 51.970, 52.200, 52.510, 51.680, 52.310, 54.141][0.561, 0.349, 0.089]
54.4024: [52.240, 52.450, 51.630, 51.970, 52.200, 52.510, 51.680, 52.310, 54.402][0.561, 0.349, 0.089]
54.66395: [52.240, 52.450, 51.630, 51.970, 52.200, 52.510, 51.680, 52.310, 54.664][0.561, 0.349, 0.089]
54.9255: [52.240, 52.450, 51.630, 51.970, 52.200, 52.510, 51.680, 52.310, 54.925][0.561, 0.349, 0.089]
55.18705: [52.240, 52.450, 51.630, 51.970, 52.200, 52.510, 51.680, 52.310, 55.187][0.561, 0.349, 0.089]
55.4486: [52.240, 52.450, 51.630, 51.970, 52.200, 52.510, 51.680, 52.310, 55.449][0.561, 0.349, 0.089]
55.71015: [52.240, 52.450, 51.630, 51.970, 52.200, 52.510, 51.680, 52.310, 55.710][0.561, 0.349, 0.089]
55.9717: [52.240, 52.450, 51.630, 51.970, 52.200, 52.510, 51.680, 52.310, 55.972][0.561, 0.349, 0.089]
56.23325: [52.240, 52.450, 51.630, 51.970, 52.200, 52.510, 51.680, 52.310, 56.233][0.561, 0.349, 0.089]
56.4948: [52.240, 52.450, 51.630, 51.970, 52.200, 52.510, 51.680, 52.310, 56.495][0.561, 0.349, 0.089]
56.75635: [52.240, 52.450, 51.630, 51.970, 52.200, 52.510, 51.680, 52.310, 56.756][0.561, 0.349, 0.089]
57.0179: [52.240, 52.450, 51.630, 51.970, 52.200, 52.510, 51.680, 52.310, 57.018][0.561, 0.349, 0.089]
57.27945: [52.240, 52.450, 51.630, 51.970, 52.200, 52.510, 51.680, 52.310, 57.279][0.561, 0.349, 0.089]
57.541: [52.240, 52.450, 51.630, 51.970, 52.200, 52.510, 51.680, 52.310, 57.541][0.561, 0.349, 0.089]
