Loading Model: level_list/m1_100/tick_list/ATW/class/models/model.h5
history_filename: history_recent/ATW/history.json
Yesterday        : 2017-08-04: OHLCV: 7.8900, 7.9900, 7.6200, 7.6500, 3834732
UberYesterday    : 2017-08-03: OHLCV: 7.7300, 8.3700, 7.6300, 7.8900, 9470138
[u'7.8900', u'7.9900', u'7.6200', u'7.6500', u'3834732']
[u'7.7300', u'8.3700', u'7.6300', u'7.8900', u'9470138']
question_base :[7.73, 8.37, 7.63, 7.89, 7.89, 7.99, 7.62, 7.65]
6.885: [7.730, 8.370, 7.630, 7.890, 7.890, 7.990, 7.620, 7.650, 6.885][0.058, 0.122, 0.820]
6.92325: [7.730, 8.370, 7.630, 7.890, 7.890, 7.990, 7.620, 7.650, 6.923][0.058, 0.122, 0.820]
6.9615: [7.730, 8.370, 7.630, 7.890, 7.890, 7.990, 7.620, 7.650, 6.962][0.058, 0.122, 0.820]
6.99975: [7.730, 8.370, 7.630, 7.890, 7.890, 7.990, 7.620, 7.650, 7.000][0.058, 0.122, 0.819]
7.038: [7.730, 8.370, 7.630, 7.890, 7.890, 7.990, 7.620, 7.650, 7.038][0.058, 0.123, 0.819]
7.07625: [7.730, 8.370, 7.630, 7.890, 7.890, 7.990, 7.620, 7.650, 7.076][0.058, 0.123, 0.819]
7.1145: [7.730, 8.370, 7.630, 7.890, 7.890, 7.990, 7.620, 7.650, 7.114][0.058, 0.123, 0.819]
7.15275: [7.730, 8.370, 7.630, 7.890, 7.890, 7.990, 7.620, 7.650, 7.153][0.058, 0.123, 0.819]
7.191: [7.730, 8.370, 7.630, 7.890, 7.890, 7.990, 7.620, 7.650, 7.191][0.058, 0.123, 0.818]
7.22925: [7.730, 8.370, 7.630, 7.890, 7.890, 7.990, 7.620, 7.650, 7.229][0.059, 0.124, 0.818]
7.2675: [7.730, 8.370, 7.630, 7.890, 7.890, 7.990, 7.620, 7.650, 7.267][0.059, 0.124, 0.818]
7.30575: [7.730, 8.370, 7.630, 7.890, 7.890, 7.990, 7.620, 7.650, 7.306][0.059, 0.124, 0.817]
7.344: [7.730, 8.370, 7.630, 7.890, 7.890, 7.990, 7.620, 7.650, 7.344][0.059, 0.124, 0.817]
7.38225: [7.730, 8.370, 7.630, 7.890, 7.890, 7.990, 7.620, 7.650, 7.382][0.059, 0.125, 0.816]
7.4205: [7.730, 8.370, 7.630, 7.890, 7.890, 7.990, 7.620, 7.650, 7.420][0.059, 0.125, 0.816]
7.45875: [7.730, 8.370, 7.630, 7.890, 7.890, 7.990, 7.620, 7.650, 7.459][0.059, 0.126, 0.815]
7.497: [7.730, 8.370, 7.630, 7.890, 7.890, 7.990, 7.620, 7.650, 7.497][0.060, 0.126, 0.814]
7.53525: [7.730, 8.370, 7.630, 7.890, 7.890, 7.990, 7.620, 7.650, 7.535][0.060, 0.127, 0.813]
7.5735: [7.730, 8.370, 7.630, 7.890, 7.890, 7.990, 7.620, 7.650, 7.573][0.060, 0.128, 0.812]
7.61175: [7.730, 8.370, 7.630, 7.890, 7.890, 7.990, 7.620, 7.650, 7.612][0.060, 0.128, 0.811]
7.65: [7.730, 8.370, 7.630, 7.890, 7.890, 7.990, 7.620, 7.650, 7.650][0.061, 0.129, 0.810]
7.68825: [7.730, 8.370, 7.630, 7.890, 7.890, 7.990, 7.620, 7.650, 7.688][0.061, 0.130, 0.809]
7.7265: [7.730, 8.370, 7.630, 7.890, 7.890, 7.990, 7.620, 7.650, 7.726][0.062, 0.131, 0.807]
7.76475: [7.730, 8.370, 7.630, 7.890, 7.890, 7.990, 7.620, 7.650, 7.765][0.062, 0.132, 0.805]
7.803: [7.730, 8.370, 7.630, 7.890, 7.890, 7.990, 7.620, 7.650, 7.803][0.063, 0.134, 0.804]
7.84125: [7.730, 8.370, 7.630, 7.890, 7.890, 7.990, 7.620, 7.650, 7.841][0.063, 0.135, 0.801]
7.8795: [7.730, 8.370, 7.630, 7.890, 7.890, 7.990, 7.620, 7.650, 7.879][0.064, 0.137, 0.799]
7.91775: [7.730, 8.370, 7.630, 7.890, 7.890, 7.990, 7.620, 7.650, 7.918][0.065, 0.139, 0.796]
7.956: [7.730, 8.370, 7.630, 7.890, 7.890, 7.990, 7.620, 7.650, 7.956][0.066, 0.141, 0.793]
7.99425: [7.730, 8.370, 7.630, 7.890, 7.890, 7.990, 7.620, 7.650, 7.994][0.067, 0.144, 0.789]
8.0325: [7.730, 8.370, 7.630, 7.890, 7.890, 7.990, 7.620, 7.650, 8.032][0.068, 0.147, 0.785]
8.07075: [7.730, 8.370, 7.630, 7.890, 7.890, 7.990, 7.620, 7.650, 8.071][0.070, 0.150, 0.781]
8.109: [7.730, 8.370, 7.630, 7.890, 7.890, 7.990, 7.620, 7.650, 8.109][0.071, 0.153, 0.775]
8.14725: [7.730, 8.370, 7.630, 7.890, 7.890, 7.990, 7.620, 7.650, 8.147][0.073, 0.157, 0.769]
8.1855: [7.730, 8.370, 7.630, 7.890, 7.890, 7.990, 7.620, 7.650, 8.185][0.075, 0.162, 0.763]
8.22375: [7.730, 8.370, 7.630, 7.890, 7.890, 7.990, 7.620, 7.650, 8.224][0.078, 0.167, 0.755]
8.262: [7.730, 8.370, 7.630, 7.890, 7.890, 7.990, 7.620, 7.650, 8.262][0.081, 0.173, 0.747]
8.30025: [7.730, 8.370, 7.630, 7.890, 7.890, 7.990, 7.620, 7.650, 8.300][0.084, 0.179, 0.737]
8.3385: [7.730, 8.370, 7.630, 7.890, 7.890, 7.990, 7.620, 7.650, 8.338][0.088, 0.186, 0.726]
8.37675: [7.730, 8.370, 7.630, 7.890, 7.890, 7.990, 7.620, 7.650, 8.377][0.093, 0.193, 0.714]
8.415: [7.730, 8.370, 7.630, 7.890, 7.890, 7.990, 7.620, 7.650, 8.415][0.098, 0.201, 0.701]
