Loading Model: level_list/m1_100/tick_list/DXPE/class/models/model.h5
history_filename: history_recent/DXPE/history.json
Yesterday        : 2017-08-04: OHLCV: 27.9500, 28.8900, 27.7800, 28.3300, 120500
UberYesterday    : 2017-08-03: OHLCV: 26.8800, 28.2700, 26.8800, 27.8600, 149428
[u'27.9500', u'28.8900', u'27.7800', u'28.3300', u'120500']
[u'26.8800', u'28.2700', u'26.8800', u'27.8600', u'149428']
question_base :[26.88, 28.27, 26.88, 27.86, 27.95, 28.89, 27.78, 28.33]
25.497: [26.880, 28.270, 26.880, 27.860, 27.950, 28.890, 27.780, 28.330, 25.497][0.077, 0.606, 0.317]
25.63865: [26.880, 28.270, 26.880, 27.860, 27.950, 28.890, 27.780, 28.330, 25.639][0.077, 0.603, 0.320]
25.7803: [26.880, 28.270, 26.880, 27.860, 27.950, 28.890, 27.780, 28.330, 25.780][0.078, 0.600, 0.322]
25.92195: [26.880, 28.270, 26.880, 27.860, 27.950, 28.890, 27.780, 28.330, 25.922][0.078, 0.597, 0.325]
26.0636: [26.880, 28.270, 26.880, 27.860, 27.950, 28.890, 27.780, 28.330, 26.064][0.078, 0.594, 0.329]
26.20525: [26.880, 28.270, 26.880, 27.860, 27.950, 28.890, 27.780, 28.330, 26.205][0.078, 0.590, 0.332]
26.3469: [26.880, 28.270, 26.880, 27.860, 27.950, 28.890, 27.780, 28.330, 26.347][0.078, 0.586, 0.336]
26.48855: [26.880, 28.270, 26.880, 27.860, 27.950, 28.890, 27.780, 28.330, 26.489][0.078, 0.582, 0.339]
26.6302: [26.880, 28.270, 26.880, 27.860, 27.950, 28.890, 27.780, 28.330, 26.630][0.079, 0.578, 0.343]
26.77185: [26.880, 28.270, 26.880, 27.860, 27.950, 28.890, 27.780, 28.330, 26.772][0.079, 0.574, 0.348]
26.9135: [26.880, 28.270, 26.880, 27.860, 27.950, 28.890, 27.780, 28.330, 26.913][0.079, 0.569, 0.352]
27.05515: [26.880, 28.270, 26.880, 27.860, 27.950, 28.890, 27.780, 28.330, 27.055][0.079, 0.564, 0.357]
27.1968: [26.880, 28.270, 26.880, 27.860, 27.950, 28.890, 27.780, 28.330, 27.197][0.080, 0.559, 0.362]
27.33845: [26.880, 28.270, 26.880, 27.860, 27.950, 28.890, 27.780, 28.330, 27.338][0.080, 0.554, 0.367]
27.4801: [26.880, 28.270, 26.880, 27.860, 27.950, 28.890, 27.780, 28.330, 27.480][0.080, 0.548, 0.372]
27.62175: [26.880, 28.270, 26.880, 27.860, 27.950, 28.890, 27.780, 28.330, 27.622][0.080, 0.543, 0.377]
27.7634: [26.880, 28.270, 26.880, 27.860, 27.950, 28.890, 27.780, 28.330, 27.763][0.080, 0.537, 0.383]
27.90505: [26.880, 28.270, 26.880, 27.860, 27.950, 28.890, 27.780, 28.330, 27.905][0.081, 0.531, 0.388]
28.0467: [26.880, 28.270, 26.880, 27.860, 27.950, 28.890, 27.780, 28.330, 28.047][0.081, 0.525, 0.394]
28.18835: [26.880, 28.270, 26.880, 27.860, 27.950, 28.890, 27.780, 28.330, 28.188][0.081, 0.519, 0.400]
28.33: [26.880, 28.270, 26.880, 27.860, 27.950, 28.890, 27.780, 28.330, 28.330][0.081, 0.512, 0.407]
28.47165: [26.880, 28.270, 26.880, 27.860, 27.950, 28.890, 27.780, 28.330, 28.472][0.081, 0.506, 0.413]
28.6133: [26.880, 28.270, 26.880, 27.860, 27.950, 28.890, 27.780, 28.330, 28.613][0.082, 0.499, 0.419]
28.75495: [26.880, 28.270, 26.880, 27.860, 27.950, 28.890, 27.780, 28.330, 28.755][0.082, 0.492, 0.426]
28.8966: [26.880, 28.270, 26.880, 27.860, 27.950, 28.890, 27.780, 28.330, 28.897][0.082, 0.485, 0.433]
29.03825: [26.880, 28.270, 26.880, 27.860, 27.950, 28.890, 27.780, 28.330, 29.038][0.082, 0.479, 0.439]
29.1799: [26.880, 28.270, 26.880, 27.860, 27.950, 28.890, 27.780, 28.330, 29.180][0.083, 0.472, 0.446]
29.32155: [26.880, 28.270, 26.880, 27.860, 27.950, 28.890, 27.780, 28.330, 29.322][0.083, 0.465, 0.453]
29.4632: [26.880, 28.270, 26.880, 27.860, 27.950, 28.890, 27.780, 28.330, 29.463][0.083, 0.458, 0.459]
29.60485: [26.880, 28.270, 26.880, 27.860, 27.950, 28.890, 27.780, 28.330, 29.605][0.083, 0.451, 0.466]
29.7465: [26.880, 28.270, 26.880, 27.860, 27.950, 28.890, 27.780, 28.330, 29.746][0.084, 0.444, 0.472]
29.88815: [26.880, 28.270, 26.880, 27.860, 27.950, 28.890, 27.780, 28.330, 29.888][0.084, 0.437, 0.479]
30.0298: [26.880, 28.270, 26.880, 27.860, 27.950, 28.890, 27.780, 28.330, 30.030][0.084, 0.431, 0.485]
30.17145: [26.880, 28.270, 26.880, 27.860, 27.950, 28.890, 27.780, 28.330, 30.171][0.085, 0.425, 0.491]
30.3131: [26.880, 28.270, 26.880, 27.860, 27.950, 28.890, 27.780, 28.330, 30.313][0.085, 0.419, 0.496]
30.45475: [26.880, 28.270, 26.880, 27.860, 27.950, 28.890, 27.780, 28.330, 30.455][0.086, 0.413, 0.501]
30.5964: [26.880, 28.270, 26.880, 27.860, 27.950, 28.890, 27.780, 28.330, 30.596][0.086, 0.409, 0.505]
30.73805: [26.880, 28.270, 26.880, 27.860, 27.950, 28.890, 27.780, 28.330, 30.738][0.087, 0.404, 0.509]
30.8797: [26.880, 28.270, 26.880, 27.860, 27.950, 28.890, 27.780, 28.330, 30.880][0.088, 0.401, 0.511]
31.02135: [26.880, 28.270, 26.880, 27.860, 27.950, 28.890, 27.780, 28.330, 31.021][0.089, 0.398, 0.513]
31.163: [26.880, 28.270, 26.880, 27.860, 27.950, 28.890, 27.780, 28.330, 31.163][0.090, 0.396, 0.514]
