[[  0.  41.   7.]
 [  0.  19.   4.]
 [  0.  12.  17.]]
cf_score, 29.0
nv_score, -1.0
ratio, 0.363636363636
[[ 28.   2.   9.]
 [ 13.   0.  11.]
 [ 10.   4.  23.]]
cf_score, 32.0
nv_score, -6.0
ratio, 0.515151515152
[[ 23.   7.   6.]
 [ 17.   7.   8.]
 [  5.   6.  21.]]
cf_score, 40.0
nv_score, 1.0
ratio, 0.515151515152
[[ 26.   8.   6.]
 [ 16.   5.   9.]
 [  5.   4.  21.]]
cf_score, 41.0
nv_score, 0.0
ratio, 0.525252525253
[[ 20.   6.  15.]
 [ 18.   6.   6.]
 [  9.   7.  13.]]
cf_score, 15.0
nv_score, -23.0
ratio, 0.393939393939
[[ 24.   7.   7.]
 [ 17.   7.   9.]
 [  9.   7.  13.]]
cf_score, 28.0
nv_score, -10.0
ratio, 0.444444444444
[[ 25.   9.  12.]
 [ 11.   7.   9.]
 [  4.   7.  16.]]
cf_score, 32.0
nv_score, -17.0
ratio, 0.484848484848
[[ 16.   7.  10.]
 [ 11.   6.  10.]
 [  8.   9.  23.]]
cf_score, 27.0
nv_score, -7.0
ratio, 0.454545454545
[[ 23.   8.   7.]
 [ 13.   9.   8.]
 [  4.   3.  25.]]
cf_score, 46.0
nv_score, 3.0
ratio, 0.575757575758
[[ 17.  12.   8.]
 [ 12.  10.  10.]
 [  4.   4.  23.]]
cf_score, 38.0
nv_score, -3.0
ratio, 0.505050505051
[[ 26.  10.   7.]
 [ 13.   7.   6.]
 [  2.   7.  22.]]
cf_score, 46.0
nv_score, 2.0
ratio, 0.555555555556
[[ 15.   8.  10.]
 [  5.  16.  11.]
 [  2.   9.  24.]]
cf_score, 43.0
nv_score, -7.0
ratio, 0.555555555556
[[ 20.   8.   8.]
 [ 18.   9.  10.]
 [  2.   7.  18.]]
cf_score, 37.0
nv_score, -8.0
ratio, 0.474747474747
[[ 25.  10.  11.]
 [ 13.  10.   7.]
 [  4.   3.  17.]]
cf_score, 37.0
nv_score, -12.0
ratio, 0.525252525253
[[ 18.   9.  16.]
 [ 14.   9.   8.]
 [  6.   4.  16.]]
cf_score, 21.0
nv_score, -24.0
ratio, 0.434343434343
[[ 23.  14.  16.]
 [  6.   7.   6.]
 [  5.   5.  18.]]
cf_score, 27.0
nv_score, -20.0
ratio, 0.484848484848
[[ 24.  11.   9.]
 [ 17.   7.   7.]
 [  6.   4.  15.]]
cf_score, 31.0
nv_score, -10.0
ratio, 0.464646464646
[[ 29.   7.  10.]
 [  6.  16.   8.]
 [  5.   6.  13.]]
cf_score, 43.0
nv_score, -15.0
ratio, 0.585858585859
[[ 23.   7.   5.]
 [ 14.  11.  10.]
 [  2.  11.  17.]]
cf_score, 44.0
nv_score, -3.0
ratio, 0.515151515152
[[ 25.  13.   9.]
 [  8.   9.   3.]
 [  0.   4.  29.]]
cf_score, 54.0
nv_score, 8.0
ratio, 0.636363636364
[[ 16.  15.  10.]
 [ 11.   8.   8.]
 [  1.   7.  24.]]
cf_score, 37.0
nv_score, -4.0
ratio, 0.484848484848
[[ 16.  14.   9.]
 [ 10.  12.   7.]
 [  5.   4.  23.]]
cf_score, 37.0
nv_score, -2.0
ratio, 0.515151515152
[[ 21.  15.  11.]
 [  6.   7.   4.]
 [  3.  13.  20.]]
cf_score, 34.0
nv_score, -6.0
ratio, 0.484848484848
[[ 18.   3.   8.]
 [ 14.  16.   7.]
 [  4.   5.  25.]]
cf_score, 47.0
nv_score, 2.0
ratio, 0.59595959596
[[ 19.   9.  13.]
 [ 15.  14.   2.]
 [  4.   7.  17.]]
cf_score, 33.0
nv_score, -11.0
ratio, 0.505050505051
[[ 25.   8.   7.]
 [ 11.   8.  10.]
 [  2.   8.  21.]]
cf_score, 45.0
nv_score, -3.0
ratio, 0.545454545455
[[ 20.  12.   9.]
 [ 12.   4.   6.]
 [  3.   9.  25.]]
cf_score, 37.0
nv_score, 1.0
ratio, 0.494949494949
[[ 25.   7.  14.]
 [ 10.  13.   8.]
 [  1.   5.  17.]]
cf_score, 40.0
nv_score, -19.0
ratio, 0.555555555556
[[ 13.  16.  19.]
 [ 10.  10.   9.]
 [  1.   4.  18.]]
cf_score, 21.0
nv_score, -29.0
ratio, 0.414141414141
[[ 12.  14.  16.]
 [ 11.   8.   7.]
 [  0.   9.  23.]]
cf_score, 27.0
nv_score, -16.0
ratio, 0.434343434343
[[ 19.  13.  11.]
 [ 12.   8.   8.]
 [  7.   3.  19.]]
cf_score, 28.0
nv_score, -11.0
ratio, 0.464646464646
[[ 14.   8.  18.]
 [  5.  13.   4.]
 [  4.  10.  24.]]
cf_score, 29.0
nv_score, -16.0
ratio, 0.515151515152
[[ 28.   7.  12.]
 [  7.   8.  12.]
 [  2.   6.  18.]]
cf_score, 40.0
nv_score, -18.0
ratio, 0.545454545455
[[ 19.  11.  15.]
 [ 12.   8.   9.]
 [  3.   3.  20.]]
cf_score, 29.0
nv_score, -19.0
ratio, 0.474747474747
[[ 13.  10.  17.]
 [  9.  13.   7.]
 [  3.   4.  24.]]
cf_score, 30.0
nv_score, -17.0
ratio, 0.505050505051
[[ 17.  11.  11.]
 [ 15.  12.   8.]
 [  2.   7.  17.]]
cf_score, 33.0
nv_score, -13.0
ratio, 0.464646464646
[[ 24.   6.  16.]
 [ 14.   7.  10.]
 [  3.   4.  16.]]
cf_score, 28.0
nv_score, -26.0
ratio, 0.474747474747
[[ 18.  10.  13.]
 [ 12.   7.   9.]
 [  8.   5.  18.]]
cf_score, 22.0
nv_score, -17.0
ratio, 0.434343434343
[[ 28.   7.  17.]
 [  9.   7.   6.]
 [  3.   3.  20.]]
cf_score, 35.0
nv_score, -20.0
ratio, 0.555555555556
[[ 23.  10.   6.]
 [ 10.   8.  13.]
 [  6.   4.  20.]]
cf_score, 39.0
nv_score, -5.0
ratio, 0.515151515152
[[ 22.  11.  10.]
 [ 12.   8.   4.]
 [  7.   4.  22.]]
cf_score, 35.0
nv_score, -2.0
ratio, 0.525252525253
[[ 17.  10.  10.]
 [  7.  11.   9.]
 [  2.   6.  28.]]
cf_score, 44.0
nv_score, -1.0
ratio, 0.565656565657
[[ 16.  14.  14.]
 [  4.  17.   9.]
 [  1.   4.  21.]]
cf_score, 39.0
nv_score, -16.0
ratio, 0.545454545455
[[ 18.  12.  14.]
 [  3.  18.  10.]
 [  4.   3.  18.]]
cf_score, 36.0
nv_score, -20.0
ratio, 0.545454545455
[[ 20.   9.   9.]
 [  8.  14.   5.]
 [  2.   6.  27.]]
cf_score, 50.0
nv_score, 4.0
ratio, 0.616161616162
[[ 29.   7.   9.]
 [  7.  16.   8.]
 [  4.   2.  18.]]
cf_score, 50.0
nv_score, -8.0
ratio, 0.636363636364
[[ 19.   9.  12.]
 [ 16.   9.   8.]
 [  5.   4.  18.]]
cf_score, 29.0
nv_score, -14.0
ratio, 0.464646464646
[[ 27.  12.  10.]
 [ 12.  10.   4.]
 [  3.   3.  19.]]
cf_score, 43.0
nv_score, -5.0
ratio, 0.565656565657
[[ 16.  12.  12.]
 [ 12.  10.   9.]
 [  4.   6.  19.]]
cf_score, 29.0
nv_score, -14.0
ratio, 0.454545454545
[[ 15.  15.  13.]
 [  6.  11.  15.]
 [  3.   4.  18.]]
cf_score, 28.0
nv_score, -23.0
ratio, 0.444444444444
