[[ 31.   6.   0.]
 [  1.  29.   0.]
 [  6.  27.   0.]]
cf_score, 54.0
nv_score, 0.0
ratio, 0.606060606061
[[ 24.   8.   2.]
 [  2.  25.   2.]
 [ 11.  23.   3.]]
cf_score, 39.0
nv_score, -3.0
ratio, 0.525252525253
[[ 30.   5.   3.]
 [  2.  25.   3.]
 [  7.  25.   0.]]
cf_score, 45.0
nv_score, -9.0
ratio, 0.555555555556
[[ 29.   4.   1.]
 [  3.  32.   4.]
 [  7.  17.   3.]]
cf_score, 56.0
nv_score, -3.0
ratio, 0.646464646465
[[ 28.   2.   2.]
 [  2.  27.   9.]
 [  6.  17.   7.]]
cf_score, 54.0
nv_score, -6.0
ratio, 0.626262626263
[[ 27.   1.   2.]
 [  5.  35.   3.]
 [  7.  16.   4.]]
cf_score, 57.0
nv_score, -3.0
ratio, 0.666666666667
[[ 26.   6.   1.]
 [  6.  21.   4.]
 [  9.  21.   6.]]
cf_score, 43.0
nv_score, 0.0
ratio, 0.535353535354
[[ 23.   4.   1.]
 [  4.  30.   1.]
 [  4.  30.   3.]]
cf_score, 51.0
nv_score, 0.0
ratio, 0.565656565657
[[ 28.   7.   3.]
 [  5.  24.   3.]
 [  4.  24.   2.]]
cf_score, 47.0
nv_score, -7.0
ratio, 0.545454545455
[[ 27.   6.   1.]
 [  3.  26.   8.]
 [ 10.  14.   5.]]
cf_score, 47.0
nv_score, -5.0
ratio, 0.585858585859
[[ 27.   1.   4.]
 [  3.  30.   3.]
 [  7.  19.   6.]]
cf_score, 52.0
nv_score, -5.0
ratio, 0.636363636364
[[ 29.   9.   1.]
 [  1.  24.   6.]
 [  7.  19.   4.]]
cf_score, 49.0
nv_score, -4.0
ratio, 0.575757575758
[[ 25.   9.   2.]
 [  6.  26.   4.]
 [  5.  17.   6.]]
cf_score, 50.0
nv_score, -2.0
ratio, 0.575757575758
[[ 29.   2.   5.]
 [  2.  27.   5.]
 [  7.  20.   3.]]
cf_score, 47.0
nv_score, -12.0
ratio, 0.59595959596
[[ 33.   2.   1.]
 [  3.  26.   7.]
 [  6.  20.   2.]]
cf_score, 54.0
nv_score, -7.0
ratio, 0.616161616162
[[ 30.   5.   1.]
 [  3.  29.   2.]
 [  1.  26.   3.]]
cf_score, 60.0
nv_score, -1.0
ratio, 0.626262626263
[[ 26.  10.   1.]
 [  4.  27.   5.]
 [  2.  22.   3.]]
cf_score, 53.0
nv_score, -4.0
ratio, 0.565656565657
[[ 25.   3.   8.]
 [  3.  24.   6.]
 [  7.  18.   6.]]
cf_score, 40.0
nv_score, -16.0
ratio, 0.555555555556
[[ 21.   7.   4.]
 [  1.  33.   1.]
 [ 10.  20.   3.]]
cf_score, 43.0
nv_score, -6.0
ratio, 0.575757575758
[[ 32.   2.   3.]
 [  3.  26.   6.]
 [  5.  21.   2.]]
cf_score, 52.0
nv_score, -10.0
ratio, 0.606060606061
[[ 32.   7.   2.]
 [  1.  23.   5.]
 [  4.  15.  11.]]
cf_score, 60.0
nv_score, 2.0
ratio, 0.666666666667
[[ 28.   1.   2.]
 [  1.  23.  14.]
 [  9.  15.   7.]]
cf_score, 47.0
nv_score, -11.0
ratio, 0.585858585859
[[ 28.   3.   4.]
 [  4.  24.   6.]
 [  9.  12.  10.]]
cf_score, 49.0
nv_score, -4.0
ratio, 0.626262626263
[[ 29.   0.   8.]
 [  2.  23.  18.]
 [  5.   8.   7.]]
cf_score, 46.0
nv_score, -27.0
ratio, 0.59595959596
[[ 21.   3.   3.]
 [  3.  24.  12.]
 [  4.  12.  18.]]
cf_score, 56.0
nv_score, 0.0
ratio, 0.636363636364
[[ 19.   3.   3.]
 [  3.  31.   5.]
 [  7.  10.  19.]]
cf_score, 59.0
nv_score, 8.0
ratio, 0.69696969697
[[ 22.   3.   2.]
 [  3.  22.   5.]
 [ 14.  21.   8.]]
cf_score, 36.0
nv_score, -1.0
ratio, 0.525252525253
[[ 18.   4.   4.]
 [  2.  28.  11.]
 [  5.  17.  11.]]
cf_score, 48.0
nv_score, -8.0
ratio, 0.575757575758
[[ 27.   2.   4.]
 [  2.  23.  11.]
 [  3.  20.   8.]]
cf_score, 51.0
nv_score, -11.0
ratio, 0.585858585859
[[ 27.   3.   5.]
 [  3.  22.   4.]
 [ 12.  12.  12.]]
cf_score, 44.0
nv_score, -2.0
ratio, 0.616161616162
[[ 26.   6.   2.]
 [  6.  27.   6.]
 [  5.  13.   9.]]
cf_score, 55.0
nv_score, -1.0
ratio, 0.626262626263
[[ 24.   2.   3.]
 [  0.  28.   1.]
 [  7.  20.  15.]]
cf_score, 57.0
nv_score, 8.0
ratio, 0.676767676768
[[ 29.   6.   2.]
 [  3.  23.   2.]
 [ 10.  13.  12.]]
cf_score, 52.0
nv_score, 6.0
ratio, 0.646464646465
[[ 31.   6.   5.]
 [  3.  13.   5.]
 [  1.  20.  16.]]
cf_score, 54.0
nv_score, 1.0
ratio, 0.606060606061
[[ 24.   3.   1.]
 [  5.  23.   8.]
 [  3.  19.  14.]]
cf_score, 57.0
nv_score, 4.0
ratio, 0.616161616162
[[ 26.   5.   1.]
 [  2.  25.   9.]
 [  9.  16.   7.]]
cf_score, 48.0
nv_score, -4.0
ratio, 0.585858585859
[[ 22.   6.   3.]
 [  5.  29.   3.]
 [  7.   9.  16.]]
cf_score, 57.0
nv_score, 7.0
ratio, 0.676767676768
[[ 24.   7.   3.]
 [  1.  20.   7.]
 [  5.  16.  17.]]
cf_score, 53.0
nv_score, 4.0
ratio, 0.616161616162
[[ 25.   3.   1.]
 [  5.  26.   6.]
 [  9.   9.  16.]]
cf_score, 57.0
nv_score, 8.0
ratio, 0.676767676768
[[ 30.   9.   1.]
 [  6.  13.   8.]
 [  3.  13.  17.]]
cf_score, 56.0
nv_score, 7.0
ratio, 0.606060606061
[[ 26.   2.   5.]
 [  2.  24.   7.]
 [  5.  13.  16.]]
cf_score, 56.0
nv_score, -1.0
ratio, 0.666666666667
[[ 28.   7.   4.]
 [  2.  24.   7.]
 [  2.  16.  10.]]
cf_score, 56.0
nv_score, -5.0
ratio, 0.626262626263
[[ 17.   4.   2.]
 [  3.  32.   5.]
 [  9.  13.  15.]]
cf_score, 53.0
nv_score, 6.0
ratio, 0.646464646465
[[ 35.   3.   3.]
 [  5.  20.   3.]
 [  5.  17.   9.]]
cf_score, 56.0
nv_score, 0.0
ratio, 0.646464646465
[[ 28.   3.   6.]
 [  1.  18.   7.]
 [  4.  15.  18.]]
cf_score, 54.0
nv_score, -1.0
ratio, 0.646464646465
[[ 29.   2.   1.]
 [  3.  26.   3.]
 [  8.  11.  17.]]
cf_score, 63.0
nv_score, 12.0
ratio, 0.727272727273
[[ 29.   6.   4.]
 [  1.  23.   9.]
 [  2.  11.  15.]]
cf_score, 61.0
nv_score, -2.0
ratio, 0.676767676768
[[ 24.   4.   1.]
 [  2.  30.   4.]
 [  7.  13.  15.]]
cf_score, 61.0
nv_score, 9.0
ratio, 0.69696969697
[[ 24.   2.   0.]
 [  3.  27.  11.]
 [  5.  12.  16.]]
cf_score, 62.0
nv_score, 5.0
ratio, 0.676767676768
[[ 28.   7.   4.]
 [  3.  15.   8.]
 [  8.   7.  20.]]
cf_score, 51.0
nv_score, 4.0
ratio, 0.636363636364
[[ 21.   3.   2.]
 [  4.  29.   6.]
 [  5.  12.  18.]]
cf_score, 61.0
nv_score, 8.0
ratio, 0.686868686869
[[ 34.   3.   2.]
 [  2.  17.   4.]
 [  7.  10.  21.]]
cf_score, 63.0
nv_score, 13.0
ratio, 0.727272727273
[[ 27.   3.   3.]
 [  3.  26.   8.]
 [  7.   9.  14.]]
cf_score, 57.0
nv_score, 0.0
ratio, 0.676767676768
[[ 30.   7.   4.]
 [  2.  22.   5.]
 [  9.  13.   8.]]
cf_score, 47.0
nv_score, -5.0
ratio, 0.606060606061
[[ 31.   6.   3.]
 [  1.  26.   8.]
 [  2.  13.  10.]]
cf_score, 62.0
nv_score, -4.0
ratio, 0.676767676768
[[ 22.   3.   0.]
 [  2.  23.  10.]
 [  6.  13.  21.]]
cf_score, 60.0
nv_score, 11.0
ratio, 0.666666666667
[[ 23.   7.   2.]
 [  5.  26.  10.]
 [  5.   9.  13.]]
cf_score, 55.0
nv_score, -1.0
ratio, 0.626262626263
[[ 23.   9.   1.]
 [  5.  28.  12.]
 [  2.   9.  11.]]
cf_score, 59.0
nv_score, -3.0
ratio, 0.626262626263
[[ 37.   1.   2.]
 [  1.  22.   6.]
 [  7.  14.  10.]]
cf_score, 60.0
nv_score, 0.0
ratio, 0.69696969697
[[ 32.   6.   4.]
 [  1.  19.   4.]
 [  5.  12.  17.]]
cf_score, 59.0
nv_score, 5.0
ratio, 0.686868686869
[[ 39.   4.   1.]
 [  2.  16.   7.]
 [  6.  12.  13.]]
cf_score, 61.0
nv_score, 4.0
ratio, 0.686868686869
[[ 28.   4.   5.]
 [  2.  30.   4.]
 [  1.  12.  14.]]
cf_score, 66.0
nv_score, 0.0
ratio, 0.727272727273
[[ 26.   4.   4.]
 [  2.  31.   6.]
 [  6.   9.  12.]]
cf_score, 59.0
nv_score, -2.0
ratio, 0.69696969697
[[ 15.  10.   3.]
 [  4.  24.   5.]
 [  5.  18.  16.]]
cf_score, 47.0
nv_score, 5.0
ratio, 0.555555555556
[[ 27.   7.   3.]
 [  2.  29.   5.]
 [  3.   8.  16.]]
cf_score, 66.0
nv_score, 5.0
ratio, 0.727272727273
[[ 30.   4.   1.]
 [  3.  27.   7.]
 [  2.  15.  11.]]
cf_score, 65.0
nv_score, 2.0
ratio, 0.686868686869
[[ 19.   5.   7.]
 [  1.  28.   9.]
 [  4.   6.  21.]]
cf_score, 57.0
nv_score, -2.0
ratio, 0.686868686869
[[ 32.   5.   4.]
 [  0.  24.   4.]
 [  1.  18.  12.]]
cf_score, 63.0
nv_score, 0.0
ratio, 0.686868686869
[[ 28.   9.   2.]
 [  3.  22.   9.]
 [  4.   9.  14.]]
cf_score, 58.0
nv_score, 1.0
ratio, 0.646464646465
[[ 29.   3.   2.]
 [  3.  23.  10.]
 [  2.  12.  16.]]
cf_score, 64.0
nv_score, 2.0
ratio, 0.686868686869
[[ 29.   7.   2.]
 [  0.  22.   9.]
 [  4.  14.  13.]]
cf_score, 58.0
nv_score, 0.0
ratio, 0.646464646465
[[ 23.   5.   3.]
 [  2.  20.  12.]
 [  5.  11.  19.]]
cf_score, 54.0
nv_score, 1.0
ratio, 0.626262626263
[[ 27.   3.   2.]
 [  3.  23.  11.]
 [  4.  13.  14.]]
cf_score, 58.0
nv_score, -1.0
ratio, 0.646464646465
[[ 32.   6.   4.]
 [  2.  15.   0.]
 [  6.  19.  16.]]
cf_score, 53.0
nv_score, 8.0
ratio, 0.636363636364
[[ 26.   3.   5.]
 [  2.  17.   8.]
 [  5.  19.  15.]]
cf_score, 48.0
nv_score, -3.0
ratio, 0.585858585859
[[ 26.   4.   1.]
 [  4.  24.   5.]
 [  6.  21.   9.]]
cf_score, 52.0
nv_score, 2.0
ratio, 0.59595959596
[[ 30.   3.   4.]
 [  1.  24.   4.]
 [  6.  14.  14.]]
cf_score, 58.0
nv_score, 2.0
ratio, 0.686868686869
[[ 33.   3.   3.]
 [  4.  21.   4.]
 [  5.  12.  15.]]
cf_score, 61.0
nv_score, 5.0
ratio, 0.69696969697
[[ 21.   5.   2.]
 [  2.  25.  10.]
 [  3.  18.  14.]]
cf_score, 55.0
nv_score, 0.0
ratio, 0.606060606061
[[ 31.   2.   5.]
 [  2.  24.   7.]
 [  6.  12.  11.]]
cf_score, 55.0
nv_score, -6.0
ratio, 0.666666666667
[[ 30.   6.   1.]
 [  1.  17.  13.]
 [  5.  13.  14.]]
cf_score, 55.0
nv_score, -1.0
ratio, 0.616161616162
[[ 29.   1.   2.]
 [  0.  19.  11.]
 [  4.  14.  20.]]
cf_score, 62.0
nv_score, 5.0
ratio, 0.686868686869
[[ 19.   3.   2.]
 [  4.  23.  10.]
 [  6.  14.  19.]]
cf_score, 53.0
nv_score, 5.0
ratio, 0.616161616162
[[ 28.   6.   1.]
 [  0.  21.   9.]
 [  7.  13.  15.]]
cf_score, 56.0
nv_score, 4.0
ratio, 0.646464646465
[[ 26.   3.   3.]
 [  2.  23.  12.]
 [  4.  17.  10.]]
cf_score, 52.0
nv_score, -8.0
ratio, 0.59595959596
[[ 31.  11.   3.]
 [  6.  18.   5.]
 [  5.  14.   7.]]
cf_score, 48.0
nv_score, -4.0
ratio, 0.565656565657
[[ 34.   5.   2.]
 [  0.  23.   3.]
 [  2.  13.  18.]]
cf_score, 71.0
nv_score, 11.0
ratio, 0.757575757576
[[ 13.   5.   1.]
 [  3.  24.   7.]
 [  9.  23.  15.]]
cf_score, 42.0
nv_score, 6.0
ratio, 0.525252525253
[[ 24.   2.   2.]
 [  6.  23.   9.]
 [  6.  13.  15.]]
cf_score, 54.0
nv_score, 2.0
ratio, 0.626262626263
[[ 34.   2.   3.]
 [  3.  21.   7.]
 [  5.  13.  12.]]
cf_score, 59.0
nv_score, -1.0
ratio, 0.676767676768
[[ 31.   4.   1.]
 [  3.  25.   7.]
 [  4.  16.   9.]]
cf_score, 60.0
nv_score, 0.0
ratio, 0.656565656566
[[ 27.   2.   4.]
 [  5.  17.  12.]
 [  5.  14.  14.]]
cf_score, 49.0
nv_score, -6.0
ratio, 0.585858585859
[[ 27.   4.   2.]
 [  5.  24.   7.]
 [  5.  15.  11.]]
cf_score, 55.0
nv_score, 0.0
ratio, 0.626262626263
[[ 22.   5.   3.]
 [  5.  19.  10.]
 [  1.  17.  18.]]
cf_score, 55.0
nv_score, 2.0
ratio, 0.59595959596
[[ 21.   3.   3.]
 [  2.  25.   9.]
 [  0.  18.  19.]]
cf_score, 62.0
nv_score, 4.0
ratio, 0.656565656566
[[ 29.   3.   2.]
 [  3.  25.   4.]
 [  8.  11.  15.]]
cf_score, 59.0
nv_score, 7.0
ratio, 0.69696969697
[[ 26.   2.   1.]
 [  4.  27.   6.]
 [  5.  12.  17.]]
cf_score, 64.0
nv_score, 9.0
ratio, 0.707070707071
[[ 26.   3.   3.]
 [  4.  24.   7.]
 [  5.  15.  13.]]
cf_score, 55.0
nv_score, 0.0
ratio, 0.636363636364
[[ 29.   6.   1.]
 [  5.  20.  11.]
 [  4.  12.  12.]]
cf_score, 56.0
nv_score, -1.0
ratio, 0.616161616162
[[ 25.   3.   3.]
 [  2.  24.   8.]
 [  4.  20.  11.]]
cf_score, 53.0
nv_score, -3.0
ratio, 0.606060606061
[[ 25.   5.   3.]
 [  3.  28.   3.]
 [  6.  10.  17.]]
cf_score, 61.0
nv_score, 8.0
ratio, 0.707070707071
[[ 24.   3.   7.]
 [  3.  22.   9.]
 [  3.  14.  15.]]
cf_score, 51.0
nv_score, -8.0
ratio, 0.616161616162
[[ 24.   5.   1.]
 [  8.  23.   8.]
 [  5.  13.  13.]]
cf_score, 54.0
nv_score, 3.0
ratio, 0.606060606061
[[ 33.   6.   3.]
 [  2.  22.  10.]
 [  5.  11.   8.]]
cf_score, 55.0
nv_score, -8.0
ratio, 0.636363636364
[[ 22.   5.   4.]
 [  1.  26.   8.]
 [  2.  18.  14.]]
cf_score, 56.0
nv_score, -2.0
ratio, 0.626262626263
[[ 29.   7.   5.]
 [  4.  20.  10.]
 [  2.  16.   7.]]
cf_score, 49.0
nv_score, -13.0
ratio, 0.565656565657
[[ 26.   3.   2.]
 [  1.  23.  13.]
 [  3.  13.  16.]]
cf_score, 60.0
nv_score, -1.0
ratio, 0.656565656566
[[ 36.   3.   3.]
 [  1.  21.   6.]
 [  3.   7.  20.]]
cf_score, 71.0
nv_score, 8.0
ratio, 0.777777777778
[[ 32.   3.   4.]
 [  2.  27.   6.]
 [  2.  11.  13.]]
cf_score, 66.0
nv_score, -1.0
ratio, 0.727272727273
[[ 25.   1.   3.]
 [  0.  28.   9.]
 [  5.  12.  17.]]
cf_score, 62.0
nv_score, 2.0
ratio, 0.707070707071
[[ 22.   6.   4.]
 [  5.  24.   8.]
 [  6.  12.  13.]]
cf_score, 49.0
nv_score, -3.0
ratio, 0.59595959596
[[ 21.   5.   1.]
 [  4.  28.   6.]
 [  2.  15.  18.]]
cf_score, 64.0
nv_score, 10.0
ratio, 0.676767676768
[[ 33.   3.   4.]
 [  3.  21.  10.]
 [  4.   9.  13.]]
cf_score, 59.0
nv_score, -5.0
ratio, 0.676767676768
[[ 30.   1.   4.]
 [  3.  21.  10.]
 [  6.  11.  14.]]
cf_score, 55.0
nv_score, -4.0
ratio, 0.656565656566
[[ 31.   2.   5.]
 [  1.  25.   5.]
 [  3.  14.  14.]]
cf_score, 62.0
nv_score, -1.0
ratio, 0.707070707071
[[ 23.   6.   5.]
 [  3.  30.   7.]
 [  1.  13.  12.]]
cf_score, 59.0
nv_score, -5.0
ratio, 0.656565656566
[[ 24.   4.   3.]
 [  2.  28.  10.]
 [  1.  11.  17.]]
cf_score, 65.0
nv_score, 1.0
ratio, 0.69696969697
[[ 28.   3.   2.]
 [  2.  19.  12.]
 [  4.  13.  17.]]
cf_score, 58.0
nv_score, 1.0
ratio, 0.646464646465
[[ 22.   4.   0.]
 [  5.  25.   7.]
 [  6.  18.  13.]]
cf_score, 54.0
nv_score, 6.0
ratio, 0.606060606061
[[ 32.   3.   0.]
 [  2.  20.  11.]
 [  5.  16.  11.]]
cf_score, 58.0
nv_score, 0.0
ratio, 0.636363636364
[[ 26.   3.   5.]
 [  3.  25.   7.]
 [  5.  19.   7.]]
cf_score, 48.0
nv_score, -10.0
ratio, 0.585858585859
[[ 23.   6.   6.]
 [  2.  31.   6.]
 [  2.  12.  12.]]
cf_score, 58.0
nv_score, -6.0
ratio, 0.666666666667
[[ 27.   5.   1.]
 [  2.  25.   7.]
 [  3.  13.  17.]]
cf_score, 65.0
nv_score, 8.0
ratio, 0.69696969697
[[ 25.   6.   6.]
 [  4.  19.  10.]
 [  5.  13.  12.]]
cf_score, 45.0
nv_score, -10.0
ratio, 0.565656565657
[[ 32.   4.   4.]
 [  1.  23.   7.]
 [  7.  13.   9.]]
cf_score, 53.0
nv_score, -6.0
ratio, 0.646464646465
[[ 28.   3.   2.]
 [  4.  22.   9.]
 [  4.  14.  14.]]
cf_score, 58.0
nv_score, 1.0
ratio, 0.646464646465
[[ 29.   5.   3.]
 [  3.  19.   8.]
 [  1.  14.  18.]]
cf_score, 62.0
nv_score, 4.0
ratio, 0.666666666667
[[ 28.   2.   3.]
 [  3.  22.  11.]
 [  4.  11.  16.]]
cf_score, 59.0
nv_score, -1.0
ratio, 0.666666666667
[[ 23.   6.   6.]
 [  4.  20.   5.]
 [  6.  13.  17.]]
cf_score, 48.0
nv_score, 0.0
ratio, 0.606060606061
[[ 30.   4.   4.]
 [  3.  25.  10.]
 [  2.  14.   8.]]
cf_score, 57.0
nv_score, -10.0
ratio, 0.636363636364
[[ 30.   1.   1.]
 [  7.  18.   6.]
 [  3.  12.  22.]]
cf_score, 66.0
nv_score, 14.0
ratio, 0.707070707071
[[ 22.   5.   2.]
 [  4.  18.  12.]
 [  7.  11.  19.]]
cf_score, 50.0
nv_score, 3.0
ratio, 0.59595959596
[[ 31.   4.   7.]
 [  1.  20.   5.]
 [  2.  11.  19.]]
cf_score, 61.0
nv_score, 0.0
ratio, 0.707070707071
[[ 26.   6.   4.]
 [  4.  27.   6.]
 [  6.  11.  10.]]
cf_score, 53.0
nv_score, -4.0
ratio, 0.636363636364
[[ 35.   3.   5.]
 [  2.  21.   9.]
 [  1.  12.  12.]]
cf_score, 62.0
nv_score, -7.0
ratio, 0.686868686869
[[ 18.   5.   2.]
 [  1.  24.   7.]
 [  8.  14.  21.]]
cf_score, 53.0
nv_score, 10.0
ratio, 0.636363636364
[[ 31.   5.   6.]
 [  4.  24.   9.]
 [  1.   8.  12.]]
cf_score, 60.0
nv_score, -9.0
ratio, 0.676767676768
[[ 20.   5.   6.]
 [  5.  20.  10.]
 [  1.  14.  19.]]
cf_score, 52.0
nv_score, -3.0
ratio, 0.59595959596
[[ 33.   0.   6.]
 [  1.  29.   4.]
 [  3.  11.  13.]]
cf_score, 66.0
nv_score, -3.0
ratio, 0.757575757576
[[ 18.   5.   2.]
 [  2.  23.  12.]
 [  5.  13.  20.]]
cf_score, 54.0
nv_score, 4.0
ratio, 0.616161616162
[[ 29.   3.   8.]
 [  3.  23.   3.]
 [  5.  14.  12.]]
cf_score, 51.0
nv_score, -7.0
ratio, 0.646464646465
[[ 28.   3.   2.]
 [  1.  29.   9.]
 [  6.   9.  13.]]
cf_score, 62.0
nv_score, 0.0
ratio, 0.707070707071
[[ 33.   4.   2.]
 [  0.  21.   6.]
 [  2.  13.  19.]]
cf_score, 69.0
nv_score, 9.0
ratio, 0.737373737374
[[ 17.   6.   4.]
 [  1.  21.  19.]
 [  1.  17.  14.]]
cf_score, 47.0
nv_score, -13.0
ratio, 0.525252525253
[[ 27.   7.   4.]
 [  3.  20.   3.]
 [  6.  12.  18.]]
cf_score, 55.0
nv_score, 7.0
ratio, 0.656565656566
[[ 28.   7.   2.]
 [  5.  21.   8.]
 [  7.  10.  12.]]
cf_score, 52.0
nv_score, 0.0
ratio, 0.616161616162
[[ 23.   6.   4.]
 [  4.  25.  11.]
 [  4.  16.   7.]]
cf_score, 47.0
nv_score, -12.0
ratio, 0.555555555556
[[ 30.   4.   3.]
 [  3.  26.   5.]
 [  6.  15.   8.]]
cf_score, 55.0
nv_score, -3.0
ratio, 0.646464646465
[[ 33.   5.   3.]
 [  3.  17.   7.]
 [  4.  16.  12.]]
cf_score, 55.0
nv_score, -1.0
ratio, 0.626262626263
[[ 30.   4.   5.]
 [  3.  20.   6.]
 [  8.   8.  16.]]
cf_score, 53.0
nv_score, 0.0
ratio, 0.666666666667
[[ 34.   2.   4.]
 [  2.  23.   5.]
 [  6.  12.  12.]]
cf_score, 59.0
nv_score, -1.0
ratio, 0.69696969697
[[ 24.   4.   4.]
 [  6.  20.   7.]
 [  6.  14.  15.]]
cf_score, 49.0
nv_score, 0.0
ratio, 0.59595959596
[[ 30.   6.   5.]
 [  4.  25.   5.]
 [  2.  14.   9.]]
cf_score, 57.0
nv_score, -6.0
ratio, 0.646464646465
[[ 33.   4.   2.]
 [  0.  26.   4.]
 [  2.  16.  13.]]
cf_score, 68.0
nv_score, 5.0
ratio, 0.727272727273
[[ 29.   5.   3.]
 [  4.  23.  10.]
 [  5.   9.  12.]]
cf_score, 56.0
nv_score, -4.0
ratio, 0.646464646465
[[ 33.   2.   6.]
 [  7.  23.   3.]
 [  4.  14.   8.]]
cf_score, 54.0
nv_score, -7.0
ratio, 0.646464646465
[[ 29.   6.   1.]
 [  4.  21.   5.]
 [  7.  10.  17.]]
cf_score, 59.0
nv_score, 10.0
ratio, 0.676767676768
[[ 31.   2.   4.]
 [  7.  12.  10.]
 [  7.   9.  18.]]
cf_score, 50.0
nv_score, 0.0
ratio, 0.616161616162
[[ 25.   0.   3.]
 [  3.  29.   9.]
 [  3.  11.  17.]]
cf_score, 65.0
nv_score, 2.0
ratio, 0.717171717172
[[ 30.   3.   2.]
 [  3.  22.   3.]
 [  3.  18.  16.]]
cf_score, 63.0
nv_score, 9.0
ratio, 0.686868686869
[[ 33.   3.   3.]
 [  3.  23.   5.]
 [  0.  15.  15.]]
cf_score, 68.0
nv_score, 4.0
ratio, 0.717171717172
[[ 24.   2.   6.]
 [  1.  23.   7.]
 [  5.  18.  14.]]
cf_score, 50.0
nv_score, -5.0
ratio, 0.616161616162
[[ 32.   4.   1.]
 [  3.  25.   3.]
 [  2.  14.  16.]]
cf_score, 70.0
nv_score, 11.0
ratio, 0.737373737374
[[ 32.   3.   4.]
 [  1.  23.   8.]
 [  4.  16.   9.]]
cf_score, 56.0
nv_score, -7.0
ratio, 0.646464646465
[[ 22.   2.   2.]
 [  6.  20.   5.]
 [  3.  22.  18.]]
cf_score, 55.0
nv_score, 9.0
ratio, 0.606060606061
[[ 33.   1.   2.]
 [  4.  18.   7.]
 [  6.  10.  19.]]
cf_score, 62.0
nv_score, 8.0
ratio, 0.707070707071
[[ 30.   1.   3.]
 [  3.  18.   9.]
 [  3.  10.  23.]]
cf_score, 65.0
nv_score, 8.0
ratio, 0.717171717172
[[ 22.   4.   0.]
 [  5.  22.   8.]
 [  6.  14.  19.]]
cf_score, 57.0
nv_score, 11.0
ratio, 0.636363636364
[[ 23.   3.   1.]
 [  6.  28.   7.]
 [  2.  14.  16.]]
cf_score, 64.0
nv_score, 7.0
ratio, 0.676767676768
[[ 28.   6.   1.]
 [  4.  24.   6.]
 [  4.  10.  17.]]
cf_score, 64.0
nv_score, 9.0
ratio, 0.69696969697
[[ 28.   4.   5.]
 [  4.  21.   9.]
 [  2.  10.  17.]]
cf_score, 59.0
nv_score, -2.0
ratio, 0.666666666667
[[ 18.   4.  12.]
 [  3.  26.   7.]
 [  5.  16.   9.]]
cf_score, 36.0
nv_score, -22.0
ratio, 0.535353535354
[[ 33.   4.   4.]
 [  6.  23.   8.]
 [  2.   8.  12.]]
cf_score, 62.0
nv_score, -4.0
ratio, 0.686868686869
[[ 18.   5.   4.]
 [  3.  23.  10.]
 [  3.   8.  26.]]
cf_score, 60.0
nv_score, 8.0
ratio, 0.676767676768
[[ 25.   4.   1.]
 [  4.  25.  10.]
 [  5.  11.  15.]]
cf_score, 59.0
nv_score, 3.0
ratio, 0.656565656566
[[ 15.   5.   6.]
 [  3.  26.   7.]
 [  4.  11.  23.]]
cf_score, 54.0
nv_score, 4.0
ratio, 0.646464646465
[[ 28.   4.   4.]
 [  3.  27.   4.]
 [  7.   9.  14.]]
cf_score, 58.0
nv_score, 2.0
ratio, 0.69696969697
[[ 32.   5.   3.]
 [  1.  26.   3.]
 [  2.  14.  14.]]
cf_score, 67.0
nv_score, 5.0
ratio, 0.727272727273
[[ 36.   1.   3.]
 [  1.  21.  10.]
 [  5.  12.  11.]]
cf_score, 60.0
nv_score, -5.0
ratio, 0.686868686869
[[ 20.   2.   4.]
 [  5.  27.   4.]
 [  3.  19.  16.]]
cf_score, 56.0
nv_score, 4.0
ratio, 0.636363636364
[[ 26.   1.   3.]
 [  3.  28.   9.]
 [  3.  12.  15.]]
cf_score, 63.0
nv_score, 0.0
ratio, 0.69696969697
[[ 36.   5.   3.]
 [  1.  20.   6.]
 [  7.   8.  14.]]
cf_score, 60.0
nv_score, 2.0
ratio, 0.707070707071
[[ 18.   8.   1.]
 [  2.  28.   3.]
 [  3.  19.  18.]]
cf_score, 60.0
nv_score, 13.0
ratio, 0.646464646465
[[ 39.   2.   2.]
 [  4.  15.  11.]
 [  1.   6.  20.]]
cf_score, 71.0
nv_score, 5.0
ratio, 0.747474747475
[[ 29.   7.   3.]
 [  3.  26.   9.]
 [  3.  15.   5.]]
cf_score, 54.0
nv_score, -10.0
ratio, 0.606060606061
[[ 28.   3.   2.]
 [  1.  28.   7.]
 [  3.  16.  12.]]
cf_score, 63.0
nv_score, 1.0
ratio, 0.686868686869
[[ 22.   2.   6.]
 [  2.  22.   7.]
 [  7.  13.  19.]]
cf_score, 50.0
nv_score, 0.0
ratio, 0.636363636364
[[ 36.   7.   6.]
 [  3.  18.   7.]
 [  1.   9.  13.]]
cf_score, 60.0
nv_score, -6.0
ratio, 0.676767676768
[[ 27.   2.   2.]
 [  3.  22.  10.]
 [  6.   8.  20.]]
cf_score, 61.0
nv_score, 6.0
ratio, 0.69696969697
[[ 28.   3.   2.]
 [  5.  25.  12.]
 [  4.  13.   8.]]
cf_score, 55.0
nv_score, -8.0
ratio, 0.616161616162
[[ 23.   3.   8.]
 [  5.  19.  10.]
 [  3.  18.  11.]]
cf_score, 42.0
nv_score, -15.0
ratio, 0.535353535354
[[ 26.   3.   5.]
 [  3.  24.  10.]
 [  3.  16.  10.]]
cf_score, 52.0
nv_score, -10.0
ratio, 0.606060606061
[[ 25.   3.   2.]
 [  3.  22.   8.]
 [  3.  16.  18.]]
cf_score, 60.0
nv_score, 6.0
ratio, 0.656565656566
[[ 21.   6.   3.]
 [  5.  24.   8.]
 [  2.   9.  22.]]
cf_score, 62.0
nv_score, 8.0
ratio, 0.676767676768
[[ 25.   2.   4.]
 [  3.  26.   7.]
 [  7.  14.  12.]]
cf_score, 52.0
nv_score, -3.0
ratio, 0.636363636364
[[ 29.   3.   5.]
 [  4.  27.   3.]
 [  3.   9.  17.]]
cf_score, 65.0
nv_score, 4.0
ratio, 0.737373737374
[[ 20.   5.   1.]
 [  2.  30.   9.]
 [  6.  13.  14.]]
cf_score, 57.0
nv_score, 3.0
ratio, 0.646464646465
[[ 19.   4.   2.]
 [  1.  34.  10.]
 [  8.  12.  10.]]
cf_score, 53.0
nv_score, -4.0
ratio, 0.636363636364
[[ 32.   1.   2.]
 [  1.  23.   4.]
 [  4.  19.  14.]]
cf_score, 63.0
nv_score, 6.0
ratio, 0.69696969697
[[ 25.   3.   3.]
 [  1.  33.   6.]
 [  5.  11.  13.]]
cf_score, 63.0
nv_score, 1.0
ratio, 0.717171717172
[[ 27.   2.   3.]
 [  0.  27.   8.]
 [  1.  16.  16.]]
cf_score, 66.0
nv_score, 2.0
ratio, 0.707070707071
[[ 32.   5.   3.]
 [  2.  22.   8.]
 [  4.  10.  14.]]
cf_score, 61.0
nv_score, 0.0
ratio, 0.686868686869
[[ 29.   3.   4.]
 [  1.  21.   7.]
 [  6.  15.  14.]]
cf_score, 54.0
nv_score, -1.0
ratio, 0.646464646465
[[ 32.   1.   3.]
 [  2.  26.   3.]
 [  4.  11.  18.]]
cf_score, 69.0
nv_score, 9.0
ratio, 0.767676767677
[[ 31.   1.   2.]
 [  2.  23.   6.]
 [  5.  17.  13.]]
cf_score, 60.0
nv_score, 3.0
ratio, 0.676767676768
