[[  0.   2.  30.]
 [  0.  15.  21.]
 [  0.   2.  30.]]
cf_score, 15.0
nv_score, -51.0
ratio, 0.454545454545
[[ 18.  11.   0.]
 [ 16.  17.   1.]
 [ 20.  16.   1.]]
cf_score, 16.0
nv_score, 0.0
ratio, 0.363636363636
[[ 22.   7.   2.]
 [ 23.  10.   3.]
 [ 21.   9.   3.]]
cf_score, 12.0
nv_score, -4.0
ratio, 0.353535353535
[[ 27.  11.   3.]
 [ 16.  14.   0.]
 [ 20.   8.   1.]]
cf_score, 19.0
nv_score, -5.0
ratio, 0.424242424242
[[ 22.   4.   0.]
 [ 18.  17.   2.]
 [ 20.  14.   3.]]
cf_score, 22.0
nv_score, 1.0
ratio, 0.424242424242
[[ 30.   8.   2.]
 [ 13.  11.   2.]
 [ 18.  15.   1.]]
cf_score, 22.0
nv_score, -5.0
ratio, 0.424242424242
[[ 24.   5.   1.]
 [ 16.  12.   3.]
 [ 22.  15.   2.]]
cf_score, 15.0
nv_score, -3.0
ratio, 0.383838383838
[[ 18.   6.   4.]
 [ 11.  18.   1.]
 [ 24.  16.   2.]]
cf_score, 10.0
nv_score, -7.0
ratio, 0.383838383838
[[ 22.   8.   0.]
 [ 15.  20.   1.]
 [ 21.  12.   1.]]
cf_score, 22.0
nv_score, 0.0
ratio, 0.434343434343
[[ 27.   9.   0.]
 [ 16.   9.   5.]
 [ 24.  10.   0.]]
cf_score, 12.0
nv_score, -5.0
ratio, 0.363636363636
[[ 32.   4.   2.]
 [ 16.  12.   0.]
 [ 19.  12.   3.]]
cf_score, 26.0
nv_score, -1.0
ratio, 0.474747474747
[[ 22.   7.   0.]
 [ 19.  18.   3.]
 [ 23.   8.   0.]]
cf_score, 17.0
nv_score, -3.0
ratio, 0.40404040404
[[ 23.   2.   2.]
 [ 18.  21.   0.]
 [ 28.   6.   0.]]
cf_score, 14.0
nv_score, -4.0
ratio, 0.444444444444
[[ 35.   4.   1.]
 [ 18.  12.   4.]
 [ 17.   8.   1.]]
cf_score, 30.0
nv_score, -5.0
ratio, 0.484848484848
[[ 26.   9.   1.]
 [ 15.  18.   2.]
 [ 16.  11.   2.]]
cf_score, 29.0
nv_score, -2.0
ratio, 0.464646464646
[[ 17.   8.   3.]
 [ 18.  15.   7.]
 [ 11.  17.   4.]]
cf_score, 22.0
nv_score, -9.0
ratio, 0.363636363636
[[ 18.   4.  11.]
 [  9.  11.  10.]
 [  6.   8.  23.]]
cf_score, 35.0
nv_score, -9.0
ratio, 0.525252525253
[[ 21.   2.   9.]
 [  9.  15.  13.]
 [  4.   6.  21.]]
cf_score, 44.0
nv_score, -10.0
ratio, 0.575757575758
[[ 10.   5.  18.]
 [  5.   8.  16.]
 [  3.   9.  26.]]
cf_score, 23.0
nv_score, -26.0
ratio, 0.444444444444
[[ 17.   3.   6.]
 [ 15.  16.  16.]
 [  2.   2.  23.]]
cf_score, 48.0
nv_score, -5.0
ratio, 0.565656565657
[[ 13.   7.  16.]
 [  0.  13.  18.]
 [  2.   6.  25.]]
cf_score, 33.0
nv_score, -25.0
ratio, 0.515151515152
[[ 16.  12.   9.]
 [  7.  10.  10.]
 [  3.   9.  24.]]
cf_score, 38.0
nv_score, -4.0
ratio, 0.505050505051
[[ 19.   9.   7.]
 [ 12.  12.  12.]
 [  3.   5.  21.]]
cf_score, 42.0
nv_score, -5.0
ratio, 0.525252525253
[[  9.   2.  12.]
 [  9.  21.   4.]
 [  8.  14.  21.]]
cf_score, 31.0
nv_score, -7.0
ratio, 0.515151515152
[[ 17.   9.   7.]
 [  7.  16.   9.]
 [  4.  11.  20.]]
cf_score, 42.0
nv_score, -3.0
ratio, 0.535353535354
[[ 19.   9.   8.]
 [  9.  20.   3.]
 [  7.   6.  19.]]
cf_score, 43.0
nv_score, 0.0
ratio, 0.585858585859
[[ 21.   3.   6.]
 [ 12.  17.   4.]
 [ 10.   7.  20.]]
cf_score, 42.0
nv_score, 4.0
ratio, 0.585858585859
[[ 19.   7.   7.]
 [  8.  19.   6.]
 [  8.   9.  17.]]
cf_score, 40.0
nv_score, -3.0
ratio, 0.555555555556
[[  7.  19.   9.]
 [  6.  18.   4.]
 [  1.  17.  19.]]
cf_score, 34.0
nv_score, -3.0
ratio, 0.444444444444
[[ 24.   7.   4.]
 [ 17.   9.   4.]
 [  5.  14.  16.]]
cf_score, 40.0
nv_score, 4.0
ratio, 0.494949494949
[[  7.  14.  14.]
 [  3.  17.  12.]
 [  1.   9.  23.]]
cf_score, 32.0
nv_score, -17.0
ratio, 0.474747474747
[[ 16.   7.   6.]
 [  4.  17.  13.]
 [  2.   9.  26.]]
cf_score, 51.0
nv_score, 1.0
ratio, 0.59595959596
[[ 18.  10.   9.]
 [  7.  10.  15.]
 [  1.   3.  27.]]
cf_score, 45.0
nv_score, -6.0
ratio, 0.555555555556
[[ 11.   8.   5.]
 [ 10.  19.   7.]
 [  4.  19.  17.]]
cf_score, 38.0
nv_score, 0.0
ratio, 0.474747474747
[[ 14.  12.   8.]
 [  2.  22.   6.]
 [  4.  12.  20.]]
cf_score, 44.0
nv_score, -2.0
ratio, 0.565656565657
[[ 15.  10.  13.]
 [  9.  18.   4.]
 [  6.   7.  18.]]
cf_score, 32.0
nv_score, -12.0
ratio, 0.515151515152
[[ 17.  10.   9.]
 [ 10.  16.   6.]
 [  3.   8.  21.]]
cf_score, 42.0
nv_score, -3.0
ratio, 0.545454545455
[[ 28.   6.   2.]
 [ 19.   9.   5.]
 [  4.   6.  21.]]
cf_score, 52.0
nv_score, 12.0
ratio, 0.585858585859
[[ 16.   8.   6.]
 [ 10.  16.   8.]
 [  7.   6.  23.]]
cf_score, 42.0
nv_score, 3.0
ratio, 0.555555555556
[[ 14.   7.   4.]
 [ 11.  19.   7.]
 [  5.   7.  26.]]
cf_score, 50.0
nv_score, 11.0
ratio, 0.59595959596
[[ 17.   7.  10.]
 [ 14.  12.   4.]
 [  2.  14.  20.]]
cf_score, 37.0
nv_score, -4.0
ratio, 0.494949494949
[[ 20.   8.   6.]
 [ 15.  13.   4.]
 [  9.   5.  20.]]
cf_score, 38.0
nv_score, 4.0
ratio, 0.535353535354
[[ 20.   9.  11.]
 [  9.  15.   9.]
 [  0.   6.  21.]]
cf_score, 45.0
nv_score, -10.0
ratio, 0.565656565657
[[ 13.   7.  14.]
 [  5.  14.   9.]
 [  2.  10.  26.]]
cf_score, 37.0
nv_score, -11.0
ratio, 0.535353535354
[[ 21.   9.   5.]
 [ 10.  15.   5.]
 [  6.  13.  16.]]
cf_score, 41.0
nv_score, 1.0
ratio, 0.525252525253
[[ 19.  11.   6.]
 [  7.  13.   9.]
 [  0.   9.  26.]]
cf_score, 52.0
nv_score, 5.0
ratio, 0.585858585859
[[ 18.  16.   8.]
 [  7.  16.   5.]
 [  2.   9.  19.]]
cf_score, 43.0
nv_score, -2.0
ratio, 0.535353535354
[[  9.  13.   9.]
 [ 10.  19.  11.]
 [  3.   6.  20.]]
cf_score, 36.0
nv_score, -9.0
ratio, 0.484848484848
[[ 11.  10.   5.]
 [  6.  17.  11.]
 [  4.  10.  26.]]
cf_score, 45.0
nv_score, 5.0
ratio, 0.545454545455
[[ 10.   7.  14.]
 [ 15.  20.   6.]
 [  1.   6.  21.]]
cf_score, 36.0
nv_score, -13.0
ratio, 0.515151515152
