[[ 20.   1.  11.]
 [ 22.   2.   3.]
 [ 18.   1.  22.]]
cf_score, 15.0
nv_score, -3.0
ratio, 0.444444444444
[[  0.  17.  11.]
 [  0.  28.  13.]
 [  0.  14.  17.]]
cf_score, 34.0
nv_score, -18.0
ratio, 0.454545454545
[[  3.  12.   7.]
 [  2.  23.  11.]
 [  0.  17.  25.]]
cf_score, 44.0
nv_score, 0.0
ratio, 0.515151515152
[[ 18.   0.  17.]
 [ 21.   0.   6.]
 [ 13.   0.  25.]]
cf_score, 13.0
nv_score, -15.0
ratio, 0.434343434343
[[  0.  16.  12.]
 [  0.  26.  11.]
 [  0.  15.  20.]]
cf_score, 34.0
nv_score, -15.0
ratio, 0.464646464646
[[  3.  15.  18.]
 [  1.  20.   9.]
 [  0.  19.  15.]]
cf_score, 20.0
nv_score, -30.0
ratio, 0.383838383838
[[  0.  27.  11.]
 [  0.  21.  14.]
 [  0.  10.  17.]]
cf_score, 27.0
nv_score, -19.0
ratio, 0.383838383838
[[  9.  15.  14.]
 [  6.  14.   8.]
 [ 11.   5.  18.]]
cf_score, 16.0
nv_score, -18.0
ratio, 0.414141414141
[[  2.  25.   8.]
 [  0.  25.  11.]
 [  0.   8.  21.]]
cf_score, 40.0
nv_score, -6.0
ratio, 0.484848484848
[[  7.  16.   9.]
 [  1.  19.  13.]
 [  1.  13.  21.]]
cf_score, 37.0
nv_score, -10.0
ratio, 0.474747474747
[[  0.  30.  12.]
 [  0.  20.   7.]
 [  0.  18.  13.]]
cf_score, 21.0
nv_score, -18.0
ratio, 0.333333333333
[[ 20.   0.  14.]
 [ 16.   0.   9.]
 [ 20.   0.  21.]]
cf_score, 7.0
nv_score, -16.0
ratio, 0.414141414141
[[ 13.  17.   7.]
 [ 10.  17.   6.]
 [  4.  13.  13.]]
cf_score, 32.0
nv_score, -7.0
ratio, 0.434343434343
[[ 30.   0.  12.]
 [ 21.   0.  10.]
 [ 13.   0.  14.]]
cf_score, 19.0
nv_score, -20.0
ratio, 0.444444444444
[[  5.  18.   8.]
 [  1.  27.  11.]
 [  2.   9.  19.]]
cf_score, 41.0
nv_score, -8.0
ratio, 0.515151515152
[[  9.  13.  13.]
 [ 10.  14.   8.]
 [  6.   8.  19.]]
cf_score, 23.0
nv_score, -15.0
ratio, 0.424242424242
[[ 12.  15.   6.]
 [  7.  16.  10.]
 [  7.   6.  21.]]
cf_score, 36.0
nv_score, -1.0
ratio, 0.494949494949
[[  8.  17.   8.]
 [  7.  12.  15.]
 [  5.  11.  17.]]
cf_score, 24.0
nv_score, -14.0
ratio, 0.373737373737
[[ 21.   0.  10.]
 [ 26.   0.   8.]
 [ 19.   0.  16.]]
cf_score, 8.0
nv_score, -12.0
ratio, 0.373737373737
[[ 25.   0.   7.]
 [ 22.   0.   8.]
 [ 18.   0.  20.]]
cf_score, 20.0
nv_score, -2.0
ratio, 0.454545454545
[[ 16.  14.   5.]
 [  4.  15.   7.]
 [ 10.   8.  21.]]
cf_score, 37.0
nv_score, 4.0
ratio, 0.525252525253
[[ 17.   4.   8.]
 [ 11.   6.  14.]
 [ 12.   5.  23.]]
cf_score, 26.0
nv_score, -7.0
ratio, 0.464646464646
[[ 24.   6.  10.]
 [ 12.   3.   9.]
 [ 16.   4.  16.]]
cf_score, 17.0
nv_score, -13.0
ratio, 0.434343434343
[[ 29.   0.   9.]
 [ 19.   0.   9.]
 [ 20.   0.  14.]]
cf_score, 14.0
nv_score, -13.0
ratio, 0.434343434343
[[  5.   9.   8.]
 [ 12.  17.   9.]
 [  6.  15.  19.]]
cf_score, 27.0
nv_score, -6.0
ratio, 0.414141414141
[[ 12.   9.   8.]
 [ 10.  14.  11.]
 [  7.   8.  21.]]
cf_score, 32.0
nv_score, -6.0
ratio, 0.474747474747
[[  7.  13.   5.]
 [  8.  30.   4.]
 [  6.  13.  14.]]
cf_score, 40.0
nv_score, 0.0
ratio, 0.515151515152
[[ 10.  13.   9.]
 [  8.  13.  11.]
 [  8.  10.  18.]]
cf_score, 24.0
nv_score, -11.0
ratio, 0.414141414141
[[  7.  12.  11.]
 [  8.  12.  10.]
 [ 10.   7.  23.]]
cf_score, 21.0
nv_score, -9.0
ratio, 0.424242424242
[[ 11.  14.   8.]
 [ 13.   9.   9.]
 [  6.   5.  25.]]
cf_score, 31.0
nv_score, 0.0
ratio, 0.454545454545
[[  6.  21.   6.]
 [  4.  21.  11.]
 [  5.  15.  11.]]
cf_score, 27.0
nv_score, -12.0
ratio, 0.383838383838
[[  9.  18.   5.]
 [  2.  21.   5.]
 [ 12.  10.  18.]]
cf_score, 31.0
nv_score, 3.0
ratio, 0.484848484848
[[  5.  15.   4.]
 [  8.  18.   9.]
 [ 12.  13.  16.]]
cf_score, 23.0
nv_score, -1.0
ratio, 0.393939393939
[[  9.  22.   7.]
 [  1.  22.   5.]
 [  8.  12.  14.]]
cf_score, 30.0
nv_score, -5.0
ratio, 0.454545454545
[[  9.  22.   8.]
 [  3.  20.   8.]
 [  8.   3.  19.]]
cf_score, 32.0
nv_score, -5.0
ratio, 0.484848484848
[[  6.  14.  18.]
 [  7.  16.  11.]
 [  4.  11.  13.]]
cf_score, 13.0
nv_score, -34.0
ratio, 0.353535353535
[[ 17.  16.   6.]
 [ 10.  11.  13.]
 [  7.   8.  12.]]
cf_score, 27.0
nv_score, -13.0
ratio, 0.40404040404
[[  8.  23.   8.]
 [  4.  15.   7.]
 [ 11.  11.  13.]]
cf_score, 17.0
nv_score, -10.0
ratio, 0.363636363636
[[  9.  17.   6.]
 [  4.  20.   8.]
 [  5.   9.  22.]]
cf_score, 40.0
nv_score, 2.0
ratio, 0.515151515152
[[  6.  21.  11.]
 [  5.  14.   7.]
 [  6.   7.  23.]]
cf_score, 26.0
nv_score, -6.0
ratio, 0.434343434343
[[  7.  16.  10.]
 [  4.  17.  13.]
 [  7.   9.  17.]]
cf_score, 24.0
nv_score, -16.0
ratio, 0.414141414141
[[  9.  14.   4.]
 [  6.  24.   6.]
 [ 10.  10.  17.]]
cf_score, 36.0
nv_score, 3.0
ratio, 0.505050505051
[[ 14.  13.   7.]
 [  7.  25.   6.]
 [  3.   5.  20.]]
cf_score, 49.0
nv_score, 0.0
ratio, 0.59595959596
[[  8.  16.   8.]
 [  4.  19.  12.]
 [  9.   6.  18.]]
cf_score, 28.0
nv_score, -10.0
ratio, 0.454545454545
[[  9.  15.   5.]
 [  4.  19.  11.]
 [  6.  14.  17.]]
cf_score, 34.0
nv_score, -4.0
ratio, 0.454545454545
[[ 10.  14.   9.]
 [  2.  18.   9.]
 [  7.  12.  19.]]
cf_score, 31.0
nv_score, -8.0
ratio, 0.474747474747
[[ 11.  21.  11.]
 [  5.   7.   6.]
 [ 11.  10.  18.]]
cf_score, 14.0
nv_score, -10.0
ratio, 0.363636363636
[[  6.  19.  16.]
 [  2.  28.   3.]
 [  6.  10.  10.]]
cf_score, 22.0
nv_score, -25.0
ratio, 0.444444444444
[[ 11.  15.   5.]
 [  7.  12.   8.]
 [ 13.   7.  22.]]
cf_score, 27.0
nv_score, 4.0
ratio, 0.454545454545
[[  8.  18.   8.]
 [  5.  20.   5.]
 [ 15.   2.  19.]]
cf_score, 24.0
nv_score, -2.0
ratio, 0.474747474747
