[[  0.  23.  13.]
 [  0.  22.  10.]
 [  2.  16.  14.]]
cf_score, 21.0
nv_score, -22.0
ratio, 0.363636363636
[[  0.  18.  17.]
 [  0.  32.   2.]
 [  0.  15.  16.]]
cf_score, 31.0
nv_score, -20.0
ratio, 0.484848484848
[[  2.  22.  15.]
 [  0.  29.   4.]
 [  1.  14.  13.]]
cf_score, 28.0
nv_score, -21.0
ratio, 0.444444444444
[[  1.  15.  17.]
 [  0.  29.  12.]
 [  3.   9.  14.]]
cf_score, 24.0
nv_score, -32.0
ratio, 0.444444444444
[[  1.  20.  17.]
 [  0.  25.   7.]
 [  0.  11.  19.]]
cf_score, 28.0
nv_score, -22.0
ratio, 0.454545454545
[[  0.  16.  21.]
 [  0.  30.   4.]
 [  0.  16.  13.]]
cf_score, 22.0
nv_score, -33.0
ratio, 0.434343434343
[[  0.  25.  11.]
 [  0.  28.   4.]
 [  0.  10.  22.]]
cf_score, 39.0
nv_score, -4.0
ratio, 0.505050505051
[[  0.  30.  12.]
 [  0.  25.   4.]
 [  0.  10.  19.]]
cf_score, 32.0
nv_score, -9.0
ratio, 0.444444444444
[[  0.  22.  13.]
 [  0.  26.   8.]
 [  0.  16.  15.]]
cf_score, 28.0
nv_score, -19.0
ratio, 0.414141414141
[[  0.  22.  15.]
 [  0.  26.   4.]
 [  0.  15.  18.]]
cf_score, 29.0
nv_score, -16.0
ratio, 0.444444444444
[[  0.  27.  20.]
 [  0.  23.   4.]
 [  0.  14.  12.]]
cf_score, 15.0
nv_score, -32.0
ratio, 0.353535353535
[[  0.  16.  16.]
 [  0.  26.   8.]
 [  0.  15.  19.]]
cf_score, 29.0
nv_score, -21.0
ratio, 0.454545454545
[[  0.  26.  13.]
 [  0.  23.   7.]
 [  0.  18.  13.]]
cf_score, 23.0
nv_score, -20.0
ratio, 0.363636363636
[[  0.  19.  17.]
 [  0.  28.   5.]
 [  0.   8.  23.]]
cf_score, 34.0
nv_score, -16.0
ratio, 0.515151515152
[[  0.  24.  18.]
 [  0.  27.   7.]
 [  0.  12.  12.]]
cf_score, 21.0
nv_score, -31.0
ratio, 0.393939393939
[[  0.  21.  16.]
 [  0.  32.   4.]
 [  0.  12.  15.]]
cf_score, 31.0
nv_score, -21.0
ratio, 0.474747474747
[[  0.  21.  16.]
 [  0.  23.  12.]
 [  0.  10.  18.]]
cf_score, 25.0
nv_score, -26.0
ratio, 0.414141414141
[[  0.  16.  17.]
 [  0.  29.   8.]
 [  0.  12.  18.]]
cf_score, 30.0
nv_score, -24.0
ratio, 0.474747474747
[[  0.  16.  10.]
 [  0.  29.   8.]
 [  0.  16.  21.]]
cf_score, 40.0
nv_score, -7.0
ratio, 0.505050505051
[[  0.  19.  12.]
 [  0.  30.   8.]
 [  0.  14.  17.]]
cf_score, 35.0
nv_score, -15.0
ratio, 0.474747474747
[[  0.  24.  11.]
 [  0.  29.   4.]
 [  0.  19.  13.]]
cf_score, 31.0
nv_score, -13.0
ratio, 0.424242424242
[[  0.  20.  21.]
 [  0.  25.   3.]
 [  0.  10.  21.]]
cf_score, 25.0
nv_score, -24.0
ratio, 0.464646464646
[[  0.  21.  17.]
 [  0.  25.   6.]
 [  0.  14.  17.]]
cf_score, 25.0
nv_score, -23.0
ratio, 0.424242424242
[[  0.  17.  16.]
 [  0.  26.   7.]
 [  0.  15.  19.]]
cf_score, 29.0
nv_score, -20.0
ratio, 0.454545454545
[[  0.  15.  18.]
 [  0.  22.   8.]
 [  0.  15.  22.]]
cf_score, 26.0
nv_score, -22.0
ratio, 0.444444444444
[[  0.  19.  20.]
 [  0.  23.   9.]
 [  0.  17.  12.]]
cf_score, 15.0
nv_score, -37.0
ratio, 0.353535353535
[[  1.  13.  15.]
 [  0.  27.  13.]
 [  0.  11.  20.]]
cf_score, 33.0
nv_score, -23.0
ratio, 0.484848484848
[[  2.  20.   9.]
 [  0.  28.   9.]
 [  1.   9.  22.]]
cf_score, 42.0
nv_score, -5.0
ratio, 0.525252525253
[[  3.  23.  12.]
 [  1.  30.  10.]
 [  0.   8.  13.]]
cf_score, 34.0
nv_score, -21.0
ratio, 0.464646464646
[[  1.  28.   9.]
 [  2.  24.   6.]
 [  3.   9.  18.]]
cf_score, 31.0
nv_score, -6.0
ratio, 0.434343434343
[[  6.  21.  12.]
 [  1.  26.   8.]
 [  0.  12.  14.]]
cf_score, 34.0
nv_score, -18.0
ratio, 0.464646464646
[[  3.  26.  14.]
 [  1.  27.   1.]
 [  1.  13.  14.]]
cf_score, 29.0
nv_score, -15.0
ratio, 0.444444444444
[[  3.  21.  19.]
 [  1.  29.   7.]
 [  1.   6.  13.]]
cf_score, 25.0
nv_score, -32.0
ratio, 0.454545454545
[[  1.  21.  14.]
 [  0.  27.   5.]
 [  1.  18.  13.]]
cf_score, 26.0
nv_score, -20.0
ratio, 0.414141414141
[[  3.  23.  13.]
 [  3.  24.   3.]
 [  1.  14.  16.]]
cf_score, 29.0
nv_score, -13.0
ratio, 0.434343434343
[[  3.  15.  14.]
 [  3.  21.  13.]
 [  0.  10.  21.]]
cf_score, 31.0
nv_score, -20.0
ratio, 0.454545454545
[[  4.  19.  12.]
 [  1.  29.   8.]
 [  4.   5.  18.]]
cf_score, 35.0
nv_score, -14.0
ratio, 0.515151515152
[[  4.  13.  22.]
 [  1.  26.   6.]
 [  0.  11.  17.]]
cf_score, 25.0
nv_score, -33.0
ratio, 0.474747474747
[[  1.  16.  16.]
 [  3.  18.   6.]
 [  5.  17.  18.]]
cf_score, 16.0
nv_score, -20.0
ratio, 0.373737373737
[[  1.  24.   7.]
 [  3.  28.   7.]
 [  1.  11.  18.]]
cf_score, 39.0
nv_score, -3.0
ratio, 0.474747474747
[[  7.  22.   6.]
 [  2.  32.   3.]
 [  1.   9.  18.]]
cf_score, 50.0
nv_score, 3.0
ratio, 0.575757575758
[[  3.  19.  21.]
 [  1.  26.   3.]
 [  1.  10.  16.]]
cf_score, 23.0
nv_score, -29.0
ratio, 0.454545454545
[[  2.  11.   9.]
 [  4.  32.   8.]
 [  0.  17.  17.]]
cf_score, 42.0
nv_score, -9.0
ratio, 0.515151515152
[[  4.  18.  16.]
 [  0.  22.  10.]
 [  2.  16.  12.]]
cf_score, 20.0
nv_score, -30.0
ratio, 0.383838383838
[[  6.  16.  12.]
 [  5.  25.   7.]
 [  3.  13.  13.]]
cf_score, 29.0
nv_score, -18.0
ratio, 0.444444444444
[[  6.  34.   6.]
 [  5.  18.   5.]
 [  1.  10.  15.]]
cf_score, 32.0
nv_score, -2.0
ratio, 0.393939393939
[[  2.  12.  21.]
 [  1.  28.  13.]
 [  3.   3.  17.]]
cf_score, 23.0
nv_score, -38.0
ratio, 0.474747474747
[[  5.  18.  12.]
 [  3.  26.   6.]
 [  2.  14.  14.]]
cf_score, 31.0
nv_score, -16.0
ratio, 0.454545454545
[[  5.  19.  12.]
 [  3.  24.   5.]
 [  6.   9.  17.]]
cf_score, 28.0
nv_score, -12.0
ratio, 0.464646464646
[[  6.  29.   8.]
 [  1.  28.   2.]
 [  1.  10.  15.]]
cf_score, 40.0
nv_score, -3.0
ratio, 0.494949494949
