[[ 17.   0.  13.]
 [ 16.   0.  16.]
 [ 16.   0.  22.]]
cf_score, 10.0
nv_score, -20.0
ratio, 0.393939393939
[[ 23.   0.   9.]
 [ 14.   0.  18.]
 [ 18.   0.  18.]]
cf_score, 14.0
nv_score, -18.0
ratio, 0.414141414141
[[ 16.   0.  19.]
 [ 15.   0.  14.]
 [ 12.   0.  24.]]
cf_score, 9.0
nv_score, -28.0
ratio, 0.40404040404
[[ 15.   0.  17.]
 [ 12.   0.  24.]
 [ 14.   0.  18.]]
cf_score, 2.0
nv_score, -40.0
ratio, 0.333333333333
[[ 21.   0.   7.]
 [ 17.   0.  17.]
 [ 18.   0.  20.]]
cf_score, 16.0
nv_score, -11.0
ratio, 0.414141414141
[[ 26.   0.  12.]
 [ 18.   0.  13.]
 [  9.   0.  22.]]
cf_score, 27.0
nv_score, -15.0
ratio, 0.484848484848
[[ 17.   0.  17.]
 [ 13.   2.  22.]
 [  9.   0.  20.]]
cf_score, 13.0
nv_score, -36.0
ratio, 0.393939393939
[[ 25.   1.   7.]
 [ 24.   0.  12.]
 [ 15.   1.  15.]]
cf_score, 18.0
nv_score, -11.0
ratio, 0.40404040404
[[ 15.   2.  11.]
 [ 24.   4.  10.]
 [ 12.   0.  22.]]
cf_score, 18.0
nv_score, -10.0
ratio, 0.414141414141
[[ 23.   0.  13.]
 [ 16.   0.  15.]
 [ 11.   1.  21.]]
cf_score, 20.0
nv_score, -20.0
ratio, 0.444444444444
[[ 26.   1.   2.]
 [ 27.   0.   9.]
 [ 24.   1.  10.]]
cf_score, 10.0
nv_score, -3.0
ratio, 0.363636363636
[[ 17.   2.  10.]
 [ 12.   3.  18.]
 [ 13.   3.  22.]]
cf_score, 19.0
nv_score, -16.0
ratio, 0.424242424242
[[ 24.   2.   6.]
 [ 16.   3.  14.]
 [  6.   2.  27.]]
cf_score, 42.0
nv_score, 1.0
ratio, 0.545454545455
[[ 24.   1.  11.]
 [ 17.   4.  18.]
 [ 10.   3.  12.]]
cf_score, 19.0
nv_score, -28.0
ratio, 0.40404040404
[[ 17.   4.  10.]
 [ 16.   9.  10.]
 [  9.   4.  21.]]
cf_score, 28.0
nv_score, -9.0
ratio, 0.474747474747
[[ 22.   4.   8.]
 [ 19.   4.  10.]
 [ 15.   6.  12.]]
cf_score, 15.0
nv_score, -14.0
ratio, 0.383838383838
[[ 22.   0.  12.]
 [ 16.   6.   9.]
 [ 17.   1.  17.]]
cf_score, 16.0
nv_score, -16.0
ratio, 0.454545454545
[[ 19.   6.   4.]
 [  5.  10.  11.]
 [  9.  13.  23.]]
cf_score, 39.0
nv_score, 4.0
ratio, 0.525252525253
[[ 27.   3.  12.]
 [ 13.   4.  14.]
 [ 15.   5.   7.]]
cf_score, 11.0
nv_score, -31.0
ratio, 0.383838383838
[[ 24.   3.   9.]
 [ 14.   5.  14.]
 [ 13.   3.  15.]]
cf_score, 22.0
nv_score, -17.0
ratio, 0.444444444444
[[ 18.   6.   8.]
 [ 15.  11.   9.]
 [  8.   4.  21.]]
cf_score, 34.0
nv_score, -4.0
ratio, 0.505050505051
[[ 12.   7.  13.]
 [ 12.   7.  18.]
 [  8.  10.  13.]]
cf_score, 11.0
nv_score, -31.0
ratio, 0.323232323232
[[ 14.   5.   7.]
 [ 26.   5.   9.]
 [ 12.   6.  16.]]
cf_score, 16.0
nv_score, -7.0
ratio, 0.353535353535
[[ 20.   4.   7.]
 [ 14.   6.   9.]
 [ 18.   4.  18.]]
cf_score, 19.0
nv_score, -5.0
ratio, 0.444444444444
[[ 23.   5.   3.]
 [ 17.   8.  11.]
 [ 10.  10.  13.]]
cf_score, 31.0
nv_score, -4.0
ratio, 0.444444444444
[[ 15.   6.   8.]
 [ 17.  17.   7.]
 [  8.   7.  15.]]
cf_score, 31.0
nv_score, -8.0
ratio, 0.474747474747
[[ 14.   7.  11.]
 [ 12.   9.  11.]
 [ 14.   8.  14.]]
cf_score, 12.0
nv_score, -19.0
ratio, 0.373737373737
[[ 24.   8.   7.]
 [  9.  10.  12.]
 [  5.   7.  18.]]
cf_score, 40.0
nv_score, -8.0
ratio, 0.525252525253
[[ 16.   8.   9.]
 [ 13.   6.  10.]
 [ 15.   7.  16.]]
cf_score, 14.0
nv_score, -12.0
ratio, 0.383838383838
[[ 15.   6.   9.]
 [  9.   7.  12.]
 [ 10.   7.  25.]]
cf_score, 28.0
nv_score, -5.0
ratio, 0.474747474747
[[ 14.   8.   3.]
 [ 15.   7.  12.]
 [ 14.   4.  23.]]
cf_score, 27.0
nv_score, 5.0
ratio, 0.444444444444
[[ 14.   7.   4.]
 [ 13.  15.  13.]
 [ 11.  11.  12.]]
cf_score, 26.0
nv_score, -9.0
ratio, 0.414141414141
[[ 25.  11.  10.]
 [ 12.   8.   5.]
 [ 11.   9.   9.]]
cf_score, 21.0
nv_score, -16.0
ratio, 0.424242424242
[[ 18.   6.   4.]
 [ 21.   5.   4.]
 [ 27.   8.   7.]]
cf_score, -1.0
nv_score, -5.0
ratio, 0.30303030303
[[ 15.   4.  15.]
 [  5.   5.  13.]
 [ 11.   6.  26.]]
cf_score, 20.0
nv_score, -17.0
ratio, 0.464646464646
[[ 31.   4.   6.]
 [ 15.   4.   5.]
 [ 12.   9.  14.]]
cf_score, 31.0
nv_score, -3.0
ratio, 0.494949494949
[[ 23.   8.   4.]
 [ 13.   5.  16.]
 [  8.   7.  16.]]
cf_score, 32.0
nv_score, -8.0
ratio, 0.444444444444
[[ 17.   9.   4.]
 [ 21.   6.   5.]
 [ 22.   5.  11.]]
cf_score, 8.0
nv_score, -2.0
ratio, 0.343434343434
[[ 13.   9.  14.]
 [  9.   9.  10.]
 [  7.  11.  18.]]
cf_score, 19.0
nv_score, -20.0
ratio, 0.40404040404
[[ 22.   4.   3.]
 [ 15.  10.   8.]
 [ 14.   9.  15.]]
cf_score, 30.0
nv_score, 1.0
ratio, 0.474747474747
[[ 18.   6.   6.]
 [  9.  10.  14.]
 [ 16.   6.  15.]]
cf_score, 21.0
nv_score, -11.0
ratio, 0.434343434343
[[ 14.   5.  17.]
 [ 12.   8.  14.]
 [  6.   2.  22.]]
cf_score, 21.0
nv_score, -26.0
ratio, 0.444444444444
[[ 32.   5.   1.]
 [ 25.   6.   2.]
 [ 13.   7.   9.]]
cf_score, 33.0
nv_score, 5.0
ratio, 0.474747474747
[[ 16.   5.   9.]
 [ 15.   7.  15.]
 [ 11.   9.  13.]]
cf_score, 16.0
nv_score, -20.0
ratio, 0.363636363636
[[ 21.   7.  14.]
 [ 10.   3.  12.]
 [  5.   6.  22.]]
cf_score, 27.0
nv_score, -18.0
ratio, 0.464646464646
[[ 13.   6.  13.]
 [ 15.   3.  18.]
 [ 10.   7.  15.]]
cf_score, 8.0
nv_score, -29.0
ratio, 0.313131313131
[[ 12.   2.  14.]
 [  8.   7.  22.]
 [  9.   7.  19.]]
cf_score, 15.0
nv_score, -31.0
ratio, 0.383838383838
[[ 16.  11.   9.]
 [ 14.  11.  12.]
 [  7.   7.  13.]]
cf_score, 24.0
nv_score, -17.0
ratio, 0.40404040404
[[ 15.  10.   1.]
 [ 17.  14.   7.]
 [ 14.   7.  15.]]
cf_score, 29.0
nv_score, 6.0
ratio, 0.444444444444
[[ 15.   4.  10.]
 [ 17.  10.  13.]
 [  5.  10.  16.]]
cf_score, 26.0
nv_score, -17.0
ratio, 0.414141414141
