[[ 18.  18.   0.]
 [  0.  31.   0.]
 [  3.  30.   0.]]
cf_score, 46.0
nv_score, 0.0
ratio, 0.494949494949
[[ 16.  14.   4.]
 [  0.  32.   5.]
 [  7.  18.   4.]]
cf_score, 41.0
nv_score, -9.0
ratio, 0.525252525253
[[ 14.   8.  14.]
 [  0.  19.  10.]
 [  1.  15.  19.]]
cf_score, 37.0
nv_score, -19.0
ratio, 0.525252525253
[[  9.   8.  15.]
 [  0.  24.   5.]
 [  2.  16.  21.]]
cf_score, 37.0
nv_score, -14.0
ratio, 0.545454545455
[[ 11.  17.  17.]
 [  0.  17.  12.]
 [  2.  11.  13.]]
cf_score, 22.0
nv_score, -33.0
ratio, 0.414141414141
[[  9.   6.   7.]
 [  0.  31.  12.]
 [  3.  13.  19.]]
cf_score, 49.0
nv_score, -7.0
ratio, 0.59595959596
[[ 12.   9.   9.]
 [  0.  27.   8.]
 [  3.  15.  17.]]
cf_score, 44.0
nv_score, -9.0
ratio, 0.565656565657
[[ 12.  11.  11.]
 [  0.  27.   7.]
 [  3.  12.  17.]]
cf_score, 42.0
nv_score, -12.0
ratio, 0.565656565657
[[ 11.  13.   7.]
 [  0.  25.   8.]
 [  1.  19.  16.]]
cf_score, 44.0
nv_score, -6.0
ratio, 0.525252525253
[[  9.  14.  11.]
 [  0.  17.   9.]
 [  2.  16.  22.]]
cf_score, 35.0
nv_score, -9.0
ratio, 0.484848484848
[[ 13.   9.  16.]
 [  0.  12.   8.]
 [  4.  17.  21.]]
cf_score, 26.0
nv_score, -19.0
ratio, 0.464646464646
[[ 13.   6.  14.]
 [  0.  26.   6.]
 [  4.  13.  18.]]
cf_score, 39.0
nv_score, -16.0
ratio, 0.575757575758
[[  5.   8.  12.]
 [  0.  26.   7.]
 [  2.  21.  19.]]
cf_score, 36.0
nv_score, -12.0
ratio, 0.505050505051
[[ 12.  13.  12.]
 [  0.  21.  13.]
 [  1.  11.  17.]]
cf_score, 37.0
nv_score, -20.0
ratio, 0.505050505051
[[ 15.  16.  11.]
 [  0.  25.  11.]
 [  1.   9.  12.]]
cf_score, 40.0
nv_score, -21.0
ratio, 0.525252525253
[[ 14.  14.   9.]
 [  0.  18.   8.]
 [  1.  18.  18.]]
cf_score, 40.0
nv_score, -8.0
ratio, 0.505050505051
[[  9.  18.  13.]
 [  0.  25.   6.]
 [  1.  11.  17.]]
cf_score, 37.0
nv_score, -15.0
ratio, 0.515151515152
[[ 14.  13.  10.]
 [  0.  23.  15.]
 [  1.  12.  12.]]
cf_score, 38.0
nv_score, -23.0
ratio, 0.494949494949
[[ 16.  13.  14.]
 [  0.  16.   8.]
 [  1.  11.  21.]]
cf_score, 38.0
nv_score, -15.0
ratio, 0.535353535354
[[ 14.  10.  13.]
 [  0.  26.   8.]
 [  2.  14.  13.]]
cf_score, 38.0
nv_score, -21.0
ratio, 0.535353535354
[[ 18.   8.   6.]
 [  0.  17.   9.]
 [  4.  10.  28.]]
cf_score, 53.0
nv_score, 7.0
ratio, 0.636363636364
[[ 14.  13.  11.]
 [  0.  26.   4.]
 [  1.  17.  14.]]
cf_score, 42.0
nv_score, -12.0
ratio, 0.545454545455
[[ 14.  14.  12.]
 [  0.  17.   6.]
 [  6.  13.  18.]]
cf_score, 31.0
nv_score, -12.0
ratio, 0.494949494949
[[ 14.   7.  11.]
 [  0.  24.  12.]
 [  0.  12.  20.]]
cf_score, 47.0
nv_score, -14.0
ratio, 0.585858585859
[[ 13.  11.  10.]
 [  1.  19.  10.]
 [  1.  12.  23.]]
cf_score, 44.0
nv_score, -7.0
ratio, 0.555555555556
[[ 16.   4.   9.]
 [  1.  20.  11.]
 [  4.   8.  27.]]
cf_score, 50.0
nv_score, -2.0
ratio, 0.636363636364
[[ 21.   6.   9.]
 [  2.  32.   2.]
 [  5.   8.  15.]]
cf_score, 54.0
nv_score, -5.0
ratio, 0.686868686869
[[ 22.   8.   7.]
 [  2.  22.   7.]
 [  3.  16.  13.]]
cf_score, 47.0
nv_score, -8.0
ratio, 0.575757575758
[[ 17.  10.  10.]
 [  2.  28.  10.]
 [  4.   7.  12.]]
cf_score, 43.0
nv_score, -18.0
ratio, 0.575757575758
[[ 20.  13.   4.]
 [  2.  23.   6.]
 [  3.  12.  17.]]
cf_score, 53.0
nv_score, 3.0
ratio, 0.606060606061
[[ 25.   9.   1.]
 [  4.  19.  10.]
 [ 10.   7.  15.]]
cf_score, 48.0
nv_score, 3.0
ratio, 0.59595959596
[[ 18.  16.   6.]
 [  6.  22.   4.]
 [  4.  12.  12.]]
cf_score, 42.0
nv_score, -4.0
ratio, 0.525252525253
[[ 15.  11.   7.]
 [  4.  23.   6.]
 [  4.  18.  12.]]
cf_score, 39.0
nv_score, -8.0
ratio, 0.505050505051
[[ 25.   9.   5.]
 [  6.  19.   1.]
 [  6.  11.  18.]]
cf_score, 51.0
nv_score, 7.0
ratio, 0.626262626263
[[ 12.  11.   6.]
 [  5.  28.   6.]
 [  2.  14.  16.]]
cf_score, 48.0
nv_score, -2.0
ratio, 0.565656565657
[[ 22.  12.   7.]
 [  4.  28.   8.]
 [  2.  10.   7.]]
cf_score, 48.0
nv_score, -15.0
ratio, 0.575757575758
[[ 18.   9.   3.]
 [  6.  24.   8.]
 [  4.  15.  13.]]
cf_score, 48.0
nv_score, -1.0
ratio, 0.555555555556
[[ 15.  10.   5.]
 [  7.  16.   6.]
 [  9.  10.  22.]]
cf_score, 39.0
nv_score, 6.0
ratio, 0.535353535354
[[ 17.   5.   2.]
 [  3.  25.   9.]
 [  7.  14.  18.]]
cf_score, 51.0
nv_score, 5.0
ratio, 0.606060606061
[[ 24.  11.   3.]
 [  3.  27.   2.]
 [  2.  13.  15.]]
cf_score, 61.0
nv_score, 7.0
ratio, 0.666666666667
[[ 24.   4.  10.]
 [  2.  14.   9.]
 [  7.  10.  20.]]
cf_score, 41.0
nv_score, -9.0
ratio, 0.585858585859
[[ 22.   7.   1.]
 [  3.  24.   5.]
 [  7.  19.  12.]]
cf_score, 50.0
nv_score, 5.0
ratio, 0.585858585859
[[ 14.   5.   6.]
 [  3.  20.  13.]
 [  5.  17.  17.]]
cf_score, 40.0
nv_score, -8.0
ratio, 0.515151515152
[[ 25.  11.   4.]
 [  3.  19.   0.]
 [  3.  15.  20.]]
cf_score, 57.0
nv_score, 12.0
ratio, 0.646464646465
[[ 18.  11.   6.]
 [  3.  21.  13.]
 [  3.  16.   9.]]
cf_score, 39.0
nv_score, -16.0
ratio, 0.484848484848
[[ 25.  14.   3.]
 [  4.  13.   8.]
 [  3.  13.  17.]]
cf_score, 49.0
nv_score, 3.0
ratio, 0.555555555556
[[ 14.  11.   5.]
 [  2.  24.   7.]
 [  4.  18.  15.]]
cf_score, 44.0
nv_score, -2.0
ratio, 0.535353535354
[[ 23.   9.   6.]
 [  4.  24.   6.]
 [  2.   8.  18.]]
cf_score, 57.0
nv_score, 0.0
ratio, 0.656565656566
[[ 19.  11.   4.]
 [  1.  31.  10.]
 [  3.   8.  13.]]
cf_score, 56.0
nv_score, -5.0
ratio, 0.636363636364
[[ 19.  16.   4.]
 [  2.  18.   5.]
 [  2.  19.  15.]]
cf_score, 46.0
nv_score, 2.0
ratio, 0.525252525253
