[[ 12.  16.  10.]
 [ 14.   6.  11.]
 [  7.   9.  15.]]
cf_score, 16.0
nv_score, -16.0
ratio, 0.333333333333
[[ 12.   9.  11.]
 [ 13.   8.  11.]
 [ 11.  13.  12.]]
cf_score, 10.0
nv_score, -21.0
ratio, 0.323232323232
[[ 23.   5.  15.]
 [ 12.   6.   3.]
 [ 16.   8.  12.]]
cf_score, 10.0
nv_score, -21.0
ratio, 0.414141414141
[[ 18.   7.  16.]
 [ 11.  11.  11.]
 [  3.   7.  16.]]
cf_score, 26.0
nv_score, -27.0
ratio, 0.454545454545
[[ 27.   4.  12.]
 [  8.   3.  14.]
 [ 12.   8.  12.]]
cf_score, 18.0
nv_score, -26.0
ratio, 0.424242424242
[[ 22.   3.  10.]
 [ 14.   3.  11.]
 [ 14.   5.  18.]]
cf_score, 19.0
nv_score, -13.0
ratio, 0.434343434343
[[ 20.   4.   9.]
 [ 24.   3.   6.]
 [ 17.   6.  11.]]
cf_score, 8.0
nv_score, -13.0
ratio, 0.343434343434
[[ 15.   5.  14.]
 [ 25.   6.  11.]
 [  9.   8.   7.]]
cf_score, 5.0
nv_score, -32.0
ratio, 0.282828282828
[[ 17.   5.   8.]
 [ 19.   4.  19.]
 [  4.   7.  17.]]
cf_score, 26.0
nv_score, -18.0
ratio, 0.383838383838
[[ 12.   3.  11.]
 [ 16.   5.  17.]
 [ 14.   1.  21.]]
cf_score, 13.0
nv_score, -18.0
ratio, 0.383838383838
[[ 14.   9.  13.]
 [  6.  10.  12.]
 [  6.   6.  24.]]
cf_score, 29.0
nv_score, -14.0
ratio, 0.484848484848
[[ 22.   7.  11.]
 [ 19.   5.   5.]
 [ 18.   3.  10.]]
cf_score, 8.0
nv_score, -17.0
ratio, 0.373737373737
[[ 15.   4.  22.]
 [ 12.   7.   4.]
 [  8.   6.  22.]]
cf_score, 14.0
nv_score, -26.0
ratio, 0.444444444444
[[ 25.   3.   9.]
 [ 14.   3.   9.]
 [ 13.   7.  17.]]
cf_score, 23.0
nv_score, -10.0
ratio, 0.454545454545
[[ 16.  12.  10.]
 [ 17.   6.  11.]
 [  9.   5.  14.]]
cf_score, 17.0
nv_score, -17.0
ratio, 0.363636363636
[[ 18.  11.   5.]
 [ 18.   7.   8.]
 [  8.   6.  19.]]
cf_score, 31.0
nv_score, 1.0
ratio, 0.444444444444
[[ 15.   4.  13.]
 [ 13.   4.  15.]
 [  9.  10.  17.]]
cf_score, 14.0
nv_score, -24.0
ratio, 0.363636363636
[[  9.   6.  18.]
 [ 12.   9.  10.]
 [  2.   7.  27.]]
cf_score, 25.0
nv_score, -19.0
ratio, 0.454545454545
[[ 22.   0.   9.]
 [ 27.   6.   8.]
 [ 15.   4.   9.]]
cf_score, 13.0
nv_score, -17.0
ratio, 0.373737373737
[[ 23.   8.  12.]
 [ 11.  11.   9.]
 [  7.   4.  15.]]
cf_score, 30.0
nv_score, -18.0
ratio, 0.494949494949
[[ 15.   8.  13.]
 [ 11.  13.   6.]
 [  8.   7.  19.]]
cf_score, 26.0
nv_score, -13.0
ratio, 0.474747474747
[[ 22.   4.  11.]
 [ 24.   6.   8.]
 [ 11.   4.  10.]]
cf_score, 16.0
nv_score, -20.0
ratio, 0.383838383838
[[ 14.   5.  14.]
 [ 12.   8.   5.]
 [ 20.   8.  14.]]
cf_score, 2.0
nv_score, -19.0
ratio, 0.363636363636
[[  9.   8.  17.]
 [ 14.  10.   9.]
 [  8.   5.  20.]]
cf_score, 14.0
nv_score, -23.0
ratio, 0.393939393939
[[ 17.   3.   6.]
 [ 24.   8.  13.]
 [  7.   8.  14.]]
cf_score, 26.0
nv_score, -11.0
ratio, 0.393939393939
[[ 12.   8.  18.]
 [ 13.  10.  11.]
 [  8.  10.  10.]]
cf_score, 6.0
nv_score, -37.0
ratio, 0.323232323232
[[ 16.  13.  19.]
 [  4.   5.  10.]
 [  7.  10.  16.]]
cf_score, 11.0
nv_score, -32.0
ratio, 0.373737373737
[[ 24.   5.  11.]
 [ 15.   7.   6.]
 [ 12.  11.   9.]]
cf_score, 17.0
nv_score, -19.0
ratio, 0.40404040404
[[ 20.   9.   9.]
 [ 15.   3.  11.]
 [ 15.   3.  15.]]
cf_score, 14.0
nv_score, -14.0
ratio, 0.383838383838
[[ 27.  11.   6.]
 [ 19.   6.   9.]
 [  9.   3.  10.]]
cf_score, 28.0
nv_score, -11.0
ratio, 0.434343434343
[[ 12.   5.  11.]
 [ 13.  10.  11.]
 [  9.   7.  22.]]
cf_score, 24.0
nv_score, -11.0
ratio, 0.444444444444
[[ 16.   5.  15.]
 [ 18.   8.   5.]
 [  8.   3.  22.]]
cf_score, 23.0
nv_score, -13.0
ratio, 0.464646464646
[[ 13.   9.  15.]
 [  9.  10.  16.]
 [  3.   6.  19.]]
cf_score, 24.0
nv_score, -27.0
ratio, 0.424242424242
[[  6.   8.  20.]
 [ 10.   6.  20.]
 [  6.   4.  20.]]
cf_score, 6.0
nv_score, -40.0
ratio, 0.323232323232
[[ 18.   5.  10.]
 [ 24.   5.  12.]
 [ 14.   2.  10.]]
cf_score, 9.0
nv_score, -22.0
ratio, 0.333333333333
[[  5.  15.  27.]
 [  5.  10.  13.]
 [  5.   3.  17.]]
cf_score, 0.0
nv_score, -50.0
ratio, 0.323232323232
[[ 16.   9.   8.]
 [ 12.   8.  12.]
 [  8.   5.  22.]]
cf_score, 30.0
nv_score, -6.0
ratio, 0.464646464646
[[ 17.  10.   9.]
 [  7.  10.  16.]
 [  5.   4.  22.]]
cf_score, 35.0
nv_score, -12.0
ratio, 0.494949494949
[[  8.   9.  17.]
 [  4.  19.   7.]
 [  5.  10.  21.]]
cf_score, 26.0
nv_score, -20.0
ratio, 0.484848484848
[[ 17.   2.  15.]
 [ 21.   5.   9.]
 [ 12.   1.  18.]]
cf_score, 13.0
nv_score, -21.0
ratio, 0.40404040404
[[  8.  13.   9.]
 [ 12.  14.  10.]
 [ 13.   9.  12.]]
cf_score, 12.0
nv_score, -16.0
ratio, 0.343434343434
[[ 15.  14.  13.]
 [  9.  10.   8.]
 [  8.   9.  14.]]
cf_score, 18.0
nv_score, -20.0
ratio, 0.393939393939
[[ 20.   8.  10.]
 [ 17.   7.   8.]
 [  9.   7.  14.]]
cf_score, 22.0
nv_score, -14.0
ratio, 0.414141414141
[[ 24.   3.   4.]
 [ 26.   6.   6.]
 [ 12.   8.  11.]]
cf_score, 25.0
nv_score, -3.0
ratio, 0.414141414141
[[  9.  21.   9.]
 [  7.  16.  17.]
 [  4.   7.  10.]]
cf_score, 22.0
nv_score, -25.0
ratio, 0.353535353535
[[ 15.   9.  10.]
 [ 15.   8.  13.]
 [ 12.   7.  11.]]
cf_score, 12.0
nv_score, -22.0
ratio, 0.343434343434
[[  7.  16.  17.]
 [ 11.   8.  12.]
 [  4.  12.  13.]]
cf_score, 7.0
nv_score, -33.0
ratio, 0.282828282828
[[ 16.  11.  11.]
 [ 13.   3.  10.]
 [ 13.   6.  17.]]
cf_score, 12.0
nv_score, -15.0
ratio, 0.363636363636
[[ 18.   5.  13.]
 [ 16.   4.   9.]
 [ 11.   5.  19.]]
cf_score, 17.0
nv_score, -16.0
ratio, 0.414141414141
[[ 13.  11.  12.]
 [ 16.  11.  14.]
 [  1.   9.  13.]]
cf_score, 24.0
nv_score, -25.0
ratio, 0.373737373737
