[[  0.  32.   0.]
 [  0.  68.   0.]
 [  0.   0.   0.]]
cf_score, 68.0
nv_score, 0.0
ratio, 0.686868686869
[[ 10.  19.   0.]
 [ 11.  60.   0.]
 [  0.   0.   0.]]
cf_score, 70.0
nv_score, 0.0
ratio, 0.707070707071
[[ 10.  19.   0.]
 [  6.  65.   0.]
 [  0.   0.   0.]]
cf_score, 75.0
nv_score, 0.0
ratio, 0.757575757576
[[  8.  23.   0.]
 [  6.  63.   0.]
 [  0.   0.   0.]]
cf_score, 71.0
nv_score, 0.0
ratio, 0.717171717172
[[  8.  18.   0.]
 [ 16.  58.   0.]
 [  0.   0.   0.]]
cf_score, 66.0
nv_score, 0.0
ratio, 0.666666666667
[[ 17.  22.   0.]
 [  6.  55.   0.]
 [  0.   0.   0.]]
cf_score, 72.0
nv_score, 0.0
ratio, 0.727272727273
[[ 13.  25.   0.]
 [  3.  59.   0.]
 [  0.   0.   0.]]
cf_score, 72.0
nv_score, 0.0
ratio, 0.727272727273
[[ 11.  17.   0.]
 [  6.  66.   0.]
 [  0.   0.   0.]]
cf_score, 77.0
nv_score, 0.0
ratio, 0.777777777778
[[ 18.  22.   0.]
 [  5.  55.   0.]
 [  0.   0.   0.]]
cf_score, 73.0
nv_score, 0.0
ratio, 0.737373737374
[[ 10.  19.   0.]
 [ 10.  61.   0.]
 [  0.   0.   0.]]
cf_score, 71.0
nv_score, 0.0
ratio, 0.717171717172
[[ 12.  16.   0.]
 [ 12.  60.   0.]
 [  0.   0.   0.]]
cf_score, 72.0
nv_score, 0.0
ratio, 0.727272727273
[[ 14.  12.   0.]
 [  9.  65.   0.]
 [  0.   0.   0.]]
cf_score, 79.0
nv_score, 0.0
ratio, 0.79797979798
[[  2.  27.   0.]
 [  5.  65.   0.]
 [  0.   1.   0.]]
cf_score, 67.0
nv_score, 0.0
ratio, 0.676767676768
[[ 20.  13.   0.]
 [ 12.  55.   0.]
 [  0.   0.   0.]]
cf_score, 75.0
nv_score, 0.0
ratio, 0.757575757576
[[ 14.  23.   0.]
 [  9.  54.   0.]
 [  0.   0.   0.]]
cf_score, 68.0
nv_score, 0.0
ratio, 0.686868686869
[[ 15.  18.   0.]
 [  9.  58.   0.]
 [  0.   0.   0.]]
cf_score, 73.0
nv_score, 0.0
ratio, 0.737373737374
[[ 12.  17.   0.]
 [  5.  65.   0.]
 [  0.   1.   0.]]
cf_score, 77.0
nv_score, 0.0
ratio, 0.777777777778
[[ 13.  14.   0.]
 [ 14.  59.   0.]
 [  0.   0.   0.]]
cf_score, 72.0
nv_score, 0.0
ratio, 0.727272727273
[[ 12.  25.   0.]
 [  7.  56.   0.]
 [  0.   0.   0.]]
cf_score, 68.0
nv_score, 0.0
ratio, 0.686868686869
[[ 14.  14.   0.]
 [  8.  64.   0.]
 [  0.   0.   0.]]
cf_score, 78.0
nv_score, 0.0
ratio, 0.787878787879
[[ 14.  23.   0.]
 [  3.  60.   0.]
 [  0.   0.   0.]]
cf_score, 74.0
nv_score, 0.0
ratio, 0.747474747475
[[ 13.  21.   0.]
 [ 10.  56.   0.]
 [  0.   0.   0.]]
cf_score, 69.0
nv_score, 0.0
ratio, 0.69696969697
[[  8.  23.   0.]
 [ 10.  57.   0.]
 [  0.   2.   0.]]
cf_score, 65.0
nv_score, 0.0
ratio, 0.656565656566
[[ 14.  16.   0.]
 [ 10.  60.   0.]
 [  0.   0.   0.]]
cf_score, 74.0
nv_score, 0.0
ratio, 0.747474747475
[[  9.  23.   0.]
 [ 15.  53.   0.]
 [  0.   0.   0.]]
cf_score, 62.0
nv_score, 0.0
ratio, 0.626262626263
[[  9.  21.   0.]
 [  8.  62.   0.]
 [  0.   0.   0.]]
cf_score, 71.0
nv_score, 0.0
ratio, 0.717171717172
[[  5.  20.   0.]
 [  3.  72.   0.]
 [  0.   0.   0.]]
cf_score, 77.0
nv_score, 0.0
ratio, 0.777777777778
[[ 16.  18.   0.]
 [ 16.  50.   0.]
 [  0.   0.   0.]]
cf_score, 66.0
nv_score, 0.0
ratio, 0.666666666667
[[ 12.  22.   0.]
 [  8.  58.   0.]
 [  0.   0.   0.]]
cf_score, 70.0
nv_score, 0.0
ratio, 0.707070707071
[[ 15.  13.   0.]
 [ 14.  57.   0.]
 [  0.   1.   0.]]
cf_score, 72.0
nv_score, 0.0
ratio, 0.727272727273
[[ 19.  18.   0.]
 [ 13.  49.   0.]
 [  0.   1.   0.]]
cf_score, 68.0
nv_score, 0.0
ratio, 0.686868686869
[[ 17.  19.   0.]
 [ 14.  50.   0.]
 [  0.   0.   0.]]
cf_score, 67.0
nv_score, 0.0
ratio, 0.676767676768
[[ 16.  26.   0.]
 [  3.  55.   0.]
 [  0.   0.   0.]]
cf_score, 71.0
nv_score, 0.0
ratio, 0.717171717172
[[ 13.  17.   0.]
 [  9.  61.   0.]
 [  0.   0.   0.]]
cf_score, 74.0
nv_score, 0.0
ratio, 0.747474747475
[[  6.  27.   0.]
 [  8.  59.   0.]
 [  0.   0.   0.]]
cf_score, 65.0
nv_score, 0.0
ratio, 0.656565656566
[[  7.  29.   0.]
 [  3.  61.   0.]
 [  0.   0.   0.]]
cf_score, 68.0
nv_score, 0.0
ratio, 0.686868686869
[[ 13.  20.   0.]
 [  6.  60.   0.]
 [  0.   1.   0.]]
cf_score, 73.0
nv_score, 0.0
ratio, 0.737373737374
[[ 13.  25.   0.]
 [ 10.  52.   0.]
 [  0.   0.   0.]]
cf_score, 65.0
nv_score, 0.0
ratio, 0.656565656566
[[  9.  29.   0.]
 [  4.  58.   0.]
 [  0.   0.   0.]]
cf_score, 67.0
nv_score, 0.0
ratio, 0.676767676768
[[  8.  14.   0.]
 [  5.  73.   0.]
 [  0.   0.   0.]]
cf_score, 81.0
nv_score, 0.0
ratio, 0.818181818182
[[ 19.  21.   0.]
 [  4.  56.   0.]
 [  0.   0.   0.]]
cf_score, 75.0
nv_score, 0.0
ratio, 0.757575757576
[[ 10.  28.   0.]
 [  9.  53.   0.]
 [  0.   0.   0.]]
cf_score, 63.0
nv_score, 0.0
ratio, 0.636363636364
[[  9.  19.   0.]
 [  9.  63.   0.]
 [  0.   0.   0.]]
cf_score, 72.0
nv_score, 0.0
ratio, 0.727272727273
[[ 13.  19.   0.]
 [ 15.  53.   0.]
 [  0.   0.   0.]]
cf_score, 66.0
nv_score, 0.0
ratio, 0.666666666667
[[ 16.  14.   0.]
 [ 14.  56.   0.]
 [  0.   0.   0.]]
cf_score, 72.0
nv_score, 0.0
ratio, 0.727272727273
[[ 16.  14.   0.]
 [ 13.  57.   0.]
 [  0.   0.   0.]]
cf_score, 73.0
nv_score, 0.0
ratio, 0.737373737374
[[ 10.  20.   0.]
 [ 12.  58.   0.]
 [  0.   0.   0.]]
cf_score, 68.0
nv_score, 0.0
ratio, 0.686868686869
[[ 16.  17.   0.]
 [ 14.  53.   0.]
 [  0.   0.   0.]]
cf_score, 69.0
nv_score, 0.0
ratio, 0.69696969697
[[ 14.  15.   0.]
 [  9.  62.   0.]
 [  0.   0.   0.]]
cf_score, 76.0
nv_score, 0.0
ratio, 0.767676767677
[[ 15.  21.   0.]
 [  9.  55.   0.]
 [  0.   0.   0.]]
cf_score, 70.0
nv_score, 0.0
ratio, 0.707070707071
