[[  0.  35.   1.]
 [  0.  32.   1.]
 [  0.  26.   5.]]
cf_score, 36.0
ratio, 0.373737373737
[[ 20.   0.   3.]
 [ 37.   0.   4.]
 [ 27.   0.   9.]]
cf_score, -1.0
ratio, 0.292929292929
[[ 23.   0.   8.]
 [ 29.   0.   3.]
 [ 27.   0.  10.]]
cf_score, -2.0
ratio, 0.333333333333
[[ 32.   5.   1.]
 [ 19.   2.   4.]
 [ 31.   3.   3.]]
cf_score, 5.0
ratio, 0.373737373737
[[  0.  23.   4.]
 [  0.  30.   3.]
 [  0.  28.  12.]]
cf_score, 38.0
ratio, 0.424242424242
[[ 31.   0.   2.]
 [ 26.   0.   5.]
 [ 27.   0.   9.]]
cf_score, 11.0
ratio, 0.40404040404
[[ 24.   0.   9.]
 [ 23.   3.   5.]
 [ 23.   1.  12.]]
cf_score, 7.0
ratio, 0.393939393939
[[ 29.   2.   4.]
 [ 21.   5.   5.]
 [ 20.   3.  11.]]
cf_score, 21.0
ratio, 0.454545454545
[[ 11.   2.  13.]
 [ 22.   4.  12.]
 [ 10.   2.  24.]]
cf_score, 16.0
ratio, 0.393939393939
[[ 14.   0.  16.]
 [ 22.   0.  13.]
 [ 13.   0.  22.]]
cf_score, 7.0
ratio, 0.363636363636
[[ 14.   9.  14.]
 [ 19.   8.   8.]
 [  2.   7.  19.]]
cf_score, 25.0
ratio, 0.414141414141
[[ 16.   6.   8.]
 [ 17.   5.  17.]
 [ 15.   3.  13.]]
cf_score, 11.0
ratio, 0.343434343434
[[ 17.   4.   9.]
 [ 11.   5.  18.]
 [  5.   3.  28.]]
cf_score, 36.0
ratio, 0.505050505051
[[ 17.   3.  15.]
 [ 17.  13.  10.]
 [  6.   4.  15.]]
cf_score, 24.0
ratio, 0.454545454545
[[ 13.   6.  15.]
 [ 23.   5.   9.]
 [ 10.   2.  17.]]
cf_score, 10.0
ratio, 0.353535353535
[[ 21.   1.   9.]
 [ 24.   4.   6.]
 [ 13.   3.  19.]]
cf_score, 22.0
ratio, 0.444444444444
[[ 12.   7.  20.]
 [ 10.   8.  11.]
 [  8.   3.  21.]]
cf_score, 13.0
ratio, 0.414141414141
[[ 14.   4.   6.]
 [ 22.   2.  13.]
 [  9.   8.  22.]]
cf_score, 23.0
ratio, 0.383838383838
[[ 16.   5.  15.]
 [ 13.   8.   9.]
 [  8.   9.  17.]]
cf_score, 18.0
ratio, 0.414141414141
[[ 13.   9.  12.]
 [ 12.   9.   8.]
 [ 11.   4.  22.]]
cf_score, 21.0
ratio, 0.444444444444
[[ 15.   6.  12.]
 [ 11.   5.   5.]
 [ 14.   4.  28.]]
cf_score, 22.0
ratio, 0.484848484848
[[ 11.   9.   8.]
 [ 12.   7.  14.]
 [  7.   7.  25.]]
cf_score, 28.0
ratio, 0.434343434343
[[  4.  10.  20.]
 [  5.   9.  17.]
 [  1.   9.  25.]]
cf_score, 17.0
ratio, 0.383838383838
[[ 15.   6.  12.]
 [  5.   6.  11.]
 [  5.  10.  30.]]
cf_score, 34.0
ratio, 0.515151515152
[[  6.   9.  13.]
 [  3.  16.  15.]
 [  3.   7.  28.]]
cf_score, 34.0
ratio, 0.505050505051
[[ 16.  14.   8.]
 [ 12.   7.  14.]
 [  5.   7.  17.]]
cf_score, 27.0
ratio, 0.40404040404
[[  5.   8.  14.]
 [  9.  17.  12.]
 [  4.   9.  22.]]
cf_score, 26.0
ratio, 0.444444444444
[[  6.  13.  15.]
 [  7.   8.  17.]
 [  2.   9.  23.]]
cf_score, 20.0
ratio, 0.373737373737
[[  6.   7.  12.]
 [  9.  10.  12.]
 [  8.   9.  27.]]
cf_score, 23.0
ratio, 0.434343434343
[[ 15.   7.   6.]
 [  5.  14.  11.]
 [  5.  11.  26.]]
cf_score, 44.0
ratio, 0.555555555556
[[ 12.   6.  12.]
 [ 11.  15.  17.]
 [  3.  14.  10.]]
cf_score, 22.0
ratio, 0.373737373737
[[  9.  10.  10.]
 [ 12.   7.  11.]
 [  5.  12.  24.]]
cf_score, 25.0
ratio, 0.40404040404
[[  3.   8.  18.]
 [  5.  12.  17.]
 [  5.   8.  24.]]
cf_score, 16.0
ratio, 0.393939393939
[[ 10.  10.   7.]
 [ 16.  10.   8.]
 [ 10.   7.  22.]]
cf_score, 25.0
ratio, 0.424242424242
[[  5.  15.  13.]
 [  3.  20.  14.]
 [  4.  10.  16.]]
cf_score, 24.0
ratio, 0.414141414141
[[ 12.  13.  14.]
 [  9.  12.   9.]
 [  3.   8.  20.]]
cf_score, 27.0
ratio, 0.444444444444
[[ 12.  13.  14.]
 [ 12.   6.  14.]
 [  0.  10.  19.]]
cf_score, 23.0
ratio, 0.373737373737
[[  2.   8.  15.]
 [  7.  18.  17.]
 [  3.  13.  17.]]
cf_score, 19.0
ratio, 0.373737373737
[[  8.   4.  16.]
 [  7.  14.  10.]
 [  5.  14.  22.]]
cf_score, 23.0
ratio, 0.444444444444
[[ 17.  10.  11.]
 [ 12.  14.   7.]
 [  5.   9.  15.]]
cf_score, 30.0
ratio, 0.464646464646
[[  7.  11.  12.]
 [  6.  16.   7.]
 [  4.  12.  25.]]
cf_score, 32.0
ratio, 0.484848484848
[[ 14.   7.  12.]
 [  9.  15.  10.]
 [  2.  12.  19.]]
cf_score, 34.0
ratio, 0.484848484848
[[  9.  12.   8.]
 [ 16.  10.  19.]
 [  3.   7.  16.]]
cf_score, 24.0
ratio, 0.353535353535
[[  6.  18.  10.]
 [ 11.   2.  16.]
 [  5.  10.  22.]]
cf_score, 15.0
ratio, 0.30303030303
[[ 11.  14.   8.]
 [  6.  15.  21.]
 [  1.   8.  16.]]
cf_score, 33.0
ratio, 0.424242424242
[[ 11.  13.  13.]
 [ 10.  15.  10.]
 [  3.   7.  18.]]
cf_score, 28.0
ratio, 0.444444444444
[[  5.  15.  13.]
 [  8.  16.  13.]
 [  4.   6.  20.]]
cf_score, 24.0
ratio, 0.414141414141
[[  3.  17.  12.]
 [  7.  16.  12.]
 [  0.  16.  17.]]
cf_score, 24.0
ratio, 0.363636363636
[[  6.  14.  12.]
 [  5.   9.  12.]
 [  2.  17.  23.]]
cf_score, 24.0
ratio, 0.383838383838
[[ 13.  14.  12.]
 [ 12.  13.   8.]
 [  5.  10.  13.]]
cf_score, 22.0
ratio, 0.393939393939
[[ 11.   6.  16.]
 [  8.  10.  15.]
 [  4.   6.  24.]]
cf_score, 25.0
ratio, 0.454545454545
[[ 11.  12.  10.]
 [ 12.  11.  14.]
 [  4.   8.  18.]]
cf_score, 26.0
ratio, 0.40404040404
[[ 10.  12.   5.]
 [ 11.  15.  17.]
 [  4.   4.  22.]]
cf_score, 38.0
ratio, 0.474747474747
[[ 17.   8.   4.]
 [ 17.  15.   9.]
 [  9.   3.  18.]]
cf_score, 37.0
ratio, 0.505050505051
[[  7.  18.  11.]
 [  7.  10.  12.]
 [  3.   8.  24.]]
cf_score, 27.0
ratio, 0.414141414141
[[  7.  19.  18.]
 [  4.  16.  16.]
 [  1.   6.  13.]]
cf_score, 17.0
ratio, 0.363636363636
[[  2.  14.  19.]
 [  1.  16.  15.]
 [  1.   6.  26.]]
cf_score, 24.0
ratio, 0.444444444444
[[ 14.  11.   7.]
 [ 14.  11.  10.]
 [  7.  10.  16.]]
cf_score, 27.0
ratio, 0.414141414141
[[  2.  17.  17.]
 [  1.  26.   7.]
 [  2.   5.  23.]]
cf_score, 32.0
ratio, 0.515151515152
[[ 10.  10.  13.]
 [  3.  17.   7.]
 [  6.   9.  25.]]
cf_score, 33.0
ratio, 0.525252525253
[[ 10.  13.  12.]
 [  7.  15.  11.]
 [  3.   4.  25.]]
cf_score, 35.0
ratio, 0.505050505051
[[  4.  10.  12.]
 [  4.  26.  17.]
 [  0.  12.  15.]]
cf_score, 33.0
ratio, 0.454545454545
[[  4.  16.  15.]
 [  6.  15.  16.]
 [  0.   4.  24.]]
cf_score, 28.0
ratio, 0.434343434343
[[  9.  12.   6.]
 [  6.  15.   9.]
 [  2.  14.  27.]]
cf_score, 43.0
ratio, 0.515151515152
[[  3.  15.  15.]
 [  6.  16.  17.]
 [  0.   8.  20.]]
cf_score, 24.0
ratio, 0.393939393939
[[ 11.  10.   8.]
 [ 13.  10.  10.]
 [ 10.  10.  18.]]
cf_score, 21.0
ratio, 0.393939393939
[[  1.  20.  11.]
 [  0.  17.  19.]
 [  1.   4.  27.]]
cf_score, 33.0
ratio, 0.454545454545
[[ 14.  10.  12.]
 [  6.  12.   8.]
 [  5.   8.  25.]]
cf_score, 34.0
ratio, 0.515151515152
[[ 16.  11.   7.]
 [  7.  19.   6.]
 [  6.  12.  16.]]
cf_score, 38.0
ratio, 0.515151515152
[[  4.  19.  10.]
 [  1.  17.  17.]
 [  2.   8.  22.]]
cf_score, 31.0
ratio, 0.434343434343
[[  8.  10.  12.]
 [  6.  19.   7.]
 [  2.  14.  22.]]
cf_score, 35.0
ratio, 0.494949494949
[[  4.  16.  15.]
 [  3.  18.  16.]
 [  2.   4.  22.]]
cf_score, 27.0
ratio, 0.444444444444
[[ 14.  12.   8.]
 [  8.  16.   8.]
 [  6.  15.  13.]]
cf_score, 29.0
ratio, 0.434343434343
[[ 16.  16.   3.]
 [  7.  17.  10.]
 [  5.  12.  14.]]
cf_score, 39.0
ratio, 0.474747474747
[[  2.  18.  11.]
 [  2.  19.  14.]
 [  3.  10.  21.]]
cf_score, 28.0
ratio, 0.424242424242
[[ 16.  14.   7.]
 [  5.  18.  13.]
 [  4.   8.  15.]]
cf_score, 38.0
ratio, 0.494949494949
[[  7.  13.   7.]
 [  8.  20.  12.]
 [  1.   9.  23.]]
cf_score, 42.0
ratio, 0.505050505051
[[  6.  11.  10.]
 [ 11.  12.  10.]
 [  3.  11.  26.]]
cf_score, 31.0
ratio, 0.444444444444
[[ 10.  17.   9.]
 [ 11.  13.   5.]
 [  2.  11.  22.]]
cf_score, 34.0
ratio, 0.454545454545
[[  3.  27.  15.]
 [  0.  12.  13.]
 [  0.  10.  20.]]
cf_score, 20.0
ratio, 0.353535353535
[[  7.  14.  10.]
 [  6.  14.   8.]
 [  2.  11.  28.]]
cf_score, 37.0
ratio, 0.494949494949
[[ 17.   9.  10.]
 [ 16.   7.   8.]
 [  5.  10.  18.]]
cf_score, 27.0
ratio, 0.424242424242
[[  9.  21.   6.]
 [  6.  14.  15.]
 [  1.  11.  17.]]
cf_score, 33.0
ratio, 0.40404040404
[[  1.  10.  12.]
 [  7.  12.  13.]
 [  5.  16.  24.]]
cf_score, 20.0
ratio, 0.373737373737
[[ 11.  12.  11.]
 [  7.  16.  12.]
 [  1.   4.  26.]]
cf_score, 41.0
ratio, 0.535353535354
[[  6.  12.  18.]
 [  5.  11.  11.]
 [  5.  12.  20.]]
cf_score, 14.0
ratio, 0.373737373737
[[  2.   9.  11.]
 [  9.  18.  10.]
 [  2.  13.  26.]]
cf_score, 33.0
ratio, 0.464646464646
[[  6.  16.  12.]
 [  5.  14.  11.]
 [  2.   7.  27.]]
cf_score, 33.0
ratio, 0.474747474747
[[  6.  10.   6.]
 [  3.  20.  10.]
 [  3.   9.  33.]]
cf_score, 50.0
ratio, 0.59595959596
[[ 10.  13.  13.]
 [  3.  13.  13.]
 [  3.  12.  20.]]
cf_score, 27.0
ratio, 0.434343434343
[[  9.  12.   8.]
 [  7.  13.   9.]
 [  3.  16.  23.]]
cf_score, 34.0
ratio, 0.454545454545
[[  8.  12.  19.]
 [  2.  15.  15.]
 [  2.   8.  19.]]
cf_score, 21.0
ratio, 0.424242424242
[[  7.  16.  14.]
 [  8.  10.  14.]
 [  3.   3.  25.]]
cf_score, 25.0
ratio, 0.424242424242
[[ 12.  10.   6.]
 [ 14.  13.  10.]
 [  3.  15.  17.]]
cf_score, 33.0
ratio, 0.424242424242
[[  6.  15.   8.]
 [ 11.  20.   9.]
 [  4.   6.  21.]]
cf_score, 35.0
ratio, 0.474747474747
[[  9.   9.   9.]
 [ 11.  15.  11.]
 [  5.   6.  25.]]
cf_score, 35.0
ratio, 0.494949494949
[[  2.  16.  11.]
 [  3.  18.  13.]
 [  1.   8.  28.]]
cf_score, 36.0
ratio, 0.484848484848
[[  3.  21.  13.]
 [  1.  15.  14.]
 [  0.  11.  22.]]
cf_score, 27.0
ratio, 0.40404040404
[[  6.  12.  10.]
 [  5.  21.  14.]
 [  3.   7.  22.]]
cf_score, 36.0
ratio, 0.494949494949
[[  4.  17.  15.]
 [  7.  17.  10.]
 [  2.   9.  19.]]
cf_score, 23.0
ratio, 0.40404040404
