Loading Model: level_list/m1_100/tick_list/ACFN/class/models/model.h5
history_filename: history_recent/ACFN/history.json
UberYesterday: 2017-07-28: OHLCV: 0.2400, 0.2400, 0.2300, 0.2400, 19127
Yesterday    : 2017-07-31: OHLCV: 0.2500, 0.2500, 0.2300, 0.2400, 34741
[u'0.2400', u'0.2400', u'0.2300', u'0.2400', u'19127']
[u'0.2500', u'0.2500', u'0.2300', u'0.2400', u'34741']
question_base :[0.24, 0.24, 0.23, 0.24, 0.25, 0.25, 0.23, 0.24]
0.216: [0.24, 0.24, 0.23, 0.24, 0.25, 0.25, 0.23, 0.24, 0.216]
[[ 0.06575647  0.17679834  0.75744522]]
0.2172: [0.24, 0.24, 0.23, 0.24, 0.25, 0.25, 0.23, 0.24, 0.2172]
[[ 0.06738251  0.17854813  0.75406933]]
0.2184: [0.24, 0.24, 0.23, 0.24, 0.25, 0.25, 0.23, 0.24, 0.2184]
[[ 0.06908882  0.18032268  0.75058854]]
0.2196: [0.24, 0.24, 0.23, 0.24, 0.25, 0.25, 0.23, 0.24, 0.21960000000000002]
[[ 0.07087938  0.18212035  0.74700022]]
0.2208: [0.24, 0.24, 0.23, 0.24, 0.25, 0.25, 0.23, 0.24, 0.22080000000000002]
[[ 0.0727587   0.18393959  0.74330163]]
0.222: [0.24, 0.24, 0.23, 0.24, 0.25, 0.25, 0.23, 0.24, 0.22200000000000003]
[[ 0.07473145  0.18577868  0.73948991]]
0.2232: [0.24, 0.24, 0.23, 0.24, 0.25, 0.25, 0.23, 0.24, 0.22320000000000004]
[[ 0.07680225  0.1876353   0.73556238]]
0.2244: [0.24, 0.24, 0.23, 0.24, 0.25, 0.25, 0.23, 0.24, 0.22440000000000004]
[[ 0.07897602  0.18950716  0.73151684]]
0.2256: [0.24, 0.24, 0.23, 0.24, 0.25, 0.25, 0.23, 0.24, 0.22560000000000005]
[[ 0.08125801  0.19139177  0.72735023]]
0.2268: [0.24, 0.24, 0.23, 0.24, 0.25, 0.25, 0.23, 0.24, 0.22680000000000006]
[[ 0.08365346  0.19328624  0.72306031]]
0.228: [0.24, 0.24, 0.23, 0.24, 0.25, 0.25, 0.23, 0.24, 0.22800000000000006]
[[ 0.08616792  0.19518746  0.71864462]]
0.2292: [0.24, 0.24, 0.23, 0.24, 0.25, 0.25, 0.23, 0.24, 0.22920000000000007]
[[ 0.08880686  0.19709204  0.71410108]]
0.2304: [0.24, 0.24, 0.23, 0.24, 0.25, 0.25, 0.23, 0.24, 0.23040000000000008]
[[ 0.0915764   0.19899657  0.70942706]]
0.2316: [0.24, 0.24, 0.23, 0.24, 0.25, 0.25, 0.23, 0.24, 0.23160000000000008]
[[ 0.0944821   0.20089675  0.7046212 ]]
0.2328: [0.24, 0.24, 0.23, 0.24, 0.25, 0.25, 0.23, 0.24, 0.2328000000000001]
[[ 0.09753067  0.2027889   0.69968045]]
0.234: [0.24, 0.24, 0.23, 0.24, 0.25, 0.25, 0.23, 0.24, 0.2340000000000001]
[[ 0.10072753  0.20466807  0.6946044 ]]
0.2352: [0.24, 0.24, 0.23, 0.24, 0.25, 0.25, 0.23, 0.24, 0.2352000000000001]
[[ 0.10407925  0.20652968  0.68939102]]
0.2364: [0.24, 0.24, 0.23, 0.24, 0.25, 0.25, 0.23, 0.24, 0.2364000000000001]
[[ 0.10759222  0.20836879  0.684039  ]]
0.2376: [0.24, 0.24, 0.23, 0.24, 0.25, 0.25, 0.23, 0.24, 0.23760000000000012]
[[ 0.11127304  0.21018025  0.67854667]]
0.2388: [0.24, 0.24, 0.23, 0.24, 0.25, 0.25, 0.23, 0.24, 0.23880000000000012]
[[ 0.11512727  0.2119582   0.67291456]]
0.24: [0.24, 0.24, 0.23, 0.24, 0.25, 0.25, 0.23, 0.24, 0.24000000000000013]
[[ 0.11916167  0.21369715  0.6671412 ]]
0.2412: [0.24, 0.24, 0.23, 0.24, 0.25, 0.25, 0.23, 0.24, 0.24120000000000014]
[[ 0.12338219  0.21539104  0.66122675]]
0.2424: [0.24, 0.24, 0.23, 0.24, 0.25, 0.25, 0.23, 0.24, 0.24240000000000014]
[[ 0.12779464  0.21703373  0.65517163]]
0.2436: [0.24, 0.24, 0.23, 0.24, 0.25, 0.25, 0.23, 0.24, 0.24360000000000015]
[[ 0.13240509  0.21861899  0.64897591]]
0.2448: [0.24, 0.24, 0.23, 0.24, 0.25, 0.25, 0.23, 0.24, 0.24480000000000016]
[[ 0.13721846  0.22014035  0.64264125]]
0.246: [0.24, 0.24, 0.23, 0.24, 0.25, 0.25, 0.23, 0.24, 0.24600000000000016]
[[ 0.14224032  0.22159141  0.6361683 ]]
0.2472: [0.24, 0.24, 0.23, 0.24, 0.25, 0.25, 0.23, 0.24, 0.24720000000000017]
[[ 0.14747497  0.22296554  0.62955946]]
0.2484: [0.24, 0.24, 0.23, 0.24, 0.25, 0.25, 0.23, 0.24, 0.24840000000000018]
[[ 0.15292685  0.22425634  0.62281674]]
0.2496: [0.24, 0.24, 0.23, 0.24, 0.25, 0.25, 0.23, 0.24, 0.24960000000000018]
[[ 0.15859921  0.22545724  0.61594355]]
0.2508: [0.24, 0.24, 0.23, 0.24, 0.25, 0.25, 0.23, 0.24, 0.2508000000000002]
[[ 0.16449533  0.22656198  0.60894269]]
0.252: [0.24, 0.24, 0.23, 0.24, 0.25, 0.25, 0.23, 0.24, 0.25200000000000017]
[[ 0.17061681  0.22756431  0.60181892]]
0.2532: [0.24, 0.24, 0.23, 0.24, 0.25, 0.25, 0.23, 0.24, 0.25320000000000015]
[[ 0.17696525  0.22845834  0.59457648]]
0.2544: [0.24, 0.24, 0.23, 0.24, 0.25, 0.25, 0.23, 0.24, 0.2544000000000001]
[[ 0.1835418   0.22923853  0.58721966]]
0.2556: [0.24, 0.24, 0.23, 0.24, 0.25, 0.25, 0.23, 0.24, 0.2556000000000001]
[[ 0.19034521  0.22989945  0.57975531]]
0.2568: [0.24, 0.24, 0.23, 0.24, 0.25, 0.25, 0.23, 0.24, 0.2568000000000001]
[[ 0.19737504  0.23043635  0.57218862]]
0.258: [0.24, 0.24, 0.23, 0.24, 0.25, 0.25, 0.23, 0.24, 0.25800000000000006]
[[ 0.20462762  0.2308448   0.56452757]]
0.2592: [0.24, 0.24, 0.23, 0.24, 0.25, 0.25, 0.23, 0.24, 0.25920000000000004]
[[ 0.21210103  0.23112096  0.55677795]]
0.2604: [0.24, 0.24, 0.23, 0.24, 0.25, 0.25, 0.23, 0.24, 0.2604]
[[ 0.21978849  0.23126154  0.54894996]]
0.2616: [0.24, 0.24, 0.23, 0.24, 0.25, 0.25, 0.23, 0.24, 0.2616]
[[ 0.22768582  0.23126388  0.54105026]]
0.2628: [0.24, 0.24, 0.23, 0.24, 0.25, 0.25, 0.23, 0.24, 0.2628]
[[ 0.23578568  0.231126    0.53308827]]
0.264: [0.24, 0.24, 0.23, 0.24, 0.25, 0.25, 0.23, 0.24, 0.26399999999999996]
[[ 0.24407926  0.2308467   0.52507406]]
