Loading Model: level_list/m1_100/tick_list/AGM/class/models/model.h5
history_filename: history_recent/AGM/history.json
UberYesterday: 2017-07-28: OHLCV: 69.6900, 69.8900, 68.8100, 68.9400, 33260
Yesterday    : 2017-07-31: OHLCV: 69.4300, 69.8100, 68.1200, 68.5600, 84439
[u'69.6900', u'69.8900', u'68.8100', u'68.9400', u'33260']
[u'69.4300', u'69.8100', u'68.1200', u'68.5600', u'84439']
question_base :[69.69, 69.89, 68.81, 68.94, 69.43, 69.81, 68.12, 68.56]
61.704: [69.69, 69.89, 68.81, 68.94, 69.43, 69.81, 68.12, 68.56, 61.704]
[[ 0.19372816  0.19741593  0.6088559 ]]
62.0468: [69.69, 69.89, 68.81, 68.94, 69.43, 69.81, 68.12, 68.56, 62.0468]
[[ 0.19372839  0.19741715  0.60885453]]
62.3896: [69.69, 69.89, 68.81, 68.94, 69.43, 69.81, 68.12, 68.56, 62.389599999999994]
[[ 0.19372876  0.19741903  0.60885227]]
62.7324: [69.69, 69.89, 68.81, 68.94, 69.43, 69.81, 68.12, 68.56, 62.73239999999999]
[[ 0.1937294   0.19742212  0.60884845]]
63.0752: [69.69, 69.89, 68.81, 68.94, 69.43, 69.81, 68.12, 68.56, 63.07519999999999]
[[ 0.19373037  0.19742694  0.60884267]]
63.418: [69.69, 69.89, 68.81, 68.94, 69.43, 69.81, 68.12, 68.56, 63.417999999999985]
[[ 0.19373201  0.19743475  0.60883325]]
63.7608: [69.69, 69.89, 68.81, 68.94, 69.43, 69.81, 68.12, 68.56, 63.76079999999998]
[[ 0.19373453  0.19744724  0.60881823]]
64.1036: [69.69, 69.89, 68.81, 68.94, 69.43, 69.81, 68.12, 68.56, 64.10359999999999]
[[ 0.1937388   0.19746806  0.6087932 ]]
64.4464: [69.69, 69.89, 68.81, 68.94, 69.43, 69.81, 68.12, 68.56, 64.44639999999998]
[[ 0.19374599  0.19750322  0.60875082]]
64.7892: [69.69, 69.89, 68.81, 68.94, 69.43, 69.81, 68.12, 68.56, 64.78919999999998]
[[ 0.19375861  0.19756511  0.60867631]]
65.132: [69.69, 69.89, 68.81, 68.94, 69.43, 69.81, 68.12, 68.56, 65.13199999999998]
[[ 0.19378233  0.19768156  0.60853612]]
65.4748: [69.69, 69.89, 68.81, 68.94, 69.43, 69.81, 68.12, 68.56, 65.47479999999997]
[[ 0.19383118  0.19792166  0.60824716]]
65.8176: [69.69, 69.89, 68.81, 68.94, 69.43, 69.81, 68.12, 68.56, 65.81759999999997]
[[ 0.1939467   0.19849235  0.60756093]]
66.1604: [69.69, 69.89, 68.81, 68.94, 69.43, 69.81, 68.12, 68.56, 66.16039999999997]
[[ 0.1942839   0.20018134  0.60553479]]
66.5032: [69.69, 69.89, 68.81, 68.94, 69.43, 69.81, 68.12, 68.56, 66.50319999999996]
[[ 0.19568557  0.2076228   0.59669161]]
66.846: [69.69, 69.89, 68.81, 68.94, 69.43, 69.81, 68.12, 68.56, 66.84599999999996]
[[ 0.2036511   0.28920099  0.50714791]]
67.1888: [69.69, 69.89, 68.81, 68.94, 69.43, 69.81, 68.12, 68.56, 67.18879999999996]
[[ 0.42766318  0.33709371  0.23524316]]
67.5316: [69.69, 69.89, 68.81, 68.94, 69.43, 69.81, 68.12, 68.56, 67.53159999999995]
[[ 0.3444792   0.39960954  0.25591123]]
67.8744: [69.69, 69.89, 68.81, 68.94, 69.43, 69.81, 68.12, 68.56, 67.87439999999995]
[[ 0.3468082   0.39933237  0.25385952]]
68.2172: [69.69, 69.89, 68.81, 68.94, 69.43, 69.81, 68.12, 68.56, 68.21719999999995]
[[ 0.36841989  0.38973349  0.24184665]]
68.56: [69.69, 69.89, 68.81, 68.94, 69.43, 69.81, 68.12, 68.56, 68.55999999999995]
[[ 0.4104183   0.36713469  0.22244699]]
68.9028: [69.69, 69.89, 68.81, 68.94, 69.43, 69.81, 68.12, 68.56, 68.90279999999994]
[[ 0.47546849  0.32772452  0.19680691]]
69.2456: [69.69, 69.89, 68.81, 68.94, 69.43, 69.81, 68.12, 68.56, 69.24559999999994]
[[ 0.55603284  0.2765806   0.16738655]]
69.5884: [69.69, 69.89, 68.81, 68.94, 69.43, 69.81, 68.12, 68.56, 69.58839999999994]
[[ 0.63401419  0.22658643  0.13939942]]
69.9312: [69.69, 69.89, 68.81, 68.94, 69.43, 69.81, 68.12, 68.56, 69.93119999999993]
[[ 0.69546431  0.18730043  0.11723518]]
70.274: [69.69, 69.89, 68.81, 68.94, 69.43, 69.81, 68.12, 68.56, 70.27399999999993]
[[ 0.73806036  0.16021465  0.10172506]]
70.6168: [69.69, 69.89, 68.81, 68.94, 69.43, 69.81, 68.12, 68.56, 70.61679999999993]
[[ 0.76580185  0.14265911  0.091539  ]]
70.9596: [69.69, 69.89, 68.81, 68.94, 69.43, 69.81, 68.12, 68.56, 70.95959999999992]
[[ 0.78343773  0.13153879  0.0850235 ]]
71.3024: [69.69, 69.89, 68.81, 68.94, 69.43, 69.81, 68.12, 68.56, 71.30239999999992]
[[ 0.79457372  0.1245344   0.08089188]]
71.6452: [69.69, 69.89, 68.81, 68.94, 69.43, 69.81, 68.12, 68.56, 71.64519999999992]
[[ 0.80160272  0.12012061  0.07827669]]
71.988: [69.69, 69.89, 68.81, 68.94, 69.43, 69.81, 68.12, 68.56, 71.98799999999991]
[[ 0.80604756  0.11733251  0.07661987]]
72.3308: [69.69, 69.89, 68.81, 68.94, 69.43, 69.81, 68.12, 68.56, 72.33079999999991]
[[ 0.80886346  0.11556745  0.07556901]]
72.6736: [69.69, 69.89, 68.81, 68.94, 69.43, 69.81, 68.12, 68.56, 72.67359999999991]
[[ 0.81064939  0.11444858  0.07490208]]
73.0164: [69.69, 69.89, 68.81, 68.94, 69.43, 69.81, 68.12, 68.56, 73.0163999999999]
[[ 0.81178373  0.11373806  0.07447819]]
73.3592: [69.69, 69.89, 68.81, 68.94, 69.43, 69.81, 68.12, 68.56, 73.3591999999999]
[[ 0.81250459  0.11328662  0.07420875]]
73.702: [69.69, 69.89, 68.81, 68.94, 69.43, 69.81, 68.12, 68.56, 73.7019999999999]
[[ 0.81296313  0.1129995   0.07403734]]
74.0448: [69.69, 69.89, 68.81, 68.94, 69.43, 69.81, 68.12, 68.56, 74.0447999999999]
[[ 0.81325471  0.11281695  0.07392831]]
74.3876: [69.69, 69.89, 68.81, 68.94, 69.43, 69.81, 68.12, 68.56, 74.38759999999989]
[[ 0.81343997  0.11270093  0.07385903]]
74.7304: [69.69, 69.89, 68.81, 68.94, 69.43, 69.81, 68.12, 68.56, 74.73039999999989]
[[ 0.81355798  0.11262703  0.0738149 ]]
75.0732: [69.69, 69.89, 68.81, 68.94, 69.43, 69.81, 68.12, 68.56, 75.07319999999989]
[[ 0.81363302  0.11258011  0.07378687]]
75.416: [69.69, 69.89, 68.81, 68.94, 69.43, 69.81, 68.12, 68.56, 75.41599999999988]
[[ 0.81368124  0.11254995  0.07376885]]
