Loading Model: level_list/m1_100/tick_list/ATW/class/models/model.h5
history_filename: history_recent/ATW/history.json
UberYesterday: 2017-07-28: OHLCV: 7.8600, 8.3400, 7.8300, 8.0000, 4000793
Yesterday    : 2017-07-31: OHLCV: 8.0200, 8.0400, 7.7100, 7.8600, 5293121
[u'7.8600', u'8.3400', u'7.8300', u'8.0000', u'4000793']
[u'8.0200', u'8.0400', u'7.7100', u'7.8600', u'5293121']
question_base :[7.86, 8.34, 7.83, 8.0, 8.02, 8.04, 7.71, 7.86]
7.074: [7.86, 8.34, 7.83, 8.0, 8.02, 8.04, 7.71, 7.86, 7.074000000000001]
[[ 0.05934897  0.12585144  0.81479961]]
7.1133: [7.86, 8.34, 7.83, 8.0, 8.02, 8.04, 7.71, 7.86, 7.113300000000001]
[[ 0.05955609  0.12638964  0.81405431]]
7.1526: [7.86, 8.34, 7.83, 8.0, 8.02, 8.04, 7.71, 7.86, 7.1526000000000005]
[[ 0.05979384  0.12700132  0.81320482]]
7.1919: [7.86, 8.34, 7.83, 8.0, 8.02, 8.04, 7.71, 7.86, 7.1919]
[[ 0.06006696  0.12769692  0.81223613]]
7.2312: [7.86, 8.34, 7.83, 8.0, 8.02, 8.04, 7.71, 7.86, 7.2312]
[[ 0.06038084  0.12848821  0.811131  ]]
7.2705: [7.86, 8.34, 7.83, 8.0, 8.02, 8.04, 7.71, 7.86, 7.2705]
[[ 0.06074184  0.12938899  0.80986917]]
7.3098: [7.86, 8.34, 7.83, 8.0, 8.02, 8.04, 7.71, 7.86, 7.3098]
[[ 0.06115744  0.1304152   0.80842739]]
7.3491: [7.86, 8.34, 7.83, 8.0, 8.02, 8.04, 7.71, 7.86, 7.3491]
[[ 0.06163632  0.13158512  0.80677861]]
7.3884: [7.86, 8.34, 7.83, 8.0, 8.02, 8.04, 7.71, 7.86, 7.3884]
[[ 0.06218864  0.13291998  0.80489135]]
7.4277: [7.86, 8.34, 7.83, 8.0, 8.02, 8.04, 7.71, 7.86, 7.4277]
[[ 0.06282641  0.13444448  0.80272907]]
7.467: [7.86, 8.34, 7.83, 8.0, 8.02, 8.04, 7.71, 7.86, 7.467]
[[ 0.06356356  0.13618647  0.80024993]]
7.5063: [7.86, 8.34, 7.83, 8.0, 8.02, 8.04, 7.71, 7.86, 7.5062999999999995]
[[ 0.06441683  0.13817884  0.79740441]]
7.5456: [7.86, 8.34, 7.83, 8.0, 8.02, 8.04, 7.71, 7.86, 7.545599999999999]
[[ 0.06540585  0.140459    0.79413509]]
7.5849: [7.86, 8.34, 7.83, 8.0, 8.02, 8.04, 7.71, 7.86, 7.584899999999999]
[[ 0.06655402  0.14306977  0.79037619]]
7.6242: [7.86, 8.34, 7.83, 8.0, 8.02, 8.04, 7.71, 7.86, 7.624199999999999]
[[ 0.06788908  0.14605968  0.78605121]]
7.6635: [7.86, 8.34, 7.83, 8.0, 8.02, 8.04, 7.71, 7.86, 7.663499999999999]
[[ 0.06944433  0.14948353  0.78107214]]
7.7028: [7.86, 8.34, 7.83, 8.0, 8.02, 8.04, 7.71, 7.86, 7.702799999999999]
[[ 0.07125954  0.15340188  0.77533853]]
7.7421: [7.86, 8.34, 7.83, 8.0, 8.02, 8.04, 7.71, 7.86, 7.742099999999999]
[[ 0.07338272  0.15788059  0.76873672]]
7.7814: [7.86, 8.34, 7.83, 8.0, 8.02, 8.04, 7.71, 7.86, 7.781399999999999]
[[ 0.07587139  0.16298798  0.76114058]]
7.8207: [7.86, 8.34, 7.83, 8.0, 8.02, 8.04, 7.71, 7.86, 7.820699999999999]
[[ 0.07879543  0.1687921   0.75241244]]
7.86: [7.86, 8.34, 7.83, 8.0, 8.02, 8.04, 7.71, 7.86, 7.8599999999999985]
[[ 0.08223882  0.17535202  0.74240917]]
7.8993: [7.86, 8.34, 7.83, 8.0, 8.02, 8.04, 7.71, 7.86, 7.899299999999998]
[[ 0.086304    0.18270892  0.73098713]]
7.9386: [7.86, 8.34, 7.83, 8.0, 8.02, 8.04, 7.71, 7.86, 7.938599999999998]
[[ 0.09111527  0.19086786  0.71801692]]
7.9779: [7.86, 8.34, 7.83, 8.0, 8.02, 8.04, 7.71, 7.86, 7.977899999999998]
[[ 0.09682459  0.19977508  0.70340025]]
8.0172: [7.86, 8.34, 7.83, 8.0, 8.02, 8.04, 7.71, 7.86, 8.017199999999999]
[[ 0.10361686  0.20928454  0.68709856]]
8.0565: [7.86, 8.34, 7.83, 8.0, 8.02, 8.04, 7.71, 7.86, 8.0565]
[[ 0.11171896  0.21912095  0.66916007]]
8.0958: [7.86, 8.34, 7.83, 8.0, 8.02, 8.04, 7.71, 7.86, 8.0958]
[[ 0.12140836  0.22883926  0.64975238]]
8.1351: [7.86, 8.34, 7.83, 8.0, 8.02, 8.04, 7.71, 7.86, 8.135100000000001]
[[ 0.13302091  0.23779327  0.6291858 ]]
8.1744: [7.86, 8.34, 7.83, 8.0, 8.02, 8.04, 7.71, 7.86, 8.174400000000002]
[[ 0.14695545  0.24513364  0.60791093]]
8.2137: [7.86, 8.34, 7.83, 8.0, 8.02, 8.04, 7.71, 7.86, 8.213700000000003]
[[ 0.1636633   0.24985698  0.58647972]]
8.253: [7.86, 8.34, 7.83, 8.0, 8.02, 8.04, 7.71, 7.86, 8.253000000000004]
[[ 0.18360507  0.2509301   0.56546485]]
8.2923: [7.86, 8.34, 7.83, 8.0, 8.02, 8.04, 7.71, 7.86, 8.292300000000004]
[[ 0.20716724  0.24749969  0.54533309]]
8.3316: [7.86, 8.34, 7.83, 8.0, 8.02, 8.04, 7.71, 7.86, 8.331600000000005]
[[ 0.2345151   0.2391531   0.52633184]]
8.3709: [7.86, 8.34, 7.83, 8.0, 8.02, 8.04, 7.71, 7.86, 8.370900000000006]
[[ 0.2654199   0.22615057  0.50842959]]
8.4102: [7.86, 8.34, 7.83, 8.0, 8.02, 8.04, 7.71, 7.86, 8.410200000000007]
[[ 0.29913813  0.20950127  0.49136057]]
8.4495: [7.86, 8.34, 7.83, 8.0, 8.02, 8.04, 7.71, 7.86, 8.449500000000008]
[[ 0.33443332  0.190796    0.47477072]]
8.4888: [7.86, 8.34, 7.83, 8.0, 8.02, 8.04, 7.71, 7.86, 8.488800000000008]
[[ 0.36982742  0.17180732  0.45836523]]
8.5281: [7.86, 8.34, 7.83, 8.0, 8.02, 8.04, 7.71, 7.86, 8.52810000000001]
[[ 0.40395367  0.1540529   0.44199336]]
8.5674: [7.86, 8.34, 7.83, 8.0, 8.02, 8.04, 7.71, 7.86, 8.56740000000001]
[[ 0.4358598   0.13851351  0.42562672]]
8.6067: [7.86, 8.34, 7.83, 8.0, 8.02, 8.04, 7.71, 7.86, 8.60670000000001]
[[ 0.4651143   0.12559439  0.40929139]]
