Loading Model: level_list/m1_100/tick_list/DXPE/class/models/model.h5
history_filename: history_recent/DXPE/history.json
UberYesterday: 2017-07-28: OHLCV: 29.7200, 30.0600, 28.8400, 29.4900, 155596
Yesterday    : 2017-07-31: OHLCV: 29.6300, 29.6300, 28.2900, 28.5900, 127091
[u'29.7200', u'30.0600', u'28.8400', u'29.4900', u'155596']
[u'29.6300', u'29.6300', u'28.2900', u'28.5900', u'127091']
question_base :[29.72, 30.06, 28.84, 29.49, 29.63, 29.63, 28.29, 28.59]
25.731: [29.72, 30.06, 28.84, 29.49, 29.63, 29.63, 28.29, 28.59, 25.731]
[[ 0.0787606   0.57119161  0.35004777]]
25.87395: [29.72, 30.06, 28.84, 29.49, 29.63, 29.63, 28.29, 28.59, 25.87395]
[[ 0.07887581  0.56832123  0.35280296]]
26.0169: [29.72, 30.06, 28.84, 29.49, 29.63, 29.63, 28.29, 28.59, 26.0169]
[[ 0.07900015  0.56513435  0.35586548]]
26.15985: [29.72, 30.06, 28.84, 29.49, 29.63, 29.63, 28.29, 28.59, 26.15985]
[[ 0.07913242  0.56163949  0.35922813]]
26.3028: [29.72, 30.06, 28.84, 29.49, 29.63, 29.63, 28.29, 28.59, 26.302799999999998]
[[ 0.07927134  0.55784398  0.3628847 ]]
26.44575: [29.72, 30.06, 28.84, 29.49, 29.63, 29.63, 28.29, 28.59, 26.445749999999997]
[[ 0.07941562  0.55375373  0.36683062]]
26.5887: [29.72, 30.06, 28.84, 29.49, 29.63, 29.63, 28.29, 28.59, 26.588699999999996]
[[ 0.07956401  0.54937434  0.37106159]]
26.73165: [29.72, 30.06, 28.84, 29.49, 29.63, 29.63, 28.29, 28.59, 26.731649999999995]
[[ 0.0797152   0.54471099  0.37557375]]
26.8746: [29.72, 30.06, 28.84, 29.49, 29.63, 29.63, 28.29, 28.59, 26.874599999999994]
[[ 0.07986782  0.53976959  0.3803626 ]]
27.01755: [29.72, 30.06, 28.84, 29.49, 29.63, 29.63, 28.29, 28.59, 27.017549999999993]
[[ 0.08002049  0.53455508  0.38542438]]
27.1605: [29.72, 30.06, 28.84, 29.49, 29.63, 29.63, 28.29, 28.59, 27.160499999999992]
[[ 0.08017191  0.52907234  0.39075571]]
27.30345: [29.72, 30.06, 28.84, 29.49, 29.63, 29.63, 28.29, 28.59, 27.30344999999999]
[[ 0.08032065  0.52332824  0.3963511 ]]
27.4464: [29.72, 30.06, 28.84, 29.49, 29.63, 29.63, 28.29, 28.59, 27.44639999999999]
[[ 0.08046528  0.51732928  0.40220547]]
27.58935: [29.72, 30.06, 28.84, 29.49, 29.63, 29.63, 28.29, 28.59, 27.58934999999999]
[[ 0.08060443  0.51108283  0.40831274]]
27.7323: [29.72, 30.06, 28.84, 29.49, 29.63, 29.63, 28.29, 28.59, 27.732299999999988]
[[ 0.08073674  0.50459737  0.41466585]]
27.87525: [29.72, 30.06, 28.84, 29.49, 29.63, 29.63, 28.29, 28.59, 27.875249999999987]
[[ 0.08086082  0.49788314  0.42125604]]
28.0182: [29.72, 30.06, 28.84, 29.49, 29.63, 29.63, 28.29, 28.59, 28.018199999999986]
[[ 0.08097544  0.49095073  0.42807388]]
28.16115: [29.72, 30.06, 28.84, 29.49, 29.63, 29.63, 28.29, 28.59, 28.161149999999985]
[[ 0.08107937  0.48381183  0.43510875]]
28.3041: [29.72, 30.06, 28.84, 29.49, 29.63, 29.63, 28.29, 28.59, 28.304099999999984]
[[ 0.08117158  0.47648078  0.44234762]]
28.44705: [29.72, 30.06, 28.84, 29.49, 29.63, 29.63, 28.29, 28.59, 28.447049999999983]
[[ 0.08125112  0.46897262  0.44977626]]
28.59: [29.72, 30.06, 28.84, 29.49, 29.63, 29.63, 28.29, 28.59, 28.589999999999982]
[[ 0.0813172   0.46130326  0.45737946]]
28.73295: [29.72, 30.06, 28.84, 29.49, 29.63, 29.63, 28.29, 28.59, 28.73294999999998]
[[ 0.08136928  0.45348963  0.46514103]]
28.8759: [29.72, 30.06, 28.84, 29.49, 29.63, 29.63, 28.29, 28.59, 28.87589999999998]
[[ 0.08140709  0.44555077  0.47304216]]
29.01885: [29.72, 30.06, 28.84, 29.49, 29.63, 29.63, 28.29, 28.59, 29.01884999999998]
[[ 0.08143054  0.43750629  0.48106316]]
29.1618: [29.72, 30.06, 28.84, 29.49, 29.63, 29.63, 28.29, 28.59, 29.161799999999978]
[[ 0.08143991  0.42937601  0.48918408]]
29.30475: [29.72, 30.06, 28.84, 29.49, 29.63, 29.63, 28.29, 28.59, 29.304749999999977]
[[ 0.08143578  0.42118019  0.49738407]]
29.4477: [29.72, 30.06, 28.84, 29.49, 29.63, 29.63, 28.29, 28.59, 29.447699999999976]
[[ 0.08141916  0.4129402   0.50564063]]
29.59065: [29.72, 30.06, 28.84, 29.49, 29.63, 29.63, 28.29, 28.59, 29.590649999999975]
[[ 0.08139133  0.40467802  0.51393062]]
29.7336: [29.72, 30.06, 28.84, 29.49, 29.63, 29.63, 28.29, 28.59, 29.733599999999974]
[[ 0.0813541   0.39641377  0.52223212]]
29.87655: [29.72, 30.06, 28.84, 29.49, 29.63, 29.63, 28.29, 28.59, 29.876549999999973]
[[ 0.08130964  0.38816923  0.53052115]]
30.0195: [29.72, 30.06, 28.84, 29.49, 29.63, 29.63, 28.29, 28.59, 30.019499999999972]
[[ 0.08126052  0.3799648   0.53877467]]
30.16245: [29.72, 30.06, 28.84, 29.49, 29.63, 29.63, 28.29, 28.59, 30.16244999999997]
[[ 0.08121007  0.3718231   0.54696679]]
30.3054: [29.72, 30.06, 28.84, 29.49, 29.63, 29.63, 28.29, 28.59, 30.30539999999997]
[[ 0.08116194  0.36376494  0.55507314]]
30.44835: [29.72, 30.06, 28.84, 29.49, 29.63, 29.63, 28.29, 28.59, 30.44834999999997]
[[ 0.08112049  0.35581306  0.56306648]]
30.5913: [29.72, 30.06, 28.84, 29.49, 29.63, 29.63, 28.29, 28.59, 30.59129999999997]
[[ 0.08109085  0.34799156  0.57091755]]
30.73425: [29.72, 30.06, 28.84, 29.49, 29.63, 29.63, 28.29, 28.59, 30.734249999999967]
[[ 0.0810789   0.34032753  0.57859355]]
30.8772: [29.72, 30.06, 28.84, 29.49, 29.63, 29.63, 28.29, 28.59, 30.877199999999966]
[[ 0.08109155  0.3328509   0.58605754]]
31.02015: [29.72, 30.06, 28.84, 29.49, 29.63, 29.63, 28.29, 28.59, 31.020149999999965]
[[ 0.08113691  0.32559621  0.59326684]]
31.1631: [29.72, 30.06, 28.84, 29.49, 29.63, 29.63, 28.29, 28.59, 31.163099999999964]
[[ 0.08122464  0.31860536  0.60016996]]
31.30605: [29.72, 30.06, 28.84, 29.49, 29.63, 29.63, 28.29, 28.59, 31.306049999999964]
[[ 0.081366    0.31192636  0.60670763]]
31.449: [29.72, 30.06, 28.84, 29.49, 29.63, 29.63, 28.29, 28.59, 31.448999999999963]
[[ 0.08157461  0.30561754  0.61280787]]
