Loading Model: level_list/m1_100/tick_list/INSY/class/models/model.h5
history_filename: history_recent/INSY/history.json
UberYesterday: 2017-07-28: OHLCV: 11.4500, 11.6300, 11.1700, 11.3900, 406772
Yesterday    : 2017-07-31: OHLCV: 11.7100, 11.7900, 11.3000, 11.4600, 379652
[u'11.4500', u'11.6300', u'11.1700', u'11.3900', u'406772']
[u'11.7100', u'11.7900', u'11.3000', u'11.4600', u'379652']
question_base :[11.45, 11.63, 11.17, 11.39, 11.71, 11.79, 11.3, 11.46]
10.314: [11.45, 11.63, 11.17, 11.39, 11.71, 11.79, 11.3, 11.46, 10.314000000000002]
[[ 0.33310685  0.40022629  0.26666686]]
10.3713: [11.45, 11.63, 11.17, 11.39, 11.71, 11.79, 11.3, 11.46, 10.371300000000002]
[[ 0.33310685  0.40022629  0.26666686]]
10.4286: [11.45, 11.63, 11.17, 11.39, 11.71, 11.79, 11.3, 11.46, 10.428600000000001]
[[ 0.33310685  0.40022629  0.26666686]]
10.4859: [11.45, 11.63, 11.17, 11.39, 11.71, 11.79, 11.3, 11.46, 10.4859]
[[ 0.33310685  0.40022629  0.26666686]]
10.5432: [11.45, 11.63, 11.17, 11.39, 11.71, 11.79, 11.3, 11.46, 10.5432]
[[ 0.33310685  0.40022629  0.26666686]]
10.6005: [11.45, 11.63, 11.17, 11.39, 11.71, 11.79, 11.3, 11.46, 10.6005]
[[ 0.33310685  0.40022629  0.26666686]]
10.6578: [11.45, 11.63, 11.17, 11.39, 11.71, 11.79, 11.3, 11.46, 10.6578]
[[ 0.33310685  0.40022629  0.26666686]]
10.7151: [11.45, 11.63, 11.17, 11.39, 11.71, 11.79, 11.3, 11.46, 10.7151]
[[ 0.33310685  0.40022629  0.26666686]]
10.7724: [11.45, 11.63, 11.17, 11.39, 11.71, 11.79, 11.3, 11.46, 10.7724]
[[ 0.33310685  0.40022629  0.26666686]]
10.8297: [11.45, 11.63, 11.17, 11.39, 11.71, 11.79, 11.3, 11.46, 10.829699999999999]
[[ 0.33310685  0.40022629  0.26666686]]
10.887: [11.45, 11.63, 11.17, 11.39, 11.71, 11.79, 11.3, 11.46, 10.886999999999999]
[[ 0.33310685  0.40022629  0.26666686]]
10.9443: [11.45, 11.63, 11.17, 11.39, 11.71, 11.79, 11.3, 11.46, 10.944299999999998]
[[ 0.33310685  0.40022629  0.26666686]]
11.0016: [11.45, 11.63, 11.17, 11.39, 11.71, 11.79, 11.3, 11.46, 11.001599999999998]
[[ 0.33310685  0.40022629  0.26666686]]
11.0589: [11.45, 11.63, 11.17, 11.39, 11.71, 11.79, 11.3, 11.46, 11.058899999999998]
[[ 0.33310685  0.40022629  0.26666686]]
11.1162: [11.45, 11.63, 11.17, 11.39, 11.71, 11.79, 11.3, 11.46, 11.116199999999997]
[[ 0.33310685  0.40022629  0.26666686]]
11.1735: [11.45, 11.63, 11.17, 11.39, 11.71, 11.79, 11.3, 11.46, 11.173499999999997]
[[ 0.33310685  0.40022629  0.26666686]]
11.2308: [11.45, 11.63, 11.17, 11.39, 11.71, 11.79, 11.3, 11.46, 11.230799999999997]
[[ 0.33310685  0.40022629  0.26666686]]
11.2881: [11.45, 11.63, 11.17, 11.39, 11.71, 11.79, 11.3, 11.46, 11.288099999999996]
[[ 0.33310685  0.40022629  0.26666686]]
11.3454: [11.45, 11.63, 11.17, 11.39, 11.71, 11.79, 11.3, 11.46, 11.345399999999996]
[[ 0.33310685  0.40022629  0.26666686]]
11.4027: [11.45, 11.63, 11.17, 11.39, 11.71, 11.79, 11.3, 11.46, 11.402699999999996]
[[ 0.33310685  0.40022629  0.26666686]]
11.46: [11.45, 11.63, 11.17, 11.39, 11.71, 11.79, 11.3, 11.46, 11.459999999999996]
[[ 0.33310685  0.40022629  0.26666686]]
11.5173: [11.45, 11.63, 11.17, 11.39, 11.71, 11.79, 11.3, 11.46, 11.517299999999995]
[[ 0.33310685  0.40022629  0.26666686]]
11.5746: [11.45, 11.63, 11.17, 11.39, 11.71, 11.79, 11.3, 11.46, 11.574599999999995]
[[ 0.33310685  0.40022629  0.26666686]]
11.6319: [11.45, 11.63, 11.17, 11.39, 11.71, 11.79, 11.3, 11.46, 11.631899999999995]
[[ 0.33310685  0.40022629  0.26666686]]
11.6892: [11.45, 11.63, 11.17, 11.39, 11.71, 11.79, 11.3, 11.46, 11.689199999999994]
[[ 0.33310685  0.40022629  0.26666686]]
11.7465: [11.45, 11.63, 11.17, 11.39, 11.71, 11.79, 11.3, 11.46, 11.746499999999994]
[[ 0.33310685  0.40022629  0.26666686]]
11.8038: [11.45, 11.63, 11.17, 11.39, 11.71, 11.79, 11.3, 11.46, 11.803799999999994]
[[ 0.33310685  0.40022629  0.26666686]]
11.8611: [11.45, 11.63, 11.17, 11.39, 11.71, 11.79, 11.3, 11.46, 11.861099999999993]
[[ 0.33310685  0.40022629  0.26666686]]
11.9184: [11.45, 11.63, 11.17, 11.39, 11.71, 11.79, 11.3, 11.46, 11.918399999999993]
[[ 0.33310685  0.40022629  0.26666686]]
11.9757: [11.45, 11.63, 11.17, 11.39, 11.71, 11.79, 11.3, 11.46, 11.975699999999993]
[[ 0.33310685  0.40022629  0.26666686]]
12.033: [11.45, 11.63, 11.17, 11.39, 11.71, 11.79, 11.3, 11.46, 12.032999999999992]
[[ 0.33310685  0.40022629  0.26666686]]
12.0903: [11.45, 11.63, 11.17, 11.39, 11.71, 11.79, 11.3, 11.46, 12.090299999999992]
[[ 0.33310685  0.40022629  0.26666686]]
12.1476: [11.45, 11.63, 11.17, 11.39, 11.71, 11.79, 11.3, 11.46, 12.147599999999992]
[[ 0.33310685  0.40022629  0.26666686]]
12.2049: [11.45, 11.63, 11.17, 11.39, 11.71, 11.79, 11.3, 11.46, 12.204899999999991]
[[ 0.33310685  0.40022629  0.26666686]]
12.2622: [11.45, 11.63, 11.17, 11.39, 11.71, 11.79, 11.3, 11.46, 12.262199999999991]
[[ 0.33310685  0.40022629  0.26666686]]
12.3195: [11.45, 11.63, 11.17, 11.39, 11.71, 11.79, 11.3, 11.46, 12.31949999999999]
[[ 0.33310685  0.40022629  0.26666686]]
12.3768: [11.45, 11.63, 11.17, 11.39, 11.71, 11.79, 11.3, 11.46, 12.37679999999999]
[[ 0.33310685  0.40022629  0.26666686]]
12.4341: [11.45, 11.63, 11.17, 11.39, 11.71, 11.79, 11.3, 11.46, 12.43409999999999]
[[ 0.33310685  0.40022629  0.26666686]]
12.4914: [11.45, 11.63, 11.17, 11.39, 11.71, 11.79, 11.3, 11.46, 12.49139999999999]
[[ 0.33310685  0.40022629  0.26666686]]
12.5487: [11.45, 11.63, 11.17, 11.39, 11.71, 11.79, 11.3, 11.46, 12.54869999999999]
[[ 0.33310685  0.40022629  0.26666686]]
12.606: [11.45, 11.63, 11.17, 11.39, 11.71, 11.79, 11.3, 11.46, 12.60599999999999]
[[ 0.33310685  0.40022629  0.26666686]]
