[[  0.   0.  30.]
 [  0.   0.  38.]
 [  0.   0.  32.]]
cf_score, 2.0
nv_score, -66.0
ratio, 0.323232323232
[[  0.   0.  37.]
 [  0.   0.  33.]
 [  0.   0.  30.]]
cf_score, -7.0
nv_score, -77.0
ratio, 0.30303030303
[[ 23.   0.  11.]
 [ 27.   0.  12.]
 [ 14.   1.  12.]]
cf_score, 10.0
nv_score, -22.0
ratio, 0.353535353535
[[ 15.   2.  17.]
 [ 22.   2.  16.]
 [  8.   1.  17.]]
cf_score, 9.0
nv_score, -33.0
ratio, 0.343434343434
[[ 16.   3.  15.]
 [ 18.   2.  11.]
 [  5.   6.  24.]]
cf_score, 22.0
nv_score, -17.0
ratio, 0.424242424242
[[ 19.   7.  16.]
 [ 12.   2.  14.]
 [  4.   4.  22.]]
cf_score, 23.0
nv_score, -24.0
ratio, 0.434343434343
[[ 21.   2.  12.]
 [ 16.   9.  14.]
 [  4.   3.  19.]]
cf_score, 33.0
nv_score, -19.0
ratio, 0.494949494949
[[ 22.   9.  10.]
 [ 12.   7.  12.]
 [  9.   4.  15.]]
cf_score, 25.0
nv_score, -17.0
ratio, 0.444444444444
[[ 14.   6.  16.]
 [ 16.   5.  14.]
 [  6.   6.  17.]]
cf_score, 14.0
nv_score, -29.0
ratio, 0.363636363636
[[ 10.   4.  13.]
 [ 12.   3.  24.]
 [  1.   5.  28.]]
cf_score, 27.0
nv_score, -22.0
ratio, 0.414141414141
[[ 19.   8.  10.]
 [  9.   8.  16.]
 [  4.   4.  22.]]
cf_score, 35.0
nv_score, -14.0
ratio, 0.494949494949
[[ 24.   6.  10.]
 [ 11.   7.   6.]
 [  4.   8.  24.]]
cf_score, 41.0
nv_score, -2.0
ratio, 0.555555555556
[[ 30.   9.   8.]
 [ 12.   6.   7.]
 [  6.   5.  17.]]
cf_score, 39.0
nv_score, -6.0
ratio, 0.535353535354
[[ 22.   5.  12.]
 [ 15.   9.  10.]
 [ 12.   3.  12.]]
cf_score, 19.0
nv_score, -22.0
ratio, 0.434343434343
[[ 17.  11.  11.]
 [ 14.   9.  12.]
 [  7.   3.  16.]]
cf_score, 24.0
nv_score, -18.0
ratio, 0.424242424242
[[ 21.   5.   7.]
 [ 11.  11.   8.]
 [ 10.   7.  20.]]
cf_score, 35.0
nv_score, -2.0
ratio, 0.525252525253
[[ 13.   9.   3.]
 [ 24.   9.   7.]
 [  5.   9.  21.]]
cf_score, 35.0
nv_score, 8.0
ratio, 0.434343434343
[[ 14.   9.   7.]
 [ 13.  12.  10.]
 [  6.   8.  21.]]
cf_score, 34.0
nv_score, -3.0
ratio, 0.474747474747
[[ 23.   8.  10.]
 [ 14.   6.   7.]
 [  7.   9.  16.]]
cf_score, 28.0
nv_score, -11.0
ratio, 0.454545454545
[[ 16.  12.  10.]
 [ 12.  10.  10.]
 [  5.  13.  12.]]
cf_score, 23.0
nv_score, -18.0
ratio, 0.383838383838
[[ 25.   8.   3.]
 [ 17.   9.  10.]
 [  8.   5.  15.]]
cf_score, 38.0
nv_score, -1.0
ratio, 0.494949494949
[[ 20.  10.   9.]
 [ 21.   8.   2.]
 [ 11.   5.  14.]]
cf_score, 22.0
nv_score, -6.0
ratio, 0.424242424242
[[ 18.   8.  11.]
 [ 10.  10.  12.]
 [  2.   9.  20.]]
cf_score, 35.0
nv_score, -14.0
ratio, 0.484848484848
[[ 21.  12.   3.]
 [ 14.  16.   6.]
 [  5.   8.  15.]]
cf_score, 44.0
nv_score, 3.0
ratio, 0.525252525253
[[ 20.  12.   9.]
 [  6.   6.  19.]
 [  3.   6.  19.]]
cf_score, 33.0
nv_score, -18.0
ratio, 0.454545454545
[[ 21.  11.  10.]
 [  7.   9.  12.]
 [  5.  10.  15.]]
cf_score, 30.0
nv_score, -17.0
ratio, 0.454545454545
[[ 23.   8.   2.]
 [ 12.  11.  12.]
 [  4.   6.  22.]]
cf_score, 50.0
nv_score, 6.0
ratio, 0.565656565657
[[ 22.   4.   5.]
 [ 16.  10.  11.]
 [  6.  11.  15.]]
cf_score, 36.0
nv_score, -6.0
ratio, 0.474747474747
[[ 27.   8.   6.]
 [ 12.  10.   6.]
 [  5.   9.  17.]]
cf_score, 43.0
nv_score, -1.0
ratio, 0.545454545455
[[ 20.  12.   1.]
 [ 14.  11.   6.]
 [  8.   4.  24.]]
cf_score, 46.0
nv_score, 16.0
ratio, 0.555555555556
[[ 18.   8.   8.]
 [  9.  14.  14.]
 [  5.   7.  17.]]
cf_score, 36.0
nv_score, -13.0
ratio, 0.494949494949
[[ 21.   8.   2.]
 [ 11.  17.   7.]
 [ 10.   8.  16.]]
cf_score, 42.0
nv_score, 5.0
ratio, 0.545454545455
[[ 22.   3.   8.]
 [ 19.  12.   6.]
 [  8.  11.  11.]]
cf_score, 29.0
nv_score, -11.0
ratio, 0.454545454545
[[ 22.   5.   4.]
 [ 10.  15.   9.]
 [  3.  11.  21.]]
cf_score, 51.0
nv_score, 4.0
ratio, 0.585858585859
[[ 32.   9.   4.]
 [ 15.  11.   6.]
 [  4.   5.  14.]]
cf_score, 49.0
nv_score, 0.0
ratio, 0.575757575758
[[ 25.   7.   5.]
 [ 10.  10.   9.]
 [  9.  11.  14.]]
cf_score, 35.0
nv_score, -5.0
ratio, 0.494949494949
[[ 20.  11.   7.]
 [ 14.  14.   7.]
 [  6.   6.  15.]]
cf_score, 36.0
nv_score, -6.0
ratio, 0.494949494949
[[ 16.  14.   8.]
 [  6.   9.   9.]
 [  5.  13.  20.]]
cf_score, 32.0
nv_score, -5.0
ratio, 0.454545454545
[[ 24.   7.   4.]
 [ 18.  12.  10.]
 [  7.   6.  12.]]
cf_score, 37.0
nv_score, -6.0
ratio, 0.484848484848
[[ 17.  12.  12.]
 [ 13.  11.   5.]
 [  8.  12.  10.]]
cf_score, 18.0
nv_score, -19.0
ratio, 0.383838383838
[[ 19.  12.   1.]
 [  9.  11.  13.]
 [ 10.  13.  12.]]
cf_score, 31.0
nv_score, -3.0
ratio, 0.424242424242
[[ 38.   4.   3.]
 [ 16.   8.   7.]
 [  7.   7.  10.]]
cf_score, 46.0
nv_score, -3.0
ratio, 0.565656565657
[[ 20.   7.   1.]
 [ 12.  18.   7.]
 [  8.  13.  14.]]
cf_score, 43.0
nv_score, 5.0
ratio, 0.525252525253
[[ 12.  10.   5.]
 [ 20.   9.  10.]
 [  6.  10.  18.]]
cf_score, 28.0
nv_score, -2.0
ratio, 0.393939393939
[[ 13.  15.   6.]
 [  5.  15.  13.]
 [  7.   7.  19.]]
cf_score, 34.0
nv_score, -6.0
ratio, 0.474747474747
[[ 16.   5.   8.]
 [ 12.  18.  14.]
 [  7.   6.  14.]]
cf_score, 33.0
nv_score, -16.0
ratio, 0.484848484848
[[ 21.  11.   6.]
 [ 13.  14.  12.]
 [  7.   3.  13.]]
cf_score, 35.0
nv_score, -11.0
ratio, 0.484848484848
[[ 14.   9.   8.]
 [ 16.  15.   9.]
 [ 10.   7.  12.]]
cf_score, 23.0
nv_score, -13.0
ratio, 0.414141414141
[[ 21.  13.   1.]
 [ 19.  11.   5.]
 [  8.  10.  12.]]
cf_score, 35.0
nv_score, 5.0
ratio, 0.444444444444
[[ 18.   6.   5.]
 [ 20.  14.   7.]
 [  3.   8.  19.]]
cf_score, 43.0
nv_score, 2.0
ratio, 0.515151515152
