[[  0.  37.   0.]
 [  0.  62.   0.]
 [  0.   1.   0.]]
cf_score, 62.0
nv_score, 0.0
ratio, 0.626262626263
[[  6.  25.   0.]
 [  3.  66.   0.]
 [  0.   0.   0.]]
cf_score, 72.0
nv_score, 0.0
ratio, 0.727272727273
[[  2.  27.   0.]
 [  6.  65.   0.]
 [  0.   0.   0.]]
cf_score, 67.0
nv_score, 0.0
ratio, 0.676767676768
[[  9.  26.   0.]
 [  5.  59.   0.]
 [  0.   1.   0.]]
cf_score, 68.0
nv_score, 0.0
ratio, 0.686868686869
[[ 14.  18.   0.]
 [  8.  60.   0.]
 [  0.   0.   0.]]
cf_score, 74.0
nv_score, 0.0
ratio, 0.747474747475
[[ 18.  21.   0.]
 [ 14.  47.   0.]
 [  0.   0.   0.]]
cf_score, 65.0
nv_score, 0.0
ratio, 0.656565656566
[[  7.  24.   0.]
 [  8.  60.   0.]
 [  0.   1.   0.]]
cf_score, 67.0
nv_score, 0.0
ratio, 0.676767676768
[[ 11.  13.   0.]
 [ 14.  62.   0.]
 [  0.   0.   0.]]
cf_score, 73.0
nv_score, 0.0
ratio, 0.737373737374
[[ 16.  26.   0.]
 [  8.  50.   0.]
 [  0.   0.   0.]]
cf_score, 66.0
nv_score, 0.0
ratio, 0.666666666667
[[ 14.  20.   0.]
 [  3.  63.   0.]
 [  0.   0.   0.]]
cf_score, 77.0
nv_score, 0.0
ratio, 0.777777777778
[[ 16.  21.   0.]
 [  9.  54.   0.]
 [  0.   0.   0.]]
cf_score, 70.0
nv_score, 0.0
ratio, 0.707070707071
[[ 15.  22.   0.]
 [  8.  55.   0.]
 [  0.   0.   0.]]
cf_score, 70.0
nv_score, 0.0
ratio, 0.707070707071
[[ 18.  28.   0.]
 [ 10.  44.   0.]
 [  0.   0.   0.]]
cf_score, 62.0
nv_score, 0.0
ratio, 0.626262626263
[[ 12.  18.   0.]
 [ 11.  58.   0.]
 [  0.   1.   0.]]
cf_score, 70.0
nv_score, 0.0
ratio, 0.707070707071
[[ 17.  12.   0.]
 [ 12.  59.   0.]
 [  0.   0.   0.]]
cf_score, 76.0
nv_score, 0.0
ratio, 0.767676767677
[[  7.  19.   0.]
 [  4.  70.   0.]
 [  0.   0.   0.]]
cf_score, 77.0
nv_score, 0.0
ratio, 0.777777777778
[[ 17.  19.   0.]
 [  9.  55.   0.]
 [  0.   0.   0.]]
cf_score, 72.0
nv_score, 0.0
ratio, 0.727272727273
[[ 12.  27.   0.]
 [ 11.  50.   0.]
 [  0.   0.   0.]]
cf_score, 62.0
nv_score, 0.0
ratio, 0.626262626263
[[ 17.  18.   0.]
 [  7.  58.   0.]
 [  0.   0.   0.]]
cf_score, 75.0
nv_score, 0.0
ratio, 0.757575757576
[[ 12.  20.   0.]
 [ 19.  49.   0.]
 [  0.   0.   0.]]
cf_score, 61.0
nv_score, 0.0
ratio, 0.616161616162
[[ 13.  17.   0.]
 [ 10.  59.   0.]
 [  0.   1.   0.]]
cf_score, 72.0
nv_score, 0.0
ratio, 0.727272727273
[[ 18.  17.   0.]
 [ 10.  55.   0.]
 [  0.   0.   0.]]
cf_score, 73.0
nv_score, 0.0
ratio, 0.737373737374
[[  8.  19.   0.]
 [ 14.  58.   0.]
 [  0.   1.   0.]]
cf_score, 66.0
nv_score, 0.0
ratio, 0.666666666667
[[ 12.  21.   0.]
 [ 11.  56.   0.]
 [  0.   0.   0.]]
cf_score, 68.0
nv_score, 0.0
ratio, 0.686868686869
[[ 16.  21.   0.]
 [ 12.  51.   0.]
 [  0.   0.   0.]]
cf_score, 67.0
nv_score, 0.0
ratio, 0.676767676768
[[  8.  23.   0.]
 [  7.  62.   0.]
 [  0.   0.   0.]]
cf_score, 70.0
nv_score, 0.0
ratio, 0.707070707071
[[ 10.  16.   0.]
 [ 11.  63.   0.]
 [  0.   0.   0.]]
cf_score, 73.0
nv_score, 0.0
ratio, 0.737373737374
[[ 16.  21.   0.]
 [  9.  54.   0.]
 [  0.   0.   0.]]
cf_score, 70.0
nv_score, 0.0
ratio, 0.707070707071
[[ 22.  17.   0.]
 [ 10.  51.   0.]
 [  0.   0.   0.]]
cf_score, 73.0
nv_score, 0.0
ratio, 0.737373737374
[[  9.  27.   0.]
 [ 11.  53.   0.]
 [  0.   0.   0.]]
cf_score, 62.0
nv_score, 0.0
ratio, 0.626262626263
[[ 16.  16.   0.]
 [ 10.  58.   0.]
 [  0.   0.   0.]]
cf_score, 74.0
nv_score, 0.0
ratio, 0.747474747475
[[ 17.  22.   0.]
 [  4.  57.   0.]
 [  0.   0.   0.]]
cf_score, 74.0
nv_score, 0.0
ratio, 0.747474747475
[[  8.  25.   0.]
 [  6.  61.   0.]
 [  0.   0.   0.]]
cf_score, 69.0
nv_score, 0.0
ratio, 0.69696969697
[[ 13.  21.   0.]
 [  5.  61.   0.]
 [  0.   0.   0.]]
cf_score, 74.0
nv_score, 0.0
ratio, 0.747474747475
[[ 15.  20.   0.]
 [  7.  57.   0.]
 [  0.   1.   0.]]
cf_score, 72.0
nv_score, 0.0
ratio, 0.727272727273
[[ 13.  18.   0.]
 [  8.  60.   0.]
 [  0.   1.   0.]]
cf_score, 73.0
nv_score, 0.0
ratio, 0.737373737374
[[ 14.  22.   0.]
 [ 15.  49.   0.]
 [  0.   0.   0.]]
cf_score, 63.0
nv_score, 0.0
ratio, 0.636363636364
[[ 11.  18.   0.]
 [ 11.  60.   0.]
 [  0.   0.   0.]]
cf_score, 71.0
nv_score, 0.0
ratio, 0.717171717172
[[ 14.  21.   0.]
 [  7.  58.   0.]
 [  0.   0.   0.]]
cf_score, 72.0
nv_score, 0.0
ratio, 0.727272727273
[[  7.  18.   0.]
 [  8.  67.   0.]
 [  0.   0.   0.]]
cf_score, 74.0
nv_score, 0.0
ratio, 0.747474747475
[[ 11.  16.   0.]
 [ 10.  62.   0.]
 [  0.   1.   0.]]
cf_score, 73.0
nv_score, 0.0
ratio, 0.737373737374
[[ 17.  19.   0.]
 [  8.  56.   0.]
 [  0.   0.   0.]]
cf_score, 73.0
nv_score, 0.0
ratio, 0.737373737374
[[ 14.  18.   0.]
 [ 10.  58.   0.]
 [  0.   0.   0.]]
cf_score, 72.0
nv_score, 0.0
ratio, 0.727272727273
[[ 25.  14.   0.]
 [  8.  52.   0.]
 [  0.   1.   0.]]
cf_score, 77.0
nv_score, 0.0
ratio, 0.777777777778
[[ 21.  26.   0.]
 [  7.  46.   0.]
 [  0.   0.   0.]]
cf_score, 67.0
nv_score, 0.0
ratio, 0.676767676768
[[ 11.  24.   0.]
 [ 13.  52.   0.]
 [  0.   0.   0.]]
cf_score, 63.0
nv_score, 0.0
ratio, 0.636363636364
[[  9.  21.   0.]
 [  5.  65.   0.]
 [  0.   0.   0.]]
cf_score, 74.0
nv_score, 0.0
ratio, 0.747474747475
[[ 19.  18.   0.]
 [  7.  56.   0.]
 [  0.   0.   0.]]
cf_score, 75.0
nv_score, 0.0
ratio, 0.757575757576
[[ 13.  15.   0.]
 [  6.  66.   0.]
 [  0.   0.   0.]]
cf_score, 79.0
nv_score, 0.0
ratio, 0.79797979798
[[  9.  12.   0.]
 [  8.  71.   0.]
 [  0.   0.   0.]]
cf_score, 80.0
nv_score, 0.0
ratio, 0.808080808081
