[[  2.  22.  10.]
 [  1.  28.   4.]
 [  2.  10.  21.]]
cf_score, 39.0
nv_score, -3.0
ratio, 0.515151515152
[[  1.  23.   8.]
 [  0.  23.   6.]
 [  1.  16.  22.]]
cf_score, 37.0
nv_score, 0.0
ratio, 0.464646464646
[[  0.  18.  14.]
 [  0.  21.   6.]
 [  0.  10.  31.]]
cf_score, 38.0
nv_score, -3.0
ratio, 0.525252525253
[[  0.  18.  13.]
 [  0.  38.   8.]
 [  0.   6.  17.]]
cf_score, 42.0
nv_score, -17.0
ratio, 0.555555555556
[[  0.  23.  14.]
 [  0.  24.   4.]
 [  0.  12.  23.]]
cf_score, 33.0
nv_score, -9.0
ratio, 0.474747474747
[[  0.  17.  11.]
 [  0.  30.   7.]
 [  0.  10.  25.]]
cf_score, 44.0
nv_score, -4.0
ratio, 0.555555555556
[[  0.  16.  16.]
 [  0.  22.  13.]
 [  0.   8.  25.]]
cf_score, 31.0
nv_score, -20.0
ratio, 0.474747474747
[[  0.  18.  15.]
 [  0.  22.   9.]
 [  0.  13.  23.]]
cf_score, 30.0
nv_score, -16.0
ratio, 0.454545454545
[[  0.  23.  12.]
 [  0.  18.   7.]
 [  0.  12.  28.]]
cf_score, 34.0
nv_score, -3.0
ratio, 0.464646464646
[[  0.  24.  12.]
 [  0.  22.   8.]
 [  0.  13.  21.]]
cf_score, 31.0
nv_score, -11.0
ratio, 0.434343434343
[[  0.  20.  13.]
 [  0.  17.   8.]
 [  0.  15.  27.]]
cf_score, 31.0
nv_score, -7.0
ratio, 0.444444444444
[[  1.  26.  12.]
 [  0.  25.  11.]
 [  1.   3.  21.]]
cf_score, 34.0
nv_score, -14.0
ratio, 0.474747474747
[[  3.  11.  15.]
 [  0.  29.  10.]
 [  2.  12.  18.]]
cf_score, 33.0
nv_score, -22.0
ratio, 0.505050505051
[[  5.  22.  12.]
 [  0.  24.  10.]
 [  3.   5.  19.]]
cf_score, 33.0
nv_score, -15.0
ratio, 0.484848484848
[[  4.  19.   6.]
 [  0.  24.   9.]
 [  2.  20.  16.]]
cf_score, 36.0
nv_score, -5.0
ratio, 0.444444444444
[[  3.  17.   7.]
 [  0.  29.   7.]
 [  1.  10.  26.]]
cf_score, 50.0
nv_score, 5.0
ratio, 0.585858585859
[[  6.  17.  10.]
 [  0.  22.  10.]
 [  1.  16.  18.]]
cf_score, 35.0
nv_score, -12.0
ratio, 0.464646464646
[[  5.  25.   9.]
 [  0.  20.   6.]
 [  3.  12.  20.]]
cf_score, 33.0
nv_score, -4.0
ratio, 0.454545454545
[[  2.  25.   8.]
 [  0.  25.   6.]
 [  3.   9.  22.]]
cf_score, 38.0
nv_score, 0.0
ratio, 0.494949494949
[[  6.  15.  11.]
 [  0.  24.   7.]
 [  5.  10.  22.]]
cf_score, 36.0
nv_score, -7.0
ratio, 0.525252525253
[[  2.  25.  11.]
 [  0.  24.   6.]
 [  2.  10.  20.]]
cf_score, 33.0
nv_score, -8.0
ratio, 0.464646464646
[[  3.  24.   8.]
 [  1.  20.   8.]
 [  2.  13.  21.]]
cf_score, 34.0
nv_score, -3.0
ratio, 0.444444444444
[[  4.  19.   9.]
 [  0.  28.   3.]
 [  0.  20.  17.]]
cf_score, 40.0
nv_score, -4.0
ratio, 0.494949494949
[[  5.  25.   9.]
 [  7.  25.   3.]
 [  3.   7.  16.]]
cf_score, 34.0
nv_score, -5.0
ratio, 0.464646464646
[[  7.  17.  14.]
 [  3.  21.  12.]
 [  2.  14.  10.]]
cf_score, 22.0
nv_score, -30.0
ratio, 0.383838383838
[[ 14.  24.  11.]
 [  2.  22.   2.]
 [  3.  12.  10.]]
cf_score, 32.0
nv_score, -14.0
ratio, 0.464646464646
[[  5.  24.  11.]
 [  2.  19.   7.]
 [  3.   2.  27.]]
cf_score, 37.0
nv_score, -2.0
ratio, 0.515151515152
[[  7.  19.  13.]
 [  6.  15.   8.]
 [  5.   6.  21.]]
cf_score, 25.0
nv_score, -13.0
ratio, 0.434343434343
[[ 10.  16.   8.]
 [  1.  22.  17.]
 [  1.   6.  19.]]
cf_score, 42.0
nv_score, -14.0
ratio, 0.515151515152
[[  6.  26.   3.]
 [  3.  24.  10.]
 [  5.   7.  16.]]
cf_score, 38.0
nv_score, 0.0
ratio, 0.464646464646
[[ 11.  16.   4.]
 [ 11.  19.   6.]
 [  9.   7.  17.]]
cf_score, 34.0
nv_score, 3.0
ratio, 0.474747474747
[[  9.  20.   9.]
 [  9.  15.   3.]
 [  2.   7.  26.]]
cf_score, 39.0
nv_score, 5.0
ratio, 0.505050505051
[[  9.  21.   9.]
 [  6.   9.  10.]
 [  6.   6.  24.]]
cf_score, 27.0
nv_score, -4.0
ratio, 0.424242424242
[[ 14.   9.   7.]
 [ 11.  16.   8.]
 [  6.   9.  20.]]
cf_score, 37.0
nv_score, -2.0
ratio, 0.505050505051
[[  7.  21.   6.]
 [  8.  25.   8.]
 [  5.   9.  11.]]
cf_score, 32.0
nv_score, -9.0
ratio, 0.434343434343
[[ 14.  12.   5.]
 [  6.  26.   4.]
 [  2.   7.  24.]]
cf_score, 57.0
nv_score, 10.0
ratio, 0.646464646465
[[ 11.  11.   4.]
 [ 10.  18.   5.]
 [  2.   7.  32.]]
cf_score, 55.0
nv_score, 19.0
ratio, 0.616161616162
[[  8.  13.   5.]
 [  8.  13.   8.]
 [  3.  14.  28.]]
cf_score, 41.0
nv_score, 10.0
ratio, 0.494949494949
[[ 16.  12.   7.]
 [  3.  16.  11.]
 [  1.  10.  24.]]
cf_score, 48.0
nv_score, -1.0
ratio, 0.565656565657
[[ 10.  20.   8.]
 [  6.  17.   6.]
 [  5.   9.  19.]]
cf_score, 33.0
nv_score, -3.0
ratio, 0.464646464646
[[ 11.  11.  10.]
 [  8.  16.   8.]
 [  3.  10.  23.]]
cf_score, 37.0
nv_score, -5.0
ratio, 0.505050505051
[[ 14.   8.   9.]
 [ 12.  17.   9.]
 [  5.   7.  19.]]
cf_score, 36.0
nv_score, -8.0
ratio, 0.505050505051
[[ 13.  12.   9.]
 [  5.  25.   3.]
 [  9.   9.  15.]]
cf_score, 35.0
nv_score, -6.0
ratio, 0.535353535354
[[ 18.  10.   9.]
 [ 10.  14.  10.]
 [  6.   6.  17.]]
cf_score, 34.0
nv_score, -11.0
ratio, 0.494949494949
[[ 15.  10.   9.]
 [  7.  22.   4.]
 [  5.   3.  25.]]
cf_score, 48.0
nv_score, 3.0
ratio, 0.626262626263
[[ 10.  19.  11.]
 [  9.  15.   6.]
 [  5.  10.  15.]]
cf_score, 24.0
nv_score, -13.0
ratio, 0.40404040404
[[ 16.  16.   6.]
 [  5.  16.   9.]
 [  2.   6.  24.]]
cf_score, 48.0
nv_score, 3.0
ratio, 0.565656565657
[[ 17.  19.   8.]
 [  6.  13.   6.]
 [  3.   6.  22.]]
cf_score, 41.0
nv_score, 0.0
ratio, 0.525252525253
[[  7.  17.   8.]
 [ 11.  17.   4.]
 [  4.   9.  23.]]
cf_score, 35.0
nv_score, 3.0
ratio, 0.474747474747
[[  5.  18.  10.]
 [ 10.  18.   4.]
 [  4.  11.  20.]]
cf_score, 29.0
nv_score, -4.0
ratio, 0.434343434343
