[[ 22.   3.   9.]
 [ 25.   6.   9.]
 [ 14.   2.  10.]]
cf_score, 15.0
ratio, 0.383838383838
[[ 30.   1.  11.]
 [ 14.   3.   6.]
 [ 12.   3.  20.]]
cf_score, 30.0
ratio, 0.535353535354
[[ 23.   4.   8.]
 [  8.   6.  11.]
 [  3.   7.  30.]]
cf_score, 48.0
ratio, 0.59595959596
[[ 22.   5.   1.]
 [ 15.   9.  12.]
 [  2.   8.  26.]]
cf_score, 54.0
ratio, 0.575757575758
[[ 16.   6.  16.]
 [ 12.   4.  14.]
 [  3.   5.  24.]]
cf_score, 25.0
ratio, 0.444444444444
[[ 18.   9.   8.]
 [ 17.  12.  11.]
 [  1.   5.  19.]]
cf_score, 40.0
ratio, 0.494949494949
[[ 12.  12.   8.]
 [  7.   8.  19.]
 [  5.   4.  25.]]
cf_score, 32.0
ratio, 0.454545454545
[[ 14.  10.  15.]
 [  9.   9.  14.]
 [  2.   5.  22.]]
cf_score, 28.0
ratio, 0.454545454545
[[ 26.  10.  12.]
 [ 17.   5.   8.]
 [  8.   5.   9.]]
cf_score, 20.0
ratio, 0.40404040404
[[ 18.   9.  12.]
 [  9.   4.  16.]
 [  2.   4.  26.]]
cf_score, 34.0
ratio, 0.484848484848
[[ 23.   6.  12.]
 [ 13.   8.  11.]
 [  4.   8.  15.]]
cf_score, 30.0
ratio, 0.464646464646
[[ 14.  10.  10.]
 [ 10.   7.  17.]
 [  0.   2.  30.]]
cf_score, 41.0
ratio, 0.515151515152
[[ 16.   4.   6.]
 [ 11.   8.  16.]
 [  4.   7.  28.]]
cf_score, 42.0
ratio, 0.525252525253
[[ 15.   4.   8.]
 [ 10.   9.  15.]
 [  2.  11.  26.]]
cf_score, 40.0
ratio, 0.505050505051
[[ 28.  10.   5.]
 [ 18.   7.   6.]
 [  3.   7.  16.]]
cf_score, 43.0
ratio, 0.515151515152
[[ 15.   9.   9.]
 [  8.  12.  11.]
 [  0.  10.  26.]]
cf_score, 44.0
ratio, 0.535353535354
[[ 16.   8.  10.]
 [  8.   5.  17.]
 [  1.   4.  31.]]
cf_score, 41.0
ratio, 0.525252525253
[[ 15.   7.  12.]
 [ 11.  12.  16.]
 [  3.   5.  19.]]
cf_score, 31.0
ratio, 0.464646464646
[[ 12.  15.   8.]
 [  7.  10.  14.]
 [  1.   5.  28.]]
cf_score, 41.0
ratio, 0.505050505051
[[ 18.  13.   8.]
 [  6.  11.   8.]
 [  4.   6.  26.]]
cf_score, 43.0
ratio, 0.555555555556
[[ 21.   8.   5.]
 [  5.  14.  12.]
 [  4.   4.  27.]]
cf_score, 53.0
ratio, 0.626262626263
[[ 11.   8.   9.]
 [  5.  11.  19.]
 [  3.  11.  23.]]
cf_score, 33.0
ratio, 0.454545454545
[[ 13.  12.  14.]
 [  7.  12.  15.]
 [  0.   6.  21.]]
cf_score, 32.0
ratio, 0.464646464646
[[ 19.   4.   6.]
 [  3.  13.  18.]
 [  1.   7.  29.]]
cf_score, 54.0
ratio, 0.616161616162
[[ 14.   6.  11.]
 [  8.  16.  16.]
 [  2.   8.  19.]]
cf_score, 36.0
ratio, 0.494949494949
[[  7.  12.  14.]
 [  6.  14.  16.]
 [  1.   5.  25.]]
cf_score, 31.0
ratio, 0.464646464646
[[ 13.  10.  11.]
 [ 11.  11.  10.]
 [  1.   5.  28.]]
cf_score, 40.0
ratio, 0.525252525253
[[ 13.  12.   8.]
 [ 14.  12.  15.]
 [  3.   5.  18.]]
cf_score, 32.0
ratio, 0.434343434343
[[ 20.   5.  12.]
 [ 11.   8.   4.]
 [  1.   6.  33.]]
cf_score, 48.0
ratio, 0.616161616162
[[ 14.   9.   8.]
 [ 14.  13.  11.]
 [  3.   5.  23.]]
cf_score, 39.0
ratio, 0.505050505051
[[ 17.  13.  14.]
 [ 10.   7.   8.]
 [  1.   4.  26.]]
cf_score, 35.0
ratio, 0.505050505051
[[ 17.   6.   6.]
 [ 10.   9.  15.]
 [  4.  15.  18.]]
cf_score, 34.0
ratio, 0.444444444444
[[ 17.  11.   7.]
 [  9.  14.  10.]
 [  1.   5.  26.]]
cf_score, 49.0
ratio, 0.575757575758
[[ 15.   6.   4.]
 [ 11.  10.  16.]
 [  3.  13.  22.]]
cf_score, 40.0
ratio, 0.474747474747
[[ 13.  11.   7.]
 [ 13.   9.  13.]
 [  1.   8.  25.]]
cf_score, 39.0
ratio, 0.474747474747
[[ 16.   4.   8.]
 [ 13.   7.  15.]
 [  3.  11.  23.]]
cf_score, 35.0
ratio, 0.464646464646
[[ 23.   8.   6.]
 [  6.  12.   9.]
 [  2.   9.  25.]]
cf_score, 52.0
ratio, 0.606060606061
[[ 14.  11.   5.]
 [  5.  14.  14.]
 [  3.  14.  20.]]
cf_score, 40.0
ratio, 0.484848484848
[[ 24.   9.  17.]
 [  9.  12.   9.]
 [  0.   4.  16.]]
cf_score, 35.0
ratio, 0.525252525253
[[ 15.   6.   6.]
 [ 11.   9.  19.]
 [  2.   6.  26.]]
cf_score, 42.0
ratio, 0.505050505051
[[ 17.   8.   8.]
 [  8.   6.  10.]
 [  1.   9.  33.]]
cf_score, 47.0
ratio, 0.565656565657
[[ 24.   7.   4.]
 [  2.  10.  16.]
 [  4.  10.  23.]]
cf_score, 49.0
ratio, 0.575757575758
[[ 21.   9.   6.]
 [ 10.   8.  12.]
 [  5.   9.  20.]]
cf_score, 38.0
ratio, 0.494949494949
[[ 17.   6.  12.]
 [  9.   9.  15.]
 [  0.   7.  25.]]
cf_score, 39.0
ratio, 0.515151515152
[[ 14.  15.   9.]
 [ 11.  11.  10.]
 [  3.   8.  19.]]
cf_score, 32.0
ratio, 0.444444444444
[[ 13.  14.   8.]
 [ 10.   9.  12.]
 [  1.  12.  21.]]
cf_score, 34.0
ratio, 0.434343434343
[[ 17.  13.  10.]
 [ 12.   9.  10.]
 [  2.   9.  18.]]
cf_score, 32.0
ratio, 0.444444444444
[[ 18.   6.   6.]
 [ 10.   9.  12.]
 [  5.   9.  25.]]
cf_score, 41.0
ratio, 0.525252525253
[[ 14.   5.  12.]
 [ 13.  13.  11.]
 [  1.   8.  23.]]
cf_score, 37.0
ratio, 0.505050505051
[[ 15.   8.   5.]
 [  7.  13.  18.]
 [  3.  11.  20.]]
cf_score, 40.0
ratio, 0.484848484848
[[ 25.   8.   8.]
 [  9.   9.  15.]
 [  1.   8.  17.]]
cf_score, 42.0
ratio, 0.515151515152
[[ 13.   8.  11.]
 [  8.   8.  12.]
 [  2.  12.  26.]]
cf_score, 34.0
ratio, 0.474747474747
[[ 15.   6.   7.]
 [ 11.  14.  15.]
 [  2.   8.  22.]]
cf_score, 42.0
ratio, 0.515151515152
[[ 18.   6.   8.]
 [ 10.  11.  16.]
 [  3.  12.  16.]]
cf_score, 34.0
ratio, 0.454545454545
[[ 13.   9.   7.]
 [ 13.  14.  12.]
 [  4.   7.  21.]]
cf_score, 37.0
ratio, 0.484848484848
[[ 12.  11.  11.]
 [  9.   9.  12.]
 [  4.   9.  23.]]
cf_score, 29.0
ratio, 0.444444444444
[[ 14.  10.   8.]
 [ 15.  10.  10.]
 [  3.   2.  28.]]
cf_score, 41.0
ratio, 0.525252525253
[[ 22.   5.   8.]
 [  6.  12.  12.]
 [  3.  11.  21.]]
cf_score, 44.0
ratio, 0.555555555556
[[ 18.  15.   7.]
 [  8.  10.  11.]
 [  3.   7.  21.]]
cf_score, 39.0
ratio, 0.494949494949
[[ 15.   9.  10.]
 [  9.   8.  17.]
 [  2.  12.  18.]]
cf_score, 29.0
ratio, 0.414141414141
[[ 15.  11.   6.]
 [  9.  11.  12.]
 [  2.  11.  23.]]
cf_score, 41.0
ratio, 0.494949494949
[[ 25.   8.   7.]
 [  8.   8.  14.]
 [  3.   8.  19.]]
cf_score, 42.0
ratio, 0.525252525253
[[ 18.   5.  10.]
 [ 12.   7.  17.]
 [  2.   6.  23.]]
cf_score, 36.0
ratio, 0.484848484848
[[ 23.   6.  10.]
 [  9.   9.  16.]
 [  2.   4.  21.]]
cf_score, 41.0
ratio, 0.535353535354
[[ 15.  18.   8.]
 [  4.  11.  12.]
 [  1.  10.  21.]]
cf_score, 38.0
ratio, 0.474747474747
[[ 14.   9.   8.]
 [  9.   8.  11.]
 [  3.   9.  29.]]
cf_score, 40.0
ratio, 0.515151515152
[[ 18.   5.  13.]
 [ 11.   9.  10.]
 [  4.  12.  18.]]
cf_score, 28.0
ratio, 0.454545454545
[[ 22.   7.  10.]
 [ 10.   9.  12.]
 [  2.   7.  21.]]
cf_score, 40.0
ratio, 0.525252525253
[[ 22.   9.   5.]
 [ 17.  12.   3.]
 [  4.   3.  25.]]
cf_score, 50.0
ratio, 0.59595959596
[[ 19.   6.  10.]
 [  7.   8.  12.]
 [  2.   7.  29.]]
cf_score, 44.0
ratio, 0.565656565657
[[ 22.   6.  11.]
 [  9.  10.  16.]
 [  1.   8.  17.]]
cf_score, 37.0
ratio, 0.494949494949
[[ 16.  14.  11.]
 [  1.  10.  12.]
 [  0.  11.  25.]]
cf_score, 40.0
ratio, 0.515151515152
[[ 12.  10.   3.]
 [ 14.  14.  11.]
 [  2.   2.  32.]]
cf_score, 53.0
ratio, 0.585858585859
[[ 17.   7.  15.]
 [  9.   4.  15.]
 [  0.   7.  26.]]
cf_score, 32.0
ratio, 0.474747474747
[[ 18.  12.  10.]
 [ 10.   9.  12.]
 [  0.   6.  23.]]
cf_score, 40.0
ratio, 0.505050505051
[[ 15.  12.  11.]
 [  4.   9.  15.]
 [  2.  10.  22.]]
cf_score, 33.0
ratio, 0.464646464646
[[ 21.   4.  15.]
 [  9.  11.   9.]
 [  1.   9.  21.]]
cf_score, 37.0
ratio, 0.535353535354
[[ 26.   5.   8.]
 [  6.   8.  16.]
 [  3.   8.  20.]]
cf_score, 43.0
ratio, 0.545454545455
[[ 21.   9.   4.]
 [  4.   8.  16.]
 [  1.  13.  24.]]
cf_score, 48.0
ratio, 0.535353535354
[[ 21.   9.   7.]
 [  9.  11.  12.]
 [  6.   8.  17.]]
cf_score, 36.0
ratio, 0.494949494949
[[ 22.   8.   5.]
 [  8.  15.   9.]
 [  0.  12.  21.]]
cf_score, 53.0
ratio, 0.585858585859
[[ 20.  10.   5.]
 [ 13.   6.  14.]
 [  3.   8.  21.]]
cf_score, 39.0
ratio, 0.474747474747
[[ 30.   6.   8.]
 [  8.   7.   9.]
 [  1.  11.  20.]]
cf_score, 48.0
ratio, 0.575757575758
[[ 21.  11.  10.]
 [ 12.  13.  10.]
 [  2.   7.  14.]]
cf_score, 36.0
ratio, 0.484848484848
[[ 15.  10.  13.]
 [ 10.   7.   9.]
 [  1.   7.  28.]]
cf_score, 36.0
ratio, 0.505050505051
[[ 14.   8.  12.]
 [  6.  11.   7.]
 [  2.  12.  28.]]
cf_score, 39.0
ratio, 0.535353535354
[[ 19.  12.   4.]
 [ 13.   5.  14.]
 [  4.   9.  20.]]
cf_score, 36.0
ratio, 0.444444444444
[[ 15.   9.   6.]
 [ 13.  12.  10.]
 [  2.   6.  27.]]
cf_score, 46.0
ratio, 0.545454545455
[[ 15.  11.   8.]
 [ 10.  16.  13.]
 [  4.   7.  16.]]
cf_score, 35.0
ratio, 0.474747474747
[[ 19.   6.  10.]
 [ 12.   7.  17.]
 [  2.   8.  19.]]
cf_score, 33.0
ratio, 0.454545454545
[[ 14.  12.   6.]
 [  6.  17.  14.]
 [  3.   3.  25.]]
cf_score, 47.0
ratio, 0.565656565657
[[ 11.   7.   9.]
 [ 13.   6.  13.]
 [  2.   7.  32.]]
cf_score, 38.0
ratio, 0.494949494949
[[ 16.  10.  14.]
 [  7.   7.  14.]
 [  2.   6.  24.]]
cf_score, 31.0
ratio, 0.474747474747
[[ 10.   5.   8.]
 [ 12.  11.  19.]
 [  1.   5.  29.]]
cf_score, 41.0
ratio, 0.505050505051
[[  9.  15.   9.]
 [  8.   9.  13.]
 [  0.   7.  30.]]
cf_score, 39.0
ratio, 0.484848484848
[[ 16.   6.  10.]
 [ 10.   9.  10.]
 [  4.   3.  32.]]
cf_score, 43.0
ratio, 0.575757575758
[[ 16.   7.   9.]
 [  8.   7.  13.]
 [  4.   9.  27.]]
cf_score, 37.0
ratio, 0.505050505051
[[ 17.   5.  12.]
 [ 17.   5.  11.]
 [  2.   6.  25.]]
cf_score, 33.0
ratio, 0.474747474747
[[ 14.  11.   5.]
 [  9.  10.  14.]
 [  3.  14.  20.]]
cf_score, 36.0
ratio, 0.444444444444
[[ 23.   3.   7.]
 [ 11.  11.   8.]
 [  3.   9.  25.]]
cf_score, 49.0
ratio, 0.59595959596
