[[  4.  29.   0.]
 [  3.  36.   0.]
 [  3.  25.   0.]]
cf_score, 37.0
nv_score, 0.0
ratio, 0.40404040404
[[  1.  20.  13.]
 [  2.  20.  11.]
 [  2.  17.  14.]]
cf_score, 20.0
nv_score, -23.0
ratio, 0.353535353535
[[  1.  11.  20.]
 [  1.  11.  18.]
 [  2.  20.  16.]]
cf_score, 6.0
nv_score, -42.0
ratio, 0.282828282828
[[  1.  14.  16.]
 [  0.  18.  14.]
 [  3.  14.  20.]]
cf_score, 20.0
nv_score, -26.0
ratio, 0.393939393939
[[  1.  15.  19.]
 [  0.  16.  16.]
 [  2.  16.  15.]]
cf_score, 11.0
nv_score, -39.0
ratio, 0.323232323232
[[  1.  15.  15.]
 [  0.  20.  15.]
 [  0.  19.  15.]]
cf_score, 21.0
nv_score, -30.0
ratio, 0.363636363636
[[  3.  15.  16.]
 [  2.  29.  10.]
 [  1.  10.  14.]]
cf_score, 29.0
nv_score, -28.0
ratio, 0.464646464646
[[  2.  17.  15.]
 [  0.  20.   9.]
 [  0.  21.  16.]]
cf_score, 23.0
nv_score, -23.0
ratio, 0.383838383838
[[  1.  19.  19.]
 [  1.  18.  11.]
 [  0.   8.  23.]]
cf_score, 23.0
nv_score, -26.0
ratio, 0.424242424242
[[  1.  12.  20.]
 [  1.  15.  10.]
 [  0.  19.  22.]]
cf_score, 18.0
nv_score, -28.0
ratio, 0.383838383838
[[  0.   9.  17.]
 [  0.  18.  19.]
 [  0.  20.  17.]]
cf_score, 18.0
nv_score, -36.0
ratio, 0.353535353535
[[  0.  10.  23.]
 [  1.  15.  10.]
 [  0.  21.  20.]]
cf_score, 12.0
nv_score, -36.0
ratio, 0.353535353535
[[  1.  10.  18.]
 [  1.  10.  22.]
 [  0.  21.  17.]]
cf_score, 10.0
nv_score, -41.0
ratio, 0.282828282828
[[  5.  10.  14.]
 [  1.  20.  13.]
 [  1.  15.  21.]]
cf_score, 31.0
nv_score, -20.0
ratio, 0.464646464646
[[  0.  18.  19.]
 [  0.  18.  12.]
 [  0.  12.  21.]]
cf_score, 20.0
nv_score, -29.0
ratio, 0.393939393939
[[  0.   8.  20.]
 [  0.  24.  21.]
 [  1.   8.  18.]]
cf_score, 21.0
nv_score, -43.0
ratio, 0.424242424242
[[  0.   8.  24.]
 [  0.  15.  14.]
 [  0.  13.  26.]]
cf_score, 17.0
nv_score, -36.0
ratio, 0.414141414141
[[  0.  11.  23.]
 [  0.  22.  11.]
 [  0.  16.  17.]]
cf_score, 16.0
nv_score, -40.0
ratio, 0.393939393939
[[  0.  12.  14.]
 [  0.   9.  19.]
 [  0.  21.  25.]]
cf_score, 20.0
nv_score, -22.0
ratio, 0.343434343434
[[  0.  11.  16.]
 [  0.  22.  15.]
 [  0.  14.  22.]]
cf_score, 28.0
nv_score, -25.0
ratio, 0.444444444444
[[  0.  20.  16.]
 [  0.  15.  10.]
 [  0.  16.  23.]]
cf_score, 22.0
nv_score, -19.0
ratio, 0.383838383838
[[  0.  13.  21.]
 [  0.  23.  12.]
 [  0.  13.  18.]]
cf_score, 20.0
nv_score, -36.0
ratio, 0.414141414141
[[  0.  10.  24.]
 [  0.  22.   8.]
 [  0.  17.  19.]]
cf_score, 17.0
nv_score, -37.0
ratio, 0.414141414141
[[  0.  15.  23.]
 [  0.  18.  16.]
 [  0.  14.  14.]]
cf_score, 9.0
nv_score, -48.0
ratio, 0.323232323232
[[  0.  12.  22.]
 [  0.  20.   6.]
 [  0.  24.  16.]]
cf_score, 14.0
nv_score, -34.0
ratio, 0.363636363636
[[  0.  19.  16.]
 [  0.  17.  18.]
 [  0.  16.  14.]]
cf_score, 15.0
nv_score, -36.0
ratio, 0.313131313131
[[  0.  10.  15.]
 [  0.  20.  27.]
 [  0.  14.  14.]]
cf_score, 19.0
nv_score, -43.0
ratio, 0.343434343434
[[  0.   7.  23.]
 [  0.  16.  15.]
 [  0.  15.  24.]]
cf_score, 17.0
nv_score, -37.0
ratio, 0.40404040404
[[ 12.  14.   5.]
 [  5.  20.   2.]
 [ 19.  21.   2.]]
cf_score, 10.0
nv_score, -10.0
ratio, 0.343434343434
[[ 16.  12.   5.]
 [  9.  20.   1.]
 [ 15.  14.   8.]]
cf_score, 24.0
nv_score, -3.0
ratio, 0.444444444444
[[ 18.  12.   2.]
 [ 10.  22.   2.]
 [ 20.  10.   4.]]
cf_score, 22.0
nv_score, -2.0
ratio, 0.444444444444
[[  0.  11.  22.]
 [  0.  20.  10.]
 [  0.  23.  14.]]
cf_score, 12.0
nv_score, -40.0
ratio, 0.343434343434
[[  0.  11.  13.]
 [  0.  23.  11.]
 [  0.  20.  22.]]
cf_score, 32.0
nv_score, -15.0
ratio, 0.454545454545
[[ 18.  10.   0.]
 [ 15.  20.   0.]
 [ 27.  10.   0.]]
cf_score, 11.0
nv_score, 0.0
ratio, 0.383838383838
[[  6.  10.  18.]
 [  2.  15.  18.]
 [  0.  14.  17.]]
cf_score, 20.0
nv_score, -37.0
ratio, 0.383838383838
[[  6.   9.  16.]
 [  0.  18.   8.]
 [  7.  14.  22.]]
cf_score, 23.0
nv_score, -18.0
ratio, 0.464646464646
[[  6.  14.  13.]
 [  5.   9.  11.]
 [  4.  22.  16.]]
cf_score, 14.0
nv_score, -21.0
ratio, 0.313131313131
[[  5.  14.  22.]
 [  1.  19.   9.]
 [  2.  12.  16.]]
cf_score, 16.0
nv_score, -37.0
ratio, 0.40404040404
[[  1.  10.  19.]
 [  1.  20.  12.]
 [  5.  16.  16.]]
cf_score, 13.0
nv_score, -34.0
ratio, 0.373737373737
[[  1.  16.  13.]
 [  6.  19.  14.]
 [  3.  16.  12.]]
cf_score, 16.0
nv_score, -28.0
ratio, 0.323232323232
[[  4.  11.  20.]
 [  5.  12.  14.]
 [  0.  13.  21.]]
cf_score, 17.0
nv_score, -33.0
ratio, 0.373737373737
[[  2.  10.  10.]
 [  2.  26.   8.]
 [  5.  24.  13.]]
cf_score, 26.0
nv_score, -15.0
ratio, 0.414141414141
[[  6.   6.  14.]
 [  1.  22.  10.]
 [  7.  23.  11.]]
cf_score, 18.0
nv_score, -27.0
ratio, 0.393939393939
[[  8.   8.  17.]
 [  5.  13.  10.]
 [  4.  17.  18.]]
cf_score, 18.0
nv_score, -26.0
ratio, 0.393939393939
[[  2.   8.  22.]
 [  2.  16.  11.]
 [  4.  14.  21.]]
cf_score, 13.0
nv_score, -34.0
ratio, 0.393939393939
[[  2.  13.  15.]
 [  0.  20.  15.]
 [  3.  14.  18.]]
cf_score, 22.0
nv_score, -27.0
ratio, 0.40404040404
[[  4.  19.  15.]
 [  1.  19.  14.]
 [  5.   9.  14.]]
cf_score, 17.0
nv_score, -30.0
ratio, 0.373737373737
[[  3.  18.  10.]
 [  6.  14.  12.]
 [  6.  14.  17.]]
cf_score, 18.0
nv_score, -15.0
ratio, 0.343434343434
[[  2.   8.  14.]
 [  4.  19.  12.]
 [  0.  20.  21.]]
cf_score, 28.0
nv_score, -19.0
ratio, 0.424242424242
[[  6.   7.  13.]
 [  4.  23.  11.]
 [  3.  17.  16.]]
cf_score, 29.0
nv_score, -21.0
ratio, 0.454545454545
