[[  0.   0.  41.]
 [  0.   0.  39.]
 [  0.   0.  20.]]
cf_score, -21.0
ratio, 0.20202020202
[[  0.  24.  10.]
 [  2.  22.  13.]
 [  0.  23.   6.]]
cf_score, 18.0
ratio, 0.282828282828
[[ 28.   0.  10.]
 [ 29.   0.  10.]
 [ 15.   0.   8.]]
cf_score, 11.0
ratio, 0.363636363636
[[ 33.   1.   6.]
 [ 23.   1.   8.]
 [ 19.   0.   9.]]
cf_score, 18.0
ratio, 0.434343434343
[[ 34.   1.  10.]
 [ 25.   3.   3.]
 [ 20.   0.   4.]]
cf_score, 11.0
ratio, 0.414141414141
[[ 35.   2.   7.]
 [ 31.   1.   7.]
 [  9.   0.   8.]]
cf_score, 28.0
ratio, 0.444444444444
[[ 30.   0.   4.]
 [ 30.   1.   6.]
 [ 16.   1.  12.]]
cf_score, 23.0
ratio, 0.434343434343
[[ 39.   3.   8.]
 [ 19.   1.  11.]
 [ 11.   1.   7.]]
cf_score, 28.0
ratio, 0.474747474747
[[ 28.   0.  11.]
 [ 21.   1.  11.]
 [ 22.   0.   6.]]
cf_score, 2.0
ratio, 0.353535353535
[[ 28.   1.   8.]
 [ 24.   2.  14.]
 [ 19.   0.   4.]]
cf_score, 7.0
ratio, 0.343434343434
[[ 34.   3.   6.]
 [ 23.   3.  12.]
 [  8.   2.   9.]]
cf_score, 32.0
ratio, 0.464646464646
[[ 30.   1.   9.]
 [ 20.   3.   7.]
 [ 21.   2.   7.]]
cf_score, 10.0
ratio, 0.40404040404
[[ 29.   2.   5.]
 [ 17.   3.   9.]
 [ 21.   4.  10.]]
cf_score, 16.0
ratio, 0.424242424242
[[ 22.   2.   9.]
 [ 27.   3.   6.]
 [ 17.   0.  14.]]
cf_score, 13.0
ratio, 0.393939393939
[[ 35.   3.   9.]
 [ 16.   1.   9.]
 [ 19.   0.   8.]]
cf_score, 16.0
ratio, 0.444444444444
[[ 30.   0.  12.]
 [ 20.   0.  13.]
 [ 14.   0.  11.]]
cf_score, 15.0
ratio, 0.414141414141
[[ 27.   1.  17.]
 [ 24.   1.   9.]
 [ 11.   0.  10.]]
cf_score, 10.0
ratio, 0.383838383838
[[ 32.   3.   7.]
 [  9.   4.  13.]
 [ 25.   0.   7.]]
cf_score, 11.0
ratio, 0.434343434343
[[ 26.   0.   9.]
 [ 24.   5.  10.]
 [ 13.   1.  12.]]
cf_score, 21.0
ratio, 0.434343434343
[[ 32.   2.   5.]
 [ 22.   1.  16.]
 [ 11.   1.  10.]]
cf_score, 27.0
ratio, 0.434343434343
[[ 28.   0.  11.]
 [ 30.   7.   8.]
 [  8.   0.   8.]]
cf_score, 24.0
ratio, 0.434343434343
[[ 19.   2.   9.]
 [ 30.   1.  15.]
 [ 20.   0.   4.]]
cf_score, -5.0
ratio, 0.242424242424
[[ 38.   1.  10.]
 [ 18.   2.  11.]
 [ 11.   1.   8.]]
cf_score, 27.0
ratio, 0.484848484848
[[ 29.   2.   8.]
 [ 23.   1.  13.]
 [ 19.   0.   5.]]
cf_score, 8.0
ratio, 0.353535353535
[[ 28.   0.   9.]
 [ 22.   1.  13.]
 [ 15.   0.  12.]]
cf_score, 17.0
ratio, 0.414141414141
[[ 26.   1.   8.]
 [ 31.   3.   7.]
 [ 14.   1.   9.]]
cf_score, 16.0
ratio, 0.383838383838
[[ 33.   3.   4.]
 [ 29.   0.   6.]
 [ 16.   2.   7.]]
cf_score, 20.0
ratio, 0.40404040404
[[ 24.   4.   5.]
 [ 29.   6.   8.]
 [ 16.   1.   7.]]
cf_score, 16.0
ratio, 0.373737373737
[[ 22.   1.   7.]
 [ 25.   4.  12.]
 [ 16.   2.  11.]]
cf_score, 14.0
ratio, 0.373737373737
[[ 27.   0.  11.]
 [ 23.   3.   9.]
 [ 22.   0.   5.]]
cf_score, 2.0
ratio, 0.353535353535
[[ 30.   0.  12.]
 [ 16.   2.  17.]
 [ 12.   1.  10.]]
cf_score, 18.0
ratio, 0.424242424242
[[ 34.   3.   7.]
 [ 18.   4.   8.]
 [ 21.   1.   4.]]
cf_score, 14.0
ratio, 0.424242424242
[[ 26.   3.  10.]
 [ 22.   3.  11.]
 [ 15.   0.  10.]]
cf_score, 14.0
ratio, 0.393939393939
[[ 29.   5.   7.]
 [ 17.   3.   6.]
 [ 25.   0.   8.]]
cf_score, 8.0
ratio, 0.40404040404
[[ 27.   0.  10.]
 [ 17.   2.  13.]
 [ 18.   3.  10.]]
cf_score, 11.0
ratio, 0.393939393939
[[ 28.   3.  10.]
 [ 25.   4.   7.]
 [ 14.   0.   9.]]
cf_score, 17.0
ratio, 0.414141414141
[[ 21.   2.   6.]
 [ 33.   1.   7.]
 [ 17.   2.  11.]]
cf_score, 10.0
ratio, 0.333333333333
[[ 23.   0.  13.]
 [ 19.   6.   9.]
 [ 22.   1.   7.]]
cf_score, 1.0
ratio, 0.363636363636
[[ 27.   0.   7.]
 [ 24.   0.  16.]
 [ 14.   1.  11.]]
cf_score, 17.0
ratio, 0.383838383838
[[ 27.   1.   7.]
 [ 28.   4.   9.]
 [ 12.   0.  12.]]
cf_score, 24.0
ratio, 0.434343434343
[[ 30.   0.   8.]
 [ 22.   6.  12.]
 [ 15.   1.   6.]]
cf_score, 19.0
ratio, 0.424242424242
[[ 24.   4.   6.]
 [ 21.   5.  11.]
 [ 17.   0.  12.]]
cf_score, 18.0
ratio, 0.414141414141
[[ 29.   0.   7.]
 [ 27.   1.  11.]
 [ 17.   0.   8.]]
cf_score, 14.0
ratio, 0.383838383838
[[ 29.   1.   6.]
 [ 20.   3.  16.]
 [ 17.   2.   6.]]
cf_score, 15.0
ratio, 0.383838383838
[[ 27.   2.   7.]
 [ 25.   3.  10.]
 [ 17.   1.   8.]]
cf_score, 14.0
ratio, 0.383838383838
[[ 28.   0.  18.]
 [ 15.   3.   7.]
 [ 18.   1.  10.]]
cf_score, 5.0
ratio, 0.414141414141
[[ 39.   1.  11.]
 [ 23.   0.   3.]
 [ 18.   0.   5.]]
cf_score, 15.0
ratio, 0.444444444444
[[ 29.   2.  10.]
 [ 29.   2.  11.]
 [ 10.   0.   7.]]
cf_score, 18.0
ratio, 0.383838383838
[[ 25.   2.   7.]
 [ 29.   2.   4.]
 [ 29.   0.   2.]]
cf_score, -7.0
ratio, 0.292929292929
[[ 37.   1.   7.]
 [ 14.   1.  14.]
 [ 20.   0.   6.]]
cf_score, 17.0
ratio, 0.444444444444
[[ 30.   0.   9.]
 [ 23.   0.  11.]
 [ 18.   0.   9.]]
cf_score, 12.0
ratio, 0.393939393939
[[ 28.   4.  10.]
 [ 22.   3.  10.]
 [ 12.   1.  10.]]
cf_score, 19.0
ratio, 0.414141414141
[[ 30.   1.  12.]
 [ 16.   4.   5.]
 [ 21.   1.  10.]]
cf_score, 11.0
ratio, 0.444444444444
[[ 27.   4.   9.]
 [ 20.   4.   7.]
 [ 21.   0.   8.]]
cf_score, 9.0
ratio, 0.393939393939
[[ 35.   3.   6.]
 [ 26.   2.   6.]
 [ 13.   1.   8.]]
cf_score, 26.0
ratio, 0.454545454545
[[ 28.   1.  13.]
 [ 17.   2.   9.]
 [ 14.   1.  15.]]
cf_score, 18.0
ratio, 0.454545454545
[[ 28.   2.   8.]
 [ 28.   3.   8.]
 [ 18.   1.   4.]]
cf_score, 9.0
ratio, 0.353535353535
[[ 24.   5.   6.]
 [ 28.   3.  10.]
 [ 14.   0.  10.]]
cf_score, 17.0
ratio, 0.373737373737
[[ 26.   4.   7.]
 [ 21.   0.  11.]
 [ 15.   2.  14.]]
cf_score, 18.0
ratio, 0.40404040404
[[ 27.   1.   9.]
 [ 22.   3.  15.]
 [ 15.   2.   6.]]
cf_score, 12.0
ratio, 0.363636363636
[[ 29.   6.   5.]
 [ 23.   3.  11.]
 [  9.   2.  12.]]
cf_score, 30.0
ratio, 0.444444444444
[[ 35.   1.   6.]
 [ 20.   1.  11.]
 [ 20.   2.   4.]]
cf_score, 14.0
ratio, 0.40404040404
[[ 24.   1.   8.]
 [ 19.   2.   8.]
 [ 26.   1.  11.]]
cf_score, 3.0
ratio, 0.373737373737
[[ 32.   3.  13.]
 [ 24.   0.   4.]
 [ 14.   0.  10.]]
cf_score, 15.0
ratio, 0.424242424242
[[ 27.   3.   8.]
 [ 17.   4.  11.]
 [ 22.   1.   7.]]
cf_score, 8.0
ratio, 0.383838383838
[[ 23.   1.   8.]
 [ 26.   1.  13.]
 [ 12.   1.  15.]]
cf_score, 19.0
ratio, 0.393939393939
[[ 22.   6.  11.]
 [ 15.   3.  13.]
 [ 19.   1.  10.]]
cf_score, 5.0
ratio, 0.353535353535
[[ 23.   2.   7.]
 [ 23.   2.  10.]
 [ 20.   1.  12.]]
cf_score, 10.0
ratio, 0.373737373737
[[ 34.   2.   3.]
 [ 21.   2.   7.]
 [ 19.   0.  12.]]
cf_score, 26.0
ratio, 0.484848484848
[[ 32.   4.  13.]
 [ 18.   1.   8.]
 [ 12.   1.  11.]]
cf_score, 19.0
ratio, 0.444444444444
[[ 22.   1.   9.]
 [ 29.   1.  14.]
 [ 12.   1.  11.]]
cf_score, 13.0
ratio, 0.343434343434
[[ 37.   3.   4.]
 [ 16.   2.  13.]
 [ 14.   2.   9.]]
cf_score, 30.0
ratio, 0.484848484848
[[ 26.   1.  17.]
 [ 17.   3.   8.]
 [ 15.   0.  13.]]
cf_score, 10.0
ratio, 0.424242424242
[[ 27.   2.  13.]
 [ 19.   2.   8.]
 [ 16.   1.  12.]]
cf_score, 12.0
ratio, 0.414141414141
[[ 32.   1.  10.]
 [ 24.   0.  10.]
 [ 13.   0.  10.]]
cf_score, 19.0
ratio, 0.424242424242
[[ 27.   0.   5.]
 [ 29.   2.  13.]
 [ 15.   1.   8.]]
cf_score, 17.0
ratio, 0.373737373737
[[ 31.   2.   8.]
 [ 13.   2.  10.]
 [ 21.   0.  13.]]
cf_score, 17.0
ratio, 0.464646464646
[[ 27.   4.   7.]
 [ 26.   2.   9.]
 [ 19.   0.   6.]]
cf_score, 9.0
ratio, 0.353535353535
[[ 27.   1.   6.]
 [ 26.   1.   9.]
 [ 17.   1.  12.]]
cf_score, 17.0
ratio, 0.40404040404
[[ 26.   4.   5.]
 [ 29.   5.   1.]
 [ 18.   1.  11.]]
cf_score, 19.0
ratio, 0.424242424242
[[ 22.   5.   5.]
 [ 23.   4.  17.]
 [ 15.   1.   8.]]
cf_score, 14.0
ratio, 0.343434343434
[[ 29.   1.   8.]
 [ 23.   1.  11.]
 [ 19.   2.   6.]]
cf_score, 9.0
ratio, 0.363636363636
[[ 32.   3.  13.]
 [ 19.   3.   9.]
 [ 12.   3.   6.]]
cf_score, 16.0
ratio, 0.414141414141
[[ 30.   0.  10.]
 [ 20.   0.  12.]
 [ 13.   1.  14.]]
cf_score, 21.0
ratio, 0.444444444444
[[ 34.   1.   7.]
 [ 27.   2.  11.]
 [  5.   3.  10.]]
cf_score, 34.0
ratio, 0.464646464646
[[ 34.   3.   8.]
 [ 20.   0.  10.]
 [ 18.   2.   5.]]
cf_score, 13.0
ratio, 0.393939393939
[[ 33.   5.   9.]
 [ 20.   2.   9.]
 [ 16.   1.   5.]]
cf_score, 15.0
ratio, 0.40404040404
[[ 27.   1.  11.]
 [ 22.   5.   8.]
 [ 20.   0.   6.]]
cf_score, 7.0
ratio, 0.383838383838
[[ 21.   8.   7.]
 [ 27.   1.  12.]
 [ 14.   1.   9.]]
cf_score, 10.0
ratio, 0.313131313131
[[ 29.   1.  11.]
 [ 23.   2.  15.]
 [ 11.   1.   7.]]
cf_score, 16.0
ratio, 0.383838383838
[[ 28.   1.   5.]
 [ 30.   4.  10.]
 [ 14.   3.   5.]]
cf_score, 18.0
ratio, 0.373737373737
[[ 28.   1.   7.]
 [ 25.   3.   9.]
 [ 16.   1.  10.]]
cf_score, 18.0
ratio, 0.414141414141
[[ 22.   1.   8.]
 [ 28.   1.   7.]
 [ 21.   1.  11.]]
cf_score, 5.0
ratio, 0.343434343434
[[ 12.   6.  10.]
 [ 29.   1.  10.]
 [ 15.   3.  14.]]
cf_score, 2.0
ratio, 0.272727272727
[[ 25.   3.   5.]
 [ 20.   1.  14.]
 [ 22.   2.   8.]]
cf_score, 7.0
ratio, 0.343434343434
[[ 32.   5.   8.]
 [ 13.   4.  13.]
 [ 15.   1.   9.]]
cf_score, 22.0
ratio, 0.454545454545
[[ 23.   6.   7.]
 [ 22.   3.  10.]
 [ 17.   0.  12.]]
cf_score, 14.0
ratio, 0.383838383838
[[ 20.   3.   7.]
 [ 24.   1.  10.]
 [ 20.   2.  13.]]
cf_score, 7.0
ratio, 0.343434343434
[[ 32.   4.   9.]
 [ 17.   0.   7.]
 [ 21.   0.  10.]]
cf_score, 12.0
ratio, 0.424242424242
[[ 23.   2.   8.]
 [ 25.   2.  15.]
 [ 10.   4.  11.]]
cf_score, 18.0
ratio, 0.363636363636
