[[  0.  27.   2.]
 [  0.  34.   7.]
 [  0.  23.   7.]]
cf_score, 39.0
nv_score, -4.0
ratio, 0.414141414141
[[  0.  20.   5.]
 [  0.  37.   4.]
 [  1.  25.   8.]]
cf_score, 39.0
nv_score, -6.0
ratio, 0.454545454545
[[  0.  27.   3.]
 [  0.  30.   3.]
 [  0.  26.  11.]]
cf_score, 38.0
nv_score, 2.0
ratio, 0.414141414141
[[  0.  25.   3.]
 [  0.  40.   4.]
 [  0.  21.   7.]]
cf_score, 44.0
nv_score, -3.0
ratio, 0.474747474747
[[  0.  27.   8.]
 [  0.  37.   0.]
 [  0.  23.   5.]]
cf_score, 34.0
nv_score, -11.0
ratio, 0.424242424242
[[  0.  30.   1.]
 [  0.  32.   3.]
 [  0.  27.   7.]]
cf_score, 38.0
nv_score, 2.0
ratio, 0.393939393939
[[  0.  19.   7.]
 [  0.  25.   5.]
 [  2.  18.  24.]]
cf_score, 40.0
nv_score, 5.0
ratio, 0.494949494949
[[  8.  23.  10.]
 [  3.  23.   9.]
 [  2.   6.  16.]]
cf_score, 35.0
nv_score, -13.0
ratio, 0.474747474747
[[  3.  12.  11.]
 [  3.  20.  19.]
 [  2.   9.  21.]]
cf_score, 31.0
nv_score, -20.0
ratio, 0.444444444444
[[  3.  14.  16.]
 [  5.  26.  13.]
 [  2.   7.  14.]]
cf_score, 25.0
nv_score, -31.0
ratio, 0.434343434343
[[ 16.  10.   5.]
 [  8.   9.  20.]
 [  6.   8.  18.]]
cf_score, 32.0
nv_score, -12.0
ratio, 0.434343434343
[[ 11.   5.  15.]
 [ 16.  11.   9.]
 [  5.  12.  16.]]
cf_score, 18.0
nv_score, -23.0
ratio, 0.383838383838
[[  6.  15.  11.]
 [ 12.  12.   9.]
 [  6.   7.  22.]]
cf_score, 23.0
nv_score, -9.0
ratio, 0.40404040404
[[  6.  13.  11.]
 [  9.   4.  17.]
 [  4.  12.  24.]]
cf_score, 19.0
nv_score, -15.0
ratio, 0.343434343434
[[ 10.   7.  15.]
 [  4.  11.  17.]
 [  4.   8.  24.]]
cf_score, 26.0
nv_score, -23.0
ratio, 0.454545454545
[[  4.  12.  15.]
 [  5.  10.  21.]
 [  7.   9.  17.]]
cf_score, 9.0
nv_score, -34.0
ratio, 0.313131313131
[[  8.  15.  15.]
 [ 12.  11.  14.]
 [  1.   7.  17.]]
cf_score, 20.0
nv_score, -27.0
ratio, 0.363636363636
[[  4.  18.  13.]
 [  7.  14.  12.]
 [  3.   6.  23.]]
cf_score, 25.0
nv_score, -15.0
ratio, 0.414141414141
[[ 11.   7.  15.]
 [  5.  21.  13.]
 [  1.   3.  24.]]
cf_score, 40.0
nv_score, -19.0
ratio, 0.565656565657
[[  6.  17.  10.]
 [  8.  21.  14.]
 [  0.  10.  14.]]
cf_score, 31.0
nv_score, -20.0
ratio, 0.414141414141
[[  7.  10.  11.]
 [ 14.  14.  11.]
 [  3.  11.  19.]]
cf_score, 26.0
nv_score, -14.0
ratio, 0.40404040404
[[  8.  12.  14.]
 [  4.  18.  12.]
 [  1.   7.  24.]]
cf_score, 35.0
nv_score, -16.0
ratio, 0.505050505051
[[  9.   8.   8.]
 [  7.  21.  12.]
 [  2.  14.  19.]]
cf_score, 39.0
nv_score, -9.0
ratio, 0.494949494949
[[  7.  14.   9.]
 [ 15.  17.  19.]
 [  1.   8.  10.]]
cf_score, 24.0
nv_score, -27.0
ratio, 0.343434343434
[[  7.  17.  12.]
 [  9.  12.  15.]
 [  3.  13.  12.]]
cf_score, 16.0
nv_score, -27.0
ratio, 0.313131313131
[[ 10.  10.  10.]
 [ 11.  16.  12.]
 [  0.  14.  17.]]
cf_score, 33.0
nv_score, -15.0
ratio, 0.434343434343
[[  9.  13.  12.]
 [ 10.  19.   9.]
 [  2.   9.  17.]]
cf_score, 31.0
nv_score, -16.0
ratio, 0.454545454545
[[  5.  12.  13.]
 [  9.  12.  10.]
 [  5.  10.  24.]]
cf_score, 23.0
nv_score, -12.0
ratio, 0.414141414141
[[  9.  13.   7.]
 [  8.  11.  21.]
 [  3.  10.  18.]]
cf_score, 28.0
nv_score, -17.0
ratio, 0.383838383838
[[  6.  11.  10.]
 [  4.  11.  17.]
 [  5.  10.  26.]]
cf_score, 28.0
nv_score, -11.0
ratio, 0.434343434343
[[ 12.  15.  14.]
 [  6.  12.  11.]
 [  1.   5.  24.]]
cf_score, 33.0
nv_score, -15.0
ratio, 0.484848484848
[[  5.  11.   9.]
 [  5.  16.  18.]
 [  4.  16.  16.]]
cf_score, 24.0
nv_score, -20.0
ratio, 0.373737373737
[[  3.   6.  13.]
 [ 12.  17.  14.]
 [  2.  10.  23.]]
cf_score, 28.0
nv_score, -17.0
ratio, 0.434343434343
[[ 10.  17.  17.]
 [  9.   9.  11.]
 [  1.   8.  18.]]
cf_score, 19.0
nv_score, -27.0
ratio, 0.373737373737
[[  8.  17.   9.]
 [  9.  15.   8.]
 [  0.  12.  22.]]
cf_score, 36.0
nv_score, -4.0
ratio, 0.454545454545
[[  9.  18.  12.]
 [  2.  10.  20.]
 [  0.   7.  22.]]
cf_score, 29.0
nv_score, -22.0
ratio, 0.414141414141
[[  5.  18.  12.]
 [  7.  20.  15.]
 [  3.   6.  14.]]
cf_score, 24.0
nv_score, -25.0
ratio, 0.393939393939
[[  7.  19.   8.]
 [  5.  16.  15.]
 [  2.   7.  21.]]
cf_score, 34.0
nv_score, -10.0
ratio, 0.444444444444
[[  8.  20.  16.]
 [  2.  16.  11.]
 [  2.   6.  19.]]
cf_score, 25.0
nv_score, -24.0
ratio, 0.434343434343
[[  9.  15.  12.]
 [ 10.  12.  10.]
 [  2.  11.  19.]]
cf_score, 26.0
nv_score, -15.0
ratio, 0.40404040404
[[  8.  11.  13.]
 [ 11.  12.  17.]
 [  2.  13.  13.]]
cf_score, 18.0
nv_score, -30.0
ratio, 0.333333333333
[[  5.  25.   5.]
 [  4.  19.  17.]
 [  4.   7.  14.]]
cf_score, 29.0
nv_score, -13.0
ratio, 0.383838383838
[[  6.   9.  14.]
 [  3.  12.  16.]
 [  4.  11.  25.]]
cf_score, 25.0
nv_score, -19.0
ratio, 0.434343434343
[[  8.  13.  12.]
 [  6.  15.  18.]
 [  1.  13.  14.]]
cf_score, 24.0
nv_score, -28.0
ratio, 0.373737373737
[[ 12.  15.  14.]
 [  6.  13.  11.]
 [  1.  10.  18.]]
cf_score, 28.0
nv_score, -21.0
ratio, 0.434343434343
[[ 10.  14.  13.]
 [  8.  10.  12.]
 [  1.  11.  21.]]
cf_score, 27.0
nv_score, -17.0
ratio, 0.414141414141
[[ 10.  12.   8.]
 [ 11.  14.  12.]
 [  0.  15.  18.]]
cf_score, 34.0
nv_score, -10.0
ratio, 0.424242424242
[[  7.  11.  18.]
 [  5.  18.  17.]
 [  2.   4.  18.]]
cf_score, 23.0
nv_score, -35.0
ratio, 0.434343434343
[[ 11.  12.   9.]
 [  9.  10.  13.]
 [  3.   9.  24.]]
cf_score, 33.0
nv_score, -7.0
ratio, 0.454545454545
[[  8.  13.  12.]
 [ 11.  14.  17.]
 [  2.   8.  15.]]
cf_score, 23.0
nv_score, -26.0
ratio, 0.373737373737
