[[ 19.   0.  14.]
 [ 21.   0.   7.]
 [  7.   0.  32.]]
cf_score, 30.0
nv_score, -3.0
ratio, 0.515151515152
[[ 20.   1.   9.]
 [ 19.   2.  14.]
 [  8.   2.  25.]]
cf_score, 30.0
nv_score, -7.0
ratio, 0.474747474747
[[ 21.   2.  18.]
 [ 13.   4.  11.]
 [  6.   5.  20.]]
cf_score, 21.0
nv_score, -27.0
ratio, 0.454545454545
[[ 22.   0.   9.]
 [ 26.   5.  10.]
 [  8.   2.  18.]]
cf_score, 28.0
nv_score, -10.0
ratio, 0.454545454545
[[ 26.   1.  17.]
 [ 17.   4.   8.]
 [  5.   5.  17.]]
cf_score, 25.0
nv_score, -25.0
ratio, 0.474747474747
[[ 22.   3.  12.]
 [ 15.  10.   9.]
 [  4.   6.  19.]]
cf_score, 35.0
nv_score, -14.0
ratio, 0.515151515152
[[ 30.   0.  12.]
 [ 22.   1.  10.]
 [  7.   1.  17.]]
cf_score, 29.0
nv_score, -17.0
ratio, 0.484848484848
[[ 25.   2.   7.]
 [ 27.   1.  10.]
 [  6.   2.  20.]]
cf_score, 33.0
nv_score, -4.0
ratio, 0.464646464646
[[ 25.   1.  10.]
 [ 25.   0.  11.]
 [  5.   7.  16.]]
cf_score, 26.0
nv_score, -15.0
ratio, 0.414141414141
[[ 25.   0.  10.]
 [ 25.   4.  12.]
 [  6.   2.  16.]]
cf_score, 29.0
nv_score, -16.0
ratio, 0.454545454545
[[ 22.   1.  14.]
 [ 18.   3.  11.]
 [  6.   4.  21.]]
cf_score, 26.0
nv_score, -18.0
ratio, 0.464646464646
[[ 26.   0.  14.]
 [ 14.   4.  10.]
 [  8.   4.  20.]]
cf_score, 28.0
nv_score, -18.0
ratio, 0.505050505051
[[ 27.   2.  12.]
 [ 17.   2.  13.]
 [  7.   4.  16.]]
cf_score, 26.0
nv_score, -21.0
ratio, 0.454545454545
[[ 28.   1.   8.]
 [ 19.   4.   7.]
 [ 11.   2.  20.]]
cf_score, 33.0
nv_score, -3.0
ratio, 0.525252525253
[[ 33.   0.  12.]
 [ 16.   3.   8.]
 [  9.   2.  17.]]
cf_score, 32.0
nv_score, -15.0
ratio, 0.535353535354
[[ 21.   3.  10.]
 [ 20.   5.  12.]
 [ 12.   2.  15.]]
cf_score, 19.0
nv_score, -17.0
ratio, 0.414141414141
[[ 29.   1.  10.]
 [ 13.   6.  12.]
 [  7.   1.  21.]]
cf_score, 39.0
nv_score, -11.0
ratio, 0.565656565657
[[ 18.   2.   6.]
 [ 27.   4.  13.]
 [  7.   6.  17.]]
cf_score, 26.0
nv_score, -8.0
ratio, 0.393939393939
[[ 16.   3.   7.]
 [ 32.   3.  11.]
 [  7.   2.  19.]]
cf_score, 24.0
nv_score, -6.0
ratio, 0.383838383838
[[ 30.   3.   6.]
 [ 22.   6.  12.]
 [  9.   6.   6.]]
cf_score, 27.0
nv_score, -18.0
ratio, 0.424242424242
[[ 22.   2.  11.]
 [ 22.   3.   9.]
 [  5.   5.  21.]]
cf_score, 30.0
nv_score, -10.0
ratio, 0.464646464646
[[ 22.   2.  10.]
 [ 25.   1.  12.]
 [ 12.   1.  15.]]
cf_score, 16.0
nv_score, -17.0
ratio, 0.383838383838
[[ 26.   0.   8.]
 [ 21.   3.  10.]
 [  9.   6.  17.]]
cf_score, 29.0
nv_score, -9.0
ratio, 0.464646464646
[[ 25.   1.  11.]
 [ 23.   2.  12.]
 [  4.   2.  20.]]
cf_score, 32.0
nv_score, -14.0
ratio, 0.474747474747
[[ 25.   3.   8.]
 [ 23.   4.   8.]
 [  4.   3.  22.]]
cf_score, 39.0
nv_score, -2.0
ratio, 0.515151515152
[[ 23.   0.  12.]
 [ 29.   2.  10.]
 [  3.   4.  17.]]
cf_score, 27.0
nv_score, -17.0
ratio, 0.424242424242
[[ 27.   2.   6.]
 [ 24.   4.  11.]
 [  9.   0.  17.]]
cf_score, 33.0
nv_score, -6.0
ratio, 0.484848484848
[[ 22.   2.  11.]
 [ 19.   2.  13.]
 [  7.   2.  22.]]
cf_score, 28.0
nv_score, -13.0
ratio, 0.464646464646
[[ 27.   1.   4.]
 [ 18.   5.  14.]
 [  6.   3.  22.]]
cf_score, 44.0
nv_score, 0.0
ratio, 0.545454545455
[[ 25.   0.  10.]
 [ 21.   2.  14.]
 [  5.   1.  22.]]
cf_score, 34.0
nv_score, -12.0
ratio, 0.494949494949
[[ 19.   5.   7.]
 [ 22.   1.  15.]
 [  8.   1.  22.]]
cf_score, 27.0
nv_score, -7.0
ratio, 0.424242424242
[[ 24.   0.  11.]
 [ 17.   0.  18.]
 [  7.   2.  21.]]
cf_score, 27.0
nv_score, -19.0
ratio, 0.454545454545
[[ 19.   2.  11.]
 [ 14.   2.  15.]
 [ 18.   5.  14.]]
cf_score, 6.0
nv_score, -23.0
ratio, 0.353535353535
[[ 23.   1.   9.]
 [ 23.   0.  14.]
 [ 12.   1.  17.]]
cf_score, 19.0
nv_score, -15.0
ratio, 0.40404040404
[[ 25.   0.   6.]
 [ 16.   5.  17.]
 [  9.   3.  19.]]
cf_score, 34.0
nv_score, -10.0
ratio, 0.494949494949
[[ 28.   4.   5.]
 [ 19.   2.  13.]
 [ 11.   4.  14.]]
cf_score, 28.0
nv_score, -9.0
ratio, 0.444444444444
[[ 22.   0.   7.]
 [ 25.   1.  13.]
 [  7.   6.  19.]]
cf_score, 28.0
nv_score, -8.0
ratio, 0.424242424242
[[ 25.   0.   7.]
 [ 23.   2.   7.]
 [ 11.   0.  25.]]
cf_score, 34.0
nv_score, 4.0
ratio, 0.525252525253
[[ 20.   1.  15.]
 [ 20.   1.  12.]
 [  3.   2.  26.]]
cf_score, 29.0
nv_score, -16.0
ratio, 0.474747474747
[[ 40.   1.   6.]
 [ 18.   2.  10.]
 [  4.   6.  13.]]
cf_score, 45.0
nv_score, -9.0
ratio, 0.555555555556
[[ 26.   1.  11.]
 [ 13.   4.  14.]
 [ 12.   1.  18.]]
cf_score, 25.0
nv_score, -18.0
ratio, 0.484848484848
[[ 23.   2.  16.]
 [ 21.   4.   5.]
 [  8.   5.  16.]]
cf_score, 19.0
nv_score, -21.0
ratio, 0.434343434343
[[ 19.   1.  16.]
 [ 18.   1.  10.]
 [  8.   2.  25.]]
cf_score, 21.0
nv_score, -17.0
ratio, 0.454545454545
[[ 21.   1.  15.]
 [ 22.   1.  11.]
 [  4.   3.  22.]]
cf_score, 25.0
nv_score, -19.0
ratio, 0.444444444444
[[ 25.   1.  11.]
 [ 22.   0.  11.]
 [  6.   5.  19.]]
cf_score, 27.0
nv_score, -14.0
ratio, 0.444444444444
[[ 21.   3.   7.]
 [ 25.   2.  12.]
 [  7.   2.  21.]]
cf_score, 30.0
nv_score, -5.0
ratio, 0.444444444444
[[ 31.   2.   6.]
 [ 27.   1.  12.]
 [  3.   4.  14.]]
cf_score, 37.0
nv_score, -10.0
ratio, 0.464646464646
[[ 22.   2.  14.]
 [ 22.   4.   8.]
 [  6.   1.  21.]]
cf_score, 27.0
nv_score, -15.0
ratio, 0.474747474747
[[ 24.   0.  12.]
 [ 23.   1.  14.]
 [  5.   5.  16.]]
cf_score, 24.0
nv_score, -22.0
ratio, 0.414141414141
[[ 26.   5.   4.]
 [ 30.   1.  13.]
 [  2.   2.  17.]]
cf_score, 38.0
nv_score, -4.0
ratio, 0.444444444444
