[[  0.   0.   0.]
 [  0.  70.   0.]
 [  0.  30.   0.]]
cf_score, 70.0
ratio, 0.707070707071
[[  0.   0.   0.]
 [  0.  61.   0.]
 [  0.  39.   0.]]
cf_score, 61.0
ratio, 0.616161616162
[[  0.   0.   0.]
 [  0.  36.  22.]
 [  0.  14.  28.]]
cf_score, 64.0
ratio, 0.646464646465
[[  0.   0.   0.]
 [  0.  46.  16.]
 [  0.  12.  26.]]
cf_score, 72.0
ratio, 0.727272727273
[[  0.   0.   0.]
 [  0.  44.  22.]
 [  0.   7.  27.]]
cf_score, 71.0
ratio, 0.717171717172
[[  0.   0.   0.]
 [  0.  45.  16.]
 [  0.  13.  26.]]
cf_score, 71.0
ratio, 0.717171717172
[[  0.   0.   0.]
 [  0.  43.  28.]
 [  0.   2.  27.]]
cf_score, 70.0
ratio, 0.707070707071
[[  0.   0.   0.]
 [  0.  42.  22.]
 [  0.   7.  29.]]
cf_score, 71.0
ratio, 0.717171717172
[[  0.   0.   0.]
 [  0.  46.  25.]
 [  0.   7.  22.]]
cf_score, 68.0
ratio, 0.686868686869
[[  0.   0.   0.]
 [  0.  44.  24.]
 [  0.   4.  28.]]
cf_score, 72.0
ratio, 0.727272727273
[[  0.   0.   0.]
 [  0.  51.  15.]
 [  0.   3.  31.]]
cf_score, 82.0
ratio, 0.828282828283
[[  0.   0.   0.]
 [  0.  49.  19.]
 [  0.   1.  31.]]
cf_score, 80.0
ratio, 0.808080808081
[[  0.   0.   0.]
 [  0.  44.  23.]
 [  0.   3.  30.]]
cf_score, 74.0
ratio, 0.747474747475
[[  0.   0.   0.]
 [  0.  42.  24.]
 [  0.   2.  32.]]
cf_score, 74.0
ratio, 0.747474747475
[[  0.   0.   0.]
 [  0.  45.  28.]
 [  0.   3.  24.]]
cf_score, 69.0
ratio, 0.69696969697
[[  0.   0.   0.]
 [  0.  48.  21.]
 [  0.   4.  27.]]
cf_score, 75.0
ratio, 0.757575757576
[[  0.   0.   0.]
 [  0.  50.  20.]
 [  0.   2.  28.]]
cf_score, 78.0
ratio, 0.787878787879
[[  0.   0.   0.]
 [  0.  44.  19.]
 [  0.   2.  35.]]
cf_score, 79.0
ratio, 0.79797979798
[[  0.   0.   0.]
 [  0.  43.  17.]
 [  0.   0.  40.]]
cf_score, 83.0
ratio, 0.838383838384
[[  0.   0.   0.]
 [  0.  38.  25.]
 [  0.   4.  33.]]
cf_score, 71.0
ratio, 0.717171717172
[[  0.   0.   0.]
 [  0.  42.  22.]
 [  0.   4.  32.]]
cf_score, 74.0
ratio, 0.747474747475
[[  0.   0.   0.]
 [  0.  44.  19.]
 [  0.   4.  33.]]
cf_score, 77.0
ratio, 0.777777777778
[[  0.   0.   0.]
 [  0.  42.  21.]
 [  0.   4.  33.]]
cf_score, 75.0
ratio, 0.757575757576
[[  0.   0.   0.]
 [  0.  46.  17.]
 [  0.   3.  34.]]
cf_score, 80.0
ratio, 0.808080808081
[[  0.   0.   0.]
 [  0.  43.  21.]
 [  0.   5.  31.]]
cf_score, 74.0
ratio, 0.747474747475
[[  0.   0.   0.]
 [  0.  46.  25.]
 [  0.   2.  27.]]
cf_score, 73.0
ratio, 0.737373737374
[[  0.   0.   0.]
 [  0.  42.  21.]
 [  0.   5.  32.]]
cf_score, 74.0
ratio, 0.747474747475
[[  0.   0.   0.]
 [  0.  40.  20.]
 [  0.   4.  36.]]
cf_score, 76.0
ratio, 0.767676767677
[[  0.   0.   0.]
 [  0.  53.  14.]
 [  0.   6.  27.]]
cf_score, 80.0
ratio, 0.808080808081
[[  0.   0.   0.]
 [  0.  46.  21.]
 [  0.   2.  31.]]
cf_score, 77.0
ratio, 0.777777777778
[[  0.   0.   0.]
 [  0.  44.  26.]
 [  0.   5.  25.]]
cf_score, 69.0
ratio, 0.69696969697
[[  0.   0.   0.]
 [  0.  38.  25.]
 [  0.   5.  32.]]
cf_score, 70.0
ratio, 0.707070707071
[[  0.   0.   0.]
 [  0.  46.  23.]
 [  0.   5.  26.]]
cf_score, 72.0
ratio, 0.727272727273
[[  0.   0.   0.]
 [  0.  42.  19.]
 [  0.   6.  33.]]
cf_score, 75.0
ratio, 0.757575757576
[[  0.   0.   0.]
 [  0.  44.  19.]
 [  0.   6.  31.]]
cf_score, 75.0
ratio, 0.757575757576
[[  0.   0.   0.]
 [  0.  51.  13.]
 [  0.   6.  30.]]
cf_score, 81.0
ratio, 0.818181818182
[[  0.   0.   0.]
 [  0.  40.  22.]
 [  0.   6.  32.]]
cf_score, 72.0
ratio, 0.727272727273
[[  0.   0.   0.]
 [  0.  47.  17.]
 [  0.   7.  29.]]
cf_score, 76.0
ratio, 0.767676767677
[[  0.   0.   0.]
 [  0.  40.  22.]
 [  0.   4.  34.]]
cf_score, 74.0
ratio, 0.747474747475
[[  0.   0.   0.]
 [  0.  47.  20.]
 [  0.   4.  29.]]
cf_score, 76.0
ratio, 0.767676767677
[[  0.   0.   0.]
 [  0.  44.  25.]
 [  0.   6.  25.]]
cf_score, 69.0
ratio, 0.69696969697
[[  0.   0.   0.]
 [  0.  41.  15.]
 [  0.   6.  38.]]
cf_score, 79.0
ratio, 0.79797979798
[[  0.   0.   0.]
 [  0.  40.  20.]
 [  0.   3.  37.]]
cf_score, 77.0
ratio, 0.777777777778
[[  0.   0.   0.]
 [  0.  44.  19.]
 [  0.   6.  31.]]
cf_score, 75.0
ratio, 0.757575757576
[[  0.   0.   0.]
 [  0.  47.  16.]
 [  0.   6.  31.]]
cf_score, 78.0
ratio, 0.787878787879
[[  0.   0.   0.]
 [  0.  37.  23.]
 [  0.   3.  37.]]
cf_score, 74.0
ratio, 0.747474747475
[[  0.   0.   0.]
 [  0.  49.  17.]
 [  0.   2.  32.]]
cf_score, 81.0
ratio, 0.818181818182
[[  0.   0.   0.]
 [  0.  49.  20.]
 [  0.   2.  29.]]
cf_score, 78.0
ratio, 0.787878787879
[[  0.   0.   0.]
 [  0.  49.  14.]
 [  0.   4.  33.]]
cf_score, 82.0
ratio, 0.828282828283
[[  0.   0.   0.]
 [  0.  45.  17.]
 [  0.   5.  33.]]
cf_score, 78.0
ratio, 0.787878787879
