Loading Model: level_list/m1_100/tick_list/ACFN/class/models/model.h5
history_filename: history_recent/ACFN/history.json
UberYesterday: 2017-07-24: OHLCV: 0.2400, 0.2600, 0.2300, 0.2400, 76622
Yesterday    : 2017-07-25: OHLCV: 0.2500, 0.2500, 0.2400, 0.2500, 18234
[u'0.2400', u'0.2600', u'0.2300', u'0.2400', u'76622']
[u'0.2500', u'0.2500', u'0.2400', u'0.2500', u'18234']
question_base :[0.24, 0.26, 0.23, 0.24, 0.25, 0.25, 0.24, 0.25]
0.225: [0.24, 0.26, 0.23, 0.24, 0.25, 0.25, 0.24, 0.25, 0.225]
[[ 0.06816195  0.179389    0.75244904]]
0.22625: [0.24, 0.26, 0.23, 0.24, 0.25, 0.25, 0.24, 0.25, 0.22625]
[[ 0.06997752  0.18124686  0.7487756 ]]
0.2275: [0.24, 0.26, 0.23, 0.24, 0.25, 0.25, 0.24, 0.25, 0.2275]
[[ 0.07188646  0.18312882  0.74498475]]
0.22875: [0.24, 0.26, 0.23, 0.24, 0.25, 0.25, 0.24, 0.25, 0.22875]
[[ 0.07389411  0.18503322  0.74107271]]
0.23: [0.24, 0.26, 0.23, 0.24, 0.25, 0.25, 0.24, 0.25, 0.23]
[[ 0.07600545  0.18695758  0.73703694]]
0.23125: [0.24, 0.26, 0.23, 0.24, 0.25, 0.25, 0.24, 0.25, 0.23125]
[[ 0.07822595  0.18889937  0.73287469]]
0.2325: [0.24, 0.26, 0.23, 0.24, 0.25, 0.25, 0.24, 0.25, 0.2325]
[[ 0.08056132  0.19085586  0.7285828 ]]
0.23375: [0.24, 0.26, 0.23, 0.24, 0.25, 0.25, 0.24, 0.25, 0.23375]
[[ 0.08301765  0.19282411  0.72415817]]
0.235: [0.24, 0.26, 0.23, 0.24, 0.25, 0.25, 0.24, 0.25, 0.23500000000000001]
[[ 0.08560091  0.1948006   0.71959853]]
0.23625: [0.24, 0.26, 0.23, 0.24, 0.25, 0.25, 0.24, 0.25, 0.23625000000000002]
[[ 0.08831716  0.19678146  0.71490133]]
0.2375: [0.24, 0.26, 0.23, 0.24, 0.25, 0.25, 0.24, 0.25, 0.23750000000000002]
[[ 0.09117322  0.19876295  0.71006387]]
0.23875: [0.24, 0.26, 0.23, 0.24, 0.25, 0.25, 0.24, 0.25, 0.23875000000000002]
[[ 0.0941755   0.20074055  0.70508397]]
0.24: [0.24, 0.26, 0.23, 0.24, 0.25, 0.25, 0.24, 0.25, 0.24000000000000002]
[[ 0.09733103  0.2027097   0.69995922]]
0.24125: [0.24, 0.26, 0.23, 0.24, 0.25, 0.25, 0.24, 0.25, 0.24125000000000002]
[[ 0.10064651  0.20466536  0.69468814]]
0.2425: [0.24, 0.26, 0.23, 0.24, 0.25, 0.25, 0.24, 0.25, 0.24250000000000002]
[[ 0.10412916  0.20660232  0.68926859]]
0.24375: [0.24, 0.26, 0.23, 0.24, 0.25, 0.25, 0.24, 0.25, 0.24375000000000002]
[[ 0.10778577  0.20851474  0.68369943]]
0.245: [0.24, 0.26, 0.23, 0.24, 0.25, 0.25, 0.24, 0.25, 0.24500000000000002]
[[ 0.11162372  0.21039693  0.67797941]]
0.24625: [0.24, 0.26, 0.23, 0.24, 0.25, 0.25, 0.24, 0.25, 0.24625000000000002]
[[ 0.11564982  0.21224253  0.67210764]]
0.2475: [0.24, 0.26, 0.23, 0.24, 0.25, 0.25, 0.24, 0.25, 0.24750000000000003]
[[ 0.11987122  0.21404517  0.66608363]]
0.24875: [0.24, 0.26, 0.23, 0.24, 0.25, 0.25, 0.24, 0.25, 0.24875000000000003]
[[ 0.12429433  0.21579793  0.65990776]]
0.25: [0.24, 0.26, 0.23, 0.24, 0.25, 0.25, 0.24, 0.25, 0.25]
[[ 0.12892585  0.21749392  0.65358025]]
0.25125: [0.24, 0.26, 0.23, 0.24, 0.25, 0.25, 0.24, 0.25, 0.25125]
[[ 0.13377279  0.21912639  0.64710081]]
0.2525: [0.24, 0.26, 0.23, 0.24, 0.25, 0.25, 0.24, 0.25, 0.25249999999999995]
[[ 0.1388403   0.22068775  0.64047194]]
0.25375: [0.24, 0.26, 0.23, 0.24, 0.25, 0.25, 0.24, 0.25, 0.2537499999999999]
[[ 0.14413406  0.22217081  0.63369513]]
0.255: [0.24, 0.26, 0.23, 0.24, 0.25, 0.25, 0.24, 0.25, 0.2549999999999999]
[[ 0.14965913  0.22356823  0.62677258]]
0.25625: [0.24, 0.26, 0.23, 0.24, 0.25, 0.25, 0.24, 0.25, 0.25624999999999987]
[[ 0.1554202   0.22487293  0.61970693]]
0.2575: [0.24, 0.26, 0.23, 0.24, 0.25, 0.25, 0.24, 0.25, 0.25749999999999984]
[[ 0.16142048  0.22607745  0.6125021 ]]
0.25875: [0.24, 0.26, 0.23, 0.24, 0.25, 0.25, 0.24, 0.25, 0.2587499999999998]
[[ 0.16766353  0.22717497  0.60516155]]
0.26: [0.24, 0.26, 0.23, 0.24, 0.25, 0.25, 0.24, 0.25, 0.2599999999999998]
[[ 0.17415033  0.22815846  0.59769118]]
0.26125: [0.24, 0.26, 0.23, 0.24, 0.25, 0.25, 0.24, 0.25, 0.26124999999999976]
[[ 0.18088265  0.2290217   0.5900957 ]]
0.2625: [0.24, 0.26, 0.23, 0.24, 0.25, 0.25, 0.24, 0.25, 0.26249999999999973]
[[ 0.18786044  0.22975846  0.58238107]]
0.26375: [0.24, 0.26, 0.23, 0.24, 0.25, 0.25, 0.24, 0.25, 0.2637499999999997]
[[ 0.19508237  0.23036318  0.57455444]]
0.265: [0.24, 0.26, 0.23, 0.24, 0.25, 0.25, 0.24, 0.25, 0.2649999999999997]
[[ 0.20254575  0.23083071  0.56662357]]
0.26625: [0.24, 0.26, 0.23, 0.24, 0.25, 0.25, 0.24, 0.25, 0.26624999999999965]
[[ 0.21024761  0.23115654  0.55859584]]
0.2675: [0.24, 0.26, 0.23, 0.24, 0.25, 0.25, 0.24, 0.25, 0.2674999999999996]
[[ 0.21818301  0.23133689  0.55048013]]
0.26875: [0.24, 0.26, 0.23, 0.24, 0.25, 0.25, 0.24, 0.25, 0.2687499999999996]
[[ 0.22634465  0.23136856  0.54228675]]
0.27: [0.24, 0.26, 0.23, 0.24, 0.25, 0.25, 0.24, 0.25, 0.2699999999999996]
[[ 0.23472582  0.23124927  0.53402489]]
0.27125: [0.24, 0.26, 0.23, 0.24, 0.25, 0.25, 0.24, 0.25, 0.27124999999999955]
[[ 0.24331741  0.23097748  0.5257051 ]]
0.2725: [0.24, 0.26, 0.23, 0.24, 0.25, 0.25, 0.24, 0.25, 0.2724999999999995]
[[ 0.25210813  0.23055252  0.51733935]]
0.27375: [0.24, 0.26, 0.23, 0.24, 0.25, 0.25, 0.24, 0.25, 0.2737499999999995]
[[ 0.26108733  0.22997461  0.50893813]]
0.275: [0.24, 0.26, 0.23, 0.24, 0.25, 0.25, 0.24, 0.25, 0.27499999999999947]
[[ 0.27024212  0.22924475  0.50051314]]
