Loading Model: level_list/m1_100/tick_list/AGM/class/models/model.h5
history_filename: history_recent/AGM/history.json
UberYesterday: 2017-07-24: OHLCV: 68.8500, 69.3200, 67.8600, 69.1000, 40799
Yesterday    : 2017-07-25: OHLCV: 69.6700, 71.3000, 69.3800, 70.7400, 77940
[u'68.8500', u'69.3200', u'67.8600', u'69.1000', u'40799']
[u'69.6700', u'71.3000', u'69.3800', u'70.7400', u'77940']
question_base :[68.85, 69.32, 67.86, 69.1, 69.67, 71.3, 69.38, 70.74]
63.666: [68.85, 69.32, 67.86, 69.1, 69.67, 71.3, 69.38, 70.74, 63.666]
[[ 0.20633142  0.18692677  0.60674185]]
64.0197: [68.85, 69.32, 67.86, 69.1, 69.67, 71.3, 69.38, 70.74, 64.0197]
[[ 0.20632783  0.18693206  0.60674012]]
64.3734: [68.85, 69.32, 67.86, 69.1, 69.67, 71.3, 69.38, 70.74, 64.3734]
[[ 0.2063228   0.18693963  0.60673749]]
64.7271: [68.85, 69.32, 67.86, 69.1, 69.67, 71.3, 69.38, 70.74, 64.72710000000001]
[[ 0.20631549  0.18695056  0.60673392]]
65.0808: [68.85, 69.32, 67.86, 69.1, 69.67, 71.3, 69.38, 70.74, 65.08080000000001]
[[ 0.20630491  0.1869664   0.60672873]]
65.4345: [68.85, 69.32, 67.86, 69.1, 69.67, 71.3, 69.38, 70.74, 65.43450000000001]
[[ 0.20628937  0.18698962  0.60672098]]
65.7882: [68.85, 69.32, 67.86, 69.1, 69.67, 71.3, 69.38, 70.74, 65.78820000000002]
[[ 0.20626631  0.18702415  0.60670954]]
66.1419: [68.85, 69.32, 67.86, 69.1, 69.67, 71.3, 69.38, 70.74, 66.14190000000002]
[[ 0.20623133  0.18707646  0.60669219]]
66.4956: [68.85, 69.32, 67.86, 69.1, 69.67, 71.3, 69.38, 70.74, 66.49560000000002]
[[ 0.20617703  0.18715784  0.60666513]]
66.8493: [68.85, 69.32, 67.86, 69.1, 69.67, 71.3, 69.38, 70.74, 66.84930000000003]
[[ 0.20608915  0.18728946  0.60662138]]
67.203: [68.85, 69.32, 67.86, 69.1, 69.67, 71.3, 69.38, 70.74, 67.20300000000003]
[[ 0.20593937  0.18751436  0.60654628]]
67.5567: [68.85, 69.32, 67.86, 69.1, 69.67, 71.3, 69.38, 70.74, 67.55670000000003]
[[ 0.20566292  0.18793035  0.60640675]]
67.9104: [68.85, 69.32, 67.86, 69.1, 69.67, 71.3, 69.38, 70.74, 67.91040000000004]
[[ 0.20508994  0.18879679  0.60611331]]
68.2641: [68.85, 69.32, 67.86, 69.1, 69.67, 71.3, 69.38, 70.74, 68.26410000000004]
[[ 0.2036725   0.19096577  0.60536164]]
68.6178: [68.85, 69.32, 67.86, 69.1, 69.67, 71.3, 69.38, 70.74, 68.61780000000005]
[[ 0.19906725  0.19828169  0.602651  ]]
68.9715: [68.85, 69.32, 67.86, 69.1, 69.67, 71.3, 69.38, 70.74, 68.97150000000005]
[[ 0.17935574  0.23639622  0.58424801]]
69.3252: [68.85, 69.32, 67.86, 69.1, 69.67, 71.3, 69.38, 70.74, 69.32520000000005]
[[ 0.28415522  0.31301713  0.40282762]]
69.6789: [68.85, 69.32, 67.86, 69.1, 69.67, 71.3, 69.38, 70.74, 69.67890000000006]
[[ 0.38137171  0.37277243  0.24585581]]
70.0326: [68.85, 69.32, 67.86, 69.1, 69.67, 71.3, 69.38, 70.74, 70.03260000000006]
[[ 0.33535939  0.41310576  0.25153482]]
70.3863: [68.85, 69.32, 67.86, 69.1, 69.67, 71.3, 69.38, 70.74, 70.38630000000006]
[[ 0.34956616  0.40365663  0.24677728]]
70.74: [68.85, 69.32, 67.86, 69.1, 69.67, 71.3, 69.38, 70.74, 70.74000000000007]
[[ 0.3813073   0.38130763  0.23738509]]
71.0937: [68.85, 69.32, 67.86, 69.1, 69.67, 71.3, 69.38, 70.74, 71.09370000000007]
[[ 0.43028843  0.34729159  0.22242004]]
71.4474: [68.85, 69.32, 67.86, 69.1, 69.67, 71.3, 69.38, 70.74, 71.44740000000007]
[[ 0.49590886  0.30277866  0.20131244]]
71.8011: [68.85, 69.32, 67.86, 69.1, 69.67, 71.3, 69.38, 70.74, 71.80110000000008]
[[ 0.57065088  0.25342897  0.17592013]]
72.1548: [68.85, 69.32, 67.86, 69.1, 69.67, 71.3, 69.38, 70.74, 72.15480000000008]
[[ 0.64218295  0.20744054  0.15037651]]
72.5085: [68.85, 69.32, 67.86, 69.1, 69.67, 71.3, 69.38, 70.74, 72.50850000000008]
[[ 0.70115662  0.17041038  0.12843302]]
72.8622: [68.85, 69.32, 67.86, 69.1, 69.67, 71.3, 69.38, 70.74, 72.86220000000009]
[[ 0.74509174  0.14335109  0.11155716]]
73.2159: [68.85, 69.32, 67.86, 69.1, 69.67, 71.3, 69.38, 70.74, 73.21590000000009]
[[ 0.77606994  0.12455557  0.09937452]]
73.5696: [68.85, 69.32, 67.86, 69.1, 69.67, 71.3, 69.38, 70.74, 73.5696000000001]
[[ 0.79741073  0.11175153  0.09083767]]
73.9233: [68.85, 69.32, 67.86, 69.1, 69.67, 71.3, 69.38, 70.74, 73.9233000000001]
[[ 0.81202334  0.1030558   0.08492083]]
74.277: [68.85, 69.32, 67.86, 69.1, 69.67, 71.3, 69.38, 70.74, 74.2770000000001]
[[ 0.82204843  0.09712515  0.0808265 ]]
74.6307: [68.85, 69.32, 67.86, 69.1, 69.67, 71.3, 69.38, 70.74, 74.6307000000001]
[[ 0.82895732  0.0930551   0.07798757]]
74.9844: [68.85, 69.32, 67.86, 69.1, 69.67, 71.3, 69.38, 70.74, 74.98440000000011]
[[ 0.83374172  0.09024505  0.07601322]]
75.3381: [68.85, 69.32, 67.86, 69.1, 69.67, 71.3, 69.38, 70.74, 75.33810000000011]
[[ 0.83706939  0.08829477  0.07463584]]
75.6918: [68.85, 69.32, 67.86, 69.1, 69.67, 71.3, 69.38, 70.74, 75.69180000000011]
[[ 0.83939165  0.08693573  0.07367257]]
76.0455: [68.85, 69.32, 67.86, 69.1, 69.67, 71.3, 69.38, 70.74, 76.04550000000012]
[[ 0.84101647  0.08598588  0.07299759]]
76.3992: [68.85, 69.32, 67.86, 69.1, 69.67, 71.3, 69.38, 70.74, 76.39920000000012]
[[ 0.8421554   0.08532062  0.07252399]]
76.7529: [68.85, 69.32, 67.86, 69.1, 69.67, 71.3, 69.38, 70.74, 76.75290000000012]
[[ 0.84295535  0.08485357  0.07219107]]
77.1066: [68.85, 69.32, 67.86, 69.1, 69.67, 71.3, 69.38, 70.74, 77.10660000000013]
[[ 0.84351718  0.08452565  0.07195713]]
77.4603: [68.85, 69.32, 67.86, 69.1, 69.67, 71.3, 69.38, 70.74, 77.46030000000013]
[[ 0.84391254  0.08429497  0.07179245]]
