Loading Model: level_list/m1_100/tick_list/ATW/class/models/model.h5
history_filename: history_recent/ATW/history.json
UberYesterday: 2017-07-24: OHLCV: 7.9300, 8.0400, 7.6900, 7.8100, 5246058
Yesterday    : 2017-07-25: OHLCV: 7.9600, 8.3650, 7.9300, 8.1800, 8784223
[u'7.9300', u'8.0400', u'7.6900', u'7.8100', u'5246058']
[u'7.9600', u'8.3650', u'7.9300', u'8.1800', u'8784223']
question_base :[7.93, 8.04, 7.69, 7.81, 7.96, 8.365, 7.93, 8.18]
7.362: [7.93, 8.04, 7.69, 7.81, 7.96, 8.365, 7.93, 8.18, 7.362]
[[ 0.05892288  0.12487931  0.81619787]]
7.4029: [7.93, 8.04, 7.69, 7.81, 7.96, 8.365, 7.93, 8.18, 7.4029]
[[ 0.05925849  0.12572053  0.81502104]]
7.4438: [7.93, 8.04, 7.69, 7.81, 7.96, 8.365, 7.93, 8.18, 7.4437999999999995]
[[ 0.05964556  0.12668158  0.81367284]]
7.4847: [7.93, 8.04, 7.69, 7.81, 7.96, 8.365, 7.93, 8.18, 7.484699999999999]
[[ 0.06009271  0.12778082  0.8121264 ]]
7.5256: [7.93, 8.04, 7.69, 7.81, 7.96, 8.365, 7.93, 8.18, 7.525599999999999]
[[ 0.06060975  0.12903915  0.81035113]]
7.5665: [7.93, 8.04, 7.69, 7.81, 7.96, 8.365, 7.93, 8.18, 7.566499999999999]
[[ 0.06120846  0.13048105  0.80831045]]
7.6074: [7.93, 8.04, 7.69, 7.81, 7.96, 8.365, 7.93, 8.18, 7.607399999999998]
[[ 0.06190268  0.13213499  0.80596232]]
7.6483: [7.93, 8.04, 7.69, 7.81, 7.96, 8.365, 7.93, 8.18, 7.648299999999998]
[[ 0.06270885  0.13403367  0.80325752]]
7.6892: [7.93, 8.04, 7.69, 7.81, 7.96, 8.365, 7.93, 8.18, 7.689199999999998]
[[ 0.0636466   0.13621539  0.80013806]]
7.7301: [7.93, 8.04, 7.69, 7.81, 7.96, 8.365, 7.93, 8.18, 7.7300999999999975]
[[ 0.06473932  0.13872407  0.79653668]]
7.771: [7.93, 8.04, 7.69, 7.81, 7.96, 8.365, 7.93, 8.18, 7.770999999999997]
[[ 0.06601498  0.14160986  0.79237515]]
7.8119: [7.93, 8.04, 7.69, 7.81, 7.96, 8.365, 7.93, 8.18, 7.811899999999997]
[[ 0.06750732  0.14492987  0.78756273]]
7.8528: [7.93, 8.04, 7.69, 7.81, 7.96, 8.365, 7.93, 8.18, 7.852799999999997]
[[ 0.06925701  0.14874798  0.78199506]]
7.8937: [7.93, 8.04, 7.69, 7.81, 7.96, 8.365, 7.93, 8.18, 7.893699999999996]
[[ 0.07131314  0.15313396  0.77555287]]
7.9346: [7.93, 8.04, 7.69, 7.81, 7.96, 8.365, 7.93, 8.18, 7.934599999999996]
[[ 0.07373543  0.15816167  0.76810294]]
7.9755: [7.93, 8.04, 7.69, 7.81, 7.96, 8.365, 7.93, 8.18, 7.975499999999996]
[[ 0.07659658  0.16390511  0.75949824]]
8.0164: [7.93, 8.04, 7.69, 7.81, 7.96, 8.365, 7.93, 8.18, 8.016399999999996]
[[ 0.07998557  0.17043148  0.74958301]]
8.0573: [7.93, 8.04, 7.69, 7.81, 7.96, 8.365, 7.93, 8.18, 8.057299999999996]
[[ 0.08401097  0.17778803  0.73820096]]
8.0982: [7.93, 8.04, 7.69, 7.81, 7.96, 8.365, 7.93, 8.18, 8.098199999999997]
[[ 0.08880699  0.18598568  0.72520733]]
8.1391: [7.93, 8.04, 7.69, 7.81, 7.96, 8.365, 7.93, 8.18, 8.139099999999997]
[[ 0.09453944  0.19497083  0.71048981]]
8.18: [7.93, 8.04, 7.69, 7.81, 7.96, 8.365, 7.93, 8.18, 8.179999999999998]
[[ 0.10141329  0.20458812  0.69399858]]
8.2209: [7.93, 8.04, 7.69, 7.81, 7.96, 8.365, 7.93, 8.18, 8.220899999999999]
[[ 0.10968471  0.21453853  0.67577672]]
8.2618: [7.93, 8.04, 7.69, 7.81, 7.96, 8.365, 7.93, 8.18, 8.2618]
[[ 0.11967195  0.22432983  0.65599823]]
8.3027: [7.93, 8.04, 7.69, 7.81, 7.96, 8.365, 7.93, 8.18, 8.3027]
[[ 0.13176842  0.23324375  0.63498783]]
8.3436: [7.93, 8.04, 7.69, 7.81, 7.96, 8.365, 7.93, 8.18, 8.3436]
[[ 0.14644751  0.24033485  0.61321765]]
8.3845: [7.93, 8.04, 7.69, 7.81, 7.96, 8.365, 7.93, 8.18, 8.384500000000001]
[[ 0.16425003  0.24449842  0.59125149]]
8.4254: [7.93, 8.04, 7.69, 7.81, 7.96, 8.365, 7.93, 8.18, 8.425400000000002]
[[ 0.18573155  0.24463154  0.56963688]]
8.4663: [7.93, 8.04, 7.69, 7.81, 7.96, 8.365, 7.93, 8.18, 8.466300000000002]
[[ 0.21133928  0.23989245  0.54876834]]
8.5072: [7.93, 8.04, 7.69, 7.81, 7.96, 8.365, 7.93, 8.18, 8.507200000000003]
[[ 0.24122491  0.23000979  0.52876532]]
8.5481: [7.93, 8.04, 7.69, 7.81, 7.96, 8.365, 7.93, 8.18, 8.548100000000003]
[[ 0.27502498  0.21551791  0.50945705]]
8.589: [7.93, 8.04, 7.69, 7.81, 7.96, 8.365, 7.93, 8.18, 8.589000000000004]
[[ 0.31173876  0.1977635   0.49049774]]
8.6299: [7.93, 8.04, 7.69, 7.81, 7.96, 8.365, 7.93, 8.18, 8.629900000000005]
[[ 0.349834    0.17859933  0.47156674]]
8.6708: [7.93, 8.04, 7.69, 7.81, 7.96, 8.365, 7.93, 8.18, 8.670800000000005]
[[ 0.38759759  0.15987794  0.45252442]]
8.7117: [7.93, 8.04, 7.69, 7.81, 7.96, 8.365, 7.93, 8.18, 8.711700000000006]
[[ 0.42357838  0.14299434  0.43342724]]
8.7526: [7.93, 8.04, 7.69, 7.81, 7.96, 8.365, 7.93, 8.18, 8.752600000000006]
[[ 0.45687112  0.1286924   0.41443649]]
8.7935: [7.93, 8.04, 7.69, 7.81, 7.96, 8.365, 7.93, 8.18, 8.793500000000007]
[[ 0.48715621  0.1171328   0.39571095]]
8.8344: [7.93, 8.04, 7.69, 7.81, 7.96, 8.365, 7.93, 8.18, 8.834400000000008]
[[ 0.51453495  0.10809948  0.37736562]]
8.8753: [7.93, 8.04, 7.69, 7.81, 7.96, 8.365, 7.93, 8.18, 8.875300000000008]
[[ 0.5393225   0.10119882  0.35947868]]
8.9162: [7.93, 8.04, 7.69, 7.81, 7.96, 8.365, 7.93, 8.18, 8.916200000000009]
[[ 0.56188124  0.09599815  0.34212065]]
8.9571: [7.93, 8.04, 7.69, 7.81, 7.96, 8.365, 7.93, 8.18, 8.95710000000001]
[[ 0.58252555  0.09209917  0.32537526]]
