Loading Model: level_list/m1_100/tick_list/INSY/class/models/model.h5
history_filename: history_recent/INSY/history.json
UberYesterday: 2017-07-24: OHLCV: 11.9900, 12.2000, 11.8400, 12.1900, 405130
Yesterday    : 2017-07-25: OHLCV: 12.3900, 12.4200, 11.8500, 11.8700, 699288
[u'11.9900', u'12.2000', u'11.8400', u'12.1900', u'405130']
[u'12.3900', u'12.4200', u'11.8500', u'11.8700', u'699288']
question_base :[11.99, 12.2, 11.84, 12.19, 12.39, 12.42, 11.85, 11.87]
10.683: [11.99, 12.2, 11.84, 12.19, 12.39, 12.42, 11.85, 11.87, 10.683]
[[ 0.33310685  0.40022629  0.26666686]]
10.74235: [11.99, 12.2, 11.84, 12.19, 12.39, 12.42, 11.85, 11.87, 10.74235]
[[ 0.33310685  0.40022629  0.26666686]]
10.8017: [11.99, 12.2, 11.84, 12.19, 12.39, 12.42, 11.85, 11.87, 10.8017]
[[ 0.33310685  0.40022629  0.26666686]]
10.86105: [11.99, 12.2, 11.84, 12.19, 12.39, 12.42, 11.85, 11.87, 10.86105]
[[ 0.33310685  0.40022629  0.26666686]]
10.9204: [11.99, 12.2, 11.84, 12.19, 12.39, 12.42, 11.85, 11.87, 10.9204]
[[ 0.33310685  0.40022629  0.26666686]]
10.97975: [11.99, 12.2, 11.84, 12.19, 12.39, 12.42, 11.85, 11.87, 10.979750000000001]
[[ 0.33310685  0.40022629  0.26666686]]
11.0391: [11.99, 12.2, 11.84, 12.19, 12.39, 12.42, 11.85, 11.87, 11.039100000000001]
[[ 0.33310685  0.40022629  0.26666686]]
11.09845: [11.99, 12.2, 11.84, 12.19, 12.39, 12.42, 11.85, 11.87, 11.098450000000001]
[[ 0.33310685  0.40022629  0.26666686]]
11.1578: [11.99, 12.2, 11.84, 12.19, 12.39, 12.42, 11.85, 11.87, 11.157800000000002]
[[ 0.33310685  0.40022629  0.26666686]]
11.21715: [11.99, 12.2, 11.84, 12.19, 12.39, 12.42, 11.85, 11.87, 11.217150000000002]
[[ 0.33310685  0.40022629  0.26666686]]
11.2765: [11.99, 12.2, 11.84, 12.19, 12.39, 12.42, 11.85, 11.87, 11.276500000000002]
[[ 0.33310685  0.40022629  0.26666686]]
11.33585: [11.99, 12.2, 11.84, 12.19, 12.39, 12.42, 11.85, 11.87, 11.335850000000002]
[[ 0.33310685  0.40022629  0.26666686]]
11.3952: [11.99, 12.2, 11.84, 12.19, 12.39, 12.42, 11.85, 11.87, 11.395200000000003]
[[ 0.33310685  0.40022629  0.26666686]]
11.45455: [11.99, 12.2, 11.84, 12.19, 12.39, 12.42, 11.85, 11.87, 11.454550000000003]
[[ 0.33310685  0.40022629  0.26666686]]
11.5139: [11.99, 12.2, 11.84, 12.19, 12.39, 12.42, 11.85, 11.87, 11.513900000000003]
[[ 0.33310685  0.40022629  0.26666686]]
11.57325: [11.99, 12.2, 11.84, 12.19, 12.39, 12.42, 11.85, 11.87, 11.573250000000003]
[[ 0.33310685  0.40022629  0.26666686]]
11.6326: [11.99, 12.2, 11.84, 12.19, 12.39, 12.42, 11.85, 11.87, 11.632600000000004]
[[ 0.33310685  0.40022629  0.26666686]]
11.69195: [11.99, 12.2, 11.84, 12.19, 12.39, 12.42, 11.85, 11.87, 11.691950000000004]
[[ 0.33310685  0.40022629  0.26666686]]
11.7513: [11.99, 12.2, 11.84, 12.19, 12.39, 12.42, 11.85, 11.87, 11.751300000000004]
[[ 0.33310685  0.40022629  0.26666686]]
11.81065: [11.99, 12.2, 11.84, 12.19, 12.39, 12.42, 11.85, 11.87, 11.810650000000004]
[[ 0.33310685  0.40022629  0.26666686]]
11.87: [11.99, 12.2, 11.84, 12.19, 12.39, 12.42, 11.85, 11.87, 11.870000000000005]
[[ 0.33310685  0.40022629  0.26666686]]
11.92935: [11.99, 12.2, 11.84, 12.19, 12.39, 12.42, 11.85, 11.87, 11.929350000000005]
[[ 0.33310685  0.40022629  0.26666686]]
11.9887: [11.99, 12.2, 11.84, 12.19, 12.39, 12.42, 11.85, 11.87, 11.988700000000005]
[[ 0.33310685  0.40022629  0.26666686]]
12.04805: [11.99, 12.2, 11.84, 12.19, 12.39, 12.42, 11.85, 11.87, 12.048050000000005]
[[ 0.33310685  0.40022629  0.26666686]]
12.1074: [11.99, 12.2, 11.84, 12.19, 12.39, 12.42, 11.85, 11.87, 12.107400000000005]
[[ 0.33310685  0.40022629  0.26666686]]
12.16675: [11.99, 12.2, 11.84, 12.19, 12.39, 12.42, 11.85, 11.87, 12.166750000000006]
[[ 0.33310685  0.40022629  0.26666686]]
12.2261: [11.99, 12.2, 11.84, 12.19, 12.39, 12.42, 11.85, 11.87, 12.226100000000006]
[[ 0.33310685  0.40022629  0.26666686]]
12.28545: [11.99, 12.2, 11.84, 12.19, 12.39, 12.42, 11.85, 11.87, 12.285450000000006]
[[ 0.33310685  0.40022629  0.26666686]]
12.3448: [11.99, 12.2, 11.84, 12.19, 12.39, 12.42, 11.85, 11.87, 12.344800000000006]
[[ 0.33310685  0.40022629  0.26666686]]
12.40415: [11.99, 12.2, 11.84, 12.19, 12.39, 12.42, 11.85, 11.87, 12.404150000000007]
[[ 0.33310685  0.40022629  0.26666686]]
12.4635: [11.99, 12.2, 11.84, 12.19, 12.39, 12.42, 11.85, 11.87, 12.463500000000007]
[[ 0.33310685  0.40022629  0.26666686]]
12.52285: [11.99, 12.2, 11.84, 12.19, 12.39, 12.42, 11.85, 11.87, 12.522850000000007]
[[ 0.33310685  0.40022629  0.26666686]]
12.5822: [11.99, 12.2, 11.84, 12.19, 12.39, 12.42, 11.85, 11.87, 12.582200000000007]
[[ 0.33310685  0.40022629  0.26666686]]
12.64155: [11.99, 12.2, 11.84, 12.19, 12.39, 12.42, 11.85, 11.87, 12.641550000000008]
[[ 0.33310685  0.40022629  0.26666686]]
12.7009: [11.99, 12.2, 11.84, 12.19, 12.39, 12.42, 11.85, 11.87, 12.700900000000008]
[[ 0.33310685  0.40022629  0.26666686]]
12.76025: [11.99, 12.2, 11.84, 12.19, 12.39, 12.42, 11.85, 11.87, 12.760250000000008]
[[ 0.33310685  0.40022629  0.26666686]]
12.8196: [11.99, 12.2, 11.84, 12.19, 12.39, 12.42, 11.85, 11.87, 12.819600000000008]
[[ 0.33310685  0.40022629  0.26666686]]
12.87895: [11.99, 12.2, 11.84, 12.19, 12.39, 12.42, 11.85, 11.87, 12.878950000000009]
[[ 0.33310685  0.40022629  0.26666686]]
12.9383: [11.99, 12.2, 11.84, 12.19, 12.39, 12.42, 11.85, 11.87, 12.938300000000009]
[[ 0.33310685  0.40022629  0.26666686]]
12.99765: [11.99, 12.2, 11.84, 12.19, 12.39, 12.42, 11.85, 11.87, 12.997650000000009]
[[ 0.33310685  0.40022629  0.26666686]]
