[[ 24.   0.   0.]
 [ 37.   3.   0.]
 [ 33.   3.   0.]]
cf_score, -6.0
nv_score, 0.0
ratio, 0.272727272727
[[ 16.   9.   1.]
 [ 19.  13.   2.]
 [ 18.  20.   2.]]
cf_score, 12.0
nv_score, -2.0
ratio, 0.313131313131
[[ 16.   0.   9.]
 [ 23.   0.  15.]
 [ 17.   2.  18.]]
cf_score, 8.0
nv_score, -15.0
ratio, 0.343434343434
[[ 18.   3.   7.]
 [ 22.   1.   9.]
 [ 23.   2.  15.]]
cf_score, 4.0
nv_score, -8.0
ratio, 0.343434343434
[[ 23.   0.  10.]
 [ 14.   6.  13.]
 [ 12.   3.  19.]]
cf_score, 26.0
nv_score, -14.0
ratio, 0.484848484848
[[ 24.   4.   6.]
 [ 19.   6.  12.]
 [ 16.   0.  13.]]
cf_score, 21.0
nv_score, -11.0
ratio, 0.434343434343
[[ 23.   2.   3.]
 [ 24.   7.   6.]
 [ 16.   1.  18.]]
cf_score, 29.0
nv_score, 6.0
ratio, 0.484848484848
[[ 17.   4.   3.]
 [ 18.  10.  11.]
 [ 18.   7.  12.]]
cf_score, 18.0
nv_score, -5.0
ratio, 0.393939393939
[[ 24.   3.   1.]
 [ 21.   6.   9.]
 [ 12.  10.  14.]]
cf_score, 31.0
nv_score, 3.0
ratio, 0.444444444444
[[ 18.   4.   2.]
 [ 25.   8.   5.]
 [ 16.  13.   9.]]
cf_score, 17.0
nv_score, 0.0
ratio, 0.353535353535
[[ 23.   5.   2.]
 [ 12.   7.   6.]
 [ 25.  10.  10.]]
cf_score, 13.0
nv_score, 0.0
ratio, 0.40404040404
[[ 18.   7.   0.]
 [ 20.  18.   7.]
 [ 15.   6.   9.]]
cf_score, 30.0
nv_score, 2.0
ratio, 0.454545454545
[[ 17.   6.   1.]
 [ 18.  13.   8.]
 [ 17.   8.  12.]]
cf_score, 24.0
nv_score, 2.0
ratio, 0.424242424242
[[ 21.   6.   1.]
 [ 21.  10.   7.]
 [ 17.  10.   7.]]
cf_score, 20.0
nv_score, -2.0
ratio, 0.383838383838
[[ 29.   4.   1.]
 [ 15.   4.   8.]
 [ 19.   7.  13.]]
cf_score, 26.0
nv_score, 3.0
ratio, 0.464646464646
[[ 25.   5.   1.]
 [ 20.  10.   7.]
 [ 14.  10.   8.]]
cf_score, 28.0
nv_score, -1.0
ratio, 0.434343434343
[[ 17.   5.   0.]
 [ 19.  10.   3.]
 [ 26.  10.  10.]]
cf_score, 11.0
nv_score, 7.0
ratio, 0.373737373737
[[ 23.   6.   3.]
 [ 19.  15.   0.]
 [ 17.   9.   8.]]
cf_score, 26.0
nv_score, 2.0
ratio, 0.464646464646
[[ 24.   8.   3.]
 [ 20.  11.   1.]
 [ 18.  11.   4.]]
cf_score, 18.0
nv_score, -3.0
ratio, 0.393939393939
[[ 25.   8.   1.]
 [ 21.   7.   7.]
 [ 19.  10.   2.]]
cf_score, 14.0
nv_score, -7.0
ratio, 0.343434343434
[[ 20.   9.   3.]
 [ 18.   8.   3.]
 [ 23.   3.  13.]]
cf_score, 15.0
nv_score, 4.0
ratio, 0.414141414141
[[ 22.   6.   3.]
 [ 30.   9.   4.]
 [ 19.   2.   5.]]
cf_score, 14.0
nv_score, -5.0
ratio, 0.363636363636
[[ 22.   6.   0.]
 [ 23.  11.   6.]
 [ 13.   9.  10.]]
cf_score, 30.0
nv_score, 4.0
ratio, 0.434343434343
[[ 26.   6.   0.]
 [ 28.   6.   2.]
 [ 18.   6.   8.]]
cf_score, 22.0
nv_score, 6.0
ratio, 0.40404040404
[[ 16.   3.   2.]
 [ 26.  12.   8.]
 [ 18.  10.   5.]]
cf_score, 13.0
nv_score, -7.0
ratio, 0.333333333333
[[ 20.   9.   1.]
 [ 25.  13.   1.]
 [ 18.   3.  10.]]
cf_score, 24.0
nv_score, 7.0
ratio, 0.434343434343
[[ 22.   6.   0.]
 [ 19.   7.   5.]
 [ 24.   5.  12.]]
cf_score, 17.0
nv_score, 7.0
ratio, 0.414141414141
[[ 22.   2.   1.]
 [ 23.   7.   6.]
 [ 24.   9.   6.]]
cf_score, 10.0
nv_score, -2.0
ratio, 0.353535353535
[[ 20.   4.   2.]
 [ 24.  11.   2.]
 [ 20.   7.  10.]]
cf_score, 19.0
nv_score, 4.0
ratio, 0.414141414141
[[ 24.   5.   0.]
 [ 15.   6.   7.]
 [ 20.  11.  12.]]
cf_score, 22.0
nv_score, 5.0
ratio, 0.424242424242
[[ 19.   5.   0.]
 [ 19.  11.   4.]
 [ 15.  13.  14.]]
cf_score, 29.0
nv_score, 10.0
ratio, 0.444444444444
[[ 27.   3.   3.]
 [ 19.   5.   4.]
 [ 25.   7.   7.]]
cf_score, 11.0
nv_score, -3.0
ratio, 0.393939393939
[[ 26.   3.   1.]
 [ 18.  14.   8.]
 [ 14.   5.  11.]]
cf_score, 36.0
nv_score, 1.0
ratio, 0.515151515152
[[ 20.   5.   0.]
 [ 33.   7.   5.]
 [ 13.  12.   5.]]
cf_score, 19.0
nv_score, 0.0
ratio, 0.323232323232
[[ 25.   8.   0.]
 [ 19.   9.   5.]
 [ 15.  13.   6.]]
cf_score, 25.0
nv_score, 1.0
ratio, 0.40404040404
[[ 28.   4.   0.]
 [ 17.   6.   4.]
 [ 21.  14.   6.]]
cf_score, 19.0
nv_score, 2.0
ratio, 0.40404040404
[[ 24.   9.   0.]
 [ 20.   8.   5.]
 [ 15.  10.   9.]]
cf_score, 26.0
nv_score, 4.0
ratio, 0.414141414141
[[ 23.   5.   0.]
 [ 13.  12.   3.]
 [ 22.   6.  16.]]
cf_score, 29.0
nv_score, 13.0
ratio, 0.515151515152
[[ 23.   5.   0.]
 [ 22.  11.   4.]
 [ 18.   8.   9.]]
cf_score, 25.0
nv_score, 5.0
ratio, 0.434343434343
[[ 20.   6.   4.]
 [ 21.   6.  11.]
 [ 13.   9.  10.]]
cf_score, 19.0
nv_score, -9.0
ratio, 0.363636363636
[[ 21.  10.   0.]
 [ 22.  10.   6.]
 [ 13.  11.   7.]]
cf_score, 25.0
nv_score, 1.0
ratio, 0.383838383838
[[ 24.   5.   0.]
 [ 19.  14.   4.]
 [ 24.   4.   6.]]
cf_score, 20.0
nv_score, 2.0
ratio, 0.444444444444
[[ 24.   5.   0.]
 [ 19.  12.   1.]
 [ 20.   8.  11.]]
cf_score, 27.0
nv_score, 10.0
ratio, 0.474747474747
[[ 25.  10.   2.]
 [ 15.   5.   5.]
 [ 18.  10.  10.]]
cf_score, 20.0
nv_score, 1.0
ratio, 0.40404040404
[[ 29.   5.   1.]
 [ 15.   8.   2.]
 [ 15.  16.   9.]]
cf_score, 30.0
nv_score, 5.0
ratio, 0.464646464646
[[ 18.   5.   2.]
 [ 19.  10.   6.]
 [ 14.  16.  10.]]
cf_score, 22.0
nv_score, 0.0
ratio, 0.383838383838
[[ 22.   3.   0.]
 [ 24.   9.   4.]
 [ 19.   9.  10.]]
cf_score, 22.0
nv_score, 6.0
ratio, 0.414141414141
[[ 29.   4.   0.]
 [ 22.   6.   3.]
 [ 17.  13.   6.]]
cf_score, 24.0
nv_score, 3.0
ratio, 0.414141414141
[[ 27.   4.   0.]
 [ 17.   6.   5.]
 [ 20.  14.   7.]]
cf_score, 20.0
nv_score, 2.0
ratio, 0.40404040404
[[ 17.   6.   0.]
 [ 29.  11.  10.]
 [ 12.   7.   8.]]
cf_score, 24.0
nv_score, -2.0
ratio, 0.363636363636
[[ 16.   6.   0.]
 [ 19.  10.  12.]
 [ 25.   6.   6.]]
cf_score, 7.0
nv_score, -6.0
ratio, 0.323232323232
[[ 30.   4.   0.]
 [ 21.   5.   7.]
 [ 13.   9.  11.]]
cf_score, 33.0
nv_score, 4.0
ratio, 0.464646464646
[[ 22.   3.   2.]
 [ 21.   7.   6.]
 [ 19.  12.   8.]]
cf_score, 16.0
nv_score, -2.0
ratio, 0.373737373737
[[ 25.   6.   2.]
 [ 22.   7.   6.]
 [ 11.  14.   7.]]
cf_score, 26.0
nv_score, -3.0
ratio, 0.393939393939
[[ 16.   1.   0.]
 [ 24.  11.   2.]
 [ 25.  11.  10.]]
cf_score, 12.0
nv_score, 8.0
ratio, 0.373737373737
