[[  0.  27.   3.]
 [  0.  27.   3.]
 [  0.  26.  14.]]
cf_score, 38.0
nv_score, 5.0
ratio, 0.414141414141
[[ 17.   6.  15.]
 [  6.  13.   6.]
 [  5.   9.  23.]]
cf_score, 33.0
nv_score, -13.0
ratio, 0.535353535354
[[ 29.   0.   9.]
 [ 21.   0.   6.]
 [ 18.   0.  17.]]
cf_score, 19.0
nv_score, -7.0
ratio, 0.464646464646
[[ 22.   3.   6.]
 [ 20.   9.   8.]
 [  7.   5.  20.]]
cf_score, 38.0
nv_score, 0.0
ratio, 0.515151515152
[[ 17.   3.  13.]
 [ 21.   4.   3.]
 [ 15.   3.  21.]]
cf_score, 14.0
nv_score, -8.0
ratio, 0.424242424242
[[ 19.   5.  16.]
 [ 14.   5.   8.]
 [  7.   4.  22.]]
cf_score, 23.0
nv_score, -18.0
ratio, 0.464646464646
[[ 26.   3.   9.]
 [ 14.   4.   7.]
 [ 19.   2.  16.]]
cf_score, 18.0
nv_score, -9.0
ratio, 0.464646464646
[[ 22.   2.   9.]
 [ 21.   2.   4.]
 [ 16.   3.  21.]]
cf_score, 20.0
nv_score, -1.0
ratio, 0.454545454545
[[ 21.   4.  19.]
 [ 22.   1.   6.]
 [  8.   3.  16.]]
cf_score, 11.0
nv_score, -28.0
ratio, 0.383838383838
[[ 14.   5.  12.]
 [ 12.   6.  12.]
 [  6.   4.  29.]]
cf_score, 31.0
nv_score, -7.0
ratio, 0.494949494949
[[ 20.   3.  13.]
 [ 12.   4.   8.]
 [  9.   7.  24.]]
cf_score, 26.0
nv_score, -10.0
ratio, 0.484848484848
[[ 20.   9.  15.]
 [ 10.   9.   8.]
 [  2.   7.  20.]]
cf_score, 32.0
nv_score, -18.0
ratio, 0.494949494949
[[ 17.  12.   9.]
 [ 10.  12.  12.]
 [  4.   7.  17.]]
cf_score, 33.0
nv_score, -13.0
ratio, 0.464646464646
[[ 15.   9.   9.]
 [ 10.  10.   5.]
 [  8.  11.  23.]]
cf_score, 31.0
nv_score, 0.0
ratio, 0.484848484848
[[ 21.   6.   5.]
 [ 21.   7.   8.]
 [  6.  13.  13.]]
cf_score, 30.0
nv_score, -5.0
ratio, 0.414141414141
[[ 18.   6.  12.]
 [  8.  17.  10.]
 [  3.  12.  14.]]
cf_score, 34.0
nv_score, -20.0
ratio, 0.494949494949
[[ 18.   6.   6.]
 [ 10.  14.   9.]
 [  1.   8.  28.]]
cf_score, 53.0
nv_score, 7.0
ratio, 0.606060606061
[[ 17.   9.  17.]
 [  9.  12.   9.]
 [  4.   5.  18.]]
cf_score, 26.0
nv_score, -25.0
ratio, 0.474747474747
[[ 22.   5.   8.]
 [ 12.  18.   3.]
 [  3.  10.  19.]]
cf_score, 48.0
nv_score, 0.0
ratio, 0.59595959596
[[ 15.   9.  12.]
 [ 16.   9.   8.]
 [  2.   7.  22.]]
cf_score, 32.0
nv_score, -10.0
ratio, 0.464646464646
[[ 13.  11.  15.]
 [ 13.  12.   4.]
 [  5.   6.  21.]]
cf_score, 26.0
nv_score, -13.0
ratio, 0.464646464646
[[ 10.  11.  10.]
 [ 11.  14.  11.]
 [  2.   9.  22.]]
cf_score, 34.0
nv_score, -9.0
ratio, 0.464646464646
[[ 18.   8.   9.]
 [ 18.  15.   6.]
 [  3.   8.  15.]]
cf_score, 36.0
nv_score, -9.0
ratio, 0.484848484848
[[ 12.  14.   9.]
 [  2.  15.   4.]
 [  1.  18.  25.]]
cf_score, 42.0
nv_score, 3.0
ratio, 0.525252525253
[[ 15.   7.  13.]
 [ 12.  10.   8.]
 [  2.  11.  22.]]
cf_score, 32.0
nv_score, -12.0
ratio, 0.474747474747
[[ 10.   9.  12.]
 [  8.  13.  10.]
 [  0.  12.  26.]]
cf_score, 37.0
nv_score, -8.0
ratio, 0.494949494949
[[  9.  13.  14.]
 [  7.   9.   3.]
 [  2.  20.  23.]]
cf_score, 25.0
nv_score, -8.0
ratio, 0.414141414141
[[  9.  10.   9.]
 [ 10.  14.   4.]
 [  0.  14.  30.]]
cf_score, 44.0
nv_score, 8.0
ratio, 0.535353535354
[[ 16.   8.   5.]
 [ 15.  14.   7.]
 [  1.  17.  17.]]
cf_score, 41.0
nv_score, 0.0
ratio, 0.474747474747
[[ 15.  11.  12.]
 [  8.  12.  12.]
 [  0.  10.  20.]]
cf_score, 35.0
nv_score, -16.0
ratio, 0.474747474747
[[ 11.   4.  16.]
 [ 14.  16.   6.]
 [  1.   9.  23.]]
cf_score, 33.0
nv_score, -15.0
ratio, 0.505050505051
[[ 20.   7.   7.]
 [  8.  16.  10.]
 [  0.  12.  20.]]
cf_score, 49.0
nv_score, -4.0
ratio, 0.565656565657
[[ 20.   5.  15.]
 [ 11.  15.   2.]
 [  2.   5.  25.]]
cf_score, 43.0
nv_score, -7.0
ratio, 0.606060606061
[[ 17.   8.   9.]
 [ 11.  13.   5.]
 [  0.  14.  23.]]
cf_score, 44.0
nv_score, 0.0
ratio, 0.535353535354
[[ 15.   9.  15.]
 [ 10.  16.   6.]
 [  1.   6.  22.]]
cf_score, 37.0
nv_score, -14.0
ratio, 0.535353535354
[[ 17.  13.   8.]
 [  6.  12.   7.]
 [  1.  10.  26.]]
cf_score, 46.0
nv_score, 3.0
ratio, 0.555555555556
[[ 15.  17.   8.]
 [ 11.  14.   9.]
 [  1.  10.  15.]]
cf_score, 35.0
nv_score, -10.0
ratio, 0.444444444444
[[ 11.  14.  14.]
 [  9.   5.   8.]
 [  0.  11.  28.]]
cf_score, 30.0
nv_score, -8.0
ratio, 0.444444444444
[[  8.  16.  11.]
 [  9.  14.   9.]
 [  2.   9.  22.]]
cf_score, 31.0
nv_score, -9.0
ratio, 0.444444444444
[[ 15.   9.   5.]
 [  7.  14.   6.]
 [  0.   9.  35.]]
cf_score, 59.0
nv_score, 19.0
ratio, 0.646464646465
[[  9.   8.  12.]
 [ 17.  17.   5.]
 [  2.  12.  18.]]
cf_score, 30.0
nv_score, -11.0
ratio, 0.444444444444
[[ 20.   7.  10.]
 [ 11.  10.   4.]
 [  0.  14.  24.]]
cf_score, 44.0
nv_score, 0.0
ratio, 0.545454545455
[[ 13.  11.  14.]
 [  9.  11.   9.]
 [  0.  13.  20.]]
cf_score, 30.0
nv_score, -17.0
ratio, 0.444444444444
[[ 12.  10.  12.]
 [  8.  13.   8.]
 [  1.  16.  20.]]
cf_score, 32.0
nv_score, -12.0
ratio, 0.454545454545
[[ 20.  11.   7.]
 [  9.  13.   9.]
 [  0.  10.  21.]]
cf_score, 47.0
nv_score, -2.0
ratio, 0.545454545455
[[ 12.   9.  14.]
 [  8.  11.   6.]
 [  1.  12.  27.]]
cf_score, 35.0
nv_score, -7.0
ratio, 0.505050505051
[[ 15.  12.   9.]
 [  6.  19.  12.]
 [  1.   7.  19.]]
cf_score, 43.0
nv_score, -11.0
ratio, 0.535353535354
[[ 15.  16.  15.]
 [ 12.  10.   7.]
 [  0.   7.  18.]]
cf_score, 28.0
nv_score, -19.0
ratio, 0.434343434343
[[  6.  12.  12.]
 [  8.  23.  10.]
 [  0.  12.  17.]]
cf_score, 34.0
nv_score, -17.0
ratio, 0.464646464646
[[ 17.   9.  12.]
 [ 11.  18.   5.]
 [  1.   6.  21.]]
cf_score, 43.0
nv_score, -8.0
ratio, 0.565656565657
