[[  0.  17.  16.]
 [  0.  14.  13.]
 [  0.   6.  34.]]
cf_score, 32.0
nv_score, -11.0
ratio, 0.484848484848
[[  0.  17.  20.]
 [  0.  19.  12.]
 [  0.  10.  22.]]
cf_score, 21.0
nv_score, -30.0
ratio, 0.414141414141
[[ 14.   1.  18.]
 [ 15.   6.  12.]
 [  2.   8.  24.]]
cf_score, 24.0
nv_score, -24.0
ratio, 0.444444444444
[[  8.   9.  14.]
 [ 17.  11.   3.]
 [  3.   9.  26.]]
cf_score, 28.0
nv_score, -5.0
ratio, 0.454545454545
[[ 16.  10.  11.]
 [ 10.   9.  11.]
 [  0.   7.  26.]]
cf_score, 40.0
nv_score, -7.0
ratio, 0.515151515152
[[ 16.   7.   7.]
 [ 17.  13.   9.]
 [  2.   7.  22.]]
cf_score, 42.0
nv_score, -1.0
ratio, 0.515151515152
[[  9.   8.  13.]
 [ 17.  14.   5.]
 [  6.   4.  24.]]
cf_score, 28.0
nv_score, -7.0
ratio, 0.474747474747
[[ 19.   8.  17.]
 [  6.  13.  10.]
 [  0.   9.  18.]]
cf_score, 33.0
nv_score, -26.0
ratio, 0.505050505051
[[  8.   7.  18.]
 [ 14.  15.  11.]
 [  5.   3.  19.]]
cf_score, 19.0
nv_score, -28.0
ratio, 0.424242424242
[[  9.  14.  14.]
 [ 18.  10.   7.]
 [  3.   6.  19.]]
cf_score, 21.0
nv_score, -16.0
ratio, 0.383838383838
[[ 21.   9.  10.]
 [  9.  12.  10.]
 [  4.   7.  18.]]
cf_score, 37.0
nv_score, -12.0
ratio, 0.515151515152
[[ 11.  12.   7.]
 [ 16.  15.   6.]
 [  2.   9.  22.]]
cf_score, 39.0
nv_score, 2.0
ratio, 0.484848484848
[[ 13.  11.  10.]
 [ 18.  11.   5.]
 [  1.   8.  23.]]
cf_score, 36.0
nv_score, -2.0
ratio, 0.474747474747
[[ 19.  13.  13.]
 [ 14.  11.   8.]
 [  2.   5.  15.]]
cf_score, 30.0
nv_score, -19.0
ratio, 0.454545454545
[[ 16.  12.   9.]
 [ 10.  13.   7.]
 [  3.   6.  24.]]
cf_score, 41.0
nv_score, -1.0
ratio, 0.535353535354
[[ 12.  15.   6.]
 [ 13.  12.   6.]
 [  5.  11.  20.]]
cf_score, 33.0
nv_score, 2.0
ratio, 0.444444444444
[[ 21.   8.   4.]
 [ 12.  13.   9.]
 [  1.  12.  20.]]
cf_score, 49.0
nv_score, 3.0
ratio, 0.545454545455
[[ 20.   9.  12.]
 [ 11.  17.   3.]
 [  1.   4.  23.]]
cf_score, 47.0
nv_score, -4.0
ratio, 0.606060606061
[[  9.  15.   9.]
 [ 15.  17.  11.]
 [  2.   7.  15.]]
cf_score, 30.0
nv_score, -14.0
ratio, 0.414141414141
[[ 10.  13.   8.]
 [ 11.  13.   5.]
 [  2.  11.  27.]]
cf_score, 40.0
nv_score, 6.0
ratio, 0.505050505051
[[ 16.   9.   5.]
 [ 11.  21.   7.]
 [  1.   9.  21.]]
cf_score, 52.0
nv_score, 4.0
ratio, 0.585858585859
[[ 15.   7.   6.]
 [ 14.  11.   5.]
 [  7.   8.  27.]]
cf_score, 40.0
nv_score, 10.0
ratio, 0.535353535354
[[ 15.  10.   9.]
 [ 11.  15.   7.]
 [  2.   8.  23.]]
cf_score, 42.0
nv_score, -2.0
ratio, 0.535353535354
[[ 12.  17.   9.]
 [  8.  13.  10.]
 [  4.  11.  16.]]
cf_score, 28.0
nv_score, -12.0
ratio, 0.414141414141
[[ 13.   8.   8.]
 [ 14.  17.   9.]
 [  2.  10.  19.]]
cf_score, 39.0
nv_score, -6.0
ratio, 0.494949494949
[[ 22.   7.  10.]
 [  9.  14.   4.]
 [  3.   5.  26.]]
cf_score, 49.0
nv_score, 2.0
ratio, 0.626262626263
[[  8.  14.   8.]
 [ 17.  16.   8.]
 [  4.   6.  19.]]
cf_score, 31.0
nv_score, -5.0
ratio, 0.434343434343
[[ 14.  12.   5.]
 [ 11.  15.   9.]
 [  4.  11.  19.]]
cf_score, 39.0
nv_score, 0.0
ratio, 0.484848484848
[[ 12.  15.   8.]
 [ 15.  12.   5.]
 [  5.   9.  19.]]
cf_score, 30.0
nv_score, -2.0
ratio, 0.434343434343
[[ 13.  12.  11.]
 [ 15.  10.  12.]
 [  5.   7.  15.]]
cf_score, 22.0
nv_score, -19.0
ratio, 0.383838383838
[[ 13.   7.  11.]
 [ 12.  15.   3.]
 [  7.  10.  22.]]
cf_score, 32.0
nv_score, -3.0
ratio, 0.505050505051
[[ 17.  10.  13.]
 [  5.  14.  10.]
 [  2.   9.  20.]]
cf_score, 36.0
nv_score, -16.0
ratio, 0.515151515152
[[ 14.  17.   9.]
 [  8.  12.   7.]
 [  3.   6.  24.]]
cf_score, 38.0
nv_score, -1.0
ratio, 0.505050505051
[[ 17.  11.   5.]
 [ 21.  12.   7.]
 [  6.   7.  14.]]
cf_score, 32.0
nv_score, -3.0
ratio, 0.434343434343
[[ 11.   7.  11.]
 [ 11.   8.   7.]
 [  5.  15.  25.]]
cf_score, 28.0
nv_score, -4.0
ratio, 0.444444444444
[[ 19.  11.  10.]
 [ 14.  13.   8.]
 [  4.   6.  15.]]
cf_score, 33.0
nv_score, -13.0
ratio, 0.474747474747
[[ 13.  14.   8.]
 [  7.  16.   6.]
 [  4.   4.  28.]]
cf_score, 45.0
nv_score, 6.0
ratio, 0.575757575758
[[ 17.  14.   8.]
 [ 18.  10.   4.]
 [  5.   9.  15.]]
cf_score, 29.0
nv_score, -5.0
ratio, 0.424242424242
[[ 15.  11.   6.]
 [ 10.  15.   8.]
 [  4.  12.  19.]]
cf_score, 39.0
nv_score, -1.0
ratio, 0.494949494949
[[ 15.  17.   6.]
 [ 11.   9.   9.]
 [  7.   7.  19.]]
cf_score, 30.0
nv_score, -2.0
ratio, 0.434343434343
[[ 14.  11.   6.]
 [ 16.  14.   5.]
 [  4.   9.  21.]]
cf_score, 39.0
nv_score, 4.0
ratio, 0.494949494949
[[ 14.   9.   6.]
 [ 14.  14.   6.]
 [  6.   4.  27.]]
cf_score, 43.0
nv_score, 9.0
ratio, 0.555555555556
[[ 13.  10.   6.]
 [ 16.   7.  11.]
 [  8.   6.  23.]]
cf_score, 29.0
nv_score, 0.0
ratio, 0.434343434343
[[ 16.   3.  11.]
 [ 17.  12.   6.]
 [  5.  10.  20.]]
cf_score, 32.0
nv_score, -8.0
ratio, 0.484848484848
[[ 13.   9.  10.]
 [ 10.  20.   5.]
 [  4.   5.  24.]]
cf_score, 43.0
nv_score, -1.0
ratio, 0.575757575758
[[ 17.  10.   5.]
 [ 16.  11.   9.]
 [  7.   8.  17.]]
cf_score, 33.0
nv_score, -2.0
ratio, 0.454545454545
[[ 24.   4.   4.]
 [ 11.  14.   8.]
 [  4.  10.  21.]]
cf_score, 51.0
nv_score, 5.0
ratio, 0.59595959596
[[ 13.  11.   7.]
 [ 16.  13.   6.]
 [  7.  16.  11.]]
cf_score, 23.0
nv_score, -9.0
ratio, 0.373737373737
[[ 13.  15.  11.]
 [ 11.   8.  12.]
 [  5.   8.  17.]]
cf_score, 22.0
nv_score, -17.0
ratio, 0.383838383838
[[ 14.  13.   9.]
 [ 14.  18.   5.]
 [  3.   9.  15.]]
cf_score, 35.0
nv_score, -8.0
ratio, 0.474747474747
