[[ 31.   5.   0.]
 [ 20.  15.   0.]
 [ 22.   7.   0.]]
cf_score, 24.0
nv_score, 0.0
ratio, 0.464646464646
[[ 22.  12.   0.]
 [ 14.  18.   0.]
 [ 18.  16.   0.]]
cf_score, 22.0
nv_score, 0.0
ratio, 0.40404040404
[[ 17.   9.  15.]
 [ 11.   8.  10.]
 [ 10.   7.  13.]]
cf_score, 13.0
nv_score, -27.0
ratio, 0.383838383838
[[ 19.   8.   7.]
 [  5.  12.  15.]
 [ 13.  15.   6.]]
cf_score, 17.0
nv_score, -23.0
ratio, 0.373737373737
[[ 25.   7.  12.]
 [ 11.   9.  15.]
 [  5.   5.  11.]]
cf_score, 28.0
nv_score, -28.0
ratio, 0.454545454545
[[ 16.   4.  11.]
 [ 13.   6.  14.]
 [ 14.  10.  12.]]
cf_score, 9.0
nv_score, -24.0
ratio, 0.343434343434
[[ 21.   2.   9.]
 [ 10.  16.  12.]
 [  8.   5.  17.]]
cf_score, 37.0
nv_score, -13.0
ratio, 0.545454545455
[[  8.  15.   8.]
 [  8.  21.  13.]
 [  4.   8.  15.]]
cf_score, 32.0
nv_score, -14.0
ratio, 0.444444444444
[[ 14.  13.   6.]
 [  8.  16.  15.]
 [  4.   6.  18.]]
cf_score, 38.0
nv_score, -9.0
ratio, 0.484848484848
[[ 13.  14.   7.]
 [  5.  14.  19.]
 [  2.   9.  17.]]
cf_score, 35.0
nv_score, -16.0
ratio, 0.444444444444
[[ 11.  14.   8.]
 [  8.  14.  18.]
 [  5.   6.  16.]]
cf_score, 28.0
nv_score, -18.0
ratio, 0.414141414141
[[ 12.  13.   9.]
 [  3.  20.  11.]
 [  5.   4.  23.]]
cf_score, 41.0
nv_score, -6.0
ratio, 0.555555555556
[[ 12.   8.   9.]
 [  2.  15.  13.]
 [  3.  12.  26.]]
cf_score, 41.0
nv_score, -5.0
ratio, 0.535353535354
[[ 13.   9.   6.]
 [  1.  24.   8.]
 [  9.  10.  20.]]
cf_score, 42.0
nv_score, 0.0
ratio, 0.575757575758
[[ 13.  16.   8.]
 [  3.  17.  10.]
 [  5.  14.  14.]]
cf_score, 31.0
nv_score, -12.0
ratio, 0.444444444444
[[ 15.  13.   5.]
 [  1.  19.  13.]
 [  0.  10.  24.]]
cf_score, 53.0
nv_score, 1.0
ratio, 0.585858585859
[[ 13.  13.  15.]
 [  4.  14.   8.]
 [  0.  11.  22.]]
cf_score, 34.0
nv_score, -16.0
ratio, 0.494949494949
[[ 15.  10.   4.]
 [  5.  19.  11.]
 [  4.  11.  21.]]
cf_score, 47.0
nv_score, 2.0
ratio, 0.555555555556
[[ 15.  11.   6.]
 [  6.  19.   6.]
 [  4.  12.  21.]]
cf_score, 45.0
nv_score, 3.0
ratio, 0.555555555556
[[ 13.  13.  12.]
 [  2.  18.  14.]
 [  1.  12.  15.]]
cf_score, 33.0
nv_score, -23.0
ratio, 0.464646464646
[[ 16.  12.   8.]
 [ 10.  21.   9.]
 [  2.  11.  11.]]
cf_score, 38.0
nv_score, -14.0
ratio, 0.484848484848
[[ 14.  10.   8.]
 [  4.  19.  15.]
 [  2.  11.  17.]]
cf_score, 40.0
nv_score, -14.0
ratio, 0.505050505051
[[ 15.   9.   5.]
 [  5.  18.  15.]
 [  8.   8.  17.]]
cf_score, 37.0
nv_score, -8.0
ratio, 0.505050505051
[[ 15.   8.   7.]
 [  8.  20.  12.]
 [  2.  11.  17.]]
cf_score, 43.0
nv_score, -9.0
ratio, 0.525252525253
[[ 18.  15.   8.]
 [  4.  16.  10.]
 [  1.  12.  16.]]
cf_score, 41.0
nv_score, -10.0
ratio, 0.505050505051
[[ 11.  16.  13.]
 [  8.  15.   8.]
 [  1.  13.  15.]]
cf_score, 27.0
nv_score, -19.0
ratio, 0.414141414141
[[ 22.   9.  11.]
 [  3.  15.  13.]
 [  3.   9.  15.]]
cf_score, 38.0
nv_score, -20.0
ratio, 0.525252525253
[[ 16.   7.   6.]
 [  3.  14.  11.]
 [  4.  18.  21.]]
cf_score, 41.0
nv_score, -2.0
ratio, 0.515151515152
[[ 20.   9.   7.]
 [  4.  15.  11.]
 [  3.  13.  18.]]
cf_score, 43.0
nv_score, -7.0
ratio, 0.535353535354
[[ 15.  10.  14.]
 [  2.  18.  13.]
 [  0.   9.  19.]]
cf_score, 38.0
nv_score, -22.0
ratio, 0.525252525253
[[ 16.   8.  12.]
 [  8.  10.  14.]
 [  3.  16.  13.]]
cf_score, 24.0
nv_score, -25.0
ratio, 0.393939393939
[[ 17.  11.   8.]
 [  4.  20.  14.]
 [  0.   6.  20.]]
cf_score, 49.0
nv_score, -10.0
ratio, 0.575757575758
[[ 20.   5.   1.]
 [  7.  17.  13.]
 [  6.  16.  15.]]
cf_score, 45.0
nv_score, 0.0
ratio, 0.525252525253
[[ 11.  15.  10.]
 [  7.  13.  11.]
 [  2.  12.  19.]]
cf_score, 31.0
nv_score, -12.0
ratio, 0.434343434343
[[ 17.  12.   6.]
 [  8.  27.   6.]
 [  2.  11.  11.]]
cf_score, 47.0
nv_score, -7.0
ratio, 0.555555555556
[[ 16.  12.   6.]
 [  4.  10.  18.]
 [  3.   8.  23.]]
cf_score, 40.0
nv_score, -7.0
ratio, 0.494949494949
[[ 22.   9.   7.]
 [  5.   8.  13.]
 [  3.   7.  26.]]
cf_score, 46.0
nv_score, -1.0
ratio, 0.565656565657
[[ 23.   7.   3.]
 [  8.  26.   9.]
 [  3.  10.  11.]]
cf_score, 54.0
nv_score, -4.0
ratio, 0.606060606061
[[ 15.  15.   7.]
 [  5.  20.   9.]
 [  2.   9.  18.]]
cf_score, 44.0
nv_score, -5.0
ratio, 0.535353535354
[[ 12.  10.   8.]
 [  4.  17.  15.]
 [  3.  11.  20.]]
cf_score, 38.0
nv_score, -11.0
ratio, 0.494949494949
[[ 16.  11.   6.]
 [  3.  18.  16.]
 [  4.   9.  17.]]
cf_score, 41.0
nv_score, -11.0
ratio, 0.515151515152
[[ 24.   6.   9.]
 [  9.  16.   8.]
 [  4.  13.  11.]]
cf_score, 38.0
nv_score, -15.0
ratio, 0.515151515152
[[ 14.  12.   8.]
 [  5.  10.  16.]
 [  4.  16.  15.]]
cf_score, 27.0
nv_score, -17.0
ratio, 0.393939393939
[[ 20.  17.   5.]
 [  4.  19.   8.]
 [  5.  10.  12.]]
cf_score, 41.0
nv_score, -6.0
ratio, 0.515151515152
[[ 13.   5.  10.]
 [  3.  20.  13.]
 [  3.  13.  20.]]
cf_score, 40.0
nv_score, -13.0
ratio, 0.535353535354
[[ 23.  12.   5.]
 [  3.  18.   6.]
 [  2.  14.  17.]]
cf_score, 51.0
nv_score, 1.0
ratio, 0.585858585859
[[ 16.  16.   6.]
 [  5.  15.   8.]
 [  1.  15.  18.]]
cf_score, 42.0
nv_score, -2.0
ratio, 0.494949494949
[[ 21.  13.   5.]
 [  5.  16.   8.]
 [  2.  11.  19.]]
cf_score, 49.0
nv_score, 1.0
ratio, 0.565656565657
[[ 23.  14.   5.]
 [  5.  22.   8.]
 [  1.   8.  14.]]
cf_score, 53.0
nv_score, -4.0
ratio, 0.59595959596
[[ 18.  14.   5.]
 [  2.  19.  11.]
 [  5.   6.  20.]]
cf_score, 47.0
nv_score, -1.0
ratio, 0.575757575758
