[[ 19.   0.  18.]
 [ 15.   1.  17.]
 [ 16.   0.  14.]]
cf_score, 0.0
ratio, 0.343434343434
[[ 20.   1.   6.]
 [ 22.   0.   7.]
 [ 17.   2.  25.]]
cf_score, 22.0
ratio, 0.454545454545
[[ 26.   3.  10.]
 [ 18.   2.  10.]
 [ 19.   0.  12.]]
cf_score, 11.0
ratio, 0.40404040404
[[ 30.   3.   3.]
 [ 11.   6.   8.]
 [ 20.   7.  12.]]
cf_score, 25.0
ratio, 0.484848484848
[[ 26.   8.   2.]
 [ 26.   5.   4.]
 [  9.   7.  13.]]
cf_score, 33.0
ratio, 0.444444444444
[[ 31.   6.   3.]
 [ 17.   5.   5.]
 [ 16.   6.  11.]]
cf_score, 28.0
ratio, 0.474747474747
[[ 23.   7.   1.]
 [ 17.   6.   4.]
 [ 24.   6.  12.]]
cf_score, 16.0
ratio, 0.414141414141
[[ 24.   9.   3.]
 [ 17.  11.   3.]
 [ 14.  10.   9.]]
cf_score, 27.0
ratio, 0.444444444444
[[ 19.  10.   2.]
 [ 17.  11.   3.]
 [ 16.   7.  15.]]
cf_score, 27.0
ratio, 0.454545454545
[[ 30.   8.   4.]
 [ 19.  14.   3.]
 [ 11.   7.   4.]]
cf_score, 33.0
ratio, 0.484848484848
[[ 20.  14.   1.]
 [ 15.  13.   6.]
 [ 18.   5.   8.]]
cf_score, 22.0
ratio, 0.414141414141
[[ 18.  11.   2.]
 [ 14.  19.   8.]
 [ 15.   3.  10.]]
cf_score, 30.0
ratio, 0.474747474747
[[ 24.   7.   2.]
 [ 14.   8.   3.]
 [ 15.  18.   9.]]
cf_score, 24.0
ratio, 0.414141414141
[[ 18.   7.   0.]
 [ 17.  17.   2.]
 [ 24.  10.   5.]]
cf_score, 16.0
ratio, 0.40404040404
[[ 25.   9.   2.]
 [ 17.   8.   3.]
 [ 15.   7.  14.]]
cf_score, 30.0
ratio, 0.474747474747
[[ 22.  10.   2.]
 [ 18.  10.   5.]
 [ 14.  10.   9.]]
cf_score, 25.0
ratio, 0.414141414141
[[ 17.   8.   3.]
 [ 18.  16.   5.]
 [ 15.   9.   9.]]
cf_score, 24.0
ratio, 0.424242424242
[[ 26.  17.   3.]
 [ 10.  11.   5.]
 [ 10.   8.  10.]]
cf_score, 34.0
ratio, 0.474747474747
[[ 26.   4.   6.]
 [ 15.  10.   4.]
 [ 18.   6.  11.]]
cf_score, 23.0
ratio, 0.474747474747
[[ 18.  10.   3.]
 [ 15.  17.   7.]
 [ 10.  11.   9.]]
cf_score, 31.0
ratio, 0.444444444444
[[ 16.  16.   2.]
 [ 16.   5.   6.]
 [ 20.   8.  11.]]
cf_score, 10.0
ratio, 0.323232323232
[[ 23.  12.   4.]
 [ 15.  12.   4.]
 [ 18.   9.   3.]]
cf_score, 16.0
ratio, 0.383838383838
[[ 20.  12.   1.]
 [ 18.  14.   2.]
 [ 20.   6.   7.]]
cf_score, 20.0
ratio, 0.414141414141
[[ 15.   7.   2.]
 [ 17.  12.   3.]
 [ 17.  14.  13.]]
cf_score, 21.0
ratio, 0.40404040404
[[ 23.   7.   1.]
 [ 13.   9.   2.]
 [ 24.  12.   9.]]
cf_score, 16.0
ratio, 0.414141414141
[[ 21.  10.   5.]
 [ 26.   8.   3.]
 [ 12.   6.   9.]]
cf_score, 21.0
ratio, 0.383838383838
[[ 31.  10.   2.]
 [ 16.  12.   4.]
 [ 13.   5.   7.]]
cf_score, 35.0
ratio, 0.505050505051
[[ 15.   6.   1.]
 [ 18.  14.   5.]
 [ 20.   7.  14.]]
cf_score, 22.0
ratio, 0.434343434343
[[ 17.   8.   2.]
 [ 21.  16.   5.]
 [ 17.   4.  10.]]
cf_score, 24.0
ratio, 0.434343434343
[[ 23.   4.   4.]
 [ 11.  18.   5.]
 [ 16.   8.  11.]]
cf_score, 32.0
ratio, 0.525252525253
[[ 27.   6.   2.]
 [ 21.   6.   5.]
 [ 11.   8.  14.]]
cf_score, 34.0
ratio, 0.474747474747
[[ 26.   5.   2.]
 [ 17.   6.   4.]
 [ 19.   9.  12.]]
cf_score, 23.0
ratio, 0.444444444444
[[ 21.  12.   4.]
 [ 19.   9.   5.]
 [ 16.   6.   8.]]
cf_score, 18.0
ratio, 0.383838383838
[[ 23.   5.   4.]
 [ 19.  15.   3.]
 [ 16.   9.   6.]]
cf_score, 24.0
ratio, 0.444444444444
[[ 26.   3.   3.]
 [ 23.   9.   3.]
 [ 13.   6.  14.]]
cf_score, 33.0
ratio, 0.494949494949
[[ 28.   7.   4.]
 [ 20.  10.   5.]
 [ 12.  10.   4.]]
cf_score, 26.0
ratio, 0.424242424242
[[ 30.   5.   3.]
 [ 14.   8.   6.]
 [ 17.   6.  11.]]
cf_score, 29.0
ratio, 0.494949494949
[[ 19.  11.   4.]
 [ 20.   5.   9.]
 [ 19.   5.   8.]]
cf_score, 9.0
ratio, 0.323232323232
[[ 26.   9.   4.]
 [ 25.   8.   3.]
 [ 15.   3.   7.]]
cf_score, 22.0
ratio, 0.414141414141
[[ 27.  12.   1.]
 [ 10.   9.   9.]
 [ 13.   6.  13.]]
cf_score, 35.0
ratio, 0.494949494949
[[ 17.   8.   3.]
 [ 21.   9.   5.]
 [ 19.   9.   9.]]
cf_score, 13.0
ratio, 0.353535353535
[[ 29.   5.   5.]
 [ 14.   8.   1.]
 [ 18.  12.   8.]]
cf_score, 22.0
ratio, 0.454545454545
[[ 18.   5.   4.]
 [ 17.  11.   6.]
 [ 19.  10.  10.]]
cf_score, 16.0
ratio, 0.393939393939
[[ 18.   8.   2.]
 [ 24.  13.   4.]
 [ 14.  10.   7.]]
cf_score, 22.0
ratio, 0.383838383838
[[ 22.   5.   2.]
 [ 22.  14.   3.]
 [ 16.   4.  12.]]
cf_score, 30.0
ratio, 0.484848484848
[[ 30.   4.   4.]
 [ 20.  11.   2.]
 [ 15.   7.   7.]]
cf_score, 29.0
ratio, 0.484848484848
[[ 23.   6.   2.]
 [ 20.  10.   6.]
 [ 23.   4.   6.]]
cf_score, 14.0
ratio, 0.393939393939
[[ 29.   5.   3.]
 [ 20.   6.   2.]
 [ 19.  12.   4.]]
cf_score, 17.0
ratio, 0.393939393939
[[ 30.   5.   1.]
 [ 16.   8.   5.]
 [ 21.   2.  12.]]
cf_score, 28.0
ratio, 0.505050505051
[[ 20.   6.   2.]
 [ 28.   5.  10.]
 [ 16.   4.   9.]]
cf_score, 16.0
ratio, 0.343434343434
[[ 22.   3.   5.]
 [ 15.  10.   7.]
 [ 19.   8.  11.]]
cf_score, 19.0
ratio, 0.434343434343
[[ 28.   9.   3.]
 [ 17.   8.   5.]
 [ 17.   7.   6.]]
cf_score, 22.0
ratio, 0.424242424242
[[ 25.   6.   2.]
 [ 21.   9.   5.]
 [ 16.   9.   7.]]
cf_score, 23.0
ratio, 0.414141414141
[[ 26.   8.   1.]
 [ 16.   8.   6.]
 [ 23.   7.   5.]]
cf_score, 15.0
ratio, 0.393939393939
[[ 28.   4.   7.]
 [ 20.  10.   3.]
 [ 12.   7.   9.]]
cf_score, 28.0
ratio, 0.474747474747
[[ 32.   5.   4.]
 [ 13.   3.   6.]
 [ 17.   9.  11.]]
cf_score, 25.0
ratio, 0.464646464646
[[ 26.   5.   4.]
 [ 21.   7.   3.]
 [ 18.   8.   8.]]
cf_score, 19.0
ratio, 0.414141414141
[[ 25.   3.   1.]
 [ 23.   9.   5.]
 [ 21.   5.   8.]]
cf_score, 20.0
ratio, 0.424242424242
[[ 22.  10.   0.]
 [ 18.  13.   6.]
 [ 12.  12.   7.]]
cf_score, 30.0
ratio, 0.424242424242
[[ 25.   9.   4.]
 [ 18.   4.   0.]
 [ 25.   5.  10.]]
cf_score, 10.0
ratio, 0.393939393939
[[ 21.   7.   5.]
 [ 23.   8.   4.]
 [ 18.   8.   6.]]
cf_score, 12.0
ratio, 0.353535353535
[[ 26.  11.   4.]
 [ 11.   8.   6.]
 [ 15.   6.  13.]]
cf_score, 28.0
ratio, 0.474747474747
[[ 28.   2.   3.]
 [ 18.   5.   7.]
 [ 16.   7.  14.]]
cf_score, 28.0
ratio, 0.474747474747
[[ 16.   7.   8.]
 [ 24.   8.   7.]
 [ 13.   6.  11.]]
cf_score, 14.0
ratio, 0.353535353535
[[ 24.   5.   3.]
 [ 29.   5.   8.]
 [ 11.   3.  12.]]
cf_score, 27.0
ratio, 0.414141414141
[[ 20.   3.   2.]
 [ 14.  10.   8.]
 [ 17.  16.  10.]]
cf_score, 21.0
ratio, 0.40404040404
[[ 20.   5.   3.]
 [ 22.   6.   3.]
 [ 27.   3.  11.]]
cf_score, 7.0
ratio, 0.373737373737
[[ 38.   8.   2.]
 [ 15.   6.   5.]
 [ 14.   5.   7.]]
cf_score, 35.0
ratio, 0.515151515152
[[ 27.   4.   5.]
 [ 18.  15.   4.]
 [ 14.   6.   7.]]
cf_score, 30.0
ratio, 0.494949494949
[[ 27.   4.   3.]
 [ 24.   8.   3.]
 [ 19.   3.   9.]]
cf_score, 22.0
ratio, 0.444444444444
[[ 21.   9.   6.]
 [ 19.  13.   4.]
 [ 19.   0.   9.]]
cf_score, 18.0
ratio, 0.434343434343
[[ 28.   3.   2.]
 [ 19.   6.   7.]
 [ 23.   8.   4.]]
cf_score, 13.0
ratio, 0.383838383838
[[ 32.   0.   5.]
 [ 16.   7.   4.]
 [ 20.   8.   8.]]
cf_score, 22.0
ratio, 0.474747474747
[[ 25.   4.   1.]
 [ 22.   7.   4.]
 [ 26.   6.   5.]]
cf_score, 10.0
ratio, 0.373737373737
[[ 30.   6.   1.]
 [ 20.  10.   5.]
 [ 15.   4.   9.]]
cf_score, 33.0
ratio, 0.494949494949
[[ 23.   6.   2.]
 [ 16.   9.   7.]
 [ 25.   6.   6.]]
cf_score, 11.0
ratio, 0.383838383838
[[ 23.   6.   4.]
 [ 20.  10.   2.]
 [ 16.  11.   8.]]
cf_score, 21.0
ratio, 0.414141414141
[[ 38.   2.   3.]
 [ 21.   2.   2.]
 [ 18.   7.   7.]]
cf_score, 26.0
ratio, 0.474747474747
[[ 29.   4.   3.]
 [ 22.   7.   4.]
 [ 20.   8.   3.]]
cf_score, 16.0
ratio, 0.393939393939
[[ 23.   8.   3.]
 [ 22.   9.   1.]
 [ 22.   5.   7.]]
cf_score, 14.0
ratio, 0.393939393939
[[ 26.   5.   3.]
 [ 14.   7.   6.]
 [ 16.  10.  13.]]
cf_score, 27.0
ratio, 0.464646464646
[[ 24.   4.   4.]
 [ 18.   9.   4.]
 [ 15.   6.  16.]]
cf_score, 30.0
ratio, 0.494949494949
[[ 18.   6.   2.]
 [ 25.  14.   5.]
 [ 13.   7.  10.]]
cf_score, 27.0
ratio, 0.424242424242
[[ 26.   6.   8.]
 [ 12.  12.   3.]
 [ 14.   5.  14.]]
cf_score, 30.0
ratio, 0.525252525253
[[ 27.   5.   2.]
 [ 20.   8.   1.]
 [ 22.  10.   5.]]
cf_score, 16.0
ratio, 0.40404040404
[[ 21.   5.   3.]
 [ 21.  10.   3.]
 [ 17.   7.  13.]]
cf_score, 24.0
ratio, 0.444444444444
[[ 24.   4.   4.]
 [ 20.  14.   2.]
 [ 20.   6.   6.]]
cf_score, 20.0
ratio, 0.444444444444
[[ 22.   3.   3.]
 [ 14.   8.   8.]
 [ 23.   7.  12.]]
cf_score, 16.0
ratio, 0.424242424242
[[ 32.   4.   1.]
 [ 13.   8.   5.]
 [ 20.   9.   8.]]
cf_score, 27.0
ratio, 0.484848484848
[[ 29.   2.   3.]
 [ 17.   9.   7.]
 [ 17.   3.  13.]]
cf_score, 31.0
ratio, 0.515151515152
[[ 21.   5.   1.]
 [ 21.  15.   1.]
 [ 20.   5.  11.]]
cf_score, 26.0
ratio, 0.474747474747
[[ 26.   3.   4.]
 [ 24.   6.   7.]
 [ 20.   5.   5.]]
cf_score, 13.0
ratio, 0.373737373737
[[ 30.   7.   4.]
 [ 23.  12.   2.]
 [ 12.   3.   7.]]
cf_score, 33.0
ratio, 0.494949494949
[[ 21.   8.   6.]
 [ 22.   5.   2.]
 [ 20.   7.   9.]]
cf_score, 9.0
ratio, 0.353535353535
[[ 28.   4.   1.]
 [ 22.   6.   3.]
 [ 20.   9.   7.]]
cf_score, 20.0
ratio, 0.414141414141
[[ 23.   2.   2.]
 [ 25.  11.   1.]
 [ 22.   2.  12.]]
cf_score, 22.0
ratio, 0.464646464646
[[ 35.   2.   2.]
 [ 28.   6.   2.]
 [ 16.   5.   4.]]
cf_score, 27.0
ratio, 0.454545454545
[[ 28.   6.   4.]
 [ 18.   8.   4.]
 [ 17.   6.   9.]]
cf_score, 24.0
ratio, 0.454545454545
[[ 22.   3.   3.]
 [ 27.   6.   3.]
 [ 22.   9.   5.]]
cf_score, 8.0
ratio, 0.333333333333
[[ 24.   4.   3.]
 [ 23.   9.   6.]
 [ 17.   3.  11.]]
cf_score, 24.0
ratio, 0.444444444444
