[[  0.   0.  35.]
 [  0.   0.  38.]
 [  0.   0.  27.]]
cf_score, -8.0
nv_score, -81.0
ratio, 0.272727272727
[[  0.   0.  31.]
 [  0.   0.  40.]
 [  0.   0.  29.]]
cf_score, -2.0
nv_score, -73.0
ratio, 0.292929292929
[[  0.   0.  33.]
 [  0.   0.  38.]
 [  0.   0.  29.]]
cf_score, -4.0
nv_score, -75.0
ratio, 0.292929292929
[[  0.   0.  27.]
 [  0.   0.  38.]
 [  0.   0.  35.]]
cf_score, 8.0
nv_score, -57.0
ratio, 0.353535353535
[[  0.   0.  32.]
 [  0.   0.  39.]
 [  0.   0.  29.]]
cf_score, -3.0
nv_score, -74.0
ratio, 0.292929292929
[[  0.   0.  31.]
 [  0.   0.  44.]
 [  0.   0.  25.]]
cf_score, -6.0
nv_score, -81.0
ratio, 0.252525252525
[[  0.   0.  32.]
 [  0.   0.  43.]
 [  0.   0.  25.]]
cf_score, -7.0
nv_score, -82.0
ratio, 0.252525252525
[[  0.   0.  33.]
 [  0.   0.  36.]
 [  0.   0.  31.]]
cf_score, -2.0
nv_score, -71.0
ratio, 0.313131313131
[[  0.   0.  27.]
 [  0.   0.  37.]
 [  0.   0.  36.]]
cf_score, 9.0
nv_score, -55.0
ratio, 0.363636363636
[[  0.   0.  27.]
 [  0.   0.  36.]
 [  0.   0.  37.]]
cf_score, 10.0
nv_score, -53.0
ratio, 0.373737373737
[[  0.   0.  30.]
 [  0.   0.  39.]
 [  0.   0.  31.]]
cf_score, 1.0
nv_score, -68.0
ratio, 0.313131313131
[[ 16.  14.   0.]
 [ 17.  18.   0.]
 [ 17.  17.   1.]]
cf_score, 18.0
nv_score, 1.0
ratio, 0.353535353535
[[ 19.  10.   0.]
 [ 26.  20.   0.]
 [ 12.  11.   2.]]
cf_score, 29.0
nv_score, 2.0
ratio, 0.414141414141
[[ 10.  13.   2.]
 [ 25.  25.   0.]
 [  8.  15.   2.]]
cf_score, 27.0
nv_score, -2.0
ratio, 0.373737373737
[[ 20.   6.   1.]
 [ 17.  15.   1.]
 [ 18.  22.   0.]]
cf_score, 16.0
nv_score, -3.0
ratio, 0.353535353535
[[ 17.   6.   0.]
 [ 25.  23.   0.]
 [ 14.  13.   2.]]
cf_score, 28.0
nv_score, 2.0
ratio, 0.424242424242
[[ 23.  11.   0.]
 [ 16.  13.   6.]
 [ 13.  17.   1.]]
cf_score, 24.0
nv_score, -5.0
ratio, 0.373737373737
[[ 24.  11.   1.]
 [ 21.  13.   2.]
 [ 16.  10.   2.]]
cf_score, 22.0
nv_score, -2.0
ratio, 0.393939393939
[[ 21.   7.   1.]
 [ 29.  20.   0.]
 [ 12.   7.   3.]]
cf_score, 31.0
nv_score, 1.0
ratio, 0.444444444444
[[ 23.   7.   4.]
 [ 20.  20.   1.]
 [ 19.   1.   5.]]
cf_score, 25.0
nv_score, -4.0
ratio, 0.484848484848
[[ 21.   8.   1.]
 [ 14.  15.   7.]
 [ 18.  13.   3.]]
cf_score, 20.0
nv_score, -6.0
ratio, 0.393939393939
[[ 16.   9.   1.]
 [ 23.  19.   1.]
 [ 17.   8.   6.]]
cf_score, 23.0
nv_score, 3.0
ratio, 0.414141414141
[[  0.  11.  17.]
 [  0.  18.  28.]
 [  0.   5.  21.]]
cf_score, 22.0
nv_score, -41.0
ratio, 0.393939393939
[[  0.   8.  23.]
 [  0.  16.  26.]
 [  0.   8.  19.]]
cf_score, 12.0
nv_score, -53.0
ratio, 0.353535353535
[[  0.  12.  20.]
 [  0.  16.  28.]
 [  0.   4.  20.]]
cf_score, 16.0
nv_score, -48.0
ratio, 0.363636363636
[[  0.   6.  29.]
 [  0.   9.  23.]
 [  0.  12.  21.]]
cf_score, 1.0
nv_score, -60.0
ratio, 0.30303030303
[[  0.   7.  21.]
 [  0.  16.  27.]
 [  0.   7.  22.]]
cf_score, 17.0
nv_score, -47.0
ratio, 0.383838383838
[[  0.  10.  21.]
 [  0.  15.  21.]
 [  0.   9.  24.]]
cf_score, 18.0
nv_score, -39.0
ratio, 0.393939393939
[[  0.   3.  21.]
 [  0.  12.  25.]
 [  0.  12.  27.]]
cf_score, 18.0
nv_score, -40.0
ratio, 0.393939393939
[[ 18.   3.   7.]
 [ 13.  11.  12.]
 [ 15.   9.  12.]]
cf_score, 19.0
nv_score, -14.0
ratio, 0.414141414141
[[ 13.   2.   7.]
 [ 22.  11.  13.]
 [ 14.  12.   6.]]
cf_score, 9.0
nv_score, -21.0
ratio, 0.30303030303
[[ 12.   4.   9.]
 [ 19.  12.  12.]
 [ 15.   7.  10.]]
cf_score, 10.0
nv_score, -20.0
ratio, 0.343434343434
[[ 21.   3.   9.]
 [ 11.   9.  13.]
 [ 21.   4.   9.]]
cf_score, 9.0
nv_score, -22.0
ratio, 0.393939393939
[[ 21.   4.   8.]
 [ 25.   6.  14.]
 [ 12.   4.   6.]]
cf_score, 13.0
nv_score, -24.0
ratio, 0.333333333333
[[ 13.   4.   6.]
 [ 31.  10.   9.]
 [ 12.   6.   9.]]
cf_score, 14.0
nv_score, -12.0
ratio, 0.323232323232
[[ 19.   6.  13.]
 [ 14.  17.  10.]
 [  7.   4.  10.]]
cf_score, 26.0
nv_score, -26.0
ratio, 0.464646464646
[[ 21.   2.  10.]
 [ 15.  10.  14.]
 [ 11.   7.  10.]]
cf_score, 20.0
nv_score, -24.0
ratio, 0.414141414141
[[ 21.   4.   6.]
 [ 18.  12.   4.]
 [ 14.   9.  12.]]
cf_score, 25.0
nv_score, -4.0
ratio, 0.454545454545
[[ 14.   2.   5.]
 [ 29.  10.   8.]
 [ 15.   5.  12.]]
cf_score, 16.0
nv_score, -6.0
ratio, 0.363636363636
[[ 20.   1.  10.]
 [ 16.   4.  10.]
 [ 18.   8.  13.]]
cf_score, 9.0
nv_score, -17.0
ratio, 0.373737373737
[[ 20.   5.  10.]
 [ 16.   8.   9.]
 [ 13.  13.   6.]]
cf_score, 11.0
nv_score, -23.0
ratio, 0.343434343434
[[ 15.   5.  11.]
 [ 13.  11.   9.]
 [ 20.  10.   6.]]
cf_score, 1.0
nv_score, -25.0
ratio, 0.323232323232
[[ 16.   5.   5.]
 [ 26.  16.  10.]
 [ 11.   6.   5.]]
cf_score, 21.0
nv_score, -15.0
ratio, 0.373737373737
[[ 14.   1.   5.]
 [ 22.   9.  12.]
 [ 15.  15.   7.]]
cf_score, 10.0
nv_score, -15.0
ratio, 0.30303030303
[[ 13.   6.   9.]
 [ 22.   8.  16.]
 [ 12.   5.   9.]]
cf_score, 9.0
nv_score, -25.0
ratio, 0.30303030303
[[ 23.   3.   6.]
 [ 14.  11.   9.]
 [ 16.  12.   6.]]
cf_score, 18.0
nv_score, -15.0
ratio, 0.40404040404
[[ 14.   4.   8.]
 [ 17.   8.  14.]
 [ 15.   7.  13.]]
cf_score, 12.0
nv_score, -17.0
ratio, 0.353535353535
[[ 14.   8.   2.]
 [ 20.   8.   6.]
 [ 21.  12.   9.]]
cf_score, 8.0
nv_score, -1.0
ratio, 0.313131313131
[[ 14.   7.   9.]
 [ 15.  10.  14.]
 [ 15.   8.   8.]]
cf_score, 8.0
nv_score, -24.0
ratio, 0.323232323232
[[ 18.   3.   9.]
 [ 15.  13.  12.]
 [ 12.   8.  10.]]
cf_score, 20.0
nv_score, -20.0
ratio, 0.414141414141
