[[ 21.   0.  10.]
 [ 27.   0.  10.]
 [ 15.   0.  17.]]
cf_score, 13.0
nv_score, -13.0
ratio, 0.383838383838
[[  1.  25.   5.]
 [  1.  20.  14.]
 [  3.  10.  21.]]
cf_score, 34.0
nv_score, -3.0
ratio, 0.424242424242
[[  2.  26.  10.]
 [  0.  17.  10.]
 [  3.   6.  26.]]
cf_score, 32.0
nv_score, -4.0
ratio, 0.454545454545
[[  9.  16.   8.]
 [  2.  17.  15.]
 [  4.   5.  24.]]
cf_score, 38.0
nv_score, -7.0
ratio, 0.505050505051
[[  2.  25.  10.]
 [  3.  11.  20.]
 [  0.  10.  19.]]
cf_score, 22.0
nv_score, -21.0
ratio, 0.323232323232
[[  0.  19.  15.]
 [  0.  15.  19.]
 [  0.  10.  22.]]
cf_score, 22.0
nv_score, -27.0
ratio, 0.373737373737
[[  2.  14.  20.]
 [  0.  15.  13.]
 [  0.   7.  29.]]
cf_score, 26.0
nv_score, -24.0
ratio, 0.464646464646
[[  0.  20.   8.]
 [  0.  14.  16.]
 [  1.   7.  34.]]
cf_score, 39.0
nv_score, 2.0
ratio, 0.484848484848
[[  5.  15.   6.]
 [  3.  13.  20.]
 [  1.   6.  31.]]
cf_score, 42.0
nv_score, -1.0
ratio, 0.494949494949
[[  1.  14.   9.]
 [  0.  21.  14.]
 [  2.  11.  28.]]
cf_score, 39.0
nv_score, -4.0
ratio, 0.505050505051
[[  2.  13.   9.]
 [  2.  20.  19.]
 [  3.   5.  27.]]
cf_score, 37.0
nv_score, -10.0
ratio, 0.494949494949
[[  1.  19.  11.]
 [  2.  13.  14.]
 [  0.  11.  29.]]
cf_score, 32.0
nv_score, -7.0
ratio, 0.434343434343
[[  0.  20.  11.]
 [  0.  22.  15.]
 [  0.   8.  24.]]
cf_score, 35.0
nv_score, -13.0
ratio, 0.464646464646
[[  0.  27.   7.]
 [  0.  21.  15.]
 [  0.  15.  15.]]
cf_score, 29.0
nv_score, -14.0
ratio, 0.363636363636
[[ 25.   5.  13.]
 [ 14.   1.  10.]
 [  8.   3.  21.]]
cf_score, 26.0
nv_score, -15.0
ratio, 0.474747474747
[[ 10.   7.  14.]
 [  4.  10.  12.]
 [  1.  11.  31.]]
cf_score, 36.0
nv_score, -9.0
ratio, 0.515151515152
[[ 10.   5.  11.]
 [ 17.   4.  13.]
 [  7.  10.  23.]]
cf_score, 19.0
nv_score, -12.0
ratio, 0.373737373737
[[ 18.   1.   7.]
 [ 13.  17.  13.]
 [  1.   2.  28.]]
cf_score, 55.0
nv_score, 1.0
ratio, 0.636363636364
[[  7.   8.  10.]
 [  8.  12.  17.]
 [  2.   7.  29.]]
cf_score, 36.0
nv_score, -8.0
ratio, 0.484848484848
[[ 20.  10.   3.]
 [  6.   9.  13.]
 [  5.  10.  24.]]
cf_score, 45.0
nv_score, 5.0
ratio, 0.535353535354
[[  7.  13.  11.]
 [  4.   9.  22.]
 [  2.   7.  25.]]
cf_score, 28.0
nv_score, -19.0
ratio, 0.414141414141
[[ 12.   4.  12.]
 [ 17.   8.   9.]
 [  4.   7.  27.]]
cf_score, 31.0
nv_score, -6.0
ratio, 0.474747474747
[[ 21.   4.   8.]
 [ 11.   6.  18.]
 [  4.   4.  24.]]
cf_score, 39.0
nv_score, -10.0
ratio, 0.515151515152
[[  9.  11.   3.]
 [ 10.   5.  28.]
 [  4.   6.  24.]]
cf_score, 31.0
nv_score, -10.0
ratio, 0.383838383838
[[ 16.   5.  13.]
 [ 14.   8.  12.]
 [  2.   6.  24.]]
cf_score, 33.0
nv_score, -14.0
ratio, 0.484848484848
[[ 19.   5.  15.]
 [ 12.   6.  13.]
 [  6.   3.  21.]]
cf_score, 25.0
nv_score, -22.0
ratio, 0.464646464646
[[ 20.   0.  14.]
 [ 15.   1.  20.]
 [  9.   0.  21.]]
cf_score, 19.0
nv_score, -27.0
ratio, 0.424242424242
[[ 25.   0.  10.]
 [ 16.   0.  12.]
 [ 11.   0.  26.]]
cf_score, 30.0
nv_score, -6.0
ratio, 0.515151515152
[[ 21.   0.  11.]
 [ 25.   0.  14.]
 [  6.   1.  22.]]
cf_score, 26.0
nv_score, -14.0
ratio, 0.434343434343
[[ 20.   1.   9.]
 [ 14.   3.  12.]
 [  7.   9.  25.]]
cf_score, 32.0
nv_score, -5.0
ratio, 0.484848484848
[[ 15.   1.  11.]
 [ 12.   5.  14.]
 [ 12.   3.  27.]]
cf_score, 24.0
nv_score, -9.0
ratio, 0.474747474747
[[ 16.   0.  17.]
 [ 14.   1.  16.]
 [ 15.   3.  18.]]
cf_score, 3.0
nv_score, -32.0
ratio, 0.353535353535
[[ 16.   1.  14.]
 [ 16.   4.  12.]
 [  7.   3.  27.]]
cf_score, 26.0
nv_score, -13.0
ratio, 0.474747474747
[[ 10.   8.  14.]
 [  4.   8.  16.]
 [ 13.   2.  25.]]
cf_score, 16.0
nv_score, -19.0
ratio, 0.434343434343
[[ 15.   6.  10.]
 [ 18.   2.  14.]
 [ 10.   5.  20.]]
cf_score, 17.0
nv_score, -14.0
ratio, 0.373737373737
[[ 16.   1.  10.]
 [ 15.   5.  20.]
 [  6.   4.  23.]]
cf_score, 28.0
nv_score, -17.0
ratio, 0.444444444444
[[ 18.   5.   9.]
 [ 19.   3.  10.]
 [  8.   2.  26.]]
cf_score, 30.0
nv_score, -2.0
ratio, 0.474747474747
[[ 25.   1.  13.]
 [ 11.   1.  11.]
 [ 14.   2.  22.]]
cf_score, 21.0
nv_score, -15.0
ratio, 0.484848484848
[[ 11.  12.  10.]
 [ 10.  11.  15.]
 [  8.   3.  20.]]
cf_score, 24.0
nv_score, -15.0
ratio, 0.424242424242
[[ 12.   8.  12.]
 [ 15.  11.  10.]
 [  3.   3.  26.]]
cf_score, 34.0
nv_score, -8.0
ratio, 0.494949494949
[[ 22.   0.  11.]
 [ 20.   0.  13.]
 [ 12.   2.  20.]]
cf_score, 19.0
nv_score, -15.0
ratio, 0.424242424242
[[  6.  18.  16.]
 [ 16.   6.  17.]
 [  4.   2.  15.]]
cf_score, 7.0
nv_score, -34.0
ratio, 0.272727272727
[[ 17.   6.   8.]
 [ 10.   7.  13.]
 [ 12.   2.  25.]]
cf_score, 29.0
nv_score, -4.0
ratio, 0.494949494949
[[ 22.   2.  12.]
 [ 16.   5.  15.]
 [  7.   3.  18.]]
cf_score, 26.0
nv_score, -21.0
ratio, 0.454545454545
[[  8.   4.  17.]
 [  7.   9.  22.]
 [  4.   4.  25.]]
cf_score, 21.0
nv_score, -31.0
ratio, 0.424242424242
[[ 19.   5.  14.]
 [ 10.   9.  18.]
 [  4.   3.  18.]]
cf_score, 28.0
nv_score, -28.0
ratio, 0.464646464646
[[ 20.   0.   4.]
 [ 20.   5.   9.]
 [  9.   3.  30.]]
cf_score, 42.0
nv_score, 13.0
ratio, 0.555555555556
[[  7.  14.   6.]
 [ 13.   7.  18.]
 [  5.   6.  24.]]
cf_score, 27.0
nv_score, -6.0
ratio, 0.383838383838
[[ 16.   2.  18.]
 [ 19.   3.  17.]
 [  3.   1.  21.]]
cf_score, 19.0
nv_score, -32.0
ratio, 0.40404040404
[[ 10.  11.  11.]
 [ 13.   2.  14.]
 [  4.   3.  32.]]
cf_score, 29.0
nv_score, -4.0
ratio, 0.444444444444
