[[ 27.   0.   5.]
 [ 35.   0.   2.]
 [ 23.   0.   8.]]
cf_score, 7.0
ratio, 0.353535353535
[[  2.  22.   8.]
 [  2.  23.   5.]
 [  1.  18.  19.]]
cf_score, 35.0
ratio, 0.444444444444
[[  0.  30.   6.]
 [  0.  21.   7.]
 [  0.  17.  19.]]
cf_score, 34.0
ratio, 0.40404040404
[[ 18.   4.   7.]
 [ 20.   4.   5.]
 [ 11.   9.  22.]]
cf_score, 26.0
ratio, 0.444444444444
[[ 20.   4.   6.]
 [ 23.   6.   3.]
 [ 19.   4.  15.]]
cf_score, 16.0
ratio, 0.414141414141
[[ 31.   1.   7.]
 [ 17.   7.   7.]
 [  9.   2.  19.]]
cf_score, 41.0
ratio, 0.575757575758
[[ 17.   3.   4.]
 [ 19.  10.  13.]
 [  2.   5.  27.]]
cf_score, 48.0
ratio, 0.545454545455
[[ 16.   9.  10.]
 [ 10.  12.   5.]
 [  7.   9.  22.]]
cf_score, 33.0
ratio, 0.505050505051
[[ 18.   5.   9.]
 [  7.  16.  11.]
 [  6.   9.  19.]]
cf_score, 38.0
ratio, 0.535353535354
[[ 11.  12.  11.]
 [  9.  12.   7.]
 [  6.   7.  25.]]
cf_score, 31.0
ratio, 0.484848484848
[[ 24.   9.   5.]
 [ 10.  14.   7.]
 [  7.   3.  21.]]
cf_score, 47.0
ratio, 0.59595959596
[[ 23.   4.   7.]
 [ 17.  15.   5.]
 [  6.   5.  18.]]
cf_score, 43.0
ratio, 0.565656565657
[[ 15.   9.  12.]
 [  7.  13.   7.]
 [  3.   8.  26.]]
cf_score, 39.0
ratio, 0.545454545455
[[ 20.   3.   4.]
 [ 23.  12.   5.]
 [  6.  10.  17.]]
cf_score, 39.0
ratio, 0.494949494949
[[ 15.  10.   8.]
 [ 11.  17.   4.]
 [  8.   5.  22.]]
cf_score, 38.0
ratio, 0.545454545455
[[ 21.   8.   6.]
 [  6.  18.   8.]
 [  6.   6.  21.]]
cf_score, 48.0
ratio, 0.606060606061
[[  9.   9.   9.]
 [ 13.  18.   6.]
 [  5.   9.  22.]]
cf_score, 35.0
ratio, 0.494949494949
[[ 12.   6.  10.]
 [  8.  16.  10.]
 [  8.   9.  21.]]
cf_score, 31.0
ratio, 0.494949494949
[[ 11.  10.  12.]
 [ 11.  13.   9.]
 [  6.   9.  19.]]
cf_score, 25.0
ratio, 0.434343434343
[[ 21.   8.  13.]
 [ 10.  10.   7.]
 [  5.   3.  23.]]
cf_score, 36.0
ratio, 0.545454545455
[[ 13.  10.   9.]
 [  7.  11.   8.]
 [  9.   8.  25.]]
cf_score, 31.0
ratio, 0.494949494949
[[ 21.   6.   8.]
 [ 13.  13.   7.]
 [  4.   8.  20.]]
cf_score, 42.0
ratio, 0.545454545455
[[  8.  11.   5.]
 [  5.  25.   9.]
 [  4.   9.  24.]]
cf_score, 48.0
ratio, 0.575757575758
[[ 18.  11.  10.]
 [  8.  18.   7.]
 [  4.   5.  19.]]
cf_score, 41.0
ratio, 0.555555555556
[[ 14.  10.   9.]
 [ 13.  12.   9.]
 [  5.   8.  20.]]
cf_score, 32.0
ratio, 0.464646464646
[[ 26.   6.   2.]
 [ 17.   9.   7.]
 [  5.  12.  16.]]
cf_score, 44.0
ratio, 0.515151515152
[[ 22.   8.   7.]
 [ 19.  14.   5.]
 [  8.   6.  11.]]
cf_score, 32.0
ratio, 0.474747474747
[[ 14.  12.  12.]
 [  8.  17.  10.]
 [  4.   4.  19.]]
cf_score, 34.0
ratio, 0.505050505051
[[ 14.  13.   6.]
 [ 17.   8.  11.]
 [  3.  10.  18.]]
cf_score, 31.0
ratio, 0.40404040404
[[ 11.   8.   8.]
 [ 15.  13.   5.]
 [  3.  11.  26.]]
cf_score, 39.0
ratio, 0.505050505051
[[ 11.  12.   9.]
 [  4.  19.   9.]
 [  8.   6.  22.]]
cf_score, 35.0
ratio, 0.525252525253
[[ 22.   7.   9.]
 [  8.  16.   5.]
 [  6.   8.  19.]]
cf_score, 42.0
ratio, 0.575757575758
[[ 15.  10.  11.]
 [  7.  14.   6.]
 [  7.   7.  23.]]
cf_score, 34.0
ratio, 0.525252525253
[[ 10.   8.   8.]
 [ 23.   9.   4.]
 [  7.   8.  23.]]
cf_score, 27.0
ratio, 0.424242424242
[[ 18.  13.   7.]
 [ 13.  10.  12.]
 [  6.   8.  13.]]
cf_score, 28.0
ratio, 0.414141414141
[[ 15.   8.  10.]
 [ 13.  15.   6.]
 [  6.   9.  18.]]
cf_score, 32.0
ratio, 0.484848484848
[[ 22.   1.   6.]
 [  4.  20.  10.]
 [ 10.   7.  20.]]
cf_score, 46.0
ratio, 0.626262626263
[[ 10.  12.  10.]
 [ 15.  16.   4.]
 [  6.   7.  20.]]
cf_score, 30.0
ratio, 0.464646464646
[[ 21.  10.   4.]
 [ 11.   7.   4.]
 [  8.  11.  24.]]
cf_score, 40.0
ratio, 0.525252525253
[[ 11.   7.  11.]
 [ 12.  20.   5.]
 [  3.  10.  21.]]
cf_score, 38.0
ratio, 0.525252525253
[[ 17.   8.   6.]
 [ 10.  14.   7.]
 [  5.  12.  21.]]
cf_score, 41.0
ratio, 0.525252525253
[[ 14.   9.  11.]
 [ 14.  16.   5.]
 [  3.  12.  16.]]
cf_score, 32.0
ratio, 0.464646464646
[[ 14.   8.  10.]
 [  8.  13.  11.]
 [  4.   6.  26.]]
cf_score, 39.0
ratio, 0.535353535354
[[ 12.  11.   9.]
 [ 12.  10.  13.]
 [  4.   9.  20.]]
cf_score, 29.0
ratio, 0.424242424242
[[ 14.   9.  12.]
 [  7.  11.   7.]
 [  8.   8.  24.]]
cf_score, 29.0
ratio, 0.494949494949
[[ 13.   9.  13.]
 [  8.  15.   5.]
 [  7.   8.  22.]]
cf_score, 30.0
ratio, 0.505050505051
[[ 10.  10.   5.]
 [ 11.  16.   6.]
 [  6.  14.  22.]]
cf_score, 37.0
ratio, 0.484848484848
[[ 21.   5.   6.]
 [ 10.  12.   9.]
 [  6.   9.  22.]]
cf_score, 43.0
ratio, 0.555555555556
[[ 18.   8.   4.]
 [ 16.  17.   5.]
 [  7.   3.  22.]]
cf_score, 46.0
ratio, 0.575757575758
[[ 18.   7.   8.]
 [  8.  14.   7.]
 [ 11.  10.  17.]]
cf_score, 30.0
ratio, 0.494949494949
[[  8.  14.   9.]
 [ 10.  19.   8.]
 [  9.   6.  17.]]
cf_score, 26.0
ratio, 0.444444444444
[[ 20.   8.   9.]
 [ 13.   6.   7.]
 [  9.   7.  21.]]
cf_score, 29.0
ratio, 0.474747474747
[[ 12.   7.   9.]
 [ 11.  16.   9.]
 [ 10.   2.  24.]]
cf_score, 33.0
ratio, 0.525252525253
[[ 17.   9.   5.]
 [  9.  18.   9.]
 [  8.   7.  18.]]
cf_score, 40.0
ratio, 0.535353535354
[[ 12.  14.  11.]
 [  7.  11.   7.]
 [ 10.   6.  22.]]
cf_score, 24.0
ratio, 0.454545454545
[[ 24.   6.   7.]
 [  8.  17.   6.]
 [  5.   7.  20.]]
cf_score, 49.0
ratio, 0.616161616162
[[ 18.   6.   7.]
 [ 17.  10.  11.]
 [  4.   7.  20.]]
cf_score, 37.0
ratio, 0.484848484848
[[ 22.  11.   7.]
 [ 14.  12.   8.]
 [  3.   3.  20.]]
cf_score, 44.0
ratio, 0.545454545455
[[ 18.   7.  12.]
 [ 12.  15.   5.]
 [  5.   9.  17.]]
cf_score, 33.0
ratio, 0.505050505051
[[ 15.   7.   6.]
 [ 15.   6.   7.]
 [  8.   9.  27.]]
cf_score, 34.0
ratio, 0.484848484848
[[ 19.   6.   8.]
 [ 13.  14.   7.]
 [  7.   6.  20.]]
cf_score, 38.0
ratio, 0.535353535354
[[ 13.   7.   7.]
 [  9.  19.   4.]
 [  6.   9.  26.]]
cf_score, 45.0
ratio, 0.585858585859
[[ 19.   7.  10.]
 [ 17.   9.   8.]
 [  4.   9.  17.]]
cf_score, 31.0
ratio, 0.454545454545
[[ 13.   6.   5.]
 [ 10.  19.   8.]
 [  6.   8.  25.]]
cf_score, 46.0
ratio, 0.575757575758
[[  9.  14.  10.]
 [ 13.  13.   5.]
 [  6.   9.  21.]]
cf_score, 27.0
ratio, 0.434343434343
[[ 10.   9.  11.]
 [ 15.  10.   8.]
 [  5.   8.  24.]]
cf_score, 28.0
ratio, 0.444444444444
[[ 14.   7.   8.]
 [  9.  15.   8.]
 [  8.  11.  20.]]
cf_score, 33.0
ratio, 0.494949494949
[[ 12.   4.  11.]
 [ 11.  16.  13.]
 [  8.   6.  19.]]
cf_score, 28.0
ratio, 0.474747474747
[[ 10.  11.   9.]
 [ 14.  13.   8.]
 [  6.   7.  22.]]
cf_score, 30.0
ratio, 0.454545454545
[[ 14.   7.  15.]
 [ 10.  12.   7.]
 [  4.   3.  28.]]
cf_score, 35.0
ratio, 0.545454545455
[[ 20.   5.   9.]
 [ 13.   8.   7.]
 [  5.   9.  24.]]
cf_score, 38.0
ratio, 0.525252525253
[[ 14.  10.  11.]
 [ 10.   9.   5.]
 [ 10.   8.  23.]]
cf_score, 25.0
ratio, 0.464646464646
[[ 13.   9.  11.]
 [  8.  23.   4.]
 [  4.   6.  22.]]
cf_score, 43.0
ratio, 0.585858585859
[[ 13.   5.   8.]
 [ 10.  19.   8.]
 [  5.   5.  27.]]
cf_score, 46.0
ratio, 0.59595959596
[[ 17.   7.   9.]
 [ 16.   9.  12.]
 [  9.   9.  12.]]
cf_score, 20.0
ratio, 0.383838383838
[[ 25.  12.   7.]
 [ 12.  12.  10.]
 [  1.   4.  17.]]
cf_score, 46.0
ratio, 0.545454545455
[[ 13.   8.   5.]
 [ 17.  14.   6.]
 [  7.   6.  24.]]
cf_score, 39.0
ratio, 0.515151515152
[[ 13.  10.  11.]
 [ 13.  16.   5.]
 [  5.   7.  20.]]
cf_score, 33.0
ratio, 0.494949494949
[[ 13.   9.  10.]
 [ 13.  21.  11.]
 [  3.   6.  14.]]
cf_score, 35.0
ratio, 0.484848484848
[[ 15.   4.   6.]
 [ 19.  12.   3.]
 [ 11.  12.  18.]]
cf_score, 28.0
ratio, 0.454545454545
[[ 15.  12.   8.]
 [  9.  12.   6.]
 [  5.  10.  23.]]
cf_score, 37.0
ratio, 0.505050505051
[[ 12.   8.   9.]
 [ 11.  14.   8.]
 [  5.   8.  25.]]
cf_score, 37.0
ratio, 0.515151515152
[[ 16.  10.   9.]
 [ 12.  14.   5.]
 [  4.   4.  26.]]
cf_score, 43.0
ratio, 0.565656565657
[[ 14.  11.   9.]
 [ 10.  15.   7.]
 [  5.   9.  20.]]
cf_score, 35.0
ratio, 0.494949494949
[[ 14.   6.   9.]
 [  9.  16.   9.]
 [  5.  12.  20.]]
cf_score, 36.0
ratio, 0.505050505051
[[ 11.  10.  13.]
 [  7.  25.   5.]
 [  5.   5.  19.]]
cf_score, 37.0
ratio, 0.555555555556
[[ 22.  10.  10.]
 [ 16.  10.  10.]
 [  4.   5.  13.]]
cf_score, 31.0
ratio, 0.454545454545
[[ 10.  10.   9.]
 [ 13.  17.  11.]
 [  5.   8.  17.]]
cf_score, 30.0
ratio, 0.444444444444
[[ 15.   8.   4.]
 [ 11.  12.   8.]
 [  8.   8.  26.]]
cf_score, 41.0
ratio, 0.535353535354
[[ 11.   5.  12.]
 [ 10.  13.  11.]
 [  5.  10.  23.]]
cf_score, 30.0
ratio, 0.474747474747
[[ 17.   5.   8.]
 [ 19.  13.   8.]
 [  6.   7.  17.]]
cf_score, 33.0
ratio, 0.474747474747
[[ 10.   8.   8.]
 [  8.  23.  10.]
 [  7.   5.  21.]]
cf_score, 39.0
ratio, 0.545454545455
[[  9.   5.  11.]
 [  6.  24.   6.]
 [  7.   6.  26.]]
cf_score, 41.0
ratio, 0.59595959596
[[  9.   9.   9.]
 [ 12.  16.   9.]
 [  6.   5.  25.]]
cf_score, 35.0
ratio, 0.505050505051
[[ 17.   2.  10.]
 [ 20.   9.   6.]
 [  5.   6.  25.]]
cf_score, 36.0
ratio, 0.515151515152
[[ 11.   4.   8.]
 [ 14.  15.  10.]
 [  7.   6.  25.]]
cf_score, 36.0
ratio, 0.515151515152
[[ 20.   3.  11.]
 [ 14.  13.   4.]
 [  4.  10.  21.]]
cf_score, 39.0
ratio, 0.545454545455
[[ 10.   8.  15.]
 [ 15.  18.   4.]
 [  5.   6.  19.]]
cf_score, 27.0
ratio, 0.474747474747
[[ 12.   6.  11.]
 [ 13.  15.   8.]
 [  5.   5.  25.]]
cf_score, 36.0
ratio, 0.525252525253
[[ 19.  12.   8.]
 [ 11.  20.   5.]
 [  5.  10.  10.]]
cf_score, 36.0
ratio, 0.494949494949
