[[  0.  18.  17.]
 [  0.  22.   5.]
 [  0.  15.  23.]]
cf_score, 28.0
nv_score, -16.0
ratio, 0.454545454545
[[  1.  19.  13.]
 [  0.  22.   7.]
 [  3.  12.  23.]]
cf_score, 30.0
nv_score, -10.0
ratio, 0.464646464646
[[  4.  19.  13.]
 [  0.  18.   8.]
 [  2.   9.  27.]]
cf_score, 34.0
nv_score, -7.0
ratio, 0.494949494949
[[  1.  17.  11.]
 [  2.  20.   5.]
 [  3.  17.  24.]]
cf_score, 31.0
nv_score, -3.0
ratio, 0.454545454545
[[  2.  24.  10.]
 [  3.  24.   5.]
 [  2.   8.  22.]]
cf_score, 36.0
nv_score, -3.0
ratio, 0.484848484848
[[  7.  17.  13.]
 [  5.  21.   3.]
 [  5.   7.  22.]]
cf_score, 32.0
nv_score, -7.0
ratio, 0.505050505051
[[  5.  19.   9.]
 [  6.  22.   8.]
 [  3.   6.  22.]]
cf_score, 37.0
nv_score, -4.0
ratio, 0.494949494949
[[  1.  13.  13.]
 [  4.  25.   7.]
 [  5.  12.  20.]]
cf_score, 28.0
nv_score, -13.0
ratio, 0.464646464646
[[  8.  19.  13.]
 [  5.  15.   5.]
 [  2.  12.  21.]]
cf_score, 29.0
nv_score, -10.0
ratio, 0.444444444444
[[  4.  13.  15.]
 [  1.  30.   7.]
 [  2.   8.  20.]]
cf_score, 37.0
nv_score, -17.0
ratio, 0.545454545455
[[ 13.  13.   9.]
 [  1.  23.   6.]
 [  2.   5.  28.]]
cf_score, 53.0
nv_score, 4.0
ratio, 0.646464646465
[[ 10.  19.   9.]
 [  5.  21.   7.]
 [  3.   4.  22.]]
cf_score, 41.0
nv_score, -3.0
ratio, 0.535353535354
[[  4.  19.  19.]
 [  5.  15.   1.]
 [  9.  12.  16.]]
cf_score, 7.0
nv_score, -23.0
ratio, 0.353535353535
[[  7.  15.   8.]
 [  7.  26.   3.]
 [  5.   7.  22.]]
cf_score, 42.0
nv_score, 3.0
ratio, 0.555555555556
[[  6.  14.  13.]
 [  2.  27.   4.]
 [  9.   8.  17.]]
cf_score, 28.0
nv_score, -13.0
ratio, 0.505050505051
[[  8.  20.  15.]
 [  0.  17.   4.]
 [  7.   4.  25.]]
cf_score, 28.0
nv_score, -9.0
ratio, 0.505050505051
[[  7.  15.  10.]
 [  9.  17.   5.]
 [  7.  13.  17.]]
cf_score, 24.0
nv_score, -8.0
ratio, 0.414141414141
[[  4.  18.  12.]
 [  6.  17.   5.]
 [  8.  10.  20.]]
cf_score, 21.0
nv_score, -9.0
ratio, 0.414141414141
[[  7.  17.  13.]
 [  8.  23.   8.]
 [  4.   2.  18.]]
cf_score, 31.0
nv_score, -16.0
ratio, 0.484848484848
[[  8.  12.  10.]
 [  5.  20.   5.]
 [  8.  14.  18.]]
cf_score, 28.0
nv_score, -7.0
ratio, 0.464646464646
[[ 10.  15.  13.]
 [  5.  16.   4.]
 [ 11.   8.  18.]]
cf_score, 20.0
nv_score, -12.0
ratio, 0.444444444444
[[ 13.  15.  12.]
 [  6.  16.   6.]
 [  4.   4.  24.]]
cf_score, 37.0
nv_score, -6.0
ratio, 0.535353535354
[[ 10.  15.  10.]
 [  9.  17.   4.]
 [ 13.   8.  14.]]
cf_score, 18.0
nv_score, -10.0
ratio, 0.414141414141
[[  8.  11.  15.]
 [ 12.  15.  10.]
 [  5.   7.  17.]]
cf_score, 20.0
nv_score, -23.0
ratio, 0.40404040404
[[ 14.  11.   8.]
 [ 10.  18.   7.]
 [  8.   5.  19.]]
cf_score, 35.0
nv_score, -4.0
ratio, 0.515151515152
[[ 12.  17.  14.]
 [  6.  17.   7.]
 [  7.   8.  12.]]
cf_score, 20.0
nv_score, -23.0
ratio, 0.414141414141
[[ 12.  17.   9.]
 [  6.  19.   3.]
 [ 10.   6.  18.]]
cf_score, 30.0
nv_score, -3.0
ratio, 0.494949494949
[[  7.   8.  12.]
 [ 17.  17.   9.]
 [  6.   5.  19.]]
cf_score, 25.0
nv_score, -14.0
ratio, 0.434343434343
[[ 19.  10.   8.]
 [  8.  13.   6.]
 [ 10.   3.  23.]]
cf_score, 37.0
nv_score, 1.0
ratio, 0.555555555556
[[ 12.  20.  10.]
 [  7.  15.   5.]
 [  8.   3.  20.]]
cf_score, 29.0
nv_score, -5.0
ratio, 0.474747474747
[[ 12.  16.  13.]
 [  9.  13.   6.]
 [  8.   4.  19.]]
cf_score, 23.0
nv_score, -13.0
ratio, 0.444444444444
[[  9.   6.  11.]
 [  7.  17.   6.]
 [  8.   3.  33.]]
cf_score, 40.0
nv_score, 5.0
ratio, 0.59595959596
[[  8.  14.  11.]
 [ 13.  16.   7.]
 [  7.   6.  18.]]
cf_score, 24.0
nv_score, -11.0
ratio, 0.424242424242
[[ 14.  11.  14.]
 [ 10.   9.   5.]
 [ 13.   5.  19.]]
cf_score, 15.0
nv_score, -14.0
ratio, 0.424242424242
[[ 12.  11.  11.]
 [ 15.  17.   3.]
 [ 14.   1.  16.]]
cf_score, 20.0
nv_score, -9.0
ratio, 0.454545454545
[[ 10.  11.  11.]
 [  8.  21.   2.]
 [ 14.   4.  19.]]
cf_score, 25.0
nv_score, -5.0
ratio, 0.505050505051
[[ 13.  10.   4.]
 [  9.  22.   5.]
 [  9.   7.  21.]]
cf_score, 43.0
nv_score, 8.0
ratio, 0.565656565657
[[ 14.   8.   7.]
 [ 10.  10.  15.]
 [ 12.  10.  14.]]
cf_score, 19.0
nv_score, -15.0
ratio, 0.383838383838
[[ 14.   6.  12.]
 [ 15.  14.   8.]
 [ 11.   2.  18.]]
cf_score, 23.0
nv_score, -14.0
ratio, 0.464646464646
[[  7.   6.  14.]
 [ 13.  11.   3.]
 [ 13.   7.  26.]]
cf_score, 17.0
nv_score, -5.0
ratio, 0.444444444444
[[ 15.  13.  15.]
 [ 16.  10.   7.]
 [  7.   3.  14.]]
cf_score, 17.0
nv_score, -23.0
ratio, 0.393939393939
[[  6.  12.   8.]
 [ 14.  11.   5.]
 [ 14.   4.  26.]]
cf_score, 21.0
nv_score, 5.0
ratio, 0.434343434343
[[ 10.   8.   6.]
 [ 19.  11.  10.]
 [ 11.   9.  16.]]
cf_score, 20.0
nv_score, -6.0
ratio, 0.373737373737
[[ 14.   9.   9.]
 [ 18.  14.   2.]
 [ 12.   3.  19.]]
cf_score, 26.0
nv_score, -1.0
ratio, 0.474747474747
[[ 14.  17.   8.]
 [  9.  10.  12.]
 [  4.   8.  18.]]
cf_score, 30.0
nv_score, -10.0
ratio, 0.424242424242
[[  9.  11.  13.]
 [  8.  17.   5.]
 [ 16.   5.  16.]]
cf_score, 13.0
nv_score, -15.0
ratio, 0.424242424242
[[  7.  16.   9.]
 [  9.  13.   7.]
 [ 11.   9.  19.]]
cf_score, 19.0
nv_score, -6.0
ratio, 0.393939393939
[[ 11.  13.   8.]
 [ 18.  17.   4.]
 [  5.   7.  17.]]
cf_score, 32.0
nv_score, -3.0
ratio, 0.454545454545
[[ 14.  11.  11.]
 [  8.  24.   3.]
 [ 10.   4.  15.]]
cf_score, 32.0
nv_score, -10.0
ratio, 0.535353535354
[[  7.  18.   9.]
 [  4.  25.   5.]
 [  8.   7.  17.]]
cf_score, 32.0
nv_score, -6.0
ratio, 0.494949494949
