[[  0.  35.   0.]
 [  0.  28.   0.]
 [  0.  37.   0.]]
cf_score, 28.0
nv_score, 0.0
ratio, 0.282828282828
[[ 29.   0.   0.]
 [ 38.   0.   0.]
 [ 33.   0.   0.]]
cf_score, -4.0
nv_score, 0.0
ratio, 0.292929292929
[[  0.  32.   0.]
 [  0.  34.   0.]
 [  0.  34.   0.]]
cf_score, 34.0
nv_score, 0.0
ratio, 0.343434343434
[[ 34.   0.   0.]
 [ 30.   0.   0.]
 [ 36.   0.   0.]]
cf_score, -2.0
nv_score, 0.0
ratio, 0.343434343434
[[  0.  30.   0.]
 [  0.  33.   0.]
 [  0.  37.   0.]]
cf_score, 33.0
nv_score, 0.0
ratio, 0.333333333333
[[ 36.   0.   0.]
 [ 39.   0.   0.]
 [ 25.   0.   0.]]
cf_score, 11.0
nv_score, 0.0
ratio, 0.363636363636
[[  0.   0.  37.]
 [  0.   0.  33.]
 [  0.   0.  30.]]
cf_score, -7.0
nv_score, -77.0
ratio, 0.30303030303
[[  0.  28.   0.]
 [  0.  28.   0.]
 [  0.  44.   0.]]
cf_score, 28.0
nv_score, 0.0
ratio, 0.282828282828
[[  0.  31.   0.]
 [  0.  28.   0.]
 [  0.  41.   0.]]
cf_score, 28.0
nv_score, 0.0
ratio, 0.282828282828
[[  0.   0.  29.]
 [  0.   0.  28.]
 [  0.   0.  43.]]
cf_score, 14.0
nv_score, -43.0
ratio, 0.434343434343
[[  0.   0.  36.]
 [  0.   0.  25.]
 [  0.   0.  39.]]
cf_score, 3.0
nv_score, -58.0
ratio, 0.393939393939
[[  0.  31.   0.]
 [  0.  31.   0.]
 [  0.  38.   0.]]
cf_score, 31.0
nv_score, 0.0
ratio, 0.313131313131
[[  0.   0.  43.]
 [  0.   0.  31.]
 [  0.   0.  26.]]
cf_score, -17.0
nv_score, -91.0
ratio, 0.262626262626
[[ 33.   0.   0.]
 [ 35.   0.   0.]
 [ 32.   0.   0.]]
cf_score, 1.0
nv_score, 0.0
ratio, 0.333333333333
[[  0.   0.  37.]
 [  0.   0.  33.]
 [  0.   0.  30.]]
cf_score, -7.0
nv_score, -77.0
ratio, 0.30303030303
[[  0.  39.   0.]
 [  0.  31.   0.]
 [  0.  30.   0.]]
cf_score, 31.0
nv_score, 0.0
ratio, 0.313131313131
[[  0.  40.   0.]
 [  0.  28.   0.]
 [  0.  32.   0.]]
cf_score, 28.0
nv_score, 0.0
ratio, 0.282828282828
[[  0.  36.   0.]
 [  0.  28.   0.]
 [  0.  36.   0.]]
cf_score, 28.0
nv_score, 0.0
ratio, 0.282828282828
[[  0.   0.  33.]
 [  0.   0.  39.]
 [  0.   0.  28.]]
cf_score, -5.0
nv_score, -77.0
ratio, 0.282828282828
[[  0.  35.   0.]
 [  0.  32.   0.]
 [  0.  33.   0.]]
cf_score, 32.0
nv_score, 0.0
ratio, 0.323232323232
[[  0.   0.  35.]
 [  0.   0.  34.]
 [  0.   0.  31.]]
cf_score, -4.0
nv_score, -73.0
ratio, 0.313131313131
[[ 28.   0.   0.]
 [ 35.   0.   0.]
 [ 37.   0.   0.]]
cf_score, -9.0
nv_score, 0.0
ratio, 0.282828282828
[[  0.  29.   0.]
 [  0.  37.   0.]
 [  0.  34.   0.]]
cf_score, 37.0
nv_score, 0.0
ratio, 0.373737373737
[[  0.   0.  33.]
 [  0.   0.  40.]
 [  0.   0.  27.]]
cf_score, -6.0
nv_score, -79.0
ratio, 0.272727272727
[[  0.  30.   0.]
 [  0.  29.   0.]
 [  0.  41.   0.]]
cf_score, 29.0
nv_score, 0.0
ratio, 0.292929292929
[[  0.   0.  29.]
 [  0.   0.  33.]
 [  0.   0.  38.]]
cf_score, 9.0
nv_score, -53.0
ratio, 0.383838383838
[[  0.  36.   0.]
 [  0.  30.   0.]
 [  0.  34.   0.]]
cf_score, 30.0
nv_score, 0.0
ratio, 0.30303030303
[[  0.  24.   0.]
 [  0.  34.   0.]
 [  0.  42.   0.]]
cf_score, 34.0
nv_score, 0.0
ratio, 0.343434343434
[[ 42.   0.   0.]
 [ 27.   0.   0.]
 [ 31.   0.   0.]]
cf_score, 11.0
nv_score, 0.0
ratio, 0.424242424242
[[  0.  39.   0.]
 [  0.  25.   0.]
 [  0.  36.   0.]]
cf_score, 25.0
nv_score, 0.0
ratio, 0.252525252525
[[  0.   0.  32.]
 [  0.   0.  22.]
 [  0.   0.  46.]]
cf_score, 14.0
nv_score, -40.0
ratio, 0.464646464646
[[  0.   0.  45.]
 [  0.   0.  23.]
 [  0.   0.  32.]]
cf_score, -13.0
nv_score, -81.0
ratio, 0.323232323232
[[  0.  32.   0.]
 [  0.  31.   0.]
 [  0.  37.   0.]]
cf_score, 31.0
nv_score, 0.0
ratio, 0.313131313131
[[  0.   0.  31.]
 [  0.   0.  39.]
 [  0.   0.  30.]]
cf_score, -1.0
nv_score, -71.0
ratio, 0.30303030303
[[ 37.   0.   0.]
 [ 34.   0.   0.]
 [ 29.   0.   0.]]
cf_score, 8.0
nv_score, 0.0
ratio, 0.373737373737
[[  0.  29.   0.]
 [  0.  35.   0.]
 [  0.  36.   0.]]
cf_score, 35.0
nv_score, 0.0
ratio, 0.353535353535
[[ 40.   0.   0.]
 [ 29.   0.   0.]
 [ 31.   0.   0.]]
cf_score, 9.0
nv_score, 0.0
ratio, 0.40404040404
[[ 32.   0.   0.]
 [ 33.   0.   0.]
 [ 35.   0.   0.]]
cf_score, -3.0
nv_score, 0.0
ratio, 0.323232323232
[[  0.   0.  32.]
 [  0.   0.  35.]
 [  0.   0.  33.]]
cf_score, 1.0
nv_score, -66.0
ratio, 0.333333333333
[[  0.  31.   0.]
 [  0.  36.   0.]
 [  0.  33.   0.]]
cf_score, 36.0
nv_score, 0.0
ratio, 0.363636363636
[[  0.  44.   0.]
 [  0.  22.   0.]
 [  0.  34.   0.]]
cf_score, 22.0
nv_score, 0.0
ratio, 0.222222222222
[[  0.   0.  40.]
 [  0.   0.  25.]
 [  0.   0.  35.]]
cf_score, -5.0
nv_score, -70.0
ratio, 0.353535353535
[[  0.  32.   0.]
 [  0.  34.   0.]
 [  0.  34.   0.]]
cf_score, 34.0
nv_score, 0.0
ratio, 0.343434343434
[[  0.   0.  32.]
 [  0.   0.  29.]
 [  0.   0.  39.]]
cf_score, 7.0
nv_score, -54.0
ratio, 0.393939393939
[[  0.   0.  35.]
 [  0.   0.  37.]
 [  0.   0.  28.]]
cf_score, -7.0
nv_score, -79.0
ratio, 0.282828282828
[[  0.  30.   0.]
 [  0.  36.   0.]
 [  0.  34.   0.]]
cf_score, 36.0
nv_score, 0.0
ratio, 0.363636363636
[[ 34.   0.   0.]
 [ 35.   0.   0.]
 [ 31.   0.   0.]]
cf_score, 3.0
nv_score, 0.0
ratio, 0.343434343434
[[  0.  35.   0.]
 [  0.  33.   0.]
 [  0.  32.   0.]]
cf_score, 33.0
nv_score, 0.0
ratio, 0.333333333333
[[  0.   0.  44.]
 [  0.   0.  36.]
 [  0.   0.  20.]]
cf_score, -24.0
nv_score, -104.0
ratio, 0.20202020202
[[  0.  33.   0.]
 [  0.  30.   0.]
 [  0.  37.   0.]]
cf_score, 30.0
nv_score, 0.0
ratio, 0.30303030303
