[[ 20.   4.  12.]
 [  5.  22.   9.]
 [ 19.   1.   8.]]
cf_score, 19.0
nv_score, -25.0
ratio, 0.505050505051
[[  0.   7.  35.]
 [  0.  22.  16.]
 [  0.   2.  18.]]
cf_score, 5.0
nv_score, -68.0
ratio, 0.40404040404
[[  0.   0.  29.]
 [  0.  33.   9.]
 [  0.   3.  26.]]
cf_score, 30.0
nv_score, -41.0
ratio, 0.59595959596
[[  0.   6.  36.]
 [  0.  25.   9.]
 [  0.   0.  24.]]
cf_score, 13.0
nv_score, -57.0
ratio, 0.494949494949
[[  0.   5.  31.]
 [  0.  40.   5.]
 [  0.   3.  16.]]
cf_score, 25.0
nv_score, -51.0
ratio, 0.565656565657
[[  0.   4.  38.]
 [  0.  26.   7.]
 [  0.   4.  21.]]
cf_score, 9.0
nv_score, -62.0
ratio, 0.474747474747
[[  0.   4.  27.]
 [  0.  27.  11.]
 [  0.   1.  30.]]
cf_score, 30.0
nv_score, -35.0
ratio, 0.575757575758
[[  0.   9.  35.]
 [  0.  22.   7.]
 [  0.   3.  24.]]
cf_score, 11.0
nv_score, -53.0
ratio, 0.464646464646
[[  0.   7.  33.]
 [  0.  18.  13.]
 [  0.   4.  25.]]
cf_score, 10.0
nv_score, -54.0
ratio, 0.434343434343
[[  0.   1.  30.]
 [  0.  23.  13.]
 [  0.   3.  30.]]
cf_score, 23.0
nv_score, -43.0
ratio, 0.535353535354
[[  0.   4.  30.]
 [  0.  23.   7.]
 [  0.   4.  32.]]
cf_score, 25.0
nv_score, -35.0
ratio, 0.555555555556
[[  0.   1.  34.]
 [  0.  21.  12.]
 [  0.   1.  31.]]
cf_score, 18.0
nv_score, -49.0
ratio, 0.525252525253
[[  0.   6.  34.]
 [  0.  20.   9.]
 [  0.   0.  31.]]
cf_score, 17.0
nv_score, -46.0
ratio, 0.515151515152
[[  0.   3.  24.]
 [  0.  24.  21.]
 [  0.   3.  25.]]
cf_score, 25.0
nv_score, -44.0
ratio, 0.494949494949
[[  6.   6.  20.]
 [  0.  27.   7.]
 [  2.   3.  29.]]
cf_score, 40.0
nv_score, -18.0
ratio, 0.626262626263
[[  3.   4.  30.]
 [  0.  29.  11.]
 [  0.   2.  21.]]
cf_score, 23.0
nv_score, -50.0
ratio, 0.535353535354
[[  6.   7.  28.]
 [  0.  30.   6.]
 [  0.   6.  17.]]
cf_score, 25.0
nv_score, -45.0
ratio, 0.535353535354
[[  4.   3.  33.]
 [  0.  25.   9.]
 [  1.   0.  25.]]
cf_score, 20.0
nv_score, -50.0
ratio, 0.545454545455
[[  8.   4.  29.]
 [  4.  24.   9.]
 [  5.   3.  14.]]
cf_score, 12.0
nv_score, -53.0
ratio, 0.464646464646
[[  3.   4.  28.]
 [  2.  28.  10.]
 [  5.   3.  17.]]
cf_score, 15.0
nv_score, -49.0
ratio, 0.484848484848
[[  2.   4.  36.]
 [  0.  19.  10.]
 [  2.   6.  21.]]
cf_score, 4.0
nv_score, -61.0
ratio, 0.424242424242
[[  3.   4.  20.]
 [  3.  25.  11.]
 [  5.   3.  26.]]
cf_score, 29.0
nv_score, -25.0
ratio, 0.545454545455
[[  5.   6.  26.]
 [  1.  19.  12.]
 [  9.   4.  18.]]
cf_score, 7.0
nv_score, -46.0
ratio, 0.424242424242
[[  2.   2.  26.]
 [  0.  33.   9.]
 [  8.   3.  17.]]
cf_score, 18.0
nv_score, -44.0
ratio, 0.525252525253
[[  8.   2.  24.]
 [  0.  31.   8.]
 [ 13.   2.  12.]]
cf_score, 14.0
nv_score, -44.0
ratio, 0.515151515152
[[  8.   8.  25.]
 [  1.  22.  12.]
 [  8.   2.  14.]]
cf_score, 11.0
nv_score, -48.0
ratio, 0.444444444444
[[  6.   7.  23.]
 [  0.  24.  11.]
 [  4.   3.  22.]]
cf_score, 25.0
nv_score, -35.0
ratio, 0.525252525253
[[  7.   4.  19.]
 [  3.  27.   7.]
 [ 11.   2.  20.]]
cf_score, 24.0
nv_score, -25.0
ratio, 0.545454545455
[[  6.   5.  22.]
 [  1.  27.   6.]
 [ 12.   4.  17.]]
cf_score, 16.0
nv_score, -33.0
ratio, 0.505050505051
[[ 11.   3.  18.]
 [  3.  32.   8.]
 [  9.   1.  15.]]
cf_score, 31.0
nv_score, -29.0
ratio, 0.585858585859
[[  7.   3.  19.]
 [  1.  34.   6.]
 [  6.   6.  18.]]
cf_score, 34.0
nv_score, -26.0
ratio, 0.59595959596
[[  4.   4.  23.]
 [  5.  31.  12.]
 [  9.   0.  12.]]
cf_score, 15.0
nv_score, -46.0
ratio, 0.474747474747
[[  6.   5.  27.]
 [  2.  23.   6.]
 [  6.   5.  20.]]
cf_score, 16.0
nv_score, -40.0
ratio, 0.494949494949
[[  8.   6.  29.]
 [  5.  27.   6.]
 [  4.   2.  13.]]
cf_score, 15.0
nv_score, -51.0
ratio, 0.484848484848
[[  8.   4.  18.]
 [  2.  28.   4.]
 [ 11.   1.  24.]]
cf_score, 31.0
nv_score, -16.0
ratio, 0.606060606061
[[  7.   4.  23.]
 [  0.  36.   7.]
 [  7.   1.  15.]]
cf_score, 28.0
nv_score, -38.0
ratio, 0.585858585859
[[ 11.   8.  16.]
 [  2.  26.   9.]
 [  3.   2.  23.]]
cf_score, 41.0
nv_score, -18.0
ratio, 0.606060606061
[[  8.   4.  23.]
 [  2.  26.   6.]
 [  5.   3.  23.]]
cf_score, 29.0
nv_score, -29.0
ratio, 0.575757575758
[[ 10.   6.  30.]
 [  4.  29.   8.]
 [  1.   2.  10.]]
cf_score, 18.0
nv_score, -58.0
ratio, 0.494949494949
[[  9.   5.  26.]
 [  2.  24.   6.]
 [  9.   2.  17.]]
cf_score, 15.0
nv_score, -41.0
ratio, 0.505050505051
[[ 10.   3.  25.]
 [  2.  24.   5.]
 [ 16.   0.  15.]]
cf_score, 8.0
nv_score, -40.0
ratio, 0.494949494949
[[  7.   5.  17.]
 [  1.  21.  16.]
 [ 10.   5.  18.]]
cf_score, 19.0
nv_score, -32.0
ratio, 0.464646464646
[[ 11.   3.  30.]
 [  0.  21.   5.]
 [  9.   1.  20.]]
cf_score, 13.0
nv_score, -45.0
ratio, 0.525252525253
[[ 12.   5.  25.]
 [  3.  25.   3.]
 [ 10.   2.  15.]]
cf_score, 17.0
nv_score, -38.0
ratio, 0.525252525253
[[  6.   0.  20.]
 [  3.  29.  12.]
 [  9.   1.  20.]]
cf_score, 26.0
nv_score, -32.0
ratio, 0.555555555556
[[  7.   4.  25.]
 [  4.  27.  10.]
 [  4.   5.  14.]]
cf_score, 19.0
nv_score, -46.0
ratio, 0.484848484848
[[  7.   6.  27.]
 [  0.  27.   3.]
 [  7.   1.  22.]]
cf_score, 22.0
nv_score, -35.0
ratio, 0.565656565657
[[  9.   7.  25.]
 [  6.  21.   7.]
 [  9.   3.  13.]]
cf_score, 9.0
nv_score, -44.0
ratio, 0.434343434343
[[  9.   6.  17.]
 [  3.  30.   5.]
 [ 14.   0.  16.]]
cf_score, 24.0
nv_score, -23.0
ratio, 0.555555555556
[[  1.   5.  22.]
 [  4.  25.   4.]
 [  8.   4.  27.]]
cf_score, 23.0
nv_score, -21.0
ratio, 0.535353535354
