loading data...
Loading Model.
61.083: [[ 0.20630521  0.18696596  0.60672885]]
61.42235: [[ 0.20629059  0.18698786  0.60672158]]
61.7617: [[ 0.20626916  0.18701984  0.60671097]]
62.10105: [[ 0.20623736  0.18706743  0.60669523]]
62.4404: [[ 0.2061891   0.18713975  0.60667115]]
62.77975: [[ 0.2061131   0.18725359  0.60663325]]
63.1191: [[ 0.20598802  0.18744126  0.60657066]]
63.45845: [[ 0.20576809  0.18777192  0.60645998]]
63.7978: [[ 0.20534298  0.18841344  0.60624355]]
64.13715: [[ 0.20439689  0.18985274  0.60575038]]
64.4765: [[ 0.20178896  0.19390661  0.60430437]]
64.81585: [[ 0.19211954  0.21022686  0.59765363]]
65.1552: [[ 0.1663194   0.29526272  0.53841782]]
65.49455: [[ 0.49299282  0.26508564  0.24192157]]
65.8339: [[ 0.3451162   0.40392193  0.2509619 ]]
66.17325: [[ 0.33804086  0.411612    0.25034711]]
66.5126: [[ 0.35817498  0.39759073  0.24423423]]
66.85195: [[ 0.39353341  0.37275237  0.23371418]]
67.1913: [[ 0.44506752  0.33716321  0.21776916]]
67.53065: [[ 0.51092619  0.29275221  0.19632162]]
67.87: [[ 0.58302206  0.24539059  0.17158735]]
68.20935: [[ 0.65033728  0.20227276  0.14738992]]
68.5487: [[ 0.70542133  0.16776371  0.12681495]]
68.88805: [[ 0.74668646  0.14237764  0.11093587]]
69.2274: [[ 0.77614653  0.12450938  0.0993441 ]]
69.56675: [[ 0.79674554  0.11214884  0.09110566]]
69.9061: [[ 0.81106919  0.10362174  0.08530901]]
70.24545: [[ 0.82104492  0.09771746  0.08123764]]
70.5848: [[ 0.82801998  0.09360642  0.07837357]]
70.92415: [[ 0.83291984  0.09072729  0.07635288]]
71.2635: [[ 0.83637524  0.08870129  0.07492344]]
71.60285: [[ 0.83882052  0.08726981  0.07390963]]
71.9422: [[ 0.84055555  0.08625528  0.07318916]]
72.28155: [[ 0.84178865  0.08553478  0.07267654]]
72.6209: [[ 0.84266663  0.0850221   0.07231125]]
72.96025: [[ 0.84329242  0.08465687  0.07205077]]
73.2996: [[ 0.84373844  0.08439656  0.07186498]]
73.63895: [[ 0.84405696  0.08421074  0.0717323 ]]
73.9783: [[ 0.84428447  0.08407804  0.0716375 ]]
74.31765: [[ 0.84444666  0.08398345  0.07156993]]
74.657: [[ 0.84456259  0.08391583  0.0715216 ]]
