loading data...
Loading Model.
7.218: [[ 0.05720145  0.12015393  0.82264465]]
7.2581: [[ 0.05725192  0.12028877  0.82245934]]
7.2982: [[ 0.05730823  0.1204396   0.82225215]]
7.3383: [[ 0.05737107  0.12060808  0.82202089]]
7.3784: [[ 0.05744116  0.12079598  0.82176286]]
7.4185: [[ 0.05751942  0.12100559  0.82147503]]
7.4586: [[ 0.05760678  0.12123901  0.82115424]]
7.4987: [[ 0.05770437  0.12149899  0.82079661]]
7.5388: [[ 0.05781347  0.12178846  0.82039809]]
7.5789: [[ 0.05793548  0.12211075  0.81995374]]
7.619: [[ 0.05807209  0.12246954  0.81945831]]
7.6591: [[ 0.05822508  0.12286907  0.81890589]]
7.6992: [[ 0.05839657  0.12331405  0.8182894 ]]
7.7393: [[ 0.05858899  0.12380975  0.81760126]]
7.7794: [[ 0.05880494  0.1243622   0.81683284]]
7.8195: [[ 0.05904754  0.12497816  0.81597435]]
7.8596: [[ 0.05932029  0.12566517  0.81501454]]
7.8997: [[ 0.0596271   0.12643185  0.813941  ]]
7.9398: [[ 0.05997251  0.12728786  0.81273961]]
7.9799: [[ 0.06036167  0.12824418  0.81139416]]
8.02: [[ 0.06080041  0.12931302  0.80988663]]
8.0601: [[ 0.06129539  0.13050811  0.80819654]]
8.1002: [[ 0.06185428  0.13184525  0.80630046]]
8.1403: [[ 0.06248585  0.13334176  0.80417234]]
8.1804: [[ 0.06320012  0.13501744  0.80178243]]
8.2205: [[ 0.06400865  0.1368942   0.79909706]]
8.2606: [[ 0.06492475  0.13899651  0.79607874]]
8.3007: [[ 0.06596369  0.14135152  0.79268485]]
8.3408: [[ 0.06714334  0.14398932  0.78886729]]
8.3809: [[ 0.068484    0.14694202  0.78457391]]
8.421: [[ 0.07000963  0.15024506  0.77974534]]
8.4611: [[ 0.07174786  0.153935    0.77431715]]
8.5012: [[ 0.07373111  0.15805015  0.7682187 ]]
8.5413: [[ 0.07599672  0.16262695  0.76137638]]
8.5814: [[ 0.07858852  0.16769895  0.75371253]]
8.6215: [[ 0.08155825  0.1732934   0.74514842]]
8.6616: [[ 0.08496566  0.1794236   0.73561078]]
8.7017: [[ 0.08888173  0.18608454  0.7250337 ]]
8.7418: [[ 0.09338991  0.19324182  0.71336818]]
8.7819: [[ 0.09858801  0.20081943  0.70059258]]
