loading data...
Loading Model.
11.079: [[ 0.33310685  0.40022629  0.26666686]]
11.14055: [[ 0.33310685  0.40022629  0.26666686]]
11.2021: [[ 0.33310685  0.40022629  0.26666686]]
11.26365: [[ 0.33310685  0.40022629  0.26666686]]
11.3252: [[ 0.33310685  0.40022629  0.26666686]]
11.38675: [[ 0.33310685  0.40022629  0.26666686]]
11.4483: [[ 0.33310685  0.40022629  0.26666686]]
11.50985: [[ 0.33310685  0.40022629  0.26666686]]
11.5714: [[ 0.33310685  0.40022629  0.26666686]]
11.63295: [[ 0.33310685  0.40022629  0.26666686]]
11.6945: [[ 0.33310685  0.40022629  0.26666686]]
11.75605: [[ 0.33310685  0.40022629  0.26666686]]
11.8176: [[ 0.33310685  0.40022629  0.26666686]]
11.87915: [[ 0.33310685  0.40022629  0.26666686]]
11.9407: [[ 0.33310685  0.40022629  0.26666686]]
12.00225: [[ 0.33310685  0.40022629  0.26666686]]
12.0638: [[ 0.33310685  0.40022629  0.26666686]]
12.12535: [[ 0.33310685  0.40022629  0.26666686]]
12.1869: [[ 0.33310685  0.40022629  0.26666686]]
12.24845: [[ 0.33310685  0.40022629  0.26666686]]
12.31: [[ 0.33310685  0.40022629  0.26666686]]
12.37155: [[ 0.33310685  0.40022629  0.26666686]]
12.4331: [[ 0.33310685  0.40022629  0.26666686]]
12.49465: [[ 0.33310685  0.40022629  0.26666686]]
12.5562: [[ 0.33310685  0.40022629  0.26666686]]
12.61775: [[ 0.33310685  0.40022629  0.26666686]]
12.6793: [[ 0.33310685  0.40022629  0.26666686]]
12.74085: [[ 0.33310685  0.40022629  0.26666686]]
12.8024: [[ 0.33310685  0.40022629  0.26666686]]
12.86395: [[ 0.33310685  0.40022629  0.26666686]]
12.9255: [[ 0.33310685  0.40022629  0.26666686]]
12.98705: [[ 0.33310685  0.40022629  0.26666686]]
13.0486: [[ 0.33310685  0.40022629  0.26666686]]
13.11015: [[ 0.33310685  0.40022629  0.26666686]]
13.1717: [[ 0.33310685  0.40022629  0.26666686]]
13.23325: [[ 0.33310685  0.40022629  0.26666686]]
13.2948: [[ 0.33310685  0.40022629  0.26666686]]
13.35635: [[ 0.33310685  0.40022629  0.26666686]]
13.4179: [[ 0.33310685  0.40022629  0.26666686]]
13.47945: [[ 0.33310685  0.40022629  0.26666686]]
