Loading Model: level_list/m1_100/tick_list/ATW/class/models/model.h5
history_filename: history_recent/ATW/history.json
Yesterday        : 2017-08-18: OHLCV: 6.0000, 6.3300, 5.9100, 6.2600, 3854489
UberYesterday    : 2017-08-17: OHLCV: 6.1400, 6.3700, 6.0000, 6.0400, 2827951
[u'6.0000', u'6.3300', u'5.9100', u'6.2600', u'3854489']
[u'6.1400', u'6.3700', u'6.0000', u'6.0400', u'2827951']
question_base :[6.14, 6.37, 6.0, 6.04, 6.0, 6.33, 5.91, 6.26]
5.634: [6.140, 6.370, 6.000, 6.040, 6.000, 6.330, 5.910, 6.260, 5.634][0.057, 0.121, 0.822]
5.6653: [6.140, 6.370, 6.000, 6.040, 6.000, 6.330, 5.910, 6.260, 5.665][0.057, 0.121, 0.822]
5.6966: [6.140, 6.370, 6.000, 6.040, 6.000, 6.330, 5.910, 6.260, 5.697][0.057, 0.121, 0.822]
5.7279: [6.140, 6.370, 6.000, 6.040, 6.000, 6.330, 5.910, 6.260, 5.728][0.057, 0.121, 0.822]
5.7592: [6.140, 6.370, 6.000, 6.040, 6.000, 6.330, 5.910, 6.260, 5.759][0.057, 0.121, 0.822]
5.7905: [6.140, 6.370, 6.000, 6.040, 6.000, 6.330, 5.910, 6.260, 5.790][0.057, 0.121, 0.822]
5.8218: [6.140, 6.370, 6.000, 6.040, 6.000, 6.330, 5.910, 6.260, 5.822][0.057, 0.121, 0.822]
5.8531: [6.140, 6.370, 6.000, 6.040, 6.000, 6.330, 5.910, 6.260, 5.853][0.057, 0.121, 0.822]
5.8844: [6.140, 6.370, 6.000, 6.040, 6.000, 6.330, 5.910, 6.260, 5.884][0.057, 0.121, 0.822]
5.9157: [6.140, 6.370, 6.000, 6.040, 6.000, 6.330, 5.910, 6.260, 5.916][0.057, 0.121, 0.822]
5.947: [6.140, 6.370, 6.000, 6.040, 6.000, 6.330, 5.910, 6.260, 5.947][0.057, 0.121, 0.822]
5.9783: [6.140, 6.370, 6.000, 6.040, 6.000, 6.330, 5.910, 6.260, 5.978][0.057, 0.121, 0.822]
6.0096: [6.140, 6.370, 6.000, 6.040, 6.000, 6.330, 5.910, 6.260, 6.010][0.057, 0.121, 0.822]
6.0409: [6.140, 6.370, 6.000, 6.040, 6.000, 6.330, 5.910, 6.260, 6.041][0.057, 0.121, 0.822]
6.0722: [6.140, 6.370, 6.000, 6.040, 6.000, 6.330, 5.910, 6.260, 6.072][0.057, 0.121, 0.822]
6.1035: [6.140, 6.370, 6.000, 6.040, 6.000, 6.330, 5.910, 6.260, 6.103][0.057, 0.121, 0.822]
6.1348: [6.140, 6.370, 6.000, 6.040, 6.000, 6.330, 5.910, 6.260, 6.135][0.057, 0.121, 0.822]
6.1661: [6.140, 6.370, 6.000, 6.040, 6.000, 6.330, 5.910, 6.260, 6.166][0.057, 0.121, 0.822]
6.1974: [6.140, 6.370, 6.000, 6.040, 6.000, 6.330, 5.910, 6.260, 6.197][0.057, 0.121, 0.822]
6.2287: [6.140, 6.370, 6.000, 6.040, 6.000, 6.330, 5.910, 6.260, 6.229][0.057, 0.121, 0.822]
6.26: [6.140, 6.370, 6.000, 6.040, 6.000, 6.330, 5.910, 6.260, 6.260][0.057, 0.121, 0.822]
6.2913: [6.140, 6.370, 6.000, 6.040, 6.000, 6.330, 5.910, 6.260, 6.291][0.057, 0.121, 0.822]
6.3226: [6.140, 6.370, 6.000, 6.040, 6.000, 6.330, 5.910, 6.260, 6.323][0.057, 0.121, 0.822]
6.3539: [6.140, 6.370, 6.000, 6.040, 6.000, 6.330, 5.910, 6.260, 6.354][0.057, 0.121, 0.822]
6.3852: [6.140, 6.370, 6.000, 6.040, 6.000, 6.330, 5.910, 6.260, 6.385][0.057, 0.121, 0.821]
6.4165: [6.140, 6.370, 6.000, 6.040, 6.000, 6.330, 5.910, 6.260, 6.416][0.057, 0.121, 0.821]
6.4478: [6.140, 6.370, 6.000, 6.040, 6.000, 6.330, 5.910, 6.260, 6.448][0.057, 0.121, 0.821]
6.4791: [6.140, 6.370, 6.000, 6.040, 6.000, 6.330, 5.910, 6.260, 6.479][0.058, 0.122, 0.821]
6.5104: [6.140, 6.370, 6.000, 6.040, 6.000, 6.330, 5.910, 6.260, 6.510][0.058, 0.122, 0.821]
6.5417: [6.140, 6.370, 6.000, 6.040, 6.000, 6.330, 5.910, 6.260, 6.542][0.058, 0.122, 0.820]
6.573: [6.140, 6.370, 6.000, 6.040, 6.000, 6.330, 5.910, 6.260, 6.573][0.058, 0.122, 0.820]
6.6043: [6.140, 6.370, 6.000, 6.040, 6.000, 6.330, 5.910, 6.260, 6.604][0.058, 0.122, 0.820]
6.6356: [6.140, 6.370, 6.000, 6.040, 6.000, 6.330, 5.910, 6.260, 6.636][0.058, 0.123, 0.819]
6.6669: [6.140, 6.370, 6.000, 6.040, 6.000, 6.330, 5.910, 6.260, 6.667][0.058, 0.123, 0.819]
6.6982: [6.140, 6.370, 6.000, 6.040, 6.000, 6.330, 5.910, 6.260, 6.698][0.058, 0.123, 0.819]
6.7295: [6.140, 6.370, 6.000, 6.040, 6.000, 6.330, 5.910, 6.260, 6.729][0.058, 0.124, 0.818]
6.7608: [6.140, 6.370, 6.000, 6.040, 6.000, 6.330, 5.910, 6.260, 6.761][0.058, 0.124, 0.817]
6.7921: [6.140, 6.370, 6.000, 6.040, 6.000, 6.330, 5.910, 6.260, 6.792][0.059, 0.125, 0.817]
6.8234: [6.140, 6.370, 6.000, 6.040, 6.000, 6.330, 5.910, 6.260, 6.823][0.059, 0.125, 0.816]
6.8547: [6.140, 6.370, 6.000, 6.040, 6.000, 6.330, 5.910, 6.260, 6.855][0.059, 0.126, 0.815]
6.886: [6.140, 6.370, 6.000, 6.040, 6.000, 6.330, 5.910, 6.260, 6.886][0.059, 0.126, 0.814]
