Loading Model: level_list/m1_100/tick_list/FLIR/class/models/model.h5
history_filename: history_recent/FLIR/history.json
Yesterday        : 2017-08-18: OHLCV: 37.8500, 38.3900, 37.6600, 37.8300, 755572
UberYesterday    : 2017-08-17: OHLCV: 38.2300, 38.3600, 37.7900, 37.8000, 1040599
[u'37.8500', u'38.3900', u'37.6600', u'37.8300', u'755572']
[u'38.2300', u'38.3600', u'37.7900', u'37.8000', u'1040599']
question_base :[38.23, 38.36, 37.79, 37.8, 37.85, 38.39, 37.66, 37.83]
34.047: [38.230, 38.360, 37.790, 37.800, 37.850, 38.390, 37.660, 37.830, 34.047][0.150, 0.314, 0.536]
34.23615: [38.230, 38.360, 37.790, 37.800, 37.850, 38.390, 37.660, 37.830, 34.236][0.150, 0.313, 0.536]
34.4253: [38.230, 38.360, 37.790, 37.800, 37.850, 38.390, 37.660, 37.830, 34.425][0.150, 0.313, 0.537]
34.61445: [38.230, 38.360, 37.790, 37.800, 37.850, 38.390, 37.660, 37.830, 34.614][0.150, 0.312, 0.538]
34.8036: [38.230, 38.360, 37.790, 37.800, 37.850, 38.390, 37.660, 37.830, 34.804][0.149, 0.311, 0.539]
34.99275: [38.230, 38.360, 37.790, 37.800, 37.850, 38.390, 37.660, 37.830, 34.993][0.149, 0.310, 0.541]
35.1819: [38.230, 38.360, 37.790, 37.800, 37.850, 38.390, 37.660, 37.830, 35.182][0.148, 0.309, 0.543]
35.37105: [38.230, 38.360, 37.790, 37.800, 37.850, 38.390, 37.660, 37.830, 35.371][0.147, 0.307, 0.546]
35.5602: [38.230, 38.360, 37.790, 37.800, 37.850, 38.390, 37.660, 37.830, 35.560][0.146, 0.305, 0.549]
35.74935: [38.230, 38.360, 37.790, 37.800, 37.850, 38.390, 37.660, 37.830, 35.749][0.145, 0.302, 0.552]
35.9385: [38.230, 38.360, 37.790, 37.800, 37.850, 38.390, 37.660, 37.830, 35.938][0.144, 0.299, 0.557]
36.12765: [38.230, 38.360, 37.790, 37.800, 37.850, 38.390, 37.660, 37.830, 36.128][0.142, 0.296, 0.562]
36.3168: [38.230, 38.360, 37.790, 37.800, 37.850, 38.390, 37.660, 37.830, 36.317][0.141, 0.293, 0.566]
36.50595: [38.230, 38.360, 37.790, 37.800, 37.850, 38.390, 37.660, 37.830, 36.506][0.141, 0.291, 0.569]
36.6951: [38.230, 38.360, 37.790, 37.800, 37.850, 38.390, 37.660, 37.830, 36.695][0.142, 0.293, 0.564]
36.88425: [38.230, 38.360, 37.790, 37.800, 37.850, 38.390, 37.660, 37.830, 36.884][0.150, 0.307, 0.543]
37.0734: [38.230, 38.360, 37.790, 37.800, 37.850, 38.390, 37.660, 37.830, 37.073][0.172, 0.345, 0.483]
37.26255: [38.230, 38.360, 37.790, 37.800, 37.850, 38.390, 37.660, 37.830, 37.263][0.217, 0.414, 0.368]
37.4517: [38.230, 38.360, 37.790, 37.800, 37.850, 38.390, 37.660, 37.830, 37.452][0.278, 0.460, 0.262]
37.64085: [38.230, 38.360, 37.790, 37.800, 37.850, 38.390, 37.660, 37.830, 37.641][0.344, 0.443, 0.214]
37.83: [38.230, 38.360, 37.790, 37.800, 37.850, 38.390, 37.660, 37.830, 37.830][0.393, 0.414, 0.194]
38.01915: [38.230, 38.360, 37.790, 37.800, 37.850, 38.390, 37.660, 37.830, 38.019][0.408, 0.404, 0.188]
38.2083: [38.230, 38.360, 37.790, 37.800, 37.850, 38.390, 37.660, 37.830, 38.208][0.405, 0.407, 0.188]
38.39745: [38.230, 38.360, 37.790, 37.800, 37.850, 38.390, 37.660, 37.830, 38.397][0.398, 0.412, 0.190]
38.5866: [38.230, 38.360, 37.790, 37.800, 37.850, 38.390, 37.660, 37.830, 38.587][0.391, 0.417, 0.192]
38.77575: [38.230, 38.360, 37.790, 37.800, 37.850, 38.390, 37.660, 37.830, 38.776][0.385, 0.421, 0.193]
38.9649: [38.230, 38.360, 37.790, 37.800, 37.850, 38.390, 37.660, 37.830, 38.965][0.382, 0.424, 0.194]
39.15405: [38.230, 38.360, 37.790, 37.800, 37.850, 38.390, 37.660, 37.830, 39.154][0.379, 0.426, 0.195]
39.3432: [38.230, 38.360, 37.790, 37.800, 37.850, 38.390, 37.660, 37.830, 39.343][0.377, 0.427, 0.196]
39.53235: [38.230, 38.360, 37.790, 37.800, 37.850, 38.390, 37.660, 37.830, 39.532][0.375, 0.428, 0.196]
39.7215: [38.230, 38.360, 37.790, 37.800, 37.850, 38.390, 37.660, 37.830, 39.721][0.374, 0.429, 0.196]
39.91065: [38.230, 38.360, 37.790, 37.800, 37.850, 38.390, 37.660, 37.830, 39.911][0.374, 0.430, 0.197]
40.0998: [38.230, 38.360, 37.790, 37.800, 37.850, 38.390, 37.660, 37.830, 40.100][0.373, 0.430, 0.197]
40.28895: [38.230, 38.360, 37.790, 37.800, 37.850, 38.390, 37.660, 37.830, 40.289][0.373, 0.430, 0.197]
40.4781: [38.230, 38.360, 37.790, 37.800, 37.850, 38.390, 37.660, 37.830, 40.478][0.372, 0.431, 0.197]
40.66725: [38.230, 38.360, 37.790, 37.800, 37.850, 38.390, 37.660, 37.830, 40.667][0.372, 0.431, 0.197]
40.8564: [38.230, 38.360, 37.790, 37.800, 37.850, 38.390, 37.660, 37.830, 40.856][0.372, 0.431, 0.197]
41.04555: [38.230, 38.360, 37.790, 37.800, 37.850, 38.390, 37.660, 37.830, 41.046][0.372, 0.431, 0.197]
41.2347: [38.230, 38.360, 37.790, 37.800, 37.850, 38.390, 37.660, 37.830, 41.235][0.372, 0.431, 0.197]
41.42385: [38.230, 38.360, 37.790, 37.800, 37.850, 38.390, 37.660, 37.830, 41.424][0.371, 0.431, 0.197]
41.613: [38.230, 38.360, 37.790, 37.800, 37.850, 38.390, 37.660, 37.830, 41.613][0.371, 0.431, 0.197]
