Loading Model: level_list/m1_100/tick_list/INSY/class/models/model.h5
history_filename: history_recent/INSY/history.json
Yesterday        : 2017-08-18: OHLCV: 9.2300, 9.2700, 9.0300, 9.1700, 380359
UberYesterday    : 2017-08-17: OHLCV: 9.5000, 9.6400, 9.2700, 9.2800, 337133
[u'9.2300', u'9.2700', u'9.0300', u'9.1700', u'380359']
[u'9.5000', u'9.6400', u'9.2700', u'9.2800', u'337133']
question_base :[9.5, 9.64, 9.27, 9.28, 9.23, 9.27, 9.03, 9.17]
8.253: [9.500, 9.640, 9.270, 9.280, 9.230, 9.270, 9.030, 9.170, 8.253][0.333, 0.400, 0.267]
8.29885: [9.500, 9.640, 9.270, 9.280, 9.230, 9.270, 9.030, 9.170, 8.299][0.333, 0.400, 0.267]
8.3447: [9.500, 9.640, 9.270, 9.280, 9.230, 9.270, 9.030, 9.170, 8.345][0.333, 0.400, 0.267]
8.39055: [9.500, 9.640, 9.270, 9.280, 9.230, 9.270, 9.030, 9.170, 8.391][0.333, 0.400, 0.267]
8.4364: [9.500, 9.640, 9.270, 9.280, 9.230, 9.270, 9.030, 9.170, 8.436][0.333, 0.400, 0.267]
8.48225: [9.500, 9.640, 9.270, 9.280, 9.230, 9.270, 9.030, 9.170, 8.482][0.333, 0.400, 0.267]
8.5281: [9.500, 9.640, 9.270, 9.280, 9.230, 9.270, 9.030, 9.170, 8.528][0.333, 0.400, 0.267]
8.57395: [9.500, 9.640, 9.270, 9.280, 9.230, 9.270, 9.030, 9.170, 8.574][0.333, 0.400, 0.267]
8.6198: [9.500, 9.640, 9.270, 9.280, 9.230, 9.270, 9.030, 9.170, 8.620][0.333, 0.400, 0.267]
8.66565: [9.500, 9.640, 9.270, 9.280, 9.230, 9.270, 9.030, 9.170, 8.666][0.333, 0.400, 0.267]
8.7115: [9.500, 9.640, 9.270, 9.280, 9.230, 9.270, 9.030, 9.170, 8.711][0.333, 0.400, 0.267]
8.75735: [9.500, 9.640, 9.270, 9.280, 9.230, 9.270, 9.030, 9.170, 8.757][0.333, 0.400, 0.267]
8.8032: [9.500, 9.640, 9.270, 9.280, 9.230, 9.270, 9.030, 9.170, 8.803][0.333, 0.400, 0.267]
8.84905: [9.500, 9.640, 9.270, 9.280, 9.230, 9.270, 9.030, 9.170, 8.849][0.333, 0.400, 0.267]
8.8949: [9.500, 9.640, 9.270, 9.280, 9.230, 9.270, 9.030, 9.170, 8.895][0.333, 0.400, 0.267]
8.94075: [9.500, 9.640, 9.270, 9.280, 9.230, 9.270, 9.030, 9.170, 8.941][0.333, 0.400, 0.267]
8.9866: [9.500, 9.640, 9.270, 9.280, 9.230, 9.270, 9.030, 9.170, 8.987][0.333, 0.400, 0.267]
9.03245: [9.500, 9.640, 9.270, 9.280, 9.230, 9.270, 9.030, 9.170, 9.032][0.333, 0.400, 0.267]
9.0783: [9.500, 9.640, 9.270, 9.280, 9.230, 9.270, 9.030, 9.170, 9.078][0.333, 0.400, 0.267]
9.12415: [9.500, 9.640, 9.270, 9.280, 9.230, 9.270, 9.030, 9.170, 9.124][0.333, 0.400, 0.267]
9.17: [9.500, 9.640, 9.270, 9.280, 9.230, 9.270, 9.030, 9.170, 9.170][0.333, 0.400, 0.267]
9.21585: [9.500, 9.640, 9.270, 9.280, 9.230, 9.270, 9.030, 9.170, 9.216][0.333, 0.400, 0.267]
9.2617: [9.500, 9.640, 9.270, 9.280, 9.230, 9.270, 9.030, 9.170, 9.262][0.333, 0.400, 0.267]
9.30755: [9.500, 9.640, 9.270, 9.280, 9.230, 9.270, 9.030, 9.170, 9.308][0.333, 0.400, 0.267]
9.3534: [9.500, 9.640, 9.270, 9.280, 9.230, 9.270, 9.030, 9.170, 9.353][0.333, 0.400, 0.267]
9.39925: [9.500, 9.640, 9.270, 9.280, 9.230, 9.270, 9.030, 9.170, 9.399][0.333, 0.400, 0.267]
9.4451: [9.500, 9.640, 9.270, 9.280, 9.230, 9.270, 9.030, 9.170, 9.445][0.333, 0.400, 0.267]
9.49095: [9.500, 9.640, 9.270, 9.280, 9.230, 9.270, 9.030, 9.170, 9.491][0.333, 0.400, 0.267]
9.5368: [9.500, 9.640, 9.270, 9.280, 9.230, 9.270, 9.030, 9.170, 9.537][0.333, 0.400, 0.267]
9.58265: [9.500, 9.640, 9.270, 9.280, 9.230, 9.270, 9.030, 9.170, 9.583][0.333, 0.400, 0.267]
9.6285: [9.500, 9.640, 9.270, 9.280, 9.230, 9.270, 9.030, 9.170, 9.628][0.333, 0.400, 0.267]
9.67435: [9.500, 9.640, 9.270, 9.280, 9.230, 9.270, 9.030, 9.170, 9.674][0.333, 0.400, 0.267]
9.7202: [9.500, 9.640, 9.270, 9.280, 9.230, 9.270, 9.030, 9.170, 9.720][0.333, 0.400, 0.267]
9.76605: [9.500, 9.640, 9.270, 9.280, 9.230, 9.270, 9.030, 9.170, 9.766][0.333, 0.400, 0.267]
9.8119: [9.500, 9.640, 9.270, 9.280, 9.230, 9.270, 9.030, 9.170, 9.812][0.333, 0.400, 0.267]
9.85775: [9.500, 9.640, 9.270, 9.280, 9.230, 9.270, 9.030, 9.170, 9.858][0.333, 0.400, 0.267]
9.9036: [9.500, 9.640, 9.270, 9.280, 9.230, 9.270, 9.030, 9.170, 9.904][0.333, 0.400, 0.267]
9.94945: [9.500, 9.640, 9.270, 9.280, 9.230, 9.270, 9.030, 9.170, 9.949][0.333, 0.400, 0.267]
9.9953: [9.500, 9.640, 9.270, 9.280, 9.230, 9.270, 9.030, 9.170, 9.995][0.333, 0.400, 0.267]
10.04115: [9.500, 9.640, 9.270, 9.280, 9.230, 9.270, 9.030, 9.170, 10.041][0.333, 0.400, 0.267]
10.087: [9.500, 9.640, 9.270, 9.280, 9.230, 9.270, 9.030, 9.170, 10.087][0.333, 0.400, 0.267]
