Loading Model: level_list/m1_100/tick_list/XONE/class/models/model.h5
history_filename: history_recent/XONE/history.json
Yesterday        : 2017-08-18: OHLCV: 6.9800, 7.0000, 6.7200, 6.9000, 364580
UberYesterday    : 2017-08-17: OHLCV: 7.4100, 7.5100, 6.9800, 7.0100, 323343
[u'6.9800', u'7.0000', u'6.7200', u'6.9000', u'364580']
[u'7.4100', u'7.5100', u'6.9800', u'7.0100', u'323343']
question_base :[7.41, 7.51, 6.98, 7.01, 6.98, 7.0, 6.72, 6.9]
6.21: [7.410, 7.510, 6.980, 7.010, 6.980, 7.000, 6.720, 6.900, 6.210][0.119, 0.170, 0.712]
6.2445: [7.410, 7.510, 6.980, 7.010, 6.980, 7.000, 6.720, 6.900, 6.245][0.119, 0.170, 0.712]
6.279: [7.410, 7.510, 6.980, 7.010, 6.980, 7.000, 6.720, 6.900, 6.279][0.119, 0.170, 0.712]
6.3135: [7.410, 7.510, 6.980, 7.010, 6.980, 7.000, 6.720, 6.900, 6.314][0.119, 0.170, 0.712]
6.348: [7.410, 7.510, 6.980, 7.010, 6.980, 7.000, 6.720, 6.900, 6.348][0.119, 0.170, 0.712]
6.3825: [7.410, 7.510, 6.980, 7.010, 6.980, 7.000, 6.720, 6.900, 6.383][0.119, 0.170, 0.712]
6.417: [7.410, 7.510, 6.980, 7.010, 6.980, 7.000, 6.720, 6.900, 6.417][0.119, 0.170, 0.712]
6.4515: [7.410, 7.510, 6.980, 7.010, 6.980, 7.000, 6.720, 6.900, 6.452][0.119, 0.170, 0.712]
6.486: [7.410, 7.510, 6.980, 7.010, 6.980, 7.000, 6.720, 6.900, 6.486][0.119, 0.170, 0.712]
6.5205: [7.410, 7.510, 6.980, 7.010, 6.980, 7.000, 6.720, 6.900, 6.521][0.119, 0.170, 0.712]
6.555: [7.410, 7.510, 6.980, 7.010, 6.980, 7.000, 6.720, 6.900, 6.555][0.118, 0.170, 0.712]
6.5895: [7.410, 7.510, 6.980, 7.010, 6.980, 7.000, 6.720, 6.900, 6.590][0.118, 0.170, 0.712]
6.624: [7.410, 7.510, 6.980, 7.010, 6.980, 7.000, 6.720, 6.900, 6.624][0.118, 0.170, 0.712]
6.6585: [7.410, 7.510, 6.980, 7.010, 6.980, 7.000, 6.720, 6.900, 6.659][0.118, 0.170, 0.712]
6.693: [7.410, 7.510, 6.980, 7.010, 6.980, 7.000, 6.720, 6.900, 6.693][0.118, 0.171, 0.711]
6.7275: [7.410, 7.510, 6.980, 7.010, 6.980, 7.000, 6.720, 6.900, 6.728][0.117, 0.173, 0.710]
6.762: [7.410, 7.510, 6.980, 7.010, 6.980, 7.000, 6.720, 6.900, 6.762][0.113, 0.181, 0.706]
6.7965: [7.410, 7.510, 6.980, 7.010, 6.980, 7.000, 6.720, 6.900, 6.797][0.102, 0.215, 0.683]
6.831: [7.410, 7.510, 6.980, 7.010, 6.980, 7.000, 6.720, 6.900, 6.831][0.080, 0.341, 0.580]
6.8655: [7.410, 7.510, 6.980, 7.010, 6.980, 7.000, 6.720, 6.900, 6.866][0.067, 0.536, 0.397]
6.9: [7.410, 7.510, 6.980, 7.010, 6.980, 7.000, 6.720, 6.900, 6.900][0.090, 0.589, 0.321]
6.9345: [7.410, 7.510, 6.980, 7.010, 6.980, 7.000, 6.720, 6.900, 6.935][0.138, 0.552, 0.310]
6.969: [7.410, 7.510, 6.980, 7.010, 6.980, 7.000, 6.720, 6.900, 6.969][0.194, 0.498, 0.308]
7.0035: [7.410, 7.510, 6.980, 7.010, 6.980, 7.000, 6.720, 6.900, 7.004][0.244, 0.451, 0.305]
7.038: [7.410, 7.510, 6.980, 7.010, 6.980, 7.000, 6.720, 6.900, 7.038][0.284, 0.416, 0.300]
7.0725: [7.410, 7.510, 6.980, 7.010, 6.980, 7.000, 6.720, 6.900, 7.073][0.314, 0.391, 0.295]
7.107: [7.410, 7.510, 6.980, 7.010, 6.980, 7.000, 6.720, 6.900, 7.107][0.337, 0.372, 0.291]
7.1415: [7.410, 7.510, 6.980, 7.010, 6.980, 7.000, 6.720, 6.900, 7.142][0.354, 0.359, 0.287]
7.176: [7.410, 7.510, 6.980, 7.010, 6.980, 7.000, 6.720, 6.900, 7.176][0.366, 0.349, 0.284]
7.2105: [7.410, 7.510, 6.980, 7.010, 6.980, 7.000, 6.720, 6.900, 7.211][0.376, 0.342, 0.282]
7.245: [7.410, 7.510, 6.980, 7.010, 6.980, 7.000, 6.720, 6.900, 7.245][0.383, 0.336, 0.280]
7.2795: [7.410, 7.510, 6.980, 7.010, 6.980, 7.000, 6.720, 6.900, 7.280][0.389, 0.332, 0.279]
7.314: [7.410, 7.510, 6.980, 7.010, 6.980, 7.000, 6.720, 6.900, 7.314][0.394, 0.329, 0.278]
7.3485: [7.410, 7.510, 6.980, 7.010, 6.980, 7.000, 6.720, 6.900, 7.349][0.397, 0.326, 0.277]
7.383: [7.410, 7.510, 6.980, 7.010, 6.980, 7.000, 6.720, 6.900, 7.383][0.400, 0.323, 0.276]
7.4175: [7.410, 7.510, 6.980, 7.010, 6.980, 7.000, 6.720, 6.900, 7.418][0.403, 0.321, 0.276]
7.452: [7.410, 7.510, 6.980, 7.010, 6.980, 7.000, 6.720, 6.900, 7.452][0.405, 0.320, 0.275]
7.4865: [7.410, 7.510, 6.980, 7.010, 6.980, 7.000, 6.720, 6.900, 7.487][0.407, 0.318, 0.275]
7.521: [7.410, 7.510, 6.980, 7.010, 6.980, 7.000, 6.720, 6.900, 7.521][0.409, 0.317, 0.274]
7.5555: [7.410, 7.510, 6.980, 7.010, 6.980, 7.000, 6.720, 6.900, 7.556][0.410, 0.316, 0.274]
