[[  3.  20.  13.]
 [ 10.  21.   8.]
 [  3.   7.  15.]]
cf_score, 23.0
ratio, 0.393939393939
[[ 20.   0.  10.]
 [ 38.   0.   6.]
 [ 13.   0.  13.]]
cf_score, 10.0
ratio, 0.333333333333
[[ 18.   0.   4.]
 [ 32.   0.   8.]
 [ 20.   0.  18.]]
cf_score, 12.0
ratio, 0.363636363636
[[ 19.   0.   6.]
 [ 37.   0.   5.]
 [ 12.   0.  21.]]
cf_score, 22.0
ratio, 0.40404040404
[[ 24.   0.   9.]
 [ 34.   0.   5.]
 [ 13.   0.  15.]]
cf_score, 17.0
ratio, 0.393939393939
[[ 18.   0.  10.]
 [ 29.   1.   7.]
 [ 16.   0.  19.]]
cf_score, 12.0
ratio, 0.383838383838
[[ 28.   0.   7.]
 [ 29.   0.   4.]
 [ 15.   0.  17.]]
cf_score, 23.0
ratio, 0.454545454545
[[ 28.   0.   5.]
 [ 32.   0.   6.]
 [ 15.   0.  14.]]
cf_score, 22.0
ratio, 0.424242424242
[[ 28.   0.   8.]
 [ 27.   0.   4.]
 [ 13.   0.  20.]]
cf_score, 27.0
ratio, 0.484848484848
[[ 19.   0.   6.]
 [ 26.   0.  16.]
 [ 12.   0.  21.]]
cf_score, 22.0
ratio, 0.40404040404
[[ 23.   0.  10.]
 [ 20.   3.  13.]
 [ 15.   0.  16.]]
cf_score, 17.0
ratio, 0.424242424242
[[ 20.   0.   8.]
 [ 23.   0.  15.]
 [ 16.   0.  18.]]
cf_score, 14.0
ratio, 0.383838383838
[[ 24.   1.   9.]
 [ 26.   1.   8.]
 [ 11.   0.  20.]]
cf_score, 25.0
ratio, 0.454545454545
[[ 20.   1.  10.]
 [ 24.   2.   9.]
 [ 14.   1.  19.]]
cf_score, 17.0
ratio, 0.414141414141
[[ 21.   1.   8.]
 [ 20.  10.  13.]
 [ 14.   1.  12.]]
cf_score, 21.0
ratio, 0.434343434343
[[ 20.   0.   6.]
 [ 30.   5.   8.]
 [ 13.   1.  17.]]
cf_score, 23.0
ratio, 0.424242424242
[[ 16.   4.   6.]
 [ 30.   5.   9.]
 [ 10.   2.  18.]]
cf_score, 23.0
ratio, 0.393939393939
[[ 24.   6.   8.]
 [ 20.   8.   8.]
 [  5.   3.  18.]]
cf_score, 37.0
ratio, 0.505050505051
[[ 19.   3.   8.]
 [ 34.   3.   6.]
 [ 12.   2.  13.]]
cf_score, 15.0
ratio, 0.353535353535
[[ 19.   1.   6.]
 [ 23.   7.  12.]
 [ 11.   0.  21.]]
cf_score, 30.0
ratio, 0.474747474747
[[ 28.   4.   3.]
 [ 17.   6.   8.]
 [ 14.   1.  19.]]
cf_score, 36.0
ratio, 0.535353535354
[[ 19.   2.   1.]
 [ 15.   3.   6.]
 [ 22.   2.  30.]]
cf_score, 29.0
ratio, 0.525252525253
[[ 15.   7.   7.]
 [ 25.   8.   9.]
 [ 14.   4.  11.]]
cf_score, 13.0
ratio, 0.343434343434
[[ 23.   5.   4.]
 [ 24.   7.   5.]
 [ 12.   4.  16.]]
cf_score, 30.0
ratio, 0.464646464646
[[ 22.   6.   6.]
 [ 17.   8.  13.]
 [ 11.   2.  15.]]
cf_score, 28.0
ratio, 0.454545454545
[[ 23.   5.   4.]
 [ 21.  11.   7.]
 [ 13.   4.  12.]]
cf_score, 29.0
ratio, 0.464646464646
[[ 25.   6.   5.]
 [ 21.  10.   6.]
 [ 11.   1.  15.]]
cf_score, 34.0
ratio, 0.505050505051
[[ 25.   8.   3.]
 [ 26.   3.   5.]
 [ 13.   4.  13.]]
cf_score, 25.0
ratio, 0.414141414141
[[ 19.   4.   5.]
 [ 26.   7.  14.]
 [ 11.   3.  11.]]
cf_score, 21.0
ratio, 0.373737373737
[[ 20.   8.   4.]
 [ 20.   3.  11.]
 [ 10.   8.  16.]]
cf_score, 25.0
ratio, 0.393939393939
[[ 18.   5.   5.]
 [ 22.   6.   8.]
 [ 11.   5.  20.]]
cf_score, 28.0
ratio, 0.444444444444
[[ 24.   4.   4.]
 [ 16.   3.  14.]
 [ 14.   3.  18.]]
cf_score, 27.0
ratio, 0.454545454545
[[ 21.  10.   6.]
 [ 20.   4.   5.]
 [ 13.   1.  20.]]
cf_score, 26.0
ratio, 0.454545454545
[[ 12.   7.   4.]
 [ 21.   8.   8.]
 [ 13.   2.  25.]]
cf_score, 28.0
ratio, 0.454545454545
[[ 24.   3.   2.]
 [ 27.   6.  10.]
 [  6.   3.  19.]]
cf_score, 41.0
ratio, 0.494949494949
[[ 29.   8.   2.]
 [ 26.   2.   9.]
 [ 10.   3.  11.]]
cf_score, 30.0
ratio, 0.424242424242
[[ 32.   3.   2.]
 [ 26.   4.   5.]
 [ 11.  10.   7.]]
cf_score, 30.0
ratio, 0.434343434343
[[ 34.   6.   3.]
 [ 23.   6.   9.]
 [  9.   5.   5.]]
cf_score, 33.0
ratio, 0.454545454545
[[ 21.   5.   5.]
 [ 21.   5.   9.]
 [  9.   3.  22.]]
cf_score, 34.0
ratio, 0.484848484848
[[ 19.   8.   2.]
 [ 26.   6.  10.]
 [ 12.   3.  14.]]
cf_score, 25.0
ratio, 0.393939393939
[[ 13.  11.   2.]
 [ 16.  17.   5.]
 [ 18.   6.  12.]]
cf_score, 22.0
ratio, 0.424242424242
[[ 24.   4.   3.]
 [ 22.   6.  10.]
 [ 14.   6.  11.]]
cf_score, 24.0
ratio, 0.414141414141
[[ 25.   4.   5.]
 [ 30.  11.   6.]
 [  6.   4.   9.]]
cf_score, 34.0
ratio, 0.454545454545
[[ 18.   1.   4.]
 [ 28.   8.   9.]
 [  8.   2.  22.]]
cf_score, 36.0
ratio, 0.484848484848
[[ 26.   6.   7.]
 [ 22.   4.   7.]
 [  8.   6.  14.]]
cf_score, 29.0
ratio, 0.444444444444
[[ 20.   7.   2.]
 [ 24.   2.   8.]
 [ 10.   4.  23.]]
cf_score, 33.0
ratio, 0.454545454545
[[ 26.   3.   6.]
 [ 21.   6.   4.]
 [  8.  13.  13.]]
cf_score, 31.0
ratio, 0.454545454545
[[ 23.   8.   6.]
 [ 28.   1.  10.]
 [  9.   3.  12.]]
cf_score, 21.0
ratio, 0.363636363636
[[ 26.   1.   0.]
 [ 29.   3.   7.]
 [ 14.   7.  13.]]
cf_score, 28.0
ratio, 0.424242424242
[[ 22.   8.   6.]
 [ 22.   5.   8.]
 [ 13.   6.  10.]]
cf_score, 18.0
ratio, 0.373737373737
[[ 23.   5.   6.]
 [ 25.   6.   9.]
 [ 12.   4.  10.]]
cf_score, 21.0
ratio, 0.393939393939
[[ 20.   4.   4.]
 [ 30.   5.   8.]
 [ 15.   2.  12.]]
cf_score, 18.0
ratio, 0.373737373737
[[ 22.   5.   6.]
 [ 20.   8.   6.]
 [ 12.   4.  17.]]
cf_score, 29.0
ratio, 0.474747474747
[[ 23.   2.   7.]
 [ 25.   5.   7.]
 [ 14.   3.  14.]]
cf_score, 21.0
ratio, 0.424242424242
[[ 20.   4.   4.]
 [ 20.   5.  15.]
 [ 14.   5.  13.]]
cf_score, 20.0
ratio, 0.383838383838
[[ 22.   4.   4.]
 [ 32.   2.   5.]
 [ 16.   3.  12.]]
cf_score, 16.0
ratio, 0.363636363636
[[ 21.   4.   7.]
 [ 20.   6.   8.]
 [ 13.   5.  16.]]
cf_score, 23.0
ratio, 0.434343434343
[[ 21.   5.   1.]
 [ 22.   8.  11.]
 [  9.   5.  18.]]
cf_score, 37.0
ratio, 0.474747474747
[[ 29.   5.   6.]
 [ 19.   5.   6.]
 [ 12.   1.  17.]]
cf_score, 33.0
ratio, 0.515151515152
[[ 31.   5.   3.]
 [ 20.   6.   9.]
 [ 12.   5.   9.]]
cf_score, 31.0
ratio, 0.464646464646
[[ 21.   4.   5.]
 [ 24.   5.   6.]
 [ 12.   5.  18.]]
cf_score, 27.0
ratio, 0.444444444444
[[ 28.   5.   2.]
 [ 25.   8.   8.]
 [  8.   3.  13.]]
cf_score, 39.0
ratio, 0.494949494949
[[ 17.   2.   3.]
 [ 27.   4.   9.]
 [ 13.   2.  23.]]
cf_score, 28.0
ratio, 0.444444444444
[[ 28.   0.   6.]
 [ 29.   4.   8.]
 [ 10.   3.  12.]]
cf_score, 28.0
ratio, 0.444444444444
[[ 19.   4.   4.]
 [ 27.   4.   8.]
 [ 14.   3.  17.]]
cf_score, 22.0
ratio, 0.40404040404
[[ 29.   3.   8.]
 [ 22.   2.   6.]
 [ 17.   0.  13.]]
cf_score, 19.0
ratio, 0.444444444444
[[ 23.   4.   3.]
 [ 29.   6.   7.]
 [ 10.   4.  14.]]
cf_score, 30.0
ratio, 0.434343434343
[[ 27.  10.   2.]
 [ 20.   3.   7.]
 [ 12.  11.   8.]]
cf_score, 24.0
ratio, 0.383838383838
[[ 24.   4.   4.]
 [ 31.   3.   3.]
 [ 16.   3.  12.]]
cf_score, 19.0
ratio, 0.393939393939
[[ 22.   3.   2.]
 [ 29.   4.   8.]
 [ 18.   7.   7.]]
cf_score, 13.0
ratio, 0.333333333333
[[ 31.   2.   4.]
 [ 24.   5.   8.]
 [  9.   4.  13.]]
cf_score, 36.0
ratio, 0.494949494949
[[ 26.   4.   2.]
 [ 23.   2.  11.]
 [  9.   9.  14.]]
cf_score, 31.0
ratio, 0.424242424242
[[ 21.   2.   8.]
 [ 28.   4.  13.]
 [ 10.   4.  10.]]
cf_score, 17.0
ratio, 0.353535353535
[[ 19.   3.   3.]
 [ 20.   5.  13.]
 [ 15.   5.  17.]]
cf_score, 23.0
ratio, 0.414141414141
[[ 20.   3.   4.]
 [ 24.   6.  10.]
 [ 13.   5.  15.]]
cf_score, 24.0
ratio, 0.414141414141
[[ 18.   3.   4.]
 [ 19.   7.   7.]
 [ 20.   9.  13.]]
cf_score, 14.0
ratio, 0.383838383838
[[ 23.   6.   4.]
 [ 22.   5.  10.]
 [  8.   6.  16.]]
cf_score, 32.0
ratio, 0.444444444444
[[ 17.   3.  10.]
 [ 16.   6.  10.]
 [ 20.   1.  17.]]
cf_score, 10.0
ratio, 0.40404040404
[[ 22.   5.   4.]
 [ 17.   8.  10.]
 [ 15.   4.  15.]]
cf_score, 26.0
ratio, 0.454545454545
[[ 19.   0.   2.]
 [ 31.   7.   7.]
 [ 16.   5.  13.]]
cf_score, 21.0
ratio, 0.393939393939
[[ 23.   4.   5.]
 [ 28.   6.  11.]
 [ 11.   6.   6.]]
cf_score, 19.0
ratio, 0.353535353535
[[ 23.   2.   4.]
 [ 15.   3.  15.]
 [ 15.  10.  13.]]
cf_score, 20.0
ratio, 0.393939393939
[[ 18.   5.   6.]
 [ 21.  10.   7.]
 [ 15.   1.  17.]]
cf_score, 24.0
ratio, 0.454545454545
[[ 27.   2.   3.]
 [ 29.   5.   7.]
 [ 10.   5.  12.]]
cf_score, 31.0
ratio, 0.444444444444
[[ 17.   2.   5.]
 [ 25.   3.  10.]
 [ 19.   4.  15.]]
cf_score, 11.0
ratio, 0.353535353535
[[ 20.   9.   4.]
 [ 19.   4.  12.]
 [ 12.   5.  15.]]
cf_score, 23.0
ratio, 0.393939393939
[[ 18.   1.   4.]
 [ 23.   7.   5.]
 [ 19.   7.  16.]]
cf_score, 18.0
ratio, 0.414141414141
[[ 36.   4.   5.]
 [ 16.   4.   5.]
 [ 12.   2.  16.]]
cf_score, 39.0
ratio, 0.565656565657
[[ 20.   3.   6.]
 [ 24.   9.   7.]
 [ 13.   6.  12.]]
cf_score, 22.0
ratio, 0.414141414141
[[ 22.   2.   2.]
 [ 32.   7.   2.]
 [ 12.   4.  17.]]
cf_score, 32.0
ratio, 0.464646464646
[[ 25.   2.   6.]
 [ 19.   4.  14.]
 [ 11.   3.  16.]]
cf_score, 28.0
ratio, 0.454545454545
[[ 25.   5.   7.]
 [ 21.   3.  11.]
 [ 10.   7.  11.]]
cf_score, 22.0
ratio, 0.393939393939
[[ 24.   3.   5.]
 [ 22.   6.   3.]
 [ 12.  10.  15.]]
cf_score, 28.0
ratio, 0.454545454545
[[ 19.   6.   5.]
 [ 23.   4.   7.]
 [ 11.   3.  22.]]
cf_score, 29.0
ratio, 0.454545454545
[[ 22.   3.   2.]
 [ 24.   9.   2.]
 [ 22.   4.  12.]]
cf_score, 19.0
ratio, 0.434343434343
[[ 24.   5.   7.]
 [ 23.   1.  10.]
 [  4.   6.  20.]]
cf_score, 34.0
ratio, 0.454545454545
[[ 21.   4.   4.]
 [ 22.   7.  17.]
 [ 10.   2.  13.]]
cf_score, 27.0
ratio, 0.414141414141
[[ 23.   2.   3.]
 [ 26.   4.  12.]
 [ 12.   6.  12.]]
cf_score, 24.0
ratio, 0.393939393939
[[ 26.   1.   5.]
 [ 17.   7.  11.]
 [ 17.   4.  12.]]
cf_score, 23.0
ratio, 0.454545454545
[[ 25.   3.   6.]
 [ 18.  13.   6.]
 [ 18.   3.   8.]]
cf_score, 22.0
ratio, 0.464646464646
