[[  0.   5.  31.]
 [  0.  17.  15.]
 [  0.   8.  24.]]
cf_score, 10.0
nv_score, -53.0
ratio, 0.414141414141
[[  0.   0.  33.]
 [  0.  21.   8.]
 [  0.   8.  30.]]
cf_score, 18.0
nv_score, -44.0
ratio, 0.515151515152
[[ 36.   1.   0.]
 [ 16.  18.   0.]
 [ 20.   9.   0.]]
cf_score, 34.0
nv_score, 0.0
ratio, 0.545454545455
[[ 32.   1.   0.]
 [ 11.  25.   0.]
 [ 25.   6.   0.]]
cf_score, 32.0
nv_score, 0.0
ratio, 0.575757575758
[[ 40.   0.   0.]
 [ 19.  14.   0.]
 [ 18.   9.   0.]]
cf_score, 36.0
nv_score, 0.0
ratio, 0.545454545455
[[ 37.   0.   0.]
 [  8.  14.   0.]
 [ 33.   8.   0.]]
cf_score, 18.0
nv_score, 0.0
ratio, 0.515151515152
[[ 30.   1.   0.]
 [ 25.  14.   0.]
 [ 22.   7.   1.]]
cf_score, 23.0
nv_score, 1.0
ratio, 0.454545454545
[[ 36.   0.   1.]
 [ 18.  21.   0.]
 [ 19.   5.   0.]]
cf_score, 37.0
nv_score, -2.0
ratio, 0.575757575758
[[ 37.   1.   0.]
 [ 10.  24.   2.]
 [ 21.   3.   2.]]
cf_score, 42.0
nv_score, 0.0
ratio, 0.636363636364
[[ 33.   3.   2.]
 [ 15.  14.   0.]
 [ 26.   5.   2.]]
cf_score, 21.0
nv_score, -2.0
ratio, 0.494949494949
[[ 33.   3.   0.]
 [  9.  21.   1.]
 [ 25.   5.   3.]]
cf_score, 32.0
nv_score, 2.0
ratio, 0.575757575758
[[ 39.   1.   2.]
 [ 10.  15.   1.]
 [ 28.   3.   1.]]
cf_score, 25.0
nv_score, -4.0
ratio, 0.555555555556
[[ 24.   3.   0.]
 [ 18.  17.   2.]
 [ 25.  10.   1.]]
cf_score, 17.0
nv_score, -1.0
ratio, 0.424242424242
[[ 22.   1.   3.]
 [ 16.  17.   3.]
 [ 30.   7.   1.]]
cf_score, 7.0
nv_score, -8.0
ratio, 0.40404040404
[[ 33.   2.   1.]
 [ 16.  21.   1.]
 [ 16.   9.   1.]]
cf_score, 38.0
nv_score, -2.0
ratio, 0.555555555556
[[ 32.   2.   4.]
 [ 13.  20.   1.]
 [ 18.   7.   3.]]
cf_score, 33.0
nv_score, -6.0
ratio, 0.555555555556
[[ 23.   2.   6.]
 [ 15.  19.   3.]
 [ 19.   6.   7.]]
cf_score, 24.0
nv_score, -8.0
ratio, 0.494949494949
[[ 24.   0.   4.]
 [ 16.  19.   3.]
 [ 21.   7.   6.]]
cf_score, 24.0
nv_score, -5.0
ratio, 0.494949494949
[[ 27.   2.   6.]
 [ 15.  12.   4.]
 [ 20.   3.  11.]]
cf_score, 24.0
nv_score, -5.0
ratio, 0.505050505051
[[ 22.   3.   8.]
 [ 13.  14.   2.]
 [ 22.   8.   8.]]
cf_score, 14.0
nv_score, -10.0
ratio, 0.444444444444
[[ 24.   0.   9.]
 [ 14.  14.   2.]
 [ 13.   8.  16.]]
cf_score, 32.0
nv_score, -4.0
ratio, 0.545454545455
[[ 17.   1.  11.]
 [ 11.  24.   6.]
 [ 17.   2.  11.]]
cf_score, 24.0
nv_score, -17.0
ratio, 0.525252525253
[[ 22.   2.  10.]
 [ 10.  23.   8.]
 [ 11.   3.  11.]]
cf_score, 35.0
nv_score, -17.0
ratio, 0.565656565657
[[ 23.   1.  12.]
 [ 11.  15.  10.]
 [ 17.   3.   8.]]
cf_score, 17.0
nv_score, -26.0
ratio, 0.464646464646
[[ 21.   1.  12.]
 [ 13.  15.   5.]
 [ 14.   7.  12.]]
cf_score, 22.0
nv_score, -17.0
ratio, 0.484848484848
[[ 34.   2.   7.]
 [  7.  18.   3.]
 [ 20.   3.   6.]]
cf_score, 31.0
nv_score, -11.0
ratio, 0.585858585859
[[ 32.   0.   5.]
 [ 13.  12.   5.]
 [ 15.   8.  10.]]
cf_score, 34.0
nv_score, -5.0
ratio, 0.545454545455
[[ 29.   5.   9.]
 [  5.  11.  10.]
 [ 17.   4.  10.]]
cf_score, 24.0
nv_score, -18.0
ratio, 0.505050505051
[[ 20.   2.   9.]
 [ 15.  15.   9.]
 [ 13.   5.  12.]]
cf_score, 25.0
nv_score, -15.0
ratio, 0.474747474747
[[ 37.   0.   5.]
 [ 15.   9.   4.]
 [ 16.   5.   9.]]
cf_score, 34.0
nv_score, -5.0
ratio, 0.555555555556
[[ 23.   0.   9.]
 [ 12.  18.   3.]
 [ 21.   2.  12.]]
cf_score, 23.0
nv_score, -9.0
ratio, 0.535353535354
[[ 30.   4.   9.]
 [  5.  15.  10.]
 [ 12.   4.  11.]]
cf_score, 35.0
nv_score, -17.0
ratio, 0.565656565657
[[ 33.   0.   8.]
 [  6.  10.  10.]
 [ 17.   6.  10.]]
cf_score, 28.0
nv_score, -16.0
ratio, 0.535353535354
[[ 23.   0.   8.]
 [ 11.  14.   7.]
 [ 23.   4.  10.]]
cf_score, 16.0
nv_score, -13.0
ratio, 0.474747474747
[[ 31.   4.   9.]
 [  5.  14.   2.]
 [ 18.   9.   8.]]
cf_score, 26.0
nv_score, -12.0
ratio, 0.535353535354
[[ 26.   2.  10.]
 [ 10.  11.   4.]
 [ 21.   3.  13.]]
cf_score, 19.0
nv_score, -11.0
ratio, 0.505050505051
[[ 30.   0.  14.]
 [  3.  17.   3.]
 [ 15.   7.  11.]]
cf_score, 29.0
nv_score, -20.0
ratio, 0.585858585859
[[ 27.   0.  10.]
 [  6.  14.   7.]
 [ 20.   6.  10.]]
cf_score, 21.0
nv_score, -17.0
ratio, 0.515151515152
[[ 23.   2.   9.]
 [ 15.  20.   3.]
 [  9.   8.  11.]]
cf_score, 36.0
nv_score, -10.0
ratio, 0.545454545455
[[ 23.   2.   4.]
 [ 15.  17.   9.]
 [ 14.   4.  12.]]
cf_score, 34.0
nv_score, -5.0
ratio, 0.525252525253
[[ 24.   0.   8.]
 [ 13.  16.   3.]
 [ 20.   3.  13.]]
cf_score, 25.0
nv_score, -6.0
ratio, 0.535353535354
[[ 32.   4.   8.]
 [  8.  11.   7.]
 [  7.   5.  18.]]
cf_score, 46.0
nv_score, -5.0
ratio, 0.616161616162
[[ 20.   0.  13.]
 [  7.  19.   6.]
 [ 17.   3.  15.]]
cf_score, 24.0
nv_score, -17.0
ratio, 0.545454545455
[[ 25.   1.   6.]
 [  7.  14.   5.]
 [ 26.   9.   7.]]
cf_score, 14.0
nv_score, -10.0
ratio, 0.464646464646
[[ 28.   0.   9.]
 [ 13.  19.   2.]
 [ 12.   3.  14.]]
cf_score, 40.0
nv_score, -6.0
ratio, 0.616161616162
[[ 31.   1.   4.]
 [ 12.  23.   5.]
 [  8.   2.  14.]]
cf_score, 56.0
nv_score, 1.0
ratio, 0.686868686869
[[ 21.   0.   8.]
 [ 15.  17.   5.]
 [ 15.   2.  17.]]
cf_score, 32.0
nv_score, -4.0
ratio, 0.555555555556
[[ 27.   0.  10.]
 [  7.  14.   8.]
 [ 20.   1.  13.]]
cf_score, 24.0
nv_score, -15.0
ratio, 0.545454545455
[[ 26.   5.   9.]
 [ 11.  17.   7.]
 [  9.   6.  10.]]
cf_score, 35.0
nv_score, -15.0
ratio, 0.535353535354
[[ 23.   1.  11.]
 [ 12.  16.   3.]
 [ 12.   7.  15.]]
cf_score, 31.0
nv_score, -10.0
ratio, 0.545454545455
