[[ 12.  19.   3.]
 [  5.  28.   1.]
 [  6.  25.   1.]]
cf_score, 32.0
nv_score, -6.0
ratio, 0.414141414141
[[  0.  14.  16.]
 [  0.  29.  14.]
 [  0.  14.  13.]]
cf_score, 26.0
nv_score, -33.0
ratio, 0.424242424242
[[  0.  13.  22.]
 [  0.  23.   7.]
 [  0.  16.  19.]]
cf_score, 20.0
nv_score, -32.0
ratio, 0.424242424242
[[  1.  14.  21.]
 [  0.  16.  11.]
 [  0.  22.  15.]]
cf_score, 11.0
nv_score, -38.0
ratio, 0.323232323232
[[  2.  19.  16.]
 [  1.  25.   7.]
 [  2.  19.   9.]]
cf_score, 18.0
nv_score, -30.0
ratio, 0.363636363636
[[  0.  13.  15.]
 [  0.  28.   9.]
 [  0.  15.  20.]]
cf_score, 33.0
nv_score, -19.0
ratio, 0.484848484848
[[  0.  14.  14.]
 [  0.  20.  13.]
 [  0.  16.  23.]]
cf_score, 29.0
nv_score, -18.0
ratio, 0.434343434343
[[  0.   8.  25.]
 [  0.  21.  12.]
 [  0.  16.  18.]]
cf_score, 14.0
nv_score, -44.0
ratio, 0.393939393939
[[  0.  17.  17.]
 [  0.  21.  13.]
 [  0.  19.  13.]]
cf_score, 17.0
nv_score, -34.0
ratio, 0.343434343434
[[  0.  19.  19.]
 [  2.  20.   7.]
 [  3.  17.  13.]]
cf_score, 11.0
nv_score, -32.0
ratio, 0.333333333333
[[  0.  24.  12.]
 [  0.  21.   7.]
 [  0.  18.  18.]]
cf_score, 27.0
nv_score, -13.0
ratio, 0.393939393939
[[  0.  17.  20.]
 [  0.  20.   7.]
 [  3.  16.  17.]]
cf_score, 14.0
nv_score, -30.0
ratio, 0.373737373737
[[  0.  15.  19.]
 [  0.  26.   7.]
 [  0.  13.  20.]]
cf_score, 27.0
nv_score, -25.0
ratio, 0.464646464646
[[  3.   7.  20.]
 [  2.  23.  11.]
 [  2.  13.  19.]]
cf_score, 23.0
nv_score, -32.0
ratio, 0.454545454545
[[  2.  12.  11.]
 [  1.  27.  12.]
 [  0.  20.  15.]]
cf_score, 33.0
nv_score, -19.0
ratio, 0.444444444444
[[  1.  10.  16.]
 [  3.  21.  12.]
 [  1.  21.  15.]]
cf_score, 20.0
nv_score, -29.0
ratio, 0.373737373737
[[  8.  11.  17.]
 [  1.  14.  13.]
 [  2.  18.  16.]]
cf_score, 19.0
nv_score, -31.0
ratio, 0.383838383838
[[  0.  17.  11.]
 [  6.  26.   6.]
 [  1.  17.  16.]]
cf_score, 30.0
nv_score, -12.0
ratio, 0.424242424242
[[  3.  12.  20.]
 [  4.  19.  12.]
 [  3.  18.   9.]]
cf_score, 8.0
nv_score, -43.0
ratio, 0.313131313131
[[  3.  16.  20.]
 [  3.  21.   4.]
 [  2.  16.  15.]]
cf_score, 17.0
nv_score, -29.0
ratio, 0.393939393939
[[ 15.  10.  13.]
 [  8.  15.   7.]
 [ 13.  11.   8.]]
cf_score, 12.0
nv_score, -25.0
ratio, 0.383838383838
[[  9.   9.   7.]
 [  4.  21.  11.]
 [  6.  15.  18.]]
cf_score, 35.0
nv_score, -7.0
ratio, 0.484848484848
[[  7.  16.   9.]
 [  2.  28.   7.]
 [  9.  14.   8.]]
cf_score, 25.0
nv_score, -17.0
ratio, 0.434343434343
[[  9.  12.  13.]
 [  5.  24.   6.]
 [  9.  10.  12.]]
cf_score, 23.0
nv_score, -20.0
ratio, 0.454545454545
[[  4.  13.  11.]
 [  4.  28.   7.]
 [  3.  17.  13.]]
cf_score, 31.0
nv_score, -16.0
ratio, 0.454545454545
[[  9.  21.   5.]
 [  8.  14.   6.]
 [ 10.  16.  11.]]
cf_score, 19.0
nv_score, -5.0
ratio, 0.343434343434
[[  9.   9.  14.]
 [  8.  23.   6.]
 [  8.   9.  14.]]
cf_score, 24.0
nv_score, -20.0
ratio, 0.464646464646
[[ 11.  23.   9.]
 [  5.  26.   1.]
 [  4.  13.   8.]]
cf_score, 32.0
nv_score, -11.0
ratio, 0.454545454545
[[  5.  17.   8.]
 [  4.  24.   3.]
 [ 16.  12.  11.]]
cf_score, 16.0
nv_score, -8.0
ratio, 0.40404040404
[[ 11.  19.  10.]
 [  9.  19.   3.]
 [  9.  10.  10.]]
cf_score, 21.0
nv_score, -13.0
ratio, 0.40404040404
[[  6.  16.  14.]
 [  5.  23.   4.]
 [ 11.  13.   8.]]
cf_score, 12.0
nv_score, -24.0
ratio, 0.373737373737
[[ 10.  18.   9.]
 [  4.  26.   2.]
 [ 12.  12.   7.]]
cf_score, 22.0
nv_score, -13.0
ratio, 0.434343434343
[[ 18.  11.   4.]
 [  7.  17.   2.]
 [ 10.  15.  16.]]
cf_score, 37.0
nv_score, 6.0
ratio, 0.515151515152
[[ 13.  16.   7.]
 [  5.  19.   9.]
 [ 11.  13.   7.]]
cf_score, 21.0
nv_score, -16.0
ratio, 0.393939393939
[[ 17.   4.  12.]
 [ 10.  21.   5.]
 [ 10.  13.   8.]]
cf_score, 24.0
nv_score, -21.0
ratio, 0.464646464646
[[  8.  13.  10.]
 [  9.  23.   8.]
 [  3.  19.   7.]]
cf_score, 25.0
nv_score, -21.0
ratio, 0.383838383838
[[ 13.   9.   8.]
 [  5.  22.   4.]
 [  6.  21.  12.]]
cf_score, 33.0
nv_score, -8.0
ratio, 0.474747474747
[[  8.  13.  12.]
 [  6.  19.   6.]
 [ 10.  12.  14.]]
cf_score, 19.0
nv_score, -16.0
ratio, 0.414141414141
[[  7.  10.   3.]
 [  4.  27.   8.]
 [  9.  18.  14.]]
cf_score, 36.0
nv_score, 0.0
ratio, 0.484848484848
[[ 10.  10.  12.]
 [  7.  25.   2.]
 [  9.  18.   7.]]
cf_score, 21.0
nv_score, -19.0
ratio, 0.424242424242
[[  7.  20.  14.]
 [  2.  23.   4.]
 [  6.  13.  11.]]
cf_score, 21.0
nv_score, -21.0
ratio, 0.414141414141
[[ 14.  11.   9.]
 [ 10.  18.   4.]
 [  8.  21.   5.]]
cf_score, 20.0
nv_score, -17.0
ratio, 0.373737373737
[[ 12.   8.   7.]
 [  6.  19.   3.]
 [ 12.  21.  12.]]
cf_score, 24.0
nv_score, -5.0
ratio, 0.434343434343
[[ 10.  16.  14.]
 [  6.  21.   5.]
 [  5.  14.   9.]]
cf_score, 21.0
nv_score, -24.0
ratio, 0.40404040404
[[ 10.  17.   6.]
 [  6.  26.   5.]
 [  8.  11.  11.]]
cf_score, 33.0
nv_score, -6.0
ratio, 0.474747474747
[[ 10.  16.   6.]
 [  5.  18.   5.]
 [  6.  25.   9.]]
cf_score, 25.0
nv_score, -8.0
ratio, 0.373737373737
[[  9.  23.   4.]
 [  5.  25.   4.]
 [  9.  15.   6.]]
cf_score, 27.0
nv_score, -6.0
ratio, 0.40404040404
[[  8.   8.  12.]
 [  6.  23.   6.]
 [  6.  18.  13.]]
cf_score, 26.0
nv_score, -17.0
ratio, 0.444444444444
[[ 12.   6.  13.]
 [  9.  16.   4.]
 [ 10.  19.  11.]]
cf_score, 16.0
nv_score, -19.0
ratio, 0.393939393939
[[ 16.  11.  10.]
 [  4.  21.   7.]
 [  4.  17.  10.]]
cf_score, 33.0
nv_score, -17.0
ratio, 0.474747474747
