[[  0.   7.  26.]
 [  0.  22.  12.]
 [  0.   7.  26.]]
cf_score, 22.0
nv_score, -38.0
ratio, 0.484848484848
[[  0.   2.  25.]
 [  0.  23.   8.]
 [  0.   5.  37.]]
cf_score, 35.0
nv_score, -21.0
ratio, 0.606060606061
[[  0.   5.  27.]
 [  0.  25.   6.]
 [  0.   6.  31.]]
cf_score, 29.0
nv_score, -29.0
ratio, 0.565656565657
[[  0.   4.  29.]
 [  0.  23.  14.]
 [  0.   4.  26.]]
cf_score, 20.0
nv_score, -46.0
ratio, 0.494949494949
[[  0.   1.  25.]
 [  0.  30.   7.]
 [  0.   7.  30.]]
cf_score, 35.0
nv_score, -27.0
ratio, 0.606060606061
[[  1.   4.  24.]
 [  0.  25.  11.]
 [  2.   4.  29.]]
cf_score, 29.0
nv_score, -30.0
ratio, 0.555555555556
[[  0.   3.  31.]
 [  0.  21.   8.]
 [  1.   5.  31.]]
cf_score, 20.0
nv_score, -39.0
ratio, 0.525252525253
[[  0.   8.  29.]
 [  1.  23.  10.]
 [  2.   2.  25.]]
cf_score, 17.0
nv_score, -43.0
ratio, 0.484848484848
[[  2.   8.  31.]
 [  0.  22.   7.]
 [  2.   2.  26.]]
cf_score, 17.0
nv_score, -43.0
ratio, 0.505050505051
[[  2.   3.  21.]
 [  2.  23.  12.]
 [  3.   2.  32.]]
cf_score, 33.0
nv_score, -22.0
ratio, 0.575757575758
[[  0.   6.  23.]
 [  0.  21.   9.]
 [  0.   4.  37.]]
cf_score, 35.0
nv_score, -18.0
ratio, 0.585858585859
[[  2.   8.  20.]
 [  0.  28.   7.]
 [  1.   3.  31.]]
cf_score, 40.0
nv_score, -16.0
ratio, 0.616161616162
[[  3.   7.  26.]
 [  0.  27.  12.]
 [  1.   1.  23.]]
cf_score, 26.0
nv_score, -41.0
ratio, 0.535353535354
[[  1.   6.  34.]
 [  0.  26.   7.]
 [  0.   8.  18.]]
cf_score, 11.0
nv_score, -57.0
ratio, 0.454545454545
[[  6.   5.  23.]
 [  2.  22.   8.]
 [  5.   3.  26.]]
cf_score, 26.0
nv_score, -28.0
ratio, 0.545454545455
[[  2.   5.  27.]
 [  0.  15.  15.]
 [  2.   4.  30.]]
cf_score, 18.0
nv_score, -39.0
ratio, 0.474747474747
[[  3.   2.  26.]
 [  1.  28.  13.]
 [  2.   6.  19.]]
cf_score, 22.0
nv_score, -46.0
ratio, 0.505050505051
[[  3.   4.  18.]
 [  1.  33.   5.]
 [  3.   9.  24.]]
cf_score, 39.0
nv_score, -17.0
ratio, 0.606060606061
[[  4.   1.  24.]
 [  0.  33.  12.]
 [  5.   2.  19.]]
cf_score, 27.0
nv_score, -41.0
ratio, 0.565656565657
[[  1.   5.  25.]
 [  2.  22.   8.]
 [  1.   7.  29.]]
cf_score, 26.0
nv_score, -29.0
ratio, 0.525252525253
[[  2.   2.  29.]
 [  1.  26.  10.]
 [  2.   4.  24.]]
cf_score, 21.0
nv_score, -44.0
ratio, 0.525252525253
[[  3.   4.  25.]
 [  0.  26.  11.]
 [  4.   4.  23.]]
cf_score, 23.0
nv_score, -38.0
ratio, 0.525252525253
[[  1.   2.  30.]
 [  0.  18.  15.]
 [  1.   2.  31.]]
cf_score, 19.0
nv_score, -44.0
ratio, 0.505050505051
[[  1.   5.  24.]
 [  0.  25.  10.]
 [  4.   2.  29.]]
cf_score, 27.0
nv_score, -29.0
ratio, 0.555555555556
[[  2.   3.  23.]
 [  2.  30.   6.]
 [  4.   3.  27.]]
cf_score, 32.0
nv_score, -25.0
ratio, 0.59595959596
[[  2.   5.  19.]
 [  1.  32.  12.]
 [  0.   3.  26.]]
cf_score, 41.0
nv_score, -24.0
ratio, 0.606060606061
[[  3.   9.  25.]
 [  1.  15.   9.]
 [ 13.   7.  18.]]
cf_score, -2.0
nv_score, -41.0
ratio, 0.363636363636
[[  2.   2.  31.]
 [  1.  22.   9.]
 [  2.   3.  28.]]
cf_score, 19.0
nv_score, -43.0
ratio, 0.525252525253
[[  3.   8.  23.]
 [  0.  20.   8.]
 [  1.   5.  32.]]
cf_score, 31.0
nv_score, -22.0
ratio, 0.555555555556
[[  1.   6.  36.]
 [  0.  24.   5.]
 [  3.   4.  21.]]
cf_score, 7.0
nv_score, -56.0
ratio, 0.464646464646
[[  3.   6.  29.]
 [  0.  25.   6.]
 [  5.   3.  23.]]
cf_score, 17.0
nv_score, -41.0
ratio, 0.515151515152
[[  0.   2.  25.]
 [  1.  31.  12.]
 [  1.   3.  25.]]
cf_score, 30.0
nv_score, -37.0
ratio, 0.565656565657
[[  0.   6.  32.]
 [  1.  24.   6.]
 [  4.   5.  22.]]
cf_score, 10.0
nv_score, -48.0
ratio, 0.464646464646
[[ 24.   3.   3.]
 [  7.  31.   1.]
 [ 24.   3.   4.]]
cf_score, 32.0
nv_score, -3.0
ratio, 0.59595959596
[[  1.   7.  29.]
 [  0.  25.   6.]
 [  1.   5.  26.]]
cf_score, 22.0
nv_score, -38.0
ratio, 0.525252525253
[[  4.   7.  28.]
 [  2.  22.   8.]
 [  1.   2.  26.]]
cf_score, 23.0
nv_score, -38.0
ratio, 0.525252525253
[[  3.   4.  24.]
 [  1.  21.  11.]
 [ 10.   3.  23.]]
cf_score, 13.0
nv_score, -36.0
ratio, 0.474747474747
[[  4.  10.  24.]
 [  0.  19.   9.]
 [  6.   4.  24.]]
cf_score, 17.0
nv_score, -33.0
ratio, 0.474747474747
[[  3.   1.  25.]
 [  1.  22.   7.]
 [ 12.   2.  27.]]
cf_score, 15.0
nv_score, -30.0
ratio, 0.525252525253
[[  6.   7.  22.]
 [  1.  24.  11.]
 [ 11.   4.  14.]]
cf_score, 11.0
nv_score, -41.0
ratio, 0.444444444444
[[  1.   5.  24.]
 [  1.  22.  13.]
 [  2.   2.  30.]]
cf_score, 27.0
nv_score, -31.0
ratio, 0.535353535354
[[  2.   4.  24.]
 [  1.  26.  11.]
 [  5.   1.  26.]]
cf_score, 25.0
nv_score, -33.0
ratio, 0.545454545455
[[  5.   5.  26.]
 [  1.  26.   7.]
 [  8.   4.  18.]]
cf_score, 15.0
nv_score, -41.0
ratio, 0.494949494949
[[  2.   7.  28.]
 [  0.  22.  10.]
 [  1.   6.  24.]]
cf_score, 19.0
nv_score, -42.0
ratio, 0.484848484848
[[  0.   8.  27.]
 [  2.  29.   7.]
 [  1.   3.  23.]]
cf_score, 24.0
nv_score, -38.0
ratio, 0.525252525253
[[  3.   5.  20.]
 [  4.  22.   8.]
 [  5.   7.  26.]]
cf_score, 26.0
nv_score, -22.0
ratio, 0.515151515152
[[  4.   2.  22.]
 [  1.  30.   6.]
 [  7.   2.  26.]]
cf_score, 31.0
nv_score, -24.0
ratio, 0.606060606061
[[  3.   5.  26.]
 [  3.  22.  14.]
 [  1.   3.  23.]]
cf_score, 21.0
nv_score, -43.0
ratio, 0.484848484848
[[  4.   6.  23.]
 [  0.  21.  10.]
 [  3.   6.  27.]]
cf_score, 26.0
nv_score, -29.0
ratio, 0.525252525253
[[  2.   4.  35.]
 [  1.  17.   8.]
 [  3.   1.  29.]]
cf_score, 10.0
nv_score, -49.0
ratio, 0.484848484848
