[[  9.  27.   0.]
 [  2.  29.   0.]
 [ 10.  23.   0.]]
cf_score, 28.0
nv_score, 0.0
ratio, 0.383838383838
[[ 13.  29.   0.]
 [  0.  24.   0.]
 [ 10.  24.   0.]]
cf_score, 27.0
nv_score, 0.0
ratio, 0.373737373737
[[  8.  21.   0.]
 [  4.  38.   0.]
 [  8.  21.   0.]]
cf_score, 38.0
nv_score, 0.0
ratio, 0.464646464646
[[  8.  34.   2.]
 [  2.  27.   0.]
 [  4.  23.   0.]]
cf_score, 29.0
nv_score, -4.0
ratio, 0.353535353535
[[ 14.  23.   1.]
 [  0.  32.   0.]
 [  4.  26.   0.]]
cf_score, 41.0
nv_score, -2.0
ratio, 0.464646464646
[[ 10.  20.   1.]
 [  0.  30.   0.]
 [  7.  31.   1.]]
cf_score, 33.0
nv_score, -1.0
ratio, 0.414141414141
[[ 11.  26.   0.]
 [  0.  34.   0.]
 [  7.  21.   1.]]
cf_score, 39.0
nv_score, 1.0
ratio, 0.464646464646
[[  8.  18.   2.]
 [  2.  36.   0.]
 [  3.  31.   0.]]
cf_score, 39.0
nv_score, -4.0
ratio, 0.444444444444
[[  5.  21.   0.]
 [  2.  39.   0.]
 [  6.  27.   0.]]
cf_score, 38.0
nv_score, 0.0
ratio, 0.444444444444
[[  7.  26.   1.]
 [  0.  32.   2.]
 [  9.  23.   0.]]
cf_score, 29.0
nv_score, -4.0
ratio, 0.393939393939
[[  7.  26.   5.]
 [  1.  28.   0.]
 [  7.  26.   0.]]
cf_score, 23.0
nv_score, -10.0
ratio, 0.353535353535
[[ 11.  30.   0.]
 [  2.  33.   0.]
 [  2.  21.   1.]]
cf_score, 43.0
nv_score, 1.0
ratio, 0.454545454545
[[ 14.  25.   0.]
 [  2.  29.   2.]
 [  7.  21.   0.]]
cf_score, 36.0
nv_score, -2.0
ratio, 0.434343434343
[[ 12.  24.   0.]
 [  0.  34.   0.]
 [  8.  21.   1.]]
cf_score, 39.0
nv_score, 1.0
ratio, 0.474747474747
[[  8.  22.   2.]
 [  0.  36.   0.]
 [ 11.  21.   0.]]
cf_score, 31.0
nv_score, -4.0
ratio, 0.444444444444
[[ 11.  29.   1.]
 [  0.  37.   1.]
 [  4.  17.   0.]]
cf_score, 43.0
nv_score, -3.0
ratio, 0.484848484848
[[  6.  14.   3.]
 [  1.  39.   0.]
 [ 11.  25.   1.]]
cf_score, 32.0
nv_score, -5.0
ratio, 0.464646464646
[[  4.  22.   2.]
 [  0.  42.   0.]
 [  6.  24.   0.]]
cf_score, 38.0
nv_score, -4.0
ratio, 0.464646464646
[[  8.  19.   1.]
 [  3.  43.   0.]
 [  3.  23.   0.]]
cf_score, 47.0
nv_score, -2.0
ratio, 0.515151515152
[[  4.  22.   5.]
 [  2.  33.   0.]
 [  9.  24.   1.]]
cf_score, 24.0
nv_score, -9.0
ratio, 0.383838383838
[[  8.  18.   1.]
 [  0.  43.   0.]
 [  9.  20.   1.]]
cf_score, 42.0
nv_score, -1.0
ratio, 0.525252525253
[[  5.  20.   6.]
 [  5.  35.   0.]
 [  6.  23.   0.]]
cf_score, 28.0
nv_score, -12.0
ratio, 0.40404040404
[[  6.  18.   0.]
 [  0.  49.   1.]
 [  5.  20.   1.]]
cf_score, 51.0
nv_score, 0.0
ratio, 0.565656565657
[[  7.  29.   0.]
 [  3.  32.   0.]
 [  4.  24.   1.]]
cf_score, 36.0
nv_score, 1.0
ratio, 0.40404040404
[[  6.  30.   4.]
 [  0.  33.   0.]
 [  8.  16.   3.]]
cf_score, 30.0
nv_score, -5.0
ratio, 0.424242424242
[[  7.  17.   3.]
 [  2.  42.   2.]
 [  3.  20.   4.]]
cf_score, 47.0
nv_score, -4.0
ratio, 0.535353535354
[[  9.  16.   5.]
 [  0.  35.   1.]
 [  8.  23.   3.]]
cf_score, 34.0
nv_score, -8.0
ratio, 0.474747474747
[[  9.  24.   3.]
 [  1.  34.   0.]
 [  5.  21.   3.]]
cf_score, 38.0
nv_score, -3.0
ratio, 0.464646464646
[[  4.  20.   3.]
 [  2.  40.   1.]
 [  1.  23.   6.]]
cf_score, 46.0
nv_score, -1.0
ratio, 0.505050505051
[[  7.  20.   4.]
 [  1.  43.   1.]
 [  2.  20.   2.]]
cf_score, 46.0
nv_score, -7.0
ratio, 0.525252525253
[[  9.  16.   0.]
 [  1.  34.   2.]
 [  5.  26.   7.]]
cf_score, 45.0
nv_score, 5.0
ratio, 0.505050505051
[[  6.  18.   1.]
 [  1.  41.   0.]
 [  5.  22.   6.]]
cf_score, 47.0
nv_score, 4.0
ratio, 0.535353535354
[[  3.  28.   1.]
 [  2.  35.   1.]
 [  6.  20.   4.]]
cf_score, 35.0
nv_score, 1.0
ratio, 0.424242424242
[[  5.  24.   5.]
 [  2.  30.   1.]
 [  3.  27.   3.]]
cf_score, 30.0
nv_score, -8.0
ratio, 0.383838383838
[[ 12.  24.   3.]
 [  1.  31.   0.]
 [  5.  19.   5.]]
cf_score, 40.0
nv_score, -1.0
ratio, 0.484848484848
[[ 14.  24.   3.]
 [  1.  30.   0.]
 [  5.  15.   8.]]
cf_score, 44.0
nv_score, 2.0
ratio, 0.525252525253
[[  6.  26.   3.]
 [  1.  32.   0.]
 [  3.  28.   1.]]
cf_score, 33.0
nv_score, -5.0
ratio, 0.393939393939
[[ 11.  18.   0.]
 [  2.  34.   0.]
 [  6.  23.   6.]]
cf_score, 45.0
nv_score, 6.0
ratio, 0.515151515152
[[  3.  29.   1.]
 [  3.  39.   0.]
 [  1.  19.   5.]]
cf_score, 45.0
nv_score, 3.0
ratio, 0.474747474747
[[  6.  25.   2.]
 [  1.  34.   1.]
 [  4.  25.   2.]]
cf_score, 36.0
nv_score, -3.0
ratio, 0.424242424242
[[  6.  26.   0.]
 [  2.  39.   3.]
 [  5.  16.   3.]]
cf_score, 43.0
nv_score, 0.0
ratio, 0.484848484848
[[  7.  28.   2.]
 [  2.  28.   3.]
 [  4.  16.  10.]]
cf_score, 39.0
nv_score, 3.0
ratio, 0.454545454545
[[  5.  29.   3.]
 [  1.  32.   1.]
 [  4.  21.   4.]]
cf_score, 34.0
nv_score, -3.0
ratio, 0.414141414141
[[  3.  26.   4.]
 [  5.  37.   2.]
 [  1.  16.   6.]]
cf_score, 41.0
nv_score, -4.0
ratio, 0.464646464646
[[  6.  24.   3.]
 [  3.  30.   1.]
 [  3.  26.   4.]]
cf_score, 34.0
nv_score, -3.0
ratio, 0.40404040404
[[  5.  22.   1.]
 [  3.  36.   1.]
 [  4.  22.   6.]]
cf_score, 42.0
nv_score, 3.0
ratio, 0.474747474747
[[  6.  20.   2.]
 [  2.  34.   1.]
 [  1.  29.   5.]]
cf_score, 42.0
nv_score, 0.0
ratio, 0.454545454545
[[  6.  27.   2.]
 [  2.  34.   1.]
 [  5.  20.   3.]]
cf_score, 36.0
nv_score, -2.0
ratio, 0.434343434343
[[  7.  20.   1.]
 [  1.  43.   0.]
 [  5.  19.   4.]]
cf_score, 48.0
nv_score, 2.0
ratio, 0.545454545455
[[ 10.  26.   1.]
 [  1.  32.   0.]
 [  2.  20.   8.]]
cf_score, 47.0
nv_score, 6.0
ratio, 0.505050505051
