[[  0.  35.   0.]
 [  0.  28.   0.]
 [  0.  37.   0.]]
cf_score, 28.0
nv_score, 0.0
ratio, 0.282828282828
[[  0.  33.   0.]
 [  0.  31.   0.]
 [  0.  36.   0.]]
cf_score, 31.0
nv_score, 0.0
ratio, 0.313131313131
[[  0.  28.   0.]
 [  0.  30.   0.]
 [  0.  42.   0.]]
cf_score, 30.0
nv_score, 0.0
ratio, 0.30303030303
[[  0.  35.   0.]
 [  0.  27.   0.]
 [  0.  38.   0.]]
cf_score, 27.0
nv_score, 0.0
ratio, 0.272727272727
[[  0.  32.   0.]
 [  0.  37.   0.]
 [  0.  31.   0.]]
cf_score, 37.0
nv_score, 0.0
ratio, 0.373737373737
[[  0.  26.   0.]
 [  0.  38.   0.]
 [  0.  36.   0.]]
cf_score, 38.0
nv_score, 0.0
ratio, 0.383838383838
[[  0.  36.   0.]
 [  0.  32.   0.]
 [  0.  32.   0.]]
cf_score, 32.0
nv_score, 0.0
ratio, 0.323232323232
[[  0.  36.   0.]
 [  0.  30.   0.]
 [  0.  34.   0.]]
cf_score, 30.0
nv_score, 0.0
ratio, 0.30303030303
[[  0.  34.   0.]
 [  0.  33.   0.]
 [  0.  33.   0.]]
cf_score, 33.0
nv_score, 0.0
ratio, 0.333333333333
[[  0.  30.   0.]
 [  0.  30.   0.]
 [  0.  40.   0.]]
cf_score, 30.0
nv_score, 0.0
ratio, 0.30303030303
[[  0.  31.   0.]
 [  0.  27.   0.]
 [  0.  42.   0.]]
cf_score, 27.0
nv_score, 0.0
ratio, 0.272727272727
[[  0.  30.   0.]
 [  0.  33.   0.]
 [  0.  37.   0.]]
cf_score, 33.0
nv_score, 0.0
ratio, 0.333333333333
[[  0.  33.   0.]
 [  0.  30.   0.]
 [  0.  37.   0.]]
cf_score, 30.0
nv_score, 0.0
ratio, 0.30303030303
[[  0.  31.   0.]
 [  0.  39.   0.]
 [  0.  30.   0.]]
cf_score, 39.0
nv_score, 0.0
ratio, 0.393939393939
[[  0.  42.   0.]
 [  0.  25.   0.]
 [  0.  33.   0.]]
cf_score, 25.0
nv_score, 0.0
ratio, 0.252525252525
[[  0.  29.   0.]
 [  0.  39.   0.]
 [  0.  32.   0.]]
cf_score, 39.0
nv_score, 0.0
ratio, 0.393939393939
[[  0.  32.   0.]
 [  0.  33.   0.]
 [  0.  35.   0.]]
cf_score, 33.0
nv_score, 0.0
ratio, 0.333333333333
[[  0.  29.   0.]
 [  0.  31.   0.]
 [  0.  40.   0.]]
cf_score, 31.0
nv_score, 0.0
ratio, 0.313131313131
[[  0.  34.   0.]
 [  0.  21.   0.]
 [  0.  45.   0.]]
cf_score, 21.0
nv_score, 0.0
ratio, 0.212121212121
[[  0.  35.   0.]
 [  0.  29.   0.]
 [  0.  36.   0.]]
cf_score, 29.0
nv_score, 0.0
ratio, 0.292929292929
[[  0.  31.   0.]
 [  0.  35.   0.]
 [  0.  34.   0.]]
cf_score, 35.0
nv_score, 0.0
ratio, 0.353535353535
[[  0.  36.   0.]
 [  0.  29.   0.]
 [  0.  35.   0.]]
cf_score, 29.0
nv_score, 0.0
ratio, 0.292929292929
[[  0.  31.   0.]
 [  0.  30.   0.]
 [  0.  39.   0.]]
cf_score, 30.0
nv_score, 0.0
ratio, 0.30303030303
[[  0.  37.   0.]
 [  0.  24.   0.]
 [  0.  39.   0.]]
cf_score, 24.0
nv_score, 0.0
ratio, 0.242424242424
[[  0.  34.   0.]
 [  0.  31.   0.]
 [  0.  35.   0.]]
cf_score, 31.0
nv_score, 0.0
ratio, 0.313131313131
[[  0.  32.   0.]
 [  0.  29.   0.]
 [  0.  39.   0.]]
cf_score, 29.0
nv_score, 0.0
ratio, 0.292929292929
[[  0.  25.   0.]
 [  0.  32.   0.]
 [  0.  43.   0.]]
cf_score, 32.0
nv_score, 0.0
ratio, 0.323232323232
[[  0.  33.   0.]
 [  0.  36.   0.]
 [  0.  31.   0.]]
cf_score, 36.0
nv_score, 0.0
ratio, 0.363636363636
[[  0.  31.   0.]
 [  0.  34.   0.]
 [  0.  35.   0.]]
cf_score, 34.0
nv_score, 0.0
ratio, 0.343434343434
[[  0.  32.   0.]
 [  0.  40.   0.]
 [  0.  28.   0.]]
cf_score, 40.0
nv_score, 0.0
ratio, 0.40404040404
[[  0.  34.   0.]
 [  0.  26.   0.]
 [  0.  40.   0.]]
cf_score, 26.0
nv_score, 0.0
ratio, 0.262626262626
[[  0.  42.   0.]
 [  0.  26.   0.]
 [  0.  32.   0.]]
cf_score, 26.0
nv_score, 0.0
ratio, 0.262626262626
[[  0.  37.   0.]
 [  0.  25.   0.]
 [  0.  38.   0.]]
cf_score, 25.0
nv_score, 0.0
ratio, 0.252525252525
[[ 27.   0.   0.]
 [ 37.   0.   0.]
 [ 36.   0.   0.]]
cf_score, -9.0
nv_score, 0.0
ratio, 0.272727272727
[[  0.  29.   0.]
 [  0.  29.   0.]
 [  0.  42.   0.]]
cf_score, 29.0
nv_score, 0.0
ratio, 0.292929292929
[[  0.  39.   0.]
 [  0.  28.   0.]
 [  0.  33.   0.]]
cf_score, 28.0
nv_score, 0.0
ratio, 0.282828282828
[[  0.  38.   0.]
 [  0.  13.   0.]
 [  0.  49.   0.]]
cf_score, 13.0
nv_score, 0.0
ratio, 0.131313131313
[[  0.  31.   0.]
 [  0.  33.   0.]
 [  0.  36.   0.]]
cf_score, 33.0
nv_score, 0.0
ratio, 0.333333333333
[[  0.  38.   0.]
 [  0.  31.   0.]
 [  0.  31.   0.]]
cf_score, 31.0
nv_score, 0.0
ratio, 0.313131313131
[[  0.  36.   0.]
 [  0.  32.   0.]
 [  0.  32.   0.]]
cf_score, 32.0
nv_score, 0.0
ratio, 0.323232323232
[[  0.  31.   0.]
 [  0.  26.   0.]
 [  0.  43.   0.]]
cf_score, 26.0
nv_score, 0.0
ratio, 0.262626262626
[[  0.  35.   0.]
 [  0.  29.   0.]
 [  0.  36.   0.]]
cf_score, 29.0
nv_score, 0.0
ratio, 0.292929292929
[[  0.  32.   0.]
 [  0.  28.   0.]
 [  0.  40.   0.]]
cf_score, 28.0
nv_score, 0.0
ratio, 0.282828282828
[[  0.  27.   0.]
 [  0.  38.   0.]
 [  0.  35.   0.]]
cf_score, 38.0
nv_score, 0.0
ratio, 0.383838383838
[[  0.  32.   0.]
 [  0.  33.   0.]
 [  0.  35.   0.]]
cf_score, 33.0
nv_score, 0.0
ratio, 0.333333333333
[[  0.  31.   0.]
 [  0.  27.   0.]
 [  0.  42.   0.]]
cf_score, 27.0
nv_score, 0.0
ratio, 0.272727272727
[[  0.  37.   0.]
 [  0.  28.   0.]
 [  0.  35.   0.]]
cf_score, 28.0
nv_score, 0.0
ratio, 0.282828282828
[[  0.  35.   0.]
 [  0.  38.   0.]
 [  0.  27.   0.]]
cf_score, 38.0
nv_score, 0.0
ratio, 0.383838383838
[[  0.  28.   0.]
 [  0.  33.   0.]
 [  0.  39.   0.]]
cf_score, 33.0
nv_score, 0.0
ratio, 0.333333333333
[[  0.  34.   0.]
 [  0.  36.   0.]
 [  0.  30.   0.]]
cf_score, 36.0
nv_score, 0.0
ratio, 0.363636363636
