[[  0.  34.   0.]
 [  0.  33.   0.]
 [  0.  33.   0.]]
cf_score, 33.0
ratio, 0.333333333333
[[ 27.   0.   0.]
 [ 41.   0.   0.]
 [ 32.   0.   0.]]
cf_score, -5.0
ratio, 0.272727272727
[[ 38.   0.   0.]
 [ 30.   0.   0.]
 [ 32.   0.   0.]]
cf_score, 6.0
ratio, 0.383838383838
[[  0.  35.   0.]
 [  0.  37.   0.]
 [  0.  28.   0.]]
cf_score, 37.0
ratio, 0.373737373737
[[ 36.   0.   0.]
 [ 28.   0.   0.]
 [ 36.   0.   0.]]
cf_score, 0.0
ratio, 0.363636363636
[[ 35.   0.   0.]
 [ 29.   0.   0.]
 [ 36.   0.   0.]]
cf_score, -1.0
ratio, 0.353535353535
[[ 40.   0.   0.]
 [ 33.   0.   0.]
 [ 27.   0.   0.]]
cf_score, 13.0
ratio, 0.40404040404
[[ 22.   0.   0.]
 [ 37.   0.   0.]
 [ 41.   0.   0.]]
cf_score, -19.0
ratio, 0.222222222222
[[ 30.   0.   0.]
 [ 37.   0.   0.]
 [ 33.   0.   0.]]
cf_score, -3.0
ratio, 0.30303030303
[[ 34.   0.   0.]
 [ 35.   0.   0.]
 [ 31.   0.   0.]]
cf_score, 3.0
ratio, 0.343434343434
[[ 31.   0.   0.]
 [ 26.   0.   0.]
 [ 43.   0.   0.]]
cf_score, -12.0
ratio, 0.313131313131
[[ 35.   0.   0.]
 [ 30.   0.   0.]
 [ 35.   0.   0.]]
cf_score, 0.0
ratio, 0.353535353535
[[ 36.   0.   0.]
 [ 35.   0.   0.]
 [ 29.   0.   0.]]
cf_score, 7.0
ratio, 0.363636363636
[[ 40.   0.   0.]
 [ 27.   0.   0.]
 [ 33.   0.   0.]]
cf_score, 7.0
ratio, 0.40404040404
[[ 30.   0.   0.]
 [ 33.   0.   0.]
 [ 37.   0.   0.]]
cf_score, -7.0
ratio, 0.30303030303
[[  0.  29.   0.]
 [  0.  31.   0.]
 [  0.  40.   0.]]
cf_score, 31.0
ratio, 0.313131313131
[[ 26.   0.   0.]
 [ 39.   0.   0.]
 [ 35.   0.   0.]]
cf_score, -9.0
ratio, 0.262626262626
[[ 34.   0.   0.]
 [ 30.   0.   0.]
 [ 36.   0.   0.]]
cf_score, -2.0
ratio, 0.343434343434
[[ 32.   0.   0.]
 [ 36.   0.   0.]
 [ 32.   0.   0.]]
cf_score, 0.0
ratio, 0.323232323232
[[ 26.   0.   0.]
 [ 38.   0.   0.]
 [ 36.   0.   0.]]
cf_score, -10.0
ratio, 0.262626262626
[[ 28.   0.   0.]
 [ 40.   0.   0.]
 [ 32.   0.   0.]]
cf_score, -4.0
ratio, 0.282828282828
[[  0.  30.   0.]
 [  0.  37.   0.]
 [  0.  33.   0.]]
cf_score, 37.0
ratio, 0.373737373737
[[ 35.   0.   0.]
 [ 32.   0.   0.]
 [ 33.   0.   0.]]
cf_score, 2.0
ratio, 0.353535353535
[[ 27.   0.   0.]
 [ 34.   0.   0.]
 [ 39.   0.   0.]]
cf_score, -12.0
ratio, 0.272727272727
[[ 34.   0.   0.]
 [ 32.   0.   0.]
 [ 34.   0.   0.]]
cf_score, 0.0
ratio, 0.343434343434
[[ 35.   0.   0.]
 [ 29.   0.   0.]
 [ 36.   0.   0.]]
cf_score, -1.0
ratio, 0.353535353535
[[ 29.   0.   0.]
 [ 34.   0.   0.]
 [ 37.   0.   0.]]
cf_score, -8.0
ratio, 0.292929292929
[[ 34.   0.   0.]
 [ 42.   0.   0.]
 [ 24.   0.   0.]]
cf_score, 10.0
ratio, 0.343434343434
[[ 34.   0.   0.]
 [ 34.   0.   0.]
 [ 32.   0.   0.]]
cf_score, 2.0
ratio, 0.343434343434
[[ 37.   0.   0.]
 [ 32.   0.   0.]
 [ 31.   0.   0.]]
cf_score, 6.0
ratio, 0.373737373737
[[ 32.   0.   0.]
 [ 31.   0.   0.]
 [ 37.   0.   0.]]
cf_score, -5.0
ratio, 0.323232323232
[[ 28.   0.   0.]
 [ 37.   0.   0.]
 [ 35.   0.   0.]]
cf_score, -7.0
ratio, 0.282828282828
[[ 44.   0.   0.]
 [ 23.   0.   0.]
 [ 33.   0.   0.]]
cf_score, 11.0
ratio, 0.444444444444
[[ 32.   0.   0.]
 [ 36.   0.   0.]
 [ 32.   0.   0.]]
cf_score, 0.0
ratio, 0.323232323232
[[ 35.   0.   0.]
 [ 34.   0.   0.]
 [ 31.   0.   0.]]
cf_score, 4.0
ratio, 0.353535353535
[[ 35.   0.   0.]
 [ 33.   0.   0.]
 [ 32.   0.   0.]]
cf_score, 3.0
ratio, 0.353535353535
[[ 34.   0.   0.]
 [ 40.   0.   0.]
 [ 26.   0.   0.]]
cf_score, 8.0
ratio, 0.343434343434
[[ 36.   0.   0.]
 [ 30.   0.   0.]
 [ 34.   0.   0.]]
cf_score, 2.0
ratio, 0.363636363636
[[ 21.   0.   0.]
 [ 41.   0.   0.]
 [ 38.   0.   0.]]
cf_score, -17.0
ratio, 0.212121212121
[[ 32.   0.   0.]
 [ 36.   0.   0.]
 [ 32.   0.   0.]]
cf_score, 0.0
ratio, 0.323232323232
[[ 18.   0.   0.]
 [ 46.   0.   0.]
 [ 36.   0.   0.]]
cf_score, -18.0
ratio, 0.181818181818
[[  0.   0.  27.]
 [  0.   0.  30.]
 [  0.   0.  43.]]
cf_score, 16.0
ratio, 0.434343434343
[[ 34.   0.   0.]
 [ 29.   0.   0.]
 [ 37.   0.   0.]]
cf_score, -3.0
ratio, 0.343434343434
[[  0.  26.   0.]
 [  0.  31.   0.]
 [  0.  43.   0.]]
cf_score, 31.0
ratio, 0.313131313131
[[ 33.   0.   0.]
 [ 33.   0.   0.]
 [ 34.   0.   0.]]
cf_score, -1.0
ratio, 0.333333333333
[[ 39.   0.   0.]
 [ 31.   0.   0.]
 [ 30.   0.   0.]]
cf_score, 9.0
ratio, 0.393939393939
[[ 27.   0.   0.]
 [ 37.   0.   0.]
 [ 36.   0.   0.]]
cf_score, -9.0
ratio, 0.272727272727
[[ 30.   0.   0.]
 [ 40.   0.   0.]
 [ 30.   0.   0.]]
cf_score, 0.0
ratio, 0.30303030303
[[ 37.   0.   0.]
 [ 35.   0.   0.]
 [ 28.   0.   0.]]
cf_score, 9.0
ratio, 0.373737373737
[[  0.   0.  28.]
 [  0.   0.  38.]
 [  0.   0.  34.]]
cf_score, 6.0
ratio, 0.343434343434
[[ 31.   0.   0.]
 [ 40.   0.   0.]
 [ 29.   0.   0.]]
cf_score, 2.0
ratio, 0.313131313131
[[ 35.   0.   0.]
 [ 35.   0.   0.]
 [ 30.   0.   0.]]
cf_score, 5.0
ratio, 0.353535353535
[[ 37.   0.   0.]
 [ 42.   0.   0.]
 [ 21.   0.   0.]]
cf_score, 16.0
ratio, 0.373737373737
[[ 28.   0.   0.]
 [ 29.   0.   0.]
 [ 43.   0.   0.]]
cf_score, -15.0
ratio, 0.282828282828
[[  0.  35.   0.]
 [  0.  28.   0.]
 [  0.  37.   0.]]
cf_score, 28.0
ratio, 0.282828282828
[[ 32.   0.   0.]
 [ 32.   0.   0.]
 [ 36.   0.   0.]]
cf_score, -4.0
ratio, 0.323232323232
[[ 33.   0.   0.]
 [ 27.   0.   0.]
 [ 40.   0.   0.]]
cf_score, -7.0
ratio, 0.333333333333
[[ 22.   0.   0.]
 [ 38.   0.   0.]
 [ 40.   0.   0.]]
cf_score, -18.0
ratio, 0.222222222222
[[ 27.   0.   0.]
 [ 39.   0.   0.]
 [ 34.   0.   0.]]
cf_score, -7.0
ratio, 0.272727272727
[[ 24.   0.   0.]
 [ 35.   0.   0.]
 [ 41.   0.   0.]]
cf_score, -17.0
ratio, 0.242424242424
[[ 31.   0.   0.]
 [ 34.   0.   0.]
 [ 35.   0.   0.]]
cf_score, -4.0
ratio, 0.313131313131
[[ 33.   0.   0.]
 [ 31.   0.   0.]
 [ 36.   0.   0.]]
cf_score, -3.0
ratio, 0.333333333333
[[ 25.   0.   0.]
 [ 32.   0.   0.]
 [ 43.   0.   0.]]
cf_score, -18.0
ratio, 0.252525252525
[[ 24.   0.   0.]
 [ 41.   0.   0.]
 [ 35.   0.   0.]]
cf_score, -11.0
ratio, 0.242424242424
[[ 37.   0.   0.]
 [ 25.   0.   0.]
 [ 38.   0.   0.]]
cf_score, -1.0
ratio, 0.373737373737
[[  0.  37.   0.]
 [  0.  33.   0.]
 [  0.  30.   0.]]
cf_score, 33.0
ratio, 0.333333333333
[[  0.  29.   0.]
 [  0.  36.   0.]
 [  0.  35.   0.]]
cf_score, 36.0
ratio, 0.363636363636
[[ 31.   0.   0.]
 [ 34.   0.   0.]
 [ 35.   0.   0.]]
cf_score, -4.0
ratio, 0.313131313131
[[ 24.   0.   0.]
 [ 42.   0.   0.]
 [ 34.   0.   0.]]
cf_score, -10.0
ratio, 0.242424242424
[[  0.  34.   0.]
 [  0.  33.   0.]
 [  0.  33.   0.]]
cf_score, 33.0
ratio, 0.333333333333
[[ 28.   0.   0.]
 [ 35.   0.   0.]
 [ 37.   0.   0.]]
cf_score, -9.0
ratio, 0.282828282828
[[ 34.   0.   0.]
 [ 30.   0.   0.]
 [ 36.   0.   0.]]
cf_score, -2.0
ratio, 0.343434343434
[[ 35.   0.   0.]
 [ 28.   0.   0.]
 [ 37.   0.   0.]]
cf_score, -2.0
ratio, 0.353535353535
[[ 28.   0.   0.]
 [ 40.   0.   0.]
 [ 32.   0.   0.]]
cf_score, -4.0
ratio, 0.282828282828
[[ 20.   0.   0.]
 [ 42.   0.   0.]
 [ 38.   0.   0.]]
cf_score, -18.0
ratio, 0.20202020202
[[ 31.   0.   0.]
 [ 39.   0.   0.]
 [ 30.   0.   0.]]
cf_score, 1.0
ratio, 0.313131313131
[[ 29.   0.   0.]
 [ 31.   0.   0.]
 [ 40.   0.   0.]]
cf_score, -11.0
ratio, 0.292929292929
[[ 35.   0.   0.]
 [ 30.   0.   0.]
 [ 35.   0.   0.]]
cf_score, 0.0
ratio, 0.353535353535
[[ 29.   0.   0.]
 [ 31.   0.   0.]
 [ 40.   0.   0.]]
cf_score, -11.0
ratio, 0.292929292929
[[ 30.   0.   0.]
 [ 32.   0.   0.]
 [ 38.   0.   0.]]
cf_score, -8.0
ratio, 0.30303030303
[[ 33.   0.   0.]
 [ 30.   0.   0.]
 [ 37.   0.   0.]]
cf_score, -4.0
ratio, 0.333333333333
[[ 30.   0.   0.]
 [ 33.   0.   0.]
 [ 37.   0.   0.]]
cf_score, -7.0
ratio, 0.30303030303
[[ 31.   0.   0.]
 [ 27.   0.   0.]
 [ 42.   0.   0.]]
cf_score, -11.0
ratio, 0.313131313131
[[ 33.   0.   0.]
 [ 36.   0.   0.]
 [ 31.   0.   0.]]
cf_score, 2.0
ratio, 0.333333333333
[[ 34.   0.   0.]
 [ 31.   0.   0.]
 [ 35.   0.   0.]]
cf_score, -1.0
ratio, 0.343434343434
[[ 36.   0.   0.]
 [ 33.   0.   0.]
 [ 31.   0.   0.]]
cf_score, 5.0
ratio, 0.363636363636
[[  0.  30.   0.]
 [  0.  38.   0.]
 [  0.  32.   0.]]
cf_score, 38.0
ratio, 0.383838383838
[[ 31.   0.   0.]
 [ 28.   0.   0.]
 [ 41.   0.   0.]]
cf_score, -10.0
ratio, 0.313131313131
[[ 26.   0.   0.]
 [ 35.   0.   0.]
 [ 39.   0.   0.]]
cf_score, -13.0
ratio, 0.262626262626
[[  0.   0.  37.]
 [  0.   0.  30.]
 [  0.   0.  33.]]
cf_score, -4.0
ratio, 0.333333333333
[[ 34.   0.   0.]
 [ 37.   0.   0.]
 [ 29.   0.   0.]]
cf_score, 5.0
ratio, 0.343434343434
[[ 33.   0.   0.]
 [ 42.   0.   0.]
 [ 25.   0.   0.]]
cf_score, 8.0
ratio, 0.333333333333
[[ 33.   0.   0.]
 [ 37.   0.   0.]
 [ 30.   0.   0.]]
cf_score, 3.0
ratio, 0.333333333333
[[ 32.   0.   0.]
 [ 36.   0.   0.]
 [ 32.   0.   0.]]
cf_score, 0.0
ratio, 0.323232323232
[[  0.  34.   0.]
 [  0.  31.   0.]
 [  0.  35.   0.]]
cf_score, 31.0
ratio, 0.313131313131
[[ 27.   0.   0.]
 [ 36.   0.   0.]
 [ 37.   0.   0.]]
cf_score, -10.0
ratio, 0.272727272727
[[ 35.   0.   0.]
 [ 30.   0.   0.]
 [ 35.   0.   0.]]
cf_score, 0.0
ratio, 0.353535353535
[[ 30.   0.   0.]
 [ 32.   0.   0.]
 [ 38.   0.   0.]]
cf_score, -8.0
ratio, 0.30303030303
[[ 30.   0.   0.]
 [ 33.   0.   0.]
 [ 37.   0.   0.]]
cf_score, -7.0
ratio, 0.30303030303
[[ 34.   0.   0.]
 [ 32.   0.   0.]
 [ 34.   0.   0.]]
cf_score, 0.0
ratio, 0.343434343434
