[[ 41.   0.   0.]
 [ 22.   0.   0.]
 [ 37.   0.   0.]]
cf_score, 4.0
nv_score, 0.0
ratio, 0.414141414141
[[  0.   0.  28.]
 [  0.   0.  38.]
 [  0.   0.  34.]]
cf_score, 6.0
nv_score, -60.0
ratio, 0.343434343434
[[  0.   0.  35.]
 [  0.   0.  32.]
 [  0.   0.  33.]]
cf_score, -2.0
nv_score, -69.0
ratio, 0.333333333333
[[ 34.   0.   0.]
 [ 32.   0.   0.]
 [ 34.   0.   0.]]
cf_score, 0.0
nv_score, 0.0
ratio, 0.343434343434
[[  0.  38.   0.]
 [  0.  33.   0.]
 [  0.  29.   0.]]
cf_score, 33.0
nv_score, 0.0
ratio, 0.333333333333
[[  0.   0.  29.]
 [  0.   0.  35.]
 [  0.   0.  36.]]
cf_score, 7.0
nv_score, -57.0
ratio, 0.363636363636
[[  0.   0.  27.]
 [  0.   0.  37.]
 [  0.   0.  36.]]
cf_score, 9.0
nv_score, -55.0
ratio, 0.363636363636
[[  0.   0.  38.]
 [  0.   0.  30.]
 [  0.   0.  32.]]
cf_score, -6.0
nv_score, -74.0
ratio, 0.323232323232
[[  0.   0.  36.]
 [  0.   0.  29.]
 [  0.   0.  35.]]
cf_score, -1.0
nv_score, -66.0
ratio, 0.353535353535
[[ 31.   0.   0.]
 [ 34.   0.   0.]
 [ 35.   0.   0.]]
cf_score, -4.0
nv_score, 0.0
ratio, 0.313131313131
[[  0.  35.   0.]
 [  0.  36.   0.]
 [  0.  29.   0.]]
cf_score, 36.0
nv_score, 0.0
ratio, 0.363636363636
[[  0.   0.  32.]
 [  0.   0.  31.]
 [  0.   0.  37.]]
cf_score, 5.0
nv_score, -58.0
ratio, 0.373737373737
[[ 37.   0.   0.]
 [ 32.   0.   0.]
 [ 31.   0.   0.]]
cf_score, 6.0
nv_score, 0.0
ratio, 0.373737373737
[[  0.   0.  23.]
 [  0.   0.  35.]
 [  0.   0.  42.]]
cf_score, 19.0
nv_score, -39.0
ratio, 0.424242424242
[[  0.   0.  30.]
 [  0.   0.  40.]
 [  0.   0.  30.]]
cf_score, 0.0
nv_score, -70.0
ratio, 0.30303030303
[[  0.   0.  39.]
 [  0.   0.  30.]
 [  0.   0.  31.]]
cf_score, -8.0
nv_score, -77.0
ratio, 0.313131313131
[[ 40.   0.   0.]
 [ 22.   0.   0.]
 [ 38.   0.   0.]]
cf_score, 2.0
nv_score, 0.0
ratio, 0.40404040404
[[ 39.   0.   0.]
 [ 28.   0.   0.]
 [ 33.   0.   0.]]
cf_score, 6.0
nv_score, 0.0
ratio, 0.393939393939
[[  0.   0.  32.]
 [  0.   0.  32.]
 [  0.   0.  36.]]
cf_score, 4.0
nv_score, -60.0
ratio, 0.363636363636
[[ 31.   0.   0.]
 [ 32.   0.   0.]
 [ 37.   0.   0.]]
cf_score, -6.0
nv_score, 0.0
ratio, 0.313131313131
[[ 30.   0.   0.]
 [ 33.   0.   0.]
 [ 37.   0.   0.]]
cf_score, -7.0
nv_score, 0.0
ratio, 0.30303030303
[[ 29.   0.   0.]
 [ 37.   0.   0.]
 [ 34.   0.   0.]]
cf_score, -5.0
nv_score, 0.0
ratio, 0.292929292929
[[  0.  23.   0.]
 [  0.  42.   0.]
 [  0.  35.   0.]]
cf_score, 42.0
nv_score, 0.0
ratio, 0.424242424242
[[ 25.   0.   0.]
 [ 40.   0.   0.]
 [ 35.   0.   0.]]
cf_score, -10.0
nv_score, 0.0
ratio, 0.252525252525
[[ 36.   0.   0.]
 [ 28.   0.   0.]
 [ 36.   0.   0.]]
cf_score, 0.0
nv_score, 0.0
ratio, 0.363636363636
[[ 34.   0.   0.]
 [ 30.   0.   0.]
 [ 36.   0.   0.]]
cf_score, -2.0
nv_score, 0.0
ratio, 0.343434343434
[[  0.  27.   0.]
 [  0.  37.   0.]
 [  0.  36.   0.]]
cf_score, 37.0
nv_score, 0.0
ratio, 0.373737373737
[[ 40.   0.   0.]
 [ 25.   0.   0.]
 [ 35.   0.   0.]]
cf_score, 5.0
nv_score, 0.0
ratio, 0.40404040404
[[ 28.   0.   0.]
 [ 31.   0.   0.]
 [ 41.   0.   0.]]
cf_score, -13.0
nv_score, 0.0
ratio, 0.282828282828
[[  0.   0.  34.]
 [  0.   0.  23.]
 [  0.   0.  43.]]
cf_score, 9.0
nv_score, -48.0
ratio, 0.434343434343
[[ 30.   0.   0.]
 [ 37.   0.   0.]
 [ 33.   0.   0.]]
cf_score, -3.0
nv_score, 0.0
ratio, 0.30303030303
[[ 32.   0.   0.]
 [ 34.   0.   0.]
 [ 34.   0.   0.]]
cf_score, -2.0
nv_score, 0.0
ratio, 0.323232323232
[[ 33.   0.   0.]
 [ 45.   0.   0.]
 [ 22.   0.   0.]]
cf_score, 11.0
nv_score, 0.0
ratio, 0.333333333333
[[ 29.   0.   0.]
 [ 40.   0.   0.]
 [ 31.   0.   0.]]
cf_score, -2.0
nv_score, 0.0
ratio, 0.292929292929
[[  0.   0.  36.]
 [  0.   0.  27.]
 [  0.   0.  37.]]
cf_score, 1.0
nv_score, -62.0
ratio, 0.373737373737
[[ 38.   0.   0.]
 [ 30.   0.   0.]
 [ 32.   0.   0.]]
cf_score, 6.0
nv_score, 0.0
ratio, 0.383838383838
[[ 37.   0.   0.]
 [ 34.   0.   0.]
 [ 29.   0.   0.]]
cf_score, 8.0
nv_score, 0.0
ratio, 0.373737373737
[[  0.   0.  23.]
 [  0.   0.  36.]
 [  0.   0.  41.]]
cf_score, 18.0
nv_score, -41.0
ratio, 0.414141414141
[[ 31.   0.   0.]
 [ 35.   0.   0.]
 [ 34.   0.   0.]]
cf_score, -3.0
nv_score, 0.0
ratio, 0.313131313131
[[ 31.   0.   0.]
 [ 37.   0.   0.]
 [ 32.   0.   0.]]
cf_score, -1.0
nv_score, 0.0
ratio, 0.313131313131
[[ 37.   0.   0.]
 [ 38.   0.   0.]
 [ 25.   0.   0.]]
cf_score, 12.0
nv_score, 0.0
ratio, 0.373737373737
[[  0.  31.   0.]
 [  0.  32.   0.]
 [  0.  37.   0.]]
cf_score, 32.0
nv_score, 0.0
ratio, 0.323232323232
[[  0.  26.   0.]
 [  0.  32.   0.]
 [  0.  42.   0.]]
cf_score, 32.0
nv_score, 0.0
ratio, 0.323232323232
[[ 35.   0.   0.]
 [ 24.   0.   0.]
 [ 41.   0.   0.]]
cf_score, -6.0
nv_score, 0.0
ratio, 0.353535353535
[[  0.   0.  29.]
 [  0.   0.  36.]
 [  0.   0.  35.]]
cf_score, 6.0
nv_score, -59.0
ratio, 0.353535353535
[[  0.   0.  33.]
 [  0.   0.  31.]
 [  0.   0.  36.]]
cf_score, 3.0
nv_score, -61.0
ratio, 0.363636363636
[[ 37.   0.   0.]
 [ 26.   0.   0.]
 [ 37.   0.   0.]]
cf_score, 0.0
nv_score, 0.0
ratio, 0.373737373737
[[ 28.   0.   0.]
 [ 37.   0.   0.]
 [ 35.   0.   0.]]
cf_score, -7.0
nv_score, 0.0
ratio, 0.282828282828
[[ 31.   0.   0.]
 [ 45.   0.   0.]
 [ 24.   0.   0.]]
cf_score, 7.0
nv_score, 0.0
ratio, 0.313131313131
[[ 23.   0.   0.]
 [ 30.   0.   0.]
 [ 47.   0.   0.]]
cf_score, -24.0
nv_score, 0.0
ratio, 0.232323232323
