[[  0.  32.   0.]
 [  0.  34.   0.]
 [  0.  34.   0.]]
cf_score, 34.0
nv_score, 0.0
ratio, 0.343434343434
[[ 32.   0.   0.]
 [ 26.   0.   0.]
 [ 42.   0.   0.]]
cf_score, -10.0
nv_score, 0.0
ratio, 0.323232323232
[[ 41.   0.   0.]
 [ 30.   0.   0.]
 [ 29.   0.   0.]]
cf_score, 12.0
nv_score, 0.0
ratio, 0.414141414141
[[ 25.   0.   0.]
 [ 35.   0.   0.]
 [ 40.   0.   0.]]
cf_score, -15.0
nv_score, 0.0
ratio, 0.252525252525
[[  0.  27.   0.]
 [  0.  31.   0.]
 [  0.  42.   0.]]
cf_score, 31.0
nv_score, 0.0
ratio, 0.313131313131
[[ 26.   0.   0.]
 [ 36.   0.   0.]
 [ 38.   0.   0.]]
cf_score, -12.0
nv_score, 0.0
ratio, 0.262626262626
[[ 19.   0.   0.]
 [ 25.   0.   0.]
 [ 56.   0.   0.]]
cf_score, -37.0
nv_score, 0.0
ratio, 0.191919191919
[[ 35.   0.   0.]
 [ 30.   0.   0.]
 [ 35.   0.   0.]]
cf_score, 0.0
nv_score, 0.0
ratio, 0.353535353535
[[ 25.   0.   0.]
 [ 28.   0.   0.]
 [ 47.   0.   0.]]
cf_score, -22.0
nv_score, 0.0
ratio, 0.252525252525
[[ 38.   0.   0.]
 [ 30.   0.   0.]
 [ 32.   0.   0.]]
cf_score, 6.0
nv_score, 0.0
ratio, 0.383838383838
[[ 31.   0.   0.]
 [ 29.   0.   0.]
 [ 40.   0.   0.]]
cf_score, -9.0
nv_score, 0.0
ratio, 0.313131313131
[[  0.  26.   0.]
 [  0.  27.   0.]
 [  0.  47.   0.]]
cf_score, 27.0
nv_score, 0.0
ratio, 0.272727272727
[[  0.  22.   0.]
 [  0.  34.   0.]
 [  0.  44.   0.]]
cf_score, 34.0
nv_score, 0.0
ratio, 0.343434343434
[[  0.  32.   0.]
 [  0.  32.   0.]
 [  0.  36.   0.]]
cf_score, 32.0
nv_score, 0.0
ratio, 0.323232323232
[[ 25.   0.   0.]
 [ 32.   0.   0.]
 [ 43.   0.   0.]]
cf_score, -18.0
nv_score, 0.0
ratio, 0.252525252525
[[ 36.   0.   0.]
 [ 26.   0.   0.]
 [ 38.   0.   0.]]
cf_score, -2.0
nv_score, 0.0
ratio, 0.363636363636
[[ 28.   0.   0.]
 [ 31.   0.   0.]
 [ 41.   0.   0.]]
cf_score, -13.0
nv_score, 0.0
ratio, 0.282828282828
[[ 30.   0.   0.]
 [ 30.   0.   0.]
 [ 40.   0.   0.]]
cf_score, -10.0
nv_score, 0.0
ratio, 0.30303030303
[[ 30.   0.   0.]
 [ 32.   0.   0.]
 [ 38.   0.   0.]]
cf_score, -8.0
nv_score, 0.0
ratio, 0.30303030303
[[  0.  26.   0.]
 [  0.  36.   0.]
 [  0.  38.   0.]]
cf_score, 36.0
nv_score, 0.0
ratio, 0.363636363636
[[ 37.   0.   0.]
 [ 27.   0.   0.]
 [ 36.   0.   0.]]
cf_score, 1.0
nv_score, 0.0
ratio, 0.373737373737
[[  0.  28.   0.]
 [  0.  38.   0.]
 [  0.  34.   0.]]
cf_score, 38.0
nv_score, 0.0
ratio, 0.383838383838
[[ 29.   0.   0.]
 [ 34.   0.   0.]
 [ 37.   0.   0.]]
cf_score, -8.0
nv_score, 0.0
ratio, 0.292929292929
[[ 37.   0.   0.]
 [ 22.   0.   0.]
 [ 41.   0.   0.]]
cf_score, -4.0
nv_score, 0.0
ratio, 0.373737373737
[[ 30.   0.   0.]
 [ 31.   0.   0.]
 [ 39.   0.   0.]]
cf_score, -9.0
nv_score, 0.0
ratio, 0.30303030303
[[  0.  27.   0.]
 [  0.  42.   0.]
 [  0.  31.   0.]]
cf_score, 42.0
nv_score, 0.0
ratio, 0.424242424242
[[ 37.   0.   0.]
 [ 27.   0.   0.]
 [ 36.   0.   0.]]
cf_score, 1.0
nv_score, 0.0
ratio, 0.373737373737
[[ 21.   0.   0.]
 [ 37.   0.   0.]
 [ 42.   0.   0.]]
cf_score, -21.0
nv_score, 0.0
ratio, 0.212121212121
[[  0.  22.   0.]
 [  0.  43.   0.]
 [  0.  35.   0.]]
cf_score, 43.0
nv_score, 0.0
ratio, 0.434343434343
[[ 32.   0.   0.]
 [ 30.   0.   0.]
 [ 38.   0.   0.]]
cf_score, -6.0
nv_score, 0.0
ratio, 0.323232323232
[[  0.  31.   0.]
 [  0.  31.   0.]
 [  0.  38.   0.]]
cf_score, 31.0
nv_score, 0.0
ratio, 0.313131313131
[[ 27.   0.   0.]
 [ 35.   0.   0.]
 [ 38.   0.   0.]]
cf_score, -11.0
nv_score, 0.0
ratio, 0.272727272727
[[  0.  31.   0.]
 [  0.  26.   0.]
 [  0.  43.   0.]]
cf_score, 26.0
nv_score, 0.0
ratio, 0.262626262626
[[ 33.   0.   0.]
 [ 22.   0.   0.]
 [ 45.   0.   0.]]
cf_score, -12.0
nv_score, 0.0
ratio, 0.333333333333
[[ 31.   0.   0.]
 [ 24.   0.   0.]
 [ 45.   0.   0.]]
cf_score, -14.0
nv_score, 0.0
ratio, 0.313131313131
[[ 32.   0.   0.]
 [ 34.   0.   0.]
 [ 34.   0.   0.]]
cf_score, -2.0
nv_score, 0.0
ratio, 0.323232323232
[[ 33.   0.   0.]
 [ 41.   0.   0.]
 [ 26.   0.   0.]]
cf_score, 7.0
nv_score, 0.0
ratio, 0.333333333333
[[ 33.   0.   0.]
 [ 35.   0.   0.]
 [ 32.   0.   0.]]
cf_score, 1.0
nv_score, 0.0
ratio, 0.333333333333
[[ 26.   0.   0.]
 [ 42.   0.   0.]
 [ 32.   0.   0.]]
cf_score, -6.0
nv_score, 0.0
ratio, 0.262626262626
[[ 30.   0.   0.]
 [ 34.   0.   0.]
 [ 36.   0.   0.]]
cf_score, -6.0
nv_score, 0.0
ratio, 0.30303030303
[[ 25.   0.   0.]
 [ 32.   0.   0.]
 [ 43.   0.   0.]]
cf_score, -18.0
nv_score, 0.0
ratio, 0.252525252525
[[ 19.   0.   0.]
 [ 39.   0.   0.]
 [ 42.   0.   0.]]
cf_score, -23.0
nv_score, 0.0
ratio, 0.191919191919
[[ 24.   0.   0.]
 [ 35.   0.   0.]
 [ 41.   0.   0.]]
cf_score, -17.0
nv_score, 0.0
ratio, 0.242424242424
[[ 28.   0.   0.]
 [ 35.   0.   0.]
 [ 37.   0.   0.]]
cf_score, -9.0
nv_score, 0.0
ratio, 0.282828282828
[[ 38.   0.   0.]
 [ 32.   0.   0.]
 [ 30.   0.   0.]]
cf_score, 8.0
nv_score, 0.0
ratio, 0.383838383838
[[ 29.   0.   0.]
 [ 38.   0.   0.]
 [ 33.   0.   0.]]
cf_score, -4.0
nv_score, 0.0
ratio, 0.292929292929
[[ 26.   0.   0.]
 [ 29.   0.   0.]
 [ 45.   0.   0.]]
cf_score, -19.0
nv_score, 0.0
ratio, 0.262626262626
[[ 32.   0.   0.]
 [ 32.   0.   0.]
 [ 36.   0.   0.]]
cf_score, -4.0
nv_score, 0.0
ratio, 0.323232323232
[[ 32.   0.   0.]
 [ 39.   0.   0.]
 [ 29.   0.   0.]]
cf_score, 3.0
nv_score, 0.0
ratio, 0.323232323232
[[ 30.   0.   0.]
 [ 35.   0.   0.]
 [ 35.   0.   0.]]
cf_score, -5.0
nv_score, 0.0
ratio, 0.30303030303
