[[ 26.  11.   3.]
 [  1.  21.   1.]
 [  7.  29.   1.]]
cf_score, 38.0
nv_score, -6.0
ratio, 0.484848484848
[[ 29.   8.   3.]
 [  3.  21.   0.]
 [  5.  27.   4.]]
cf_score, 46.0
nv_score, -2.0
ratio, 0.545454545455
[[ 27.   9.   1.]
 [  4.  17.   0.]
 [  9.  27.   6.]]
cf_score, 40.0
nv_score, 4.0
ratio, 0.505050505051
[[ 23.  12.   0.]
 [  4.  22.   1.]
 [  8.  25.   5.]]
cf_score, 42.0
nv_score, 4.0
ratio, 0.505050505051
[[ 27.  11.   2.]
 [  1.  23.   0.]
 [ 10.  24.   2.]]
cf_score, 40.0
nv_score, -2.0
ratio, 0.525252525253
[[ 27.   8.   6.]
 [  2.  19.   2.]
 [  4.  26.   6.]]
cf_score, 42.0
nv_score, -8.0
ratio, 0.525252525253
[[ 34.   8.   0.]
 [  2.  26.   2.]
 [  3.  22.   3.]]
cf_score, 60.0
nv_score, 1.0
ratio, 0.636363636364
[[ 21.   5.   1.]
 [  0.  33.   2.]
 [  9.  21.   8.]]
cf_score, 52.0
nv_score, 4.0
ratio, 0.626262626263
[[ 22.  10.   3.]
 [  0.  25.   4.]
 [  4.  24.   8.]]
cf_score, 48.0
nv_score, -2.0
ratio, 0.555555555556
[[ 22.   8.  10.]
 [  1.  23.   4.]
 [  4.  22.   6.]]
cf_score, 37.0
nv_score, -18.0
ratio, 0.515151515152
[[ 24.  11.   1.]
 [  5.  25.   3.]
 [  3.  22.   6.]]
cf_score, 51.0
nv_score, 1.0
ratio, 0.555555555556
[[ 22.   6.   1.]
 [  4.  23.   2.]
 [  4.  24.  14.]]
cf_score, 54.0
nv_score, 10.0
ratio, 0.59595959596
[[ 24.  11.   4.]
 [  1.  18.   5.]
 [  7.  21.   9.]]
cf_score, 40.0
nv_score, -4.0
ratio, 0.515151515152
[[ 29.   7.   2.]
 [  5.  22.   4.]
 [  4.  19.   8.]]
cf_score, 53.0
nv_score, 0.0
ratio, 0.59595959596
[[ 22.   4.   7.]
 [  2.  28.   4.]
 [  7.  17.   9.]]
cf_score, 45.0
nv_score, -9.0
ratio, 0.59595959596
[[ 30.   6.   1.]
 [  1.  24.   2.]
 [  3.  22.  11.]]
cf_score, 61.0
nv_score, 7.0
ratio, 0.656565656566
[[ 27.   8.   4.]
 [  2.  18.   5.]
 [  4.  24.   8.]]
cf_score, 45.0
nv_score, -5.0
ratio, 0.535353535354
[[ 24.   5.   4.]
 [  1.  28.   3.]
 [  1.  20.  14.]]
cf_score, 61.0
nv_score, 3.0
ratio, 0.666666666667
[[ 23.  12.   2.]
 [  1.  21.   4.]
 [  5.  24.   8.]]
cf_score, 45.0
nv_score, 0.0
ratio, 0.525252525253
[[ 18.  12.   3.]
 [  0.  27.   6.]
 [  6.  17.  11.]]
cf_score, 47.0
nv_score, -1.0
ratio, 0.565656565657
[[ 26.   4.   3.]
 [  0.  25.   4.]
 [  5.  22.  11.]]
cf_score, 54.0
nv_score, 1.0
ratio, 0.626262626263
[[ 26.   7.   3.]
 [  0.  22.   3.]
 [  5.  19.  15.]]
cf_score, 55.0
nv_score, 6.0
ratio, 0.636363636364
[[ 25.   8.   4.]
 [  2.  23.   0.]
 [  3.  25.  10.]]
cf_score, 51.0
nv_score, 2.0
ratio, 0.585858585859
[[ 28.   8.   3.]
 [  2.  21.   3.]
 [  4.  21.  10.]]
cf_score, 52.0
nv_score, 1.0
ratio, 0.59595959596
[[ 27.   6.   4.]
 [  2.  19.   2.]
 [  6.  15.  19.]]
cf_score, 55.0
nv_score, 9.0
ratio, 0.656565656566
[[ 21.  11.   5.]
 [  2.  23.   2.]
 [  3.  21.  12.]]
cf_score, 48.0
nv_score, 0.0
ratio, 0.565656565657
[[ 25.   6.   2.]
 [  4.  18.   5.]
 [  1.  21.  18.]]
cf_score, 58.0
nv_score, 9.0
ratio, 0.616161616162
[[ 15.   7.   5.]
 [  3.  21.   7.]
 [  8.  15.  19.]]
cf_score, 42.0
nv_score, 2.0
ratio, 0.555555555556
[[ 30.   7.   5.]
 [  5.  22.   5.]
 [  5.  11.  10.]]
cf_score, 52.0
nv_score, -5.0
ratio, 0.626262626263
[[ 27.   7.   3.]
 [  1.  26.   4.]
 [  5.  17.  10.]]
cf_score, 55.0
nv_score, 0.0
ratio, 0.636363636364
[[ 25.  15.   1.]
 [  4.  23.   0.]
 [  4.  19.   9.]]
cf_score, 52.0
nv_score, 7.0
ratio, 0.575757575758
[[ 25.   8.   7.]
 [  3.  21.   6.]
 [  3.  14.  13.]]
cf_score, 49.0
nv_score, -7.0
ratio, 0.59595959596
[[ 17.   7.   5.]
 [  2.  24.   9.]
 [  2.  23.  11.]]
cf_score, 45.0
nv_score, -8.0
ratio, 0.525252525253
[[ 29.   5.   5.]
 [  2.  21.   5.]
 [  6.  17.  10.]]
cf_score, 49.0
nv_score, -5.0
ratio, 0.606060606061
[[ 28.   5.   5.]
 [  1.  14.   9.]
 [  5.  11.  22.]]
cf_score, 54.0
nv_score, 3.0
ratio, 0.646464646465
[[ 30.   8.   6.]
 [  1.  20.   6.]
 [  4.  19.   6.]]
cf_score, 46.0
nv_score, -12.0
ratio, 0.565656565657
[[ 26.   7.  12.]
 [  1.  20.   7.]
 [  4.  12.  11.]]
cf_score, 41.0
nv_score, -20.0
ratio, 0.575757575758
[[ 26.   8.   7.]
 [  1.  18.   6.]
 [  3.  18.  13.]]
cf_score, 47.0
nv_score, -7.0
ratio, 0.575757575758
[[ 21.   6.   4.]
 [  2.  18.   4.]
 [ 10.  19.  16.]]
cf_score, 41.0
nv_score, 4.0
ratio, 0.555555555556
[[ 31.   7.   3.]
 [  2.  15.   8.]
 [  9.  13.  12.]]
cf_score, 46.0
nv_score, -2.0
ratio, 0.585858585859
[[ 34.   4.   1.]
 [  3.  25.   7.]
 [  1.  15.  10.]]
cf_score, 67.0
nv_score, 1.0
ratio, 0.69696969697
[[ 32.   4.   4.]
 [  0.  22.   6.]
 [  6.  12.  14.]]
cf_score, 58.0
nv_score, 0.0
ratio, 0.686868686869
[[ 22.   5.   4.]
 [  3.  23.   5.]
 [  8.  14.  16.]]
cf_score, 49.0
nv_score, 3.0
ratio, 0.616161616162
[[ 20.   8.   4.]
 [  2.  21.  12.]
 [  6.  15.  12.]]
cf_score, 43.0
nv_score, -8.0
ratio, 0.535353535354
[[ 31.   5.   1.]
 [  2.  31.   3.]
 [  4.  10.  13.]]
cf_score, 70.0
nv_score, 8.0
ratio, 0.757575757576
[[ 19.  10.   4.]
 [  1.  24.   5.]
 [  3.  16.  18.]]
cf_score, 54.0
nv_score, 5.0
ratio, 0.616161616162
[[ 26.  10.   2.]
 [  1.  21.   7.]
 [  7.  15.  11.]]
cf_score, 49.0
nv_score, 0.0
ratio, 0.585858585859
[[ 18.   4.   5.]
 [  3.  28.   6.]
 [  5.  14.  17.]]
cf_score, 53.0
nv_score, 1.0
ratio, 0.636363636364
[[ 20.   6.   0.]
 [  2.  23.   5.]
 [  3.  20.  21.]]
cf_score, 61.0
nv_score, 16.0
ratio, 0.646464646465
[[ 28.   7.   6.]
 [  3.  22.   7.]
 [  2.  18.   7.]]
cf_score, 49.0
nv_score, -12.0
ratio, 0.575757575758
[[ 36.   5.   5.]
 [  2.  10.   7.]
 [  4.  16.  15.]]
cf_score, 52.0
nv_score, -2.0
ratio, 0.616161616162
[[ 22.   2.   5.]
 [  5.  24.   7.]
 [  5.  17.  13.]]
cf_score, 49.0
nv_score, -4.0
ratio, 0.59595959596
[[ 23.   4.   5.]
 [  4.  18.   3.]
 [  4.  20.  19.]]
cf_score, 51.0
nv_score, 6.0
ratio, 0.606060606061
[[ 21.   7.   1.]
 [  2.  20.   8.]
 [  5.  13.  23.]]
cf_score, 58.0
nv_score, 13.0
ratio, 0.646464646465
[[ 29.   6.   4.]
 [  0.  22.   5.]
 [  1.  18.  15.]]
cf_score, 61.0
nv_score, 2.0
ratio, 0.666666666667
[[ 25.   5.   3.]
 [  0.  25.   6.]
 [  4.  17.  15.]]
cf_score, 58.0
nv_score, 3.0
ratio, 0.656565656566
[[ 26.   9.   5.]
 [  3.  20.   2.]
 [  6.  15.  14.]]
cf_score, 49.0
nv_score, 2.0
ratio, 0.606060606061
[[ 30.   7.   6.]
 [  0.  10.   7.]
 [  4.  23.  13.]]
cf_score, 43.0
nv_score, -6.0
ratio, 0.535353535354
[[ 17.   6.   6.]
 [  2.  18.   4.]
 [  7.  18.  22.]]
cf_score, 44.0
nv_score, 6.0
ratio, 0.575757575758
[[ 35.   5.   6.]
 [  2.  14.   5.]
 [  5.  10.  18.]]
cf_score, 56.0
nv_score, 1.0
ratio, 0.676767676768
[[ 31.   6.   3.]
 [  0.  29.   0.]
 [  5.  10.  16.]]
cf_score, 68.0
nv_score, 10.0
ratio, 0.767676767677
[[ 26.   5.   3.]
 [  2.  35.   6.]
 [  1.   7.  15.]]
cf_score, 72.0
nv_score, 3.0
ratio, 0.767676767677
[[ 26.  11.   7.]
 [  1.  12.   8.]
 [  3.  17.  15.]]
cf_score, 43.0
nv_score, -7.0
ratio, 0.535353535354
[[ 24.  10.   4.]
 [  3.  21.   9.]
 [  2.  15.  12.]]
cf_score, 51.0
nv_score, -5.0
ratio, 0.575757575758
[[ 38.   2.   5.]
 [  2.  21.   4.]
 [  5.  11.  12.]]
cf_score, 61.0
nv_score, -2.0
ratio, 0.717171717172
[[ 33.   9.   5.]
 [  3.  16.   2.]
 [  6.  12.  14.]]
cf_score, 52.0
nv_score, 2.0
ratio, 0.636363636364
[[ 22.   4.   0.]
 [  3.  27.   3.]
 [  5.  19.  17.]]
cf_score, 61.0
nv_score, 14.0
ratio, 0.666666666667
[[ 26.   8.   5.]
 [  2.  17.   6.]
 [  7.  15.  14.]]
cf_score, 45.0
nv_score, -2.0
ratio, 0.575757575758
[[ 32.   8.   2.]
 [  0.  26.   3.]
 [  3.  13.  13.]]
cf_score, 66.0
nv_score, 6.0
ratio, 0.717171717172
[[ 27.   6.   4.]
 [  3.  22.   3.]
 [  5.  19.  11.]]
cf_score, 51.0
nv_score, 0.0
ratio, 0.606060606061
[[ 24.   9.   2.]
 [  4.  19.   9.]
 [  1.  15.  17.]]
cf_score, 57.0
nv_score, 4.0
ratio, 0.606060606061
[[ 28.   6.  11.]
 [  0.  17.   9.]
 [  5.  15.   9.]]
cf_score, 38.0
nv_score, -22.0
ratio, 0.545454545455
[[ 28.  11.   4.]
 [  2.  23.   5.]
 [  6.   9.  12.]]
cf_score, 53.0
nv_score, -1.0
ratio, 0.636363636364
[[ 25.   7.   6.]
 [  4.  21.   3.]
 [  6.  12.  16.]]
cf_score, 50.0
nv_score, 1.0
ratio, 0.626262626263
[[ 16.   7.   6.]
 [  1.  27.   3.]
 [  3.  18.  19.]]
cf_score, 53.0
nv_score, 4.0
ratio, 0.626262626263
[[ 26.   9.   2.]
 [  1.  26.   3.]
 [  7.  18.   8.]]
cf_score, 51.0
nv_score, 1.0
ratio, 0.606060606061
[[ 25.  10.   3.]
 [  4.  13.   6.]
 [ 12.  14.  13.]]
cf_score, 36.0
nv_score, 1.0
ratio, 0.515151515152
[[ 27.   7.   7.]
 [  3.  25.   2.]
 [  8.  15.   6.]]
cf_score, 43.0
nv_score, -10.0
ratio, 0.585858585859
[[ 25.   3.   3.]
 [  1.  25.   8.]
 [  5.  15.  15.]]
cf_score, 57.0
nv_score, 1.0
ratio, 0.656565656566
[[ 29.   2.   3.]
 [  5.  26.   1.]
 [  8.  16.  10.]]
cf_score, 54.0
nv_score, 3.0
ratio, 0.656565656566
[[ 29.  11.   2.]
 [  2.  20.   3.]
 [  7.  16.  10.]]
cf_score, 50.0
nv_score, 3.0
ratio, 0.59595959596
[[ 30.   7.   7.]
 [  1.  16.   7.]
 [  4.  14.  14.]]
cf_score, 49.0
nv_score, -7.0
ratio, 0.606060606061
[[ 21.   4.   5.]
 [  4.  27.   5.]
 [  4.  16.  14.]]
cf_score, 53.0
nv_score, -1.0
ratio, 0.626262626263
[[ 27.  10.   0.]
 [  3.  20.   3.]
 [  5.  21.  11.]]
cf_score, 53.0
nv_score, 8.0
ratio, 0.585858585859
[[ 25.   7.   1.]
 [  1.  28.   3.]
 [  6.  19.  10.]]
cf_score, 56.0
nv_score, 5.0
ratio, 0.636363636364
[[ 19.   7.   3.]
 [  2.  24.   7.]
 [  2.  20.  16.]]
cf_score, 54.0
nv_score, 3.0
ratio, 0.59595959596
[[ 18.   7.   6.]
 [  3.  20.   2.]
 [  4.  20.  20.]]
cf_score, 48.0
nv_score, 6.0
ratio, 0.585858585859
[[ 27.   5.   3.]
 [  1.  26.   2.]
 [  3.  16.  17.]]
cf_score, 64.0
nv_score, 9.0
ratio, 0.707070707071
[[ 30.   7.   3.]
 [  4.  22.   5.]
 [  1.  13.  15.]]
cf_score, 63.0
nv_score, 4.0
ratio, 0.676767676768
[[ 18.   8.   4.]
 [  2.  30.   4.]
 [  3.  17.  14.]]
cf_score, 55.0
nv_score, 2.0
ratio, 0.626262626263
[[ 20.   3.   8.]
 [  1.  21.   3.]
 [ 11.  19.  14.]]
cf_score, 36.0
nv_score, -5.0
ratio, 0.555555555556
[[ 26.   9.   5.]
 [  3.  22.   4.]
 [  4.  14.  13.]]
cf_score, 52.0
nv_score, -1.0
ratio, 0.616161616162
[[ 20.  11.   5.]
 [  5.  22.   3.]
 [  4.  21.   9.]]
cf_score, 42.0
nv_score, -4.0
ratio, 0.515151515152
[[ 19.   4.   4.]
 [  2.  27.   2.]
 [  4.  24.  14.]]
cf_score, 52.0
nv_score, 4.0
ratio, 0.606060606061
[[ 20.   6.   2.]
 [  4.  24.   4.]
 [  3.  22.  15.]]
cf_score, 54.0
nv_score, 7.0
ratio, 0.59595959596
[[ 30.   4.   4.]
 [  1.  18.   3.]
 [  3.  20.  17.]]
cf_score, 58.0
nv_score, 6.0
ratio, 0.656565656566
[[ 14.   9.   4.]
 [  0.  25.   5.]
 [  3.  23.  17.]]
cf_score, 49.0
nv_score, 4.0
ratio, 0.565656565657
[[ 21.   9.   0.]
 [  1.  23.   9.]
 [  4.  20.  13.]]
cf_score, 53.0
nv_score, 4.0
ratio, 0.575757575758
[[ 28.  10.   1.]
 [  2.  22.   3.]
 [  5.  21.   8.]]
cf_score, 52.0
nv_score, 3.0
ratio, 0.585858585859
[[ 26.   4.   4.]
 [  6.  22.   6.]
 [  5.  17.  10.]]
cf_score, 49.0
nv_score, -4.0
ratio, 0.585858585859
[[ 21.   8.   4.]
 [  6.  18.   6.]
 [  3.  19.  15.]]
cf_score, 47.0
nv_score, 1.0
ratio, 0.545454545455
[[ 26.   2.   6.]
 [  4.  17.   4.]
 [  5.  21.  15.]]
cf_score, 47.0
nv_score, -1.0
ratio, 0.585858585859
[[ 22.   2.   6.]
 [  1.  25.   6.]
 [  5.  15.  18.]]
cf_score, 54.0
nv_score, 0.0
ratio, 0.656565656566
[[ 27.   4.   4.]
 [  5.  17.   5.]
 [  7.  18.  13.]]
cf_score, 46.0
nv_score, 0.0
ratio, 0.575757575758
[[ 30.   6.   4.]
 [  3.  14.   3.]
 [  6.  18.  16.]]
cf_score, 50.0
nv_score, 5.0
ratio, 0.606060606061
[[ 25.   7.   7.]
 [  8.  23.   2.]
 [  2.  15.  11.]]
cf_score, 50.0
nv_score, -5.0
ratio, 0.59595959596
[[ 29.  11.   5.]
 [  3.  23.   1.]
 [  4.  16.   8.]]
cf_score, 51.0
nv_score, -3.0
ratio, 0.606060606061
[[ 20.   4.   3.]
 [  0.  24.   3.]
 [  8.  23.  15.]]
cf_score, 48.0
nv_score, 6.0
ratio, 0.59595959596
[[ 22.   2.   5.]
 [  2.  24.   5.]
 [ 11.  17.  12.]]
cf_score, 42.0
nv_score, -3.0
ratio, 0.585858585859
[[ 26.   4.   5.]
 [  4.  23.   6.]
 [  3.  13.  16.]]
cf_score, 57.0
nv_score, 0.0
ratio, 0.656565656566
[[ 19.   5.   2.]
 [  2.  25.   6.]
 [  6.  21.  14.]]
cf_score, 50.0
nv_score, 4.0
ratio, 0.585858585859
[[ 26.   4.   7.]
 [  4.  16.  10.]
 [  2.  16.  15.]]
cf_score, 48.0
nv_score, -9.0
ratio, 0.575757575758
[[ 21.  11.   6.]
 [  1.  15.  11.]
 [  8.  10.  17.]]
cf_score, 39.0
nv_score, -6.0
ratio, 0.535353535354
[[ 23.   7.  10.]
 [  0.  30.   2.]
 [  1.  11.  16.]]
cf_score, 58.0
nv_score, -6.0
ratio, 0.69696969697
[[ 26.  11.   6.]
 [  1.  23.   3.]
 [  5.  13.  12.]]
cf_score, 50.0
nv_score, -3.0
ratio, 0.616161616162
[[ 18.   7.  11.]
 [  4.  28.   3.]
 [  8.  14.   7.]]
cf_score, 34.0
nv_score, -18.0
ratio, 0.535353535354
[[ 29.   5.   1.]
 [  3.  20.   1.]
 [  6.  24.  11.]]
cf_score, 53.0
nv_score, 8.0
ratio, 0.606060606061
[[ 27.   6.   7.]
 [  4.  22.   2.]
 [  2.  24.   6.]]
cf_score, 46.0
nv_score, -10.0
ratio, 0.555555555556
[[ 26.  10.   3.]
 [  0.  23.   4.]
 [  6.  18.  10.]]
cf_score, 50.0
nv_score, 0.0
ratio, 0.59595959596
[[ 29.   4.   4.]
 [  2.  26.   5.]
 [  7.  16.   7.]]
cf_score, 51.0
nv_score, -6.0
ratio, 0.626262626263
[[ 23.   7.   6.]
 [  4.  21.   6.]
 [  4.  16.  13.]]
cf_score, 47.0
nv_score, -5.0
ratio, 0.575757575758
[[ 30.   8.   6.]
 [  2.  28.   3.]
 [  3.  11.   9.]]
cf_score, 58.0
nv_score, -6.0
ratio, 0.676767676768
[[ 23.  17.   4.]
 [  4.  18.   4.]
 [  5.   9.  16.]]
cf_score, 48.0
nv_score, 4.0
ratio, 0.575757575758
[[ 28.   2.   7.]
 [  2.  19.   7.]
 [  6.  11.  18.]]
cf_score, 52.0
nv_score, -3.0
ratio, 0.656565656566
[[ 33.   4.   5.]
 [  0.  24.   7.]
 [  2.   7.  18.]]
cf_score, 68.0
nv_score, 1.0
ratio, 0.757575757576
[[ 33.  10.   4.]
 [  0.  21.   7.]
 [  4.  14.   7.]]
cf_score, 53.0
nv_score, -8.0
ratio, 0.616161616162
[[ 27.  13.   6.]
 [  2.  20.   2.]
 [  5.  15.  10.]]
cf_score, 46.0
nv_score, -4.0
ratio, 0.575757575758
[[ 21.   6.   2.]
 [  2.  28.   4.]
 [  1.  18.  18.]]
cf_score, 64.0
nv_score, 10.0
ratio, 0.676767676768
[[ 22.   6.   5.]
 [  2.  25.  10.]
 [  7.  10.  13.]]
cf_score, 48.0
nv_score, -7.0
ratio, 0.606060606061
[[ 27.  12.   5.]
 [  3.  18.   2.]
 [  2.  11.  20.]]
cf_score, 58.0
nv_score, 8.0
ratio, 0.656565656566
[[ 15.  14.   4.]
 [  2.  25.   6.]
 [  5.  15.  14.]]
cf_score, 45.0
nv_score, 0.0
ratio, 0.545454545455
[[ 27.   4.   5.]
 [  0.  19.   5.]
 [  3.  18.  19.]]
cf_score, 57.0
nv_score, 4.0
ratio, 0.656565656566
[[ 22.   7.   2.]
 [  2.  24.   4.]
 [  9.  19.  11.]]
cf_score, 46.0
nv_score, 3.0
ratio, 0.575757575758
[[ 24.   0.  10.]
 [  2.  25.   7.]
 [  3.  16.  13.]]
cf_score, 49.0
nv_score, -14.0
ratio, 0.626262626263
[[ 21.  12.   2.]
 [  2.  23.   2.]
 [  8.  17.  13.]]
cf_score, 47.0
nv_score, 7.0
ratio, 0.575757575758
[[ 27.   7.   3.]
 [  0.  26.   3.]
 [  1.  16.  17.]]
cf_score, 66.0
nv_score, 8.0
ratio, 0.707070707071
[[ 27.   6.   5.]
 [  2.  22.   3.]
 [  6.  14.  15.]]
cf_score, 53.0
nv_score, 2.0
ratio, 0.646464646465
[[ 25.   7.   5.]
 [  3.  25.   3.]
 [  7.  17.   8.]]
cf_score, 46.0
nv_score, -5.0
ratio, 0.585858585859
[[ 32.   7.   2.]
 [  0.  22.   6.]
 [  3.  17.  11.]]
cf_score, 60.0
nv_score, 1.0
ratio, 0.656565656566
[[ 26.  10.   4.]
 [  3.  16.   5.]
 [  7.  15.  14.]]
cf_score, 45.0
nv_score, 1.0
ratio, 0.565656565657
[[ 24.   4.   7.]
 [  1.  25.   3.]
 [  3.  23.  10.]]
cf_score, 49.0
nv_score, -7.0
ratio, 0.59595959596
[[ 27.   5.   8.]
 [  3.  24.   1.]
 [  2.  21.   9.]]
cf_score, 50.0
nv_score, -8.0
ratio, 0.606060606061
[[ 25.   7.   2.]
 [  3.  22.   4.]
 [  5.  25.   7.]]
cf_score, 47.0
nv_score, -1.0
ratio, 0.545454545455
[[ 25.   2.   3.]
 [  2.  27.   8.]
 [  3.  18.  12.]]
cf_score, 58.0
nv_score, -2.0
ratio, 0.646464646465
[[ 29.   7.   2.]
 [  1.  19.   3.]
 [  4.  21.  14.]]
cf_score, 56.0
nv_score, 7.0
ratio, 0.626262626263
[[ 26.  10.   4.]
 [  2.  22.   5.]
 [  5.  11.  15.]]
cf_score, 54.0
nv_score, 2.0
ratio, 0.636363636364
[[ 32.   7.   3.]
 [  3.  20.   3.]
 [  3.  17.  12.]]
cf_score, 58.0
nv_score, 3.0
ratio, 0.646464646465
[[ 28.   7.   8.]
 [  2.  10.  13.]
 [  4.  15.  13.]]
cf_score, 39.0
nv_score, -16.0
ratio, 0.515151515152
[[ 29.   8.   6.]
 [  3.  20.   3.]
 [  1.  15.  15.]]
cf_score, 57.0
nv_score, 0.0
ratio, 0.646464646465
[[ 20.   4.   5.]
 [  1.  26.   6.]
 [  6.  20.  12.]]
cf_score, 47.0
nv_score, -4.0
ratio, 0.585858585859
[[ 23.   9.   3.]
 [  1.  22.   7.]
 [  4.  20.  11.]]
cf_score, 49.0
nv_score, -2.0
ratio, 0.565656565657
[[ 30.   6.   3.]
 [  4.  19.   3.]
 [  5.  21.   9.]]
cf_score, 50.0
nv_score, 0.0
ratio, 0.585858585859
[[ 30.   5.   5.]
 [  3.  25.   2.]
 [  3.  17.  10.]]
cf_score, 57.0
nv_score, -2.0
ratio, 0.656565656566
[[ 29.   4.   6.]
 [  0.  25.   5.]
 [  4.  10.  17.]]
cf_score, 61.0
nv_score, 0.0
ratio, 0.717171717172
[[ 18.   9.   9.]
 [  5.  22.   4.]
 [  6.  17.  10.]]
cf_score, 35.0
nv_score, -12.0
ratio, 0.505050505051
[[ 23.  14.   3.]
 [  1.  22.   5.]
 [  3.  18.  11.]]
cf_score, 50.0
nv_score, 0.0
ratio, 0.565656565657
[[ 31.   6.   6.]
 [  2.  16.   6.]
 [  5.  17.  11.]]
cf_score, 47.0
nv_score, -7.0
ratio, 0.585858585859
[[ 24.   8.   5.]
 [  2.  20.   5.]
 [  7.  19.  10.]]
cf_score, 42.0
nv_score, -5.0
ratio, 0.545454545455
[[ 26.  10.   2.]
 [  2.  22.   8.]
 [  7.  12.  11.]]
cf_score, 50.0
nv_score, -1.0
ratio, 0.59595959596
[[ 19.   9.   2.]
 [  2.  21.   7.]
 [  6.  21.  13.]]
cf_score, 45.0
nv_score, 2.0
ratio, 0.535353535354
[[ 21.   5.   5.]
 [  2.  31.   6.]
 [  5.  14.  11.]]
cf_score, 53.0
nv_score, -5.0
ratio, 0.636363636364
[[ 26.   4.   4.]
 [  0.  20.   5.]
 [  6.  19.  16.]]
cf_score, 52.0
nv_score, 3.0
ratio, 0.626262626263
[[ 37.  11.   4.]
 [  1.  15.   1.]
 [  2.  19.  10.]]
cf_score, 56.0
nv_score, 1.0
ratio, 0.626262626263
[[ 30.   6.   3.]
 [  2.  24.   5.]
 [  5.   7.  18.]]
cf_score, 64.0
nv_score, 7.0
ratio, 0.727272727273
[[ 22.   2.   5.]
 [  5.  20.   9.]
 [  9.  20.   8.]]
cf_score, 36.0
nv_score, -11.0
ratio, 0.505050505051
[[ 19.   8.   5.]
 [  2.  19.  13.]
 [  6.  10.  18.]]
cf_score, 45.0
nv_score, -5.0
ratio, 0.565656565657
[[ 24.   7.   4.]
 [  2.  21.   7.]
 [  6.  13.  16.]]
cf_score, 51.0
nv_score, 1.0
ratio, 0.616161616162
[[ 18.   4.   4.]
 [  4.  18.  14.]
 [  3.  17.  18.]]
cf_score, 47.0
nv_score, -4.0
ratio, 0.545454545455
[[ 31.  12.   2.]
 [  2.  19.   2.]
 [  4.  16.  12.]]
cf_score, 56.0
nv_score, 6.0
ratio, 0.626262626263
[[ 29.   5.   4.]
 [  2.  17.   5.]
 [  2.  17.  19.]]
cf_score, 59.0
nv_score, 6.0
ratio, 0.656565656566
[[ 31.   4.   2.]
 [  2.  22.   8.]
 [  1.  20.  10.]]
cf_score, 60.0
nv_score, -2.0
ratio, 0.636363636364
[[ 24.   4.   5.]
 [  5.  22.   3.]
 [  6.  22.   9.]]
cf_score, 44.0
nv_score, -4.0
ratio, 0.555555555556
[[ 23.   7.  10.]
 [  3.  22.   2.]
 [  1.  16.  16.]]
cf_score, 50.0
nv_score, -6.0
ratio, 0.616161616162
[[ 21.   8.   4.]
 [  2.  21.   7.]
 [  5.  20.  12.]]
cf_score, 45.0
nv_score, -3.0
ratio, 0.545454545455
[[ 25.  10.   4.]
 [  2.  21.   7.]
 [  6.  19.   6.]]
cf_score, 42.0
nv_score, -9.0
ratio, 0.525252525253
[[ 27.   8.   0.]
 [  1.  26.   2.]
 [  6.  15.  15.]]
cf_score, 62.0
nv_score, 13.0
ratio, 0.686868686869
[[ 19.  10.   8.]
 [  6.  18.   3.]
 [  3.  14.  19.]]
cf_score, 45.0
nv_score, 0.0
ratio, 0.565656565657
[[ 23.  10.   3.]
 [  2.  31.   2.]
 [  3.  14.  12.]]
cf_score, 60.0
nv_score, 4.0
ratio, 0.666666666667
[[ 27.   4.   6.]
 [  2.  18.   6.]
 [  4.  22.  11.]]
cf_score, 46.0
nv_score, -7.0
ratio, 0.565656565657
[[ 22.   8.   3.]
 [  1.  24.   6.]
 [  3.  21.  12.]]
cf_score, 52.0
nv_score, 0.0
ratio, 0.585858585859
[[ 23.   9.   3.]
 [  2.  18.   9.]
 [  3.  15.  18.]]
cf_score, 53.0
nv_score, 3.0
ratio, 0.59595959596
[[ 26.   7.   3.]
 [  4.  20.   0.]
 [  7.  20.  13.]]
cf_score, 49.0
nv_score, 7.0
ratio, 0.59595959596
[[ 23.   6.   3.]
 [  1.  21.   5.]
 [  3.  15.  23.]]
cf_score, 61.0
nv_score, 12.0
ratio, 0.676767676768
[[ 17.   8.   5.]
 [  2.  27.   7.]
 [  8.  16.  10.]]
cf_score, 41.0
nv_score, -7.0
ratio, 0.545454545455
[[ 24.   6.   3.]
 [  5.  16.  10.]
 [  3.  15.  18.]]
cf_score, 52.0
nv_score, 2.0
ratio, 0.585858585859
[[ 21.  10.   7.]
 [  1.  27.   4.]
 [  5.  13.  12.]]
cf_score, 48.0
nv_score, -6.0
ratio, 0.606060606061
[[ 34.   3.   1.]
 [  3.  22.   5.]
 [  5.  20.   7.]]
cf_score, 57.0
nv_score, 0.0
ratio, 0.636363636364
[[ 14.   8.   6.]
 [  3.  17.  10.]
 [  7.  10.  25.]]
cf_score, 43.0
nv_score, 3.0
ratio, 0.565656565657
[[ 18.   8.   4.]
 [  2.  21.   7.]
 [  5.  15.  20.]]
cf_score, 50.0
nv_score, 5.0
ratio, 0.59595959596
[[ 27.   7.   6.]
 [  3.  21.   6.]
 [  3.  10.  17.]]
cf_score, 56.0
nv_score, -1.0
ratio, 0.656565656566
[[ 30.   8.   3.]
 [  3.  14.   7.]
 [  4.  20.  11.]]
cf_score, 48.0
nv_score, -2.0
ratio, 0.555555555556
[[ 22.   4.   1.]
 [  6.  21.   3.]
 [  7.  20.  16.]]
cf_score, 51.0
nv_score, 11.0
ratio, 0.59595959596
[[ 24.   4.   7.]
 [  2.  21.   7.]
 [  1.  14.  20.]]
cf_score, 57.0
nv_score, -1.0
ratio, 0.656565656566
[[ 30.  10.   4.]
 [  2.  21.   3.]
 [  4.  15.  11.]]
cf_score, 54.0
nv_score, 0.0
ratio, 0.626262626263
[[ 22.   4.   2.]
 [  1.  27.   8.]
 [  7.  16.  13.]]
cf_score, 53.0
nv_score, 1.0
ratio, 0.626262626263
[[ 23.   6.   6.]
 [  2.  23.   8.]
 [  4.  16.  12.]]
cf_score, 48.0
nv_score, -8.0
ratio, 0.585858585859
[[ 20.   6.   1.]
 [  3.  23.   8.]
 [  6.  21.  12.]]
cf_score, 48.0
nv_score, 2.0
ratio, 0.555555555556
[[ 32.  11.   4.]
 [  0.  18.   3.]
 [  4.  19.   9.]]
cf_score, 51.0
nv_score, -2.0
ratio, 0.59595959596
[[ 28.   5.   5.]
 [  1.  21.   5.]
 [  5.  13.  17.]]
cf_score, 56.0
nv_score, 2.0
ratio, 0.666666666667
[[ 20.   5.   3.]
 [  4.  24.   7.]
 [  6.  15.  16.]]
cf_score, 51.0
nv_score, 3.0
ratio, 0.606060606061
[[ 23.   5.   2.]
 [  4.  28.   2.]
 [  3.  23.  10.]]
cf_score, 56.0
nv_score, 4.0
ratio, 0.616161616162
[[ 22.  14.   6.]
 [  3.  23.   1.]
 [  5.  11.  15.]]
cf_score, 49.0
nv_score, 2.0
ratio, 0.606060606061
[[ 25.   6.   7.]
 [  2.  19.   6.]
 [  7.  17.  11.]]
cf_score, 41.0
nv_score, -9.0
ratio, 0.555555555556
[[ 30.   4.   3.]
 [  3.  16.   5.]
 [  5.  25.   9.]]
cf_score, 47.0
nv_score, -2.0
ratio, 0.555555555556
[[ 23.   5.   6.]
 [  5.  22.   9.]
 [  1.  17.  12.]]
cf_score, 50.0
nv_score, -9.0
ratio, 0.575757575758
[[ 29.   3.   3.]
 [  3.  24.   5.]
 [  1.  17.  15.]]
cf_score, 64.0
nv_score, 4.0
ratio, 0.686868686869
[[ 26.   6.   2.]
 [  2.  21.   3.]
 [  8.  12.  20.]]
cf_score, 57.0
nv_score, 13.0
ratio, 0.676767676768
[[ 30.   2.   6.]
 [  2.  23.   7.]
 [  4.  14.  12.]]
cf_score, 55.0
nv_score, -7.0
ratio, 0.656565656566
[[ 25.   7.  10.]
 [  1.  13.   4.]
 [  3.  15.  22.]]
cf_score, 47.0
nv_score, -2.0
ratio, 0.606060606061
[[ 23.   6.   6.]
 [  4.  14.   8.]
 [  4.  19.  16.]]
cf_score, 43.0
nv_score, -4.0
ratio, 0.535353535354
[[ 15.   6.   6.]
 [  2.  22.   7.]
 [  7.  19.  16.]]
cf_score, 40.0
nv_score, -3.0
ratio, 0.535353535354
[[ 22.   2.   4.]
 [  2.  28.   5.]
 [  8.  15.  14.]]
cf_score, 52.0
nv_score, 1.0
ratio, 0.646464646465
[[ 24.   4.   3.]
 [  1.  25.   6.]
 [  3.  19.  15.]]
cf_score, 58.0
nv_score, 3.0
ratio, 0.646464646465
[[ 25.   2.   3.]
 [  5.  16.   7.]
 [ 10.  16.  16.]]
cf_score, 44.0
nv_score, 3.0
ratio, 0.575757575758
[[ 28.   6.   6.]
 [  0.  24.   5.]
 [  5.   9.  17.]]
cf_score, 58.0
nv_score, 0.0
ratio, 0.69696969697
[[ 24.   9.   9.]
 [  2.  21.   3.]
 [  9.  14.   9.]]
cf_score, 36.0
nv_score, -12.0
ratio, 0.545454545455
[[ 29.   2.   6.]
 [  2.  22.   5.]
 [  6.  14.  14.]]
cf_score, 53.0
nv_score, -3.0
ratio, 0.656565656566
[[ 18.   6.   6.]
 [  3.  28.   8.]
 [  7.  15.   9.]]
cf_score, 42.0
nv_score, -11.0
ratio, 0.555555555556
[[ 27.   8.   4.]
 [  4.  21.   4.]
 [  5.  12.  15.]]
cf_score, 54.0
nv_score, 3.0
ratio, 0.636363636364
[[ 23.   5.   6.]
 [  1.  23.   3.]
 [  4.  17.  18.]]
cf_score, 54.0
nv_score, 3.0
ratio, 0.646464646465
[[ 21.   6.   2.]
 [  2.  23.   7.]
 [  5.  22.  12.]]
cf_score, 49.0
nv_score, 1.0
ratio, 0.565656565657
[[ 35.   8.   2.]
 [  1.  20.   3.]
 [  2.  14.  15.]]
cf_score, 66.0
nv_score, 8.0
ratio, 0.707070707071
[[ 28.   2.   7.]
 [  3.  19.   5.]
 [  5.  13.  18.]]
cf_score, 53.0
nv_score, -1.0
ratio, 0.656565656566
[[ 21.   6.   5.]
 [  0.  24.   9.]
 [  4.  16.  15.]]
cf_score, 51.0
nv_score, -4.0
ratio, 0.606060606061
[[ 29.   6.   2.]
 [  0.  19.   4.]
 [  4.  22.  14.]]
cf_score, 56.0
nv_score, 6.0
ratio, 0.626262626263
[[ 23.   6.   6.]
 [  3.  23.   4.]
 [  6.  17.  12.]]
cf_score, 46.0
nv_score, -4.0
ratio, 0.585858585859
[[ 22.   5.   6.]
 [  1.  24.   8.]
 [  7.   7.  20.]]
cf_score, 53.0
nv_score, 0.0
ratio, 0.666666666667
[[ 22.   4.   8.]
 [  2.  19.   9.]
 [  6.  12.  18.]]
cf_score, 45.0
nv_score, -7.0
ratio, 0.59595959596
[[ 23.   1.   5.]
 [  4.  23.   6.]
 [  8.  14.  16.]]
cf_score, 49.0
nv_score, 0.0
ratio, 0.626262626263
[[ 17.  10.   4.]
 [  1.  19.   2.]
 [  5.  20.  22.]]
cf_score, 49.0
nv_score, 12.0
ratio, 0.585858585859
[[ 29.  11.   4.]
 [  3.  19.   7.]
 [  3.  12.  12.]]
cf_score, 53.0
nv_score, -3.0
ratio, 0.606060606061
[[ 21.   7.   7.]
 [  2.  24.   1.]
 [  5.  21.  12.]]
cf_score, 45.0
nv_score, -3.0
ratio, 0.575757575758
[[ 32.   4.   5.]
 [  1.  19.  13.]
 [  2.  14.  10.]]
cf_score, 54.0
nv_score, -13.0
ratio, 0.616161616162
[[ 19.   6.   5.]
 [  2.  31.   8.]
 [  0.  15.  14.]]
cf_score, 59.0
nv_score, -4.0
ratio, 0.646464646465
[[ 24.   5.   2.]
 [  4.  16.   6.]
 [  8.  13.  22.]]
cf_score, 52.0
nv_score, 12.0
ratio, 0.626262626263
[[ 21.  15.   1.]
 [  2.  21.   2.]
 [  5.  18.  15.]]
cf_score, 51.0
nv_score, 11.0
ratio, 0.575757575758
[[ 19.  10.   7.]
 [  6.  17.   5.]
 [  1.  20.  15.]]
cf_score, 43.0
nv_score, -4.0
ratio, 0.515151515152
[[ 33.   3.   5.]
 [  1.  17.  11.]
 [  5.  11.  14.]]
cf_score, 54.0
nv_score, -7.0
ratio, 0.646464646465
[[ 23.   2.   3.]
 [  5.  21.   5.]
 [  5.  18.  18.]]
cf_score, 54.0
nv_score, 7.0
ratio, 0.626262626263
[[ 19.  10.   7.]
 [  0.  23.   8.]
 [  5.  11.  17.]]
cf_score, 47.0
nv_score, -5.0
ratio, 0.59595959596
[[ 25.   4.   6.]
 [  0.  16.   5.]
 [  3.  22.  19.]]
cf_score, 51.0
nv_score, 2.0
ratio, 0.606060606061
[[ 22.   9.   4.]
 [  5.  27.   4.]
 [  4.  10.  15.]]
cf_score, 56.0
nv_score, 3.0
ratio, 0.646464646465
[[ 30.   8.   5.]
 [  2.  15.   5.]
 [  3.  15.  17.]]
cf_score, 54.0
nv_score, 2.0
ratio, 0.626262626263
[[ 24.   8.   7.]
 [  2.  18.   9.]
 [  3.  13.  16.]]
cf_score, 48.0
nv_score, -7.0
ratio, 0.585858585859
[[ 23.   3.   9.]
 [  1.  17.  11.]
 [  8.  15.  13.]]
cf_score, 36.0
nv_score, -16.0
ratio, 0.535353535354
[[ 32.   7.   5.]
 [  0.  21.   7.]
 [  4.  13.  11.]]
cf_score, 55.0
nv_score, -6.0
ratio, 0.646464646465
[[ 21.   9.   6.]
 [  5.  20.   8.]
 [  5.  16.  10.]]
cf_score, 40.0
nv_score, -10.0
ratio, 0.515151515152
[[ 27.   7.   3.]
 [  6.  18.   7.]
 [  2.  18.  12.]]
cf_score, 52.0
nv_score, -1.0
ratio, 0.575757575758
[[ 19.   5.   2.]
 [  3.  24.   8.]
 [  7.  16.  16.]]
cf_score, 50.0
nv_score, 4.0
ratio, 0.59595959596
[[ 34.   6.   7.]
 [  3.  13.   5.]
 [  7.  15.  10.]]
cf_score, 43.0
nv_score, -9.0
ratio, 0.575757575758
[[ 22.   6.   3.]
 [  2.  22.   3.]
 [  6.  15.  21.]]
cf_score, 56.0
nv_score, 12.0
ratio, 0.656565656566
[[ 25.  12.   7.]
 [  2.  14.   8.]
 [  3.  17.  12.]]
cf_score, 41.0
nv_score, -10.0
ratio, 0.515151515152
[[ 24.   6.   4.]
 [  0.  16.   9.]
 [  7.  13.  21.]]
cf_score, 50.0
nv_score, 4.0
ratio, 0.616161616162
[[ 25.   1.   6.]
 [  1.  22.  11.]
 [  4.  13.  17.]]
cf_score, 54.0
nv_score, -6.0
ratio, 0.646464646465
[[ 19.  13.   5.]
 [  2.  19.   6.]
 [ 10.  13.  13.]]
cf_score, 36.0
nv_score, -3.0
ratio, 0.515151515152
[[ 23.   7.   5.]
 [  1.  19.   3.]
 [  3.  21.  18.]]
cf_score, 52.0
nv_score, 5.0
ratio, 0.606060606061
[[ 28.   5.   8.]
 [  6.  16.   9.]
 [  3.   9.  16.]]
cf_score, 49.0
nv_score, -9.0
ratio, 0.606060606061
[[ 34.   6.   4.]
 [  0.  21.   1.]
 [  2.  22.  10.]]
cf_score, 59.0
nv_score, 1.0
ratio, 0.656565656566
[[ 25.   4.   6.]
 [  3.  18.   9.]
 [  6.  16.  13.]]
cf_score, 44.0
nv_score, -8.0
ratio, 0.565656565657
[[ 25.   9.   5.]
 [  0.  17.   8.]
 [  4.  16.  16.]]
cf_score, 49.0
nv_score, -2.0
ratio, 0.585858585859
[[ 25.   7.   5.]
 [  2.  13.  11.]
 [  7.  23.   7.]]
cf_score, 33.0
nv_score, -14.0
ratio, 0.454545454545
[[ 31.   7.   3.]
 [  5.  20.   8.]
 [  7.  11.   8.]]
cf_score, 49.0
nv_score, -6.0
ratio, 0.59595959596
[[ 23.   5.   5.]
 [  3.  20.   5.]
 [  5.  20.  14.]]
cf_score, 47.0
nv_score, -1.0
ratio, 0.575757575758
[[ 29.   9.   5.]
 [  2.  17.   4.]
 [  1.  20.  13.]]
cf_score, 53.0
nv_score, -1.0
ratio, 0.59595959596
[[ 18.   7.   4.]
 [  2.  25.   8.]
 [  5.  20.  11.]]
cf_score, 45.0
nv_score, -5.0
ratio, 0.545454545455
[[ 25.   8.   4.]
 [  2.  22.   7.]
 [  4.  22.   6.]]
cf_score, 45.0
nv_score, -9.0
ratio, 0.535353535354
[[ 24.   7.   4.]
 [  1.  15.   7.]
 [  6.  22.  14.]]
cf_score, 43.0
nv_score, -1.0
ratio, 0.535353535354
[[ 26.   6.   4.]
 [  3.  20.   4.]
 [  6.  18.  13.]]
cf_score, 49.0
nv_score, 1.0
ratio, 0.59595959596
[[ 23.   8.   5.]
 [  1.  28.   4.]
 [  6.  13.  12.]]
cf_score, 52.0
nv_score, -2.0
ratio, 0.636363636364
[[ 22.   5.   5.]
 [  4.  20.   8.]
 [  3.  17.  16.]]
cf_score, 50.0
nv_score, -2.0
ratio, 0.585858585859
[[ 25.   4.   7.]
 [  2.  20.   5.]
 [  4.  12.  21.]]
cf_score, 55.0
nv_score, 2.0
ratio, 0.666666666667
[[ 21.   8.   1.]
 [  3.  18.   6.]
 [  9.  17.  17.]]
cf_score, 46.0
nv_score, 9.0
ratio, 0.565656565657
[[ 22.   6.   3.]
 [  3.  26.  11.]
 [  5.   8.  16.]]
cf_score, 56.0
nv_score, -1.0
ratio, 0.646464646465
[[ 25.   3.   4.]
 [  3.  18.  11.]
 [  4.  14.  18.]]
cf_score, 53.0
nv_score, -1.0
ratio, 0.616161616162
[[ 22.   5.   4.]
 [  1.  26.   4.]
 [  3.  14.  21.]]
cf_score, 62.0
nv_score, 9.0
ratio, 0.69696969697
[[ 24.   7.   5.]
 [  1.  19.  10.]
 [  4.  16.  14.]]
cf_score, 48.0
nv_score, -6.0
ratio, 0.575757575758
[[ 23.   7.   5.]
 [  3.  22.   3.]
 [  6.  20.  11.]]
cf_score, 45.0
nv_score, -2.0
ratio, 0.565656565657
[[ 21.   9.   2.]
 [  3.  21.   4.]
 [  1.  19.  20.]]
cf_score, 59.0
nv_score, 12.0
ratio, 0.626262626263
[[ 33.   1.   3.]
 [  4.  20.   5.]
 [  6.  15.  13.]]
cf_score, 57.0
nv_score, 2.0
ratio, 0.666666666667
[[ 26.   5.   4.]
 [  3.  20.   6.]
 [  3.  18.  15.]]
cf_score, 54.0
nv_score, 1.0
ratio, 0.616161616162
[[ 25.   8.   4.]
 [  2.  23.   4.]
 [  4.  13.  17.]]
cf_score, 57.0
nv_score, 5.0
ratio, 0.656565656566
[[ 25.   8.   9.]
 [  5.  23.   5.]
 [  5.   9.  11.]]
cf_score, 45.0
nv_score, -12.0
ratio, 0.59595959596
[[ 21.   6.   9.]
 [  2.  19.   4.]
 [  3.  19.  17.]]
cf_score, 45.0
nv_score, -5.0
ratio, 0.575757575758
[[ 27.   7.   6.]
 [  3.  21.   3.]
 [ 10.  15.   8.]]
cf_score, 40.0
nv_score, -7.0
ratio, 0.565656565657
[[ 28.  10.   3.]
 [  1.  17.  10.]
 [  4.  10.  17.]]
cf_score, 55.0
nv_score, 1.0
ratio, 0.626262626263
[[ 31.   6.   4.]
 [  0.  26.   2.]
 [  3.  14.  14.]]
cf_score, 64.0
nv_score, 4.0
ratio, 0.717171717172
[[ 17.   5.   6.]
 [  1.  22.   7.]
 [  7.  22.  13.]]
cf_score, 39.0
nv_score, -6.0
ratio, 0.525252525253
[[ 25.   5.   2.]
 [  1.  25.   0.]
 [  7.  19.  16.]]
cf_score, 57.0
nv_score, 12.0
ratio, 0.666666666667
[[ 28.   5.   5.]
 [  0.  18.  10.]
 [  4.  15.  15.]]
cf_score, 52.0
nv_score, -5.0
ratio, 0.616161616162
[[ 25.   3.   6.]
 [  2.  18.   8.]
 [  4.  18.  16.]]
cf_score, 49.0
nv_score, -4.0
ratio, 0.59595959596
[[ 36.   5.   4.]
 [  3.  19.   4.]
 [  4.  17.   8.]]
cf_score, 55.0
nv_score, -4.0
ratio, 0.636363636364
[[ 27.   7.   5.]
 [  1.  17.   7.]
 [  4.  14.  18.]]
cf_score, 53.0
nv_score, 1.0
ratio, 0.626262626263
[[ 28.   6.   6.]
 [  3.  17.   8.]
 [  5.  19.   8.]]
cf_score, 42.0
nv_score, -12.0
ratio, 0.535353535354
[[ 24.   5.   5.]
 [  2.  24.  10.]
 [  4.  12.  14.]]
cf_score, 53.0
nv_score, -6.0
ratio, 0.626262626263
[[ 19.   6.   4.]
 [  2.  23.   5.]
 [  2.  19.  20.]]
cf_score, 56.0
nv_score, 7.0
ratio, 0.626262626263
[[ 20.   8.   8.]
 [  2.  18.   8.]
 [  6.  15.  15.]]
cf_score, 39.0
nv_score, -9.0
ratio, 0.535353535354
[[ 18.   3.   7.]
 [  1.  25.   4.]
 [  6.  21.  15.]]
cf_score, 45.0
nv_score, -3.0
ratio, 0.585858585859
[[ 25.   9.   6.]
 [  2.  16.   9.]
 [  3.  13.  17.]]
cf_score, 49.0
nv_score, -4.0
ratio, 0.585858585859
[[ 20.   3.   3.]
 [  5.  26.   7.]
 [  9.  14.  13.]]
cf_score, 47.0
nv_score, 0.0
ratio, 0.59595959596
[[ 27.   6.   7.]
 [  4.  21.   8.]
 [  6.  10.  11.]]
cf_score, 46.0
nv_score, -11.0
ratio, 0.59595959596
[[ 28.   6.   4.]
 [  3.  18.   7.]
 [  6.  14.  14.]]
cf_score, 50.0
nv_score, -1.0
ratio, 0.606060606061
[[ 22.  11.   6.]
 [  1.  19.   5.]
 [  6.  17.  13.]]
cf_score, 42.0
nv_score, -4.0
ratio, 0.545454545455
[[ 30.   6.   2.]
 [  1.  21.   6.]
 [  5.  14.  15.]]
cf_score, 59.0
nv_score, 5.0
ratio, 0.666666666667
[[ 28.   5.   3.]
 [  5.  22.   7.]
 [  8.  11.  11.]]
cf_score, 50.0
nv_score, -2.0
ratio, 0.616161616162
[[ 29.   6.   4.]
 [  2.  16.   5.]
 [  9.  16.  13.]]
cf_score, 45.0
nv_score, 0.0
ratio, 0.585858585859
[[ 23.   8.   9.]
 [  4.  15.   9.]
 [  7.  10.  15.]]
cf_score, 37.0
nv_score, -12.0
ratio, 0.535353535354
[[ 30.  11.   3.]
 [  2.  16.   4.]
 [  7.  16.  11.]]
cf_score, 47.0
nv_score, 1.0
ratio, 0.575757575758
[[ 27.   4.   5.]
 [  2.  19.   6.]
 [  2.  18.  17.]]
cf_score, 56.0
nv_score, 1.0
ratio, 0.636363636364
[[ 19.   9.   2.]
 [  1.  19.   7.]
 [ 13.  18.  12.]]
cf_score, 35.0
nv_score, 1.0
ratio, 0.505050505051
[[ 23.   4.   6.]
 [  2.  24.   8.]
 [  8.  12.  13.]]
cf_score, 46.0
nv_score, -7.0
ratio, 0.606060606061
[[ 23.   8.   4.]
 [  2.  22.   5.]
 [  7.  17.  12.]]
cf_score, 46.0
nv_score, -1.0
ratio, 0.575757575758
[[ 16.   7.   6.]
 [  1.  25.   4.]
 [  7.  18.  16.]]
cf_score, 44.0
nv_score, 0.0
ratio, 0.575757575758
[[ 22.   6.   4.]
 [  1.  18.   9.]
 [  5.  17.  18.]]
cf_score, 49.0
nv_score, 1.0
ratio, 0.585858585859
[[ 24.   9.   5.]
 [  1.  18.   7.]
 [  4.  14.  18.]]
cf_score, 51.0
nv_score, 1.0
ratio, 0.606060606061
[[ 25.   6.   5.]
 [  2.  16.   6.]
 [  3.  15.  22.]]
cf_score, 55.0
nv_score, 6.0
ratio, 0.636363636364
[[ 27.   6.   4.]
 [  2.  23.   8.]
 [  2.  13.  15.]]
cf_score, 59.0
nv_score, -1.0
ratio, 0.656565656566
[[ 26.   6.   1.]
 [  1.  18.   8.]
 [  5.  21.  14.]]
cf_score, 52.0
nv_score, 4.0
ratio, 0.585858585859
[[ 19.   8.   5.]
 [  4.  18.   5.]
 [  7.  18.  16.]]
cf_score, 41.0
nv_score, 1.0
ratio, 0.535353535354
[[ 32.   7.   1.]
 [  3.  23.   2.]
 [  3.  17.  12.]]
cf_score, 63.0
nv_score, 8.0
ratio, 0.676767676768
[[ 32.   6.   9.]
 [  2.  21.   7.]
 [  2.   9.  12.]]
cf_score, 54.0
nv_score, -13.0
ratio, 0.656565656566
[[ 27.   4.   7.]
 [  5.  16.   5.]
 [  5.  14.  17.]]
cf_score, 48.0
nv_score, -2.0
ratio, 0.606060606061
[[ 29.   3.   3.]
 [  6.  27.   6.]
 [  0.  14.  12.]]
cf_score, 65.0
nv_score, 0.0
ratio, 0.686868686869
[[ 19.   4.   5.]
 [  3.  17.  10.]
 [  5.  18.  19.]]
cf_score, 45.0
nv_score, -1.0
ratio, 0.555555555556
[[ 27.   8.   7.]
 [  1.  24.   5.]
 [  5.  13.  10.]]
cf_score, 49.0
nv_score, -9.0
ratio, 0.616161616162
[[ 24.   6.   3.]
 [  2.  28.   8.]
 [  5.  14.  10.]]
cf_score, 54.0
nv_score, -4.0
ratio, 0.626262626263
[[ 26.   7.   4.]
 [  2.  22.   5.]
 [  5.  14.  15.]]
cf_score, 54.0
nv_score, 2.0
ratio, 0.636363636364
[[ 34.   6.   2.]
 [  3.  19.   4.]
 [  4.  18.  10.]]
cf_score, 57.0
nv_score, 2.0
ratio, 0.636363636364
[[ 24.   4.   6.]
 [  2.  26.   3.]
 [  5.  14.  16.]]
cf_score, 55.0
nv_score, 1.0
ratio, 0.666666666667
[[ 29.   6.   3.]
 [  3.  19.   6.]
 [  6.  16.  12.]]
cf_score, 51.0
nv_score, 0.0
ratio, 0.606060606061
[[ 26.   5.   7.]
 [  2.  24.   4.]
 [  5.   8.  19.]]
cf_score, 57.0
nv_score, 1.0
ratio, 0.69696969697
[[ 23.   6.   5.]
 [  1.  27.   6.]
 [  3.  12.  17.]]
cf_score, 59.0
nv_score, 1.0
ratio, 0.676767676768
[[ 29.   3.   5.]
 [  0.  23.   6.]
 [  3.  11.  20.]]
cf_score, 64.0
nv_score, 4.0
ratio, 0.727272727273
[[ 24.   6.   4.]
 [  4.  23.   9.]
 [  5.  14.  11.]]
cf_score, 49.0
nv_score, -6.0
ratio, 0.585858585859
[[ 28.   7.   3.]
 [  1.  20.   4.]
 [  4.  17.  16.]]
cf_score, 57.0
nv_score, 6.0
ratio, 0.646464646465
[[ 23.   6.   4.]
 [  4.  25.   4.]
 [  4.  16.  14.]]
cf_score, 54.0
nv_score, 2.0
ratio, 0.626262626263
[[ 22.   4.   7.]
 [  2.  19.   4.]
 [  8.  18.  16.]]
cf_score, 42.0
nv_score, -2.0
ratio, 0.575757575758
[[ 23.   5.   2.]
 [  4.  24.   6.]
 [  7.  13.  16.]]
cf_score, 54.0
nv_score, 6.0
ratio, 0.636363636364
[[ 20.   7.   5.]
 [  4.  19.   2.]
 [  6.  25.  12.]]
cf_score, 40.0
nv_score, 0.0
ratio, 0.515151515152
[[ 19.  12.   4.]
 [  5.  21.   3.]
 [  5.  19.  12.]]
cf_score, 43.0
nv_score, 1.0
ratio, 0.525252525253
[[ 22.   2.   4.]
 [  1.  30.   3.]
 [  5.  13.  20.]]
cf_score, 63.0
nv_score, 9.0
ratio, 0.727272727273
[[ 23.   8.   4.]
 [  0.  28.   2.]
 [  2.  19.  14.]]
cf_score, 59.0
nv_score, 4.0
ratio, 0.656565656566
[[ 33.   6.   4.]
 [  3.  26.   3.]
 [  3.  12.  10.]]
cf_score, 62.0
nv_score, -1.0
ratio, 0.69696969697
[[ 28.   5.   5.]
 [  1.  20.   9.]
 [  4.  15.  13.]]
cf_score, 52.0
nv_score, -6.0
ratio, 0.616161616162
[[ 23.  10.   5.]
 [  4.  24.   4.]
 [  3.  18.   9.]]
cf_score, 48.0
nv_score, -5.0
ratio, 0.565656565657
[[ 32.   4.   4.]
 [  0.  20.   6.]
 [  4.  15.  15.]]
cf_score, 59.0
nv_score, 1.0
ratio, 0.676767676768
[[ 22.   3.   4.]
 [  5.  26.   5.]
 [  4.  17.  14.]]
cf_score, 54.0
nv_score, 1.0
ratio, 0.626262626263
[[ 26.   5.   3.]
 [  1.  23.   6.]
 [  5.  22.   9.]]
cf_score, 50.0
nv_score, -3.0
ratio, 0.585858585859
[[ 31.   4.   2.]
 [  0.  22.   8.]
 [  5.  19.   9.]]
cf_score, 55.0
nv_score, -3.0
ratio, 0.626262626263
[[ 23.   3.   4.]
 [  3.  19.   4.]
 [  8.  18.  18.]]
cf_score, 48.0
nv_score, 6.0
ratio, 0.606060606061
[[ 27.   3.   5.]
 [  4.  19.   6.]
 [  6.  14.  16.]]
cf_score, 51.0
nv_score, 0.0
ratio, 0.626262626263
[[ 24.   7.   5.]
 [  0.  24.  12.]
 [  3.   7.  18.]]
cf_score, 58.0
nv_score, -4.0
ratio, 0.666666666667
[[ 22.   6.   5.]
 [  0.  20.   9.]
 [  6.  17.  15.]]
cf_score, 46.0
nv_score, -4.0
ratio, 0.575757575758
[[ 29.   9.   4.]
 [  0.  12.   4.]
 [  6.  22.  14.]]
cf_score, 45.0
nv_score, 2.0
ratio, 0.555555555556
[[ 15.   4.   8.]
 [  3.  19.   4.]
 [  7.  19.  21.]]
cf_score, 40.0
nv_score, 1.0
ratio, 0.555555555556
[[ 21.   5.  10.]
 [  4.  15.  11.]
 [  5.  16.  13.]]
cf_score, 34.0
nv_score, -18.0
ratio, 0.494949494949
[[ 32.   4.   5.]
 [  1.  24.   3.]
 [  6.   9.  16.]]
cf_score, 61.0
nv_score, 3.0
ratio, 0.727272727273
[[ 24.   9.   4.]
 [  3.  22.   2.]
 [  1.  19.  16.]]
cf_score, 57.0
nv_score, 6.0
ratio, 0.626262626263
[[ 24.   5.   3.]
 [  2.  22.   7.]
 [  5.  18.  14.]]
cf_score, 52.0
nv_score, 1.0
ratio, 0.606060606061
[[ 33.   3.   4.]
 [  2.  15.   3.]
 [  6.  22.  12.]]
cf_score, 50.0
nv_score, 1.0
ratio, 0.606060606061
[[ 26.   7.   8.]
 [  2.   7.   8.]
 [  4.  20.  18.]]
cf_score, 39.0
nv_score, -6.0
ratio, 0.515151515152
[[ 24.   3.   4.]
 [  2.  19.  14.]
 [  5.  17.  12.]]
cf_score, 46.0
nv_score, -10.0
ratio, 0.555555555556
[[ 20.   9.   5.]
 [  1.  22.   8.]
 [  6.  18.  11.]]
cf_score, 42.0
nv_score, -7.0
ratio, 0.535353535354
[[ 24.   3.   5.]
 [  1.  26.   7.]
 [  1.  15.  18.]]
cf_score, 62.0
nv_score, 1.0
ratio, 0.686868686869
[[ 29.   8.   4.]
 [  1.  26.   3.]
 [  3.   9.  17.]]
cf_score, 65.0
nv_score, 6.0
ratio, 0.727272727273
[[ 31.   6.   6.]
 [  3.  15.   5.]
 [  7.  16.  11.]]
cf_score, 44.0
nv_score, -6.0
ratio, 0.575757575758
[[ 21.   5.   4.]
 [  4.  24.   6.]
 [  8.  20.   8.]]
cf_score, 41.0
nv_score, -6.0
ratio, 0.535353535354
[[ 23.  10.   5.]
 [  0.  21.   3.]
 [  7.  18.  13.]]
cf_score, 45.0
nv_score, 0.0
ratio, 0.575757575758
[[ 27.   8.   5.]
 [  2.  23.   2.]
 [  3.   9.  21.]]
cf_score, 63.0
nv_score, 9.0
ratio, 0.717171717172
[[ 27.  11.   4.]
 [  1.  19.   5.]
 [  7.  14.  12.]]
cf_score, 47.0
nv_score, -1.0
ratio, 0.585858585859
[[ 25.  13.   8.]
 [  5.  14.   8.]
 [  4.  10.  13.]]
cf_score, 40.0
nv_score, -11.0
ratio, 0.525252525253
[[ 21.   7.   5.]
 [  4.  16.  13.]
 [  3.  10.  21.]]
cf_score, 50.0
nv_score, -2.0
ratio, 0.585858585859
[[ 28.   3.   7.]
 [  2.  17.   1.]
 [  2.  22.  18.]]
cf_score, 54.0
nv_score, 3.0
ratio, 0.636363636364
[[ 31.   5.   6.]
 [  3.  20.   4.]
 [  5.  20.   6.]]
cf_score, 46.0
nv_score, -10.0
ratio, 0.575757575758
[[ 34.  11.   5.]
 [  1.  17.  10.]
 [  2.   7.  13.]]
cf_score, 57.0
nv_score, -7.0
ratio, 0.646464646465
[[ 22.   6.   6.]
 [  0.  16.  13.]
 [  4.  15.  18.]]
cf_score, 46.0
nv_score, -7.0
ratio, 0.565656565657
[[ 25.  10.   3.]
 [  0.  21.   8.]
 [  3.  17.  13.]]
cf_score, 53.0
nv_score, -1.0
ratio, 0.59595959596
[[ 22.   2.   5.]
 [  4.  23.   6.]
 [  3.  14.  21.]]
cf_score, 58.0
nv_score, 5.0
ratio, 0.666666666667
[[ 31.   8.   2.]
 [  4.  27.   3.]
 [  1.  13.  11.]]
cf_score, 66.0
nv_score, 4.0
ratio, 0.69696969697
[[ 34.   7.   5.]
 [  2.  21.   6.]
 [  3.   9.  13.]]
cf_score, 60.0
nv_score, -3.0
ratio, 0.686868686869
[[ 23.   4.   7.]
 [  3.  31.   2.]
 [  1.  12.  17.]]
cf_score, 63.0
nv_score, 1.0
ratio, 0.717171717172
[[ 24.   2.   7.]
 [  3.  25.   6.]
 [  3.  16.  14.]]
cf_score, 53.0
nv_score, -6.0
ratio, 0.636363636364
[[ 28.   5.   3.]
 [  2.  19.   4.]
 [  8.  16.  15.]]
cf_score, 51.0
nv_score, 5.0
ratio, 0.626262626263
[[ 29.  10.   6.]
 [  1.  20.   1.]
 [  3.  19.  11.]]
cf_score, 51.0
nv_score, -2.0
ratio, 0.606060606061
[[ 24.   6.   4.]
 [  3.  20.   6.]
 [  6.  14.  17.]]
cf_score, 51.0
nv_score, 3.0
ratio, 0.616161616162
[[ 21.   6.   3.]
 [  1.  16.   7.]
 [  4.  27.  15.]]
cf_score, 45.0
nv_score, 2.0
ratio, 0.525252525253
[[ 32.   3.   5.]
 [  5.  23.   2.]
 [  4.  12.  14.]]
cf_score, 60.0
nv_score, 2.0
ratio, 0.69696969697
[[ 29.   4.   2.]
 [  0.  19.   3.]
 [  8.  17.  18.]]
cf_score, 56.0
nv_score, 11.0
ratio, 0.666666666667
[[ 22.   7.   2.]
 [  3.  20.   8.]
 [  3.  20.  15.]]
cf_score, 52.0
nv_score, 3.0
ratio, 0.575757575758
[[ 23.   8.   4.]
 [  0.  22.   2.]
 [  3.  22.  16.]]
cf_score, 54.0
nv_score, 6.0
ratio, 0.616161616162
[[ 31.   8.   5.]
 [  2.  15.   7.]
 [  4.  11.  17.]]
cf_score, 54.0
nv_score, 0.0
ratio, 0.636363636364
[[ 23.   8.   2.]
 [  3.  20.   5.]
 [  6.  17.  16.]]
cf_score, 51.0
nv_score, 7.0
ratio, 0.59595959596
[[ 32.   9.   6.]
 [  2.  22.   3.]
 [  5.   6.  15.]]
cf_score, 58.0
nv_score, 0.0
ratio, 0.69696969697
[[ 29.   9.   2.]
 [  2.  25.   2.]
 [  3.  12.  16.]]
cf_score, 65.0
nv_score, 10.0
ratio, 0.707070707071
[[ 23.   8.   5.]
 [  2.  24.   6.]
 [  5.  17.  10.]]
cf_score, 47.0
nv_score, -6.0
ratio, 0.575757575758
[[ 26.   2.   8.]
 [  0.  18.   4.]
 [  6.  22.  14.]]
cf_score, 44.0
nv_score, -6.0
ratio, 0.585858585859
[[ 20.   5.   4.]
 [  4.  24.   7.]
 [  7.  15.  14.]]
cf_score, 47.0
nv_score, -1.0
ratio, 0.585858585859
[[ 19.   9.   3.]
 [  4.  20.   8.]
 [  0.  19.  18.]]
cf_score, 54.0
nv_score, 4.0
ratio, 0.575757575758
[[ 33.   5.   1.]
 [  2.  17.   4.]
 [  5.  20.  13.]]
cf_score, 57.0
nv_score, 7.0
ratio, 0.636363636364
[[ 26.   8.   3.]
 [  1.  29.   4.]
 [  2.  15.  12.]]
cf_score, 62.0
nv_score, 2.0
ratio, 0.676767676768
[[ 28.   5.   4.]
 [  1.  29.   4.]
 [  5.  12.  12.]]
cf_score, 60.0
nv_score, 0.0
ratio, 0.69696969697
[[ 31.   3.   1.]
 [  4.  21.   7.]
 [  3.  20.  10.]]
cf_score, 58.0
nv_score, 1.0
ratio, 0.626262626263
[[ 25.   6.  10.]
 [  4.  19.   5.]
 [  4.  15.  12.]]
cf_score, 42.0
nv_score, -13.0
ratio, 0.565656565657
[[ 20.   9.   4.]
 [  3.  25.   5.]
 [  5.  20.   9.]]
cf_score, 45.0
nv_score, -4.0
ratio, 0.545454545455
[[ 24.   7.   4.]
 [  3.  24.   6.]
 [  4.  19.   9.]]
cf_score, 49.0
nv_score, -5.0
ratio, 0.575757575758
[[ 21.   5.   3.]
 [  6.  24.   3.]
 [  5.   9.  24.]]
cf_score, 61.0
nv_score, 15.0
ratio, 0.69696969697
[[ 27.   2.   5.]
 [  3.  23.   8.]
 [  5.  19.   8.]]
cf_score, 48.0
nv_score, -10.0
ratio, 0.585858585859
[[ 25.   8.   5.]
 [  3.  20.   5.]
 [  7.  11.  16.]]
cf_score, 49.0
nv_score, 1.0
ratio, 0.616161616162
[[ 25.   4.   8.]
 [  2.  20.   6.]
 [  3.  15.  17.]]
cf_score, 51.0
nv_score, -5.0
ratio, 0.626262626263
[[ 25.   6.   5.]
 [  1.  23.  11.]
 [  4.  13.  12.]]
cf_score, 51.0
nv_score, -9.0
ratio, 0.606060606061
[[ 25.   6.   5.]
 [  3.  22.   7.]
 [ 10.  10.  12.]]
cf_score, 44.0
nv_score, -5.0
ratio, 0.59595959596
[[ 25.   5.   4.]
 [  1.  19.   7.]
 [  6.  15.  18.]]
cf_score, 52.0
nv_score, 3.0
ratio, 0.626262626263
[[ 23.   8.   1.]
 [  1.  25.   6.]
 [  7.  21.   8.]]
cf_score, 48.0
nv_score, 0.0
ratio, 0.565656565657
[[ 32.   3.   4.]
 [  2.  21.   5.]
 [  1.  20.  12.]]
cf_score, 60.0
nv_score, -1.0
ratio, 0.656565656566
[[ 25.   7.   4.]
 [  0.  21.   4.]
 [  8.  15.  16.]]
cf_score, 50.0
nv_score, 4.0
ratio, 0.626262626263
[[ 28.   3.   8.]
 [  2.  16.   5.]
 [  3.  16.  19.]]
cf_score, 52.0
nv_score, -2.0
ratio, 0.636363636364
[[ 25.   7.   0.]
 [  4.  22.   5.]
 [  2.  18.  17.]]
cf_score, 62.0
nv_score, 12.0
ratio, 0.646464646465
[[ 28.   4.   6.]
 [  1.  24.   2.]
 [  3.  15.  17.]]
cf_score, 60.0
nv_score, 3.0
ratio, 0.69696969697
[[ 21.  10.   6.]
 [  4.  22.   6.]
 [  6.  15.  10.]]
cf_score, 41.0
nv_score, -8.0
ratio, 0.535353535354
[[ 20.   9.   4.]
 [  0.  17.   6.]
 [  5.  17.  22.]]
cf_score, 50.0
nv_score, 8.0
ratio, 0.59595959596
[[ 30.   5.   4.]
 [  2.  17.   5.]
 [  2.  11.  24.]]
cf_score, 65.0
nv_score, 11.0
ratio, 0.717171717172
[[ 31.   8.   3.]
 [  3.  19.   5.]
 [  1.  13.  17.]]
cf_score, 63.0
nv_score, 6.0
ratio, 0.676767676768
[[ 32.   6.   2.]
 [  2.  23.   3.]
 [  6.  18.   8.]]
cf_score, 55.0
nv_score, 1.0
ratio, 0.636363636364
[[ 18.  10.   4.]
 [  4.  18.  10.]
 [  6.  15.  15.]]
cf_score, 41.0
nv_score, -3.0
ratio, 0.515151515152
[[ 30.   3.   6.]
 [  1.  24.   6.]
 [  3.  13.  14.]]
cf_score, 59.0
nv_score, -4.0
ratio, 0.686868686869
[[ 24.   6.   6.]
 [  3.  20.   6.]
 [  9.  14.  12.]]
cf_score, 41.0
nv_score, -6.0
ratio, 0.565656565657
[[ 24.   1.   3.]
 [  3.  24.   6.]
 [  7.  21.  11.]]
cf_score, 49.0
nv_score, -1.0
ratio, 0.59595959596
[[ 17.   3.   6.]
 [  2.  17.  10.]
 [  5.  17.  23.]]
cf_score, 46.0
nv_score, 1.0
ratio, 0.575757575758
[[ 22.   3.   6.]
 [  1.  25.   7.]
 [  4.  16.  16.]]
cf_score, 53.0
nv_score, -3.0
ratio, 0.636363636364
[[ 26.   6.   2.]
 [  1.  23.   6.]
 [  3.  19.  14.]]
cf_score, 58.0
nv_score, 4.0
ratio, 0.636363636364
[[ 25.   7.   5.]
 [  3.  30.   3.]
 [  2.  10.  15.]]
cf_score, 63.0
nv_score, 2.0
ratio, 0.707070707071
[[ 30.   7.   5.]
 [  3.  17.   6.]
 [  5.   9.  18.]]
cf_score, 55.0
nv_score, 2.0
ratio, 0.656565656566
[[ 23.   7.   8.]
 [  5.  23.   9.]
 [  3.   3.  19.]]
cf_score, 54.0
nv_score, -6.0
ratio, 0.656565656566
[[ 20.   7.   4.]
 [  1.  30.  10.]
 [  2.  11.  15.]]
cf_score, 59.0
nv_score, -3.0
ratio, 0.656565656566
[[ 23.   6.   3.]
 [  1.  18.  10.]
 [  4.  17.  18.]]
cf_score, 52.0
nv_score, 2.0
ratio, 0.59595959596
[[ 25.   6.   3.]
 [  2.  23.   9.]
 [  7.  17.   8.]]
cf_score, 46.0
nv_score, -7.0
ratio, 0.565656565657
[[ 23.   9.   2.]
 [  3.  19.  12.]
 [  2.  11.  19.]]
cf_score, 57.0
nv_score, 3.0
ratio, 0.616161616162
[[ 36.   5.   5.]
 [  0.  21.   5.]
 [  7.  11.  10.]]
cf_score, 55.0
nv_score, -5.0
ratio, 0.676767676768
[[ 24.   6.   4.]
 [  1.  20.  10.]
 [  3.  10.  22.]]
cf_score, 59.0
nv_score, 4.0
ratio, 0.666666666667
[[ 18.   3.   4.]
 [  3.  25.   7.]
 [  4.  25.  11.]]
cf_score, 46.0
nv_score, -4.0
ratio, 0.545454545455
[[ 22.   5.   6.]
 [  2.  24.   4.]
 [ 10.  13.  14.]]
cf_score, 44.0
nv_score, -2.0
ratio, 0.606060606061
[[ 24.   7.   1.]
 [  1.  24.  10.]
 [  6.  12.  15.]]
cf_score, 56.0
nv_score, 3.0
ratio, 0.636363636364
[[ 25.   5.  10.]
 [  2.  28.   5.]
 [  5.  11.   9.]]
cf_score, 47.0
nv_score, -16.0
ratio, 0.626262626263
[[ 22.   7.   5.]
 [  1.  24.   6.]
 [  0.  18.  17.]]
cf_score, 58.0
nv_score, 1.0
ratio, 0.636363636364
[[ 19.   6.   4.]
 [  1.  20.   7.]
 [  8.  19.  16.]]
cf_score, 43.0
nv_score, 1.0
ratio, 0.555555555556
[[ 32.   7.   1.]
 [  3.  20.   7.]
 [  4.  17.   9.]]
cf_score, 56.0
nv_score, 0.0
ratio, 0.616161616162
[[ 17.   8.   3.]
 [  2.  25.   3.]
 [  2.  26.  14.]]
cf_score, 51.0
nv_score, 5.0
ratio, 0.565656565657
[[ 25.   5.   2.]
 [  1.  20.   9.]
 [  4.  18.  16.]]
cf_score, 55.0
nv_score, 3.0
ratio, 0.616161616162
[[ 26.   9.   6.]
 [  2.  18.   6.]
 [  4.  22.   7.]]
cf_score, 41.0
nv_score, -11.0
ratio, 0.515151515152
[[ 36.   5.   2.]
 [  4.  14.   8.]
 [  5.  16.  10.]]
cf_score, 53.0
nv_score, -2.0
ratio, 0.606060606061
[[ 31.   3.   3.]
 [  2.  24.   5.]
 [  1.  16.  15.]]
cf_score, 66.0
nv_score, 4.0
ratio, 0.707070707071
[[ 27.   6.   6.]
 [  1.  17.   5.]
 [  7.  14.  17.]]
cf_score, 48.0
nv_score, 0.0
ratio, 0.616161616162
[[ 31.   9.   6.]
 [  1.  17.   3.]
 [  6.  20.   7.]]
cf_score, 43.0
nv_score, -8.0
ratio, 0.555555555556
[[ 27.   4.   5.]
 [  3.  16.   6.]
 [  3.  16.  20.]]
cf_score, 55.0
nv_score, 4.0
ratio, 0.636363636364
[[ 20.   6.   4.]
 [  1.  19.   9.]
 [ 10.  18.  13.]]
cf_score, 38.0
nv_score, -4.0
ratio, 0.525252525253
[[ 24.   7.  10.]
 [  2.  19.   8.]
 [  6.   9.  15.]]
cf_score, 42.0
nv_score, -13.0
ratio, 0.585858585859
[[ 17.   6.   5.]
 [  0.  28.   6.]
 [  2.  16.  20.]]
cf_score, 58.0
nv_score, 4.0
ratio, 0.656565656566
[[ 22.   6.   6.]
 [  5.  20.   5.]
 [  3.  13.  20.]]
cf_score, 53.0
nv_score, 3.0
ratio, 0.626262626263
[[ 31.   6.   2.]
 [  2.  24.   7.]
 [  2.  13.  13.]]
cf_score, 64.0
nv_score, 2.0
ratio, 0.686868686869
[[ 31.   6.   7.]
 [  2.  16.   4.]
 [  4.  19.  11.]]
cf_score, 47.0
nv_score, -7.0
ratio, 0.585858585859
[[ 30.   5.   4.]
 [  1.  27.   5.]
 [  5.  12.  11.]]
cf_score, 59.0
nv_score, -2.0
ratio, 0.686868686869
[[ 19.   8.   6.]
 [  2.  24.   6.]
 [  7.  19.   9.]]
cf_score, 39.0
nv_score, -9.0
ratio, 0.525252525253
[[ 24.   8.  10.]
 [  4.  21.   8.]
 [  5.   7.  13.]]
cf_score, 43.0
nv_score, -15.0
ratio, 0.585858585859
[[ 23.   4.   2.]
 [  5.  20.   9.]
 [  4.  14.  19.]]
cf_score, 56.0
nv_score, 6.0
ratio, 0.626262626263
[[ 27.   3.   6.]
 [  2.  18.  12.]
 [  3.  16.  13.]]
cf_score, 49.0
nv_score, -11.0
ratio, 0.585858585859
[[ 28.   8.   3.]
 [  0.  19.   7.]
 [  1.  20.  14.]]
cf_score, 57.0
nv_score, 1.0
ratio, 0.616161616162
[[ 30.   3.   5.]
 [  1.  15.  12.]
 [  5.  15.  14.]]
cf_score, 49.0
nv_score, -8.0
ratio, 0.59595959596
[[ 20.   3.   7.]
 [  2.  20.   7.]
 [  9.  20.  12.]]
cf_score, 36.0
nv_score, -9.0
ratio, 0.525252525253
[[ 25.   6.   3.]
 [  2.  24.   4.]
 [  3.  17.  16.]]
cf_score, 59.0
nv_score, 6.0
ratio, 0.656565656566
[[ 26.   6.   7.]
 [  2.  22.   6.]
 [  1.  16.  14.]]
cf_score, 54.0
nv_score, -6.0
ratio, 0.626262626263
[[ 29.   6.   4.]
 [  0.  18.   6.]
 [  4.  18.  15.]]
cf_score, 54.0
nv_score, 1.0
ratio, 0.626262626263
[[ 22.   7.   4.]
 [  5.  21.   7.]
 [  2.  12.  20.]]
cf_score, 57.0
nv_score, 5.0
ratio, 0.636363636364
[[ 26.  10.   5.]
 [  5.  22.   7.]
 [  5.  12.   8.]]
cf_score, 46.0
nv_score, -9.0
ratio, 0.565656565657
[[ 22.   4.   4.]
 [  3.  25.   6.]
 [  6.  14.  16.]]
cf_score, 53.0
nv_score, 2.0
ratio, 0.636363636364
[[ 19.   3.   7.]
 [  4.  22.  10.]
 [  7.  12.  16.]]
cf_score, 43.0
nv_score, -8.0
ratio, 0.575757575758
[[ 29.   3.   5.]
 [  2.  15.   8.]
 [  4.  12.  22.]]
cf_score, 57.0
nv_score, 4.0
ratio, 0.666666666667
[[ 28.   3.   5.]
 [  3.  22.   7.]
 [  2.  18.  12.]]
cf_score, 55.0
nv_score, -5.0
ratio, 0.626262626263
[[ 20.   6.   6.]
 [  2.  15.   9.]
 [  7.  21.  14.]]
cf_score, 36.0
nv_score, -7.0
ratio, 0.494949494949
[[ 26.   7.   6.]
 [  3.  21.   6.]
 [  4.  14.  13.]]
cf_score, 50.0
nv_score, -5.0
ratio, 0.606060606061
[[ 19.   5.   8.]
 [  6.  23.   8.]
 [  4.  12.  15.]]
cf_score, 45.0
nv_score, -9.0
ratio, 0.575757575758
[[ 17.  10.   4.]
 [  2.  17.   6.]
 [  7.  20.  17.]]
cf_score, 40.0
nv_score, 3.0
ratio, 0.515151515152
[[ 21.   7.   7.]
 [  3.  16.   5.]
 [  6.  21.  14.]]
cf_score, 38.0
nv_score, -5.0
ratio, 0.515151515152
[[ 25.   8.   5.]
 [  2.  20.   6.]
 [  4.  19.  11.]]
cf_score, 47.0
nv_score, -5.0
ratio, 0.565656565657
[[ 25.   4.  11.]
 [  5.  16.   6.]
 [  3.  18.  12.]]
cf_score, 39.0
nv_score, -16.0
ratio, 0.535353535354
[[ 28.   8.   3.]
 [  1.  22.   5.]
 [  5.  10.  18.]]
cf_score, 60.0
nv_score, 7.0
ratio, 0.686868686869
[[ 22.   4.   5.]
 [  1.  19.   5.]
 [  7.  19.  18.]]
cf_score, 47.0
nv_score, 3.0
ratio, 0.59595959596
[[ 26.   5.   2.]
 [  1.  21.  10.]
 [  3.  15.  17.]]
cf_score, 59.0
nv_score, 3.0
ratio, 0.646464646465
[[ 26.   8.   4.]
 [  3.  19.   7.]
 [  0.  19.  14.]]
cf_score, 55.0
nv_score, -1.0
ratio, 0.59595959596
[[ 35.   4.   4.]
 [  1.  15.   3.]
 [  7.  20.  11.]]
cf_score, 50.0
nv_score, 0.0
ratio, 0.616161616162
[[ 21.   4.   5.]
 [  2.  24.  11.]
 [  4.  18.  11.]]
cf_score, 47.0
nv_score, -10.0
ratio, 0.565656565657
[[ 29.  10.   4.]
 [  4.  24.   2.]
 [  1.  16.  10.]]
cf_score, 58.0
nv_score, 0.0
ratio, 0.636363636364
[[ 28.   4.   3.]
 [  6.  19.   4.]
 [  4.  16.  16.]]
cf_score, 56.0
nv_score, 6.0
ratio, 0.636363636364
[[ 28.   5.   3.]
 [  6.  18.   4.]
 [  3.  19.  14.]]
cf_score, 54.0
nv_score, 4.0
ratio, 0.606060606061
[[ 21.   4.   4.]
 [  2.  21.   7.]
 [  5.  22.  14.]]
cf_score, 47.0
nv_score, -1.0
ratio, 0.565656565657
[[ 21.   4.   7.]
 [  3.  20.   8.]
 [  4.  15.  18.]]
cf_score, 48.0
nv_score, -4.0
ratio, 0.59595959596
[[ 34.   3.   3.]
 [  2.  19.   7.]
 [  5.  17.  10.]]
cf_score, 55.0
nv_score, -3.0
ratio, 0.636363636364
[[ 21.   6.   6.]
 [  1.  26.   4.]
 [  5.  18.  13.]]
cf_score, 49.0
nv_score, -3.0
ratio, 0.606060606061
[[ 30.   4.   5.]
 [  3.   9.   7.]
 [  3.  20.  19.]]
cf_score, 50.0
nv_score, 2.0
ratio, 0.585858585859
[[ 18.   7.   7.]
 [  2.  20.   7.]
 [  0.  18.  21.]]
cf_score, 52.0
nv_score, 0.0
ratio, 0.59595959596
[[ 23.   7.   0.]
 [  5.  19.   8.]
 [  7.  20.  11.]]
cf_score, 46.0
nv_score, 3.0
ratio, 0.535353535354
[[ 19.   8.   6.]
 [  5.  21.   7.]
 [  4.  10.  20.]]
cf_score, 50.0
nv_score, 1.0
ratio, 0.606060606061
[[ 20.   9.   4.]
 [  3.  17.   8.]
 [  5.  17.  17.]]
cf_score, 45.0
nv_score, 1.0
ratio, 0.545454545455
[[ 19.   2.   7.]
 [  1.  24.  10.]
 [  6.  15.  16.]]
cf_score, 46.0
nv_score, -8.0
ratio, 0.59595959596
[[ 25.   6.   7.]
 [  1.  24.   4.]
 [  9.  13.  11.]]
cf_score, 44.0
nv_score, -7.0
ratio, 0.606060606061
[[ 23.   4.   3.]
 [  4.  21.  10.]
 [  4.  15.  16.]]
cf_score, 53.0
nv_score, 0.0
ratio, 0.606060606061
[[ 25.   2.  10.]
 [  0.  22.   8.]
 [  6.  10.  17.]]
cf_score, 48.0
nv_score, -11.0
ratio, 0.646464646465
[[ 19.   3.   7.]
 [  3.  18.   9.]
 [  6.  14.  21.]]
cf_score, 45.0
nv_score, -2.0
ratio, 0.585858585859
[[ 28.   9.   6.]
 [  5.  13.   9.]
 [  6.  10.  14.]]
cf_score, 43.0
nv_score, -7.0
ratio, 0.555555555556
[[ 25.  10.   3.]
 [  1.  17.   6.]
 [  6.  14.  18.]]
cf_score, 51.0
nv_score, 6.0
ratio, 0.606060606061
[[ 21.  11.   5.]
 [  0.  21.  12.]
 [  4.  17.   9.]]
cf_score, 42.0
nv_score, -13.0
ratio, 0.515151515152
[[ 28.   4.   7.]
 [  2.  20.   4.]
 [  5.  13.  17.]]
cf_score, 53.0
nv_score, -1.0
ratio, 0.656565656566
[[ 17.   9.   5.]
 [  3.  20.   7.]
 [  4.  19.  16.]]
cf_score, 44.0
nv_score, -1.0
ratio, 0.535353535354
[[ 19.   6.   7.]
 [  4.  22.   8.]
 [  4.  17.  13.]]
cf_score, 43.0
nv_score, -9.0
ratio, 0.545454545455
[[ 19.   4.   7.]
 [  1.  32.  10.]
 [  3.  12.  12.]]
cf_score, 53.0
nv_score, -12.0
ratio, 0.636363636364
[[ 24.   4.   6.]
 [  1.  22.  10.]
 [  9.  11.  13.]]
cf_score, 44.0
nv_score, -9.0
ratio, 0.59595959596
[[ 21.   7.   7.]
 [  2.  21.  12.]
 [  4.   7.  19.]]
cf_score, 50.0
nv_score, -7.0
ratio, 0.616161616162
[[ 27.   5.   6.]
 [  4.  14.   4.]
 [  6.  22.  12.]]
cf_score, 41.0
nv_score, -4.0
ratio, 0.535353535354
[[ 21.   4.   7.]
 [  4.  19.   6.]
 [  4.  18.  17.]]
cf_score, 46.0
nv_score, -3.0
ratio, 0.575757575758
[[ 25.  10.   4.]
 [  5.  16.   5.]
 [  4.  13.  18.]]
cf_score, 51.0
nv_score, 5.0
ratio, 0.59595959596
[[ 26.   6.   3.]
 [  3.  22.   4.]
 [  6.  13.  17.]]
cf_score, 56.0
nv_score, 7.0
ratio, 0.656565656566
[[ 26.   3.   2.]
 [  6.  28.   3.]
 [  8.  14.  10.]]
cf_score, 54.0
nv_score, 3.0
ratio, 0.646464646465
[[ 30.   4.  10.]
 [  1.  25.   3.]
 [  4.   8.  15.]]
cf_score, 56.0
nv_score, -8.0
ratio, 0.707070707071
[[ 22.   7.   5.]
 [  2.  18.   5.]
 [  5.  24.  12.]]
cf_score, 42.0
nv_score, -3.0
ratio, 0.525252525253
[[ 31.   4.   4.]
 [  4.  20.   1.]
 [  4.  19.  13.]]
cf_score, 56.0
nv_score, 4.0
ratio, 0.646464646465
[[ 21.   9.   7.]
 [  1.  22.   3.]
 [  4.  23.  10.]]
cf_score, 42.0
nv_score, -7.0
ratio, 0.535353535354
[[ 24.   6.   4.]
 [  2.  15.   5.]
 [  8.  24.  12.]]
cf_score, 39.0
nv_score, -1.0
ratio, 0.515151515152
[[ 26.   3.   3.]
 [  3.  26.   1.]
 [  4.  19.  15.]]
cf_score, 60.0
nv_score, 8.0
ratio, 0.676767676768
[[ 26.  12.   4.]
 [  4.  18.   6.]
 [  4.  13.  13.]]
cf_score, 49.0
nv_score, -1.0
ratio, 0.575757575758
[[ 23.  16.   8.]
 [  1.  12.   6.]
 [  3.  11.  20.]]
cf_score, 44.0
nv_score, -2.0
ratio, 0.555555555556
[[ 22.  10.   2.]
 [  2.  19.   4.]
 [  3.  21.  17.]]
cf_score, 53.0
nv_score, 9.0
ratio, 0.585858585859
[[ 25.   4.   4.]
 [  5.  17.   7.]
 [  5.  20.  13.]]
cf_score, 46.0
nv_score, -2.0
ratio, 0.555555555556
[[ 24.   7.   2.]
 [  2.  23.   4.]
 [  6.  18.  14.]]
cf_score, 53.0
nv_score, 6.0
ratio, 0.616161616162
[[ 25.   7.   5.]
 [  3.  20.   6.]
 [  4.  13.  17.]]
cf_score, 53.0
nv_score, 1.0
ratio, 0.626262626263
[[ 20.   4.   3.]
 [  3.  26.   5.]
 [  7.  17.  15.]]
cf_score, 51.0
nv_score, 4.0
ratio, 0.616161616162
[[ 29.   5.   4.]
 [  3.  17.   6.]
 [  5.  12.  19.]]
cf_score, 56.0
nv_score, 5.0
ratio, 0.656565656566
[[ 21.   7.   4.]
 [  2.  13.   9.]
 [  9.  18.  17.]]
cf_score, 38.0
nv_score, 0.0
ratio, 0.515151515152
[[ 30.   3.   3.]
 [  2.  21.   7.]
 [  6.  13.  15.]]
cf_score, 57.0
nv_score, 2.0
ratio, 0.666666666667
[[ 25.   4.   5.]
 [  3.  23.   7.]
 [  6.  15.  12.]]
cf_score, 49.0
nv_score, -5.0
ratio, 0.606060606061
[[ 26.   5.   4.]
 [  5.  24.   4.]
 [  7.  13.  12.]]
cf_score, 51.0
nv_score, 0.0
ratio, 0.626262626263
[[ 28.   4.   4.]
 [  6.  15.   8.]
 [  4.  18.  13.]]
cf_score, 48.0
nv_score, -3.0
ratio, 0.565656565657
[[ 27.   6.   3.]
 [  3.  22.   4.]
 [  5.  18.  12.]]
cf_score, 53.0
nv_score, 2.0
ratio, 0.616161616162
[[ 29.   8.   1.]
 [  4.  20.   4.]
 [  5.  17.  12.]]
cf_score, 55.0
nv_score, 6.0
ratio, 0.616161616162
[[ 27.   0.   3.]
 [  5.  14.   6.]
 [  6.  18.  21.]]
cf_score, 53.0
nv_score, 9.0
ratio, 0.626262626263
[[ 24.   4.   3.]
 [  2.  26.   5.]
 [  4.  26.   6.]]
cf_score, 49.0
nv_score, -5.0
ratio, 0.565656565657
[[ 19.   8.   5.]
 [  2.  16.   9.]
 [  9.  15.  17.]]
cf_score, 38.0
nv_score, -2.0
ratio, 0.525252525253
[[ 22.   9.   8.]
 [  2.  15.   7.]
 [  2.  26.   9.]]
cf_score, 36.0
nv_score, -14.0
ratio, 0.464646464646
[[ 16.   4.   8.]
 [  2.  18.   8.]
 [  5.  19.  20.]]
cf_score, 41.0
nv_score, -4.0
ratio, 0.545454545455
[[ 27.   6.   3.]
 [  5.  17.   7.]
 [  5.  19.  11.]]
cf_score, 47.0
nv_score, -2.0
ratio, 0.555555555556
[[ 31.   9.   6.]
 [  0.  18.   6.]
 [  3.  16.  11.]]
cf_score, 51.0
nv_score, -7.0
ratio, 0.606060606061
[[ 26.   9.  11.]
 [  1.  19.   6.]
 [  6.  11.  11.]]
cf_score, 39.0
nv_score, -17.0
ratio, 0.565656565657
[[ 28.   8.   6.]
 [  4.  15.   5.]
 [  5.  19.  10.]]
cf_score, 42.0
nv_score, -7.0
ratio, 0.535353535354
[[ 21.   6.   4.]
 [  1.  23.   8.]
 [  5.  18.  14.]]
cf_score, 49.0
nv_score, -2.0
ratio, 0.585858585859
[[ 28.   3.   4.]
 [  1.  21.   8.]
 [  4.  17.  14.]]
cf_score, 55.0
nv_score, -2.0
ratio, 0.636363636364
[[ 25.   7.   2.]
 [  7.  22.   6.]
 [  8.  12.  11.]]
cf_score, 48.0
nv_score, 1.0
ratio, 0.585858585859
[[ 30.   8.   5.]
 [  2.  15.   9.]
 [  7.  14.  10.]]
cf_score, 43.0
nv_score, -9.0
ratio, 0.555555555556
[[ 29.   6.  10.]
 [  1.  15.   7.]
 [  6.  17.   9.]]
cf_score, 37.0
nv_score, -18.0
ratio, 0.535353535354
[[ 26.   8.   3.]
 [  4.  21.   8.]
 [  8.  13.   9.]]
cf_score, 45.0
nv_score, -5.0
ratio, 0.565656565657
[[ 23.   4.   9.]
 [  2.  21.   9.]
 [  4.  16.  12.]]
cf_score, 43.0
nv_score, -15.0
ratio, 0.565656565657
[[ 19.   8.   7.]
 [  4.  15.   6.]
 [  1.  22.  18.]]
cf_score, 44.0
nv_score, -2.0
ratio, 0.525252525253
[[ 28.   7.   4.]
 [  0.  24.   4.]
 [  2.  18.  13.]]
cf_score, 59.0
nv_score, 1.0
ratio, 0.656565656566
[[ 26.   8.   4.]
 [  2.  18.  10.]
 [  2.  15.  15.]]
cf_score, 53.0
nv_score, -3.0
ratio, 0.59595959596
[[ 25.   8.   3.]
 [  2.  18.   6.]
 [  8.  16.  14.]]
cf_score, 46.0
nv_score, 2.0
ratio, 0.575757575758
[[ 23.   5.   4.]
 [  3.  14.  11.]
 [  3.  16.  21.]]
cf_score, 51.0
nv_score, 2.0
ratio, 0.585858585859
[[ 27.   5.   6.]
 [  1.  19.   7.]
 [  7.  21.   7.]]
cf_score, 40.0
nv_score, -12.0
ratio, 0.535353535354
[[ 32.   5.   5.]
 [  2.  20.   2.]
 [  4.  16.  14.]]
cf_score, 57.0
nv_score, 2.0
ratio, 0.666666666667
[[ 21.   7.   4.]
 [  2.  21.   8.]
 [  8.  14.  15.]]
cf_score, 45.0
nv_score, -1.0
ratio, 0.575757575758
[[ 25.   3.   2.]
 [  4.  25.   8.]
 [  4.  12.  17.]]
cf_score, 61.0
nv_score, 5.0
ratio, 0.676767676768
[[ 32.   7.   4.]
 [  2.  16.  10.]
 [  5.  16.   8.]]
cf_score, 47.0
nv_score, -10.0
ratio, 0.565656565657
[[ 26.   6.   3.]
 [  2.  25.   6.]
 [  5.  14.  13.]]
cf_score, 56.0
nv_score, 1.0
ratio, 0.646464646465
[[ 27.   4.  10.]
 [  1.  23.   4.]
 [  8.  10.  13.]]
cf_score, 45.0
nv_score, -11.0
ratio, 0.636363636364
[[ 27.   3.   4.]
 [  3.  20.   8.]
 [  5.  15.  15.]]
cf_score, 53.0
nv_score, -1.0
ratio, 0.626262626263
[[ 20.  13.   4.]
 [  3.  20.   5.]
 [  3.  21.  11.]]
cf_score, 44.0
nv_score, -2.0
ratio, 0.515151515152
[[ 31.   5.   4.]
 [  2.  25.   5.]
 [  5.   9.  14.]]
cf_score, 61.0
nv_score, 1.0
ratio, 0.707070707071
[[ 26.   7.   5.]
 [  0.  17.   9.]
 [  6.  16.  14.]]
cf_score, 46.0
nv_score, -5.0
ratio, 0.575757575758
[[ 23.  12.   0.]
 [  0.  20.   7.]
 [  4.  20.  14.]]
cf_score, 53.0
nv_score, 7.0
ratio, 0.575757575758
[[ 30.   8.   2.]
 [  4.  17.   8.]
 [  4.  14.  13.]]
cf_score, 54.0
nv_score, 1.0
ratio, 0.606060606061
[[ 28.   5.   6.]
 [  1.  23.   6.]
 [  2.  18.  11.]]
cf_score, 54.0
nv_score, -7.0
ratio, 0.626262626263
[[ 35.   3.   1.]
 [  1.  23.   8.]
 [  4.  16.   9.]]
cf_score, 62.0
nv_score, -1.0
ratio, 0.676767676768
[[ 16.   6.   8.]
 [  0.  18.  14.]
 [  4.  13.  21.]]
cf_score, 43.0
nv_score, -9.0
ratio, 0.555555555556
[[ 26.   4.  10.]
 [  0.  19.  11.]
 [  5.  16.   9.]]
cf_score, 39.0
nv_score, -22.0
ratio, 0.545454545455
[[ 27.   6.   2.]
 [  5.  26.   7.]
 [  3.  15.   9.]]
cf_score, 57.0
nv_score, -2.0
ratio, 0.626262626263
[[ 22.   6.   6.]
 [  1.  28.   5.]
 [  4.  16.  12.]]
cf_score, 52.0
nv_score, -5.0
ratio, 0.626262626263
[[ 24.   6.   9.]
 [  3.  21.   5.]
 [  8.  13.  11.]]
cf_score, 39.0
nv_score, -12.0
ratio, 0.565656565657
[[ 26.   6.   2.]
 [  7.  24.   4.]
 [  6.  15.  10.]]
cf_score, 52.0
nv_score, 2.0
ratio, 0.606060606061
[[ 25.   5.   6.]
 [  2.  21.   3.]
 [  6.  16.  16.]]
cf_score, 50.0
nv_score, 1.0
ratio, 0.626262626263
[[ 22.  11.   8.]
 [  4.  22.   3.]
 [  3.  21.   6.]]
cf_score, 39.0
nv_score, -13.0
ratio, 0.505050505051
[[ 20.   7.   7.]
 [  1.  23.   2.]
 [  6.  19.  15.]]
cf_score, 45.0
nv_score, -1.0
ratio, 0.585858585859
[[ 22.   5.   6.]
 [  3.  20.   7.]
 [  2.  21.  14.]]
cf_score, 48.0
nv_score, -5.0
ratio, 0.565656565657
[[ 26.   6.   9.]
 [  5.  14.   6.]
 [  7.  13.  14.]]
cf_score, 38.0
nv_score, -10.0
ratio, 0.545454545455
[[ 24.   6.   7.]
 [  1.  19.   6.]
 [  5.  20.  12.]]
cf_score, 43.0
nv_score, -8.0
ratio, 0.555555555556
[[ 31.   9.   6.]
 [  3.  13.   7.]
 [  5.  15.  11.]]
cf_score, 44.0
nv_score, -8.0
ratio, 0.555555555556
[[ 28.   5.   6.]
 [  1.  21.   9.]
 [  3.  16.  11.]]
cf_score, 51.0
nv_score, -10.0
ratio, 0.606060606061
[[ 25.   6.   5.]
 [  4.  13.  10.]
 [  3.  17.  17.]]
cf_score, 47.0
nv_score, -3.0
ratio, 0.555555555556
[[ 24.   6.   2.]
 [  2.  16.   5.]
 [  7.  17.  21.]]
cf_score, 52.0
nv_score, 12.0
ratio, 0.616161616162
[[ 19.   3.   7.]
 [  4.  24.   6.]
 [  4.  17.  16.]]
cf_score, 48.0
nv_score, -4.0
ratio, 0.59595959596
[[ 24.   6.   4.]
 [  3.  17.  12.]
 [  5.  15.  14.]]
cf_score, 46.0
nv_score, -6.0
ratio, 0.555555555556
[[ 32.   7.   4.]
 [  4.  15.   5.]
 [  5.  18.  10.]]
cf_score, 48.0
nv_score, -3.0
ratio, 0.575757575758
[[ 31.  10.   1.]
 [  4.  22.   6.]
 [  5.   6.  15.]]
cf_score, 62.0
nv_score, 7.0
ratio, 0.686868686869
[[ 27.   4.   1.]
 [  2.  23.   9.]
 [  2.  20.  12.]]
cf_score, 59.0
nv_score, 1.0
ratio, 0.626262626263
[[ 23.   9.   2.]
 [  2.  21.   6.]
 [  4.  20.  13.]]
cf_score, 51.0
nv_score, 3.0
ratio, 0.575757575758
[[ 28.   8.   6.]
 [  3.  24.   7.]
 [  9.   8.   7.]]
cf_score, 44.0
nv_score, -12.0
ratio, 0.59595959596
[[ 27.  13.   4.]
 [  1.  26.   4.]
 [  2.  10.  13.]]
cf_score, 60.0
nv_score, 1.0
ratio, 0.666666666667
[[ 20.   3.   2.]
 [  7.  23.  10.]
 [  6.  11.  18.]]
cf_score, 53.0
nv_score, 4.0
ratio, 0.616161616162
[[ 18.  11.   5.]
 [  1.  22.   6.]
 [  6.  15.  16.]]
cf_score, 45.0
nv_score, 0.0
ratio, 0.565656565657
[[ 19.   8.   5.]
 [  1.  20.  11.]
 [  8.  11.  17.]]
cf_score, 43.0
nv_score, -4.0
ratio, 0.565656565657
[[ 26.   6.   4.]
 [  5.  26.   3.]
 [  6.  13.  11.]]
cf_score, 53.0
nv_score, 0.0
ratio, 0.636363636364
[[ 25.   6.   3.]
 [  2.  26.   7.]
 [ 10.  10.  11.]]
cf_score, 49.0
nv_score, -2.0
ratio, 0.626262626263
[[ 33.   6.   3.]
 [  6.  17.   3.]
 [  4.  12.  16.]]
cf_score, 59.0
nv_score, 7.0
ratio, 0.666666666667
[[ 22.   8.   4.]
 [  5.  16.  11.]
 [ 10.  12.  12.]]
cf_score, 36.0
nv_score, -7.0
ratio, 0.505050505051
[[ 21.   5.   6.]
 [  6.  21.   4.]
 [ 12.  18.   7.]]
cf_score, 31.0
nv_score, -9.0
ratio, 0.494949494949
[[ 27.   8.   5.]
 [  4.  18.   4.]
 [  6.  16.  12.]]
cf_score, 46.0
nv_score, -2.0
ratio, 0.575757575758
[[ 24.   9.   8.]
 [  3.  17.   6.]
 [  4.  11.  18.]]
cf_score, 47.0
nv_score, -4.0
ratio, 0.59595959596
[[ 28.   5.   4.]
 [  4.  14.   5.]
 [  7.  18.  15.]]
cf_score, 46.0
nv_score, 2.0
ratio, 0.575757575758
[[ 27.   5.   8.]
 [  0.  22.   5.]
 [  5.  16.  12.]]
cf_score, 48.0
nv_score, -9.0
ratio, 0.616161616162
[[ 30.   4.   6.]
 [  2.  14.  10.]
 [  4.  14.  16.]]
cf_score, 50.0
nv_score, -6.0
ratio, 0.606060606061
[[ 38.   4.   2.]
 [  0.  13.   9.]
 [  3.  12.  19.]]
cf_score, 65.0
nv_score, 6.0
ratio, 0.707070707071
[[ 32.   4.   3.]
 [  4.  15.   4.]
 [  4.  16.  18.]]
cf_score, 58.0
nv_score, 8.0
ratio, 0.656565656566
[[ 18.   8.   5.]
 [  5.  11.  13.]
 [ 11.  13.  16.]]
cf_score, 29.0
nv_score, -7.0
ratio, 0.454545454545
[[ 25.   3.   3.]
 [  1.  23.   7.]
 [  2.  25.  11.]]
cf_score, 54.0
nv_score, -2.0
ratio, 0.59595959596
[[ 25.   2.   4.]
 [  7.  19.   7.]
 [  4.  21.  11.]]
cf_score, 47.0
nv_score, -4.0
ratio, 0.555555555556
[[ 17.   4.   3.]
 [  5.  21.   6.]
 [  3.  27.  14.]]
cf_score, 46.0
nv_score, 2.0
ratio, 0.525252525253
[[ 33.   3.   7.]
 [  0.  22.   9.]
 [  4.  11.  11.]]
cf_score, 55.0
nv_score, -12.0
ratio, 0.666666666667
[[ 20.   7.   2.]
 [  3.  25.   5.]
 [  4.  21.  13.]]
cf_score, 52.0
nv_score, 4.0
ratio, 0.585858585859
[[ 24.   4.   4.]
 [  2.  19.  11.]
 [  6.  12.  18.]]
cf_score, 51.0
nv_score, -1.0
ratio, 0.616161616162
[[ 23.   5.   9.]
 [  3.  23.   7.]
 [  3.  15.  12.]]
cf_score, 46.0
nv_score, -13.0
ratio, 0.585858585859
[[ 30.   4.   4.]
 [  2.  21.   2.]
 [  4.  21.  12.]]
cf_score, 55.0
nv_score, 2.0
ratio, 0.636363636364
[[ 26.   8.   1.]
 [  2.  28.   0.]
 [  4.  24.   7.]]
cf_score, 56.0
nv_score, 5.0
ratio, 0.616161616162
[[ 22.   5.   9.]
 [  3.  15.   5.]
 [  7.  16.  18.]]
cf_score, 39.0
nv_score, -5.0
ratio, 0.555555555556
[[ 30.   0.   4.]
 [  3.  16.  10.]
 [  9.  15.  13.]]
cf_score, 46.0
nv_score, -5.0
ratio, 0.59595959596
[[ 25.   4.   4.]
 [  0.  23.   9.]
 [  7.  18.  10.]]
cf_score, 47.0
nv_score, -7.0
ratio, 0.585858585859
[[ 23.   7.   5.]
 [  2.  23.   2.]
 [  9.  17.  12.]]
cf_score, 44.0
nv_score, 0.0
ratio, 0.585858585859
[[ 28.   9.   3.]
 [  2.  25.   5.]
 [  2.  16.  10.]]
cf_score, 58.0
nv_score, -1.0
ratio, 0.636363636364
[[ 27.   5.   6.]
 [  2.  24.   3.]
 [  6.  17.  10.]]
cf_score, 49.0
nv_score, -5.0
ratio, 0.616161616162
[[ 15.   3.   6.]
 [  4.  24.   9.]
 [  8.  16.  15.]]
cf_score, 40.0
nv_score, -6.0
ratio, 0.545454545455
[[ 26.   6.   4.]
 [  2.  32.   5.]
 [  4.  11.  10.]]
cf_score, 60.0
nv_score, -3.0
ratio, 0.686868686869
[[ 24.   9.   3.]
 [  0.  24.   6.]
 [  6.  13.  15.]]
cf_score, 54.0
nv_score, 3.0
ratio, 0.636363636364
[[ 16.   7.   3.]
 [  3.  23.   9.]
 [  7.  15.  17.]]
cf_score, 46.0
nv_score, 2.0
ratio, 0.565656565657
[[ 25.   0.   8.]
 [  3.  23.  11.]
 [  2.  14.  14.]]
cf_score, 52.0
nv_score, -13.0
ratio, 0.626262626263
[[ 20.   5.   3.]
 [  3.  18.  11.]
 [  9.  20.  11.]]
cf_score, 37.0
nv_score, -6.0
ratio, 0.494949494949
[[ 25.   5.   6.]
 [  3.  22.   5.]
 [  4.  12.  18.]]
cf_score, 55.0
nv_score, 1.0
ratio, 0.656565656566
[[ 26.   5.   5.]
 [  2.  21.   3.]
 [  1.  22.  15.]]
cf_score, 56.0
nv_score, 2.0
ratio, 0.626262626263
[[ 27.   5.   6.]
 [  2.  16.   9.]
 [  1.  20.  14.]]
cf_score, 50.0
nv_score, -7.0
ratio, 0.575757575758
[[ 19.  11.   1.]
 [  2.  18.   4.]
 [ 10.  19.  16.]]
cf_score, 42.0
nv_score, 10.0
ratio, 0.535353535354
[[ 31.   3.   4.]
 [  1.  20.  12.]
 [  1.  15.  13.]]
cf_score, 59.0
nv_score, -7.0
ratio, 0.646464646465
[[ 25.   5.   1.]
 [  3.  17.   9.]
 [  7.  26.   7.]]
cf_score, 41.0
nv_score, -4.0
ratio, 0.494949494949
[[ 26.  10.   2.]
 [  0.  22.   3.]
 [  5.  18.  14.]]
cf_score, 55.0
nv_score, 7.0
ratio, 0.626262626263
[[ 25.   7.   5.]
 [  2.  21.   8.]
 [  6.  16.  10.]]
cf_score, 45.0
nv_score, -8.0
ratio, 0.565656565657
[[ 23.   6.   3.]
 [  2.  22.  13.]
 [  4.  11.  16.]]
cf_score, 54.0
nv_score, -3.0
ratio, 0.616161616162
[[ 21.   4.   4.]
 [  2.  18.   8.]
 [  8.  23.  12.]]
cf_score, 39.0
nv_score, -4.0
ratio, 0.515151515152
[[ 23.   8.   7.]
 [  2.  21.   8.]
 [  3.  12.  16.]]
cf_score, 50.0
nv_score, -6.0
ratio, 0.606060606061
[[ 30.   5.   6.]
 [  3.  17.   4.]
 [  5.  15.  15.]]
cf_score, 51.0
nv_score, -1.0
ratio, 0.626262626263
[[ 21.   3.   3.]
 [  4.  21.  12.]
 [  5.  18.  13.]]
cf_score, 47.0
nv_score, -5.0
ratio, 0.555555555556
[[ 32.   6.   4.]
 [  2.  19.   4.]
 [  6.  12.  15.]]
cf_score, 56.0
nv_score, 3.0
ratio, 0.666666666667
[[ 22.   6.   7.]
 [  1.  23.   9.]
 [  4.  13.  15.]]
cf_score, 49.0
nv_score, -8.0
ratio, 0.606060606061
[[ 26.   7.   2.]
 [  2.  22.  10.]
 [  2.  20.   9.]]
cf_score, 53.0
nv_score, -5.0
ratio, 0.575757575758
[[ 26.   9.   6.]
 [  1.  18.   4.]
 [  7.  13.  16.]]
cf_score, 47.0
nv_score, 0.0
ratio, 0.606060606061
[[ 25.   7.   4.]
 [  4.  17.  10.]
 [  3.  18.  12.]]
cf_score, 47.0
nv_score, -6.0
ratio, 0.545454545455
[[ 18.   9.   7.]
 [  2.  20.  11.]
 [  7.  12.  14.]]
cf_score, 38.0
nv_score, -11.0
ratio, 0.525252525253
[[ 28.   6.   3.]
 [  1.  14.  14.]
 [  6.  14.  14.]]
cf_score, 47.0
nv_score, -6.0
ratio, 0.565656565657
[[ 22.   5.   2.]
 [  4.  21.   8.]
 [  5.  13.  20.]]
cf_score, 56.0
nv_score, 8.0
ratio, 0.636363636364
[[ 25.   6.   5.]
 [  3.  18.  15.]
 [  7.   8.  13.]]
cf_score, 44.0
nv_score, -12.0
ratio, 0.565656565657
[[ 16.   5.  11.]
 [  1.  23.   9.]
 [  4.  16.  15.]]
cf_score, 39.0
nv_score, -16.0
ratio, 0.545454545455
[[ 21.   4.   4.]
 [  5.  24.   6.]
 [  5.  15.  16.]]
cf_score, 52.0
nv_score, 2.0
ratio, 0.616161616162
[[ 25.   6.   4.]
 [  0.  17.   7.]
 [  7.  21.  13.]]
cf_score, 44.0
nv_score, -2.0
ratio, 0.555555555556
[[ 29.  10.   4.]
 [  2.  23.   4.]
 [  3.   8.  17.]]
cf_score, 62.0
nv_score, 5.0
ratio, 0.69696969697
[[ 21.   6.   8.]
 [  0.  26.   6.]
 [  4.  17.  12.]]
cf_score, 47.0
nv_score, -10.0
ratio, 0.59595959596
[[ 24.   3.   3.]
 [  1.  18.  12.]
 [  6.  17.  16.]]
cf_score, 49.0
nv_score, -2.0
ratio, 0.585858585859
[[ 22.   2.   3.]
 [  3.  26.  11.]
 [  6.  17.  10.]]
cf_score, 49.0
nv_score, -7.0
ratio, 0.585858585859
[[ 20.   5.   9.]
 [  2.  25.  12.]
 [  5.  13.   9.]]
cf_score, 40.0
nv_score, -21.0
ratio, 0.545454545455
[[ 22.   3.  10.]
 [  2.  20.  11.]
 [  6.  13.  13.]]
cf_score, 39.0
nv_score, -18.0
ratio, 0.555555555556
[[ 23.   3.   8.]
 [  2.  19.   7.]
 [  3.  15.  20.]]
cf_score, 51.0
nv_score, -3.0
ratio, 0.626262626263
[[ 26.   9.   1.]
 [  3.  19.   6.]
 [  6.  12.  18.]]
cf_score, 56.0
nv_score, 10.0
ratio, 0.636363636364
[[ 31.   6.  10.]
 [  0.  19.   7.]
 [  3.  13.  11.]]
cf_score, 48.0
nv_score, -16.0
ratio, 0.616161616162
[[ 17.  12.   2.]
 [  5.  22.   9.]
 [  8.  14.  11.]]
cf_score, 40.0
nv_score, -2.0
ratio, 0.505050505051
[[ 30.   6.   3.]
 [  0.  21.   6.]
 [  3.  21.  10.]]
cf_score, 55.0
nv_score, -2.0
ratio, 0.616161616162
[[ 27.   6.   4.]
 [  3.  18.   7.]
 [  4.  20.  11.]]
cf_score, 48.0
nv_score, -4.0
ratio, 0.565656565657
[[ 27.   7.   5.]
 [  0.  23.   4.]
 [  6.  21.   7.]]
cf_score, 46.0
nv_score, -7.0
ratio, 0.575757575758
[[ 22.   7.   3.]
 [  4.  17.   9.]
 [  5.  19.  14.]]
cf_score, 45.0
nv_score, -1.0
ratio, 0.535353535354
[[ 25.   8.   7.]
 [  1.  20.   8.]
 [  4.  15.  12.]]
cf_score, 46.0
nv_score, -10.0
ratio, 0.575757575758
[[ 22.   8.   3.]
 [  1.  24.   8.]
 [  4.  13.  17.]]
cf_score, 56.0
nv_score, 3.0
ratio, 0.636363636364
[[ 25.   5.   4.]
 [  1.  26.   9.]
 [  6.  15.   9.]]
cf_score, 50.0
nv_score, -8.0
ratio, 0.606060606061
[[ 21.   4.   5.]
 [  3.  25.   4.]
 [  8.  15.  15.]]
cf_score, 48.0
nv_score, 1.0
ratio, 0.616161616162
[[ 23.   6.   5.]
 [  4.  22.   9.]
 [  6.  16.   9.]]
cf_score, 43.0
nv_score, -10.0
ratio, 0.545454545455
[[ 15.   9.   3.]
 [  5.  30.   4.]
 [  7.  12.  15.]]
cf_score, 50.0
nv_score, 5.0
ratio, 0.606060606061
[[ 20.   5.   2.]
 [  2.  24.   8.]
 [  6.  20.  13.]]
cf_score, 49.0
nv_score, 1.0
ratio, 0.575757575758
[[ 35.   3.   6.]
 [  1.  20.   6.]
 [  3.  13.  13.]]
cf_score, 59.0
nv_score, -5.0
ratio, 0.686868686869
[[ 26.   4.   4.]
 [  6.  11.   7.]
 [  5.  22.  15.]]
cf_score, 43.0
nv_score, 0.0
ratio, 0.525252525253
[[ 32.   3.   8.]
 [  2.  17.   6.]
 [  2.  11.  19.]]
cf_score, 58.0
nv_score, -3.0
ratio, 0.686868686869
[[ 26.   6.   7.]
 [  1.  20.   8.]
 [  6.  13.  13.]]
cf_score, 46.0
nv_score, -9.0
ratio, 0.59595959596
[[ 19.   5.  11.]
 [  2.  23.   2.]
 [  7.  20.  11.]]
cf_score, 35.0
nv_score, -13.0
ratio, 0.535353535354
[[ 22.   6.   5.]
 [  2.  26.   5.]
 [  4.  13.  17.]]
cf_score, 56.0
nv_score, 2.0
ratio, 0.656565656566
[[ 26.   8.   4.]
 [  2.  19.   9.]
 [  1.  17.  14.]]
cf_score, 54.0
nv_score, -3.0
ratio, 0.59595959596
[[ 32.   3.   2.]
 [  4.  21.   5.]
 [  7.  19.   7.]]
cf_score, 51.0
nv_score, -2.0
ratio, 0.606060606061
[[ 21.   5.   8.]
 [  1.  16.   9.]
 [  8.  16.  16.]]
cf_score, 37.0
nv_score, -9.0
ratio, 0.535353535354
[[ 36.   3.   4.]
 [  0.  22.   5.]
 [  4.  17.   9.]]
cf_score, 59.0
nv_score, -4.0
ratio, 0.676767676768
[[ 35.   5.   5.]
 [  1.  22.  11.]
 [  3.  11.   7.]]
cf_score, 56.0
nv_score, -14.0
ratio, 0.646464646465
[[ 29.   3.   1.]
 [  4.  22.   5.]
 [  9.  13.  14.]]
cf_score, 55.0
nv_score, 7.0
ratio, 0.656565656566
[[ 25.   9.   1.]
 [  2.  10.   9.]
 [  7.  20.  17.]]
cf_score, 44.0
nv_score, 6.0
ratio, 0.525252525253
[[ 31.   6.   6.]
 [  1.  18.   5.]
 [  4.  16.  13.]]
cf_score, 52.0
nv_score, -4.0
ratio, 0.626262626263
[[ 19.   7.   6.]
 [  1.  23.   7.]
 [  6.  17.  14.]]
cf_score, 44.0
nv_score, -5.0
ratio, 0.565656565657
[[ 30.   7.   3.]
 [  1.  21.   5.]
 [  3.  16.  14.]]
cf_score, 59.0
nv_score, 3.0
ratio, 0.656565656566
[[ 19.   8.   7.]
 [  1.  16.  10.]
 [  5.  18.  16.]]
cf_score, 39.0
nv_score, -8.0
ratio, 0.515151515152
[[ 30.   9.   3.]
 [  3.  18.   9.]
 [  5.  17.   6.]]
cf_score, 46.0
nv_score, -9.0
ratio, 0.545454545455
[[ 32.   3.   4.]
 [  2.  18.   5.]
 [  6.  13.  17.]]
cf_score, 57.0
nv_score, 4.0
ratio, 0.676767676768
[[ 25.   8.   5.]
 [  3.  27.   6.]
 [  4.  15.   7.]]
cf_score, 50.0
nv_score, -9.0
ratio, 0.59595959596
[[ 24.   7.   4.]
 [  5.  19.   4.]
 [  3.  21.  13.]]
cf_score, 49.0
nv_score, 1.0
ratio, 0.565656565657
[[ 27.   7.   6.]
 [  3.  21.   9.]
 [  2.  12.  13.]]
cf_score, 53.0
nv_score, -8.0
ratio, 0.616161616162
[[ 28.   8.   5.]
 [  1.  24.   6.]
 [  2.  14.  12.]]
cf_score, 57.0
nv_score, -4.0
ratio, 0.646464646465
[[ 24.   7.   2.]
 [  0.  23.   7.]
 [  8.  17.  12.]]
cf_score, 49.0
nv_score, 1.0
ratio, 0.59595959596
[[ 31.   4.   3.]
 [  0.  17.   6.]
 [  5.  18.  16.]]
cf_score, 56.0
nv_score, 4.0
ratio, 0.646464646465
[[ 21.   6.   5.]
 [  1.  17.   9.]
 [  4.  24.  13.]]
cf_score, 42.0
nv_score, -6.0
ratio, 0.515151515152
[[ 25.  11.   2.]
 [  5.  23.   9.]
 [  2.  14.   9.]]
cf_score, 53.0
nv_score, -4.0
ratio, 0.575757575758
[[ 31.   6.   4.]
 [  3.  14.   8.]
 [  8.  14.  12.]]
cf_score, 45.0
nv_score, -4.0
ratio, 0.575757575758
[[ 20.   4.   6.]
 [  4.  23.  10.]
 [  3.  16.  14.]]
cf_score, 48.0
nv_score, -8.0
ratio, 0.575757575758
[[ 32.   7.   5.]
 [  2.  11.   9.]
 [  4.  17.  13.]]
cf_score, 47.0
nv_score, -6.0
ratio, 0.565656565657
[[ 16.   7.   1.]
 [  2.  25.  11.]
 [  9.  20.   9.]]
cf_score, 40.0
nv_score, -4.0
ratio, 0.505050505051
[[ 16.   6.   3.]
 [  3.  24.   9.]
 [  5.  22.  12.]]
cf_score, 44.0
nv_score, -3.0
ratio, 0.525252525253
[[ 24.   8.   6.]
 [  4.  17.   8.]
 [  2.  16.  15.]]
cf_score, 48.0
nv_score, -5.0
ratio, 0.565656565657
[[ 24.   5.   7.]
 [  2.  24.  10.]
 [  5.  11.  12.]]
cf_score, 48.0
nv_score, -12.0
ratio, 0.606060606061
[[ 14.   6.   5.]
 [  4.  33.   5.]
 [  3.  20.  10.]]
cf_score, 49.0
nv_score, -5.0
ratio, 0.575757575758
[[ 17.  10.   8.]
 [  3.  18.   9.]
 [  4.  16.  15.]]
cf_score, 38.0
nv_score, -10.0
ratio, 0.505050505051
[[ 21.   2.   2.]
 [  3.  21.   8.]
 [  8.  17.  18.]]
cf_score, 50.0
nv_score, 6.0
ratio, 0.606060606061
[[ 20.   8.   7.]
 [  3.  23.  11.]
 [  5.  13.  10.]]
cf_score, 41.0
nv_score, -15.0
ratio, 0.535353535354
[[ 22.   6.   4.]
 [  3.  19.   7.]
 [  2.  20.  17.]]
cf_score, 52.0
nv_score, 2.0
ratio, 0.585858585859
[[ 26.   1.   6.]
 [  4.  14.   4.]
 [  6.  26.  13.]]
cf_score, 41.0
nv_score, -3.0
ratio, 0.535353535354
[[ 29.   9.   2.]
 [  3.  21.   3.]
 [  8.  12.  13.]]
cf_score, 53.0
nv_score, 6.0
ratio, 0.636363636364
[[ 28.   9.   4.]
 [  6.  16.   5.]
 [  4.  14.  14.]]
cf_score, 50.0
nv_score, 1.0
ratio, 0.585858585859
[[ 34.   9.   2.]
 [  2.  20.   8.]
 [  4.  12.   9.]]
cf_score, 57.0
nv_score, -3.0
ratio, 0.636363636364
[[ 30.   9.   4.]
 [  2.  25.   6.]
 [  3.  14.   7.]]
cf_score, 55.0
nv_score, -7.0
ratio, 0.626262626263
[[ 27.   8.   4.]
 [  5.  21.   6.]
 [  5.  16.   8.]]
cf_score, 47.0
nv_score, -6.0
ratio, 0.565656565657
[[ 30.   6.   5.]
 [  2.  21.   6.]
 [  4.  18.   8.]]
cf_score, 50.0
nv_score, -8.0
ratio, 0.59595959596
[[ 29.   5.   4.]
 [  3.  18.   5.]
 [  3.  19.  14.]]
cf_score, 54.0
nv_score, 1.0
ratio, 0.616161616162
[[ 25.   4.   3.]
 [  3.  18.   3.]
 [  5.  16.  23.]]
cf_score, 58.0
nv_score, 14.0
ratio, 0.666666666667
[[ 23.   9.   4.]
 [  2.  18.   8.]
 [  2.  23.  11.]]
cf_score, 46.0
nv_score, -5.0
ratio, 0.525252525253
[[ 18.   7.   6.]
 [  2.  26.   6.]
 [  7.  15.  13.]]
cf_score, 44.0
nv_score, -5.0
ratio, 0.575757575758
[[ 28.   8.   4.]
 [  2.  23.   5.]
 [  8.  15.   7.]]
cf_score, 46.0
nv_score, -6.0
ratio, 0.585858585859
[[ 33.   5.   6.]
 [  2.  10.   5.]
 [ 10.  19.  10.]]
cf_score, 37.0
nv_score, -7.0
ratio, 0.535353535354
[[ 16.   5.   7.]
 [  1.  25.   8.]
 [  6.  18.  14.]]
cf_score, 42.0
nv_score, -8.0
ratio, 0.555555555556
[[ 22.   6.   5.]
 [  2.  18.  12.]
 [  5.  14.  16.]]
cf_score, 46.0
nv_score, -6.0
ratio, 0.565656565657
[[ 27.   2.   3.]
 [  4.  21.   7.]
 [  3.  20.  13.]]
cf_score, 55.0
nv_score, 0.0
ratio, 0.616161616162
[[ 22.   8.   4.]
 [  0.  21.   6.]
 [  8.  17.  14.]]
cf_score, 45.0
nv_score, 0.0
ratio, 0.575757575758
[[ 27.   5.   7.]
 [  4.  20.   2.]
 [  5.  13.  17.]]
cf_score, 52.0
nv_score, 1.0
ratio, 0.646464646465
[[ 22.   6.   9.]
 [  3.  15.   5.]
 [  5.  17.  18.]]
cf_score, 41.0
nv_score, -5.0
ratio, 0.555555555556
[[ 29.   2.   6.]
 [  3.  24.   7.]
 [  5.  10.  14.]]
cf_score, 56.0
nv_score, -5.0
ratio, 0.676767676768
[[ 27.   3.   2.]
 [  2.  26.  11.]
 [  4.   7.  18.]]
cf_score, 65.0
nv_score, 3.0
ratio, 0.717171717172
[[ 21.   9.   4.]
 [  0.  23.   7.]
 [  6.  15.  15.]]
cf_score, 49.0
nv_score, 0.0
ratio, 0.59595959596
[[ 33.   7.   3.]
 [  1.  19.   7.]
 [  2.  18.  10.]]
cf_score, 57.0
nv_score, -3.0
ratio, 0.626262626263
[[ 15.   2.  14.]
 [  2.  28.   6.]
 [  6.  12.  15.]]
cf_score, 38.0
nv_score, -19.0
ratio, 0.585858585859
[[ 22.   4.   4.]
 [  1.  19.   5.]
 [ 11.  24.  10.]]
cf_score, 36.0
nv_score, -3.0
ratio, 0.515151515152
[[ 20.   9.   5.]
 [  3.  18.   5.]
 [  7.  16.  17.]]
cf_score, 43.0
nv_score, 2.0
ratio, 0.555555555556
[[ 29.   6.   2.]
 [  1.  19.   8.]
 [  6.  17.  12.]]
cf_score, 52.0
nv_score, 0.0
ratio, 0.606060606061
[[ 22.   5.   1.]
 [  3.  25.   9.]
 [  3.  17.  15.]]
cf_score, 58.0
nv_score, 4.0
ratio, 0.626262626263
[[ 19.  14.   4.]
 [  3.  16.   6.]
 [ 10.  18.  10.]]
cf_score, 31.0
nv_score, -4.0
ratio, 0.454545454545
[[ 24.   6.   4.]
 [  5.  17.   4.]
 [  6.  19.  15.]]
cf_score, 46.0
nv_score, 3.0
ratio, 0.565656565657
[[ 28.   5.   4.]
 [  2.  16.   8.]
 [  4.  18.  15.]]
cf_score, 51.0
nv_score, -1.0
ratio, 0.59595959596
[[ 28.   8.   7.]
 [  3.  20.   9.]
 [  8.   8.   9.]]
cf_score, 42.0
nv_score, -14.0
ratio, 0.575757575758
[[ 25.  10.   2.]
 [  4.  27.   3.]
 [  3.  14.  12.]]
cf_score, 59.0
nv_score, 5.0
ratio, 0.646464646465
[[ 20.   4.   6.]
 [  3.  26.   6.]
 [  5.  13.  17.]]
cf_score, 52.0
nv_score, -1.0
ratio, 0.636363636364
[[ 27.   6.   7.]
 [  4.  19.   9.]
 [  3.  18.   7.]]
cf_score, 43.0
nv_score, -16.0
ratio, 0.535353535354
[[ 30.   7.   6.]
 [  0.  24.   6.]
 [  6.   8.  13.]]
cf_score, 55.0
nv_score, -5.0
ratio, 0.676767676768
[[ 22.   6.   2.]
 [  1.  24.  12.]
 [  4.  21.   8.]]
cf_score, 48.0
nv_score, -8.0
ratio, 0.545454545455
[[ 26.   5.   1.]
 [  4.  13.   4.]
 [  7.  18.  22.]]
cf_score, 53.0
nv_score, 16.0
ratio, 0.616161616162
[[ 20.   7.   6.]
 [  5.  23.   9.]
 [  1.  15.  14.]]
cf_score, 50.0
nv_score, -7.0
ratio, 0.575757575758
[[ 21.   4.   9.]
 [  5.  25.   8.]
 [  3.  13.  12.]]
cf_score, 46.0
nv_score, -14.0
ratio, 0.585858585859
[[ 23.   6.   6.]
 [  0.  19.   2.]
 [  1.  25.  18.]]
cf_score, 53.0
nv_score, 4.0
ratio, 0.606060606061
[[ 23.   6.   2.]
 [  5.  23.   6.]
 [  6.  18.  11.]]
cf_score, 49.0
nv_score, 1.0
ratio, 0.575757575758
[[ 20.   6.   4.]
 [  6.  13.   7.]
 [  5.  12.  27.]]
cf_score, 51.0
nv_score, 12.0
ratio, 0.606060606061
[[ 22.   7.   5.]
 [  1.  16.   9.]
 [  5.  13.  22.]]
cf_score, 50.0
nv_score, 3.0
ratio, 0.606060606061
[[ 22.   6.   3.]
 [  3.  25.   3.]
 [  8.  22.   8.]]
cf_score, 44.0
nv_score, -1.0
ratio, 0.555555555556
[[ 24.   6.   2.]
 [  2.  16.   7.]
 [  4.  25.  14.]]
cf_score, 48.0
nv_score, 3.0
ratio, 0.545454545455
[[ 28.   5.   4.]
 [  3.  14.   8.]
 [  6.  17.  15.]]
cf_score, 47.0
nv_score, -1.0
ratio, 0.575757575758
[[ 14.   5.   8.]
 [  5.  22.   7.]
 [  9.  19.  11.]]
cf_score, 30.0
nv_score, -12.0
ratio, 0.474747474747
[[ 23.   5.   6.]
 [  2.  20.   7.]
 [  8.  11.  18.]]
cf_score, 47.0
nv_score, -1.0
ratio, 0.616161616162
[[ 35.   3.   7.]
 [  3.  21.   4.]
 [  6.  15.   6.]]
cf_score, 49.0
nv_score, -12.0
ratio, 0.626262626263
[[ 26.  11.   5.]
 [  2.  22.   5.]
 [  4.  15.  10.]]
cf_score, 49.0
nv_score, -5.0
ratio, 0.585858585859
[[ 25.   5.   6.]
 [  1.  21.   9.]
 [  4.  12.  17.]]
cf_score, 53.0
nv_score, -4.0
ratio, 0.636363636364
[[ 36.   6.   5.]
 [  3.  12.  12.]
 [  3.  15.   8.]]
cf_score, 48.0
nv_score, -14.0
ratio, 0.565656565657
[[ 27.   5.   2.]
 [  3.  24.   4.]
 [  5.  15.  15.]]
cf_score, 59.0
nv_score, 7.0
ratio, 0.666666666667
[[ 27.   3.   4.]
 [  5.  16.  11.]
 [  6.  17.  11.]]
cf_score, 44.0
nv_score, -8.0
ratio, 0.545454545455
[[ 36.   3.   3.]
 [  1.  15.   6.]
 [  5.  16.  15.]]
cf_score, 58.0
nv_score, 3.0
ratio, 0.666666666667
[[ 24.   4.   5.]
 [  4.  24.   6.]
 [  4.  22.   7.]]
cf_score, 46.0
nv_score, -9.0
ratio, 0.555555555556
[[ 24.   6.   2.]
 [  2.  19.   7.]
 [  5.  16.  19.]]
cf_score, 55.0
nv_score, 8.0
ratio, 0.626262626263
[[ 26.   4.   5.]
 [  4.  21.   6.]
 [  9.  10.  15.]]
cf_score, 48.0
nv_score, -1.0
ratio, 0.626262626263
[[ 22.   9.   3.]
 [  7.  24.   6.]
 [  6.  11.  12.]]
cf_score, 49.0
nv_score, 0.0
ratio, 0.585858585859
[[ 28.   1.   1.]
 [  5.  18.  10.]
 [  5.  19.  13.]]
cf_score, 53.0
nv_score, 1.0
ratio, 0.59595959596
[[ 31.   2.   4.]
 [  4.  26.   7.]
 [  1.  10.  15.]]
cf_score, 67.0
nv_score, 0.0
ratio, 0.727272727273
[[ 14.   7.   4.]
 [  2.  18.   8.]
 [  8.  19.  20.]]
cf_score, 40.0
nv_score, 4.0
ratio, 0.525252525253
[[ 17.   6.   6.]
 [  1.  31.   7.]
 [  3.  16.  13.]]
cf_score, 52.0
nv_score, -6.0
ratio, 0.616161616162
[[ 25.   6.   7.]
 [  4.  19.   8.]
 [  5.  18.   8.]]
cf_score, 40.0
nv_score, -14.0
ratio, 0.525252525253
[[ 23.   5.   5.]
 [  2.  18.   6.]
 [  5.  14.  22.]]
cf_score, 53.0
nv_score, 6.0
ratio, 0.636363636364
[[ 27.   7.   4.]
 [  2.  19.   9.]
 [  3.  11.  18.]]
cf_score, 57.0
nv_score, 1.0
ratio, 0.646464646465
[[ 26.   8.   5.]
 [  2.  21.   8.]
 [  6.  17.   7.]]
cf_score, 43.0
nv_score, -11.0
ratio, 0.545454545455
[[ 17.   7.   5.]
 [  0.  22.  10.]
 [  5.  23.  11.]]
cf_score, 40.0
nv_score, -9.0
ratio, 0.505050505051
[[ 20.   2.   5.]
 [  1.  23.   6.]
 [  6.  27.  10.]]
cf_score, 42.0
nv_score, -6.0
ratio, 0.535353535354
[[ 24.   3.   6.]
 [  0.  19.   5.]
 [  7.  19.  17.]]
cf_score, 47.0
nv_score, 0.0
ratio, 0.606060606061
[[ 26.   8.   4.]
 [  1.  24.   5.]
 [  4.  16.  12.]]
cf_score, 54.0
nv_score, -1.0
ratio, 0.626262626263
[[ 32.  11.   5.]
 [  3.  13.  10.]
 [  3.   6.  17.]]
cf_score, 54.0
nv_score, -3.0
ratio, 0.626262626263
[[ 20.   8.   6.]
 [  5.  15.   5.]
 [  5.  22.  14.]]
cf_score, 38.0
nv_score, -3.0
ratio, 0.494949494949
[[ 24.  10.   4.]
 [  2.  13.   7.]
 [  4.  14.  22.]]
cf_score, 51.0
nv_score, 7.0
ratio, 0.59595959596
[[ 22.   3.   7.]
 [  4.  19.   4.]
 [  4.  22.  15.]]
cf_score, 45.0
nv_score, -3.0
ratio, 0.565656565657
[[ 25.   4.   4.]
 [  4.  23.   6.]
 [  6.  16.  12.]]
cf_score, 50.0
nv_score, -2.0
ratio, 0.606060606061
[[ 25.   8.   6.]
 [  4.  16.   5.]
 [  7.  17.  12.]]
cf_score, 40.0
nv_score, -5.0
ratio, 0.535353535354
[[ 23.   3.   8.]
 [  3.  22.   6.]
 [  6.  17.  12.]]
cf_score, 43.0
nv_score, -10.0
ratio, 0.575757575758
[[ 26.   9.   2.]
 [  0.  25.   6.]
 [  3.  15.  14.]]
cf_score, 60.0
nv_score, 4.0
ratio, 0.656565656566
[[ 27.   7.   2.]
 [  3.  20.   6.]
 [  6.  24.   5.]]
cf_score, 44.0
nv_score, -5.0
ratio, 0.525252525253
[[ 28.   8.   1.]
 [  1.  24.   5.]
 [  3.  16.  14.]]
cf_score, 62.0
nv_score, 7.0
ratio, 0.666666666667
[[ 27.   8.   7.]
 [  5.  11.   7.]
 [  4.  18.  13.]]
cf_score, 40.0
nv_score, -8.0
ratio, 0.515151515152
[[ 20.   6.   8.]
 [  1.  13.   9.]
 [  6.   9.  28.]]
cf_score, 47.0
nv_score, 3.0
ratio, 0.616161616162
[[ 24.   5.   5.]
 [  4.  20.   9.]
 [  4.  13.  16.]]
cf_score, 51.0
nv_score, -3.0
ratio, 0.606060606061
[[ 14.   7.   3.]
 [  2.  28.   9.]
 [  3.  17.  17.]]
cf_score, 53.0
nv_score, 2.0
ratio, 0.59595959596
[[ 27.   8.   6.]
 [  3.  20.   6.]
 [  6.  18.   6.]]
cf_score, 41.0
nv_score, -12.0
ratio, 0.535353535354
[[ 22.   6.   2.]
 [  5.  29.   3.]
 [  6.  14.  13.]]
cf_score, 56.0
nv_score, 6.0
ratio, 0.646464646465
[[ 29.   4.   3.]
 [  2.  22.   2.]
 [  7.  19.  12.]]
cf_score, 53.0
nv_score, 4.0
ratio, 0.636363636364
[[ 23.   5.   8.]
 [  3.  15.   4.]
 [  3.  22.  17.]]
cf_score, 44.0
nv_score, -3.0
ratio, 0.555555555556
[[ 24.   7.   2.]
 [  3.  26.   9.]
 [  3.  15.  11.]]
cf_score, 56.0
nv_score, -2.0
ratio, 0.616161616162
[[ 23.   4.   2.]
 [  3.  21.   9.]
 [  2.  19.  17.]]
cf_score, 57.0
nv_score, 4.0
ratio, 0.616161616162
[[ 25.   6.   2.]
 [  0.  23.  10.]
 [  5.  19.  10.]]
cf_score, 51.0
nv_score, -4.0
ratio, 0.585858585859
[[ 22.   8.   3.]
 [  2.  21.   8.]
 [  4.  17.  15.]]
cf_score, 51.0
nv_score, 1.0
ratio, 0.585858585859
[[ 26.   5.   3.]
 [  6.  18.   2.]
 [  7.  17.  16.]]
cf_score, 50.0
nv_score, 8.0
ratio, 0.606060606061
[[ 26.   5.   6.]
 [  2.  23.   5.]
 [  5.  17.  11.]]
cf_score, 49.0
nv_score, -6.0
ratio, 0.606060606061
[[ 31.   2.   1.]
 [  3.  20.   8.]
 [  3.  18.  14.]]
cf_score, 61.0
nv_score, 4.0
ratio, 0.656565656566
[[ 22.   4.   3.]
 [  4.  30.  10.]
 [  3.  14.  10.]]
cf_score, 56.0
nv_score, -6.0
ratio, 0.626262626263
[[ 21.   8.   3.]
 [  2.  23.   8.]
 [  3.  20.  12.]]
cf_score, 50.0
nv_score, -2.0
ratio, 0.565656565657
[[ 18.   6.   3.]
 [  2.  27.  10.]
 [  3.  21.  10.]]
cf_score, 49.0
nv_score, -6.0
ratio, 0.555555555556
[[ 27.   1.   6.]
 [  3.  17.   6.]
 [  4.  21.  15.]]
cf_score, 49.0
nv_score, -3.0
ratio, 0.59595959596
[[ 28.   6.   6.]
 [  2.  23.   8.]
 [  5.   8.  14.]]
cf_score, 54.0
nv_score, -6.0
ratio, 0.656565656566
[[ 32.   9.   3.]
 [  3.  20.   7.]
 [  4.  16.   6.]]
cf_score, 51.0
nv_score, -7.0
ratio, 0.585858585859
[[ 34.   7.   2.]
 [  2.  21.   5.]
 [  5.   9.  15.]]
cf_score, 63.0
nv_score, 6.0
ratio, 0.707070707071
[[ 29.   7.   5.]
 [  0.  16.   5.]
 [  7.  13.  18.]]
cf_score, 51.0
nv_score, 3.0
ratio, 0.636363636364
[[ 19.   8.   6.]
 [  3.  22.  10.]
 [  7.   9.  16.]]
cf_score, 44.0
nv_score, -6.0
ratio, 0.575757575758
[[ 21.   7.   3.]
 [  0.  22.   5.]
 [  9.  17.  16.]]
cf_score, 47.0
nv_score, 5.0
ratio, 0.59595959596
[[ 22.   6.   2.]
 [  3.  24.   3.]
 [  4.  21.  15.]]
cf_score, 55.0
nv_score, 8.0
ratio, 0.616161616162
[[ 26.   5.   4.]
 [  2.  21.  12.]
 [  2.  15.  13.]]
cf_score, 54.0
nv_score, -7.0
ratio, 0.606060606061
[[ 23.   6.   6.]
 [  5.  23.   4.]
 [  4.  21.   8.]]
cf_score, 44.0
nv_score, -8.0
ratio, 0.545454545455
[[ 26.   1.   5.]
 [  1.  21.  11.]
 [  4.  17.  14.]]
cf_score, 52.0
nv_score, -7.0
ratio, 0.616161616162
[[ 22.   4.   6.]
 [  5.  21.   4.]
 [  8.  16.  14.]]
cf_score, 43.0
nv_score, -2.0
ratio, 0.575757575758
[[ 21.   9.   5.]
 [  1.  21.   8.]
 [  4.  10.  21.]]
cf_score, 54.0
nv_score, 3.0
ratio, 0.636363636364
[[ 30.   6.   3.]
 [  2.  16.   6.]
 [  5.  12.  20.]]
cf_score, 58.0
nv_score, 8.0
ratio, 0.666666666667
[[ 16.  11.   7.]
 [  5.  26.  10.]
 [  4.  15.   6.]]
cf_score, 37.0
nv_score, -18.0
ratio, 0.484848484848
[[ 27.   7.   5.]
 [  3.  16.   5.]
 [  6.  21.  10.]]
cf_score, 42.0
nv_score, -5.0
ratio, 0.535353535354
[[ 16.   7.   5.]
 [  4.  24.   8.]
 [  6.  12.  18.]]
cf_score, 47.0
nv_score, 0.0
ratio, 0.585858585859
[[ 21.   6.   8.]
 [  1.  26.   8.]
 [  6.  12.  12.]]
cf_score, 45.0
nv_score, -12.0
ratio, 0.59595959596
[[ 28.   5.   1.]
 [  1.  23.   5.]
 [  8.  22.   7.]]
cf_score, 49.0
nv_score, 0.0
ratio, 0.585858585859
[[ 25.   4.   5.]
 [  5.  20.   5.]
 [  4.  23.   9.]]
cf_score, 45.0
nv_score, -6.0
ratio, 0.545454545455
[[ 22.   1.   7.]
 [  3.  20.   4.]
 [  6.  25.  12.]]
cf_score, 41.0
nv_score, -6.0
ratio, 0.545454545455
[[ 18.   4.   4.]
 [  1.  25.  11.]
 [  1.  18.  18.]]
cf_score, 56.0
nv_score, -1.0
ratio, 0.616161616162
[[ 30.   6.   5.]
 [  0.  22.   3.]
 [  7.  10.  17.]]
cf_score, 57.0
nv_score, 4.0
ratio, 0.69696969697
[[ 29.   8.   4.]
 [  2.  20.   9.]
 [  6.  13.   9.]]
cf_score, 48.0
nv_score, -8.0
ratio, 0.585858585859
[[ 29.   6.   6.]
 [  2.  18.   4.]
 [  5.  18.  12.]]
cf_score, 48.0
nv_score, -4.0
ratio, 0.59595959596
[[ 25.   3.   4.]
 [  0.  23.   7.]
 [  5.  23.  10.]]
cf_score, 49.0
nv_score, -5.0
ratio, 0.585858585859
[[ 26.   4.   3.]
 [  5.  28.   2.]
 [  5.  22.   5.]]
cf_score, 51.0
nv_score, -3.0
ratio, 0.59595959596
[[ 29.   5.   6.]
 [  5.  21.  13.]
 [  3.   9.   9.]]
cf_score, 50.0
nv_score, -16.0
ratio, 0.59595959596
[[ 31.   4.   5.]
 [  3.  16.   5.]
 [  5.  17.  14.]]
cf_score, 51.0
nv_score, -1.0
ratio, 0.616161616162
[[ 18.  10.   2.]
 [  1.  27.   8.]
 [  6.  21.   7.]]
cf_score, 44.0
nv_score, -5.0
ratio, 0.525252525253
[[ 20.   9.   3.]
 [  3.  19.  11.]
 [  3.  17.  15.]]
cf_score, 48.0
nv_score, -2.0
ratio, 0.545454545455
[[ 21.   9.   3.]
 [  0.  24.  12.]
 [  2.  18.  11.]]
cf_score, 51.0
nv_score, -7.0
ratio, 0.565656565657
[[ 29.   7.   7.]
 [  4.  23.   8.]
 [  3.  14.   5.]]
cf_score, 47.0
nv_score, -17.0
ratio, 0.575757575758
[[ 23.   4.   4.]
 [  4.  26.   6.]
 [  4.  12.  17.]]
cf_score, 58.0
nv_score, 3.0
ratio, 0.666666666667
[[ 24.   3.   6.]
 [  3.  28.   4.]
 [  3.  18.  11.]]
cf_score, 54.0
nv_score, -5.0
ratio, 0.636363636364
[[ 31.   3.   2.]
 [  2.  11.   9.]
 [  4.  18.  20.]]
cf_score, 56.0
nv_score, 7.0
ratio, 0.626262626263
[[ 22.  11.   2.]
 [  2.  19.   3.]
 [  8.  19.  14.]]
cf_score, 45.0
nv_score, 7.0
ratio, 0.555555555556
[[ 25.   7.   4.]
 [  2.  20.   7.]
 [  5.  17.  13.]]
cf_score, 49.0
nv_score, -2.0
ratio, 0.585858585859
[[ 26.   4.   4.]
 [  0.  22.   8.]
 [ 11.  10.  15.]]
cf_score, 48.0
nv_score, -1.0
ratio, 0.636363636364
[[ 23.   3.   5.]
 [  3.  25.   5.]
 [  6.  17.  13.]]
cf_score, 50.0
nv_score, -2.0
ratio, 0.616161616162
[[ 27.   5.   7.]
 [  3.  15.   5.]
 [  7.  15.  16.]]
cf_score, 44.0
nv_score, -3.0
ratio, 0.585858585859
[[ 22.   4.   2.]
 [  1.  23.   6.]
 [  9.  14.  19.]]
cf_score, 53.0
nv_score, 9.0
ratio, 0.646464646465
[[ 22.   4.   1.]
 [  4.  20.  13.]
 [  3.  21.  12.]]
cf_score, 50.0
nv_score, -3.0
ratio, 0.545454545455
[[ 28.   4.   4.]
 [  0.  21.   5.]
 [  9.  15.  14.]]
cf_score, 50.0
nv_score, 1.0
ratio, 0.636363636364
[[ 29.   4.   2.]
 [  3.  32.   4.]
 [  5.  12.   9.]]
cf_score, 63.0
nv_score, 1.0
ratio, 0.707070707071
[[ 27.   8.   3.]
 [  4.  30.   5.]
 [  2.  14.   7.]]
cf_score, 59.0
nv_score, -4.0
ratio, 0.646464646465
[[ 31.   3.   3.]
 [  3.  22.   5.]
 [  5.  16.  12.]]
cf_score, 57.0
nv_score, 1.0
ratio, 0.656565656566
[[ 22.   5.   6.]
 [  0.  22.   5.]
 [  3.  17.  20.]]
cf_score, 55.0
nv_score, 3.0
ratio, 0.646464646465
[[ 25.   0.   6.]
 [  2.  22.  11.]
 [  8.  13.  13.]]
cf_score, 46.0
nv_score, -10.0
ratio, 0.606060606061
[[ 19.   7.   6.]
 [  0.  22.   9.]
 [  6.  19.  12.]]
cf_score, 41.0
nv_score, -9.0
ratio, 0.535353535354
[[ 17.   7.   6.]
 [  7.  31.   3.]
 [  0.  14.  15.]]
cf_score, 57.0
nv_score, 0.0
ratio, 0.636363636364
[[ 32.   6.   2.]
 [  3.  23.   5.]
 [  4.  13.  12.]]
cf_score, 61.0
nv_score, 3.0
ratio, 0.676767676768
[[ 24.  10.   6.]
 [  1.  19.   7.]
 [  4.  15.  14.]]
cf_score, 47.0
nv_score, -5.0
ratio, 0.575757575758
[[ 22.   9.   4.]
 [  4.  28.   3.]
 [  4.  14.  12.]]
cf_score, 54.0
nv_score, 1.0
ratio, 0.626262626263
