[[ 24.   0.   0.]
 [ 45.   0.   0.]
 [ 31.   0.   0.]]
cf_score, -7.0
nv_score, 0.0
ratio, 0.242424242424
[[ 30.   0.   0.]
 [ 40.   0.   0.]
 [ 30.   0.   0.]]
cf_score, 0.0
nv_score, 0.0
ratio, 0.30303030303
[[ 26.   0.   0.]
 [ 30.   0.   0.]
 [ 44.   0.   0.]]
cf_score, -18.0
nv_score, 0.0
ratio, 0.262626262626
[[ 38.   0.   0.]
 [ 36.   0.   0.]
 [ 26.   0.   0.]]
cf_score, 12.0
nv_score, 0.0
ratio, 0.383838383838
[[ 33.   0.   0.]
 [ 38.   0.   0.]
 [ 29.   0.   0.]]
cf_score, 4.0
nv_score, 0.0
ratio, 0.333333333333
[[ 31.   0.   0.]
 [ 37.   0.   0.]
 [ 32.   0.   0.]]
cf_score, -1.0
nv_score, 0.0
ratio, 0.313131313131
[[ 16.   0.  10.]
 [ 21.   0.  16.]
 [ 20.   0.  17.]]
cf_score, 3.0
nv_score, -19.0
ratio, 0.333333333333
[[ 20.   0.  12.]
 [ 19.   0.   7.]
 [ 29.   0.  13.]]
cf_score, -8.0
nv_score, -18.0
ratio, 0.333333333333
[[ 27.   0.  10.]
 [ 28.   0.   9.]
 [ 13.   0.  13.]]
cf_score, 17.0
nv_score, -16.0
ratio, 0.40404040404
[[ 20.   0.   7.]
 [ 32.   0.   6.]
 [ 22.   0.  13.]]
cf_score, 4.0
nv_score, -7.0
ratio, 0.333333333333
[[ 23.   0.   7.]
 [ 29.   0.  11.]
 [ 23.   0.   7.]]
cf_score, 0.0
nv_score, -18.0
ratio, 0.30303030303
[[ 22.   0.   5.]
 [ 28.   0.  10.]
 [ 21.   0.  14.]]
cf_score, 10.0
nv_score, -6.0
ratio, 0.363636363636
[[ 21.   0.  11.]
 [ 24.   0.  10.]
 [ 19.   0.  15.]]
cf_score, 6.0
nv_score, -17.0
ratio, 0.363636363636
[[ 24.   0.   8.]
 [ 24.   0.  14.]
 [ 18.   0.  12.]]
cf_score, 10.0
nv_score, -18.0
ratio, 0.363636363636
[[ 25.   0.   5.]
 [ 40.   0.   1.]
 [ 23.   0.   6.]]
cf_score, 3.0
nv_score, -5.0
ratio, 0.313131313131
[[ 16.   0.   9.]
 [ 28.   0.  14.]
 [ 16.   0.  17.]]
cf_score, 8.0
nv_score, -15.0
ratio, 0.333333333333
[[ 22.   0.   7.]
 [ 35.   0.   6.]
 [ 18.   0.  12.]]
cf_score, 9.0
nv_score, -8.0
ratio, 0.343434343434
[[ 24.   0.  11.]
 [ 16.   0.  14.]
 [ 12.   0.  23.]]
cf_score, 24.0
nv_score, -13.0
ratio, 0.474747474747
[[ 23.   0.   6.]
 [ 27.   0.   8.]
 [ 22.   0.  14.]]
cf_score, 9.0
nv_score, -6.0
ratio, 0.373737373737
[[ 26.   0.   8.]
 [ 30.   0.   8.]
 [ 17.   0.  11.]]
cf_score, 12.0
nv_score, -13.0
ratio, 0.373737373737
[[ 16.   0.  13.]
 [ 21.   0.  13.]
 [ 15.   0.  22.]]
cf_score, 10.0
nv_score, -17.0
ratio, 0.383838383838
[[ 15.   0.  12.]
 [ 28.   1.  11.]
 [ 21.   0.  12.]]
cf_score, -5.0
nv_score, -23.0
ratio, 0.282828282828
[[ 23.   1.  10.]
 [ 16.   1.  12.]
 [ 12.   0.  25.]]
cf_score, 27.0
nv_score, -7.0
ratio, 0.494949494949
[[ 29.   0.  10.]
 [ 25.   0.  10.]
 [ 10.   0.  16.]]
cf_score, 25.0
nv_score, -14.0
ratio, 0.454545454545
[[ 17.   3.   8.]
 [ 23.   2.  23.]
 [ 11.   1.  12.]]
cf_score, 12.0
nv_score, -27.0
ratio, 0.313131313131
[[ 19.   0.  11.]
 [ 25.   0.  20.]
 [  6.   0.  19.]]
cf_score, 21.0
nv_score, -23.0
ratio, 0.383838383838
[[ 22.   0.  12.]
 [ 24.   0.  13.]
 [ 12.   0.  17.]]
cf_score, 15.0
nv_score, -20.0
ratio, 0.393939393939
[[ 16.   1.   9.]
 [ 21.   1.  10.]
 [ 19.   0.  23.]]
cf_score, 12.0
nv_score, -5.0
ratio, 0.40404040404
[[ 18.   0.   9.]
 [ 23.   2.  10.]
 [ 17.   2.  19.]]
cf_score, 13.0
nv_score, -9.0
ratio, 0.393939393939
[[ 13.   3.  21.]
 [ 12.   5.  23.]
 [  4.   1.  18.]]
cf_score, 11.0
nv_score, -47.0
ratio, 0.363636363636
[[ 18.   3.   9.]
 [ 14.   3.  16.]
 [  9.   1.  27.]]
cf_score, 30.0
nv_score, -7.0
ratio, 0.484848484848
[[ 12.   0.  24.]
 [ 18.   1.  20.]
 [  3.   0.  22.]]
cf_score, 8.0
nv_score, -46.0
ratio, 0.353535353535
[[ 14.   1.  17.]
 [ 11.   2.  16.]
 [  8.   1.  30.]]
cf_score, 21.0
nv_score, -20.0
ratio, 0.464646464646
[[ 23.   1.   7.]
 [ 25.   3.   8.]
 [ 18.   2.  13.]]
cf_score, 14.0
nv_score, -9.0
ratio, 0.393939393939
[[ 14.   2.   9.]
 [ 18.   6.  14.]
 [ 14.   3.  20.]]
cf_score, 17.0
nv_score, -12.0
ratio, 0.40404040404
[[ 24.   2.  12.]
 [ 16.   3.  13.]
 [  8.   5.  17.]]
cf_score, 24.0
nv_score, -20.0
ratio, 0.444444444444
[[ 14.   2.  12.]
 [ 16.   4.  10.]
 [ 11.   7.  24.]]
cf_score, 19.0
nv_score, -10.0
ratio, 0.424242424242
[[ 23.   2.   6.]
 [ 25.   6.  13.]
 [ 10.   0.  15.]]
cf_score, 28.0
nv_score, -10.0
ratio, 0.444444444444
[[  9.   8.  14.]
 [ 11.  11.  15.]
 [  0.   4.  28.]]
cf_score, 34.0
nv_score, -15.0
ratio, 0.484848484848
[[ 17.   6.  11.]
 [ 11.   8.  16.]
 [  5.   5.  21.]]
cf_score, 30.0
nv_score, -17.0
ratio, 0.464646464646
[[ 11.   7.   6.]
 [ 12.   5.  17.]
 [  8.   8.  26.]]
cf_score, 28.0
nv_score, -3.0
ratio, 0.424242424242
[[ 13.   9.  13.]
 [ 11.   3.  17.]
 [  7.   8.  19.]]
cf_score, 15.0
nv_score, -24.0
ratio, 0.353535353535
[[ 16.   5.   9.]
 [ 18.  11.  12.]
 [  5.   8.  16.]]
cf_score, 29.0
nv_score, -14.0
ratio, 0.434343434343
[[ 19.   6.   8.]
 [  8.  15.  17.]
 [  7.   7.  13.]]
cf_score, 32.0
nv_score, -20.0
ratio, 0.474747474747
[[  9.  14.  13.]
 [  6.  10.  14.]
 [  2.   7.  25.]]
cf_score, 29.0
nv_score, -15.0
ratio, 0.444444444444
[[  9.  12.  12.]
 [ 11.  14.  18.]
 [  2.   4.  18.]]
cf_score, 27.0
nv_score, -24.0
ratio, 0.414141414141
[[  6.   8.  15.]
 [  6.  15.  23.]
 [  2.   9.  16.]]
cf_score, 20.0
nv_score, -37.0
ratio, 0.373737373737
[[ 12.  10.  10.]
 [ 16.  12.   9.]
 [ 10.   8.  13.]]
cf_score, 17.0
nv_score, -16.0
ratio, 0.373737373737
[[  4.  14.  14.]
 [  1.  12.  25.]
 [  0.   6.  24.]]
cf_score, 26.0
nv_score, -29.0
ratio, 0.40404040404
[[  8.  11.   9.]
 [ 10.  17.   9.]
 [  6.  10.  20.]]
cf_score, 30.0
nv_score, -7.0
ratio, 0.454545454545
