[[ 29.   0.   0.]
 [ 47.   0.   0.]
 [ 24.   0.   0.]]
cf_score, 5.0
nv_score, 0.0
ratio, 0.292929292929
[[  0.  31.   0.]
 [  0.  32.   0.]
 [  0.  37.   0.]]
cf_score, 32.0
nv_score, 0.0
ratio, 0.323232323232
[[ 26.   0.   0.]
 [ 43.   0.   0.]
 [ 31.   0.   0.]]
cf_score, -5.0
nv_score, 0.0
ratio, 0.262626262626
[[  0.   0.  26.]
 [  0.   0.  39.]
 [  0.   0.  35.]]
cf_score, 9.0
nv_score, -56.0
ratio, 0.353535353535
[[  3.   0.  26.]
 [ 19.   0.  21.]
 [  4.   0.  27.]]
cf_score, 0.0
nv_score, -46.0
ratio, 0.30303030303
[[  2.  23.  14.]
 [  2.  27.   8.]
 [  1.   8.  15.]]
cf_score, 29.0
nv_score, -21.0
ratio, 0.444444444444
[[  5.  14.  13.]
 [  0.  16.  13.]
 [  4.  10.  25.]]
cf_score, 29.0
nv_score, -14.0
ratio, 0.464646464646
[[  5.  11.  15.]
 [  3.  18.  14.]
 [  8.   3.  23.]]
cf_score, 23.0
nv_score, -21.0
ratio, 0.464646464646
[[ 11.  11.  12.]
 [  3.  11.  20.]
 [  3.   4.  25.]]
cf_score, 32.0
nv_score, -19.0
ratio, 0.474747474747
[[ 11.  13.  13.]
 [  3.  15.   8.]
 [ 11.  13.  13.]]
cf_score, 15.0
nv_score, -21.0
ratio, 0.393939393939
[[ 10.  17.  13.]
 [  3.  17.  16.]
 [  5.  10.   9.]]
cf_score, 18.0
nv_score, -33.0
ratio, 0.363636363636
[[  9.  11.   5.]
 [  6.  22.   8.]
 [ 13.  11.  15.]]
cf_score, 28.0
nv_score, -3.0
ratio, 0.464646464646
[[ 13.  16.   4.]
 [  8.  23.   4.]
 [ 14.   8.  10.]]
cf_score, 28.0
nv_score, -2.0
ratio, 0.464646464646
[[ 14.  11.  13.]
 [  5.  14.   8.]
 [  5.   9.  21.]]
cf_score, 31.0
nv_score, -13.0
ratio, 0.494949494949
[[  9.  12.   6.]
 [  6.  18.   9.]
 [ 16.   9.  15.]]
cf_score, 20.0
nv_score, -6.0
ratio, 0.424242424242
[[ 12.  10.   7.]
 [  5.  16.  15.]
 [  5.   7.  23.]]
cf_score, 39.0
nv_score, -6.0
ratio, 0.515151515152
[[  9.  18.  10.]
 [  8.  16.  13.]
 [  9.   1.  16.]]
cf_score, 22.0
nv_score, -17.0
ratio, 0.414141414141
[[  5.  16.  15.]
 [ 10.  11.   8.]
 [ 11.   6.  18.]]
cf_score, 8.0
nv_score, -20.0
ratio, 0.343434343434
[[ 10.  19.   3.]
 [  7.  14.  12.]
 [  9.   9.  17.]]
cf_score, 29.0
nv_score, -1.0
ratio, 0.414141414141
[[ 10.  13.   8.]
 [ 12.  14.  10.]
 [  6.   4.  23.]]
cf_score, 33.0
nv_score, -3.0
ratio, 0.474747474747
[[  7.  12.   9.]
 [  8.  22.  14.]
 [  4.   9.  15.]]
cf_score, 31.0
nv_score, -17.0
ratio, 0.444444444444
[[ 12.   7.   7.]
 [ 10.  14.  10.]
 [ 21.   3.  16.]]
cf_score, 14.0
nv_score, -8.0
ratio, 0.424242424242
[[ 11.  19.   7.]
 [  7.   9.  11.]
 [ 16.   5.  15.]]
cf_score, 12.0
nv_score, -10.0
ratio, 0.353535353535
[[ 10.  15.   8.]
 [  6.  16.  13.]
 [  6.   1.  25.]]
cf_score, 37.0
nv_score, -4.0
ratio, 0.515151515152
[[  8.  13.  10.]
 [  6.  18.   8.]
 [  8.   4.  25.]]
cf_score, 33.0
nv_score, -3.0
ratio, 0.515151515152
[[  9.  15.  10.]
 [  3.  12.  12.]
 [  6.   8.  25.]]
cf_score, 30.0
nv_score, -7.0
ratio, 0.464646464646
[[ 13.  10.   7.]
 [ 14.  16.   8.]
 [ 12.   3.  17.]]
cf_score, 27.0
nv_score, -5.0
ratio, 0.464646464646
[[  7.  14.   9.]
 [ 10.  16.   7.]
 [ 10.   8.  19.]]
cf_score, 23.0
nv_score, -6.0
ratio, 0.424242424242
[[ 12.  16.   6.]
 [ 10.  13.  10.]
 [ 10.   7.  16.]]
cf_score, 25.0
nv_score, -6.0
ratio, 0.414141414141
[[ 12.  13.   6.]
 [ 13.  14.  10.]
 [ 10.   5.  17.]]
cf_score, 27.0
nv_score, -5.0
ratio, 0.434343434343
[[  5.  16.   5.]
 [  1.  20.  13.]
 [  7.   9.  24.]]
cf_score, 37.0
nv_score, 1.0
ratio, 0.494949494949
[[ 11.  23.   4.]
 [  4.  21.   7.]
 [  6.  12.  12.]]
cf_score, 34.0
nv_score, -3.0
ratio, 0.444444444444
[[  8.  21.   8.]
 [  5.  16.   8.]
 [  7.  11.  16.]]
cf_score, 25.0
nv_score, -8.0
ratio, 0.40404040404
[[  9.  12.   7.]
 [  7.  25.  11.]
 [  7.   7.  15.]]
cf_score, 35.0
nv_score, -10.0
ratio, 0.494949494949
[[ 14.  15.   4.]
 [  8.  19.   8.]
 [  6.  19.   7.]]
cf_score, 30.0
nv_score, -9.0
ratio, 0.40404040404
[[  8.  20.   5.]
 [  9.  20.   3.]
 [  8.  14.  13.]]
cf_score, 28.0
nv_score, 0.0
ratio, 0.414141414141
[[  6.  13.   7.]
 [  4.  20.   7.]
 [ 17.   8.  18.]]
cf_score, 20.0
nv_score, -3.0
ratio, 0.444444444444
[[  8.  14.  12.]
 [  3.  17.  13.]
 [  3.  13.  17.]]
cf_score, 27.0
nv_score, -20.0
ratio, 0.424242424242
[[ 12.  16.   7.]
 [  4.  18.   7.]
 [ 14.   6.  16.]]
cf_score, 25.0
nv_score, -5.0
ratio, 0.464646464646
[[  7.  14.  13.]
 [  4.  20.  13.]
 [  1.  12.  16.]]
cf_score, 29.0
nv_score, -23.0
ratio, 0.434343434343
[[ 18.  12.   9.]
 [  4.  19.  12.]
 [  3.  11.  12.]]
cf_score, 37.0
nv_score, -18.0
ratio, 0.494949494949
[[ 11.  12.   3.]
 [  4.  21.  11.]
 [ 10.  10.  18.]]
cf_score, 37.0
nv_score, 1.0
ratio, 0.505050505051
[[  9.  11.   9.]
 [  6.  15.   8.]
 [ 12.  14.  16.]]
cf_score, 19.0
nv_score, -10.0
ratio, 0.40404040404
[[ 13.  13.   5.]
 [  7.  15.   8.]
 [  8.  11.  20.]]
cf_score, 35.0
nv_score, 2.0
ratio, 0.484848484848
[[ 14.  18.   7.]
 [  9.  15.   7.]
 [ 10.   6.  14.]]
cf_score, 26.0
nv_score, -7.0
ratio, 0.434343434343
[[ 12.  13.  11.]
 [  6.  17.   9.]
 [  5.   6.  21.]]
cf_score, 34.0
nv_score, -10.0
ratio, 0.505050505051
[[  5.  16.   6.]
 [  7.  17.   6.]
 [ 13.  10.  20.]]
cf_score, 23.0
nv_score, 2.0
ratio, 0.424242424242
[[ 10.  17.  12.]
 [  5.  12.  14.]
 [  2.   3.  25.]]
cf_score, 33.0
nv_score, -13.0
ratio, 0.474747474747
[[ 16.  11.   7.]
 [  9.  16.   9.]
 [ 12.   8.  12.]]
cf_score, 25.0
nv_score, -11.0
ratio, 0.444444444444
[[ 10.  15.  10.]
 [  6.  21.   8.]
 [  8.   3.  19.]]
cf_score, 32.0
nv_score, -9.0
ratio, 0.505050505051
