[[  0.  39.   0.]
 [  0.  32.   0.]
 [  0.  29.   0.]]
cf_score, 32.0
nv_score, 0.0
ratio, 0.323232323232
[[  0.  13.  25.]
 [  0.  14.  17.]
 [  0.   7.  24.]]
cf_score, 13.0
nv_score, -43.0
ratio, 0.383838383838
[[  0.  34.   0.]
 [  0.  34.   0.]
 [  0.  32.   0.]]
cf_score, 34.0
nv_score, 0.0
ratio, 0.343434343434
[[  0.  15.  21.]
 [  0.  12.  23.]
 [  0.   6.  23.]]
cf_score, 14.0
nv_score, -42.0
ratio, 0.353535353535
[[  0.  20.  11.]
 [  0.  17.  15.]
 [  0.  14.  23.]]
cf_score, 29.0
nv_score, -14.0
ratio, 0.40404040404
[[  0.  17.  26.]
 [  0.  15.  18.]
 [  0.   5.  19.]]
cf_score, 8.0
nv_score, -51.0
ratio, 0.343434343434
[[  0.  18.   9.]
 [  0.  25.  19.]
 [  0.  12.  17.]]
cf_score, 33.0
nv_score, -20.0
ratio, 0.424242424242
[[  0.  13.  17.]
 [  0.  15.  22.]
 [  0.  14.  19.]]
cf_score, 17.0
nv_score, -37.0
ratio, 0.343434343434
[[  0.  27.  14.]
 [  0.  17.  13.]
 [  0.   9.  20.]]
cf_score, 23.0
nv_score, -21.0
ratio, 0.373737373737
[[  0.  28.  16.]
 [  0.  13.  11.]
 [  0.   7.  25.]]
cf_score, 22.0
nv_score, -18.0
ratio, 0.383838383838
[[  1.  15.  14.]
 [  4.  17.   7.]
 [  0.  19.  23.]]
cf_score, 27.0
nv_score, -12.0
ratio, 0.414141414141
[[  0.  23.  12.]
 [  0.  24.  18.]
 [  0.  12.  11.]]
cf_score, 23.0
nv_score, -31.0
ratio, 0.353535353535
[[  0.  27.  13.]
 [  0.  33.   4.]
 [  0.  14.   9.]]
cf_score, 29.0
nv_score, -21.0
ratio, 0.424242424242
[[  0.  28.  13.]
 [  0.  16.  13.]
 [  0.  16.  14.]]
cf_score, 17.0
nv_score, -25.0
ratio, 0.30303030303
[[  0.  24.  11.]
 [  0.  22.  10.]
 [  0.  23.  10.]]
cf_score, 21.0
nv_score, -22.0
ratio, 0.323232323232
[[  0.  18.  14.]
 [  0.  14.  15.]
 [  0.  14.  25.]]
cf_score, 25.0
nv_score, -18.0
ratio, 0.393939393939
[[  0.  20.  15.]
 [  0.  28.   8.]
 [  0.  18.  11.]]
cf_score, 24.0
nv_score, -27.0
ratio, 0.393939393939
[[  0.  22.  13.]
 [  0.  21.  13.]
 [  0.  15.  16.]]
cf_score, 24.0
nv_score, -23.0
ratio, 0.373737373737
[[  0.  26.   6.]
 [  0.  31.   8.]
 [  0.  16.  13.]]
cf_score, 38.0
nv_score, -7.0
ratio, 0.444444444444
[[  0.  23.  12.]
 [  0.  19.  16.]
 [  0.   9.  21.]]
cf_score, 28.0
nv_score, -19.0
ratio, 0.40404040404
[[  0.  30.   7.]
 [  0.  26.   6.]
 [  0.  18.  13.]]
cf_score, 32.0
nv_score, -7.0
ratio, 0.393939393939
[[  0.  30.  12.]
 [  0.  30.   3.]
 [  0.  18.   7.]]
cf_score, 25.0
nv_score, -20.0
ratio, 0.373737373737
[[  0.  33.   4.]
 [  0.  27.   8.]
 [  0.  17.  11.]]
cf_score, 34.0
nv_score, -5.0
ratio, 0.383838383838
[[  0.  20.   9.]
 [  0.  28.   7.]
 [  0.  23.  13.]]
cf_score, 32.0
nv_score, -12.0
ratio, 0.414141414141
[[  0.  29.   5.]
 [  0.  29.   8.]
 [  0.  19.  10.]]
cf_score, 34.0
nv_score, -8.0
ratio, 0.393939393939
[[  0.  25.  16.]
 [  0.  23.  13.]
 [  0.  15.   8.]]
cf_score, 15.0
nv_score, -37.0
ratio, 0.313131313131
[[  0.  27.   5.]
 [  0.  24.   8.]
 [  0.  26.  10.]]
cf_score, 29.0
nv_score, -8.0
ratio, 0.343434343434
[[  0.  27.  11.]
 [  0.  24.   5.]
 [  0.  17.  16.]]
cf_score, 29.0
nv_score, -11.0
ratio, 0.40404040404
[[  0.  25.  10.]
 [  0.  22.   8.]
 [  0.  15.  20.]]
cf_score, 32.0
nv_score, -8.0
ratio, 0.424242424242
[[  0.  28.   7.]
 [  0.  26.   7.]
 [  0.  23.   9.]]
cf_score, 28.0
nv_score, -12.0
ratio, 0.353535353535
[[  0.  23.   7.]
 [  0.  22.  11.]
 [  0.  19.  18.]]
cf_score, 33.0
nv_score, -7.0
ratio, 0.40404040404
[[ 11.  15.   5.]
 [ 21.   9.  10.]
 [ 10.  12.   7.]]
cf_score, 12.0
nv_score, -13.0
ratio, 0.272727272727
[[ 14.  20.  10.]
 [ 11.  10.   6.]
 [  7.  10.  12.]]
cf_score, 19.0
nv_score, -14.0
ratio, 0.363636363636
[[  8.  20.   5.]
 [  7.  22.   8.]
 [  5.  17.   8.]]
cf_score, 28.0
nv_score, -10.0
ratio, 0.383838383838
[[ 11.  13.   5.]
 [ 13.  14.  11.]
 [ 10.  11.  12.]]
cf_score, 22.0
nv_score, -9.0
ratio, 0.373737373737
[[  9.  20.   7.]
 [ 11.  14.   5.]
 [  3.  17.  14.]]
cf_score, 27.0
nv_score, -5.0
ratio, 0.373737373737
[[ 11.  12.   5.]
 [ 13.  28.   2.]
 [ 11.  14.   4.]]
cf_score, 27.0
nv_score, -8.0
ratio, 0.434343434343
[[ 12.  21.   4.]
 [ 11.  15.  10.]
 [  6.   7.  14.]]
cf_score, 31.0
nv_score, -4.0
ratio, 0.414141414141
[[ 17.  18.   3.]
 [ 17.  17.   4.]
 [  6.  11.   7.]]
cf_score, 32.0
nv_score, -3.0
ratio, 0.414141414141
[[ 14.  18.   6.]
 [ 17.   6.   3.]
 [ 16.  12.   8.]]
cf_score, 6.0
nv_score, -7.0
ratio, 0.282828282828
[[  8.  15.   2.]
 [ 19.  13.   4.]
 [  9.  17.  13.]]
cf_score, 23.0
nv_score, 5.0
ratio, 0.343434343434
[[ 11.  22.   3.]
 [ 10.  23.   4.]
 [ 10.  13.   4.]]
cf_score, 25.0
nv_score, -6.0
ratio, 0.383838383838
[[ 13.  19.   5.]
 [ 14.  12.   6.]
 [  4.  20.   7.]]
cf_score, 23.0
nv_score, -9.0
ratio, 0.323232323232
[[ 12.  14.   4.]
 [  9.  15.   4.]
 [ 10.  17.  15.]]
cf_score, 28.0
nv_score, 3.0
ratio, 0.424242424242
[[  9.  21.   5.]
 [ 15.  17.   7.]
 [  4.  14.   8.]]
cf_score, 25.0
nv_score, -9.0
ratio, 0.343434343434
[[ 15.  16.   5.]
 [ 11.  11.  10.]
 [ 10.   7.  15.]]
cf_score, 26.0
nv_score, -5.0
ratio, 0.414141414141
[[  7.  24.   3.]
 [ 10.  21.   4.]
 [  3.  18.  10.]]
cf_score, 32.0
nv_score, 0.0
ratio, 0.383838383838
[[ 14.  21.   6.]
 [  9.  15.   1.]
 [ 13.   8.  13.]]
cf_score, 23.0
nv_score, 0.0
ratio, 0.424242424242
[[ 23.  11.   1.]
 [ 20.  12.   6.]
 [ 13.   9.   5.]]
cf_score, 26.0
nv_score, -3.0
ratio, 0.40404040404
[[ 17.  14.   7.]
 [ 16.  11.   2.]
 [ 11.  10.  12.]]
cf_score, 22.0
nv_score, -4.0
ratio, 0.40404040404
