[[  0.  16.  12.]
 [  0.  20.  18.]
 [  0.  17.  17.]]
cf_score, 25.0
ratio, 0.373737373737
[[ 28.   1.   8.]
 [ 23.   2.   6.]
 [ 15.   4.  13.]]
cf_score, 20.0
ratio, 0.434343434343
[[ 15.   3.  14.]
 [ 16.   6.  11.]
 [ 14.   1.  20.]]
cf_score, 13.0
ratio, 0.414141414141
[[ 20.   3.   9.]
 [ 32.   1.   6.]
 [ 14.   3.  12.]]
cf_score, 10.0
ratio, 0.333333333333
[[ 25.   0.   7.]
 [ 27.   2.   9.]
 [ 14.   1.  15.]]
cf_score, 21.0
ratio, 0.424242424242
[[ 24.   3.   6.]
 [ 23.   2.   5.]
 [ 22.   4.  11.]]
cf_score, 9.0
ratio, 0.373737373737
[[ 19.   3.  11.]
 [ 23.   1.   5.]
 [ 17.   6.  15.]]
cf_score, 7.0
ratio, 0.353535353535
[[ 20.   5.  12.]
 [ 22.   4.   2.]
 [  7.   6.  22.]]
cf_score, 27.0
ratio, 0.464646464646
[[ 16.   5.  11.]
 [ 26.   6.   9.]
 [ 11.   3.  13.]]
cf_score, 13.0
ratio, 0.353535353535
[[ 14.   9.  11.]
 [ 13.   5.  10.]
 [ 15.   5.  18.]]
cf_score, 11.0
ratio, 0.373737373737
[[ 16.   3.  11.]
 [ 20.   6.  11.]
 [ 15.   3.  15.]]
cf_score, 11.0
ratio, 0.373737373737
[[ 17.   4.   8.]
 [ 27.   5.   6.]
 [ 12.   4.  17.]]
cf_score, 19.0
ratio, 0.393939393939
[[ 14.   1.  10.]
 [ 18.  16.  13.]
 [ 11.   6.  11.]]
cf_score, 20.0
ratio, 0.414141414141
[[ 20.   9.  12.]
 [ 16.   7.   4.]
 [ 12.   3.  17.]]
cf_score, 20.0
ratio, 0.444444444444
[[ 19.   6.   7.]
 [ 19.   7.   8.]
 [ 16.   2.  16.]]
cf_score, 19.0
ratio, 0.424242424242
[[ 23.   8.   9.]
 [ 16.   3.   5.]
 [ 13.   3.  20.]]
cf_score, 24.0
ratio, 0.464646464646
[[ 21.   9.   3.]
 [ 18.  10.  11.]
 [ 14.   6.   8.]]
cf_score, 22.0
ratio, 0.393939393939
[[ 16.   7.  14.]
 [ 12.   2.  17.]
 [ 11.   3.  18.]]
cf_score, 11.0
ratio, 0.363636363636
[[ 25.   2.  10.]
 [ 13.   5.  10.]
 [ 11.   5.  19.]]
cf_score, 28.0
ratio, 0.494949494949
[[ 25.   3.   9.]
 [ 18.   2.  11.]
 [ 14.   3.  15.]]
cf_score, 19.0
ratio, 0.424242424242
[[ 33.   4.   8.]
 [ 16.   6.   7.]
 [ 11.   7.   8.]]
cf_score, 28.0
ratio, 0.474747474747
[[ 11.   7.  10.]
 [ 18.  10.   6.]
 [ 17.   4.  17.]]
cf_score, 11.0
ratio, 0.383838383838
[[ 17.   6.  12.]
 [ 15.   5.   7.]
 [ 14.   3.  21.]]
cf_score, 17.0
ratio, 0.434343434343
[[ 14.   9.  10.]
 [ 13.   9.  11.]
 [ 10.   4.  20.]]
cf_score, 23.0
ratio, 0.434343434343
[[ 26.   4.  11.]
 [ 10.   6.   9.]
 [  7.   5.  22.]]
cf_score, 36.0
ratio, 0.545454545455
[[ 26.   4.   6.]
 [ 14.   6.   6.]
 [ 10.   9.  19.]]
cf_score, 35.0
ratio, 0.515151515152
[[ 16.   1.  12.]
 [ 13.   4.  11.]
 [ 15.   9.  19.]]
cf_score, 12.0
ratio, 0.393939393939
[[ 30.   6.   4.]
 [ 22.   6.   6.]
 [ 10.   1.  15.]]
cf_score, 37.0
ratio, 0.515151515152
[[ 18.  10.  16.]
 [ 13.   5.   5.]
 [ 13.   6.  14.]]
cf_score, 8.0
ratio, 0.373737373737
[[ 18.   3.   6.]
 [ 14.   5.  14.]
 [ 13.   6.  21.]]
cf_score, 25.0
ratio, 0.444444444444
[[ 16.  10.   9.]
 [ 13.   7.  10.]
 [ 10.   9.  16.]]
cf_score, 20.0
ratio, 0.393939393939
[[ 15.   4.  12.]
 [ 10.   9.   8.]
 [  9.   7.  26.]]
cf_score, 29.0
ratio, 0.505050505051
[[ 16.   6.   7.]
 [ 16.   8.   7.]
 [ 20.   7.  13.]]
cf_score, 10.0
ratio, 0.373737373737
[[ 21.   2.   9.]
 [ 16.   9.  13.]
 [ 11.   8.  11.]]
cf_score, 21.0
ratio, 0.414141414141
[[ 11.   6.   8.]
 [ 18.   7.  11.]
 [ 20.   7.  12.]]
cf_score, 2.0
ratio, 0.30303030303
[[ 19.   7.  12.]
 [ 16.   8.   7.]
 [  7.   4.  20.]]
cf_score, 28.0
ratio, 0.474747474747
[[ 23.   6.   4.]
 [ 19.   7.  11.]
 [ 12.   5.  13.]]
cf_score, 27.0
ratio, 0.434343434343
[[ 24.   3.  12.]
 [ 17.   6.  10.]
 [ 10.   3.  15.]]
cf_score, 23.0
ratio, 0.454545454545
[[ 24.   3.   7.]
 [ 26.   8.   7.]
 [  8.   5.  12.]]
cf_score, 29.0
ratio, 0.444444444444
[[ 21.   6.   5.]
 [ 20.   7.   7.]
 [ 14.   8.  12.]]
cf_score, 21.0
ratio, 0.40404040404
[[ 20.   9.  13.]
 [ 16.  12.   5.]
 [ 11.   1.  13.]]
cf_score, 21.0
ratio, 0.454545454545
[[ 16.  10.   9.]
 [ 18.   6.  12.]
 [ 17.   4.   8.]]
cf_score, 4.0
ratio, 0.30303030303
[[ 22.   4.   9.]
 [ 10.   6.   7.]
 [ 13.   7.  22.]]
cf_score, 28.0
ratio, 0.505050505051
[[ 16.   7.   5.]
 [ 15.   8.   7.]
 [ 17.   6.  19.]]
cf_score, 21.0
ratio, 0.434343434343
[[ 22.   9.  10.]
 [ 14.   8.  10.]
 [  7.   8.  12.]]
cf_score, 25.0
ratio, 0.424242424242
[[ 18.   7.  14.]
 [ 16.   5.  13.]
 [  7.   4.  16.]]
cf_score, 18.0
ratio, 0.393939393939
[[ 17.   7.   9.]
 [  9.  12.   8.]
 [ 15.   9.  14.]]
cf_score, 19.0
ratio, 0.434343434343
[[ 16.  10.  13.]
 [ 14.   9.  16.]
 [  8.   3.  11.]]
cf_score, 15.0
ratio, 0.363636363636
[[ 14.   8.  17.]
 [ 12.   6.  14.]
 [ 10.   4.  15.]]
cf_score, 8.0
ratio, 0.353535353535
[[ 11.   9.  11.]
 [ 12.  11.   9.]
 [  9.   1.  27.]]
cf_score, 29.0
ratio, 0.494949494949
[[ 16.   2.  12.]
 [ 14.   7.  14.]
 [ 13.   8.  14.]]
cf_score, 12.0
ratio, 0.373737373737
[[ 23.   7.   7.]
 [ 19.   5.   5.]
 [ 14.   4.  16.]]
cf_score, 23.0
ratio, 0.444444444444
[[ 17.   8.   7.]
 [ 12.   8.  11.]
 [ 10.   9.  18.]]
cf_score, 26.0
ratio, 0.434343434343
[[ 21.   5.   7.]
 [ 16.   6.  17.]
 [  6.   3.  19.]]
cf_score, 33.0
ratio, 0.464646464646
[[ 18.   8.  10.]
 [ 11.   9.  11.]
 [ 12.   5.  16.]]
cf_score, 21.0
ratio, 0.434343434343
[[ 14.   5.  11.]
 [ 15.   8.  12.]
 [ 12.   9.  14.]]
cf_score, 13.0
ratio, 0.363636363636
[[ 16.   5.  11.]
 [ 12.   4.  13.]
 [ 16.   6.  17.]]
cf_score, 10.0
ratio, 0.373737373737
[[ 20.   5.   7.]
 [ 18.  11.   8.]
 [  9.   3.  19.]]
cf_score, 34.0
ratio, 0.505050505051
[[ 18.   3.  10.]
 [ 18.  10.   6.]
 [ 12.   8.  15.]]
cf_score, 21.0
ratio, 0.434343434343
[[ 13.   7.  14.]
 [ 13.   9.  12.]
 [ 10.  11.  11.]]
cf_score, 9.0
ratio, 0.333333333333
[[ 18.   9.   5.]
 [ 16.   6.   8.]
 [ 15.   8.  15.]]
cf_score, 19.0
ratio, 0.393939393939
[[ 12.  11.   6.]
 [ 16.   4.  13.]
 [ 14.   6.  18.]]
cf_score, 14.0
ratio, 0.343434343434
[[ 26.   4.   7.]
 [ 20.   8.   6.]
 [ 14.   6.   9.]]
cf_score, 22.0
ratio, 0.434343434343
[[ 13.   3.   9.]
 [ 20.   9.  10.]
 [ 10.   7.  19.]]
cf_score, 22.0
ratio, 0.414141414141
[[ 13.   8.  10.]
 [ 14.   7.  13.]
 [  9.   8.  18.]]
cf_score, 19.0
ratio, 0.383838383838
[[ 18.  13.   9.]
 [ 15.   5.   8.]
 [  8.   7.  17.]]
cf_score, 23.0
ratio, 0.40404040404
[[ 18.   8.   9.]
 [ 15.   9.  12.]
 [ 12.   5.  12.]]
cf_score, 18.0
ratio, 0.393939393939
[[ 18.  15.  12.]
 [ 13.   8.  13.]
 [  6.   3.  12.]]
cf_score, 20.0
ratio, 0.383838383838
[[ 12.   9.  10.]
 [ 15.   5.  13.]
 [  8.   3.  25.]]
cf_score, 24.0
ratio, 0.424242424242
[[ 23.   6.  10.]
 [ 15.   8.  10.]
 [ 12.   4.  12.]]
cf_score, 21.0
ratio, 0.434343434343
[[ 20.   7.   8.]
 [ 11.   9.   8.]
 [  5.  12.  20.]]
cf_score, 36.0
ratio, 0.494949494949
[[ 21.   4.  11.]
 [ 11.   4.  14.]
 [ 12.   7.  16.]]
cf_score, 18.0
ratio, 0.414141414141
[[ 22.   7.   6.]
 [ 19.  12.   5.]
 [ 11.   2.  16.]]
cf_score, 33.0
ratio, 0.505050505051
[[ 10.  16.  11.]
 [  7.   8.   9.]
 [  6.  10.  23.]]
cf_score, 24.0
ratio, 0.414141414141
[[ 19.   9.   8.]
 [ 15.   6.   8.]
 [ 10.   9.  16.]]
cf_score, 23.0
ratio, 0.414141414141
[[ 13.   9.  12.]
 [ 18.   8.   6.]
 [  9.   4.  21.]]
cf_score, 21.0
ratio, 0.424242424242
[[  9.   8.  17.]
 [ 12.   8.  18.]
 [  6.   7.  15.]]
cf_score, 9.0
ratio, 0.323232323232
[[ 16.   7.  10.]
 [ 25.  10.   9.]
 [  5.   1.  17.]]
cf_score, 28.0
ratio, 0.434343434343
[[ 20.   6.   7.]
 [ 24.   7.   5.]
 [ 17.   4.  10.]]
cf_score, 13.0
ratio, 0.373737373737
[[ 19.   4.   6.]
 [ 14.   7.  15.]
 [ 12.   4.  19.]]
cf_score, 27.0
ratio, 0.454545454545
[[ 16.  13.   7.]
 [ 14.   7.  10.]
 [ 10.   8.  15.]]
cf_score, 21.0
ratio, 0.383838383838
[[ 13.  15.  12.]
 [ 11.   3.  17.]
 [ 11.   8.  10.]]
cf_score, 3.0
ratio, 0.262626262626
[[ 20.   9.  10.]
 [ 17.   6.   6.]
 [ 11.   9.  12.]]
cf_score, 17.0
ratio, 0.383838383838
[[ 17.   8.   8.]
 [ 13.   4.   8.]
 [ 13.   7.  22.]]
cf_score, 22.0
ratio, 0.434343434343
[[ 10.  11.  16.]
 [ 15.   9.  10.]
 [  2.   7.  20.]]
cf_score, 21.0
ratio, 0.393939393939
[[  9.  12.  13.]
 [ 14.   8.   6.]
 [ 10.   9.  19.]]
cf_score, 13.0
ratio, 0.363636363636
[[ 21.   5.  10.]
 [  8.  11.   7.]
 [  8.   6.  24.]]
cf_score, 38.0
ratio, 0.565656565657
[[ 12.   9.   8.]
 [ 10.   8.  11.]
 [  9.  10.  23.]]
cf_score, 26.0
ratio, 0.434343434343
[[ 17.   8.   6.]
 [ 13.   3.  14.]
 [  8.  10.  21.]]
cf_score, 27.0
ratio, 0.414141414141
[[ 13.   5.   6.]
 [ 20.   7.  12.]
 [ 12.  11.  14.]]
cf_score, 16.0
ratio, 0.343434343434
[[ 10.  11.  12.]
 [ 17.  12.  13.]
 [  3.   5.  17.]]
cf_score, 24.0
ratio, 0.393939393939
[[ 15.   9.   7.]
 [ 16.   3.  14.]
 [ 11.   3.  22.]]
cf_score, 22.0
ratio, 0.40404040404
[[ 22.   8.   7.]
 [ 15.   7.   8.]
 [ 13.   8.  12.]]
cf_score, 21.0
ratio, 0.414141414141
[[ 16.  10.   7.]
 [  9.  11.  11.]
 [ 15.   3.  18.]]
cf_score, 23.0
ratio, 0.454545454545
[[ 18.   6.  12.]
 [ 15.   9.   5.]
 [  5.   9.  21.]]
cf_score, 31.0
ratio, 0.484848484848
[[ 12.   4.  12.]
 [ 14.   8.  12.]
 [ 13.   5.  20.]]
cf_score, 15.0
ratio, 0.40404040404
[[ 10.  13.  12.]
 [ 16.   8.  16.]
 [  7.   4.  14.]]
cf_score, 13.0
ratio, 0.323232323232
[[ 14.   7.   7.]
 [ 17.  10.  15.]
 [  4.   6.  20.]]
cf_score, 33.0
ratio, 0.444444444444
[[  9.   8.  13.]
 [ 11.  11.  19.]
 [  5.  10.  14.]]
cf_score, 16.0
ratio, 0.343434343434
[[ 16.   8.  14.]
 [  9.  10.  10.]
 [  9.   6.  18.]]
cf_score, 21.0
ratio, 0.444444444444
