[[ 29.  17.   1.]
 [ 17.   8.   2.]
 [ 11.  14.   1.]]
cf_score, 26.0
nv_score, -3.0
ratio, 0.383838383838
[[ 17.   9.   0.]
 [ 17.  18.   3.]
 [ 14.  20.   2.]]
cf_score, 23.0
nv_score, -1.0
ratio, 0.373737373737
[[ 18.  14.   5.]
 [  9.  16.   5.]
 [  7.  24.   2.]]
cf_score, 24.0
nv_score, -13.0
ratio, 0.363636363636
[[ 19.   8.   6.]
 [ 20.   8.   5.]
 [ 21.   7.   6.]]
cf_score, 6.0
nv_score, -11.0
ratio, 0.333333333333
[[ 11.  15.   2.]
 [ 15.  22.   1.]
 [ 13.  17.   4.]]
cf_score, 22.0
nv_score, -1.0
ratio, 0.373737373737
[[ 22.  10.   0.]
 [ 12.  17.   7.]
 [ 17.  13.   2.]]
cf_score, 24.0
nv_score, -5.0
ratio, 0.414141414141
[[ 26.   8.   3.]
 [ 12.  13.   3.]
 [ 16.  14.   5.]]
cf_score, 25.0
nv_score, -4.0
ratio, 0.444444444444
[[ 18.  15.   5.]
 [  8.  14.   4.]
 [ 20.  11.   5.]]
cf_score, 12.0
nv_score, -9.0
ratio, 0.373737373737
[[ 16.  13.   8.]
 [ 10.  17.   7.]
 [  8.  18.   3.]]
cf_score, 20.0
nv_score, -20.0
ratio, 0.363636363636
[[ 18.   9.   6.]
 [  7.  13.  11.]
 [ 14.  17.   5.]]
cf_score, 16.0
nv_score, -18.0
ratio, 0.363636363636
[[ 21.   9.   7.]
 [ 11.  17.   7.]
 [ 11.  11.   6.]]
cf_score, 26.0
nv_score, -15.0
ratio, 0.444444444444
[[ 21.   8.  11.]
 [ 13.   8.   8.]
 [ 11.  15.   5.]]
cf_score, 12.0
nv_score, -25.0
ratio, 0.343434343434
[[ 24.   6.  10.]
 [ 14.   8.   4.]
 [ 18.  10.   6.]]
cf_score, 10.0
nv_score, -18.0
ratio, 0.383838383838
[[ 13.   6.   6.]
 [ 18.  10.  12.]
 [ 12.  16.   7.]]
cf_score, 12.0
nv_score, -17.0
ratio, 0.30303030303
[[ 26.   5.  13.]
 [ 11.  11.   8.]
 [ 11.   6.   9.]]
cf_score, 22.0
nv_score, -25.0
ratio, 0.464646464646
[[ 13.   6.  13.]
 [ 11.   6.  10.]
 [ 14.  17.  10.]]
cf_score, 2.0
nv_score, -26.0
ratio, 0.292929292929
[[ 13.   6.  18.]
 [ 11.   7.  11.]
 [ 11.  13.  10.]]
cf_score, 1.0
nv_score, -37.0
ratio, 0.30303030303
[[ 14.  12.  15.]
 [ 12.   8.   6.]
 [  8.   9.  16.]]
cf_score, 15.0
nv_score, -20.0
ratio, 0.383838383838
[[ 14.  12.  10.]
 [  3.  10.   9.]
 [ 17.  11.  14.]]
cf_score, 11.0
nv_score, -15.0
ratio, 0.383838383838
[[ 11.   7.  13.]
 [ 18.   5.  14.]
 [ 11.   7.  14.]]
cf_score, 6.0
nv_score, -26.0
ratio, 0.30303030303
[[ 22.  10.   3.]
 [ 10.  10.   7.]
 [ 11.   8.  19.]]
cf_score, 37.0
nv_score, 6.0
ratio, 0.515151515152
[[ 14.  12.   6.]
 [ 17.  11.  12.]
 [  2.   7.  19.]]
cf_score, 36.0
nv_score, -5.0
ratio, 0.444444444444
[[ 16.   8.   8.]
 [ 15.  12.   5.]
 [ 11.  10.  15.]]
cf_score, 24.0
nv_score, -6.0
ratio, 0.434343434343
[[ 15.  17.  12.]
 [ 11.  12.   6.]
 [ 12.   5.  10.]]
cf_score, 13.0
nv_score, -20.0
ratio, 0.373737373737
[[ 29.   4.   7.]
 [ 18.  11.   5.]
 [  8.   6.  12.]]
cf_score, 37.0
nv_score, -7.0
ratio, 0.525252525253
[[ 24.  16.   8.]
 [  6.  12.   2.]
 [ 13.  12.   7.]]
cf_score, 22.0
nv_score, -11.0
ratio, 0.434343434343
[[ 13.  10.  10.]
 [ 11.  18.   6.]
 [  8.  11.  13.]]
cf_score, 26.0
nv_score, -13.0
ratio, 0.444444444444
[[ 16.  14.   3.]
 [ 17.  11.   8.]
 [ 10.  17.   4.]]
cf_score, 18.0
nv_score, -10.0
ratio, 0.313131313131
[[ 11.  13.   8.]
 [ 13.  17.   3.]
 [ 10.  14.  11.]]
cf_score, 21.0
nv_score, -8.0
ratio, 0.393939393939
[[ 15.   9.   9.]
 [ 14.  13.   6.]
 [ 10.  13.  11.]]
cf_score, 20.0
nv_score, -13.0
ratio, 0.393939393939
[[ 13.  13.   4.]
 [ 18.  13.   2.]
 [ 13.  15.   9.]]
cf_score, 18.0
nv_score, -1.0
ratio, 0.353535353535
[[ 14.  19.  10.]
 [ 13.  12.   6.]
 [  9.  11.   6.]]
cf_score, 13.0
nv_score, -20.0
ratio, 0.323232323232
[[ 19.  14.   8.]
 [ 10.  11.   3.]
 [ 16.   8.  11.]]
cf_score, 17.0
nv_score, -8.0
ratio, 0.414141414141
[[ 17.  19.   8.]
 [ 13.  10.   5.]
 [  7.  14.   7.]]
cf_score, 19.0
nv_score, -14.0
ratio, 0.343434343434
[[ 15.  16.  11.]
 [ 10.  14.   2.]
 [ 11.  10.  11.]]
cf_score, 18.0
nv_score, -13.0
ratio, 0.40404040404
[[  7.  14.  13.]
 [  8.  19.   6.]
 [ 11.  13.   9.]]
cf_score, 11.0
nv_score, -23.0
ratio, 0.353535353535
[[ 14.   8.   3.]
 [ 12.  19.   4.]
 [ 11.  14.  15.]]
cf_score, 34.0
nv_score, 5.0
ratio, 0.484848484848
[[ 14.  16.   5.]
 [ 13.  12.   9.]
 [ 10.  12.   9.]]
cf_score, 20.0
nv_score, -10.0
ratio, 0.353535353535
[[  8.  14.   9.]
 [ 17.  12.   9.]
 [  9.  12.  10.]]
cf_score, 12.0
nv_score, -17.0
ratio, 0.30303030303
[[ 15.  15.   9.]
 [ 10.  18.   7.]
 [ 11.   9.   6.]]
cf_score, 19.0
nv_score, -19.0
ratio, 0.393939393939
[[ 18.  12.  11.]
 [  9.  16.   2.]
 [  7.  15.  10.]]
cf_score, 26.0
nv_score, -14.0
ratio, 0.444444444444
[[ 18.  11.   7.]
 [ 10.   6.   9.]
 [ 12.  11.  16.]]
cf_score, 21.0
nv_score, -7.0
ratio, 0.40404040404
[[ 18.   9.  12.]
 [ 10.  16.   4.]
 [  9.  12.  10.]]
cf_score, 23.0
nv_score, -18.0
ratio, 0.444444444444
[[ 12.  12.   6.]
 [  8.  15.  13.]
 [ 13.  12.   9.]]
cf_score, 17.0
nv_score, -16.0
ratio, 0.363636363636
[[ 19.   9.   6.]
 [ 15.  17.   2.]
 [ 14.  13.   5.]]
cf_score, 21.0
nv_score, -9.0
ratio, 0.414141414141
[[ 17.  12.   7.]
 [ 11.  13.   7.]
 [ 10.  12.  11.]]
cf_score, 24.0
nv_score, -10.0
ratio, 0.414141414141
[[ 18.   7.   5.]
 [ 13.  11.   6.]
 [ 10.  20.  10.]]
cf_score, 24.0
nv_score, -6.0
ratio, 0.393939393939
[[  9.  12.  11.]
 [ 10.  17.   3.]
 [ 16.  16.   6.]]
cf_score, 5.0
nv_score, -19.0
ratio, 0.323232323232
[[ 12.   9.  13.]
 [  8.  14.   7.]
 [  7.  18.  12.]]
cf_score, 18.0
nv_score, -21.0
ratio, 0.383838383838
[[ 18.  11.   5.]
 [ 10.  10.   3.]
 [ 13.  12.  18.]]
cf_score, 28.0
nv_score, 5.0
ratio, 0.464646464646
