[[  0.  18.   9.]
 [  2.  20.   8.]
 [  1.  18.  24.]]
cf_score, 34.0
nv_score, -2.0
ratio, 0.444444444444
[[  2.  11.  10.]
 [  6.  27.   7.]
 [  3.  12.  22.]]
cf_score, 38.0
nv_score, -5.0
ratio, 0.515151515152
[[ 19.   1.   7.]
 [ 25.   5.   7.]
 [  7.   3.  26.]]
cf_score, 36.0
nv_score, 5.0
ratio, 0.505050505051
[[ 23.   4.  12.]
 [ 10.   7.  13.]
 [  5.   4.  22.]]
cf_score, 35.0
nv_score, -15.0
ratio, 0.525252525253
[[ 17.   5.  20.]
 [  8.   5.   8.]
 [  2.   9.  26.]]
cf_score, 26.0
nv_score, -22.0
ratio, 0.484848484848
[[ 14.   7.   6.]
 [ 16.   7.  15.]
 [ 11.   4.  20.]]
cf_score, 24.0
nv_score, -7.0
ratio, 0.414141414141
[[ 13.   3.  13.]
 [ 12.   8.  20.]
 [  6.   5.  20.]]
cf_score, 22.0
nv_score, -26.0
ratio, 0.414141414141
[[ 10.   4.  12.]
 [  3.  12.  13.]
 [  9.  10.  27.]]
cf_score, 28.0
nv_score, -10.0
ratio, 0.494949494949
[[ 21.  11.   9.]
 [  9.   7.  11.]
 [  7.  10.  15.]]
cf_score, 27.0
nv_score, -14.0
ratio, 0.434343434343
[[ 13.   8.   9.]
 [  6.  15.  11.]
 [  4.   9.  25.]]
cf_score, 40.0
nv_score, -4.0
ratio, 0.535353535354
[[  9.   7.  10.]
 [  3.  20.  14.]
 [  1.  11.  25.]]
cf_score, 43.0
nv_score, -9.0
ratio, 0.545454545455
[[ 16.   6.   6.]
 [  7.  11.  14.]
 [  7.  15.  18.]]
cf_score, 32.0
nv_score, -8.0
ratio, 0.454545454545
[[ 16.  10.  11.]
 [  1.  14.  12.]
 [  6.   9.  21.]]
cf_score, 34.0
nv_score, -13.0
ratio, 0.515151515152
[[ 12.  11.   8.]
 [  4.  16.   6.]
 [  5.  13.  25.]]
cf_score, 40.0
nv_score, 3.0
ratio, 0.535353535354
[[ 19.  12.   9.]
 [  6.  12.  10.]
 [  3.  10.  19.]]
cf_score, 38.0
nv_score, -9.0
ratio, 0.505050505051
[[ 15.   9.   3.]
 [  2.  17.  14.]
 [  2.  13.  25.]]
cf_score, 52.0
nv_score, 5.0
ratio, 0.575757575758
[[ 13.  12.   7.]
 [  6.  20.   9.]
 [  4.   5.  24.]]
cf_score, 46.0
nv_score, 1.0
ratio, 0.575757575758
[[ 16.  10.  10.]
 [  5.  13.  17.]
 [  2.   8.  19.]]
cf_score, 36.0
nv_score, -18.0
ratio, 0.484848484848
[[ 11.   8.  15.]
 [  2.  15.   8.]
 [  2.  11.  28.]]
cf_score, 37.0
nv_score, -10.0
ratio, 0.545454545455
[[ 16.   7.  11.]
 [  4.  18.  12.]
 [  2.  11.  19.]]
cf_score, 40.0
nv_score, -15.0
ratio, 0.535353535354
[[ 14.  11.   3.]
 [  0.  17.   6.]
 [  7.  20.  22.]]
cf_score, 43.0
nv_score, 10.0
ratio, 0.535353535354
[[ 22.   9.   9.]
 [  2.  15.   7.]
 [  8.   4.  24.]]
cf_score, 44.0
nv_score, -1.0
ratio, 0.616161616162
[[ 15.   8.   4.]
 [  4.  14.  13.]
 [  3.  12.  27.]]
cf_score, 49.0
nv_score, 6.0
ratio, 0.565656565657
[[ 14.  12.  14.]
 [  7.  18.   6.]
 [  2.   6.  21.]]
cf_score, 37.0
nv_score, -13.0
ratio, 0.535353535354
[[ 18.   6.   9.]
 [  3.  21.  14.]
 [  2.  11.  16.]]
cf_score, 44.0
nv_score, -16.0
ratio, 0.555555555556
[[ 10.   7.  11.]
 [ 14.   8.  14.]
 [  6.   7.  23.]]
cf_score, 24.0
nv_score, -13.0
ratio, 0.414141414141
[[ 15.  13.  10.]
 [  7.   8.  11.]
 [  4.   9.  23.]]
cf_score, 32.0
nv_score, -8.0
ratio, 0.464646464646
[[ 10.   9.  11.]
 [  4.  13.  13.]
 [  4.  10.  26.]]
cf_score, 34.0
nv_score, -9.0
ratio, 0.494949494949
[[ 14.  14.  12.]
 [  6.  11.   9.]
 [  5.  13.  16.]]
cf_score, 24.0
nv_score, -17.0
ratio, 0.414141414141
[[ 11.   8.  16.]
 [  1.  20.  17.]
 [  1.  11.  15.]]
cf_score, 29.0
nv_score, -34.0
ratio, 0.464646464646
[[ 17.  17.   9.]
 [  1.   9.   9.]
 [  3.  12.  23.]]
cf_score, 37.0
nv_score, -4.0
ratio, 0.494949494949
[[ 12.  14.   9.]
 [  5.  14.  16.]
 [  2.   7.  21.]]
cf_score, 36.0
nv_score, -13.0
ratio, 0.474747474747
[[ 18.   7.   8.]
 [  8.  16.   8.]
 [  5.  12.  18.]]
cf_score, 39.0
nv_score, -6.0
ratio, 0.525252525253
[[  8.   8.  13.]
 [  1.  20.  13.]
 [  2.  12.  23.]]
cf_score, 36.0
nv_score, -16.0
ratio, 0.515151515152
[[ 15.  14.   9.]
 [  5.  19.  14.]
 [  1.   7.  16.]]
cf_score, 40.0
nv_score, -16.0
ratio, 0.505050505051
[[ 14.   9.   4.]
 [  9.  15.  13.]
 [  4.   9.  23.]]
cf_score, 44.0
nv_score, 2.0
ratio, 0.525252525253
[[ 11.  20.  10.]
 [  2.  16.   8.]
 [  0.  12.  21.]]
cf_score, 38.0
nv_score, -7.0
ratio, 0.484848484848
[[ 11.  12.  12.]
 [  0.  19.  14.]
 [  1.  11.  20.]]
cf_score, 37.0
nv_score, -18.0
ratio, 0.505050505051
[[ 17.  11.  12.]
 [  6.  12.  11.]
 [  3.  11.  17.]]
cf_score, 31.0
nv_score, -18.0
ratio, 0.464646464646
[[  8.  12.   7.]
 [  5.  17.   6.]
 [  7.  15.  23.]]
cf_score, 34.0
nv_score, 3.0
ratio, 0.484848484848
[[  9.  10.  13.]
 [  2.  23.  12.]
 [  4.   7.  20.]]
cf_score, 35.0
nv_score, -18.0
ratio, 0.525252525253
[[  7.  11.  10.]
 [  4.  22.  13.]
 [  3.  11.  19.]]
cf_score, 35.0
nv_score, -14.0
ratio, 0.484848484848
[[ 19.   9.   8.]
 [  9.  13.   9.]
 [  1.  15.  17.]]
cf_score, 40.0
nv_score, -8.0
ratio, 0.494949494949
[[ 16.   8.   6.]
 [ 11.  12.   6.]
 [  7.  12.  22.]]
cf_score, 37.0
nv_score, 4.0
ratio, 0.505050505051
[[ 13.  10.  15.]
 [  4.  15.  13.]
 [  5.   6.  19.]]
cf_score, 27.0
nv_score, -24.0
ratio, 0.474747474747
[[  6.   9.   8.]
 [  2.  17.  12.]
 [  1.  22.  23.]]
cf_score, 37.0
nv_score, -5.0
ratio, 0.464646464646
[[ 14.   8.  11.]
 [  5.  12.   7.]
 [  6.  14.  23.]]
cf_score, 32.0
nv_score, -6.0
ratio, 0.494949494949
[[ 10.   7.  13.]
 [  4.  14.  10.]
 [  6.  14.  22.]]
cf_score, 27.0
nv_score, -14.0
ratio, 0.464646464646
[[ 18.   8.   6.]
 [  7.  16.   2.]
 [  7.  13.  23.]]
cf_score, 44.0
nv_score, 9.0
ratio, 0.575757575758
[[ 15.   8.   6.]
 [ 11.  15.   7.]
 [  5.  10.  23.]]
cf_score, 42.0
nv_score, 4.0
ratio, 0.535353535354
