[[  2.  23.  11.]
 [  2.  16.  11.]
 [  2.  12.  21.]]
cf_score, 26.0
nv_score, -12.0
ratio, 0.393939393939
[[ 13.   8.  19.]
 [ 13.   5.  13.]
 [  3.   4.  22.]]
cf_score, 18.0
nv_score, -29.0
ratio, 0.40404040404
[[ 20.   4.   9.]
 [ 13.   2.   9.]
 [ 13.   2.  28.]]
cf_score, 28.0
nv_score, 1.0
ratio, 0.505050505051
[[ 17.   5.   8.]
 [ 25.   3.  12.]
 [ 13.   1.  16.]]
cf_score, 15.0
nv_score, -12.0
ratio, 0.363636363636
[[ 23.   5.   7.]
 [ 18.   5.   9.]
 [ 14.   1.  18.]]
cf_score, 25.0
nv_score, -5.0
ratio, 0.464646464646
[[ 20.   2.   8.]
 [ 21.   6.   7.]
 [ 10.   2.  24.]]
cf_score, 32.0
nv_score, 1.0
ratio, 0.505050505051
[[ 27.   4.   5.]
 [ 19.   6.  14.]
 [  7.   1.  17.]]
cf_score, 38.0
nv_score, -7.0
ratio, 0.505050505051
[[ 21.   2.   9.]
 [ 21.   3.  11.]
 [ 12.   3.  18.]]
cf_score, 21.0
nv_score, -11.0
ratio, 0.424242424242
[[ 16.   4.  10.]
 [ 20.   4.  17.]
 [  4.   1.  24.]]
cf_score, 30.0
nv_score, -13.0
ratio, 0.444444444444
[[ 18.   7.   3.]
 [ 19.   6.  19.]
 [  4.   1.  23.]]
cf_score, 40.0
nv_score, -2.0
ratio, 0.474747474747
[[ 22.   2.  10.]
 [ 16.   6.  20.]
 [  6.   3.  15.]]
cf_score, 27.0
nv_score, -25.0
ratio, 0.434343434343
[[ 20.   3.   8.]
 [ 16.   5.  12.]
 [ 10.   3.  23.]]
cf_score, 30.0
nv_score, -5.0
ratio, 0.484848484848
[[ 20.   8.   4.]
 [ 16.   8.  15.]
 [  8.   2.  19.]]
cf_score, 35.0
nv_score, -4.0
ratio, 0.474747474747
[[ 19.   4.   2.]
 [ 21.   5.  13.]
 [ 10.   7.  19.]]
cf_score, 31.0
nv_score, 2.0
ratio, 0.434343434343
[[ 28.   4.   4.]
 [ 21.   3.   9.]
 [  6.   2.  23.]]
cf_score, 44.0
nv_score, 6.0
ratio, 0.545454545455
[[ 22.   0.   3.]
 [ 15.   7.  19.]
 [ 14.   6.  14.]]
cf_score, 26.0
nv_score, -11.0
ratio, 0.434343434343
[[ 28.   2.   5.]
 [ 21.   1.   8.]
 [  4.   6.  25.]]
cf_score, 45.0
nv_score, 7.0
ratio, 0.545454545455
[[ 17.   4.   6.]
 [ 17.  10.  13.]
 [  7.   3.  23.]]
cf_score, 37.0
nv_score, -2.0
ratio, 0.505050505051
[[ 16.   3.   5.]
 [ 21.   3.  15.]
 [  7.  10.  20.]]
cf_score, 27.0
nv_score, -5.0
ratio, 0.393939393939
[[ 29.   3.   4.]
 [ 14.   6.  12.]
 [  7.   5.  20.]]
cf_score, 44.0
nv_score, 0.0
ratio, 0.555555555556
[[ 28.   2.   3.]
 [ 22.   4.   9.]
 [  8.   5.  19.]]
cf_score, 40.0
nv_score, 4.0
ratio, 0.515151515152
[[ 25.   3.   6.]
 [ 25.   4.   7.]
 [ 10.   3.  17.]]
cf_score, 30.0
nv_score, -2.0
ratio, 0.464646464646
[[ 23.   2.   6.]
 [ 26.   2.   8.]
 [ 13.   6.  14.]]
cf_score, 20.0
nv_score, -6.0
ratio, 0.393939393939
[[ 29.   3.   5.]
 [ 27.   2.   4.]
 [  9.   9.  12.]]
cf_score, 29.0
nv_score, -2.0
ratio, 0.434343434343
[[ 20.   4.  11.]
 [  7.   6.   8.]
 [  7.   7.  30.]]
cf_score, 38.0
nv_score, 0.0
ratio, 0.565656565657
[[ 35.   2.   0.]
 [ 29.   4.   7.]
 [  9.   4.  10.]]
cf_score, 40.0
nv_score, 3.0
ratio, 0.494949494949
[[ 13.   4.   5.]
 [ 14.   4.  16.]
 [  7.   3.  34.]]
cf_score, 39.0
nv_score, 8.0
ratio, 0.515151515152
[[ 25.   8.   4.]
 [ 18.   5.   6.]
 [ 10.  10.  14.]]
cf_score, 30.0
nv_score, 0.0
ratio, 0.444444444444
[[ 24.   1.   2.]
 [ 25.   6.   8.]
 [  9.   5.  20.]]
cf_score, 39.0
nv_score, 8.0
ratio, 0.505050505051
[[ 22.   6.   5.]
 [ 21.   6.  10.]
 [  7.   4.  19.]]
cf_score, 35.0
nv_score, -1.0
ratio, 0.474747474747
[[ 18.   1.   1.]
 [ 20.   6.  11.]
 [ 11.   3.  29.]]
cf_score, 41.0
nv_score, 16.0
ratio, 0.535353535354
[[ 23.   3.   3.]
 [ 18.   6.  12.]
 [  9.   7.  19.]]
cf_score, 36.0
nv_score, 1.0
ratio, 0.484848484848
[[ 25.   1.   1.]
 [ 32.   4.   8.]
 [ 10.   2.  17.]]
cf_score, 35.0
nv_score, 7.0
ratio, 0.464646464646
[[ 16.   4.   5.]
 [ 22.   6.   8.]
 [  9.   6.  24.]]
cf_score, 32.0
nv_score, 6.0
ratio, 0.464646464646
[[ 21.  10.   5.]
 [ 15.   4.  13.]
 [ 10.   4.  18.]]
cf_score, 28.0
nv_score, -5.0
ratio, 0.434343434343
[[ 19.   2.   6.]
 [ 24.   1.   7.]
 [ 14.   5.  22.]]
cf_score, 22.0
nv_score, 3.0
ratio, 0.424242424242
[[ 21.   7.   1.]
 [ 20.   5.   8.]
 [ 16.   3.  19.]]
cf_score, 28.0
nv_score, 9.0
ratio, 0.454545454545
[[ 27.   7.   2.]
 [ 23.   5.   9.]
 [  9.   1.  17.]]
cf_score, 38.0
nv_score, 4.0
ratio, 0.494949494949
[[ 23.   5.   6.]
 [ 10.  10.  17.]
 [ 12.   0.  17.]]
cf_score, 32.0
nv_score, -12.0
ratio, 0.505050505051
[[ 22.   6.   5.]
 [ 23.   7.  10.]
 [  7.   1.  19.]]
cf_score, 36.0
nv_score, -1.0
ratio, 0.484848484848
[[ 19.   6.   3.]
 [ 20.   4.   7.]
 [ 10.   6.  25.]]
cf_score, 35.0
nv_score, 12.0
ratio, 0.484848484848
[[ 17.   4.   1.]
 [ 21.   7.  11.]
 [ 11.   4.  24.]]
cf_score, 36.0
nv_score, 11.0
ratio, 0.484848484848
[[ 36.   4.   5.]
 [ 13.   3.   9.]
 [  9.   6.  15.]]
cf_score, 40.0
nv_score, -4.0
ratio, 0.545454545455
[[ 18.   7.   5.]
 [ 22.   6.   6.]
 [  7.   7.  22.]]
cf_score, 34.0
nv_score, 6.0
ratio, 0.464646464646
[[ 19.   9.   5.]
 [ 15.   5.  11.]
 [ 12.   2.  22.]]
cf_score, 29.0
nv_score, 1.0
ratio, 0.464646464646
[[ 17.   9.   1.]
 [ 14.   2.  13.]
 [  9.   7.  28.]]
cf_score, 37.0
nv_score, 13.0
ratio, 0.474747474747
[[ 21.   5.   1.]
 [ 18.   7.  10.]
 [ 11.  11.  16.]]
cf_score, 32.0
nv_score, 4.0
ratio, 0.444444444444
[[ 17.   5.   5.]
 [ 23.   9.   9.]
 [ 12.   6.  14.]]
cf_score, 23.0
nv_score, -5.0
ratio, 0.40404040404
[[ 25.   4.   2.]
 [ 24.  10.   5.]
 [ 10.   7.  13.]]
cf_score, 36.0
nv_score, 4.0
ratio, 0.484848484848
[[ 30.   5.   3.]
 [ 19.   2.   2.]
 [ 12.   6.  21.]]
cf_score, 38.0
nv_score, 13.0
ratio, 0.535353535354
