[[ 23.   1.   9.]
 [ 18.   1.  14.]
 [ 20.   0.  14.]]
cf_score, 9.0
nv_score, -18.0
ratio, 0.383838383838
[[ 24.   0.   5.]
 [ 28.   2.   8.]
 [ 21.   3.   9.]]
cf_score, 9.0
nv_score, -9.0
ratio, 0.353535353535
[[ 18.   1.  10.]
 [ 17.   4.  16.]
 [ 12.   1.  21.]]
cf_score, 21.0
nv_score, -15.0
ratio, 0.434343434343
[[ 20.   2.   8.]
 [ 24.   2.  12.]
 [ 12.   2.  18.]]
cf_score, 20.0
nv_score, -10.0
ratio, 0.40404040404
[[ 26.   4.  11.]
 [ 10.   4.  10.]
 [ 17.   3.  15.]]
cf_score, 17.0
nv_score, -17.0
ratio, 0.454545454545
[[ 13.   3.  16.]
 [ 24.   2.   5.]
 [ 12.   1.  24.]]
cf_score, 11.0
nv_score, -13.0
ratio, 0.393939393939
[[ 18.   3.  14.]
 [ 17.   0.  16.]
 [  9.   1.  22.]]
cf_score, 17.0
nv_score, -22.0
ratio, 0.40404040404
[[ 14.   1.  13.]
 [ 30.   0.  16.]
 [  9.   0.  17.]]
cf_score, 9.0
nv_score, -25.0
ratio, 0.313131313131
[[ 21.   3.  10.]
 [ 14.   2.  14.]
 [ 13.   2.  21.]]
cf_score, 21.0
nv_score, -13.0
ratio, 0.444444444444
[[ 20.   9.  11.]
 [ 13.   6.  16.]
 [  7.   1.  17.]]
cf_score, 25.0
nv_score, -21.0
ratio, 0.434343434343
[[ 17.   4.  10.]
 [ 15.   3.  18.]
 [  9.   4.  20.]]
cf_score, 21.0
nv_score, -18.0
ratio, 0.40404040404
[[ 27.   7.   5.]
 [ 14.   9.   7.]
 [  9.   7.  15.]]
cf_score, 37.0
nv_score, -2.0
ratio, 0.515151515152
[[ 17.   1.  11.]
 [ 10.   7.  13.]
 [ 12.   3.  26.]]
cf_score, 27.0
nv_score, -9.0
ratio, 0.505050505051
[[ 25.   6.   8.]
 [  9.   6.  13.]
 [  9.   6.  18.]]
cf_score, 32.0
nv_score, -11.0
ratio, 0.494949494949
[[ 18.   5.   7.]
 [ 17.   8.  13.]
 [  4.   5.  23.]]
cf_score, 38.0
nv_score, -4.0
ratio, 0.494949494949
[[ 17.   3.  14.]
 [ 13.  10.  11.]
 [  5.   5.  22.]]
cf_score, 30.0
nv_score, -17.0
ratio, 0.494949494949
[[ 15.   7.   6.]
 [ 18.   6.  14.]
 [  8.   7.  19.]]
cf_score, 26.0
nv_score, -7.0
ratio, 0.40404040404
[[ 20.   5.   9.]
 [ 16.  10.  12.]
 [  5.   5.  18.]]
cf_score, 34.0
nv_score, -12.0
ratio, 0.484848484848
[[ 20.   9.   6.]
 [ 11.  11.   7.]
 [ 10.   6.  20.]]
cf_score, 35.0
nv_score, 1.0
ratio, 0.515151515152
[[ 13.   6.   6.]
 [ 17.   8.  12.]
 [  7.   6.  25.]]
cf_score, 33.0
nv_score, 1.0
ratio, 0.464646464646
[[ 16.   7.   7.]
 [ 18.  14.   9.]
 [  3.   4.  22.]]
cf_score, 42.0
nv_score, -1.0
ratio, 0.525252525253
[[ 13.  11.  12.]
 [ 20.   9.  11.]
 [  9.   4.  11.]]
cf_score, 12.0
nv_score, -24.0
ratio, 0.333333333333
[[ 15.   8.   5.]
 [ 14.   6.  10.]
 [ 16.   8.  18.]]
cf_score, 18.0
nv_score, -2.0
ratio, 0.393939393939
[[ 18.   6.   9.]
 [ 12.   9.  10.]
 [  7.   4.  25.]]
cf_score, 36.0
nv_score, -3.0
ratio, 0.525252525253
[[ 14.  14.   6.]
 [ 14.   3.  14.]
 [  5.   3.  27.]]
cf_score, 33.0
nv_score, 1.0
ratio, 0.444444444444
[[ 22.   4.  12.]
 [ 13.  10.  11.]
 [  8.   9.  11.]]
cf_score, 23.0
nv_score, -24.0
ratio, 0.434343434343
[[ 10.  10.  13.]
 [ 15.   7.   8.]
 [  9.   6.  22.]]
cf_score, 17.0
nv_score, -12.0
ratio, 0.393939393939
[[ 13.  12.  11.]
 [ 11.   7.   8.]
 [  7.   8.  23.]]
cf_score, 25.0
nv_score, -7.0
ratio, 0.434343434343
[[ 19.   7.  14.]
 [ 12.   6.  13.]
 [  5.   7.  17.]]
cf_score, 23.0
nv_score, -24.0
ratio, 0.424242424242
[[ 26.  13.  18.]
 [  8.   2.   4.]
 [  7.   9.  13.]]
cf_score, 16.0
nv_score, -27.0
ratio, 0.414141414141
[[ 16.   7.  11.]
 [ 12.   4.  11.]
 [  9.   8.  22.]]
cf_score, 22.0
nv_score, -11.0
ratio, 0.424242424242
[[ 21.   8.  12.]
 [ 13.   8.   8.]
 [  5.   6.  19.]]
cf_score, 31.0
nv_score, -13.0
ratio, 0.484848484848
[[ 12.   5.   8.]
 [ 20.  10.   8.]
 [ 10.   5.  22.]]
cf_score, 26.0
nv_score, -2.0
ratio, 0.444444444444
[[ 15.   4.  11.]
 [ 10.  14.  15.]
 [  8.   5.  18.]]
cf_score, 28.0
nv_score, -19.0
ratio, 0.474747474747
[[ 19.  12.   9.]
 [ 11.   9.  14.]
 [  5.   3.  18.]]
cf_score, 32.0
nv_score, -14.0
ratio, 0.464646464646
[[ 14.  13.   9.]
 [  8.   8.  13.]
 [  8.  10.  17.]]
cf_score, 22.0
nv_score, -14.0
ratio, 0.393939393939
[[ 27.   8.   8.]
 [  8.  10.   9.]
 [  9.   7.  14.]]
cf_score, 34.0
nv_score, -11.0
ratio, 0.515151515152
[[ 15.   9.  10.]
 [ 13.  10.  14.]
 [  5.   5.  19.]]
cf_score, 29.0
nv_score, -15.0
ratio, 0.444444444444
[[ 16.   6.   5.]
 [ 15.   9.  12.]
 [  6.  13.  18.]]
cf_score, 32.0
nv_score, -4.0
ratio, 0.434343434343
[[ 26.   5.   6.]
 [ 16.   9.   7.]
 [ 10.   6.  15.]]
cf_score, 34.0
nv_score, -4.0
ratio, 0.505050505051
[[ 14.  13.   7.]
 [ 20.   9.  10.]
 [ 10.   3.  14.]]
cf_score, 20.0
nv_score, -10.0
ratio, 0.373737373737
[[ 20.  10.  10.]
 [ 14.   9.   7.]
 [  8.   9.  13.]]
cf_score, 24.0
nv_score, -14.0
ratio, 0.424242424242
[[ 15.  18.   6.]
 [ 16.  11.   7.]
 [  8.   5.  14.]]
cf_score, 26.0
nv_score, -5.0
ratio, 0.40404040404
[[ 20.   9.   7.]
 [ 17.   6.   8.]
 [  7.   7.  19.]]
cf_score, 31.0
nv_score, -3.0
ratio, 0.454545454545
[[ 16.  11.   3.]
 [ 20.   9.  10.]
 [  7.   6.  18.]]
cf_score, 33.0
nv_score, 2.0
ratio, 0.434343434343
[[ 21.   9.  11.]
 [ 17.   8.  11.]
 [  5.  10.   8.]]
cf_score, 21.0
nv_score, -25.0
ratio, 0.373737373737
[[ 10.   9.  10.]
 [  7.   8.  19.]
 [ 10.   8.  19.]]
cf_score, 17.0
nv_score, -20.0
ratio, 0.373737373737
[[ 23.  10.   5.]
 [ 13.  13.  10.]
 [ 10.   4.  12.]]
cf_score, 33.0
nv_score, -8.0
ratio, 0.484848484848
[[ 17.  16.   7.]
 [ 14.  10.   9.]
 [  6.   3.  18.]]
cf_score, 32.0
nv_score, -5.0
ratio, 0.454545454545
[[ 14.   8.   6.]
 [ 20.   9.  12.]
 [  9.   8.  14.]]
cf_score, 22.0
nv_score, -10.0
ratio, 0.373737373737
