[[ 26.  11.   6.]
 [  1.  24.   2.]
 [ 18.   8.   4.]]
cf_score, 30.0
nv_score, -10.0
ratio, 0.545454545455
[[ 23.   9.   4.]
 [  3.  33.   2.]
 [ 18.   5.   3.]]
cf_score, 37.0
nv_score, -7.0
ratio, 0.59595959596
[[ 20.  10.   4.]
 [  2.  20.   8.]
 [ 21.   6.   9.]]
cf_score, 24.0
nv_score, -7.0
ratio, 0.494949494949
[[ 16.  12.   7.]
 [  2.  28.   3.]
 [ 17.   9.   6.]]
cf_score, 26.0
nv_score, -11.0
ratio, 0.505050505051
[[ 20.   8.   5.]
 [  7.  23.   3.]
 [ 20.  10.   4.]]
cf_score, 22.0
nv_score, -9.0
ratio, 0.474747474747
[[ 20.  12.   9.]
 [  3.  17.   6.]
 [ 21.   6.   6.]]
cf_score, 13.0
nv_score, -18.0
ratio, 0.434343434343
[[ 23.   8.   8.]
 [  3.  24.   3.]
 [ 19.   7.   5.]]
cf_score, 25.0
nv_score, -14.0
ratio, 0.525252525253
[[ 17.   9.   7.]
 [  2.  27.   4.]
 [ 16.   6.  12.]]
cf_score, 33.0
nv_score, -6.0
ratio, 0.565656565657
[[ 17.  13.   7.]
 [  0.  24.   4.]
 [ 17.   8.  10.]]
cf_score, 27.0
nv_score, -8.0
ratio, 0.515151515152
[[ 15.  12.   5.]
 [  2.  28.   4.]
 [ 17.   2.  15.]]
cf_score, 36.0
nv_score, 1.0
ratio, 0.585858585859
[[ 18.   7.   5.]
 [  2.  26.   6.]
 [ 17.  10.   9.]]
cf_score, 31.0
nv_score, -7.0
ratio, 0.535353535354
[[ 21.  11.   8.]
 [  2.  27.   7.]
 [ 14.   3.   7.]]
cf_score, 33.0
nv_score, -16.0
ratio, 0.555555555556
[[ 11.   5.  11.]
 [  1.  29.   7.]
 [ 17.   7.  12.]]
cf_score, 24.0
nv_score, -17.0
ratio, 0.525252525253
[[ 19.   5.  10.]
 [  3.  27.   2.]
 [ 21.   7.   6.]]
cf_score, 21.0
nv_score, -16.0
ratio, 0.525252525253
[[ 12.   8.   7.]
 [  2.  36.   4.]
 [ 16.   8.   7.]]
cf_score, 32.0
nv_score, -11.0
ratio, 0.555555555556
[[ 18.   6.   3.]
 [  2.  25.   6.]
 [ 23.   6.  11.]]
cf_score, 28.0
nv_score, -1.0
ratio, 0.545454545455
[[ 22.   6.   4.]
 [  3.  32.   6.]
 [ 20.   5.   2.]]
cf_score, 32.0
nv_score, -12.0
ratio, 0.565656565657
[[ 16.   9.  14.]
 [  0.  27.   6.]
 [ 13.   9.   6.]]
cf_score, 22.0
nv_score, -28.0
ratio, 0.494949494949
[[ 18.   7.  10.]
 [  2.  28.   6.]
 [ 15.   6.   8.]]
cf_score, 29.0
nv_score, -18.0
ratio, 0.545454545455
[[ 25.   7.   7.]
 [  1.  22.   7.]
 [ 15.   9.   7.]]
cf_score, 32.0
nv_score, -14.0
ratio, 0.545454545455
[[ 14.   7.  10.]
 [  0.  31.   4.]
 [ 23.   3.   8.]]
cf_score, 20.0
nv_score, -16.0
ratio, 0.535353535354
[[ 24.   8.   6.]
 [  5.  26.   2.]
 [ 11.   6.  12.]]
cf_score, 45.0
nv_score, -2.0
ratio, 0.626262626263
[[ 13.   7.   8.]
 [  2.  20.   4.]
 [ 30.   6.  10.]]
cf_score, 5.0
nv_score, -10.0
ratio, 0.434343434343
[[ 18.   7.   6.]
 [  3.  31.   3.]
 [ 13.  10.   9.]]
cf_score, 39.0
nv_score, -6.0
ratio, 0.585858585859
[[ 19.   8.   7.]
 [  3.  25.   9.]
 [ 16.   4.   9.]]
cf_score, 30.0
nv_score, -14.0
ratio, 0.535353535354
[[ 20.  10.   7.]
 [  1.  27.   6.]
 [ 21.   4.   4.]]
cf_score, 23.0
nv_score, -16.0
ratio, 0.515151515152
[[ 19.   9.  13.]
 [  3.  27.   1.]
 [ 16.   6.   6.]]
cf_score, 23.0
nv_score, -21.0
ratio, 0.525252525253
[[ 12.   6.   8.]
 [  2.  29.   4.]
 [ 17.   7.  15.]]
cf_score, 31.0
nv_score, -5.0
ratio, 0.565656565657
[[ 20.  11.   7.]
 [  1.  26.   6.]
 [ 13.   7.   9.]]
cf_score, 35.0
nv_score, -11.0
ratio, 0.555555555556
[[ 18.   4.   7.]
 [  0.  27.   7.]
 [ 24.   3.  10.]]
cf_score, 24.0
nv_score, -11.0
ratio, 0.555555555556
[[ 16.   6.  12.]
 [  0.  21.   7.]
 [ 17.   7.  14.]]
cf_score, 22.0
nv_score, -17.0
ratio, 0.515151515152
[[ 24.  11.   2.]
 [  3.  21.   6.]
 [ 17.   7.   9.]]
cf_score, 35.0
nv_score, -1.0
ratio, 0.545454545455
[[ 12.  11.   7.]
 [  1.  24.   5.]
 [ 23.   6.  11.]]
cf_score, 17.0
nv_score, -8.0
ratio, 0.474747474747
[[ 12.   4.   7.]
 [  0.  33.   7.]
 [ 22.   8.   7.]]
cf_score, 23.0
nv_score, -14.0
ratio, 0.525252525253
[[ 18.  13.   5.]
 [  1.  28.   2.]
 [ 19.   4.  10.]]
cf_score, 32.0
nv_score, -2.0
ratio, 0.565656565657
[[ 19.   7.   8.]
 [  5.  24.   4.]
 [ 17.   5.  11.]]
cf_score, 29.0
nv_score, -9.0
ratio, 0.545454545455
[[ 18.  13.   5.]
 [  4.  26.   4.]
 [ 14.   7.   9.]]
cf_score, 34.0
nv_score, -5.0
ratio, 0.535353535354
[[ 13.  16.   8.]
 [  1.  25.   4.]
 [ 13.   8.  12.]]
cf_score, 29.0
nv_score, -8.0
ratio, 0.505050505051
[[ 17.  11.   3.]
 [  0.  25.   7.]
 [ 19.   3.  15.]]
cf_score, 35.0
nv_score, 2.0
ratio, 0.575757575758
[[ 25.   7.   7.]
 [  2.  28.   2.]
 [ 14.   2.  13.]]
cf_score, 45.0
nv_score, -3.0
ratio, 0.666666666667
[[ 17.  10.   9.]
 [  3.  23.   1.]
 [ 19.   7.  11.]]
cf_score, 23.0
nv_score, -8.0
ratio, 0.515151515152
[[ 13.   9.  10.]
 [  0.  31.   5.]
 [ 13.   6.  13.]]
cf_score, 34.0
nv_score, -12.0
ratio, 0.575757575758
[[ 20.   5.   6.]
 [  5.  34.   5.]
 [ 14.   6.   5.]]
cf_score, 39.0
nv_score, -12.0
ratio, 0.59595959596
[[ 16.   6.   4.]
 [  2.  28.   6.]
 [ 19.   6.  13.]]
cf_score, 34.0
nv_score, -1.0
ratio, 0.575757575758
[[ 12.  15.   7.]
 [  1.  22.   7.]
 [ 17.   9.  10.]]
cf_score, 20.0
nv_score, -11.0
ratio, 0.444444444444
[[ 14.   9.   8.]
 [  1.  34.   6.]
 [ 10.   7.  11.]]
cf_score, 41.0
nv_score, -11.0
ratio, 0.59595959596
[[ 19.   8.   9.]
 [  1.  29.   4.]
 [ 13.   6.  11.]]
cf_score, 37.0
nv_score, -11.0
ratio, 0.59595959596
[[ 16.   3.   7.]
 [  0.  33.   3.]
 [ 19.  10.   9.]]
cf_score, 32.0
nv_score, -8.0
ratio, 0.585858585859
[[ 16.   8.   8.]
 [  1.  22.   8.]
 [ 12.   9.  16.]]
cf_score, 34.0
nv_score, -8.0
ratio, 0.545454545455
[[ 15.  10.  11.]
 [  1.  26.   7.]
 [ 18.   1.  11.]]
cf_score, 23.0
nv_score, -18.0
ratio, 0.525252525253
