[[ 18.  11.   0.]
 [  9.  27.   2.]
 [ 20.  11.   2.]]
cf_score, 27.0
nv_score, 0.0
ratio, 0.474747474747
[[ 23.   9.   0.]
 [  4.  25.   0.]
 [ 23.  16.   0.]]
cf_score, 25.0
nv_score, 0.0
ratio, 0.484848484848
[[ 25.   6.   0.]
 [  7.  37.   1.]
 [ 14.  10.   0.]]
cf_score, 48.0
nv_score, -1.0
ratio, 0.626262626263
[[ 25.   4.   1.]
 [  3.  19.   5.]
 [ 25.  16.   2.]]
cf_score, 20.0
nv_score, -5.0
ratio, 0.464646464646
[[ 25.   6.   2.]
 [  2.  23.   3.]
 [ 15.  16.   8.]]
cf_score, 39.0
nv_score, 1.0
ratio, 0.565656565657
[[ 16.  12.  13.]
 [  6.  21.   9.]
 [  6.   8.   9.]]
cf_score, 27.0
nv_score, -26.0
ratio, 0.464646464646
[[ 11.   9.   2.]
 [  7.  28.   6.]
 [ 13.   9.  15.]]
cf_score, 39.0
nv_score, 5.0
ratio, 0.545454545455
[[ 23.   9.   4.]
 [  4.  30.   0.]
 [  8.   8.  14.]]
cf_score, 55.0
nv_score, 6.0
ratio, 0.676767676768
[[ 22.  12.   4.]
 [  4.  20.   7.]
 [ 11.   7.  13.]]
cf_score, 40.0
nv_score, -2.0
ratio, 0.555555555556
[[ 18.  14.   7.]
 [  2.  19.   8.]
 [  7.   5.  20.]]
cf_score, 43.0
nv_score, -2.0
ratio, 0.575757575758
[[ 18.   9.   2.]
 [  4.  30.   6.]
 [  7.  12.  12.]]
cf_score, 51.0
nv_score, 2.0
ratio, 0.606060606061
[[ 33.   8.   2.]
 [  5.  24.   2.]
 [  7.   5.  14.]]
cf_score, 62.0
nv_score, 8.0
ratio, 0.717171717172
[[ 22.   8.   4.]
 [  2.  25.   6.]
 [  3.  12.  18.]]
cf_score, 58.0
nv_score, 4.0
ratio, 0.656565656566
[[ 16.   8.   2.]
 [  5.  27.   4.]
 [ 12.   8.  18.]]
cf_score, 47.0
nv_score, 10.0
ratio, 0.616161616162
[[ 17.   7.   2.]
 [  2.  26.   8.]
 [  7.  11.  20.]]
cf_score, 54.0
nv_score, 8.0
ratio, 0.636363636364
[[ 22.   8.   8.]
 [  7.  25.   3.]
 [  5.  10.  12.]]
cf_score, 46.0
nv_score, -7.0
ratio, 0.59595959596
[[ 21.   9.   7.]
 [  3.  22.   5.]
 [ 10.  11.  12.]]
cf_score, 38.0
nv_score, -7.0
ratio, 0.555555555556
[[ 20.   8.   2.]
 [  4.  26.   3.]
 [ 10.  10.  17.]]
cf_score, 51.0
nv_score, 10.0
ratio, 0.636363636364
[[ 21.  13.   6.]
 [  3.  16.   7.]
 [  4.  10.  20.]]
cf_score, 47.0
nv_score, 1.0
ratio, 0.575757575758
[[ 18.   6.   5.]
 [  3.  27.   9.]
 [  3.   5.  24.]]
cf_score, 61.0
nv_score, 5.0
ratio, 0.69696969697
[[ 20.   9.   4.]
 [  5.  21.   2.]
 [  8.  11.  20.]]
cf_score, 49.0
nv_score, 10.0
ratio, 0.616161616162
[[ 12.   9.   1.]
 [  5.  35.   6.]
 [  4.  13.  15.]]
cf_score, 57.0
nv_score, 7.0
ratio, 0.626262626263
[[ 20.   5.   3.]
 [  2.  26.   6.]
 [  7.  15.  16.]]
cf_score, 52.0
nv_score, 4.0
ratio, 0.626262626263
[[ 14.   3.   4.]
 [  7.  32.   4.]
 [ 11.   9.  16.]]
cf_score, 47.0
nv_score, 4.0
ratio, 0.626262626263
[[ 22.   9.   7.]
 [  4.  25.   3.]
 [ 10.   7.  13.]]
cf_score, 43.0
nv_score, -4.0
ratio, 0.606060606061
[[ 16.   6.   9.]
 [  6.  24.   4.]
 [  7.  15.  13.]]
cf_score, 37.0
nv_score, -9.0
ratio, 0.535353535354
[[ 18.   9.   6.]
 [  6.  22.   5.]
 [ 11.   9.  14.]]
cf_score, 37.0
nv_score, -3.0
ratio, 0.545454545455
[[ 18.   7.   6.]
 [  3.  30.   5.]
 [ 10.   5.  16.]]
cf_score, 48.0
nv_score, -1.0
ratio, 0.646464646465
[[ 16.   9.   3.]
 [  2.  30.   4.]
 [ 14.   9.  13.]]
cf_score, 42.0
nv_score, 3.0
ratio, 0.59595959596
[[ 15.   6.   7.]
 [  2.  25.   5.]
 [  9.   9.  22.]]
cf_score, 46.0
nv_score, 3.0
ratio, 0.626262626263
[[ 18.  13.   6.]
 [  6.  27.   1.]
 [ 12.   5.  12.]]
cf_score, 39.0
nv_score, -1.0
ratio, 0.575757575758
[[ 16.   4.   4.]
 [  4.  32.   7.]
 [ 13.   7.  13.]]
cf_score, 44.0
nv_score, -2.0
ratio, 0.616161616162
[[ 18.   8.   5.]
 [  4.  31.   3.]
 [  6.   9.  16.]]
cf_score, 54.0
nv_score, 3.0
ratio, 0.656565656566
[[ 22.   8.   3.]
 [  2.  33.   2.]
 [ 10.   5.  15.]]
cf_score, 57.0
nv_score, 7.0
ratio, 0.707070707071
[[ 28.   7.   5.]
 [  6.  24.   5.]
 [  6.   8.  11.]]
cf_score, 52.0
nv_score, -4.0
ratio, 0.636363636364
[[ 19.  13.   4.]
 [  3.  22.   2.]
 [  5.  14.  18.]]
cf_score, 50.0
nv_score, 8.0
ratio, 0.59595959596
[[ 13.   7.   9.]
 [  3.  22.  11.]
 [  9.  11.  15.]]
cf_score, 32.0
nv_score, -14.0
ratio, 0.505050505051
[[ 22.  12.   4.]
 [  4.  22.   3.]
 [  6.  15.  12.]]
cf_score, 46.0
nv_score, 1.0
ratio, 0.565656565657
[[ 18.   9.   8.]
 [  1.  26.   4.]
 [  5.  15.  14.]]
cf_score, 45.0
nv_score, -6.0
ratio, 0.585858585859
[[ 17.   8.   6.]
 [  2.  24.   6.]
 [ 11.   5.  21.]]
cf_score, 45.0
nv_score, 3.0
ratio, 0.626262626263
[[ 14.  10.   5.]
 [  1.  26.   7.]
 [  6.  12.  19.]]
cf_score, 48.0
nv_score, 2.0
ratio, 0.59595959596
[[ 24.   8.   2.]
 [  4.  27.   5.]
 [  6.  16.   8.]]
cf_score, 51.0
nv_score, -1.0
ratio, 0.59595959596
[[ 11.   6.   8.]
 [  2.  25.   3.]
 [ 11.  11.  23.]]
cf_score, 40.0
nv_score, 4.0
ratio, 0.59595959596
[[ 25.   7.   7.]
 [  5.  24.   0.]
 [  7.  10.  15.]]
cf_score, 50.0
nv_score, 1.0
ratio, 0.646464646465
[[ 19.   3.   8.]
 [  7.  27.   8.]
 [  5.   7.  16.]]
cf_score, 49.0
nv_score, -8.0
ratio, 0.626262626263
[[ 29.  11.   8.]
 [  6.  18.   3.]
 [  3.   8.  14.]]
cf_score, 50.0
nv_score, -5.0
ratio, 0.616161616162
[[ 18.   2.   6.]
 [  5.  31.   4.]
 [  7.  12.  15.]]
cf_score, 51.0
nv_score, -1.0
ratio, 0.646464646465
[[ 23.   6.   4.]
 [  4.  19.   3.]
 [ 13.  15.  13.]]
cf_score, 38.0
nv_score, 2.0
ratio, 0.555555555556
[[ 17.   9.   8.]
 [  2.  25.  10.]
 [  6.  11.  12.]]
cf_score, 40.0
nv_score, -14.0
ratio, 0.545454545455
[[ 28.  10.   7.]
 [  2.  18.   9.]
 [  7.   9.  10.]]
cf_score, 42.0
nv_score, -13.0
ratio, 0.565656565657
