[[  0.   0.  42.]
 [  0.   0.  30.]
 [  0.   0.  28.]]
cf_score, -14.0
nv_score, -86.0
ratio, 0.282828282828
[[  0.   0.  39.]
 [  0.   0.  36.]
 [  0.   0.  25.]]
cf_score, -14.0
nv_score, -89.0
ratio, 0.252525252525
[[ 14.  19.   2.]
 [  8.  32.   2.]
 [  8.  15.   0.]]
cf_score, 36.0
nv_score, -6.0
ratio, 0.464646464646
[[ 14.  20.   0.]
 [  2.  28.   1.]
 [ 13.  22.   0.]]
cf_score, 29.0
nv_score, -1.0
ratio, 0.424242424242
[[ 14.  26.   0.]
 [ 10.  30.   0.]
 [  6.  14.   0.]]
cf_score, 38.0
nv_score, 0.0
ratio, 0.444444444444
[[ 10.  25.   0.]
 [  9.  26.   0.]
 [ 11.  19.   0.]]
cf_score, 25.0
nv_score, 0.0
ratio, 0.363636363636
[[ 19.  24.   0.]
 [  7.  26.   0.]
 [  8.  16.   0.]]
cf_score, 37.0
nv_score, 0.0
ratio, 0.454545454545
[[ 15.  22.   8.]
 [  3.  21.   7.]
 [  5.   9.  10.]]
cf_score, 33.0
nv_score, -13.0
ratio, 0.464646464646
[[ 13.  15.   8.]
 [  4.  24.   5.]
 [  7.  12.  12.]]
cf_score, 34.0
nv_score, -9.0
ratio, 0.494949494949
[[ 18.  16.   6.]
 [ 11.  20.   6.]
 [  6.   7.  10.]]
cf_score, 36.0
nv_score, -8.0
ratio, 0.484848484848
[[ 22.  16.   5.]
 [  2.  14.  11.]
 [  9.  12.   9.]]
cf_score, 31.0
nv_score, -12.0
ratio, 0.454545454545
[[ 12.  16.   9.]
 [  4.  24.   7.]
 [  6.   7.  15.]]
cf_score, 36.0
nv_score, -10.0
ratio, 0.515151515152
[[ 13.  13.  11.]
 [  9.  13.  11.]
 [ 12.   5.  13.]]
cf_score, 16.0
nv_score, -20.0
ratio, 0.393939393939
[[ 15.   8.   9.]
 [  9.  17.   8.]
 [ 11.   6.  17.]]
cf_score, 29.0
nv_score, -9.0
ratio, 0.494949494949
[[ 16.  13.   7.]
 [  6.  20.   7.]
 [ 11.  10.  10.]]
cf_score, 28.0
nv_score, -11.0
ratio, 0.464646464646
[[ 14.  11.  14.]
 [  7.  20.  10.]
 [  5.   5.  14.]]
cf_score, 29.0
nv_score, -24.0
ratio, 0.484848484848
[[ 14.   9.  10.]
 [ 14.  12.  15.]
 [  9.   8.   9.]]
cf_score, 16.0
nv_score, -26.0
ratio, 0.353535353535
[[ 13.  16.  10.]
 [  6.  21.   8.]
 [  9.   6.  11.]]
cf_score, 26.0
nv_score, -17.0
ratio, 0.454545454545
[[ 15.   9.   8.]
 [ 11.  18.   9.]
 [  5.   7.  18.]]
cf_score, 38.0
nv_score, -7.0
ratio, 0.515151515152
[[ 13.  14.  11.]
 [  8.  13.   9.]
 [  5.  10.  17.]]
cf_score, 27.0
nv_score, -14.0
ratio, 0.434343434343
[[  8.  14.  18.]
 [  3.  20.  11.]
 [  4.   5.  17.]]
cf_score, 23.0
nv_score, -30.0
ratio, 0.454545454545
[[ 18.  13.  11.]
 [  4.  19.  16.]
 [  4.   4.  11.]]
cf_score, 33.0
nv_score, -27.0
ratio, 0.484848484848
[[ 17.  12.  10.]
 [ 11.  22.   2.]
 [  5.   8.  13.]]
cf_score, 37.0
nv_score, -9.0
ratio, 0.525252525253
[[ 11.  15.   8.]
 [  8.  17.  14.]
 [  4.   5.  18.]]
cf_score, 34.0
nv_score, -12.0
ratio, 0.464646464646
[[ 17.  13.   6.]
 [  6.  14.  13.]
 [  9.  10.  12.]]
cf_score, 28.0
nv_score, -13.0
ratio, 0.434343434343
[[ 15.  20.  14.]
 [ 10.  15.   5.]
 [  2.   3.  16.]]
cf_score, 30.0
nv_score, -17.0
ratio, 0.464646464646
[[ 14.   5.  15.]
 [ 10.  21.   7.]
 [ 10.  10.   8.]]
cf_score, 18.0
nv_score, -29.0
ratio, 0.434343434343
[[ 13.  10.  23.]
 [  5.  20.  11.]
 [  2.   5.  11.]]
cf_score, 19.0
nv_score, -46.0
ratio, 0.444444444444
[[ 20.   5.   5.]
 [ 10.  13.   9.]
 [  9.   7.  22.]]
cf_score, 41.0
nv_score, 3.0
ratio, 0.555555555556
[[ 11.  12.  13.]
 [  3.  19.   9.]
 [  7.   3.  23.]]
cf_score, 33.0
nv_score, -12.0
ratio, 0.535353535354
[[ 15.  11.   6.]
 [ 19.  20.   2.]
 [ 10.   6.  11.]]
cf_score, 30.0
nv_score, -3.0
ratio, 0.464646464646
[[ 12.  11.  11.]
 [  7.  18.  11.]
 [  4.   3.  23.]]
cf_score, 38.0
nv_score, -10.0
ratio, 0.535353535354
[[ 19.  10.   6.]
 [ 13.  15.   9.]
 [ 11.   4.  13.]]
cf_score, 30.0
nv_score, -8.0
ratio, 0.474747474747
[[ 17.  10.  10.]
 [ 11.  14.   7.]
 [  6.   7.  18.]]
cf_score, 33.0
nv_score, -9.0
ratio, 0.494949494949
[[ 14.  10.  11.]
 [  5.  19.  17.]
 [  3.   4.  17.]]
cf_score, 36.0
nv_score, -22.0
ratio, 0.505050505051
[[ 22.   9.   2.]
 [ 14.  19.   5.]
 [  3.  11.  15.]]
cf_score, 51.0
nv_score, 6.0
ratio, 0.565656565657
[[ 17.  13.   4.]
 [ 17.  15.  12.]
 [  4.   4.  14.]]
cf_score, 38.0
nv_score, -6.0
ratio, 0.464646464646
[[ 17.  14.  10.]
 [  6.  14.   7.]
 [  7.   9.  16.]]
cf_score, 30.0
nv_score, -11.0
ratio, 0.474747474747
[[ 10.   4.   9.]
 [  5.  25.  15.]
 [ 10.   9.  13.]]
cf_score, 29.0
nv_score, -20.0
ratio, 0.484848484848
[[ 17.  10.   9.]
 [ 10.  19.   7.]
 [  4.  11.  13.]]
cf_score, 36.0
nv_score, -12.0
ratio, 0.494949494949
[[ 18.  11.  14.]
 [ 13.  12.   6.]
 [  6.   9.  11.]]
cf_score, 21.0
nv_score, -23.0
ratio, 0.414141414141
[[ 11.  19.   8.]
 [  9.  18.   6.]
 [  5.   9.  15.]]
cf_score, 31.0
nv_score, -7.0
ratio, 0.444444444444
[[ 16.  10.  16.]
 [  8.  16.  11.]
 [  8.   5.  10.]]
cf_score, 18.0
nv_score, -33.0
ratio, 0.424242424242
[[ 15.   9.  11.]
 [  4.  23.   7.]
 [  6.   5.  20.]]
cf_score, 41.0
nv_score, -9.0
ratio, 0.585858585859
[[ 15.  12.  12.]
 [  9.  13.  10.]
 [  4.   8.  17.]]
cf_score, 29.0
nv_score, -17.0
ratio, 0.454545454545
[[ 13.  14.  10.]
 [  7.  18.  12.]
 [  9.   3.  14.]]
cf_score, 26.0
nv_score, -18.0
ratio, 0.454545454545
[[ 14.   9.  16.]
 [  7.  16.  12.]
 [  7.   6.  13.]]
cf_score, 20.0
nv_score, -31.0
ratio, 0.434343434343
[[ 15.   9.   8.]
 [  5.  23.  11.]
 [  6.   4.  19.]]
cf_score, 43.0
nv_score, -8.0
ratio, 0.575757575758
[[ 11.  14.   9.]
 [ 10.  17.   9.]
 [ 10.   7.  13.]]
cf_score, 22.0
nv_score, -14.0
ratio, 0.414141414141
[[ 16.  10.  11.]
 [  2.  22.  10.]
 [  7.   7.  15.]]
cf_score, 35.0
nv_score, -17.0
ratio, 0.535353535354
