[[ 31.  14.   0.]
 [  0.  26.   0.]
 [ 10.  19.   0.]]
cf_score, 47.0
nv_score, 0.0
ratio, 0.575757575758
[[ 27.  14.   0.]
 [  1.  22.   0.]
 [ 12.  23.   1.]]
cf_score, 38.0
nv_score, 1.0
ratio, 0.505050505051
[[ 27.  11.   0.]
 [  2.  28.   4.]
 [ 11.  17.   0.]]
cf_score, 44.0
nv_score, -4.0
ratio, 0.555555555556
[[ 21.   5.   1.]
 [  1.  38.   1.]
 [ 16.  17.   0.]]
cf_score, 42.0
nv_score, -3.0
ratio, 0.59595959596
[[ 20.  15.   1.]
 [  0.  28.   3.]
 [ 15.  17.   1.]]
cf_score, 33.0
nv_score, -4.0
ratio, 0.494949494949
[[ 31.   9.   1.]
 [  1.  24.   4.]
 [ 12.  13.   5.]]
cf_score, 47.0
nv_score, -1.0
ratio, 0.606060606061
[[ 20.   4.   7.]
 [  0.  22.   9.]
 [ 14.  14.  10.]]
cf_score, 31.0
nv_score, -13.0
ratio, 0.525252525253
[[ 23.   5.  10.]
 [  2.  18.  10.]
 [  7.  13.  12.]]
cf_score, 36.0
nv_score, -18.0
ratio, 0.535353535354
[[ 21.   8.   6.]
 [  2.  17.  12.]
 [  9.   9.  16.]]
cf_score, 39.0
nv_score, -8.0
ratio, 0.545454545455
[[ 12.  14.   3.]
 [  1.  20.  11.]
 [  8.  12.  19.]]
cf_score, 40.0
nv_score, 2.0
ratio, 0.515151515152
[[ 20.  10.  10.]
 [  0.  21.  15.]
 [  1.   6.  17.]]
cf_score, 47.0
nv_score, -18.0
ratio, 0.585858585859
[[ 19.   6.  10.]
 [  1.  18.  11.]
 [  8.   6.  21.]]
cf_score, 40.0
nv_score, -10.0
ratio, 0.585858585859
[[ 18.   7.   4.]
 [  2.  20.  11.]
 [  5.  11.  22.]]
cf_score, 51.0
nv_score, 3.0
ratio, 0.606060606061
[[ 14.   8.   3.]
 [  2.  22.   9.]
 [ 10.   8.  24.]]
cf_score, 47.0
nv_score, 9.0
ratio, 0.606060606061
[[ 29.   6.   4.]
 [  1.  23.  13.]
 [  3.   3.  18.]]
cf_score, 63.0
nv_score, -3.0
ratio, 0.707070707071
[[ 22.   6.   6.]
 [  2.  25.   7.]
 [ 10.   7.  15.]]
cf_score, 46.0
nv_score, -4.0
ratio, 0.626262626263
[[ 17.  10.   6.]
 [  0.  27.  11.]
 [  8.   6.  15.]]
cf_score, 45.0
nv_score, -8.0
ratio, 0.59595959596
[[ 23.   7.   4.]
 [  0.  22.  10.]
 [ 12.   3.  19.]]
cf_score, 48.0
nv_score, 1.0
ratio, 0.646464646465
[[ 18.   9.   7.]
 [  2.  29.  10.]
 [  5.   8.  12.]]
cf_score, 47.0
nv_score, -12.0
ratio, 0.59595959596
[[ 21.   6.   7.]
 [  2.  23.   9.]
 [  5.   6.  21.]]
cf_score, 53.0
nv_score, -2.0
ratio, 0.656565656566
[[ 25.  10.   6.]
 [  1.  10.  11.]
 [  9.   8.  20.]]
cf_score, 40.0
nv_score, -3.0
ratio, 0.555555555556
[[ 21.   9.   7.]
 [  2.  14.   9.]
 [ 12.   9.  17.]]
cf_score, 33.0
nv_score, -6.0
ratio, 0.525252525253
[[ 18.   7.  11.]
 [  3.  27.   8.]
 [  6.   6.  14.]]
cf_score, 42.0
nv_score, -16.0
ratio, 0.59595959596
[[ 25.  10.   4.]
 [  0.  20.  13.]
 [  8.   8.  12.]]
cf_score, 45.0
nv_score, -9.0
ratio, 0.575757575758
[[ 24.   5.   6.]
 [  1.  20.  14.]
 [  4.  12.  14.]]
cf_score, 48.0
nv_score, -12.0
ratio, 0.585858585859
[[ 20.  11.   6.]
 [  0.  13.  10.]
 [  9.   9.  22.]]
cf_score, 40.0
nv_score, 0.0
ratio, 0.555555555556
[[ 25.   8.   8.]
 [  0.  22.  13.]
 [  7.   7.  10.]]
cf_score, 42.0
nv_score, -19.0
ratio, 0.575757575758
[[ 15.   9.   6.]
 [  1.  19.  13.]
 [  7.   6.  24.]]
cf_score, 45.0
nv_score, -1.0
ratio, 0.585858585859
[[ 23.   6.  10.]
 [  0.  15.  17.]
 [  4.   8.  17.]]
cf_score, 41.0
nv_score, -20.0
ratio, 0.555555555556
[[ 16.   8.   6.]
 [  0.  22.  11.]
 [  7.   8.  22.]]
cf_score, 47.0
nv_score, -1.0
ratio, 0.606060606061
[[ 17.   8.   6.]
 [  0.  24.  12.]
 [  8.   8.  17.]]
cf_score, 44.0
nv_score, -7.0
ratio, 0.585858585859
[[ 26.   9.   9.]
 [  3.  20.   7.]
 [  6.   3.  17.]]
cf_score, 48.0
nv_score, -8.0
ratio, 0.636363636364
[[ 17.  11.   8.]
 [  3.  19.  16.]
 [  3.  13.  10.]]
cf_score, 35.0
nv_score, -22.0
ratio, 0.464646464646
[[ 17.   4.   6.]
 [  2.  20.  18.]
 [  9.   7.  17.]]
cf_score, 39.0
nv_score, -13.0
ratio, 0.545454545455
[[ 21.   5.   8.]
 [  1.  26.  13.]
 [  5.   7.  14.]]
cf_score, 48.0
nv_score, -15.0
ratio, 0.616161616162
[[ 19.   8.  10.]
 [  1.  25.   8.]
 [  7.   6.  16.]]
cf_score, 43.0
nv_score, -12.0
ratio, 0.606060606061
[[ 16.   4.   5.]
 [  2.  28.  16.]
 [  6.   8.  15.]]
cf_score, 48.0
nv_score, -11.0
ratio, 0.59595959596
[[ 18.  11.   6.]
 [  2.  17.   8.]
 [  6.  10.  22.]]
cf_score, 45.0
nv_score, 2.0
ratio, 0.575757575758
[[ 18.   6.   4.]
 [  3.  21.  11.]
 [ 10.   7.  20.]]
cf_score, 45.0
nv_score, 1.0
ratio, 0.59595959596
[[ 22.   7.   4.]
 [  1.  25.  10.]
 [  6.  10.  15.]]
cf_score, 52.0
nv_score, -3.0
ratio, 0.626262626263
[[ 16.  11.   5.]
 [  1.  23.  10.]
 [  9.  14.  11.]]
cf_score, 36.0
nv_score, -9.0
ratio, 0.505050505051
[[ 23.   7.   3.]
 [  0.  18.  18.]
 [  7.   6.  18.]]
cf_score, 49.0
nv_score, -6.0
ratio, 0.59595959596
[[ 21.   7.   8.]
 [  2.  20.  10.]
 [  7.  11.  14.]]
cf_score, 40.0
nv_score, -12.0
ratio, 0.555555555556
[[ 20.   6.   6.]
 [  2.  19.  15.]
 [  6.  12.  14.]]
cf_score, 41.0
nv_score, -13.0
ratio, 0.535353535354
[[ 29.   8.   4.]
 [  0.  21.  12.]
 [  5.   3.  18.]]
cf_score, 59.0
nv_score, -2.0
ratio, 0.686868686869
[[ 18.  11.  11.]
 [  1.  21.   8.]
 [  6.  11.  13.]]
cf_score, 35.0
nv_score, -17.0
ratio, 0.525252525253
[[ 17.   5.   1.]
 [  1.  25.  10.]
 [ 11.  11.  19.]]
cf_score, 49.0
nv_score, 7.0
ratio, 0.616161616162
[[ 20.   8.   7.]
 [  0.  21.   9.]
 [  6.  10.  19.]]
cf_score, 47.0
nv_score, -4.0
ratio, 0.606060606061
[[ 13.  10.   5.]
 [  2.  24.   6.]
 [  6.   6.  28.]]
cf_score, 54.0
nv_score, 12.0
ratio, 0.656565656566
[[ 19.  10.   9.]
 [  0.  17.  11.]
 [  5.  10.  19.]]
cf_score, 41.0
nv_score, -10.0
ratio, 0.555555555556
