[[  0.  21.  10.]
 [  1.  24.  19.]
 [  0.  10.  15.]]
cf_score, 29.0
ratio, 0.393939393939
[[  1.  22.  14.]
 [  1.  22.  17.]
 [  0.   9.  14.]]
cf_score, 23.0
ratio, 0.373737373737
[[  0.  23.  11.]
 [  1.  16.  22.]
 [  1.  12.  14.]]
cf_score, 18.0
ratio, 0.30303030303
[[  0.  19.  14.]
 [  1.  15.  10.]
 [  1.  12.  28.]]
cf_score, 28.0
ratio, 0.434343434343
[[  4.  21.  13.]
 [  2.  18.  19.]
 [  1.  10.  12.]]
cf_score, 20.0
ratio, 0.343434343434
[[  2.  14.  16.]
 [  2.  12.  17.]
 [  1.  10.  26.]]
cf_score, 23.0
ratio, 0.40404040404
[[  2.  19.  12.]
 [  3.  19.  14.]
 [  2.  14.  15.]]
cf_score, 22.0
ratio, 0.363636363636
[[  0.  20.  17.]
 [  3.  14.  16.]
 [  3.  12.  15.]]
cf_score, 9.0
ratio, 0.292929292929
[[  7.  20.  13.]
 [  6.  15.  14.]
 [  2.  11.  12.]]
cf_score, 19.0
ratio, 0.343434343434
[[ 13.  10.  13.]
 [ 17.   9.   9.]
 [  3.   5.  21.]]
cf_score, 27.0
ratio, 0.434343434343
[[ 21.   0.  10.]
 [ 10.   3.  16.]
 [ 10.   2.  28.]]
cf_score, 32.0
ratio, 0.525252525253
[[ 20.   1.  10.]
 [ 18.   1.   9.]
 [ 12.   1.  28.]]
cf_score, 27.0
ratio, 0.494949494949
[[ 23.   1.  12.]
 [ 13.   5.  12.]
 [  8.   2.  24.]]
cf_score, 32.0
ratio, 0.525252525253
[[ 19.   3.  12.]
 [ 18.   3.   7.]
 [ 11.   3.  24.]]
cf_score, 23.0
ratio, 0.464646464646
[[ 26.   6.  10.]
 [ 21.   1.  13.]
 [  7.   2.  14.]]
cf_score, 24.0
ratio, 0.414141414141
[[ 28.   0.   6.]
 [ 21.   1.  10.]
 [ 13.   3.  18.]]
cf_score, 28.0
ratio, 0.474747474747
[[ 14.   0.  11.]
 [ 19.   6.  19.]
 [  8.   3.  20.]]
cf_score, 21.0
ratio, 0.40404040404
[[ 17.   3.  10.]
 [ 14.   5.  13.]
 [  7.   3.  28.]]
cf_score, 33.0
ratio, 0.505050505051
[[ 17.   4.  13.]
 [  3.  10.  13.]
 [  9.   6.  25.]]
cf_score, 30.0
ratio, 0.525252525253
[[ 23.   3.   8.]
 [ 18.   3.  15.]
 [  8.   4.  18.]]
cf_score, 28.0
ratio, 0.444444444444
[[ 17.   2.  12.]
 [ 21.   6.  11.]
 [  9.   2.  20.]]
cf_score, 22.0
ratio, 0.434343434343
[[ 23.   0.   7.]
 [ 28.   5.   8.]
 [  8.   5.  16.]]
cf_score, 29.0
ratio, 0.444444444444
[[ 22.   2.  10.]
 [ 24.   1.   8.]
 [ 15.   1.  17.]]
cf_score, 15.0
ratio, 0.40404040404
[[ 21.   2.   7.]
 [ 22.   4.  10.]
 [ 14.   3.  17.]]
cf_score, 21.0
ratio, 0.424242424242
[[ 22.   4.   9.]
 [ 10.  10.  10.]
 [ 15.   2.  18.]]
cf_score, 26.0
ratio, 0.505050505051
[[ 26.   2.   6.]
 [ 26.   1.  10.]
 [ 15.   3.  11.]]
cf_score, 17.0
ratio, 0.383838383838
[[ 12.   5.  13.]
 [ 17.   7.   7.]
 [ 11.   1.  27.]]
cf_score, 22.0
ratio, 0.464646464646
[[ 27.   4.  11.]
 [ 19.   3.   6.]
 [  7.   4.  19.]]
cf_score, 31.0
ratio, 0.494949494949
[[ 17.   3.   2.]
 [ 24.   3.  13.]
 [ 15.   5.  18.]]
cf_score, 21.0
ratio, 0.383838383838
[[ 20.   3.  12.]
 [ 14.   3.  11.]
 [  8.   3.  26.]]
cf_score, 29.0
ratio, 0.494949494949
[[ 13.   4.  12.]
 [ 23.   3.  10.]
 [ 10.   2.  23.]]
cf_score, 17.0
ratio, 0.393939393939
[[ 14.   6.  13.]
 [ 11.   2.  16.]
 [ 12.   3.  23.]]
cf_score, 14.0
ratio, 0.393939393939
[[ 24.   0.   9.]
 [ 15.   4.  16.]
 [ 10.   2.  20.]]
cf_score, 29.0
ratio, 0.484848484848
[[ 22.   6.  12.]
 [ 14.   7.  14.]
 [  8.   6.  11.]]
cf_score, 20.0
ratio, 0.40404040404
[[ 21.   6.   8.]
 [ 19.   7.   8.]
 [ 10.   5.  16.]]
cf_score, 26.0
ratio, 0.444444444444
[[ 26.   1.  13.]
 [ 10.   0.  21.]
 [  5.   1.  23.]]
cf_score, 31.0
ratio, 0.494949494949
[[ 20.   1.   5.]
 [ 19.   7.  12.]
 [ 13.   6.  17.]]
cf_score, 26.0
ratio, 0.444444444444
[[ 23.   2.   8.]
 [ 17.   6.  12.]
 [ 13.   3.  16.]]
cf_score, 24.0
ratio, 0.454545454545
[[ 25.   0.   6.]
 [ 20.   6.  14.]
 [  8.   3.  18.]]
cf_score, 35.0
ratio, 0.494949494949
[[ 13.   6.  13.]
 [ 18.   4.  11.]
 [ 12.   2.  21.]]
cf_score, 13.0
ratio, 0.383838383838
[[ 24.   6.   7.]
 [ 13.   8.   7.]
 [ 12.   4.  19.]]
cf_score, 32.0
ratio, 0.515151515152
[[ 20.   1.  11.]
 [ 19.   8.  10.]
 [ 10.   6.  15.]]
cf_score, 22.0
ratio, 0.434343434343
[[ 24.   5.   3.]
 [ 13.   8.  10.]
 [ 13.   8.  16.]]
cf_score, 32.0
ratio, 0.484848484848
[[ 22.   2.  12.]
 [ 12.   2.  14.]
 [  9.   1.  26.]]
cf_score, 29.0
ratio, 0.505050505051
[[ 21.   2.   9.]
 [ 24.   8.   5.]
 [ 10.   2.  19.]]
cf_score, 29.0
ratio, 0.484848484848
[[ 17.   2.   3.]
 [ 30.   6.  12.]
 [  7.   4.  19.]]
cf_score, 32.0
ratio, 0.424242424242
[[ 18.   4.   5.]
 [ 17.  12.   5.]
 [ 10.   5.  24.]]
cf_score, 39.0
ratio, 0.545454545455
[[ 31.   3.  10.]
 [ 19.   5.   8.]
 [  8.   0.  16.]]
cf_score, 34.0
ratio, 0.525252525253
[[ 23.   2.   3.]
 [ 24.   4.   7.]
 [ 18.   4.  15.]]
cf_score, 21.0
ratio, 0.424242424242
[[ 18.   2.   9.]
 [ 19.   8.  11.]
 [ 11.   2.  20.]]
cf_score, 26.0
ratio, 0.464646464646
