[[ 23.   0.   0.]
 [ 39.   0.   0.]
 [ 38.   0.   0.]]
cf_score, -15.0
nv_score, 0.0
ratio, 0.232323232323
[[ 27.   2.   0.]
 [ 42.   1.   0.]
 [ 24.   4.   0.]]
cf_score, 4.0
nv_score, 0.0
ratio, 0.282828282828
[[ 25.   0.   2.]
 [ 28.   0.   5.]
 [ 33.   0.   7.]]
cf_score, -3.0
nv_score, -2.0
ratio, 0.323232323232
[[ 22.   2.   8.]
 [ 28.   3.   6.]
 [ 20.   1.  10.]]
cf_score, 7.0
nv_score, -12.0
ratio, 0.353535353535
[[ 21.   5.   4.]
 [ 31.   4.   3.]
 [ 18.   1.  13.]]
cf_score, 16.0
nv_score, 2.0
ratio, 0.383838383838
[[ 23.   6.  11.]
 [ 24.   0.   4.]
 [ 16.   1.  15.]]
cf_score, 11.0
nv_score, -11.0
ratio, 0.383838383838
[[ 16.   5.   9.]
 [ 31.   0.   2.]
 [ 18.   1.  18.]]
cf_score, 7.0
nv_score, -2.0
ratio, 0.343434343434
[[ 17.   2.   4.]
 [ 35.   1.   6.]
 [ 12.   5.  18.]]
cf_score, 20.0
nv_score, 4.0
ratio, 0.363636363636
[[ 21.   7.   7.]
 [ 25.   2.   6.]
 [ 20.   3.   9.]]
cf_score, 5.0
nv_score, -11.0
ratio, 0.323232323232
[[ 16.   4.   7.]
 [ 31.   3.   7.]
 [ 17.   3.  12.]]
cf_score, 7.0
nv_score, -9.0
ratio, 0.313131313131
[[ 19.   5.   9.]
 [ 26.   0.   3.]
 [ 23.   3.  12.]]
cf_score, -1.0
nv_score, -9.0
ratio, 0.313131313131
[[ 13.   2.   6.]
 [ 32.   3.   7.]
 [ 15.   2.  20.]]
cf_score, 15.0
nv_score, 1.0
ratio, 0.363636363636
[[ 20.   1.   9.]
 [ 18.   2.   4.]
 [ 15.   5.  26.]]
cf_score, 24.0
nv_score, 4.0
ratio, 0.484848484848
[[ 18.   2.  17.]
 [ 24.   5.   3.]
 [ 11.   2.  18.]]
cf_score, 13.0
nv_score, -19.0
ratio, 0.414141414141
[[ 23.   2.  10.]
 [ 27.   0.   2.]
 [ 13.   3.  20.]]
cf_score, 20.0
nv_score, -2.0
ratio, 0.434343434343
[[  7.   2.   4.]
 [ 32.   7.   9.]
 [ 13.   1.  25.]]
cf_score, 22.0
nv_score, 8.0
ratio, 0.393939393939
[[ 19.   1.  11.]
 [ 19.   5.  11.]
 [ 16.   3.  15.]]
cf_score, 12.0
nv_score, -18.0
ratio, 0.393939393939
[[ 13.   8.   6.]
 [ 27.   3.   6.]
 [ 15.   5.  17.]]
cf_score, 12.0
nv_score, -1.0
ratio, 0.333333333333
[[ 16.   7.   7.]
 [ 24.   4.   5.]
 [ 18.   5.  14.]]
cf_score, 9.0
nv_score, -5.0
ratio, 0.343434343434
[[ 20.   3.   9.]
 [ 19.   2.   6.]
 [ 13.   2.  26.]]
cf_score, 26.0
nv_score, 2.0
ratio, 0.484848484848
[[ 16.   7.   9.]
 [ 21.   5.   9.]
 [  9.   2.  22.]]
cf_score, 25.0
nv_score, -5.0
ratio, 0.434343434343
[[  9.   5.  14.]
 [ 21.   3.   8.]
 [ 12.   2.  26.]]
cf_score, 12.0
nv_score, -10.0
ratio, 0.383838383838
[[ 12.   7.   9.]
 [ 17.   8.   7.]
 [ 16.   1.  23.]]
cf_score, 18.0
nv_score, -2.0
ratio, 0.434343434343
[[ 19.   3.  11.]
 [ 20.  11.  10.]
 [  8.   1.  17.]]
cf_score, 28.0
nv_score, -15.0
ratio, 0.474747474747
[[ 23.   8.   5.]
 [ 14.   3.   8.]
 [ 12.   6.  21.]]
cf_score, 30.0
nv_score, 3.0
ratio, 0.474747474747
[[ 17.   4.   7.]
 [ 19.   2.   7.]
 [ 16.   5.  23.]]
cf_score, 19.0
nv_score, 2.0
ratio, 0.424242424242
[[ 15.   8.   7.]
 [ 24.  10.   9.]
 [  9.   5.  13.]]
cf_score, 22.0
nv_score, -10.0
ratio, 0.383838383838
[[ 10.   7.  13.]
 [ 17.   8.  10.]
 [  2.   7.  26.]]
cf_score, 29.0
nv_score, -10.0
ratio, 0.444444444444
[[ 16.   9.   8.]
 [ 15.   7.   8.]
 [  9.   6.  22.]]
cf_score, 28.0
nv_score, -2.0
ratio, 0.454545454545
[[  9.   9.   9.]
 [ 12.  12.  11.]
 [  4.   8.  26.]]
cf_score, 34.0
nv_score, -3.0
ratio, 0.474747474747
[[ 11.   5.   7.]
 [ 26.   9.   7.]
 [ 14.   8.  13.]]
cf_score, 12.0
nv_score, -8.0
ratio, 0.333333333333
[[ 13.   9.  10.]
 [ 15.   9.   5.]
 [ 18.  10.  11.]]
cf_score, 5.0
nv_score, -14.0
ratio, 0.333333333333
[[ 11.   5.   6.]
 [ 27.   8.   2.]
 [ 12.   8.  21.]]
cf_score, 22.0
nv_score, 7.0
ratio, 0.40404040404
[[ 10.   5.  11.]
 [ 17.   8.  14.]
 [  9.   1.  25.]]
cf_score, 23.0
nv_score, -11.0
ratio, 0.434343434343
[[ 13.   4.   7.]
 [ 23.  11.   7.]
 [ 11.   6.  18.]]
cf_score, 24.0
nv_score, -3.0
ratio, 0.424242424242
[[ 13.  10.  11.]
 [ 11.   9.  12.]
 [  4.  10.  20.]]
cf_score, 27.0
nv_score, -14.0
ratio, 0.424242424242
[[ 15.  10.   6.]
 [ 14.  13.   3.]
 [  8.   5.  26.]]
cf_score, 40.0
nv_score, 11.0
ratio, 0.545454545455
[[ 10.  11.   8.]
 [  8.  11.   7.]
 [  6.  15.  24.]]
cf_score, 31.0
nv_score, 1.0
ratio, 0.454545454545
[[ 19.   8.   8.]
 [ 21.   5.   4.]
 [ 10.   4.  21.]]
cf_score, 27.0
nv_score, 1.0
ratio, 0.454545454545
[[ 14.   7.   9.]
 [ 21.   5.   8.]
 [ 13.   6.  17.]]
cf_score, 14.0
nv_score, -9.0
ratio, 0.363636363636
[[ 21.  10.  12.]
 [ 12.   5.  11.]
 [ 10.   1.  18.]]
cf_score, 22.0
nv_score, -17.0
ratio, 0.444444444444
[[ 18.   6.   6.]
 [ 21.  13.   6.]
 [ 12.   3.  15.]]
cf_score, 28.0
nv_score, -3.0
ratio, 0.464646464646
[[ 11.   4.   8.]
 [ 25.   8.  12.]
 [ 13.   4.  15.]]
cf_score, 13.0
nv_score, -13.0
ratio, 0.343434343434
[[  7.   7.  13.]
 [ 20.  15.   9.]
 [  5.   6.  18.]]
cf_score, 22.0
nv_score, -17.0
ratio, 0.40404040404
[[ 14.   8.   8.]
 [ 13.  14.  10.]
 [  7.   7.  19.]]
cf_score, 32.0
nv_score, -7.0
ratio, 0.474747474747
[[ 13.  13.   5.]
 [ 14.  15.   4.]
 [  8.   9.  19.]]
cf_score, 34.0
nv_score, 5.0
ratio, 0.474747474747
[[ 15.  12.   6.]
 [ 20.  13.   7.]
 [  9.   1.  17.]]
cf_score, 30.0
nv_score, -2.0
ratio, 0.454545454545
[[ 10.  13.   9.]
 [  8.  15.  12.]
 [  5.   9.  19.]]
cf_score, 30.0
nv_score, -11.0
ratio, 0.444444444444
[[ 12.  17.  10.]
 [  8.   8.  13.]
 [  9.   5.  18.]]
cf_score, 19.0
nv_score, -15.0
ratio, 0.383838383838
[[ 15.  17.   3.]
 [ 23.  10.   2.]
 [  7.  13.  10.]]
cf_score, 25.0
nv_score, 2.0
ratio, 0.353535353535
