loading data...
Loading Model.
0.2169: [[ 0.0550964   0.16365494  0.78124863]]
0.218105: [[ 0.05621247  0.16517967  0.7786079 ]]
0.21931: [[ 0.05738207  0.16673541  0.77588248]]
0.220515: [[ 0.05860803  0.16832194  0.77306998]]
0.22172: [[ 0.05989332  0.1699388   0.77016789]]
0.222925: [[ 0.06124132  0.17158565  0.76717299]]
0.22413: [[ 0.06265525  0.17326173  0.76408303]]
0.225335: [[ 0.06413871  0.17496625  0.76089507]]
0.22654: [[ 0.06569529  0.17669816  0.75760657]]
0.227745: [[ 0.06732896  0.17845641  0.7542147 ]]
0.22895: [[ 0.06904393  0.18023992  0.75071615]]
0.230155: [[ 0.07084423  0.18204679  0.74710894]]
0.23136: [[ 0.07273455  0.18387571  0.74338979]]
0.232565: [[ 0.07471935  0.18572444  0.73955613]]
0.23377: [[ 0.07680372  0.18759115  0.73560518]]
0.234975: [[ 0.07899227  0.18947306  0.73153466]]
0.23618: [[ 0.08129078  0.19136801  0.72734123]]
0.237385: [[ 0.08370446  0.19327278  0.7230227 ]]
0.23859: [[ 0.08623905  0.19518451  0.71857643]]
0.239795: [[ 0.0889      0.19709939  0.71400058]]
0.241: [[ 0.09169362  0.19901398  0.70929235]]
0.242205: [[ 0.09462588  0.2009242   0.70444995]]
0.24341: [[ 0.09770295  0.20282571  0.69947141]]
0.244615: [[ 0.1009313   0.20471406  0.69435465]]
0.24582: [[ 0.10431734  0.2065843   0.68909836]]
0.247025: [[ 0.10786754  0.20843136  0.6837011 ]]
0.24823: [[ 0.11158793  0.21024962  0.67816246]]
0.249435: [[ 0.11548557  0.21203366  0.67248076]]
0.25064: [[ 0.11956663  0.2137776   0.66665578]]
0.251845: [[ 0.12383763  0.21547534  0.66068703]]
0.25305: [[ 0.12830395  0.21712033  0.65457577]]
0.254255: [[ 0.13297182  0.21870631  0.64832187]]
0.25546: [[ 0.13784695  0.22022675  0.64192635]]
0.256665: [[ 0.14293405  0.22167489  0.63539106]]
0.25787: [[ 0.1482383   0.22304416  0.62871748]]
0.259075: [[ 0.15376382  0.22432794  0.62190831]]
0.26028: [[ 0.15951437  0.22551954  0.61496603]]
0.261485: [[ 0.16549203  0.22661243  0.60789549]]
0.26269: [[ 0.17169996  0.22760054  0.60069942]]
0.263895: [[ 0.17813891  0.22847772  0.59338343]]
