loading data...
Loading Model.
60.264: [[ 0.20632996  0.1869289   0.60674113]]
60.5988: [[ 0.2063261   0.18693465  0.60673922]]
60.9336: [[ 0.20632067  0.18694288  0.60673642]]
61.2684: [[ 0.20631291  0.18695447  0.60673267]]
61.6032: [[ 0.2063019   0.18697095  0.60672718]]
61.938: [[ 0.20628598  0.18699475  0.60671932]]
62.2728: [[ 0.20626277  0.18702942  0.60670775]]
62.6076: [[ 0.20622836  0.18708096  0.6066907 ]]
62.9424: [[ 0.20617597  0.18715946  0.6066646 ]]
63.2772: [[ 0.20609346  0.18728311  0.60662347]]
63.612: [[ 0.20595695  0.18748796  0.6065551 ]]
63.9468: [[ 0.20571528  0.18785141  0.60643327]]
64.2816: [[ 0.20524326  0.18856439  0.60619229]]
64.6164: [[ 0.20417577  0.19019146  0.60563272]]
64.9512: [[ 0.20116353  0.1948985   0.60393792]]
65.286: [[ 0.1897985   0.2145106   0.59569091]]
65.6208: [[ 0.16957939  0.30874452  0.52167612]]
65.9556: [[ 0.48383012  0.27988437  0.23628546]]
66.2904: [[ 0.34224501  0.40644711  0.2513079 ]]
66.6252: [[ 0.33880383  0.41110873  0.25008741]]
66.96: [[ 0.35953897  0.39662859  0.24383245]]
67.2948: [[ 0.39506623  0.37168276  0.23325101]]
67.6296: [[ 0.44636789  0.3362751   0.21735704]]
67.9644: [[ 0.51151973  0.29235709  0.1961232 ]]
68.2992: [[ 0.58266252  0.24562369  0.17171378]]
68.634: [[ 0.64919335  0.20299684  0.14780983]]
68.9688: [[ 0.70388538  0.16871642  0.12739818]]
69.3036: [[ 0.74509507  0.14334905  0.11155587]]
69.6384: [[ 0.77469081  0.12538707  0.09992203]]
69.9732: [[ 0.79549772  0.11289433  0.09160791]]
70.308: [[ 0.81003773  0.10423392  0.08572838]]
70.6428: [[ 0.82020986  0.09821058  0.08157954]]
70.9776: [[ 0.82735437  0.09399817  0.07864755]]
71.3124: [[ 0.83239377  0.09103601  0.07657016]]
71.6472: [[ 0.83596319  0.08894268  0.07509407]]
71.982: [[ 0.83849984  0.08745747  0.07404272]]
72.3168: [[ 0.84030712  0.08640049  0.0732924 ]]
72.6516: [[ 0.84159714  0.08564664  0.07275618]]
72.9864: [[ 0.8425197   0.08510791  0.07237242]]
73.3212: [[ 0.84318006  0.0847224   0.07209753]]
