loading data...
Loading Model.
7.209: [[ 0.06200267  0.11942348  0.81857383]]
7.24905: [[ 0.06253594  0.12077676  0.81668723]]
7.2891: [[ 0.06314816  0.12232129  0.81453061]]
7.32915: [[ 0.06385189  0.12408569  0.81206244]]
7.3692: [[ 0.06466203  0.12610312  0.80923486]]
7.40925: [[ 0.06559613  0.12841175  0.80599213]]
7.4493: [[ 0.06667495  0.13105538  0.8022697 ]]
7.48935: [[ 0.06792294  0.13408358  0.79799348]]
7.5294: [[ 0.06936923  0.13755232  0.79307842]]
7.56945: [[ 0.07104834  0.14152323  0.78742844]]
7.6095: [[ 0.0730012   0.1460623   0.78093654]]
7.64955: [[ 0.07527686  0.15123817  0.77348495]]
7.6896: [[ 0.07793376  0.15711653  0.76494968]]
7.72965: [[ 0.08104209  0.16375302  0.75520486]]
7.7697: [[ 0.0846869   0.17118154  0.74413151]]
7.80975: [[ 0.08897155  0.17939591  0.73163253]]
7.8498: [[ 0.09402324  0.18832594  0.71765077]]
7.88985: [[ 0.10000142  0.19780815  0.70219046]]
7.9299: [[ 0.10710694  0.20754942  0.68534368]]
7.96995: [[ 0.11559653  0.21709627  0.6673072 ]]
8.01: [[ 0.1257965   0.22581628  0.64838719]]
8.05005: [[ 0.1381159   0.23291296  0.6289711 ]]
8.0901: [[ 0.15304741  0.23749228  0.60946023]]
8.13015: [[ 0.17113784  0.23869278  0.59016937]]
8.1702: [[ 0.19291961  0.23587655  0.57120383]]
8.21025: [[ 0.21877366  0.22883718  0.5523892 ]]
8.2503: [[ 0.24876899  0.21794489  0.53328615]]
8.29035: [[ 0.28251937  0.2041377   0.51334292]]
8.3304: [[ 0.31914306  0.18872823  0.49212867]]
8.37045: [[ 0.35739547  0.1730814   0.46952316]]
8.4105: [[ 0.39592195  0.15831093  0.44576713]]
8.45055: [[ 0.43351087  0.14511852  0.42137063]]
8.4906: [[ 0.46924853  0.13379683  0.39695463]]
8.53065: [[ 0.50256199  0.12433126  0.37310678]]
8.5707: [[ 0.53316712  0.11652977  0.35030317]]
8.61075: [[ 0.56099224  0.11012696  0.32888085]]
8.6508: [[ 0.58609593  0.10485281  0.30905125]]
8.69085: [[ 0.60862094  0.10046457  0.29091442]]
8.7309: [[ 0.62874943  0.09676123  0.27448928]]
8.77095: [[ 0.64668757  0.09358262  0.25972977]]
