loading data...
Loading Model.
11.232: [[ 0.33310685  0.40022629  0.26666686]]
11.2944: [[ 0.33310685  0.40022629  0.26666686]]
11.3568: [[ 0.33310685  0.40022629  0.26666686]]
11.4192: [[ 0.33310685  0.40022629  0.26666686]]
11.4816: [[ 0.33310685  0.40022629  0.26666686]]
11.544: [[ 0.33310685  0.40022629  0.26666686]]
11.6064: [[ 0.33310685  0.40022629  0.26666686]]
11.6688: [[ 0.33310685  0.40022629  0.26666686]]
11.7312: [[ 0.33310685  0.40022629  0.26666686]]
11.7936: [[ 0.33310685  0.40022629  0.26666686]]
11.856: [[ 0.33310685  0.40022629  0.26666686]]
11.9184: [[ 0.33310685  0.40022629  0.26666686]]
11.9808: [[ 0.33310685  0.40022629  0.26666686]]
12.0432: [[ 0.33310685  0.40022629  0.26666686]]
12.1056: [[ 0.33310685  0.40022629  0.26666686]]
12.168: [[ 0.33310685  0.40022629  0.26666686]]
12.2304: [[ 0.33310685  0.40022629  0.26666686]]
12.2928: [[ 0.33310685  0.40022629  0.26666686]]
12.3552: [[ 0.33310685  0.40022629  0.26666686]]
12.4176: [[ 0.33310685  0.40022629  0.26666686]]
12.48: [[ 0.33310685  0.40022629  0.26666686]]
12.5424: [[ 0.33310685  0.40022629  0.26666686]]
12.6048: [[ 0.33310685  0.40022629  0.26666686]]
12.6672: [[ 0.33310685  0.40022629  0.26666686]]
12.7296: [[ 0.33310685  0.40022629  0.26666686]]
12.792: [[ 0.33310685  0.40022629  0.26666686]]
12.8544: [[ 0.33310685  0.40022629  0.26666686]]
12.9168: [[ 0.33310685  0.40022629  0.26666686]]
12.9792: [[ 0.33310685  0.40022629  0.26666686]]
13.0416: [[ 0.33310685  0.40022629  0.26666686]]
13.104: [[ 0.33310685  0.40022629  0.26666686]]
13.1664: [[ 0.33310685  0.40022629  0.26666686]]
13.2288: [[ 0.33310685  0.40022629  0.26666686]]
13.2912: [[ 0.33310685  0.40022629  0.26666686]]
13.3536: [[ 0.33310685  0.40022629  0.26666686]]
13.416: [[ 0.33310685  0.40022629  0.26666686]]
13.4784: [[ 0.33310685  0.40022629  0.26666686]]
13.5408: [[ 0.33310685  0.40022629  0.26666686]]
13.6032: [[ 0.33310685  0.40022629  0.26666686]]
13.6656: [[ 0.33310685  0.40022629  0.26666686]]
