[[  0.  29.  13.]
 [  0.  30.   8.]
 [  0.   9.  11.]]
cf_score, 28.0
nv_score, -23.0
ratio, 0.414141414141
[[  0.  17.  12.]
 [  0.  33.   7.]
 [  0.  19.  12.]]
cf_score, 33.0
nv_score, -19.0
ratio, 0.454545454545
[[  0.  23.  11.]
 [  0.  28.   5.]
 [  0.  25.   8.]]
cf_score, 25.0
nv_score, -19.0
ratio, 0.363636363636
[[  0.  25.   6.]
 [  0.  34.   6.]
 [  0.  17.  12.]]
cf_score, 40.0
nv_score, -6.0
ratio, 0.464646464646
[[  0.  19.  14.]
 [  0.  22.  11.]
 [  0.  17.  17.]]
cf_score, 25.0
nv_score, -22.0
ratio, 0.393939393939
[[  0.  18.  11.]
 [  0.  31.   5.]
 [  0.  19.  16.]]
cf_score, 36.0
nv_score, -11.0
ratio, 0.474747474747
[[  0.  18.  12.]
 [  0.  32.  14.]
 [  0.  16.   8.]]
cf_score, 28.0
nv_score, -30.0
ratio, 0.40404040404
[[  0.  18.   9.]
 [  0.  27.  10.]
 [  0.  23.  13.]]
cf_score, 31.0
nv_score, -15.0
ratio, 0.40404040404
[[  0.  22.  17.]
 [  0.  22.   9.]
 [  0.  17.  13.]]
cf_score, 18.0
nv_score, -30.0
ratio, 0.353535353535
[[  0.  15.  20.]
 [  0.  30.  15.]
 [  0.   7.  13.]]
cf_score, 23.0
nv_score, -42.0
ratio, 0.434343434343
[[  0.  17.  18.]
 [  0.  26.  10.]
 [  0.  14.  15.]]
cf_score, 23.0
nv_score, -31.0
ratio, 0.414141414141
[[  0.  20.  15.]
 [  0.  25.   7.]
 [  0.  17.  16.]]
cf_score, 26.0
nv_score, -21.0
ratio, 0.414141414141
[[  0.  25.  13.]
 [  0.  22.  10.]
 [  0.  21.   9.]]
cf_score, 18.0
nv_score, -27.0
ratio, 0.313131313131
[[  0.  16.  11.]
 [  0.  28.   9.]
 [  0.  21.  15.]]
cf_score, 32.0
nv_score, -16.0
ratio, 0.434343434343
[[  1.  12.  23.]
 [  0.  25.  12.]
 [  0.  15.  12.]]
cf_score, 15.0
nv_score, -46.0
ratio, 0.383838383838
[[  0.  15.  15.]
 [  1.  32.   7.]
 [  1.  20.   9.]]
cf_score, 25.0
nv_score, -28.0
ratio, 0.414141414141
[[  0.  16.  11.]
 [  1.  23.   9.]
 [  3.  15.  22.]]
cf_score, 31.0
nv_score, -9.0
ratio, 0.454545454545
[[  0.  21.  15.]
 [  0.  24.   8.]
 [  4.  20.   8.]]
cf_score, 13.0
nv_score, -30.0
ratio, 0.323232323232
[[  1.  12.  14.]
 [  1.  29.  12.]
 [  0.  19.  12.]]
cf_score, 28.0
nv_score, -28.0
ratio, 0.424242424242
[[  0.  17.  10.]
 [  2.  31.  10.]
 [  0.  20.  10.]]
cf_score, 31.0
nv_score, -20.0
ratio, 0.414141414141
[[  0.  14.  15.]
 [  0.  24.  16.]
 [  1.  21.   9.]]
cf_score, 17.0
nv_score, -37.0
ratio, 0.333333333333
[[  2.  16.   7.]
 [  0.  16.  13.]
 [  3.  32.  11.]]
cf_score, 19.0
nv_score, -16.0
ratio, 0.292929292929
[[  1.  17.  10.]
 [  6.  27.   9.]
 [  3.  21.   6.]]
cf_score, 21.0
nv_score, -23.0
ratio, 0.343434343434
[[  2.  15.  12.]
 [  2.  31.   3.]
 [  3.  21.  11.]]
cf_score, 29.0
nv_score, -16.0
ratio, 0.444444444444
[[  4.  19.   4.]
 [  5.  35.  10.]
 [  4.  10.   9.]]
cf_score, 40.0
nv_score, -9.0
ratio, 0.484848484848
[[  2.  18.  14.]
 [  4.  20.  12.]
 [  3.  18.   9.]]
cf_score, 14.0
nv_score, -31.0
ratio, 0.313131313131
[[  1.  15.  10.]
 [  0.  26.  13.]
 [  4.  21.  10.]]
cf_score, 23.0
nv_score, -23.0
ratio, 0.373737373737
[[  5.  16.  16.]
 [  3.  26.   9.]
 [  1.  14.  10.]]
cf_score, 24.0
nv_score, -31.0
ratio, 0.414141414141
[[  5.  20.  10.]
 [  3.  21.   7.]
 [  4.  23.   7.]]
cf_score, 19.0
nv_score, -20.0
ratio, 0.333333333333
[[  5.  19.   9.]
 [  3.  31.   8.]
 [  3.  11.  11.]]
cf_score, 35.0
nv_score, -15.0
ratio, 0.474747474747
[[  7.  22.  10.]
 [  2.  16.   9.]
 [  7.  16.  11.]]
cf_score, 17.0
nv_score, -18.0
ratio, 0.343434343434
[[  4.  16.  14.]
 [  3.  24.   6.]
 [  3.  24.   6.]]
cf_score, 17.0
nv_score, -28.0
ratio, 0.343434343434
[[  3.  21.  16.]
 [  2.  27.   5.]
 [  3.  17.   6.]]
cf_score, 17.0
nv_score, -31.0
ratio, 0.363636363636
[[  7.  14.  14.]
 [  1.  26.   4.]
 [  8.  17.   9.]]
cf_score, 20.0
nv_score, -23.0
ratio, 0.424242424242
[[  6.  16.   9.]
 [  4.  28.  10.]
 [  5.  13.   9.]]
cf_score, 29.0
nv_score, -19.0
ratio, 0.434343434343
[[  3.  14.  14.]
 [  4.  23.  10.]
 [  3.  14.  15.]]
cf_score, 24.0
nv_score, -23.0
ratio, 0.414141414141
[[  3.  15.  13.]
 [  3.  25.   6.]
 [  3.  18.  14.]]
cf_score, 26.0
nv_score, -18.0
ratio, 0.424242424242
[[  3.  10.   9.]
 [  2.  31.   9.]
 [  7.  19.  10.]]
cf_score, 28.0
nv_score, -17.0
ratio, 0.444444444444
[[  6.  19.   8.]
 [  3.  32.   6.]
 [  3.  14.   9.]]
cf_score, 36.0
nv_score, -13.0
ratio, 0.474747474747
[[  5.  12.  15.]
 [  4.  29.   7.]
 [  3.  14.  11.]]
cf_score, 27.0
nv_score, -26.0
ratio, 0.454545454545
[[  7.  17.  17.]
 [  4.  24.   7.]
 [  4.  14.   6.]]
cf_score, 16.0
nv_score, -35.0
ratio, 0.373737373737
[[  1.  19.  14.]
 [  2.  26.   2.]
 [  5.  17.  14.]]
cf_score, 22.0
nv_score, -16.0
ratio, 0.414141414141
[[ 13.  10.  16.]
 [  4.  15.   8.]
 [ 11.   6.  17.]]
cf_score, 18.0
nv_score, -23.0
ratio, 0.454545454545
[[  4.  14.   9.]
 [  4.  20.  12.]
 [  5.  21.  11.]]
cf_score, 21.0
nv_score, -19.0
ratio, 0.353535353535
[[  5.   7.  22.]
 [  2.  14.  12.]
 [  6.  15.  17.]]
cf_score, 8.0
nv_score, -39.0
ratio, 0.363636363636
[[  5.  13.  14.]
 [  6.  20.  13.]
 [  4.  14.  11.]]
cf_score, 18.0
nv_score, -30.0
ratio, 0.363636363636
[[  4.  15.  13.]
 [  5.  21.   9.]
 [  9.  11.  13.]]
cf_score, 16.0
nv_score, -22.0
ratio, 0.383838383838
[[  4.  20.  16.]
 [  3.  22.   4.]
 [  2.  14.  15.]]
cf_score, 23.0
nv_score, -21.0
ratio, 0.414141414141
[[  4.  16.   3.]
 [  7.  29.   3.]
 [  7.   9.  22.]]
cf_score, 45.0
nv_score, 13.0
ratio, 0.555555555556
[[  1.  26.   8.]
 [  3.  25.   4.]
 [  2.  18.  13.]]
cf_score, 29.0
nv_score, -7.0
ratio, 0.393939393939
