[[ 16.   0.   7.]
 [ 34.   0.  12.]
 [ 14.   0.  17.]]
cf_score, 12.0
ratio, 0.333333333333
[[ 24.   0.   5.]
 [ 18.   0.  11.]
 [ 20.   0.  22.]]
cf_score, 21.0
ratio, 0.464646464646
[[ 24.   0.  12.]
 [ 22.   0.   7.]
 [ 14.   0.  21.]]
cf_score, 19.0
ratio, 0.454545454545
[[ 22.   0.  16.]
 [ 22.   0.  11.]
 [ 17.   1.  11.]]
cf_score, 0.0
ratio, 0.333333333333
[[ 15.   0.  11.]
 [ 36.   0.   8.]
 [ 12.   4.  14.]]
cf_score, 6.0
ratio, 0.292929292929
[[ 19.   0.  11.]
 [ 21.   1.   9.]
 [ 15.   3.  21.]]
cf_score, 15.0
ratio, 0.414141414141
[[ 20.   0.   8.]
 [ 30.   2.   8.]
 [ 12.   2.  18.]]
cf_score, 20.0
ratio, 0.40404040404
[[ 24.   2.  15.]
 [ 26.   2.   7.]
 [  9.   3.  12.]]
cf_score, 14.0
ratio, 0.383838383838
[[ 23.   1.   6.]
 [ 31.   0.   5.]
 [ 14.   3.  17.]]
cf_score, 20.0
ratio, 0.40404040404
[[ 22.   0.   7.]
 [ 22.   4.  11.]
 [ 17.   5.  12.]]
cf_score, 14.0
ratio, 0.383838383838
[[ 20.   0.   6.]
 [ 24.   0.  11.]
 [ 21.   3.  15.]]
cf_score, 8.0
ratio, 0.353535353535
[[ 21.   0.   8.]
 [ 24.   0.  14.]
 [ 12.   5.  16.]]
cf_score, 17.0
ratio, 0.373737373737
[[ 26.   1.  11.]
 [ 17.   3.  14.]
 [ 12.   2.  14.]]
cf_score, 20.0
ratio, 0.434343434343
[[ 23.   0.   9.]
 [ 26.   3.   6.]
 [  8.   4.  21.]]
cf_score, 30.0
ratio, 0.474747474747
[[ 18.   1.  14.]
 [ 24.   0.   7.]
 [ 15.   4.  17.]]
cf_score, 6.0
ratio, 0.353535353535
[[ 18.   0.   7.]
 [ 27.   0.  11.]
 [ 17.   4.  16.]]
cf_score, 10.0
ratio, 0.343434343434
[[ 12.   1.  15.]
 [ 24.   1.  10.]
 [ 15.   5.  17.]]
cf_score, 0.0
ratio, 0.30303030303
[[ 20.   3.   6.]
 [ 20.   0.  12.]
 [ 15.   3.  21.]]
cf_score, 20.0
ratio, 0.414141414141
[[ 24.   1.  12.]
 [ 18.   3.   9.]
 [ 14.   1.  18.]]
cf_score, 19.0
ratio, 0.454545454545
[[ 18.   0.  10.]
 [ 26.   2.  10.]
 [ 16.   0.  18.]]
cf_score, 12.0
ratio, 0.383838383838
[[ 15.   0.  12.]
 [ 25.   2.  17.]
 [ 10.   2.  17.]]
cf_score, 12.0
ratio, 0.343434343434
[[ 31.   2.   9.]
 [ 13.   1.  15.]
 [ 11.   1.  17.]]
cf_score, 29.0
ratio, 0.494949494949
[[ 20.   2.   8.]
 [ 25.   2.  14.]
 [  9.   5.  15.]]
cf_score, 20.0
ratio, 0.373737373737
[[ 13.   0.  11.]
 [ 17.   0.   8.]
 [ 17.  10.  24.]]
cf_score, 9.0
ratio, 0.373737373737
[[ 20.   0.  16.]
 [ 19.   2.  10.]
 [ 13.   3.  17.]]
cf_score, 10.0
ratio, 0.393939393939
[[ 24.   0.  13.]
 [ 26.   0.   9.]
 [ 14.   1.  13.]]
cf_score, 10.0
ratio, 0.373737373737
[[ 25.   2.   8.]
 [ 16.   2.  14.]
 [ 12.   4.  17.]]
cf_score, 24.0
ratio, 0.444444444444
[[ 30.   1.   9.]
 [ 15.   7.   9.]
 [  7.   4.  18.]]
cf_score, 39.0
ratio, 0.555555555556
[[ 19.   1.   8.]
 [ 23.   2.  14.]
 [ 13.   4.  16.]]
cf_score, 16.0
ratio, 0.373737373737
[[ 19.   1.   9.]
 [ 21.   1.   8.]
 [ 11.   5.  25.]]
cf_score, 25.0
ratio, 0.454545454545
[[ 20.   1.  11.]
 [ 24.   2.  12.]
 [ 13.   1.  16.]]
cf_score, 14.0
ratio, 0.383838383838
[[ 17.   1.  15.]
 [ 23.   3.  11.]
 [ 10.   4.  16.]]
cf_score, 11.0
ratio, 0.363636363636
[[ 15.   3.  10.]
 [ 26.   2.  10.]
 [ 17.   5.  12.]]
cf_score, 2.0
ratio, 0.292929292929
[[ 27.   2.  14.]
 [ 20.   5.   7.]
 [  9.   4.  12.]]
cf_score, 21.0
ratio, 0.444444444444
[[ 13.   0.  13.]
 [ 21.   7.  14.]
 [ 12.   1.  19.]]
cf_score, 14.0
ratio, 0.393939393939
[[ 16.   2.   9.]
 [ 16.   5.  13.]
 [  8.   3.  28.]]
cf_score, 32.0
ratio, 0.494949494949
[[ 17.   3.  10.]
 [ 22.   4.   4.]
 [ 20.   2.  18.]]
cf_score, 9.0
ratio, 0.393939393939
[[ 14.   5.   8.]
 [ 24.   3.  10.]
 [ 13.   2.  21.]]
cf_score, 17.0
ratio, 0.383838383838
[[ 16.   1.   7.]
 [ 24.   9.  13.]
 [  6.   4.  20.]]
cf_score, 32.0
ratio, 0.454545454545
[[ 18.   3.   8.]
 [ 15.  10.   4.]
 [ 16.   3.  23.]]
cf_score, 27.0
ratio, 0.515151515152
[[ 15.   2.  11.]
 [ 20.   6.  10.]
 [ 15.   1.  20.]]
cf_score, 15.0
ratio, 0.414141414141
[[ 23.   3.  11.]
 [ 21.   5.   8.]
 [  9.   3.  17.]]
cf_score, 25.0
ratio, 0.454545454545
[[ 25.   1.   7.]
 [ 17.   3.   7.]
 [ 14.   3.  23.]]
cf_score, 30.0
ratio, 0.515151515152
[[ 16.   3.  11.]
 [ 19.   6.  13.]
 [  9.   6.  17.]]
cf_score, 19.0
ratio, 0.393939393939
[[ 17.   3.  11.]
 [ 16.   8.   9.]
 [  9.   8.  19.]]
cf_score, 24.0
ratio, 0.444444444444
[[ 25.   1.   8.]
 [ 16.   9.  11.]
 [  9.   5.  16.]]
cf_score, 33.0
ratio, 0.505050505051
[[ 22.   6.  16.]
 [ 16.   6.  11.]
 [  5.   3.  15.]]
cf_score, 22.0
ratio, 0.434343434343
[[ 14.   3.   7.]
 [ 20.   6.  17.]
 [ 12.   4.  17.]]
cf_score, 18.0
ratio, 0.373737373737
[[ 15.   2.  10.]
 [ 17.  11.  16.]
 [  6.   4.  19.]]
cf_score, 29.0
ratio, 0.454545454545
[[ 17.   4.  16.]
 [ 16.   5.   9.]
 [ 10.   5.  18.]]
cf_score, 14.0
ratio, 0.40404040404
[[ 10.   0.  12.]
 [ 23.   7.  11.]
 [ 12.   6.  19.]]
cf_score, 12.0
ratio, 0.363636363636
[[ 21.   4.  10.]
 [ 21.   4.  13.]
 [  5.   4.  18.]]
cf_score, 28.0
ratio, 0.434343434343
[[ 23.   5.   8.]
 [ 12.   6.  14.]
 [  8.   6.  18.]]
cf_score, 31.0
ratio, 0.474747474747
[[ 22.   3.  12.]
 [ 14.   6.  10.]
 [ 10.   3.  20.]]
cf_score, 26.0
ratio, 0.484848484848
[[ 16.   1.  12.]
 [ 23.   5.   7.]
 [ 13.   5.  18.]]
cf_score, 14.0
ratio, 0.393939393939
[[ 16.   5.  11.]
 [ 19.   5.  12.]
 [ 10.   6.  16.]]
cf_score, 16.0
ratio, 0.373737373737
[[ 13.   2.  13.]
 [ 15.  11.  10.]
 [  8.   5.  23.]]
cf_score, 26.0
ratio, 0.474747474747
[[ 21.   4.  17.]
 [ 15.   4.   4.]
 [ 10.   5.  20.]]
cf_score, 18.0
ratio, 0.454545454545
[[ 20.   4.   7.]
 [ 21.   8.   7.]
 [  9.   5.  19.]]
cf_score, 31.0
ratio, 0.474747474747
[[ 13.   2.   4.]
 [ 16.   9.  16.]
 [ 12.   6.  22.]]
cf_score, 28.0
ratio, 0.444444444444
[[ 22.   5.  14.]
 [ 15.   4.   9.]
 [  7.   2.  22.]]
cf_score, 27.0
ratio, 0.484848484848
[[ 18.   2.   8.]
 [ 17.   8.  11.]
 [ 12.   5.  19.]]
cf_score, 25.0
ratio, 0.454545454545
[[ 19.   1.   9.]
 [ 16.   5.  19.]
 [  9.   2.  20.]]
cf_score, 26.0
ratio, 0.444444444444
[[ 22.   4.  12.]
 [ 16.   3.  10.]
 [  6.   3.  24.]]
cf_score, 31.0
ratio, 0.494949494949
[[ 18.   2.   9.]
 [ 15.   5.  11.]
 [ 10.   6.  24.]]
cf_score, 28.0
ratio, 0.474747474747
[[ 21.   1.   5.]
 [ 21.   7.   7.]
 [ 13.   4.  21.]]
cf_score, 31.0
ratio, 0.494949494949
[[ 26.   1.  16.]
 [ 10.   4.  11.]
 [ 11.   2.  19.]]
cf_score, 22.0
ratio, 0.494949494949
[[ 15.   5.  14.]
 [ 20.   4.  11.]
 [  8.   4.  19.]]
cf_score, 16.0
ratio, 0.383838383838
[[ 27.   3.   5.]
 [ 21.   6.  13.]
 [  7.   2.  16.]]
cf_score, 37.0
ratio, 0.494949494949
[[ 14.   2.   8.]
 [ 31.   7.   7.]
 [ 13.   6.  12.]]
cf_score, 12.0
ratio, 0.333333333333
[[ 17.   2.   9.]
 [ 17.   3.   8.]
 [  8.   1.  35.]]
cf_score, 38.0
ratio, 0.555555555556
[[ 17.   0.   9.]
 [ 14.   7.   9.]
 [ 20.   3.  21.]]
cf_score, 16.0
ratio, 0.454545454545
[[ 22.   4.  11.]
 [ 19.   5.  10.]
 [ 10.   1.  18.]]
cf_score, 24.0
ratio, 0.454545454545
[[ 11.   1.   9.]
 [ 16.   3.  15.]
 [ 16.   3.  26.]]
cf_score, 15.0
ratio, 0.40404040404
[[ 14.   5.  14.]
 [ 14.   2.   3.]
 [ 16.   7.  25.]]
cf_score, 11.0
ratio, 0.414141414141
[[ 17.   1.   8.]
 [ 15.   5.  14.]
 [  9.   7.  24.]]
cf_score, 29.0
ratio, 0.464646464646
[[ 12.   3.   5.]
 [ 18.   9.  15.]
 [  8.   5.  25.]]
cf_score, 33.0
ratio, 0.464646464646
[[ 18.   3.  10.]
 [ 20.   7.   8.]
 [ 14.   2.  18.]]
cf_score, 19.0
ratio, 0.434343434343
[[ 21.   3.   8.]
 [ 21.   4.  11.]
 [ 12.   1.  19.]]
cf_score, 24.0
ratio, 0.444444444444
[[ 17.   2.  11.]
 [ 11.   3.  18.]
 [ 12.   1.  25.]]
cf_score, 22.0
ratio, 0.454545454545
[[ 14.   5.  13.]
 [ 18.   5.  14.]
 [ 10.   7.  14.]]
cf_score, 10.0
ratio, 0.333333333333
[[ 22.   6.   7.]
 [ 15.   4.   8.]
 [ 10.   8.  20.]]
cf_score, 29.0
ratio, 0.464646464646
[[ 22.   1.  12.]
 [ 15.   1.   9.]
 [ 12.   6.  22.]]
cf_score, 21.0
ratio, 0.454545454545
[[ 13.   3.  11.]
 [ 19.   5.  18.]
 [  7.   7.  17.]]
cf_score, 17.0
ratio, 0.353535353535
[[ 19.   3.  12.]
 [ 11.   4.  11.]
 [  9.   9.  22.]]
cf_score, 24.0
ratio, 0.454545454545
[[ 13.   3.  14.]
 [ 14.   4.  10.]
 [ 16.   3.  23.]]
cf_score, 10.0
ratio, 0.40404040404
[[ 16.   4.  13.]
 [ 16.   5.   8.]
 [  9.   4.  25.]]
cf_score, 24.0
ratio, 0.464646464646
[[ 23.   2.  11.]
 [ 17.   0.  10.]
 [ 10.   4.  23.]]
cf_score, 25.0
ratio, 0.464646464646
[[ 14.   4.   7.]
 [ 15.   3.  12.]
 [ 14.   8.  23.]]
cf_score, 19.0
ratio, 0.40404040404
[[ 18.   3.  11.]
 [ 20.   4.  13.]
 [ 14.   4.  13.]]
cf_score, 10.0
ratio, 0.353535353535
[[ 20.   6.   6.]
 [ 21.   3.   6.]
 [ 18.   4.  16.]]
cf_score, 15.0
ratio, 0.393939393939
[[ 17.   3.  23.]
 [ 12.   3.  18.]
 [  8.   1.  15.]]
cf_score, 4.0
ratio, 0.353535353535
[[ 20.   5.  15.]
 [ 17.   1.   9.]
 [  9.   3.  21.]]
cf_score, 18.0
ratio, 0.424242424242
[[ 24.   2.  10.]
 [ 20.   8.   9.]
 [  9.   4.  14.]]
cf_score, 27.0
ratio, 0.464646464646
[[ 13.   2.   9.]
 [ 23.   6.  16.]
 [  7.   6.  18.]]
cf_score, 21.0
ratio, 0.373737373737
[[ 14.   1.   7.]
 [ 18.   4.  12.]
 [ 13.  10.  21.]]
cf_score, 19.0
ratio, 0.393939393939
[[ 24.   2.  14.]
 [ 12.   6.  12.]
 [ 10.   4.  16.]]
cf_score, 22.0
ratio, 0.464646464646
[[ 11.   7.   7.]
 [ 21.   8.  12.]
 [ 12.   5.  17.]]
cf_score, 17.0
ratio, 0.363636363636
[[ 23.   4.   3.]
 [ 23.   8.   7.]
 [  8.   3.  21.]]
cf_score, 41.0
ratio, 0.525252525253
[[ 22.   2.  10.]
 [ 14.   2.  18.]
 [  9.   2.  21.]]
cf_score, 26.0
ratio, 0.454545454545
