[[  0.  20.  23.]
 [  3.  14.  16.]
 [  3.   5.  16.]]
cf_score, 4.0
nv_score, -46.0
ratio, 0.30303030303
[[  2.  31.  14.]
 [  1.  21.   7.]
 [  5.  11.   8.]]
cf_score, 12.0
nv_score, -27.0
ratio, 0.313131313131
[[  0.  21.  14.]
 [  3.  25.   8.]
 [  6.  10.  13.]]
cf_score, 18.0
nv_score, -23.0
ratio, 0.383838383838
[[  2.  15.  17.]
 [  6.  16.  16.]
 [  2.   8.  18.]]
cf_score, 17.0
nv_score, -32.0
ratio, 0.363636363636
[[  4.  13.  15.]
 [  4.  18.  13.]
 [  2.   6.  25.]]
cf_score, 30.0
nv_score, -18.0
ratio, 0.474747474747
[[  2.  17.  13.]
 [  1.  22.  15.]
 [  0.   6.  24.]]
cf_score, 35.0
nv_score, -17.0
ratio, 0.484848484848
[[  7.  12.  25.]
 [  2.  17.  14.]
 [  1.   3.  19.]]
cf_score, 17.0
nv_score, -45.0
ratio, 0.434343434343
[[  1.  18.  18.]
 [  6.  16.   8.]
 [  3.   9.  21.]]
cf_score, 17.0
nv_score, -23.0
ratio, 0.383838383838
[[  4.  20.  16.]
 [  0.  19.  15.]
 [  3.   9.  14.]]
cf_score, 18.0
nv_score, -33.0
ratio, 0.373737373737
[[  1.  11.  17.]
 [  4.  18.  13.]
 [  1.  15.  20.]]
cf_score, 21.0
nv_score, -27.0
ratio, 0.393939393939
[[  2.  16.  14.]
 [  4.  18.  14.]
 [  3.   3.  26.]]
cf_score, 29.0
nv_score, -16.0
ratio, 0.464646464646
[[  1.  13.  10.]
 [  4.  33.  11.]
 [  5.   9.  14.]]
cf_score, 33.0
nv_score, -17.0
ratio, 0.484848484848
[[  1.  17.  18.]
 [  3.  18.  20.]
 [  0.   8.  15.]]
cf_score, 16.0
nv_score, -41.0
ratio, 0.343434343434
[[  1.  16.  16.]
 [  4.  22.  16.]
 [  5.   8.  12.]]
cf_score, 14.0
nv_score, -36.0
ratio, 0.353535353535
[[  3.  16.  23.]
 [  5.  16.   8.]
 [  2.   8.  19.]]
cf_score, 13.0
nv_score, -35.0
ratio, 0.383838383838
[[  2.  19.  13.]
 [  3.  20.   8.]
 [  8.   9.  18.]]
cf_score, 19.0
nv_score, -16.0
ratio, 0.40404040404
[[  3.  14.  17.]
 [  2.  21.   7.]
 [  4.   8.  24.]]
cf_score, 27.0
nv_score, -17.0
ratio, 0.484848484848
[[  4.  21.   8.]
 [  1.  19.  13.]
 [  6.  11.  17.]]
cf_score, 26.0
nv_score, -12.0
ratio, 0.40404040404
[[  5.  16.  11.]
 [  4.  19.   9.]
 [  1.  17.  18.]]
cf_score, 30.0
nv_score, -13.0
ratio, 0.424242424242
[[  1.  14.  20.]
 [  2.  22.   8.]
 [  1.  14.  18.]]
cf_score, 20.0
nv_score, -30.0
ratio, 0.414141414141
[[  7.  21.   8.]
 [  1.  15.  13.]
 [  1.  11.  23.]]
cf_score, 36.0
nv_score, -6.0
ratio, 0.454545454545
[[  3.  20.  16.]
 [  1.  19.  12.]
 [  0.   9.  20.]]
cf_score, 26.0
nv_score, -24.0
ratio, 0.424242424242
[[  3.   9.  17.]
 [  3.  12.  15.]
 [  7.  11.  23.]]
cf_score, 14.0
nv_score, -26.0
ratio, 0.383838383838
[[  5.  13.  15.]
 [  2.  24.  12.]
 [  3.   9.  17.]]
cf_score, 28.0
nv_score, -25.0
ratio, 0.464646464646
[[  4.  15.   7.]
 [  5.  29.   8.]
 [  9.  10.  13.]]
cf_score, 30.0
nv_score, -9.0
ratio, 0.464646464646
[[  3.  13.  17.]
 [  1.  16.  13.]
 [  6.   6.  25.]]
cf_score, 21.0
nv_score, -22.0
ratio, 0.444444444444
[[  5.  15.  15.]
 [  6.  16.  14.]
 [  5.   9.  15.]]
cf_score, 16.0
nv_score, -29.0
ratio, 0.363636363636
[[  7.  14.  12.]
 [  4.  21.  10.]
 [  6.   7.  19.]]
cf_score, 29.0
nv_score, -15.0
ratio, 0.474747474747
[[  5.  12.  15.]
 [  4.  26.   7.]
 [  3.  11.  17.]]
cf_score, 30.0
nv_score, -20.0
ratio, 0.484848484848
[[  4.  21.  11.]
 [  5.  21.   8.]
 [  4.  14.  12.]]
cf_score, 22.0
nv_score, -18.0
ratio, 0.373737373737
[[  9.  14.  12.]
 [  3.  16.   7.]
 [  4.  12.  23.]]
cf_score, 32.0
nv_score, -8.0
ratio, 0.484848484848
[[  3.  24.  13.]
 [  6.  20.   5.]
 [  4.   8.  17.]]
cf_score, 23.0
nv_score, -14.0
ratio, 0.40404040404
[[  3.  10.  10.]
 [  2.  25.   8.]
 [  4.  13.  25.]]
cf_score, 39.0
nv_score, -3.0
ratio, 0.535353535354
[[  4.  16.   8.]
 [  3.  22.  14.]
 [  6.  10.  17.]]
cf_score, 29.0
nv_score, -13.0
ratio, 0.434343434343
[[  5.  10.  16.]
 [  4.  22.   9.]
 [  6.  12.  16.]]
cf_score, 21.0
nv_score, -25.0
ratio, 0.434343434343
[[  9.  14.  18.]
 [  3.  19.   8.]
 [  3.  13.  13.]]
cf_score, 20.0
nv_score, -31.0
ratio, 0.414141414141
[[  4.  20.  19.]
 [  6.  18.   9.]
 [  4.   6.  14.]]
cf_score, 13.0
nv_score, -33.0
ratio, 0.363636363636
[[  5.  12.  13.]
 [  4.  25.   6.]
 [  8.  10.  17.]]
cf_score, 26.0
nv_score, -15.0
ratio, 0.474747474747
[[  6.  18.  15.]
 [  3.  24.   6.]
 [  6.   5.  17.]]
cf_score, 26.0
nv_score, -19.0
ratio, 0.474747474747
[[  3.  10.  15.]
 [  2.  26.   7.]
 [  5.  11.  21.]]
cf_score, 30.0
nv_score, -16.0
ratio, 0.505050505051
[[  8.  12.  16.]
 [  3.  19.  14.]
 [  5.  10.  13.]]
cf_score, 19.0
nv_score, -33.0
ratio, 0.40404040404
[[  3.  16.  12.]
 [  4.  22.  14.]
 [  5.  11.  13.]]
cf_score, 21.0
nv_score, -25.0
ratio, 0.383838383838
[[  4.  16.  16.]
 [  3.  22.  12.]
 [  5.   6.  16.]]
cf_score, 21.0
nv_score, -28.0
ratio, 0.424242424242
[[  8.  16.  20.]
 [  1.  18.   7.]
 [  2.  10.  18.]]
cf_score, 22.0
nv_score, -29.0
ratio, 0.444444444444
[[  8.  19.   9.]
 [  4.  15.  16.]
 [  3.  10.  16.]]
cf_score, 27.0
nv_score, -18.0
ratio, 0.393939393939
[[  5.  18.  12.]
 [  3.  19.  12.]
 [  3.   7.  21.]]
cf_score, 30.0
nv_score, -15.0
ratio, 0.454545454545
[[  6.   7.  15.]
 [  3.  23.  11.]
 [ 10.   8.  17.]]
cf_score, 21.0
nv_score, -24.0
ratio, 0.464646464646
[[  5.  17.  11.]
 [  7.  23.  12.]
 [  3.   9.  13.]]
cf_score, 27.0
nv_score, -21.0
ratio, 0.414141414141
[[  6.  22.  14.]
 [  8.  18.  12.]
 [  5.   5.  10.]]
cf_score, 15.0
nv_score, -30.0
ratio, 0.343434343434
[[  8.  14.  10.]
 [  6.  20.   9.]
 [  0.  14.  19.]]
cf_score, 37.0
nv_score, -10.0
ratio, 0.474747474747
