[[ 20.   0.   8.]
 [ 28.   0.   5.]
 [ 29.   2.   8.]]
cf_score, -9.0
ratio, 0.282828282828
[[ 24.   3.   8.]
 [ 19.   3.   7.]
 [ 13.   7.  16.]]
cf_score, 22.0
ratio, 0.434343434343
[[ 25.   2.   6.]
 [ 19.   3.  11.]
 [ 15.   4.  15.]]
cf_score, 22.0
ratio, 0.434343434343
[[ 26.   7.   3.]
 [ 22.   6.   9.]
 [  9.   5.  13.]]
cf_score, 33.0
ratio, 0.454545454545
[[ 18.   4.   8.]
 [ 16.   5.  10.]
 [ 14.   3.  22.]]
cf_score, 23.0
ratio, 0.454545454545
[[ 16.   7.   9.]
 [ 20.   7.  12.]
 [ 13.   7.   9.]]
cf_score, 10.0
ratio, 0.323232323232
[[ 17.  14.   8.]
 [  8.   5.   7.]
 [ 14.   3.  24.]]
cf_score, 24.0
ratio, 0.464646464646
[[ 18.   4.   3.]
 [ 18.   6.   6.]
 [ 28.   5.  12.]]
cf_score, 5.0
ratio, 0.363636363636
[[ 19.  12.   5.]
 [  9.   4.  14.]
 [  6.   5.  26.]]
cf_score, 38.0
ratio, 0.494949494949
[[ 24.   6.   8.]
 [  9.   3.  13.]
 [ 14.   4.  19.]]
cf_score, 24.0
ratio, 0.464646464646
[[ 21.  11.  10.]
 [ 13.   5.   8.]
 [ 11.   7.  14.]]
cf_score, 19.0
ratio, 0.40404040404
[[ 16.   8.   7.]
 [ 14.  14.   9.]
 [ 11.   6.  15.]]
cf_score, 27.0
ratio, 0.454545454545
[[ 14.   9.   9.]
 [  5.  15.  13.]
 [  6.   8.  21.]]
cf_score, 35.0
ratio, 0.505050505051
[[ 11.   7.  14.]
 [  9.   8.  10.]
 [  8.   9.  24.]]
cf_score, 21.0
ratio, 0.434343434343
[[ 15.   5.  11.]
 [ 20.   8.  11.]
 [  6.   4.  20.]]
cf_score, 26.0
ratio, 0.434343434343
[[ 17.   8.  11.]
 [ 10.   9.   6.]
 [ 12.   8.  19.]]
cf_score, 22.0
ratio, 0.454545454545
[[ 23.   3.   9.]
 [ 15.  11.   6.]
 [  7.   8.  18.]]
cf_score, 36.0
ratio, 0.525252525253
[[ 16.   8.   5.]
 [ 14.   8.   9.]
 [  5.  14.  21.]]
cf_score, 35.0
ratio, 0.454545454545
[[ 17.  11.   7.]
 [  8.  17.  12.]
 [  4.   6.  18.]]
cf_score, 41.0
ratio, 0.525252525253
[[ 19.   8.   8.]
 [ 17.   8.  11.]
 [  7.   9.  13.]]
cf_score, 25.0
ratio, 0.40404040404
[[ 26.   4.   5.]
 [ 12.  14.  12.]
 [  5.   8.  14.]]
cf_score, 44.0
ratio, 0.545454545455
[[ 19.   2.  10.]
 [ 14.   6.  14.]
 [  6.   6.  23.]]
cf_score, 32.0
ratio, 0.484848484848
[[ 18.   8.   4.]
 [ 15.  11.   1.]
 [ 13.   7.  23.]]
cf_score, 35.0
ratio, 0.525252525253
[[ 17.   8.   8.]
 [ 21.  11.  13.]
 [  4.   6.  12.]]
cf_score, 28.0
ratio, 0.40404040404
[[ 15.  17.   7.]
 [ 14.   9.  11.]
 [  4.   5.  18.]]
cf_score, 31.0
ratio, 0.424242424242
[[ 15.  11.  11.]
 [ 15.   8.   9.]
 [  5.   4.  22.]]
cf_score, 29.0
ratio, 0.454545454545
[[ 11.  12.  10.]
 [ 13.   8.   9.]
 [  5.  12.  20.]]
cf_score, 24.0
ratio, 0.393939393939
[[ 20.   5.   5.]
 [ 15.   9.   8.]
 [  6.  16.  16.]]
cf_score, 34.0
ratio, 0.454545454545
[[ 15.  12.   2.]
 [  8.  14.  11.]
 [  2.  19.  17.]]
cf_score, 42.0
ratio, 0.464646464646
[[ 16.   9.  11.]
 [ 15.   9.   7.]
 [  6.   9.  18.]]
cf_score, 26.0
ratio, 0.434343434343
[[ 17.  10.   8.]
 [ 14.   5.   5.]
 [ 11.  10.  20.]]
cf_score, 23.0
ratio, 0.424242424242
[[ 23.   5.   7.]
 [  9.  10.   8.]
 [ 10.  12.  16.]]
cf_score, 32.0
ratio, 0.494949494949
[[ 13.  11.   7.]
 [ 10.   7.  15.]
 [  9.   8.  20.]]
cf_score, 24.0
ratio, 0.40404040404
[[ 13.  11.  16.]
 [  7.  14.  13.]
 [  4.   5.  17.]]
cf_score, 24.0
ratio, 0.444444444444
[[ 24.  14.   5.]
 [  5.  12.  12.]
 [  7.   8.  13.]]
cf_score, 37.0
ratio, 0.494949494949
[[ 17.  11.  10.]
 [  7.   8.   7.]
 [  5.  14.  21.]]
cf_score, 31.0
ratio, 0.464646464646
[[ 15.   9.   8.]
 [ 12.   7.  19.]
 [  7.   7.  16.]]
cf_score, 23.0
ratio, 0.383838383838
[[ 11.   8.   8.]
 [ 15.  12.  10.]
 [  8.   5.  23.]]
cf_score, 30.0
ratio, 0.464646464646
[[ 14.   9.   7.]
 [ 10.   9.   6.]
 [ 11.  15.  19.]]
cf_score, 24.0
ratio, 0.424242424242
[[ 19.  11.   2.]
 [ 10.  15.   8.]
 [ 10.  11.  14.]]
cf_score, 36.0
ratio, 0.484848484848
[[ 14.   6.   7.]
 [ 18.  11.   6.]
 [  9.   6.  23.]]
cf_score, 32.0
ratio, 0.484848484848
[[ 16.  13.   4.]
 [ 20.   9.   6.]
 [  4.   9.  19.]]
cf_score, 36.0
ratio, 0.444444444444
[[ 12.  11.   9.]
 [ 12.  14.  13.]
 [  6.   5.  18.]]
cf_score, 29.0
ratio, 0.444444444444
[[ 16.  13.   7.]
 [ 18.   7.   4.]
 [  6.   9.  20.]]
cf_score, 30.0
ratio, 0.434343434343
[[ 15.  16.   4.]
 [ 10.  15.   8.]
 [  7.   7.  18.]]
cf_score, 37.0
ratio, 0.484848484848
[[ 18.   3.  13.]
 [  9.  10.  16.]
 [ 10.   8.  13.]]
cf_score, 18.0
ratio, 0.414141414141
[[ 19.   7.   7.]
 [ 18.   8.  12.]
 [  5.  10.  14.]]
cf_score, 29.0
ratio, 0.414141414141
[[ 21.  10.   9.]
 [  9.  11.   8.]
 [  8.   6.  18.]]
cf_score, 33.0
ratio, 0.505050505051
[[ 28.   7.   9.]
 [  8.   6.   8.]
 [  7.   7.  20.]]
cf_score, 38.0
ratio, 0.545454545455
[[ 15.  13.   6.]
 [ 17.  15.   7.]
 [  4.   9.  14.]]
cf_score, 34.0
ratio, 0.444444444444
[[ 20.   9.  11.]
 [ 15.   8.   5.]
 [  8.   8.  16.]]
cf_score, 25.0
ratio, 0.444444444444
[[ 11.  11.  15.]
 [ 13.   8.   9.]
 [  9.   2.  22.]]
cf_score, 17.0
ratio, 0.414141414141
[[  9.  13.  12.]
 [  6.  11.  12.]
 [  3.   7.  27.]]
cf_score, 32.0
ratio, 0.474747474747
[[ 13.  11.   3.]
 [ 11.  12.   6.]
 [ 12.   9.  23.]]
cf_score, 33.0
ratio, 0.484848484848
[[ 16.   7.  10.]
 [ 15.  12.  10.]
 [  5.  10.  15.]]
cf_score, 28.0
ratio, 0.434343434343
[[ 15.   5.  11.]
 [ 19.  13.   1.]
 [  4.  11.  21.]]
cf_score, 34.0
ratio, 0.494949494949
[[ 13.  11.  10.]
 [ 10.   9.  14.]
 [  9.  11.  13.]]
cf_score, 16.0
ratio, 0.353535353535
[[ 16.   8.   5.]
 [ 12.  11.  11.]
 [  8.   7.  22.]]
cf_score, 36.0
ratio, 0.494949494949
[[ 18.   8.  20.]
 [  7.   5.  11.]
 [  5.  11.  15.]]
cf_score, 13.0
ratio, 0.383838383838
[[ 22.   3.  11.]
 [ 13.   6.  12.]
 [  7.  10.  16.]]
cf_score, 26.0
ratio, 0.444444444444
[[ 17.   6.   4.]
 [ 15.  13.  10.]
 [ 11.   8.  16.]]
cf_score, 31.0
ratio, 0.464646464646
[[ 20.   4.   5.]
 [ 17.  10.   4.]
 [  9.   6.  25.]]
cf_score, 41.0
ratio, 0.555555555556
[[ 17.   6.   8.]
 [  8.  13.  17.]
 [ 10.  11.  10.]]
cf_score, 22.0
ratio, 0.40404040404
[[ 11.   7.   6.]
 [ 17.  10.   9.]
 [ 13.  10.  17.]]
cf_score, 19.0
ratio, 0.383838383838
[[ 16.   4.   9.]
 [  8.  17.  12.]
 [  8.   9.  17.]]
cf_score, 33.0
ratio, 0.505050505051
[[ 21.   9.   7.]
 [  8.  11.   7.]
 [  5.  12.  20.]]
cf_score, 40.0
ratio, 0.525252525253
[[ 24.  14.   9.]
 [ 10.   5.   8.]
 [  9.   5.  16.]]
cf_score, 27.0
ratio, 0.454545454545
[[ 20.   9.   9.]
 [ 15.  14.   7.]
 [ 10.   7.   9.]]
cf_score, 24.0
ratio, 0.434343434343
[[ 23.   8.   4.]
 [ 20.   5.   8.]
 [  4.  11.  17.]]
cf_score, 37.0
ratio, 0.454545454545
[[ 17.  11.   4.]
 [  9.  12.  11.]
 [  5.   8.  23.]]
cf_score, 43.0
ratio, 0.525252525253
[[ 25.   1.  10.]
 [ 13.   8.   9.]
 [ 10.   4.  20.]]
cf_score, 33.0
ratio, 0.535353535354
[[ 15.  10.   6.]
 [  9.   7.  14.]
 [ 13.  11.  15.]]
cf_score, 18.0
ratio, 0.373737373737
[[ 20.   8.   5.]
 [ 14.   9.  10.]
 [  8.   8.  18.]]
cf_score, 34.0
ratio, 0.474747474747
[[ 23.  10.   7.]
 [ 14.   6.  14.]
 [  2.  10.  14.]]
cf_score, 34.0
ratio, 0.434343434343
[[ 20.   4.  16.]
 [ 11.   6.  10.]
 [  9.   4.  20.]]
cf_score, 21.0
ratio, 0.464646464646
[[ 17.   7.   5.]
 [ 14.  10.  11.]
 [  9.   4.  23.]]
cf_score, 36.0
ratio, 0.505050505051
[[ 10.   7.  10.]
 [ 19.   9.  16.]
 [  0.   7.  22.]]
cf_score, 31.0
ratio, 0.414141414141
[[ 21.  14.  10.]
 [ 13.   6.   9.]
 [  6.   5.  16.]]
cf_score, 27.0
ratio, 0.434343434343
[[ 11.  12.   6.]
 [ 10.  11.  11.]
 [ 12.  10.  17.]]
cf_score, 21.0
ratio, 0.393939393939
[[ 15.  10.   9.]
 [ 14.  11.   9.]
 [  5.   6.  21.]]
cf_score, 33.0
ratio, 0.474747474747
[[ 15.   5.   7.]
 [  8.  16.  12.]
 [  8.   7.  22.]]
cf_score, 38.0
ratio, 0.535353535354
[[ 14.   3.   7.]
 [ 14.  10.  13.]
 [  6.   9.  24.]]
cf_score, 35.0
ratio, 0.484848484848
[[ 20.   9.  10.]
 [ 13.   7.   9.]
 [  5.   6.  21.]]
cf_score, 33.0
ratio, 0.484848484848
[[ 14.   9.  11.]
 [ 15.  10.  12.]
 [  5.   5.  19.]]
cf_score, 27.0
ratio, 0.434343434343
[[ 14.   8.   4.]
 [ 20.  13.   9.]
 [  8.   9.  15.]]
cf_score, 30.0
ratio, 0.424242424242
[[ 15.   6.  11.]
 [ 10.   6.  10.]
 [ 10.   5.  27.]]
cf_score, 27.0
ratio, 0.484848484848
[[ 14.   5.   9.]
 [  9.  12.  13.]
 [  4.  11.  23.]]
cf_score, 36.0
ratio, 0.494949494949
[[ 24.   8.   4.]
 [ 11.  11.  11.]
 [  5.   6.  20.]]
cf_score, 46.0
ratio, 0.555555555556
[[ 15.   8.  10.]
 [ 12.   3.   9.]
 [ 10.  12.  21.]]
cf_score, 19.0
ratio, 0.393939393939
[[ 11.   7.   8.]
 [ 12.   8.  17.]
 [  9.   8.  20.]]
cf_score, 22.0
ratio, 0.393939393939
[[ 10.   6.  12.]
 [ 19.  10.   8.]
 [ 10.   7.  18.]]
cf_score, 16.0
ratio, 0.383838383838
[[  8.   8.  17.]
 [ 12.   5.  10.]
 [  5.   7.  28.]]
cf_score, 19.0
ratio, 0.414141414141
[[ 20.   8.   2.]
 [ 16.  10.  11.]
 [  5.  11.  17.]]
cf_score, 40.0
ratio, 0.474747474747
[[ 18.   5.  10.]
 [  9.  12.   9.]
 [ 11.   6.  20.]]
cf_score, 29.0
ratio, 0.505050505051
[[ 16.  10.  12.]
 [  8.   9.  13.]
 [  5.   6.  21.]]
cf_score, 29.0
ratio, 0.464646464646
[[ 11.  10.  18.]
 [ 12.   9.   8.]
 [ 10.   5.  17.]]
cf_score, 9.0
ratio, 0.373737373737
[[ 16.   8.   7.]
 [ 11.   9.  11.]
 [  8.   4.  26.]]
cf_score, 36.0
ratio, 0.515151515152
[[ 14.  12.  12.]
 [ 14.   4.  10.]
 [  7.  10.  17.]]
cf_score, 16.0
ratio, 0.353535353535
[[ 19.   3.   9.]
 [ 13.   8.  12.]
 [ 11.   9.  16.]]
cf_score, 23.0
ratio, 0.434343434343
[[ 18.   8.   7.]
 [ 15.  10.  11.]
 [  4.   7.  20.]]
cf_score, 37.0
ratio, 0.484848484848
