[[ 11.   0.  19.]
 [ 13.   0.  27.]
 [  2.   0.  28.]]
cf_score, 18.0
nv_score, -37.0
ratio, 0.393939393939
[[ 15.   1.  16.]
 [ 13.   1.  23.]
 [ 12.   0.  19.]]
cf_score, 7.0
nv_score, -36.0
ratio, 0.353535353535
[[ 15.   1.   4.]
 [ 31.   2.  17.]
 [ 15.   1.  14.]]
cf_score, 12.0
nv_score, -11.0
ratio, 0.313131313131
[[ 22.   1.   7.]
 [ 21.   4.  10.]
 [ 11.   4.  20.]]
cf_score, 28.0
nv_score, -4.0
ratio, 0.464646464646
[[ 17.   3.   5.]
 [ 21.   7.   9.]
 [ 15.   3.  20.]]
cf_score, 24.0
nv_score, 1.0
ratio, 0.444444444444
[[ 18.   3.   7.]
 [ 16.   5.  20.]
 [  9.   3.  19.]]
cf_score, 26.0
nv_score, -15.0
ratio, 0.424242424242
[[ 32.   8.   4.]
 [ 11.   4.  16.]
 [  8.   3.  14.]]
cf_score, 38.0
nv_score, -10.0
ratio, 0.505050505051
[[ 22.   6.   8.]
 [  9.   5.  12.]
 [ 20.   2.  16.]]
cf_score, 15.0
nv_score, -12.0
ratio, 0.434343434343
[[ 21.   9.   5.]
 [ 10.  11.   8.]
 [  4.   3.  29.]]
cf_score, 52.0
nv_score, 11.0
ratio, 0.616161616162
[[ 23.   7.   4.]
 [ 17.   8.  12.]
 [ 10.   1.  18.]]
cf_score, 35.0
nv_score, -2.0
ratio, 0.494949494949
[[ 20.   8.   6.]
 [ 19.   5.  11.]
 [ 11.   6.  14.]]
cf_score, 22.0
nv_score, -9.0
ratio, 0.393939393939
[[ 24.   7.   2.]
 [ 17.   6.  11.]
 [ 13.   9.  11.]]
cf_score, 26.0
nv_score, -4.0
ratio, 0.414141414141
[[ 14.   6.   8.]
 [  9.   7.  16.]
 [ 12.   6.  22.]]
cf_score, 23.0
nv_score, -10.0
ratio, 0.434343434343
[[ 21.   8.   5.]
 [  9.  12.  11.]
 [ 12.   3.  19.]]
cf_score, 35.0
nv_score, -2.0
ratio, 0.525252525253
[[ 18.   6.   8.]
 [ 12.  14.  10.]
 [ 16.   4.  12.]]
cf_score, 20.0
nv_score, -14.0
ratio, 0.444444444444
[[ 24.   6.   8.]
 [ 16.  14.   9.]
 [ 12.   4.   7.]]
cf_score, 25.0
nv_score, -18.0
ratio, 0.454545454545
[[ 18.   6.   4.]
 [ 19.  16.   6.]
 [ 10.   4.  17.]]
cf_score, 37.0
nv_score, 3.0
ratio, 0.515151515152
[[ 19.   7.   4.]
 [ 14.  11.   8.]
 [ 16.   9.  12.]]
cf_score, 22.0
nv_score, -4.0
ratio, 0.424242424242
[[ 24.   5.   4.]
 [ 13.  11.  10.]
 [ 13.   3.  17.]]
cf_score, 35.0
nv_score, -1.0
ratio, 0.525252525253
[[ 19.  12.   3.]
 [ 10.   6.   7.]
 [ 13.   8.  22.]]
cf_score, 31.0
nv_score, 9.0
ratio, 0.474747474747
[[ 23.   9.   5.]
 [ 12.  14.   8.]
 [  7.   8.  14.]]
cf_score, 39.0
nv_score, -4.0
ratio, 0.515151515152
[[ 21.   4.   8.]
 [ 14.  14.   8.]
 [  9.   2.  20.]]
cf_score, 38.0
nv_score, -4.0
ratio, 0.555555555556
[[ 25.   6.   2.]
 [ 18.   9.  10.]
 [ 13.   5.  12.]]
cf_score, 31.0
nv_score, -2.0
ratio, 0.464646464646
[[ 21.   4.  13.]
 [ 13.  10.   9.]
 [  4.  10.  16.]]
cf_score, 30.0
nv_score, -19.0
ratio, 0.474747474747
[[ 20.   1.   6.]
 [ 19.  12.  12.]
 [  9.   8.  13.]]
cf_score, 30.0
nv_score, -11.0
ratio, 0.454545454545
[[ 24.   9.   6.]
 [  9.  13.   7.]
 [  8.  11.  13.]]
cf_score, 36.0
nv_score, -6.0
ratio, 0.505050505051
[[ 26.   2.   5.]
 [ 10.  17.  11.]
 [ 13.   5.  11.]]
cf_score, 36.0
nv_score, -10.0
ratio, 0.545454545455
[[ 23.   6.   4.]
 [ 22.   9.   2.]
 [  7.  13.  14.]]
cf_score, 35.0
nv_score, 4.0
ratio, 0.464646464646
[[ 20.   1.   6.]
 [ 15.  14.   8.]
 [ 12.  10.  14.]]
cf_score, 30.0
nv_score, -6.0
ratio, 0.484848484848
[[  7.   5.   4.]
 [ 20.  10.  15.]
 [ 16.   8.  15.]]
cf_score, 12.0
nv_score, -8.0
ratio, 0.323232323232
[[ 23.  12.   8.]
 [  8.   8.  10.]
 [  8.   4.  19.]]
cf_score, 34.0
nv_score, -7.0
ratio, 0.505050505051
[[ 24.   7.   5.]
 [ 16.   7.   5.]
 [ 13.  10.  13.]]
cf_score, 26.0
nv_score, -2.0
ratio, 0.444444444444
[[  8.   7.   9.]
 [ 13.  12.  15.]
 [  8.   8.  20.]]
cf_score, 23.0
nv_score, -13.0
ratio, 0.40404040404
[[ 20.   9.   6.]
 [ 12.  15.   8.]
 [  9.   6.  15.]]
cf_score, 35.0
nv_score, -5.0
ratio, 0.505050505051
[[ 21.   8.   3.]
 [ 12.  16.  13.]
 [ 10.   2.  15.]]
cf_score, 39.0
nv_score, -4.0
ratio, 0.525252525253
[[ 22.  13.   5.]
 [ 15.   6.   9.]
 [  7.   5.  18.]]
cf_score, 34.0
nv_score, -1.0
ratio, 0.464646464646
[[ 20.   4.   2.]
 [ 20.  14.  11.]
 [  7.   8.  14.]]
cf_score, 39.0
nv_score, -1.0
ratio, 0.484848484848
[[ 33.   6.   6.]
 [ 17.   6.   8.]
 [  8.   7.   9.]]
cf_score, 34.0
nv_score, -11.0
ratio, 0.484848484848
[[ 20.   6.   3.]
 [ 19.  11.  11.]
 [  7.  11.  12.]]
cf_score, 33.0
nv_score, -5.0
ratio, 0.434343434343
[[ 17.   1.   5.]
 [ 17.  16.  14.]
 [  9.   4.  17.]]
cf_score, 36.0
nv_score, -7.0
ratio, 0.505050505051
[[ 19.  11.  11.]
 [  6.   7.  18.]
 [  8.   4.  16.]]
cf_score, 23.0
nv_score, -24.0
ratio, 0.424242424242
[[ 24.   4.   7.]
 [ 18.  16.   8.]
 [  7.   7.   9.]]
cf_score, 35.0
nv_score, -13.0
ratio, 0.494949494949
[[  9.  13.  11.]
 [  6.  10.  18.]
 [  9.   2.  22.]]
cf_score, 21.0
nv_score, -18.0
ratio, 0.414141414141
[[ 17.   6.   8.]
 [ 12.   8.  11.]
 [  9.   3.  26.]]
cf_score, 34.0
nv_score, -1.0
ratio, 0.515151515152
[[ 22.   5.   4.]
 [ 20.  13.   6.]
 [ 12.   7.  11.]]
cf_score, 30.0
nv_score, -3.0
ratio, 0.464646464646
[[ 19.  10.   3.]
 [ 15.   8.  12.]
 [ 13.  10.  10.]]
cf_score, 21.0
nv_score, -8.0
ratio, 0.373737373737
[[ 22.   4.   7.]
 [ 22.   7.  10.]
 [  7.   3.  18.]]
cf_score, 33.0
nv_score, -6.0
ratio, 0.474747474747
[[ 27.   4.   5.]
 [ 14.  10.  10.]
 [ 14.   4.  12.]]
cf_score, 30.0
nv_score, -8.0
ratio, 0.494949494949
[[ 29.   6.   6.]
 [  7.   7.  17.]
 [  8.   8.  12.]]
cf_score, 34.0
nv_score, -17.0
ratio, 0.484848484848
[[ 17.   7.  10.]
 [  6.   7.  23.]
 [  5.   7.  18.]]
cf_score, 27.0
nv_score, -25.0
ratio, 0.424242424242
