Loading Model: level_list/m1_100/tick_list/AGM/class/models/model.h5
history_filename: history_recent/AGM/history.json
Yesterday        : 2017-08-15: OHLCV: 67.5200, 68.4500, 67.0500, 67.6800, 57541
UberYesterday    : 2017-08-14: OHLCV: 66.7600, 67.4095, 66.0550, 67.2900, 58179
[u'67.5200', u'68.4500', u'67.0500', u'67.6800', u'57541']
[u'66.7600', u'67.4095', u'66.0550', u'67.2900', u'58179']
question_base :[66.76, 67.4095, 66.055, 67.29, 67.52, 68.45, 67.05, 67.68]
60.912: [66.760, 67.409, 66.055, 67.290, 67.520, 68.450, 67.050, 67.680, 60.912][0.194, 0.197, 0.609]
61.2504: [66.760, 67.409, 66.055, 67.290, 67.520, 68.450, 67.050, 67.680, 61.250][0.194, 0.197, 0.609]
61.5888: [66.760, 67.409, 66.055, 67.290, 67.520, 68.450, 67.050, 67.680, 61.589][0.194, 0.197, 0.609]
61.9272: [66.760, 67.409, 66.055, 67.290, 67.520, 68.450, 67.050, 67.680, 61.927][0.194, 0.197, 0.609]
62.2656: [66.760, 67.409, 66.055, 67.290, 67.520, 68.450, 67.050, 67.680, 62.266][0.194, 0.197, 0.609]
62.604: [66.760, 67.409, 66.055, 67.290, 67.520, 68.450, 67.050, 67.680, 62.604][0.194, 0.197, 0.609]
62.9424: [66.760, 67.409, 66.055, 67.290, 67.520, 68.450, 67.050, 67.680, 62.942][0.194, 0.197, 0.609]
63.2808: [66.760, 67.409, 66.055, 67.290, 67.520, 68.450, 67.050, 67.680, 63.281][0.194, 0.197, 0.609]
63.6192: [66.760, 67.409, 66.055, 67.290, 67.520, 68.450, 67.050, 67.680, 63.619][0.194, 0.198, 0.609]
63.9576: [66.760, 67.409, 66.055, 67.290, 67.520, 68.450, 67.050, 67.680, 63.958][0.194, 0.198, 0.609]
64.296: [66.760, 67.409, 66.055, 67.290, 67.520, 68.450, 67.050, 67.680, 64.296][0.194, 0.198, 0.608]
64.6344: [66.760, 67.409, 66.055, 67.290, 67.520, 68.450, 67.050, 67.680, 64.634][0.194, 0.198, 0.608]
64.9728: [66.760, 67.409, 66.055, 67.290, 67.520, 68.450, 67.050, 67.680, 64.973][0.194, 0.199, 0.607]
65.3112: [66.760, 67.409, 66.055, 67.290, 67.520, 68.450, 67.050, 67.680, 65.311][0.195, 0.203, 0.602]
65.6496: [66.760, 67.409, 66.055, 67.290, 67.520, 68.450, 67.050, 67.680, 65.650][0.199, 0.228, 0.573]
65.988: [66.760, 67.409, 66.055, 67.290, 67.520, 68.450, 67.050, 67.680, 65.988][0.381, 0.276, 0.343]
66.3264: [66.760, 67.409, 66.055, 67.290, 67.520, 68.450, 67.050, 67.680, 66.326][0.355, 0.393, 0.252]
66.6648: [66.760, 67.409, 66.055, 67.290, 67.520, 68.450, 67.050, 67.680, 66.665][0.343, 0.401, 0.256]
67.0032: [66.760, 67.409, 66.055, 67.290, 67.520, 68.450, 67.050, 67.680, 67.003][0.356, 0.396, 0.249]
67.3416: [66.760, 67.409, 66.055, 67.290, 67.520, 68.450, 67.050, 67.680, 67.342][0.387, 0.380, 0.233]
67.68: [66.760, 67.409, 66.055, 67.290, 67.520, 68.450, 67.050, 67.680, 67.680][0.440, 0.350, 0.210]
68.0184: [66.760, 67.409, 66.055, 67.290, 67.520, 68.450, 67.050, 67.680, 68.018][0.514, 0.304, 0.183]
68.3568: [66.760, 67.409, 66.055, 67.290, 67.520, 68.450, 67.050, 67.680, 68.357][0.594, 0.252, 0.154]
68.6952: [66.760, 67.409, 66.055, 67.290, 67.520, 68.450, 67.050, 67.680, 68.695][0.665, 0.207, 0.128]
69.0336: [66.760, 67.409, 66.055, 67.290, 67.520, 68.450, 67.050, 67.680, 69.034][0.717, 0.174, 0.110]
69.372: [66.760, 67.409, 66.055, 67.290, 67.520, 68.450, 67.050, 67.680, 69.372][0.752, 0.152, 0.097]
69.7104: [66.760, 67.409, 66.055, 67.290, 67.520, 68.450, 67.050, 67.680, 69.710][0.774, 0.137, 0.088]
70.0488: [66.760, 67.409, 66.055, 67.290, 67.520, 68.450, 67.050, 67.680, 70.049][0.789, 0.128, 0.083]
70.3872: [66.760, 67.409, 66.055, 67.290, 67.520, 68.450, 67.050, 67.680, 70.387][0.798, 0.123, 0.080]
70.7256: [66.760, 67.409, 66.055, 67.290, 67.520, 68.450, 67.050, 67.680, 70.726][0.804, 0.119, 0.078]
71.064: [66.760, 67.409, 66.055, 67.290, 67.520, 68.450, 67.050, 67.680, 71.064][0.807, 0.117, 0.076]
71.4024: [66.760, 67.409, 66.055, 67.290, 67.520, 68.450, 67.050, 67.680, 71.402][0.810, 0.115, 0.075]
71.7408: [66.760, 67.409, 66.055, 67.290, 67.520, 68.450, 67.050, 67.680, 71.741][0.811, 0.114, 0.075]
72.0792: [66.760, 67.409, 66.055, 67.290, 67.520, 68.450, 67.050, 67.680, 72.079][0.812, 0.114, 0.074]
72.4176: [66.760, 67.409, 66.055, 67.290, 67.520, 68.450, 67.050, 67.680, 72.418][0.813, 0.113, 0.074]
72.756: [66.760, 67.409, 66.055, 67.290, 67.520, 68.450, 67.050, 67.680, 72.756][0.813, 0.113, 0.074]
73.0944: [66.760, 67.409, 66.055, 67.290, 67.520, 68.450, 67.050, 67.680, 73.094][0.813, 0.113, 0.074]
73.4328: [66.760, 67.409, 66.055, 67.290, 67.520, 68.450, 67.050, 67.680, 73.433][0.813, 0.113, 0.074]
73.7712: [66.760, 67.409, 66.055, 67.290, 67.520, 68.450, 67.050, 67.680, 73.771][0.814, 0.113, 0.074]
74.1096: [66.760, 67.409, 66.055, 67.290, 67.520, 68.450, 67.050, 67.680, 74.110][0.814, 0.113, 0.074]
