Loading Model: level_list/m1_100/tick_list/APOG/class/models/model.h5
history_filename: history_recent/APOG/history.json
Yesterday        : 2017-08-15: OHLCV: 52.1600, 52.1600, 50.4100, 50.4800, 134747
UberYesterday    : 2017-08-14: OHLCV: 51.8900, 52.3550, 51.7100, 52.0700, 107619
[u'52.1600', u'52.1600', u'50.4100', u'50.4800', u'134747']
[u'51.8900', u'52.3550', u'51.7100', u'52.0700', u'107619']
question_base :[51.89, 52.355, 51.71, 52.07, 52.16, 52.16, 50.41, 50.48]
45.432: [51.890, 52.355, 51.710, 52.070, 52.160, 52.160, 50.410, 50.480, 45.432][0.011, 0.006, 0.983]
45.6844: [51.890, 52.355, 51.710, 52.070, 52.160, 52.160, 50.410, 50.480, 45.684][0.011, 0.006, 0.983]
45.9368: [51.890, 52.355, 51.710, 52.070, 52.160, 52.160, 50.410, 50.480, 45.937][0.011, 0.006, 0.983]
46.1892: [51.890, 52.355, 51.710, 52.070, 52.160, 52.160, 50.410, 50.480, 46.189][0.011, 0.006, 0.983]
46.4416: [51.890, 52.355, 51.710, 52.070, 52.160, 52.160, 50.410, 50.480, 46.442][0.011, 0.006, 0.982]
46.694: [51.890, 52.355, 51.710, 52.070, 52.160, 52.160, 50.410, 50.480, 46.694][0.011, 0.006, 0.982]
46.9464: [51.890, 52.355, 51.710, 52.070, 52.160, 52.160, 50.410, 50.480, 46.946][0.012, 0.007, 0.982]
47.1988: [51.890, 52.355, 51.710, 52.070, 52.160, 52.160, 50.410, 50.480, 47.199][0.012, 0.007, 0.981]
47.4512: [51.890, 52.355, 51.710, 52.070, 52.160, 52.160, 50.410, 50.480, 47.451][0.013, 0.008, 0.980]
47.7036: [51.890, 52.355, 51.710, 52.070, 52.160, 52.160, 50.410, 50.480, 47.704][0.014, 0.009, 0.977]
47.956: [51.890, 52.355, 51.710, 52.070, 52.160, 52.160, 50.410, 50.480, 47.956][0.017, 0.011, 0.972]
48.2084: [51.890, 52.355, 51.710, 52.070, 52.160, 52.160, 50.410, 50.480, 48.208][0.023, 0.017, 0.960]
48.4608: [51.890, 52.355, 51.710, 52.070, 52.160, 52.160, 50.410, 50.480, 48.461][0.042, 0.040, 0.918]
48.7132: [51.890, 52.355, 51.710, 52.070, 52.160, 52.160, 50.410, 50.480, 48.713][0.110, 0.157, 0.733]
48.9656: [51.890, 52.355, 51.710, 52.070, 52.160, 52.160, 50.410, 50.480, 48.966][0.219, 0.432, 0.349]
49.218: [51.890, 52.355, 51.710, 52.070, 52.160, 52.160, 50.410, 50.480, 49.218][0.387, 0.453, 0.160]
49.4704: [51.890, 52.355, 51.710, 52.070, 52.160, 52.160, 50.410, 50.480, 49.470][0.519, 0.377, 0.103]
49.7228: [51.890, 52.355, 51.710, 52.070, 52.160, 52.160, 50.410, 50.480, 49.723][0.551, 0.356, 0.093]
49.9752: [51.890, 52.355, 51.710, 52.070, 52.160, 52.160, 50.410, 50.480, 49.975][0.558, 0.352, 0.091]
50.2276: [51.890, 52.355, 51.710, 52.070, 52.160, 52.160, 50.410, 50.480, 50.228][0.560, 0.350, 0.090]
50.48: [51.890, 52.355, 51.710, 52.070, 52.160, 52.160, 50.410, 50.480, 50.480][0.560, 0.350, 0.090]
50.7324: [51.890, 52.355, 51.710, 52.070, 52.160, 52.160, 50.410, 50.480, 50.732][0.561, 0.350, 0.090]
50.9848: [51.890, 52.355, 51.710, 52.070, 52.160, 52.160, 50.410, 50.480, 50.985][0.561, 0.350, 0.089]
51.2372: [51.890, 52.355, 51.710, 52.070, 52.160, 52.160, 50.410, 50.480, 51.237][0.561, 0.349, 0.089]
51.4896: [51.890, 52.355, 51.710, 52.070, 52.160, 52.160, 50.410, 50.480, 51.490][0.561, 0.349, 0.089]
51.742: [51.890, 52.355, 51.710, 52.070, 52.160, 52.160, 50.410, 50.480, 51.742][0.561, 0.349, 0.089]
51.9944: [51.890, 52.355, 51.710, 52.070, 52.160, 52.160, 50.410, 50.480, 51.994][0.561, 0.349, 0.089]
52.2468: [51.890, 52.355, 51.710, 52.070, 52.160, 52.160, 50.410, 50.480, 52.247][0.561, 0.349, 0.089]
52.4992: [51.890, 52.355, 51.710, 52.070, 52.160, 52.160, 50.410, 50.480, 52.499][0.561, 0.349, 0.089]
52.7516: [51.890, 52.355, 51.710, 52.070, 52.160, 52.160, 50.410, 50.480, 52.752][0.561, 0.349, 0.089]
53.004: [51.890, 52.355, 51.710, 52.070, 52.160, 52.160, 50.410, 50.480, 53.004][0.561, 0.349, 0.089]
53.2564: [51.890, 52.355, 51.710, 52.070, 52.160, 52.160, 50.410, 50.480, 53.256][0.561, 0.349, 0.089]
53.5088: [51.890, 52.355, 51.710, 52.070, 52.160, 52.160, 50.410, 50.480, 53.509][0.561, 0.349, 0.089]
53.7612: [51.890, 52.355, 51.710, 52.070, 52.160, 52.160, 50.410, 50.480, 53.761][0.561, 0.349, 0.089]
54.0136: [51.890, 52.355, 51.710, 52.070, 52.160, 52.160, 50.410, 50.480, 54.014][0.561, 0.349, 0.089]
54.266: [51.890, 52.355, 51.710, 52.070, 52.160, 52.160, 50.410, 50.480, 54.266][0.561, 0.349, 0.089]
54.5184: [51.890, 52.355, 51.710, 52.070, 52.160, 52.160, 50.410, 50.480, 54.518][0.561, 0.349, 0.089]
54.7708: [51.890, 52.355, 51.710, 52.070, 52.160, 52.160, 50.410, 50.480, 54.771][0.561, 0.349, 0.089]
55.0232: [51.890, 52.355, 51.710, 52.070, 52.160, 52.160, 50.410, 50.480, 55.023][0.561, 0.349, 0.089]
55.2756: [51.890, 52.355, 51.710, 52.070, 52.160, 52.160, 50.410, 50.480, 55.276][0.561, 0.349, 0.089]
