Loading Model: level_list/m1_100/tick_list/ATW/class/models/model.h5
history_filename: history_recent/ATW/history.json
Yesterday        : 2017-08-15: OHLCV: 6.6300, 6.6600, 6.1200, 6.5300, 4777225
UberYesterday    : 2017-08-14: OHLCV: 6.7100, 6.9000, 6.5100, 6.7300, 4164299
[u'6.6300', u'6.6600', u'6.1200', u'6.5300', u'4777225']
[u'6.7100', u'6.9000', u'6.5100', u'6.7300', u'4164299']
question_base :[6.71, 6.9, 6.51, 6.73, 6.63, 6.66, 6.12, 6.53]
5.877: [6.710, 6.900, 6.510, 6.730, 6.630, 6.660, 6.120, 6.530, 5.877][0.057, 0.121, 0.821]
5.90965: [6.710, 6.900, 6.510, 6.730, 6.630, 6.660, 6.120, 6.530, 5.910][0.057, 0.121, 0.821]
5.9423: [6.710, 6.900, 6.510, 6.730, 6.630, 6.660, 6.120, 6.530, 5.942][0.057, 0.121, 0.821]
5.97495: [6.710, 6.900, 6.510, 6.730, 6.630, 6.660, 6.120, 6.530, 5.975][0.057, 0.121, 0.821]
6.0076: [6.710, 6.900, 6.510, 6.730, 6.630, 6.660, 6.120, 6.530, 6.008][0.057, 0.121, 0.821]
6.04025: [6.710, 6.900, 6.510, 6.730, 6.630, 6.660, 6.120, 6.530, 6.040][0.057, 0.121, 0.821]
6.0729: [6.710, 6.900, 6.510, 6.730, 6.630, 6.660, 6.120, 6.530, 6.073][0.057, 0.121, 0.821]
6.10555: [6.710, 6.900, 6.510, 6.730, 6.630, 6.660, 6.120, 6.530, 6.106][0.058, 0.121, 0.821]
6.1382: [6.710, 6.900, 6.510, 6.730, 6.630, 6.660, 6.120, 6.530, 6.138][0.058, 0.121, 0.821]
6.17085: [6.710, 6.900, 6.510, 6.730, 6.630, 6.660, 6.120, 6.530, 6.171][0.058, 0.121, 0.821]
6.2035: [6.710, 6.900, 6.510, 6.730, 6.630, 6.660, 6.120, 6.530, 6.204][0.058, 0.121, 0.821]
6.23615: [6.710, 6.900, 6.510, 6.730, 6.630, 6.660, 6.120, 6.530, 6.236][0.058, 0.121, 0.821]
6.2688: [6.710, 6.900, 6.510, 6.730, 6.630, 6.660, 6.120, 6.530, 6.269][0.058, 0.122, 0.821]
6.30145: [6.710, 6.900, 6.510, 6.730, 6.630, 6.660, 6.120, 6.530, 6.301][0.058, 0.122, 0.821]
6.3341: [6.710, 6.900, 6.510, 6.730, 6.630, 6.660, 6.120, 6.530, 6.334][0.058, 0.122, 0.821]
6.36675: [6.710, 6.900, 6.510, 6.730, 6.630, 6.660, 6.120, 6.530, 6.367][0.058, 0.122, 0.820]
6.3994: [6.710, 6.900, 6.510, 6.730, 6.630, 6.660, 6.120, 6.530, 6.399][0.058, 0.122, 0.820]
6.43205: [6.710, 6.900, 6.510, 6.730, 6.630, 6.660, 6.120, 6.530, 6.432][0.058, 0.122, 0.820]
6.4647: [6.710, 6.900, 6.510, 6.730, 6.630, 6.660, 6.120, 6.530, 6.465][0.058, 0.122, 0.820]
6.49735: [6.710, 6.900, 6.510, 6.730, 6.630, 6.660, 6.120, 6.530, 6.497][0.058, 0.123, 0.819]
6.53: [6.710, 6.900, 6.510, 6.730, 6.630, 6.660, 6.120, 6.530, 6.530][0.058, 0.123, 0.819]
6.56265: [6.710, 6.900, 6.510, 6.730, 6.630, 6.660, 6.120, 6.530, 6.563][0.058, 0.123, 0.819]
6.5953: [6.710, 6.900, 6.510, 6.730, 6.630, 6.660, 6.120, 6.530, 6.595][0.058, 0.123, 0.818]
6.62795: [6.710, 6.900, 6.510, 6.730, 6.630, 6.660, 6.120, 6.530, 6.628][0.058, 0.124, 0.818]
6.6606: [6.710, 6.900, 6.510, 6.730, 6.630, 6.660, 6.120, 6.530, 6.661][0.059, 0.124, 0.817]
6.69325: [6.710, 6.900, 6.510, 6.730, 6.630, 6.660, 6.120, 6.530, 6.693][0.059, 0.125, 0.817]
6.7259: [6.710, 6.900, 6.510, 6.730, 6.630, 6.660, 6.120, 6.530, 6.726][0.059, 0.125, 0.816]
6.75855: [6.710, 6.900, 6.510, 6.730, 6.630, 6.660, 6.120, 6.530, 6.759][0.059, 0.126, 0.815]
6.7912: [6.710, 6.900, 6.510, 6.730, 6.630, 6.660, 6.120, 6.530, 6.791][0.059, 0.126, 0.814]
6.82385: [6.710, 6.900, 6.510, 6.730, 6.630, 6.660, 6.120, 6.530, 6.824][0.060, 0.127, 0.813]
6.8565: [6.710, 6.900, 6.510, 6.730, 6.630, 6.660, 6.120, 6.530, 6.857][0.060, 0.128, 0.812]
6.88915: [6.710, 6.900, 6.510, 6.730, 6.630, 6.660, 6.120, 6.530, 6.889][0.060, 0.129, 0.811]
6.9218: [6.710, 6.900, 6.510, 6.730, 6.630, 6.660, 6.120, 6.530, 6.922][0.061, 0.130, 0.810]
6.95445: [6.710, 6.900, 6.510, 6.730, 6.630, 6.660, 6.120, 6.530, 6.954][0.061, 0.131, 0.808]
6.9871: [6.710, 6.900, 6.510, 6.730, 6.630, 6.660, 6.120, 6.530, 6.987][0.062, 0.132, 0.806]
7.01975: [6.710, 6.900, 6.510, 6.730, 6.630, 6.660, 6.120, 6.530, 7.020][0.062, 0.134, 0.804]
7.0524: [6.710, 6.900, 6.510, 6.730, 6.630, 6.660, 6.120, 6.530, 7.052][0.063, 0.135, 0.802]
7.08505: [6.710, 6.900, 6.510, 6.730, 6.630, 6.660, 6.120, 6.530, 7.085][0.064, 0.137, 0.799]
7.1177: [6.710, 6.900, 6.510, 6.730, 6.630, 6.660, 6.120, 6.530, 7.118][0.065, 0.139, 0.796]
7.15035: [6.710, 6.900, 6.510, 6.730, 6.630, 6.660, 6.120, 6.530, 7.150][0.066, 0.142, 0.792]
