Loading Model: level_list/m1_100/tick_list/DXPE/class/models/model.h5
history_filename: history_recent/DXPE/history.json
Yesterday        : 2017-08-15: OHLCV: 27.2300, 27.2300, 26.2200, 26.3500, 73871
UberYesterday    : 2017-08-14: OHLCV: 27.2000, 27.3200, 27.0500, 27.2000, 106514
[u'27.2300', u'27.2300', u'26.2200', u'26.3500', u'73871']
[u'27.2000', u'27.3200', u'27.0500', u'27.2000', u'106514']
question_base :[27.2, 27.32, 27.05, 27.2, 27.23, 27.23, 26.22, 26.35]
23.715: [27.200, 27.320, 27.050, 27.200, 27.230, 27.230, 26.220, 26.350, 23.715][0.076, 0.624, 0.300]
23.84675: [27.200, 27.320, 27.050, 27.200, 27.230, 27.230, 26.220, 26.350, 23.847][0.076, 0.623, 0.300]
23.9785: [27.200, 27.320, 27.050, 27.200, 27.230, 27.230, 26.220, 26.350, 23.979][0.076, 0.622, 0.302]
24.11025: [27.200, 27.320, 27.050, 27.200, 27.230, 27.230, 26.220, 26.350, 24.110][0.077, 0.621, 0.303]
24.242: [27.200, 27.320, 27.050, 27.200, 27.230, 27.230, 26.220, 26.350, 24.242][0.077, 0.619, 0.304]
24.37375: [27.200, 27.320, 27.050, 27.200, 27.230, 27.230, 26.220, 26.350, 24.374][0.077, 0.617, 0.306]
24.5055: [27.200, 27.320, 27.050, 27.200, 27.230, 27.230, 26.220, 26.350, 24.506][0.077, 0.615, 0.308]
24.63725: [27.200, 27.320, 27.050, 27.200, 27.230, 27.230, 26.220, 26.350, 24.637][0.077, 0.613, 0.310]
24.769: [27.200, 27.320, 27.050, 27.200, 27.230, 27.230, 26.220, 26.350, 24.769][0.077, 0.610, 0.313]
24.90075: [27.200, 27.320, 27.050, 27.200, 27.230, 27.230, 26.220, 26.350, 24.901][0.077, 0.607, 0.315]
25.0325: [27.200, 27.320, 27.050, 27.200, 27.230, 27.230, 26.220, 26.350, 25.033][0.078, 0.605, 0.318]
25.16425: [27.200, 27.320, 27.050, 27.200, 27.230, 27.230, 26.220, 26.350, 25.164][0.078, 0.601, 0.321]
25.296: [27.200, 27.320, 27.050, 27.200, 27.230, 27.230, 26.220, 26.350, 25.296][0.078, 0.598, 0.324]
25.42775: [27.200, 27.320, 27.050, 27.200, 27.230, 27.230, 26.220, 26.350, 25.428][0.078, 0.595, 0.327]
25.5595: [27.200, 27.320, 27.050, 27.200, 27.230, 27.230, 26.220, 26.350, 25.560][0.078, 0.591, 0.330]
25.69125: [27.200, 27.320, 27.050, 27.200, 27.230, 27.230, 26.220, 26.350, 25.691][0.079, 0.587, 0.334]
25.823: [27.200, 27.320, 27.050, 27.200, 27.230, 27.230, 26.220, 26.350, 25.823][0.079, 0.584, 0.338]
25.95475: [27.200, 27.320, 27.050, 27.200, 27.230, 27.230, 26.220, 26.350, 25.955][0.079, 0.580, 0.342]
26.0865: [27.200, 27.320, 27.050, 27.200, 27.230, 27.230, 26.220, 26.350, 26.087][0.079, 0.575, 0.346]
26.21825: [27.200, 27.320, 27.050, 27.200, 27.230, 27.230, 26.220, 26.350, 26.218][0.079, 0.571, 0.350]
26.35: [27.200, 27.320, 27.050, 27.200, 27.230, 27.230, 26.220, 26.350, 26.350][0.080, 0.566, 0.354]
26.48175: [27.200, 27.320, 27.050, 27.200, 27.230, 27.230, 26.220, 26.350, 26.482][0.080, 0.562, 0.358]
26.6135: [27.200, 27.320, 27.050, 27.200, 27.230, 27.230, 26.220, 26.350, 26.614][0.080, 0.557, 0.363]
26.74525: [27.200, 27.320, 27.050, 27.200, 27.230, 27.230, 26.220, 26.350, 26.745][0.080, 0.552, 0.368]
26.877: [27.200, 27.320, 27.050, 27.200, 27.230, 27.230, 26.220, 26.350, 26.877][0.081, 0.547, 0.372]
27.00875: [27.200, 27.320, 27.050, 27.200, 27.230, 27.230, 26.220, 26.350, 27.009][0.081, 0.542, 0.377]
27.1405: [27.200, 27.320, 27.050, 27.200, 27.230, 27.230, 26.220, 26.350, 27.141][0.081, 0.537, 0.382]
27.27225: [27.200, 27.320, 27.050, 27.200, 27.230, 27.230, 26.220, 26.350, 27.272][0.081, 0.531, 0.387]
27.404: [27.200, 27.320, 27.050, 27.200, 27.230, 27.230, 26.220, 26.350, 27.404][0.082, 0.526, 0.392]
27.53575: [27.200, 27.320, 27.050, 27.200, 27.230, 27.230, 26.220, 26.350, 27.536][0.082, 0.520, 0.398]
27.6675: [27.200, 27.320, 27.050, 27.200, 27.230, 27.230, 26.220, 26.350, 27.668][0.082, 0.515, 0.403]
27.79925: [27.200, 27.320, 27.050, 27.200, 27.230, 27.230, 26.220, 26.350, 27.799][0.083, 0.509, 0.408]
27.931: [27.200, 27.320, 27.050, 27.200, 27.230, 27.230, 26.220, 26.350, 27.931][0.083, 0.504, 0.413]
28.06275: [27.200, 27.320, 27.050, 27.200, 27.230, 27.230, 26.220, 26.350, 28.063][0.083, 0.498, 0.418]
28.1945: [27.200, 27.320, 27.050, 27.200, 27.230, 27.230, 26.220, 26.350, 28.195][0.084, 0.493, 0.423]
28.32625: [27.200, 27.320, 27.050, 27.200, 27.230, 27.230, 26.220, 26.350, 28.326][0.084, 0.488, 0.428]
28.458: [27.200, 27.320, 27.050, 27.200, 27.230, 27.230, 26.220, 26.350, 28.458][0.085, 0.483, 0.433]
28.58975: [27.200, 27.320, 27.050, 27.200, 27.230, 27.230, 26.220, 26.350, 28.590][0.085, 0.478, 0.437]
28.7215: [27.200, 27.320, 27.050, 27.200, 27.230, 27.230, 26.220, 26.350, 28.722][0.086, 0.474, 0.441]
28.85325: [27.200, 27.320, 27.050, 27.200, 27.230, 27.230, 26.220, 26.350, 28.853][0.086, 0.469, 0.444]
