Loading Model: level_list/m1_100/tick_list/INSY/class/models/model.h5
history_filename: history_recent/INSY/history.json
Yesterday        : 2017-08-15: OHLCV: 9.4600, 9.4600, 9.1700, 9.2700, 428023
UberYesterday    : 2017-08-14: OHLCV: 8.9600, 9.4000, 8.8200, 9.2500, 761875
[u'9.4600', u'9.4600', u'9.1700', u'9.2700', u'428023']
[u'8.9600', u'9.4000', u'8.8200', u'9.2500', u'761875']
question_base :[8.96, 9.4, 8.82, 9.25, 9.46, 9.46, 9.17, 9.27]
8.343: [8.960, 9.400, 8.820, 9.250, 9.460, 9.460, 9.170, 9.270, 8.343][0.333, 0.400, 0.267]
8.38935: [8.960, 9.400, 8.820, 9.250, 9.460, 9.460, 9.170, 9.270, 8.389][0.333, 0.400, 0.267]
8.4357: [8.960, 9.400, 8.820, 9.250, 9.460, 9.460, 9.170, 9.270, 8.436][0.333, 0.400, 0.267]
8.48205: [8.960, 9.400, 8.820, 9.250, 9.460, 9.460, 9.170, 9.270, 8.482][0.333, 0.400, 0.267]
8.5284: [8.960, 9.400, 8.820, 9.250, 9.460, 9.460, 9.170, 9.270, 8.528][0.333, 0.400, 0.267]
8.57475: [8.960, 9.400, 8.820, 9.250, 9.460, 9.460, 9.170, 9.270, 8.575][0.333, 0.400, 0.267]
8.6211: [8.960, 9.400, 8.820, 9.250, 9.460, 9.460, 9.170, 9.270, 8.621][0.333, 0.400, 0.267]
8.66745: [8.960, 9.400, 8.820, 9.250, 9.460, 9.460, 9.170, 9.270, 8.667][0.333, 0.400, 0.267]
8.7138: [8.960, 9.400, 8.820, 9.250, 9.460, 9.460, 9.170, 9.270, 8.714][0.333, 0.400, 0.267]
8.76015: [8.960, 9.400, 8.820, 9.250, 9.460, 9.460, 9.170, 9.270, 8.760][0.333, 0.400, 0.267]
8.8065: [8.960, 9.400, 8.820, 9.250, 9.460, 9.460, 9.170, 9.270, 8.807][0.333, 0.400, 0.267]
8.85285: [8.960, 9.400, 8.820, 9.250, 9.460, 9.460, 9.170, 9.270, 8.853][0.333, 0.400, 0.267]
8.8992: [8.960, 9.400, 8.820, 9.250, 9.460, 9.460, 9.170, 9.270, 8.899][0.333, 0.400, 0.267]
8.94555: [8.960, 9.400, 8.820, 9.250, 9.460, 9.460, 9.170, 9.270, 8.946][0.333, 0.400, 0.267]
8.9919: [8.960, 9.400, 8.820, 9.250, 9.460, 9.460, 9.170, 9.270, 8.992][0.333, 0.400, 0.267]
9.03825: [8.960, 9.400, 8.820, 9.250, 9.460, 9.460, 9.170, 9.270, 9.038][0.333, 0.400, 0.267]
9.0846: [8.960, 9.400, 8.820, 9.250, 9.460, 9.460, 9.170, 9.270, 9.085][0.333, 0.400, 0.267]
9.13095: [8.960, 9.400, 8.820, 9.250, 9.460, 9.460, 9.170, 9.270, 9.131][0.333, 0.400, 0.267]
9.1773: [8.960, 9.400, 8.820, 9.250, 9.460, 9.460, 9.170, 9.270, 9.177][0.333, 0.400, 0.267]
9.22365: [8.960, 9.400, 8.820, 9.250, 9.460, 9.460, 9.170, 9.270, 9.224][0.333, 0.400, 0.267]
9.27: [8.960, 9.400, 8.820, 9.250, 9.460, 9.460, 9.170, 9.270, 9.270][0.333, 0.400, 0.267]
9.31635: [8.960, 9.400, 8.820, 9.250, 9.460, 9.460, 9.170, 9.270, 9.316][0.333, 0.400, 0.267]
9.3627: [8.960, 9.400, 8.820, 9.250, 9.460, 9.460, 9.170, 9.270, 9.363][0.333, 0.400, 0.267]
9.40905: [8.960, 9.400, 8.820, 9.250, 9.460, 9.460, 9.170, 9.270, 9.409][0.333, 0.400, 0.267]
9.4554: [8.960, 9.400, 8.820, 9.250, 9.460, 9.460, 9.170, 9.270, 9.455][0.333, 0.400, 0.267]
9.50175: [8.960, 9.400, 8.820, 9.250, 9.460, 9.460, 9.170, 9.270, 9.502][0.333, 0.400, 0.267]
9.5481: [8.960, 9.400, 8.820, 9.250, 9.460, 9.460, 9.170, 9.270, 9.548][0.333, 0.400, 0.267]
9.59445: [8.960, 9.400, 8.820, 9.250, 9.460, 9.460, 9.170, 9.270, 9.594][0.333, 0.400, 0.267]
9.6408: [8.960, 9.400, 8.820, 9.250, 9.460, 9.460, 9.170, 9.270, 9.641][0.333, 0.400, 0.267]
9.68715: [8.960, 9.400, 8.820, 9.250, 9.460, 9.460, 9.170, 9.270, 9.687][0.333, 0.400, 0.267]
9.7335: [8.960, 9.400, 8.820, 9.250, 9.460, 9.460, 9.170, 9.270, 9.734][0.333, 0.400, 0.267]
9.77985: [8.960, 9.400, 8.820, 9.250, 9.460, 9.460, 9.170, 9.270, 9.780][0.333, 0.400, 0.267]
9.8262: [8.960, 9.400, 8.820, 9.250, 9.460, 9.460, 9.170, 9.270, 9.826][0.333, 0.400, 0.267]
9.87255: [8.960, 9.400, 8.820, 9.250, 9.460, 9.460, 9.170, 9.270, 9.873][0.333, 0.400, 0.267]
9.9189: [8.960, 9.400, 8.820, 9.250, 9.460, 9.460, 9.170, 9.270, 9.919][0.333, 0.400, 0.267]
9.96525: [8.960, 9.400, 8.820, 9.250, 9.460, 9.460, 9.170, 9.270, 9.965][0.333, 0.400, 0.267]
10.0116: [8.960, 9.400, 8.820, 9.250, 9.460, 9.460, 9.170, 9.270, 10.012][0.333, 0.400, 0.267]
10.05795: [8.960, 9.400, 8.820, 9.250, 9.460, 9.460, 9.170, 9.270, 10.058][0.333, 0.400, 0.267]
10.1043: [8.960, 9.400, 8.820, 9.250, 9.460, 9.460, 9.170, 9.270, 10.104][0.333, 0.400, 0.267]
10.15065: [8.960, 9.400, 8.820, 9.250, 9.460, 9.460, 9.170, 9.270, 10.151][0.333, 0.400, 0.267]
