Loading Model: level_list/m1_100/tick_list/XONE/class/models/model.h5
history_filename: history_recent/XONE/history.json
Yesterday        : 2017-08-15: OHLCV: 7.9500, 8.0700, 7.6100, 7.6300, 274704
UberYesterday    : 2017-08-14: OHLCV: 8.3000, 8.3800, 7.7850, 7.9100, 386489
[u'7.9500', u'8.0700', u'7.6100', u'7.6300', u'274704']
[u'8.3000', u'8.3800', u'7.7850', u'7.9100', u'386489']
question_base :[8.3, 8.38, 7.785, 7.91, 7.95, 8.07, 7.61, 7.63]
6.867: [8.300, 8.380, 7.785, 7.910, 7.950, 8.070, 7.610, 7.630, 6.867][0.119, 0.170, 0.712]
6.90515: [8.300, 8.380, 7.785, 7.910, 7.950, 8.070, 7.610, 7.630, 6.905][0.119, 0.170, 0.712]
6.9433: [8.300, 8.380, 7.785, 7.910, 7.950, 8.070, 7.610, 7.630, 6.943][0.119, 0.170, 0.712]
6.98145: [8.300, 8.380, 7.785, 7.910, 7.950, 8.070, 7.610, 7.630, 6.981][0.119, 0.170, 0.712]
7.0196: [8.300, 8.380, 7.785, 7.910, 7.950, 8.070, 7.610, 7.630, 7.020][0.119, 0.170, 0.712]
7.05775: [8.300, 8.380, 7.785, 7.910, 7.950, 8.070, 7.610, 7.630, 7.058][0.119, 0.170, 0.712]
7.0959: [8.300, 8.380, 7.785, 7.910, 7.950, 8.070, 7.610, 7.630, 7.096][0.119, 0.170, 0.712]
7.13405: [8.300, 8.380, 7.785, 7.910, 7.950, 8.070, 7.610, 7.630, 7.134][0.119, 0.170, 0.712]
7.1722: [8.300, 8.380, 7.785, 7.910, 7.950, 8.070, 7.610, 7.630, 7.172][0.119, 0.170, 0.712]
7.21035: [8.300, 8.380, 7.785, 7.910, 7.950, 8.070, 7.610, 7.630, 7.210][0.119, 0.170, 0.712]
7.2485: [8.300, 8.380, 7.785, 7.910, 7.950, 8.070, 7.610, 7.630, 7.248][0.119, 0.170, 0.712]
7.28665: [8.300, 8.380, 7.785, 7.910, 7.950, 8.070, 7.610, 7.630, 7.287][0.119, 0.170, 0.712]
7.3248: [8.300, 8.380, 7.785, 7.910, 7.950, 8.070, 7.610, 7.630, 7.325][0.119, 0.170, 0.712]
7.36295: [8.300, 8.380, 7.785, 7.910, 7.950, 8.070, 7.610, 7.630, 7.363][0.118, 0.170, 0.712]
7.4011: [8.300, 8.380, 7.785, 7.910, 7.950, 8.070, 7.610, 7.630, 7.401][0.118, 0.170, 0.712]
7.43925: [8.300, 8.380, 7.785, 7.910, 7.950, 8.070, 7.610, 7.630, 7.439][0.118, 0.170, 0.712]
7.4774: [8.300, 8.380, 7.785, 7.910, 7.950, 8.070, 7.610, 7.630, 7.477][0.118, 0.170, 0.712]
7.51555: [8.300, 8.380, 7.785, 7.910, 7.950, 8.070, 7.610, 7.630, 7.516][0.117, 0.172, 0.711]
7.5537: [8.300, 8.380, 7.785, 7.910, 7.950, 8.070, 7.610, 7.630, 7.554][0.114, 0.178, 0.708]
7.59185: [8.300, 8.380, 7.785, 7.910, 7.950, 8.070, 7.610, 7.630, 7.592][0.103, 0.210, 0.687]
7.63: [8.300, 8.380, 7.785, 7.910, 7.950, 8.070, 7.610, 7.630, 7.630][0.076, 0.358, 0.567]
7.66815: [8.300, 8.380, 7.785, 7.910, 7.950, 8.070, 7.610, 7.630, 7.668][0.063, 0.573, 0.364]
7.7063: [8.300, 8.380, 7.785, 7.910, 7.950, 8.070, 7.610, 7.630, 7.706][0.096, 0.595, 0.309]
7.74445: [8.300, 8.380, 7.785, 7.910, 7.950, 8.070, 7.610, 7.630, 7.744][0.153, 0.539, 0.308]
7.7826: [8.300, 8.380, 7.785, 7.910, 7.950, 8.070, 7.610, 7.630, 7.783][0.213, 0.481, 0.307]
7.82075: [8.300, 8.380, 7.785, 7.910, 7.950, 8.070, 7.610, 7.630, 7.821][0.262, 0.436, 0.302]
7.8589: [8.300, 8.380, 7.785, 7.910, 7.950, 8.070, 7.610, 7.630, 7.859][0.298, 0.404, 0.297]
7.89705: [8.300, 8.380, 7.785, 7.910, 7.950, 8.070, 7.610, 7.630, 7.897][0.325, 0.382, 0.293]
7.9352: [8.300, 8.380, 7.785, 7.910, 7.950, 8.070, 7.610, 7.630, 7.935][0.344, 0.367, 0.289]
7.97335: [8.300, 8.380, 7.785, 7.910, 7.950, 8.070, 7.610, 7.630, 7.973][0.358, 0.356, 0.286]
8.0115: [8.300, 8.380, 7.785, 7.910, 7.950, 8.070, 7.610, 7.630, 8.011][0.369, 0.348, 0.284]
8.04965: [8.300, 8.380, 7.785, 7.910, 7.950, 8.070, 7.610, 7.630, 8.050][0.377, 0.341, 0.282]
8.0878: [8.300, 8.380, 7.785, 7.910, 7.950, 8.070, 7.610, 7.630, 8.088][0.383, 0.336, 0.280]
8.12595: [8.300, 8.380, 7.785, 7.910, 7.950, 8.070, 7.610, 7.630, 8.126][0.389, 0.332, 0.279]
8.1641: [8.300, 8.380, 7.785, 7.910, 7.950, 8.070, 7.610, 7.630, 8.164][0.393, 0.329, 0.278]
8.20225: [8.300, 8.380, 7.785, 7.910, 7.950, 8.070, 7.610, 7.630, 8.202][0.397, 0.326, 0.277]
8.2404: [8.300, 8.380, 7.785, 7.910, 7.950, 8.070, 7.610, 7.630, 8.240][0.400, 0.324, 0.276]
8.27855: [8.300, 8.380, 7.785, 7.910, 7.950, 8.070, 7.610, 7.630, 8.279][0.402, 0.322, 0.276]
8.3167: [8.300, 8.380, 7.785, 7.910, 7.950, 8.070, 7.610, 7.630, 8.317][0.404, 0.320, 0.275]
8.35485: [8.300, 8.380, 7.785, 7.910, 7.950, 8.070, 7.610, 7.630, 8.355][0.406, 0.319, 0.275]
8.393: [8.300, 8.380, 7.785, 7.910, 7.950, 8.070, 7.610, 7.630, 8.393][0.408, 0.318, 0.274]
