[[ 22.  10.   1.]
 [ 12.  18.   2.]
 [ 10.  25.   0.]]
cf_score, 29.0
nv_score, -4.0
ratio, 0.40404040404
[[ 24.   5.   1.]
 [ 12.  17.   0.]
 [ 20.  20.   1.]]
cf_score, 21.0
nv_score, -1.0
ratio, 0.424242424242
[[ 20.   9.   2.]
 [  9.  27.   2.]
 [ 14.  15.   2.]]
cf_score, 33.0
nv_score, -4.0
ratio, 0.494949494949
[[ 22.   6.   2.]
 [ 13.  24.   2.]
 [  9.  18.   4.]]
cf_score, 39.0
nv_score, -2.0
ratio, 0.505050505051
[[ 22.   6.   6.]
 [ 10.  22.   3.]
 [  8.  19.   4.]]
cf_score, 34.0
nv_score, -11.0
ratio, 0.484848484848
[[ 27.   7.   4.]
 [  7.  23.   5.]
 [  5.  15.   7.]]
cf_score, 48.0
nv_score, -6.0
ratio, 0.575757575758
[[ 22.   7.   2.]
 [  8.  21.   4.]
 [ 13.  18.   5.]]
cf_score, 33.0
nv_score, -3.0
ratio, 0.484848484848
[[ 23.   6.   4.]
 [  8.  27.   9.]
 [  6.  11.   6.]]
cf_score, 46.0
nv_score, -11.0
ratio, 0.565656565657
[[ 26.   2.   3.]
 [ 11.  21.   5.]
 [ 13.  15.   4.]]
cf_score, 35.0
nv_score, -7.0
ratio, 0.515151515152
[[ 19.   9.   0.]
 [  8.  26.   4.]
 [  8.  21.   5.]]
cf_score, 42.0
nv_score, 1.0
ratio, 0.505050505051
[[ 27.   3.   5.]
 [  8.  23.   4.]
 [  5.  16.   9.]]
cf_score, 49.0
nv_score, -5.0
ratio, 0.59595959596
[[ 22.   7.   5.]
 [  7.  18.   7.]
 [ 11.  15.   8.]]
cf_score, 32.0
nv_score, -9.0
ratio, 0.484848484848
[[ 25.   7.   2.]
 [ 11.  15.   7.]
 [  7.  13.  13.]]
cf_score, 44.0
nv_score, 2.0
ratio, 0.535353535354
[[ 19.   5.   5.]
 [  7.  21.   6.]
 [  8.  18.  11.]]
cf_score, 38.0
nv_score, -5.0
ratio, 0.515151515152
[[ 22.   3.   5.]
 [  3.  18.   7.]
 [ 12.  20.  10.]]
cf_score, 33.0
nv_score, -7.0
ratio, 0.505050505051
[[ 20.   5.   3.]
 [ 14.  12.  11.]
 [  6.  15.  14.]]
cf_score, 37.0
nv_score, -3.0
ratio, 0.464646464646
[[ 23.   4.   5.]
 [  6.  20.  12.]
 [  3.  13.  14.]]
cf_score, 49.0
nv_score, -8.0
ratio, 0.575757575758
[[ 19.   8.   4.]
 [  4.  25.  10.]
 [  9.  13.   8.]]
cf_score, 39.0
nv_score, -10.0
ratio, 0.525252525253
[[ 26.   6.   5.]
 [  5.  14.   9.]
 [ 12.  15.   8.]]
cf_score, 31.0
nv_score, -11.0
ratio, 0.484848484848
[[ 29.   1.  10.]
 [  6.  17.   8.]
 [  5.  10.  14.]]
cf_score, 45.0
nv_score, -14.0
ratio, 0.606060606061
[[ 18.   7.   4.]
 [  6.  27.   5.]
 [  6.  14.  13.]]
cf_score, 48.0
nv_score, 0.0
ratio, 0.585858585859
[[ 15.   6.   5.]
 [  6.  26.   5.]
 [  8.  19.  10.]]
cf_score, 38.0
nv_score, -5.0
ratio, 0.515151515152
[[ 17.   3.   6.]
 [  7.  20.  10.]
 [  7.  16.  14.]]
cf_score, 38.0
nv_score, -8.0
ratio, 0.515151515152
[[ 13.  11.   7.]
 [  3.  32.  11.]
 [  4.  11.   8.]]
cf_score, 42.0
nv_score, -17.0
ratio, 0.535353535354
[[ 23.   8.   1.]
 [  9.  22.   7.]
 [  8.  15.   7.]]
cf_score, 43.0
nv_score, -2.0
ratio, 0.525252525253
[[ 17.   7.   6.]
 [  7.  23.  11.]
 [  2.  17.  10.]]
cf_score, 42.0
nv_score, -13.0
ratio, 0.505050505051
[[ 16.   7.   6.]
 [  8.  18.  12.]
 [  7.  15.  11.]]
cf_score, 32.0
nv_score, -13.0
ratio, 0.454545454545
[[ 26.   4.   2.]
 [  6.  17.  11.]
 [  7.  12.  15.]]
cf_score, 49.0
nv_score, 0.0
ratio, 0.585858585859
[[ 22.   3.   3.]
 [  2.  34.  12.]
 [  4.   7.  13.]]
cf_score, 62.0
nv_score, -5.0
ratio, 0.69696969697
[[ 18.   7.   2.]
 [  2.  18.  11.]
 [  8.  14.  20.]]
cf_score, 46.0
nv_score, 5.0
ratio, 0.565656565657
[[ 17.  10.   6.]
 [  9.  11.   7.]
 [  7.  16.  17.]]
cf_score, 32.0
nv_score, -2.0
ratio, 0.454545454545
[[ 19.   3.   7.]
 [  3.  17.  13.]
 [  6.  17.  15.]]
cf_score, 38.0
nv_score, -12.0
ratio, 0.515151515152
[[ 19.   7.   3.]
 [  6.  18.   7.]
 [  9.  18.  13.]]
cf_score, 38.0
nv_score, 0.0
ratio, 0.505050505051
[[ 22.   7.   5.]
 [  6.  21.   8.]
 [  4.  16.  11.]]
cf_score, 45.0
nv_score, -7.0
ratio, 0.545454545455
[[ 28.   5.   4.]
 [  3.  26.   7.]
 [  5.  11.  11.]]
cf_score, 56.0
nv_score, -4.0
ratio, 0.656565656566
[[ 19.   5.   4.]
 [  4.  25.   5.]
 [  5.  23.  10.]]
cf_score, 45.0
nv_score, -3.0
ratio, 0.545454545455
[[ 12.   6.   6.]
 [  9.  25.   9.]
 [  4.  15.  14.]]
cf_score, 41.0
nv_score, -7.0
ratio, 0.515151515152
[[ 21.   3.   6.]
 [  6.  16.  14.]
 [  6.  12.  16.]]
cf_score, 41.0
nv_score, -10.0
ratio, 0.535353535354
[[ 18.  10.  10.]
 [  8.  15.   7.]
 [  6.  16.  10.]]
cf_score, 27.0
nv_score, -17.0
ratio, 0.434343434343
[[ 20.   6.   6.]
 [  8.  20.   8.]
 [  3.  16.  13.]]
cf_score, 44.0
nv_score, -7.0
ratio, 0.535353535354
[[ 21.   5.  11.]
 [  9.  20.   6.]
 [  4.  11.  13.]]
cf_score, 39.0
nv_score, -15.0
ratio, 0.545454545455
[[ 19.   6.   5.]
 [  7.  28.   2.]
 [  7.  14.  12.]]
cf_score, 47.0
nv_score, 0.0
ratio, 0.59595959596
[[ 20.   3.   6.]
 [  7.  22.   8.]
 [  9.  11.  14.]]
cf_score, 41.0
nv_score, -6.0
ratio, 0.565656565657
[[ 19.   6.   2.]
 [  4.  16.  14.]
 [  7.  15.  17.]]
cf_score, 43.0
nv_score, -1.0
ratio, 0.525252525253
[[ 13.   7.   6.]
 [  4.  23.   9.]
 [  5.  19.  14.]]
cf_score, 39.0
nv_score, -7.0
ratio, 0.505050505051
[[ 24.   7.   6.]
 [  7.  18.  14.]
 [  2.  12.  10.]]
cf_score, 44.0
nv_score, -16.0
ratio, 0.525252525253
[[ 16.   7.   3.]
 [  8.  26.   5.]
 [  3.   9.  23.]]
cf_score, 59.0
nv_score, 12.0
ratio, 0.656565656566
[[ 13.   4.   8.]
 [  6.  27.   7.]
 [  7.  10.  18.]]
cf_score, 43.0
nv_score, -5.0
ratio, 0.585858585859
[[ 17.   6.   3.]
 [  5.  23.   8.]
 [  5.  15.  18.]]
cf_score, 50.0
nv_score, 4.0
ratio, 0.585858585859
[[ 23.   3.   6.]
 [  8.  23.   4.]
 [  4.  18.  11.]]
cf_score, 47.0
nv_score, -5.0
ratio, 0.575757575758
