[[ 18.  10.   9.]
 [ 15.   7.   8.]
 [ 14.   3.  16.]]
cf_score, 18.0
ratio, 0.414141414141
[[ 23.   3.   8.]
 [ 21.   0.   6.]
 [ 17.   4.  18.]]
cf_score, 16.0
ratio, 0.414141414141
[[ 23.   0.   6.]
 [ 21.   0.   9.]
 [ 16.   0.  25.]]
cf_score, 26.0
ratio, 0.484848484848
[[ 21.   1.   7.]
 [ 21.   1.   8.]
 [ 23.   4.  14.]]
cf_score, 6.0
ratio, 0.363636363636
[[ 20.   0.   6.]
 [ 23.   1.  13.]
 [ 19.   0.  18.]]
cf_score, 14.0
ratio, 0.393939393939
[[ 27.   0.   9.]
 [ 23.   1.   6.]
 [ 19.   2.  13.]]
cf_score, 13.0
ratio, 0.414141414141
[[ 19.   1.  14.]
 [ 17.   1.   7.]
 [ 22.   2.  17.]]
cf_score, 1.0
ratio, 0.373737373737
[[ 31.   1.   9.]
 [ 17.   7.   4.]
 [ 18.   3.  10.]]
cf_score, 21.0
ratio, 0.484848484848
[[ 30.   2.  11.]
 [ 21.   1.   7.]
 [ 14.   2.  12.]]
cf_score, 18.0
ratio, 0.434343434343
[[ 18.   1.   7.]
 [ 28.   4.   3.]
 [ 23.   4.  12.]]
cf_score, 4.0
ratio, 0.343434343434
[[ 19.   1.   8.]
 [ 16.   1.  14.]
 [ 11.   3.  27.]]
cf_score, 28.0
ratio, 0.474747474747
[[ 22.   1.   3.]
 [ 31.   4.   6.]
 [ 23.   2.   8.]]
cf_score, 8.0
ratio, 0.343434343434
[[ 28.   1.   6.]
 [ 25.   4.   4.]
 [ 18.   2.  12.]]
cf_score, 20.0
ratio, 0.444444444444
[[ 25.   0.  10.]
 [ 20.   1.   4.]
 [ 19.   2.  19.]]
cf_score, 16.0
ratio, 0.454545454545
[[ 22.   2.  13.]
 [ 17.   3.   7.]
 [ 18.   5.  13.]]
cf_score, 7.0
ratio, 0.383838383838
[[ 28.   1.   7.]
 [ 23.   3.   7.]
 [ 18.   0.  13.]]
cf_score, 19.0
ratio, 0.444444444444
[[ 19.   3.   8.]
 [ 25.   3.   5.]
 [ 18.   0.  19.]]
cf_score, 15.0
ratio, 0.414141414141
[[ 20.   3.  11.]
 [ 18.   2.  10.]
 [ 20.   3.  13.]]
cf_score, 4.0
ratio, 0.353535353535
[[ 18.   2.   7.]
 [ 17.   3.  12.]
 [ 28.   1.  12.]]
cf_score, -2.0
ratio, 0.333333333333
[[ 23.   0.  11.]
 [ 23.   0.   7.]
 [ 15.   2.  19.]]
cf_score, 16.0
ratio, 0.424242424242
[[ 27.   1.   5.]
 [ 20.   1.   8.]
 [ 22.   2.  14.]]
cf_score, 15.0
ratio, 0.424242424242
[[ 18.   3.   9.]
 [ 17.   4.   4.]
 [ 23.   1.  21.]]
cf_score, 11.0
ratio, 0.434343434343
[[ 20.   4.   7.]
 [ 19.   3.   4.]
 [ 20.   9.  14.]]
cf_score, 10.0
ratio, 0.373737373737
[[ 21.   0.   9.]
 [ 23.   2.   7.]
 [ 19.   3.  16.]]
cf_score, 11.0
ratio, 0.393939393939
[[ 17.   3.   5.]
 [ 32.   1.   5.]
 [ 19.   5.  13.]]
cf_score, 7.0
ratio, 0.313131313131
[[ 24.   4.   3.]
 [ 21.   2.   5.]
 [ 20.   4.  17.]]
cf_score, 20.0
ratio, 0.434343434343
[[ 30.   2.   8.]
 [ 17.   8.   4.]
 [ 14.   3.  14.]]
cf_score, 30.0
ratio, 0.525252525253
[[ 18.   8.   4.]
 [ 17.   5.  13.]
 [ 12.   6.  17.]]
cf_score, 24.0
ratio, 0.40404040404
[[ 15.   4.   8.]
 [ 20.   8.   4.]
 [ 17.   8.  16.]]
cf_score, 14.0
ratio, 0.393939393939
[[ 18.   1.   7.]
 [ 21.   2.   5.]
 [ 27.  11.   8.]]
cf_score, -6.0
ratio, 0.282828282828
[[ 22.   4.   4.]
 [ 22.   9.   5.]
 [ 19.  10.   5.]]
cf_score, 13.0
ratio, 0.363636363636
[[ 14.   3.   7.]
 [ 24.   7.  10.]
 [ 13.   9.  13.]]
cf_score, 14.0
ratio, 0.343434343434
[[ 33.   2.   6.]
 [ 18.   5.   5.]
 [ 10.   7.  14.]]
cf_score, 36.0
ratio, 0.525252525253
[[ 22.   7.   6.]
 [ 21.   5.   5.]
 [ 12.   8.  14.]]
cf_score, 23.0
ratio, 0.414141414141
[[ 21.   4.   9.]
 [ 15.  10.   4.]
 [ 16.   8.  13.]]
cf_score, 19.0
ratio, 0.444444444444
[[ 12.   6.   2.]
 [ 19.  13.   7.]
 [ 22.   8.  11.]]
cf_score, 12.0
ratio, 0.363636363636
[[ 33.   4.   3.]
 [ 17.   9.   0.]
 [ 10.  12.  12.]]
cf_score, 41.0
ratio, 0.545454545455
[[ 21.   5.   7.]
 [ 17.   7.   2.]
 [ 19.   5.  17.]]
cf_score, 19.0
ratio, 0.454545454545
[[ 18.   1.   9.]
 [ 21.   8.   6.]
 [ 16.   6.  15.]]
cf_score, 16.0
ratio, 0.414141414141
[[ 25.  10.   6.]
 [ 16.   4.   5.]
 [ 22.   4.   8.]]
cf_score, 9.0
ratio, 0.373737373737
[[ 24.   5.   5.]
 [ 22.   3.   6.]
 [ 15.   6.  14.]]
cf_score, 21.0
ratio, 0.414141414141
[[ 18.   4.   7.]
 [ 14.   7.   5.]
 [ 19.   9.  17.]]
cf_score, 16.0
ratio, 0.424242424242
[[ 18.   7.   3.]
 [ 24.   5.   2.]
 [ 20.   7.  14.]]
cf_score, 14.0
ratio, 0.373737373737
[[ 18.   6.   7.]
 [ 22.   5.  10.]
 [ 16.   4.  12.]]
cf_score, 12.0
ratio, 0.353535353535
[[ 24.   1.   3.]
 [ 19.  11.   2.]
 [ 28.   6.   6.]]
cf_score, 10.0
ratio, 0.414141414141
[[ 23.   7.   4.]
 [ 17.   4.   4.]
 [ 16.  14.  11.]]
cf_score, 18.0
ratio, 0.383838383838
[[ 24.   3.   3.]
 [ 13.   8.   8.]
 [ 20.   7.  14.]]
cf_score, 23.0
ratio, 0.464646464646
[[ 18.   3.   7.]
 [ 21.  14.   5.]
 [ 17.   6.   9.]]
cf_score, 17.0
ratio, 0.414141414141
[[ 23.   0.   2.]
 [ 28.   8.   6.]
 [ 15.   7.  11.]]
cf_score, 25.0
ratio, 0.424242424242
[[ 25.   5.   8.]
 [ 18.  12.   2.]
 [ 16.   5.   9.]]
cf_score, 22.0
ratio, 0.464646464646
[[ 18.   4.   2.]
 [ 25.  11.   8.]
 [ 12.  13.   7.]]
cf_score, 22.0
ratio, 0.363636363636
[[ 22.   5.   6.]
 [ 20.  12.   7.]
 [ 15.   3.  10.]]
cf_score, 23.0
ratio, 0.444444444444
[[ 24.   6.   3.]
 [ 19.   5.   0.]
 [ 23.   7.  13.]]
cf_score, 16.0
ratio, 0.424242424242
[[ 20.   4.   3.]
 [ 22.  12.   5.]
 [ 14.   8.  12.]]
cf_score, 27.0
ratio, 0.444444444444
[[ 19.   5.   1.]
 [ 17.  12.   3.]
 [ 17.  13.  13.]]
cf_score, 26.0
ratio, 0.444444444444
[[ 27.   6.   5.]
 [ 19.   7.   6.]
 [ 14.   7.   9.]]
cf_score, 24.0
ratio, 0.434343434343
[[ 19.  11.   9.]
 [ 14.   8.   4.]
 [ 19.  11.   5.]]
cf_score, 4.0
ratio, 0.323232323232
[[ 24.   3.   5.]
 [ 27.   5.   7.]
 [ 15.   9.   5.]]
cf_score, 14.0
ratio, 0.343434343434
[[ 23.   3.   5.]
 [ 19.  13.   4.]
 [ 16.   9.   8.]]
cf_score, 23.0
ratio, 0.444444444444
[[ 19.   6.  11.]
 [ 25.   5.   6.]
 [ 12.   5.  11.]]
cf_score, 12.0
ratio, 0.353535353535
[[ 25.   4.   5.]
 [ 18.   6.   5.]
 [ 16.  11.  10.]]
cf_score, 20.0
ratio, 0.414141414141
[[ 22.   4.   7.]
 [ 26.   9.   2.]
 [ 19.   7.   4.]]
cf_score, 9.0
ratio, 0.353535353535
[[ 24.   1.  12.]
 [ 16.  10.   3.]
 [ 17.   9.   8.]]
cf_score, 13.0
ratio, 0.424242424242
[[ 23.   2.   6.]
 [ 23.   4.   3.]
 [ 17.  13.   9.]]
cf_score, 13.0
ratio, 0.363636363636
[[ 28.   4.   1.]
 [ 22.   9.   2.]
 [ 17.   9.   8.]]
cf_score, 27.0
ratio, 0.454545454545
[[ 27.   2.   3.]
 [ 22.   8.   3.]
 [ 16.   9.  10.]]
cf_score, 26.0
ratio, 0.454545454545
[[ 16.   2.   3.]
 [ 20.   5.   4.]
 [ 26.   9.  15.]]
cf_score, 7.0
ratio, 0.363636363636
[[ 21.   2.   8.]
 [ 24.   4.   5.]
 [ 21.   6.   9.]]
cf_score, 5.0
ratio, 0.343434343434
[[ 29.   5.   8.]
 [ 17.   8.   3.]
 [ 16.   5.   9.]]
cf_score, 22.0
ratio, 0.464646464646
[[ 25.   3.   3.]
 [ 18.   9.   4.]
 [ 17.  14.   7.]]
cf_score, 21.0
ratio, 0.414141414141
[[ 21.   0.  10.]
 [ 25.  10.   3.]
 [ 14.   7.  10.]]
cf_score, 17.0
ratio, 0.414141414141
[[ 17.   2.   6.]
 [ 24.  10.   7.]
 [ 15.   6.  13.]]
cf_score, 19.0
ratio, 0.40404040404
[[ 26.   4.   4.]
 [ 20.   6.   2.]
 [ 15.   9.  14.]]
cf_score, 27.0
ratio, 0.464646464646
[[ 19.   7.  12.]
 [ 18.   8.   3.]
 [ 15.  10.   8.]]
cf_score, 8.0
ratio, 0.353535353535
[[ 23.   3.   8.]
 [ 17.   5.   4.]
 [ 27.   8.   5.]]
cf_score, -2.0
ratio, 0.333333333333
[[ 21.   8.   5.]
 [ 21.   8.   6.]
 [ 15.   8.   8.]]
cf_score, 17.0
ratio, 0.373737373737
[[ 26.   3.   6.]
 [ 21.   5.   4.]
 [ 14.   9.  12.]]
cf_score, 23.0
ratio, 0.434343434343
[[ 24.   2.   7.]
 [ 20.   6.   2.]
 [ 17.  10.  12.]]
cf_score, 18.0
ratio, 0.424242424242
[[ 27.   4.   4.]
 [ 18.   7.   2.]
 [ 17.   8.  13.]]
cf_score, 26.0
ratio, 0.474747474747
[[ 20.   6.   1.]
 [ 21.   8.   4.]
 [ 22.  12.   6.]]
cf_score, 11.0
ratio, 0.343434343434
[[ 26.  10.   2.]
 [ 19.   8.   2.]
 [ 17.   7.   9.]]
cf_score, 24.0
ratio, 0.434343434343
[[ 19.   5.   7.]
 [ 20.  10.   5.]
 [ 18.   5.  11.]]
cf_score, 15.0
ratio, 0.40404040404
[[ 20.   4.   5.]
 [ 16.   6.   6.]
 [ 21.  13.   9.]]
cf_score, 9.0
ratio, 0.353535353535
[[ 22.   6.   2.]
 [ 22.   6.   5.]
 [ 17.  12.   8.]]
cf_score, 17.0
ratio, 0.363636363636
[[ 25.   9.   0.]
 [ 24.   9.   1.]
 [ 12.  11.   9.]]
cf_score, 31.0
ratio, 0.434343434343
[[ 24.   6.   9.]
 [ 22.   3.   2.]
 [ 18.   6.  10.]]
cf_score, 10.0
ratio, 0.373737373737
[[ 25.   8.   3.]
 [ 15.  10.   3.]
 [ 14.   9.  13.]]
cf_score, 31.0
ratio, 0.484848484848
[[ 26.   8.   5.]
 [ 21.   9.   2.]
 [ 15.   4.  10.]]
cf_score, 25.0
ratio, 0.454545454545
[[ 23.   5.   5.]
 [ 15.   9.   5.]
 [ 26.   5.   7.]]
cf_score, 8.0
ratio, 0.393939393939
[[ 19.   3.   7.]
 [ 26.   9.   5.]
 [ 14.  10.   7.]]
cf_score, 14.0
ratio, 0.353535353535
[[ 29.   3.   8.]
 [ 13.   8.   6.]
 [ 15.   8.  10.]]
cf_score, 24.0
ratio, 0.474747474747
[[ 22.   4.   2.]
 [ 26.   8.   3.]
 [ 19.  10.   6.]]
cf_score, 15.0
ratio, 0.363636363636
[[ 21.   2.   3.]
 [ 20.   8.   7.]
 [ 16.   7.  16.]]
cf_score, 26.0
ratio, 0.454545454545
[[ 23.   6.   3.]
 [ 21.   8.   1.]
 [ 18.   9.  11.]]
cf_score, 21.0
ratio, 0.424242424242
[[ 20.   6.   5.]
 [ 18.   5.   6.]
 [ 17.  11.  12.]]
cf_score, 15.0
ratio, 0.373737373737
[[ 13.   1.   4.]
 [ 23.  12.   6.]
 [ 25.  11.   5.]]
cf_score, 1.0
ratio, 0.30303030303
[[ 25.   6.   4.]
 [ 24.   6.   3.]
 [ 15.   7.  10.]]
cf_score, 22.0
ratio, 0.414141414141
[[ 34.   4.   5.]
 [ 17.   6.   3.]
 [ 12.   9.  10.]]
cf_score, 33.0
ratio, 0.505050505051
[[ 19.   6.   8.]
 [ 18.  12.   6.]
 [ 11.  12.   8.]]
cf_score, 20.0
ratio, 0.393939393939
[[ 22.   9.   3.]
 [ 16.  11.   1.]
 [ 20.  11.   7.]]
cf_score, 17.0
ratio, 0.40404040404
