[[  0.  39.   0.]
 [  0.  61.   0.]
 [  0.   0.   0.]]
cf_score, 61.0
nv_score, 0.0
ratio, 0.616161616162
[[  0.  25.   0.]
 [  0.  75.   0.]
 [  0.   0.   0.]]
cf_score, 75.0
nv_score, 0.0
ratio, 0.757575757576
[[  0.  34.   0.]
 [  0.  65.   0.]
 [  0.   1.   0.]]
cf_score, 65.0
nv_score, 0.0
ratio, 0.656565656566
[[  0.  26.   0.]
 [  0.  74.   0.]
 [  0.   0.   0.]]
cf_score, 74.0
nv_score, 0.0
ratio, 0.747474747475
[[  0.  22.   0.]
 [  0.  77.   0.]
 [  0.   1.   0.]]
cf_score, 77.0
nv_score, 0.0
ratio, 0.777777777778
[[  0.  29.   0.]
 [  0.  71.   0.]
 [  0.   0.   0.]]
cf_score, 71.0
nv_score, 0.0
ratio, 0.717171717172
[[  0.  30.   0.]
 [  0.  69.   0.]
 [  0.   1.   0.]]
cf_score, 69.0
nv_score, 0.0
ratio, 0.69696969697
[[  0.  26.   0.]
 [  0.  74.   0.]
 [  0.   0.   0.]]
cf_score, 74.0
nv_score, 0.0
ratio, 0.747474747475
[[  0.  31.   0.]
 [  0.  69.   0.]
 [  0.   0.   0.]]
cf_score, 69.0
nv_score, 0.0
ratio, 0.69696969697
[[  0.  40.   0.]
 [  0.  60.   0.]
 [  0.   0.   0.]]
cf_score, 60.0
nv_score, 0.0
ratio, 0.606060606061
[[  0.  38.   0.]
 [  0.  61.   0.]
 [  0.   1.   0.]]
cf_score, 61.0
nv_score, 0.0
ratio, 0.616161616162
[[  0.  29.   0.]
 [  0.  71.   0.]
 [  0.   0.   0.]]
cf_score, 71.0
nv_score, 0.0
ratio, 0.717171717172
[[  0.  34.   0.]
 [  0.  66.   0.]
 [  0.   0.   0.]]
cf_score, 66.0
nv_score, 0.0
ratio, 0.666666666667
[[  0.  29.   0.]
 [  0.  71.   0.]
 [  0.   0.   0.]]
cf_score, 71.0
nv_score, 0.0
ratio, 0.717171717172
[[  0.  30.   0.]
 [  0.  69.   0.]
 [  0.   1.   0.]]
cf_score, 69.0
nv_score, 0.0
ratio, 0.69696969697
[[  0.  34.   0.]
 [  0.  66.   0.]
 [  0.   0.   0.]]
cf_score, 66.0
nv_score, 0.0
ratio, 0.666666666667
[[  0.  32.   0.]
 [  0.  68.   0.]
 [  0.   0.   0.]]
cf_score, 68.0
nv_score, 0.0
ratio, 0.686868686869
[[  0.  39.   0.]
 [  0.  61.   0.]
 [  0.   0.   0.]]
cf_score, 61.0
nv_score, 0.0
ratio, 0.616161616162
[[  0.  28.   0.]
 [  0.  72.   0.]
 [  0.   0.   0.]]
cf_score, 72.0
nv_score, 0.0
ratio, 0.727272727273
[[  0.  26.   0.]
 [  0.  74.   0.]
 [  0.   0.   0.]]
cf_score, 74.0
nv_score, 0.0
ratio, 0.747474747475
[[  0.  31.   0.]
 [  0.  69.   0.]
 [  0.   0.   0.]]
cf_score, 69.0
nv_score, 0.0
ratio, 0.69696969697
[[  0.  22.   0.]
 [  0.  78.   0.]
 [  0.   0.   0.]]
cf_score, 78.0
nv_score, 0.0
ratio, 0.787878787879
[[  0.  32.   0.]
 [  0.  68.   0.]
 [  0.   0.   0.]]
cf_score, 68.0
nv_score, 0.0
ratio, 0.686868686869
[[  0.  31.   0.]
 [  0.  69.   0.]
 [  0.   0.   0.]]
cf_score, 69.0
nv_score, 0.0
ratio, 0.69696969697
[[  0.  30.   0.]
 [  0.  70.   0.]
 [  0.   0.   0.]]
cf_score, 70.0
nv_score, 0.0
ratio, 0.707070707071
[[  0.  28.   0.]
 [  0.  72.   0.]
 [  0.   0.   0.]]
cf_score, 72.0
nv_score, 0.0
ratio, 0.727272727273
[[  0.  32.   0.]
 [  0.  68.   0.]
 [  0.   0.   0.]]
cf_score, 68.0
nv_score, 0.0
ratio, 0.686868686869
[[  0.  30.   0.]
 [  0.  70.   0.]
 [  0.   0.   0.]]
cf_score, 70.0
nv_score, 0.0
ratio, 0.707070707071
[[  0.  23.   0.]
 [  0.  77.   0.]
 [  0.   0.   0.]]
cf_score, 77.0
nv_score, 0.0
ratio, 0.777777777778
[[  0.  30.   0.]
 [  0.  70.   0.]
 [  0.   0.   0.]]
cf_score, 70.0
nv_score, 0.0
ratio, 0.707070707071
[[  0.  28.   0.]
 [  0.  72.   0.]
 [  0.   0.   0.]]
cf_score, 72.0
nv_score, 0.0
ratio, 0.727272727273
[[  0.  32.   0.]
 [  0.  68.   0.]
 [  0.   0.   0.]]
cf_score, 68.0
nv_score, 0.0
ratio, 0.686868686869
[[  0.  27.   0.]
 [  0.  73.   0.]
 [  0.   0.   0.]]
cf_score, 73.0
nv_score, 0.0
ratio, 0.737373737374
[[  0.  34.   0.]
 [  0.  66.   0.]
 [  0.   0.   0.]]
cf_score, 66.0
nv_score, 0.0
ratio, 0.666666666667
[[  0.  38.   0.]
 [  0.  62.   0.]
 [  0.   0.   0.]]
cf_score, 62.0
nv_score, 0.0
ratio, 0.626262626263
[[  0.  30.   0.]
 [  0.  69.   0.]
 [  0.   1.   0.]]
cf_score, 69.0
nv_score, 0.0
ratio, 0.69696969697
[[  0.  28.   0.]
 [  0.  72.   0.]
 [  0.   0.   0.]]
cf_score, 72.0
nv_score, 0.0
ratio, 0.727272727273
[[  0.  24.   0.]
 [  0.  76.   0.]
 [  0.   0.   0.]]
cf_score, 76.0
nv_score, 0.0
ratio, 0.767676767677
[[  0.  33.   0.]
 [  0.  67.   0.]
 [  0.   0.   0.]]
cf_score, 67.0
nv_score, 0.0
ratio, 0.676767676768
[[  0.  35.   0.]
 [  0.  65.   0.]
 [  0.   0.   0.]]
cf_score, 65.0
nv_score, 0.0
ratio, 0.656565656566
[[  0.  29.   0.]
 [  0.  71.   0.]
 [  0.   0.   0.]]
cf_score, 71.0
nv_score, 0.0
ratio, 0.717171717172
[[  0.  28.   0.]
 [  0.  71.   0.]
 [  0.   1.   0.]]
cf_score, 71.0
nv_score, 0.0
ratio, 0.717171717172
[[  0.  34.   0.]
 [  0.  66.   0.]
 [  0.   0.   0.]]
cf_score, 66.0
nv_score, 0.0
ratio, 0.666666666667
[[  0.  35.   0.]
 [  0.  65.   0.]
 [  0.   0.   0.]]
cf_score, 65.0
nv_score, 0.0
ratio, 0.656565656566
[[  0.  35.   0.]
 [  0.  64.   0.]
 [  0.   1.   0.]]
cf_score, 64.0
nv_score, 0.0
ratio, 0.646464646465
[[  0.  32.   0.]
 [  0.  68.   0.]
 [  0.   0.   0.]]
cf_score, 68.0
nv_score, 0.0
ratio, 0.686868686869
[[  0.  31.   0.]
 [  0.  69.   0.]
 [  0.   0.   0.]]
cf_score, 69.0
nv_score, 0.0
ratio, 0.69696969697
[[  0.  28.   0.]
 [  0.  72.   0.]
 [  0.   0.   0.]]
cf_score, 72.0
nv_score, 0.0
ratio, 0.727272727273
[[  0.  30.   0.]
 [  0.  70.   0.]
 [  0.   0.   0.]]
cf_score, 70.0
nv_score, 0.0
ratio, 0.707070707071
[[  0.  33.   0.]
 [  0.  67.   0.]
 [  0.   0.   0.]]
cf_score, 67.0
nv_score, 0.0
ratio, 0.676767676768
