[[  0.  50.   0.]
 [  0.  21.   0.]
 [  0.  29.   0.]]
cf_score, 21.0
nv_score, 0.0
ratio, 0.212121212121
[[  0.  36.   0.]
 [  0.  33.   0.]
 [  0.  31.   0.]]
cf_score, 33.0
nv_score, 0.0
ratio, 0.333333333333
[[  0.  36.   0.]
 [  0.  27.   0.]
 [  0.  37.   0.]]
cf_score, 27.0
nv_score, 0.0
ratio, 0.272727272727
[[  0.  25.  13.]
 [  0.  19.   5.]
 [  0.  27.  11.]]
cf_score, 17.0
nv_score, -20.0
ratio, 0.30303030303
[[ 20.   1.  11.]
 [ 26.   4.   5.]
 [ 12.   8.  13.]]
cf_score, 14.0
nv_score, -14.0
ratio, 0.373737373737
[[ 27.   3.  17.]
 [ 14.   1.   6.]
 [ 19.   4.   9.]]
cf_score, 1.0
nv_score, -31.0
ratio, 0.373737373737
[[ 29.   4.  11.]
 [ 12.   2.   2.]
 [ 19.   4.  17.]]
cf_score, 18.0
nv_score, -7.0
ratio, 0.484848484848
[[ 26.   4.   8.]
 [ 22.   3.   1.]
 [ 15.   8.  13.]]
cf_score, 19.0
nv_score, -4.0
ratio, 0.424242424242
[[ 32.   6.   6.]
 [ 10.   2.   8.]
 [ 19.   4.  13.]]
cf_score, 22.0
nv_score, -7.0
ratio, 0.474747474747
[[ 34.   3.   7.]
 [ 20.   4.   3.]
 [ 14.   8.   7.]]
cf_score, 24.0
nv_score, -10.0
ratio, 0.454545454545
[[ 28.   2.   6.]
 [ 22.   9.   5.]
 [ 17.   6.   5.]]
cf_score, 19.0
nv_score, -12.0
ratio, 0.424242424242
[[ 32.   2.   6.]
 [ 22.   7.   4.]
 [ 18.   4.   5.]]
cf_score, 20.0
nv_score, -11.0
ratio, 0.444444444444
[[ 36.   4.   8.]
 [ 19.   3.   1.]
 [ 13.   5.  11.]]
cf_score, 29.0
nv_score, -6.0
ratio, 0.505050505051
[[ 36.   1.  16.]
 [ 16.   5.   1.]
 [ 14.   5.   6.]]
cf_score, 17.0
nv_score, -27.0
ratio, 0.474747474747
[[ 31.   4.   6.]
 [ 20.   1.   5.]
 [ 18.   9.   6.]]
cf_score, 14.0
nv_score, -11.0
ratio, 0.383838383838
[[ 28.   0.   5.]
 [ 27.   4.   2.]
 [ 19.   7.   8.]]
cf_score, 16.0
nv_score, -4.0
ratio, 0.40404040404
[[ 38.   3.   5.]
 [ 14.   3.   3.]
 [ 15.  10.   9.]]
cf_score, 30.0
nv_score, -4.0
ratio, 0.505050505051
[[ 36.   3.   3.]
 [ 22.   2.   4.]
 [ 19.   6.   5.]]
cf_score, 21.0
nv_score, -5.0
ratio, 0.434343434343
[[ 31.   3.   8.]
 [ 18.   4.   4.]
 [ 23.   6.   3.]]
cf_score, 7.0
nv_score, -17.0
ratio, 0.383838383838
[[ 32.   1.  10.]
 [ 16.   1.   6.]
 [ 26.   4.   4.]]
cf_score, 1.0
nv_score, -22.0
ratio, 0.373737373737
[[ 29.   2.  11.]
 [ 20.   0.   4.]
 [ 21.   4.   9.]]
cf_score, 6.0
nv_score, -17.0
ratio, 0.383838383838
[[ 31.   2.   8.]
 [ 18.   2.   1.]
 [ 25.   7.   6.]]
cf_score, 6.0
nv_score, -11.0
ratio, 0.393939393939
[[ 29.   2.   9.]
 [ 23.   1.   4.]
 [ 23.   2.   7.]]
cf_score, 5.0
nv_score, -15.0
ratio, 0.373737373737
[[ 26.   5.   7.]
 [ 21.   0.   7.]
 [ 18.   2.  14.]]
cf_score, 15.0
nv_score, -7.0
ratio, 0.40404040404
[[ 31.   4.   8.]
 [ 25.   2.   7.]
 [ 16.   0.   7.]]
cf_score, 16.0
nv_score, -16.0
ratio, 0.40404040404
[[ 27.   4.   8.]
 [ 16.   3.   9.]
 [ 23.   1.   9.]]
cf_score, 8.0
nv_score, -16.0
ratio, 0.393939393939
[[ 25.   3.  11.]
 [ 19.   4.   4.]
 [ 25.   1.   8.]]
cf_score, 1.0
nv_score, -18.0
ratio, 0.373737373737
[[ 29.   2.   5.]
 [ 26.   0.  10.]
 [ 21.   0.   7.]]
cf_score, 10.0
nv_score, -13.0
ratio, 0.363636363636
[[ 30.   2.   7.]
 [ 21.   0.   5.]
 [ 24.   1.  10.]]
cf_score, 9.0
nv_score, -9.0
ratio, 0.40404040404
[[ 28.   4.  10.]
 [ 17.   2.   4.]
 [ 27.   2.   6.]]
cf_score, -1.0
nv_score, -18.0
ratio, 0.363636363636
[[ 32.   2.   7.]
 [ 16.   1.   2.]
 [ 25.   3.  12.]]
cf_score, 13.0
nv_score, -4.0
ratio, 0.454545454545
[[ 39.   6.   5.]
 [ 19.   0.   2.]
 [ 15.   3.  11.]]
cf_score, 30.0
nv_score, -1.0
ratio, 0.505050505051
[[ 28.   2.   7.]
 [ 17.   4.   5.]
 [ 28.   1.   8.]]
cf_score, 5.0
nv_score, -11.0
ratio, 0.40404040404
[[ 27.   3.   8.]
 [ 16.   1.   4.]
 [ 31.   1.   9.]]
cf_score, -2.0
nv_score, -11.0
ratio, 0.373737373737
[[ 20.   4.   9.]
 [ 26.   2.   3.]
 [ 24.   0.  12.]]
cf_score, 1.0
nv_score, -9.0
ratio, 0.343434343434
[[ 32.   3.   4.]
 [ 23.   2.   6.]
 [ 17.   2.  11.]]
cf_score, 24.0
nv_score, -3.0
ratio, 0.454545454545
[[ 27.   3.   7.]
 [ 24.   1.   8.]
 [ 20.   1.   9.]]
cf_score, 10.0
nv_score, -13.0
ratio, 0.373737373737
[[ 29.   2.   8.]
 [ 13.   0.  11.]
 [ 22.   2.  13.]]
cf_score, 12.0
nv_score, -14.0
ratio, 0.424242424242
[[ 28.   5.   9.]
 [ 14.   0.   9.]
 [ 22.   2.  11.]]
cf_score, 8.0
nv_score, -16.0
ratio, 0.393939393939
[[ 34.   4.   6.]
 [ 15.   3.   4.]
 [ 19.   1.  14.]]
cf_score, 26.0
nv_score, -2.0
ratio, 0.515151515152
[[ 26.   1.   7.]
 [ 21.   0.   7.]
 [ 25.   2.  11.]]
cf_score, 5.0
nv_score, -10.0
ratio, 0.373737373737
[[ 34.   4.   9.]
 [ 18.   1.   6.]
 [ 17.   3.   8.]]
cf_score, 17.0
nv_score, -16.0
ratio, 0.434343434343
[[ 25.   3.   9.]
 [ 24.   0.   4.]
 [ 23.   2.  10.]]
cf_score, 3.0
nv_score, -12.0
ratio, 0.353535353535
[[ 28.   2.  12.]
 [ 17.   0.   4.]
 [ 21.   2.  14.]]
cf_score, 9.0
nv_score, -14.0
ratio, 0.424242424242
[[ 35.   1.   9.]
 [ 18.   0.   5.]
 [ 20.   4.   8.]]
cf_score, 14.0
nv_score, -15.0
ratio, 0.434343434343
[[ 22.   5.   9.]
 [ 28.   0.   2.]
 [ 27.   1.   6.]]
cf_score, -8.0
nv_score, -14.0
ratio, 0.282828282828
[[ 30.   0.  12.]
 [ 20.   0.   3.]
 [ 23.   5.   7.]]
cf_score, 2.0
nv_score, -20.0
ratio, 0.373737373737
[[ 32.   2.   4.]
 [ 24.   0.   2.]
 [ 22.   1.  13.]]
cf_score, 19.0
nv_score, 3.0
ratio, 0.454545454545
[[ 27.   1.   8.]
 [ 23.   0.   5.]
 [ 18.   2.  16.]]
cf_score, 17.0
nv_score, -5.0
ratio, 0.434343434343
[[ 18.   1.   7.]
 [ 24.   0.   9.]
 [ 34.   2.   5.]]
cf_score, -18.0
nv_score, -18.0
ratio, 0.232323232323
