[[  0.  34.   0.]
 [  0.  66.   0.]
 [  0.   0.   0.]]
cf_score, 66.0
ratio, 0.666666666667
[[  0.  30.   0.]
 [  0.  70.   0.]
 [  0.   0.   0.]]
cf_score, 70.0
ratio, 0.707070707071
[[  0.  30.   0.]
 [  0.  70.   0.]
 [  0.   0.   0.]]
cf_score, 70.0
ratio, 0.707070707071
[[  0.  30.   0.]
 [  0.  70.   0.]
 [  0.   0.   0.]]
cf_score, 70.0
ratio, 0.707070707071
[[  0.  35.   0.]
 [  0.  65.   0.]
 [  0.   0.   0.]]
cf_score, 65.0
ratio, 0.656565656566
[[  0.  29.   0.]
 [  0.  71.   0.]
 [  0.   0.   0.]]
cf_score, 71.0
ratio, 0.717171717172
[[  0.  28.   0.]
 [  0.  72.   0.]
 [  0.   0.   0.]]
cf_score, 72.0
ratio, 0.727272727273
[[  0.  34.   0.]
 [  0.  66.   0.]
 [  0.   0.   0.]]
cf_score, 66.0
ratio, 0.666666666667
[[  0.  40.   0.]
 [  0.  60.   0.]
 [  0.   0.   0.]]
cf_score, 60.0
ratio, 0.606060606061
[[  0.  39.   0.]
 [  0.  61.   0.]
 [  0.   0.   0.]]
cf_score, 61.0
ratio, 0.616161616162
