[[  0.  26.   0.]
 [  0.  74.   0.]
 [  0.   0.   0.]]
cf_score, 74.0
ratio, 0.747474747475
[[  0.  33.   0.]
 [  0.  67.   0.]
 [  0.   0.   0.]]
cf_score, 67.0
ratio, 0.676767676768
[[  0.  33.   0.]
 [  0.  67.   0.]
 [  0.   0.   0.]]
cf_score, 67.0
ratio, 0.676767676768
[[  0.  34.   0.]
 [  0.  66.   0.]
 [  0.   0.   0.]]
cf_score, 66.0
ratio, 0.666666666667
[[  0.  34.   0.]
 [  0.  66.   0.]
 [  0.   0.   0.]]
cf_score, 66.0
ratio, 0.666666666667
[[  0.  32.   0.]
 [  0.  68.   0.]
 [  0.   0.   0.]]
cf_score, 68.0
ratio, 0.686868686869
[[  0.  27.   0.]
 [  0.  73.   0.]
 [  0.   0.   0.]]
cf_score, 73.0
ratio, 0.737373737374
[[  0.  27.   0.]
 [  0.  73.   0.]
 [  0.   0.   0.]]
cf_score, 73.0
ratio, 0.737373737374
[[ 17.  13.   0.]
 [  8.  62.   0.]
 [  0.   0.   0.]]
cf_score, 79.0
ratio, 0.79797979798
[[ 14.  12.   0.]
 [ 21.  53.   0.]
 [  0.   0.   0.]]
cf_score, 67.0
ratio, 0.676767676768
