[[  0.  41.   0.]
 [  0.  59.   0.]
 [  0.   0.   0.]]
cf_score, 59.0
ratio, 0.59595959596
[[  0.  29.   0.]
 [  0.  71.   0.]
 [  0.   0.   0.]]
cf_score, 71.0
ratio, 0.717171717172
[[  0.  38.   0.]
 [  0.  62.   0.]
 [  0.   0.   0.]]
cf_score, 62.0
ratio, 0.626262626263
[[  0.  36.   0.]
 [  0.  64.   0.]
 [  0.   0.   0.]]
cf_score, 64.0
ratio, 0.646464646465
[[  0.  32.   0.]
 [  0.  68.   0.]
 [  0.   0.   0.]]
cf_score, 68.0
ratio, 0.686868686869
[[  0.  32.   0.]
 [  0.  68.   0.]
 [  0.   0.   0.]]
cf_score, 68.0
ratio, 0.686868686869
[[  0.  36.   0.]
 [  0.  64.   0.]
 [  0.   0.   0.]]
cf_score, 64.0
ratio, 0.646464646465
[[  0.  33.   0.]
 [  0.  67.   0.]
 [  0.   0.   0.]]
cf_score, 67.0
ratio, 0.676767676768
[[  0.  40.   0.]
 [  0.  60.   0.]
 [  0.   0.   0.]]
cf_score, 60.0
ratio, 0.606060606061
[[  0.  34.   0.]
 [  0.  66.   0.]
 [  0.   0.   0.]]
cf_score, 66.0
ratio, 0.666666666667
