[[  0.  34.   0.]
 [  0.  66.   0.]
 [  0.   0.   0.]]
cf_score, 66.0
ratio, 0.666666666667
[[  0.  28.   0.]
 [  0.  72.   0.]
 [  0.   0.   0.]]
cf_score, 72.0
ratio, 0.727272727273
[[  0.  23.   0.]
 [  0.  77.   0.]
 [  0.   0.   0.]]
cf_score, 77.0
ratio, 0.777777777778
[[  0.  40.   0.]
 [  0.  60.   0.]
 [  0.   0.   0.]]
cf_score, 60.0
ratio, 0.606060606061
[[  0.  36.   0.]
 [  0.  64.   0.]
 [  0.   0.   0.]]
cf_score, 64.0
ratio, 0.646464646465
[[  0.  40.   0.]
 [  0.  60.   0.]
 [  0.   0.   0.]]
cf_score, 60.0
ratio, 0.606060606061
[[  0.  32.   0.]
 [  0.  68.   0.]
 [  0.   0.   0.]]
cf_score, 68.0
ratio, 0.686868686869
[[  0.  35.   0.]
 [  0.  65.   0.]
 [  0.   0.   0.]]
cf_score, 65.0
ratio, 0.656565656566
[[  0.  36.   0.]
 [  0.  64.   0.]
 [  0.   0.   0.]]
cf_score, 64.0
ratio, 0.646464646465
[[  0.  33.   0.]
 [  0.  67.   0.]
 [  0.   0.   0.]]
cf_score, 67.0
ratio, 0.676767676768
