[[  0.  27.   0.]
 [  0.  73.   0.]
 [  0.   0.   0.]]
cf_score, 73.0
ratio, 0.737373737374
[[  0.  33.   0.]
 [  0.  67.   0.]
 [  0.   0.   0.]]
cf_score, 67.0
ratio, 0.676767676768
[[  0.  24.   0.]
 [  0.  76.   0.]
 [  0.   0.   0.]]
cf_score, 76.0
ratio, 0.767676767677
[[  0.  36.   0.]
 [  0.  64.   0.]
 [  0.   0.   0.]]
cf_score, 64.0
ratio, 0.646464646465
[[  0.  34.   0.]
 [  0.  66.   0.]
 [  0.   0.   0.]]
cf_score, 66.0
ratio, 0.666666666667
[[  0.  33.   0.]
 [  0.  67.   0.]
 [  0.   0.   0.]]
cf_score, 67.0
ratio, 0.676767676768
[[  0.  34.   0.]
 [  0.  66.   0.]
 [  0.   0.   0.]]
cf_score, 66.0
ratio, 0.666666666667
[[  0.  29.   0.]
 [  0.  71.   0.]
 [  0.   0.   0.]]
cf_score, 71.0
ratio, 0.717171717172
[[  0.  37.   0.]
 [  0.  63.   0.]
 [  0.   0.   0.]]
cf_score, 63.0
ratio, 0.636363636364
[[  0.  35.   0.]
 [  0.  65.   0.]
 [  0.   0.   0.]]
cf_score, 65.0
ratio, 0.656565656566
