[[  0.  43.   0.]
 [  0.  57.   0.]
 [  0.   0.   0.]]
cf_score, 57.0
ratio, 0.575757575758
[[  0.  35.   0.]
 [  0.  65.   0.]
 [  0.   0.   0.]]
cf_score, 65.0
ratio, 0.656565656566
[[  0.  38.   0.]
 [  0.  62.   0.]
 [  0.   0.   0.]]
cf_score, 62.0
ratio, 0.626262626263
[[  0.  37.   0.]
 [  0.  63.   0.]
 [  0.   0.   0.]]
cf_score, 63.0
ratio, 0.636363636364
[[  0.  34.   0.]
 [  0.  66.   0.]
 [  0.   0.   0.]]
cf_score, 66.0
ratio, 0.666666666667
[[ 10.  29.   0.]
 [  8.  53.   0.]
 [  0.   0.   0.]]
cf_score, 63.0
ratio, 0.636363636364
[[ 19.  16.   0.]
 [ 11.  54.   0.]
 [  0.   0.   0.]]
cf_score, 73.0
ratio, 0.737373737374
[[ 20.  17.   0.]
 [  8.  55.   0.]
 [  0.   0.   0.]]
cf_score, 75.0
ratio, 0.757575757576
[[ 18.  18.   0.]
 [  6.  58.   0.]
 [  0.   0.   0.]]
cf_score, 76.0
ratio, 0.767676767677
[[ 15.  19.   0.]
 [  5.  61.   0.]
 [  0.   0.   0.]]
cf_score, 76.0
ratio, 0.767676767677
