[[  0.  30.   0.]
 [  0.  70.   0.]
 [  0.   0.   0.]]
cf_score, 70.0
ratio, 0.707070707071
[[  0.  24.   0.]
 [  0.  76.   0.]
 [  0.   0.   0.]]
cf_score, 76.0
ratio, 0.767676767677
[[  0.  33.   0.]
 [  0.  67.   0.]
 [  0.   0.   0.]]
cf_score, 67.0
ratio, 0.676767676768
[[  0.  27.   0.]
 [  0.  73.   0.]
 [  0.   0.   0.]]
cf_score, 73.0
ratio, 0.737373737374
[[  0.  40.   0.]
 [  0.  60.   0.]
 [  0.   0.   0.]]
cf_score, 60.0
ratio, 0.606060606061
[[  0.  32.   0.]
 [  0.  68.   0.]
 [  0.   0.   0.]]
cf_score, 68.0
ratio, 0.686868686869
[[  0.  31.   0.]
 [  0.  69.   0.]
 [  0.   0.   0.]]
cf_score, 69.0
ratio, 0.69696969697
[[  0.  37.   0.]
 [  0.  63.   0.]
 [  0.   0.   0.]]
cf_score, 63.0
ratio, 0.636363636364
[[  0.  35.   0.]
 [  0.  65.   0.]
 [  0.   0.   0.]]
cf_score, 65.0
ratio, 0.656565656566
[[  0.  25.   0.]
 [  0.  75.   0.]
 [  0.   0.   0.]]
cf_score, 75.0
ratio, 0.757575757576
