[[  0.  25.  16.]
 [  0.  15.  15.]
 [  0.  12.  17.]]
cf_score, 16.0
nv_score, -30.0
ratio, 0.323232323232
[[  0.  24.  11.]
 [  0.  15.  14.]
 [  0.  15.  21.]]
cf_score, 25.0
nv_score, -15.0
ratio, 0.363636363636
[[  0.  21.  12.]
 [  0.  20.  16.]
 [  0.  16.  15.]]
cf_score, 23.0
nv_score, -25.0
ratio, 0.353535353535
[[  0.  28.  16.]
 [  0.  20.  15.]
 [  0.   8.  13.]]
cf_score, 17.0
nv_score, -34.0
ratio, 0.333333333333
[[  0.  21.  15.]
 [  0.  15.  13.]
 [  0.   9.  27.]]
cf_score, 27.0
nv_score, -16.0
ratio, 0.424242424242
[[  0.  27.  14.]
 [  0.  20.   7.]
 [  0.  14.  18.]]
cf_score, 24.0
nv_score, -17.0
ratio, 0.383838383838
[[  0.  20.  12.]
 [  0.  27.  11.]
 [  0.  12.  18.]]
cf_score, 33.0
nv_score, -17.0
ratio, 0.454545454545
[[  0.  17.  16.]
 [  0.  21.  16.]
 [  0.  10.  20.]]
cf_score, 25.0
nv_score, -28.0
ratio, 0.414141414141
[[  0.  17.  14.]
 [  0.  22.   8.]
 [  0.  21.  18.]]
cf_score, 26.0
nv_score, -18.0
ratio, 0.40404040404
[[ 11.  13.  13.]
 [  4.  10.  17.]
 [  0.  19.  13.]]
cf_score, 21.0
nv_score, -30.0
ratio, 0.343434343434
[[  7.  12.  11.]
 [  3.  14.  30.]
 [  3.   9.  11.]]
cf_score, 18.0
nv_score, -41.0
ratio, 0.323232323232
[[  6.  12.  17.]
 [  5.   8.  16.]
 [  4.  13.  19.]]
cf_score, 12.0
nv_score, -31.0
ratio, 0.333333333333
[[  5.  12.  16.]
 [  3.  12.  22.]
 [  1.   8.  21.]]
cf_score, 21.0
nv_score, -33.0
ratio, 0.383838383838
[[  6.   8.  14.]
 [  2.  14.  23.]
 [  1.  10.  22.]]
cf_score, 27.0
nv_score, -29.0
ratio, 0.424242424242
[[ 12.  11.  15.]
 [  6.  20.  17.]
 [  1.   7.  11.]]
cf_score, 27.0
nv_score, -36.0
ratio, 0.434343434343
[[  7.  10.  16.]
 [  0.  16.  14.]
 [  0.  13.  24.]]
cf_score, 31.0
nv_score, -22.0
ratio, 0.474747474747
[[  6.  13.  18.]
 [  4.  14.  13.]
 [  0.  15.  17.]]
cf_score, 19.0
nv_score, -32.0
ratio, 0.373737373737
[[  2.  13.  13.]
 [  6.  15.  14.]
 [  1.  15.  21.]]
cf_score, 24.0
nv_score, -19.0
ratio, 0.383838383838
[[  7.  14.  15.]
 [  1.  17.  12.]
 [  1.  12.  21.]]
cf_score, 29.0
nv_score, -21.0
ratio, 0.454545454545
[[  7.  18.  16.]
 [  4.  18.  13.]
 [  1.  10.  13.]]
cf_score, 21.0
nv_score, -32.0
ratio, 0.383838383838
[[  9.  20.   9.]
 [ 11.  13.   6.]
 [  2.  13.  17.]]
cf_score, 28.0
nv_score, -7.0
ratio, 0.393939393939
[[  6.  12.  14.]
 [  1.  15.  20.]
 [  1.  14.  17.]]
cf_score, 23.0
nv_score, -31.0
ratio, 0.383838383838
[[  7.  22.  10.]
 [  6.  20.  13.]
 [  1.  14.   7.]]
cf_score, 23.0
nv_score, -26.0
ratio, 0.343434343434
[[  5.  15.   7.]
 [  7.  17.  11.]
 [  1.  14.  23.]]
cf_score, 37.0
nv_score, -2.0
ratio, 0.454545454545
[[  7.  12.  11.]
 [  2.  15.  13.]
 [  1.  19.  20.]]
cf_score, 30.0
nv_score, -15.0
ratio, 0.424242424242
[[  6.  15.  11.]
 [  4.  17.  12.]
 [  2.  14.  19.]]
cf_score, 29.0
nv_score, -15.0
ratio, 0.424242424242
[[  4.  12.  15.]
 [  3.  13.  24.]
 [  1.  11.  17.]]
cf_score, 18.0
nv_score, -37.0
ratio, 0.343434343434
[[ 13.  13.  12.]
 [  6.  17.  11.]
 [  2.  13.  13.]]
cf_score, 29.0
nv_score, -22.0
ratio, 0.434343434343
[[  2.  15.  20.]
 [  4.  17.  19.]
 [  0.   8.  15.]]
cf_score, 14.0
nv_score, -44.0
ratio, 0.343434343434
[[  8.  14.  20.]
 [  4.  14.  10.]
 [  0.   8.  22.]]
cf_score, 24.0
nv_score, -28.0
ratio, 0.444444444444
[[  8.  12.  18.]
 [  4.  13.  17.]
 [  1.  11.  16.]]
cf_score, 18.0
nv_score, -37.0
ratio, 0.373737373737
[[  7.  18.  13.]
 [  2.  19.  16.]
 [  0.   8.  17.]]
cf_score, 30.0
nv_score, -25.0
ratio, 0.434343434343
[[  4.  16.  16.]
 [  0.  16.  13.]
 [  2.  10.  23.]]
cf_score, 25.0
nv_score, -22.0
ratio, 0.434343434343
[[  9.  17.  11.]
 [  6.  17.  13.]
 [  0.  11.  16.]]
cf_score, 31.0
nv_score, -19.0
ratio, 0.424242424242
[[ 11.  15.  15.]
 [  5.  14.  14.]
 [  1.   6.  19.]]
cf_score, 28.0
nv_score, -25.0
ratio, 0.444444444444
[[ 11.   9.  14.]
 [ 12.  15.  10.]
 [  2.   8.  19.]]
cf_score, 29.0
nv_score, -19.0
ratio, 0.454545454545
[[  3.  19.  24.]
 [  2.  13.  11.]
 [  1.  13.  14.]]
cf_score, 5.0
nv_score, -45.0
ratio, 0.30303030303
[[ 11.   6.  18.]
 [  5.  14.  15.]
 [  2.  13.  16.]]
cf_score, 21.0
nv_score, -35.0
ratio, 0.414141414141
[[  6.  13.  15.]
 [  3.  23.  10.]
 [  0.  10.  20.]]
cf_score, 34.0
nv_score, -20.0
ratio, 0.494949494949
[[ 10.  15.  13.]
 [  6.  14.  11.]
 [  4.   5.  22.]]
cf_score, 29.0
nv_score, -15.0
ratio, 0.464646464646
[[  9.  15.  10.]
 [  0.  24.  17.]
 [  1.   8.  16.]]
cf_score, 38.0
nv_score, -21.0
ratio, 0.494949494949
[[ 10.  12.  16.]
 [  6.  18.  10.]
 [  3.  14.  11.]]
cf_score, 20.0
nv_score, -31.0
ratio, 0.393939393939
[[  9.  13.  15.]
 [  7.  11.  15.]
 [  0.  14.  16.]]
cf_score, 21.0
nv_score, -29.0
ratio, 0.363636363636
[[  4.  18.  14.]
 [  2.  12.  17.]
 [  1.   9.  23.]]
cf_score, 24.0
nv_score, -22.0
ratio, 0.393939393939
[[  9.  16.  12.]
 [  6.   9.  11.]
 [  1.  16.  20.]]
cf_score, 25.0
nv_score, -15.0
ratio, 0.383838383838
[[ 12.  18.  12.]
 [  6.  11.  13.]
 [  1.  12.  15.]]
cf_score, 25.0
nv_score, -22.0
ratio, 0.383838383838
[[ 11.  12.  15.]
 [  3.  22.  16.]
 [  0.  12.   9.]]
cf_score, 27.0
nv_score, -37.0
ratio, 0.424242424242
[[  6.  14.  12.]
 [  1.  17.  17.]
 [  1.  13.  19.]]
cf_score, 29.0
nv_score, -22.0
ratio, 0.424242424242
[[ 10.  11.  16.]
 [  2.  16.  14.]
 [  0.   8.  23.]]
cf_score, 33.0
nv_score, -23.0
ratio, 0.494949494949
[[ 10.  11.  19.]
 [  4.  20.   5.]
 [  4.  13.  14.]]
cf_score, 21.0
nv_score, -29.0
ratio, 0.444444444444
