[[  0.  33.   0.]
 [  0.  35.   0.]
 [  0.  32.   0.]]
cf_score, 35.0
ratio, 0.353535353535
[[  0.  44.   0.]
 [  0.  28.   0.]
 [  0.  28.   0.]]
cf_score, 28.0
ratio, 0.282828282828
[[  0.  29.   0.]
 [  0.  32.   0.]
 [  0.  39.   0.]]
cf_score, 32.0
ratio, 0.323232323232
[[  0.  33.   0.]
 [  0.  27.   0.]
 [  0.  40.   0.]]
cf_score, 27.0
ratio, 0.272727272727
[[  0.  37.   0.]
 [  0.  29.   0.]
 [  0.  34.   0.]]
cf_score, 29.0
ratio, 0.292929292929
[[  0.  34.   0.]
 [  0.  25.   0.]
 [  0.  41.   0.]]
cf_score, 25.0
ratio, 0.252525252525
[[  0.  35.   0.]
 [  0.  44.   0.]
 [  0.  21.   0.]]
cf_score, 44.0
ratio, 0.444444444444
[[  0.  31.   0.]
 [  0.  29.   0.]
 [  0.  40.   0.]]
cf_score, 29.0
ratio, 0.292929292929
[[  0.  41.   0.]
 [  0.  29.   0.]
 [  1.  29.   0.]]
cf_score, 28.0
ratio, 0.292929292929
[[  0.  20.   0.]
 [  0.  35.   0.]
 [  1.  44.   0.]]
cf_score, 34.0
ratio, 0.353535353535
[[  0.  32.   0.]
 [  0.  33.   0.]
 [  0.  35.   0.]]
cf_score, 33.0
ratio, 0.333333333333
[[  0.  34.   0.]
 [  0.  36.   0.]
 [  0.  30.   0.]]
cf_score, 36.0
ratio, 0.363636363636
[[  0.  35.   0.]
 [  0.  29.   0.]
 [  0.  36.   0.]]
cf_score, 29.0
ratio, 0.292929292929
[[  0.  29.   0.]
 [  0.  35.   0.]
 [  0.  36.   0.]]
cf_score, 35.0
ratio, 0.353535353535
[[  0.  34.   0.]
 [  0.  31.   0.]
 [  0.  35.   0.]]
cf_score, 31.0
ratio, 0.313131313131
[[  0.  35.   0.]
 [  0.  40.   0.]
 [  0.  25.   0.]]
cf_score, 40.0
ratio, 0.40404040404
[[  0.  34.   0.]
 [  0.  31.   0.]
 [  0.  35.   0.]]
cf_score, 31.0
ratio, 0.313131313131
[[  0.  37.   0.]
 [  0.  31.   0.]
 [  0.  32.   0.]]
cf_score, 31.0
ratio, 0.313131313131
[[  0.  31.   0.]
 [  0.  40.   0.]
 [  0.  29.   0.]]
cf_score, 40.0
ratio, 0.40404040404
[[  0.  35.   0.]
 [  0.  29.   0.]
 [  0.  36.   0.]]
cf_score, 29.0
ratio, 0.292929292929
[[  0.  42.   0.]
 [  0.  35.   0.]
 [  0.  23.   0.]]
cf_score, 35.0
ratio, 0.353535353535
[[  0.  34.   0.]
 [  0.  26.   0.]
 [  0.  40.   0.]]
cf_score, 26.0
ratio, 0.262626262626
[[  0.  34.   0.]
 [  0.  28.   0.]
 [  0.  38.   0.]]
cf_score, 28.0
ratio, 0.282828282828
[[  0.  24.   0.]
 [  0.  44.   0.]
 [  0.  32.   0.]]
cf_score, 44.0
ratio, 0.444444444444
[[  0.  43.   0.]
 [  0.  30.   0.]
 [  0.  27.   0.]]
cf_score, 30.0
ratio, 0.30303030303
[[  0.  33.   0.]
 [  0.  36.   0.]
 [  0.  31.   0.]]
cf_score, 36.0
ratio, 0.363636363636
[[ 32.   0.   0.]
 [ 29.   0.   0.]
 [ 39.   0.   0.]]
cf_score, -7.0
ratio, 0.323232323232
[[  0.  34.   0.]
 [  0.  34.   0.]
 [  0.  32.   0.]]
cf_score, 34.0
ratio, 0.343434343434
[[  0.  31.   0.]
 [  0.  32.   0.]
 [  0.  37.   0.]]
cf_score, 32.0
ratio, 0.323232323232
[[  0.  34.   0.]
 [  0.  34.   0.]
 [  0.  32.   0.]]
cf_score, 34.0
ratio, 0.343434343434
[[  0.  41.   0.]
 [  0.  28.   0.]
 [  0.  31.   0.]]
cf_score, 28.0
ratio, 0.282828282828
[[  0.  34.   0.]
 [  0.  37.   0.]
 [  1.  28.   0.]]
cf_score, 36.0
ratio, 0.373737373737
[[  0.  33.   0.]
 [  0.  33.   0.]
 [  0.  34.   0.]]
cf_score, 33.0
ratio, 0.333333333333
[[  0.  38.   0.]
 [  0.  27.   0.]
 [  0.  35.   0.]]
cf_score, 27.0
ratio, 0.272727272727
[[  0.  30.   0.]
 [  0.  33.   0.]
 [  0.  37.   0.]]
cf_score, 33.0
ratio, 0.333333333333
[[  0.  31.   0.]
 [  0.  29.   0.]
 [  0.  40.   0.]]
cf_score, 29.0
ratio, 0.292929292929
[[  0.  36.   0.]
 [  0.  32.   0.]
 [  0.  32.   0.]]
cf_score, 32.0
ratio, 0.323232323232
[[  0.  33.   0.]
 [  0.  31.   0.]
 [  0.  36.   0.]]
cf_score, 31.0
ratio, 0.313131313131
[[  0.  31.   0.]
 [  0.  29.   0.]
 [  0.  40.   0.]]
cf_score, 29.0
ratio, 0.292929292929
[[  0.  37.   0.]
 [  0.  29.   0.]
 [  0.  34.   0.]]
cf_score, 29.0
ratio, 0.292929292929
[[  0.  40.   0.]
 [  0.  38.   0.]
 [  0.  22.   0.]]
cf_score, 38.0
ratio, 0.383838383838
[[  0.  37.   0.]
 [  0.  31.   0.]
 [  0.  32.   0.]]
cf_score, 31.0
ratio, 0.313131313131
[[  0.  41.   0.]
 [  0.  25.   0.]
 [  1.  33.   0.]]
cf_score, 24.0
ratio, 0.252525252525
[[  0.  34.   0.]
 [  0.  25.   0.]
 [  1.  40.   0.]]
cf_score, 24.0
ratio, 0.252525252525
[[  0.  35.   0.]
 [  0.  30.   0.]
 [  1.  34.   0.]]
cf_score, 29.0
ratio, 0.30303030303
[[  0.   0.  29.]
 [  0.   0.  33.]
 [  0.   0.  38.]]
cf_score, 9.0
ratio, 0.383838383838
[[  0.  32.   0.]
 [  0.  32.   0.]
 [  0.  36.   0.]]
cf_score, 32.0
ratio, 0.323232323232
[[  0.  42.   0.]
 [  0.  33.   0.]
 [  1.  24.   0.]]
cf_score, 32.0
ratio, 0.333333333333
[[  0.  34.   0.]
 [  0.  25.   0.]
 [  0.  41.   0.]]
cf_score, 25.0
ratio, 0.252525252525
[[  0.  35.   0.]
 [  0.  31.   0.]
 [  0.  34.   0.]]
cf_score, 31.0
ratio, 0.313131313131
[[  0.  28.   0.]
 [  0.  37.   0.]
 [  0.  35.   0.]]
cf_score, 37.0
ratio, 0.373737373737
[[  0.  33.   0.]
 [  0.  34.   0.]
 [  0.  33.   0.]]
cf_score, 34.0
ratio, 0.343434343434
[[  0.  37.   0.]
 [  0.  32.   0.]
 [  0.  31.   0.]]
cf_score, 32.0
ratio, 0.323232323232
[[  0.  35.   0.]
 [  0.  29.   0.]
 [  0.  36.   0.]]
cf_score, 29.0
ratio, 0.292929292929
[[  0.  33.   0.]
 [  0.  26.   0.]
 [  0.  41.   0.]]
cf_score, 26.0
ratio, 0.262626262626
[[  0.  37.   0.]
 [  0.  34.   0.]
 [  0.  29.   0.]]
cf_score, 34.0
ratio, 0.343434343434
[[  0.  32.   0.]
 [  0.  34.   0.]
 [  0.  34.   0.]]
cf_score, 34.0
ratio, 0.343434343434
[[  0.  34.   0.]
 [  0.  34.   0.]
 [  0.  32.   0.]]
cf_score, 34.0
ratio, 0.343434343434
[[  0.  43.   0.]
 [  0.  27.   0.]
 [  0.  30.   0.]]
cf_score, 27.0
ratio, 0.272727272727
[[  0.  44.   0.]
 [  0.  27.   0.]
 [  0.  29.   0.]]
cf_score, 27.0
ratio, 0.272727272727
[[  0.   0.  30.]
 [  0.   0.  34.]
 [  0.   0.  36.]]
cf_score, 6.0
ratio, 0.363636363636
[[  0.  29.   0.]
 [  0.  31.   0.]
 [  0.  40.   0.]]
cf_score, 31.0
ratio, 0.313131313131
[[  0.  37.   0.]
 [  0.  25.   0.]
 [  0.  38.   0.]]
cf_score, 25.0
ratio, 0.252525252525
[[  0.  33.   0.]
 [  0.  36.   0.]
 [  0.  31.   0.]]
cf_score, 36.0
ratio, 0.363636363636
[[  0.  29.   0.]
 [  0.  29.   0.]
 [  0.  42.   0.]]
cf_score, 29.0
ratio, 0.292929292929
[[  0.  38.   0.]
 [  0.  36.   0.]
 [  0.  26.   0.]]
cf_score, 36.0
ratio, 0.363636363636
[[  0.  29.   0.]
 [  0.  39.   0.]
 [  0.  32.   0.]]
cf_score, 39.0
ratio, 0.393939393939
[[  0.  37.   0.]
 [  0.  27.   0.]
 [  0.  36.   0.]]
cf_score, 27.0
ratio, 0.272727272727
[[  0.  29.   0.]
 [  0.  36.   0.]
 [  0.  35.   0.]]
cf_score, 36.0
ratio, 0.363636363636
[[  0.  36.   0.]
 [  0.  38.   0.]
 [  0.  26.   0.]]
cf_score, 38.0
ratio, 0.383838383838
[[  0.  25.   0.]
 [  0.  35.   0.]
 [  0.  40.   0.]]
cf_score, 35.0
ratio, 0.353535353535
[[  0.  35.   0.]
 [  0.  30.   0.]
 [  0.  35.   0.]]
cf_score, 30.0
ratio, 0.30303030303
[[  0.  38.   0.]
 [  0.  33.   0.]
 [  0.  29.   0.]]
cf_score, 33.0
ratio, 0.333333333333
[[  0.   0.  37.]
 [  0.   0.  36.]
 [  0.   0.  27.]]
cf_score, -10.0
ratio, 0.272727272727
[[  0.  38.   0.]
 [  0.  34.   0.]
 [  0.  28.   0.]]
cf_score, 34.0
ratio, 0.343434343434
[[  0.  48.   0.]
 [  0.  25.   0.]
 [  0.  27.   0.]]
cf_score, 25.0
ratio, 0.252525252525
[[  0.  29.   0.]
 [  0.  32.   0.]
 [  0.  39.   0.]]
cf_score, 32.0
ratio, 0.323232323232
[[  0.  37.   0.]
 [  0.  30.   0.]
 [  0.  33.   0.]]
cf_score, 30.0
ratio, 0.30303030303
[[  0.  33.   0.]
 [  0.  33.   0.]
 [  0.  34.   0.]]
cf_score, 33.0
ratio, 0.333333333333
[[  0.  29.   0.]
 [  0.  33.   0.]
 [  0.  38.   0.]]
cf_score, 33.0
ratio, 0.333333333333
[[  0.  33.   0.]
 [  0.  27.   0.]
 [  0.  40.   0.]]
cf_score, 27.0
ratio, 0.272727272727
[[  0.  38.   0.]
 [  0.  25.   0.]
 [  0.  37.   0.]]
cf_score, 25.0
ratio, 0.252525252525
[[  0.  36.   0.]
 [  0.  30.   0.]
 [  0.  34.   0.]]
cf_score, 30.0
ratio, 0.30303030303
[[  0.  27.   0.]
 [  0.  29.   0.]
 [  0.  44.   0.]]
cf_score, 29.0
ratio, 0.292929292929
[[  0.  28.   0.]
 [  0.  42.   0.]
 [  0.  30.   0.]]
cf_score, 42.0
ratio, 0.424242424242
[[  0.  42.   0.]
 [  0.  24.   0.]
 [  0.  34.   0.]]
cf_score, 24.0
ratio, 0.242424242424
[[  0.  34.   0.]
 [  0.  31.   0.]
 [  1.  34.   0.]]
cf_score, 30.0
ratio, 0.313131313131
[[  0.  40.   0.]
 [  0.  34.   0.]
 [  0.  26.   0.]]
cf_score, 34.0
ratio, 0.343434343434
[[  0.  37.   0.]
 [  0.  31.   0.]
 [  0.  32.   0.]]
cf_score, 31.0
ratio, 0.313131313131
[[  0.  36.   0.]
 [  0.  34.   0.]
 [  0.  30.   0.]]
cf_score, 34.0
ratio, 0.343434343434
[[  0.  30.   0.]
 [  0.  31.   0.]
 [  0.  39.   0.]]
cf_score, 31.0
ratio, 0.313131313131
[[  0.  38.   0.]
 [  0.  31.   0.]
 [  0.  31.   0.]]
cf_score, 31.0
ratio, 0.313131313131
[[  0.  35.   0.]
 [  0.  32.   0.]
 [  0.  33.   0.]]
cf_score, 32.0
ratio, 0.323232323232
[[  0.  38.   0.]
 [  0.  24.   0.]
 [  0.  38.   0.]]
cf_score, 24.0
ratio, 0.242424242424
[[  0.  32.   0.]
 [  0.  33.   0.]
 [  0.  35.   0.]]
cf_score, 33.0
ratio, 0.333333333333
[[  0.  21.   0.]
 [  0.  41.   0.]
 [  1.  37.   0.]]
cf_score, 40.0
ratio, 0.414141414141
[[  0.  31.   0.]
 [  0.  33.   0.]
 [  0.  36.   0.]]
cf_score, 33.0
ratio, 0.333333333333
[[  0.  37.   0.]
 [  0.  31.   0.]
 [  0.  32.   0.]]
cf_score, 31.0
ratio, 0.313131313131
[[  0.  42.   0.]
 [  0.  23.   0.]
 [  0.  35.   0.]]
cf_score, 23.0
ratio, 0.232323232323
[[  0.  36.   0.]
 [  0.  28.   0.]
 [  0.  36.   0.]]
cf_score, 28.0
ratio, 0.282828282828
