Loading Model: level_list/m1_100/tick_list/ACFN/class/models/model.h5
history_filename: history_recent/ACFN/history.json
UberYesterday: 2017-08-03: OHLCV: 0.2100, 0.2500, 0.2100, 0.2300, 31435
Yesterday    : 2017-07-31: OHLCV: 0.2500, 0.2500, 0.2300, 0.2400, 34741
[u'0.2100', u'0.2500', u'0.2100', u'0.2300', u'31435']
[u'0.2500', u'0.2500', u'0.2300', u'0.2400', u'34741']
question_base :[0.21, 0.25, 0.21, 0.23, 0.25, 0.25, 0.23, 0.24]
0.216: [0.210, 0.250, 0.210, 0.230, 0.250, 0.250, 0.230, 0.240, 0.216][0.062, 0.173, 0.765]
0.2172: [0.210, 0.250, 0.210, 0.230, 0.250, 0.250, 0.230, 0.240, 0.217][0.064, 0.175, 0.762]
0.2184: [0.210, 0.250, 0.210, 0.230, 0.250, 0.250, 0.230, 0.240, 0.218][0.065, 0.176, 0.759]
0.2196: [0.210, 0.250, 0.210, 0.230, 0.250, 0.250, 0.230, 0.240, 0.220][0.067, 0.178, 0.755]
0.2208: [0.210, 0.250, 0.210, 0.230, 0.250, 0.250, 0.230, 0.240, 0.221][0.069, 0.180, 0.752]
0.222: [0.210, 0.250, 0.210, 0.230, 0.250, 0.250, 0.230, 0.240, 0.222][0.070, 0.182, 0.748]
0.2232: [0.210, 0.250, 0.210, 0.230, 0.250, 0.250, 0.230, 0.240, 0.223][0.072, 0.183, 0.745]
0.2244: [0.210, 0.250, 0.210, 0.230, 0.250, 0.250, 0.230, 0.240, 0.224][0.074, 0.185, 0.741]
0.2256: [0.210, 0.250, 0.210, 0.230, 0.250, 0.250, 0.230, 0.240, 0.226][0.076, 0.187, 0.737]
0.2268: [0.210, 0.250, 0.210, 0.230, 0.250, 0.250, 0.230, 0.240, 0.227][0.078, 0.189, 0.733]
0.228: [0.210, 0.250, 0.210, 0.230, 0.250, 0.250, 0.230, 0.240, 0.228][0.080, 0.191, 0.729]
0.2292: [0.210, 0.250, 0.210, 0.230, 0.250, 0.250, 0.230, 0.240, 0.229][0.083, 0.193, 0.724]
0.2304: [0.210, 0.250, 0.210, 0.230, 0.250, 0.250, 0.230, 0.240, 0.230][0.085, 0.195, 0.720]
0.2316: [0.210, 0.250, 0.210, 0.230, 0.250, 0.250, 0.230, 0.240, 0.232][0.088, 0.196, 0.716]
0.2328: [0.210, 0.250, 0.210, 0.230, 0.250, 0.250, 0.230, 0.240, 0.233][0.091, 0.198, 0.711]
0.234: [0.210, 0.250, 0.210, 0.230, 0.250, 0.250, 0.230, 0.240, 0.234][0.094, 0.200, 0.706]
0.2352: [0.210, 0.250, 0.210, 0.230, 0.250, 0.250, 0.230, 0.240, 0.235][0.097, 0.202, 0.701]
0.2364: [0.210, 0.250, 0.210, 0.230, 0.250, 0.250, 0.230, 0.240, 0.236][0.100, 0.204, 0.696]
0.2376: [0.210, 0.250, 0.210, 0.230, 0.250, 0.250, 0.230, 0.240, 0.238][0.103, 0.206, 0.691]
0.2388: [0.210, 0.250, 0.210, 0.230, 0.250, 0.250, 0.230, 0.240, 0.239][0.106, 0.208, 0.686]
0.24: [0.210, 0.250, 0.210, 0.230, 0.250, 0.250, 0.230, 0.240, 0.240][0.110, 0.210, 0.680]
0.2412: [0.210, 0.250, 0.210, 0.230, 0.250, 0.250, 0.230, 0.240, 0.241][0.114, 0.211, 0.675]
0.2424: [0.210, 0.250, 0.210, 0.230, 0.250, 0.250, 0.230, 0.240, 0.242][0.118, 0.213, 0.669]
0.2436: [0.210, 0.250, 0.210, 0.230, 0.250, 0.250, 0.230, 0.240, 0.244][0.122, 0.215, 0.663]
0.2448: [0.210, 0.250, 0.210, 0.230, 0.250, 0.250, 0.230, 0.240, 0.245][0.126, 0.217, 0.657]
0.246: [0.210, 0.250, 0.210, 0.230, 0.250, 0.250, 0.230, 0.240, 0.246][0.131, 0.218, 0.651]
0.2472: [0.210, 0.250, 0.210, 0.230, 0.250, 0.250, 0.230, 0.240, 0.247][0.136, 0.220, 0.645]
0.2484: [0.210, 0.250, 0.210, 0.230, 0.250, 0.250, 0.230, 0.240, 0.248][0.141, 0.221, 0.638]
0.2496: [0.210, 0.250, 0.210, 0.230, 0.250, 0.250, 0.230, 0.240, 0.250][0.146, 0.223, 0.632]
0.2508: [0.210, 0.250, 0.210, 0.230, 0.250, 0.250, 0.230, 0.240, 0.251][0.151, 0.224, 0.625]
0.252: [0.210, 0.250, 0.210, 0.230, 0.250, 0.250, 0.230, 0.240, 0.252][0.157, 0.225, 0.618]
0.2532: [0.210, 0.250, 0.210, 0.230, 0.250, 0.250, 0.230, 0.240, 0.253][0.163, 0.226, 0.611]
0.2544: [0.210, 0.250, 0.210, 0.230, 0.250, 0.250, 0.230, 0.240, 0.254][0.169, 0.227, 0.604]
0.2556: [0.210, 0.250, 0.210, 0.230, 0.250, 0.250, 0.230, 0.240, 0.256][0.175, 0.228, 0.597]
0.2568: [0.210, 0.250, 0.210, 0.230, 0.250, 0.250, 0.230, 0.240, 0.257][0.181, 0.229, 0.590]
0.258: [0.210, 0.250, 0.210, 0.230, 0.250, 0.250, 0.230, 0.240, 0.258][0.188, 0.230, 0.582]
0.2592: [0.210, 0.250, 0.210, 0.230, 0.250, 0.250, 0.230, 0.240, 0.259][0.195, 0.230, 0.575]
0.2604: [0.210, 0.250, 0.210, 0.230, 0.250, 0.250, 0.230, 0.240, 0.260][0.202, 0.231, 0.567]
0.2616: [0.210, 0.250, 0.210, 0.230, 0.250, 0.250, 0.230, 0.240, 0.262][0.210, 0.231, 0.559]
0.2628: [0.210, 0.250, 0.210, 0.230, 0.250, 0.250, 0.230, 0.240, 0.263][0.217, 0.231, 0.552]
0.264: [0.210, 0.250, 0.210, 0.230, 0.250, 0.250, 0.230, 0.240, 0.264][0.225, 0.231, 0.544]
