Loading Model: level_list/m1_100/tick_list/AGM/class/models/model.h5
history_filename: history_recent/AGM/history.json
UberYesterday: 2017-08-03: OHLCV: 68.4300, 69.0500, 67.5000, 67.7100, 63623
Yesterday    : 2017-07-31: OHLCV: 69.4300, 69.8100, 68.1200, 68.5600, 84439
[u'68.4300', u'69.0500', u'67.5000', u'67.7100', u'63623']
[u'69.4300', u'69.8100', u'68.1200', u'68.5600', u'84439']
question_base :[68.43, 69.05, 67.5, 67.71, 69.43, 69.81, 68.12, 68.56]
61.704: [68.430, 69.050, 67.500, 67.710, 69.430, 69.810, 68.120, 68.560, 61.704][0.194, 0.197, 0.609]
62.0468: [68.430, 69.050, 67.500, 67.710, 69.430, 69.810, 68.120, 68.560, 62.047][0.194, 0.197, 0.609]
62.3896: [68.430, 69.050, 67.500, 67.710, 69.430, 69.810, 68.120, 68.560, 62.390][0.194, 0.197, 0.609]
62.7324: [68.430, 69.050, 67.500, 67.710, 69.430, 69.810, 68.120, 68.560, 62.732][0.194, 0.197, 0.609]
63.0752: [68.430, 69.050, 67.500, 67.710, 69.430, 69.810, 68.120, 68.560, 63.075][0.194, 0.197, 0.609]
63.418: [68.430, 69.050, 67.500, 67.710, 69.430, 69.810, 68.120, 68.560, 63.418][0.194, 0.197, 0.609]
63.7608: [68.430, 69.050, 67.500, 67.710, 69.430, 69.810, 68.120, 68.560, 63.761][0.194, 0.197, 0.609]
64.1036: [68.430, 69.050, 67.500, 67.710, 69.430, 69.810, 68.120, 68.560, 64.104][0.194, 0.197, 0.609]
64.4464: [68.430, 69.050, 67.500, 67.710, 69.430, 69.810, 68.120, 68.560, 64.446][0.194, 0.197, 0.609]
64.7892: [68.430, 69.050, 67.500, 67.710, 69.430, 69.810, 68.120, 68.560, 64.789][0.194, 0.198, 0.609]
65.132: [68.430, 69.050, 67.500, 67.710, 69.430, 69.810, 68.120, 68.560, 65.132][0.194, 0.198, 0.609]
65.4748: [68.430, 69.050, 67.500, 67.710, 69.430, 69.810, 68.120, 68.560, 65.475][0.194, 0.198, 0.608]
65.8176: [68.430, 69.050, 67.500, 67.710, 69.430, 69.810, 68.120, 68.560, 65.818][0.194, 0.198, 0.608]
66.1604: [68.430, 69.050, 67.500, 67.710, 69.430, 69.810, 68.120, 68.560, 66.160][0.194, 0.199, 0.607]
66.5032: [68.430, 69.050, 67.500, 67.710, 69.430, 69.810, 68.120, 68.560, 66.503][0.195, 0.203, 0.603]
66.846: [68.430, 69.050, 67.500, 67.710, 69.430, 69.810, 68.120, 68.560, 66.846][0.199, 0.226, 0.576]
67.1888: [68.430, 69.050, 67.500, 67.710, 69.430, 69.810, 68.120, 68.560, 67.189][0.345, 0.296, 0.359]
67.5316: [68.430, 69.050, 67.500, 67.710, 69.430, 69.810, 68.120, 68.560, 67.532][0.355, 0.393, 0.251]
67.8744: [68.430, 69.050, 67.500, 67.710, 69.430, 69.810, 68.120, 68.560, 67.874][0.343, 0.401, 0.256]
68.2172: [68.430, 69.050, 67.500, 67.710, 69.430, 69.810, 68.120, 68.560, 68.217][0.356, 0.395, 0.248]
68.56: [68.430, 69.050, 67.500, 67.710, 69.430, 69.810, 68.120, 68.560, 68.560][0.388, 0.379, 0.232]
68.9028: [68.430, 69.050, 67.500, 67.710, 69.430, 69.810, 68.120, 68.560, 68.903][0.443, 0.348, 0.209]
69.2456: [68.430, 69.050, 67.500, 67.710, 69.430, 69.810, 68.120, 68.560, 69.246][0.518, 0.301, 0.181]
69.5884: [68.430, 69.050, 67.500, 67.710, 69.430, 69.810, 68.120, 68.560, 69.588][0.600, 0.248, 0.152]
69.9312: [68.430, 69.050, 67.500, 67.710, 69.430, 69.810, 68.120, 68.560, 69.931][0.670, 0.204, 0.127]
70.274: [68.430, 69.050, 67.500, 67.710, 69.430, 69.810, 68.120, 68.560, 70.274][0.721, 0.171, 0.108]
70.6168: [68.430, 69.050, 67.500, 67.710, 69.430, 69.810, 68.120, 68.560, 70.617][0.755, 0.150, 0.096]
70.9596: [68.430, 69.050, 67.500, 67.710, 69.430, 69.810, 68.120, 68.560, 70.960][0.776, 0.136, 0.088]
71.3024: [68.430, 69.050, 67.500, 67.710, 69.430, 69.810, 68.120, 68.560, 71.302][0.790, 0.127, 0.083]
71.6452: [68.430, 69.050, 67.500, 67.710, 69.430, 69.810, 68.120, 68.560, 71.645][0.799, 0.122, 0.079]
71.988: [68.430, 69.050, 67.500, 67.710, 69.430, 69.810, 68.120, 68.560, 71.988][0.804, 0.118, 0.077]
72.3308: [68.430, 69.050, 67.500, 67.710, 69.430, 69.810, 68.120, 68.560, 72.331][0.808, 0.116, 0.076]
72.6736: [68.430, 69.050, 67.500, 67.710, 69.430, 69.810, 68.120, 68.560, 72.674][0.810, 0.115, 0.075]
73.0164: [68.430, 69.050, 67.500, 67.710, 69.430, 69.810, 68.120, 68.560, 73.016][0.811, 0.114, 0.075]
73.3592: [68.430, 69.050, 67.500, 67.710, 69.430, 69.810, 68.120, 68.560, 73.359][0.812, 0.113, 0.074]
73.702: [68.430, 69.050, 67.500, 67.710, 69.430, 69.810, 68.120, 68.560, 73.702][0.813, 0.113, 0.074]
74.0448: [68.430, 69.050, 67.500, 67.710, 69.430, 69.810, 68.120, 68.560, 74.045][0.813, 0.113, 0.074]
74.3876: [68.430, 69.050, 67.500, 67.710, 69.430, 69.810, 68.120, 68.560, 74.388][0.813, 0.113, 0.074]
74.7304: [68.430, 69.050, 67.500, 67.710, 69.430, 69.810, 68.120, 68.560, 74.730][0.814, 0.113, 0.074]
75.0732: [68.430, 69.050, 67.500, 67.710, 69.430, 69.810, 68.120, 68.560, 75.073][0.814, 0.113, 0.074]
75.416: [68.430, 69.050, 67.500, 67.710, 69.430, 69.810, 68.120, 68.560, 75.416][0.814, 0.113, 0.074]
