Loading Model: level_list/m1_100/tick_list/APOG/class/models/model.h5
history_filename: history_recent/APOG/history.json
Yesterday        : 2017-08-03: OHLCV: 52.2400, 52.4500, 51.6300, 51.9700, 129870
UberYesterday    : 2017-08-02: OHLCV: 52.4100, 52.6700, 51.7900, 52.1400, 101835
[u'52.2400', u'52.4500', u'51.6300', u'51.9700', u'129870']
[u'52.4100', u'52.6700', u'51.7900', u'52.1400', u'101835']
question_base :[52.41, 52.67, 51.79, 52.14, 52.24, 52.45, 51.63, 51.97]
46.773: [52.410, 52.670, 51.790, 52.140, 52.240, 52.450, 51.630, 51.970, 46.773][0.011, 0.006, 0.983]
47.03285: [52.410, 52.670, 51.790, 52.140, 52.240, 52.450, 51.630, 51.970, 47.033][0.011, 0.006, 0.983]
47.2927: [52.410, 52.670, 51.790, 52.140, 52.240, 52.450, 51.630, 51.970, 47.293][0.011, 0.006, 0.982]
47.55255: [52.410, 52.670, 51.790, 52.140, 52.240, 52.450, 51.630, 51.970, 47.553][0.011, 0.006, 0.982]
47.8124: [52.410, 52.670, 51.790, 52.140, 52.240, 52.450, 51.630, 51.970, 47.812][0.012, 0.007, 0.982]
48.07225: [52.410, 52.670, 51.790, 52.140, 52.240, 52.450, 51.630, 51.970, 48.072][0.012, 0.007, 0.981]
48.3321: [52.410, 52.670, 51.790, 52.140, 52.240, 52.450, 51.630, 51.970, 48.332][0.013, 0.008, 0.980]
48.59195: [52.410, 52.670, 51.790, 52.140, 52.240, 52.450, 51.630, 51.970, 48.592][0.014, 0.009, 0.977]
48.8518: [52.410, 52.670, 51.790, 52.140, 52.240, 52.450, 51.630, 51.970, 48.852][0.017, 0.011, 0.972]
49.11165: [52.410, 52.670, 51.790, 52.140, 52.240, 52.450, 51.630, 51.970, 49.112][0.024, 0.018, 0.958]
49.3715: [52.410, 52.670, 51.790, 52.140, 52.240, 52.450, 51.630, 51.970, 49.372][0.046, 0.045, 0.909]
49.63135: [52.410, 52.670, 51.790, 52.140, 52.240, 52.450, 51.630, 51.970, 49.631][0.126, 0.191, 0.683]
49.8912: [52.410, 52.670, 51.790, 52.140, 52.240, 52.450, 51.630, 51.970, 49.891][0.238, 0.459, 0.303]
50.15105: [52.410, 52.670, 51.790, 52.140, 52.240, 52.450, 51.630, 51.970, 50.151][0.425, 0.434, 0.141]
50.4109: [52.410, 52.670, 51.790, 52.140, 52.240, 52.450, 51.630, 51.970, 50.411][0.531, 0.369, 0.099]
50.67075: [52.410, 52.670, 51.790, 52.140, 52.240, 52.450, 51.630, 51.970, 50.671][0.554, 0.355, 0.092]
50.9306: [52.410, 52.670, 51.790, 52.140, 52.240, 52.450, 51.630, 51.970, 50.931][0.559, 0.351, 0.090]
51.19045: [52.410, 52.670, 51.790, 52.140, 52.240, 52.450, 51.630, 51.970, 51.190][0.560, 0.350, 0.090]
51.4503: [52.410, 52.670, 51.790, 52.140, 52.240, 52.450, 51.630, 51.970, 51.450][0.561, 0.350, 0.090]
51.71015: [52.410, 52.670, 51.790, 52.140, 52.240, 52.450, 51.630, 51.970, 51.710][0.561, 0.350, 0.090]
51.97: [52.410, 52.670, 51.790, 52.140, 52.240, 52.450, 51.630, 51.970, 51.970][0.561, 0.349, 0.089]
52.22985: [52.410, 52.670, 51.790, 52.140, 52.240, 52.450, 51.630, 51.970, 52.230][0.561, 0.349, 0.089]
52.4897: [52.410, 52.670, 51.790, 52.140, 52.240, 52.450, 51.630, 51.970, 52.490][0.561, 0.349, 0.089]
52.74955: [52.410, 52.670, 51.790, 52.140, 52.240, 52.450, 51.630, 51.970, 52.750][0.561, 0.349, 0.089]
53.0094: [52.410, 52.670, 51.790, 52.140, 52.240, 52.450, 51.630, 51.970, 53.009][0.561, 0.349, 0.089]
53.26925: [52.410, 52.670, 51.790, 52.140, 52.240, 52.450, 51.630, 51.970, 53.269][0.561, 0.349, 0.089]
53.5291: [52.410, 52.670, 51.790, 52.140, 52.240, 52.450, 51.630, 51.970, 53.529][0.561, 0.349, 0.089]
53.78895: [52.410, 52.670, 51.790, 52.140, 52.240, 52.450, 51.630, 51.970, 53.789][0.561, 0.349, 0.089]
54.0488: [52.410, 52.670, 51.790, 52.140, 52.240, 52.450, 51.630, 51.970, 54.049][0.561, 0.349, 0.089]
54.30865: [52.410, 52.670, 51.790, 52.140, 52.240, 52.450, 51.630, 51.970, 54.309][0.561, 0.349, 0.089]
54.5685: [52.410, 52.670, 51.790, 52.140, 52.240, 52.450, 51.630, 51.970, 54.569][0.561, 0.349, 0.089]
54.82835: [52.410, 52.670, 51.790, 52.140, 52.240, 52.450, 51.630, 51.970, 54.828][0.561, 0.349, 0.089]
55.0882: [52.410, 52.670, 51.790, 52.140, 52.240, 52.450, 51.630, 51.970, 55.088][0.561, 0.349, 0.089]
55.34805: [52.410, 52.670, 51.790, 52.140, 52.240, 52.450, 51.630, 51.970, 55.348][0.561, 0.349, 0.089]
55.6079: [52.410, 52.670, 51.790, 52.140, 52.240, 52.450, 51.630, 51.970, 55.608][0.561, 0.349, 0.089]
55.86775: [52.410, 52.670, 51.790, 52.140, 52.240, 52.450, 51.630, 51.970, 55.868][0.561, 0.349, 0.089]
56.1276: [52.410, 52.670, 51.790, 52.140, 52.240, 52.450, 51.630, 51.970, 56.128][0.561, 0.349, 0.089]
56.38745: [52.410, 52.670, 51.790, 52.140, 52.240, 52.450, 51.630, 51.970, 56.387][0.561, 0.349, 0.089]
56.6473: [52.410, 52.670, 51.790, 52.140, 52.240, 52.450, 51.630, 51.970, 56.647][0.561, 0.349, 0.089]
56.90715: [52.410, 52.670, 51.790, 52.140, 52.240, 52.450, 51.630, 51.970, 56.907][0.561, 0.349, 0.089]
