Loading Model: level_list/m1_100/tick_list/ATW/class/models/model.h5
history_filename: history_recent/ATW/history.json
Yesterday        : 2017-08-03: OHLCV: 7.7300, 8.3700, 7.6300, 7.8900, 9470138
UberYesterday    : 2017-08-02: OHLCV: 7.7300, 8.0000, 7.5500, 7.8000, 3645320
[u'7.7300', u'8.3700', u'7.6300', u'7.8900', u'9470138']
[u'7.7300', u'8.0000', u'7.5500', u'7.8000', u'3645320']
question_base :[7.73, 8.0, 7.55, 7.8, 7.73, 8.37, 7.63, 7.89]
7.101: [7.730, 8.000, 7.550, 7.800, 7.730, 8.370, 7.630, 7.890, 7.101][0.058, 0.122, 0.821]
7.14045: [7.730, 8.000, 7.550, 7.800, 7.730, 8.370, 7.630, 7.890, 7.140][0.058, 0.122, 0.820]
7.1799: [7.730, 8.000, 7.550, 7.800, 7.730, 8.370, 7.630, 7.890, 7.180][0.058, 0.122, 0.820]
7.21935: [7.730, 8.000, 7.550, 7.800, 7.730, 8.370, 7.630, 7.890, 7.219][0.058, 0.122, 0.820]
7.2588: [7.730, 8.000, 7.550, 7.800, 7.730, 8.370, 7.630, 7.890, 7.259][0.058, 0.122, 0.820]
7.29825: [7.730, 8.000, 7.550, 7.800, 7.730, 8.370, 7.630, 7.890, 7.298][0.058, 0.123, 0.819]
7.3377: [7.730, 8.000, 7.550, 7.800, 7.730, 8.370, 7.630, 7.890, 7.338][0.058, 0.123, 0.819]
7.37715: [7.730, 8.000, 7.550, 7.800, 7.730, 8.370, 7.630, 7.890, 7.377][0.058, 0.123, 0.819]
7.4166: [7.730, 8.000, 7.550, 7.800, 7.730, 8.370, 7.630, 7.890, 7.417][0.058, 0.123, 0.818]
7.45605: [7.730, 8.000, 7.550, 7.800, 7.730, 8.370, 7.630, 7.890, 7.456][0.059, 0.124, 0.818]
7.4955: [7.730, 8.000, 7.550, 7.800, 7.730, 8.370, 7.630, 7.890, 7.496][0.059, 0.124, 0.817]
7.53495: [7.730, 8.000, 7.550, 7.800, 7.730, 8.370, 7.630, 7.890, 7.535][0.059, 0.124, 0.817]
7.5744: [7.730, 8.000, 7.550, 7.800, 7.730, 8.370, 7.630, 7.890, 7.574][0.059, 0.125, 0.816]
7.61385: [7.730, 8.000, 7.550, 7.800, 7.730, 8.370, 7.630, 7.890, 7.614][0.059, 0.125, 0.816]
7.6533: [7.730, 8.000, 7.550, 7.800, 7.730, 8.370, 7.630, 7.890, 7.653][0.059, 0.126, 0.815]
7.69275: [7.730, 8.000, 7.550, 7.800, 7.730, 8.370, 7.630, 7.890, 7.693][0.060, 0.126, 0.814]
7.7322: [7.730, 8.000, 7.550, 7.800, 7.730, 8.370, 7.630, 7.890, 7.732][0.060, 0.127, 0.813]
7.77165: [7.730, 8.000, 7.550, 7.800, 7.730, 8.370, 7.630, 7.890, 7.772][0.060, 0.128, 0.812]
7.8111: [7.730, 8.000, 7.550, 7.800, 7.730, 8.370, 7.630, 7.890, 7.811][0.060, 0.129, 0.811]
7.85055: [7.730, 8.000, 7.550, 7.800, 7.730, 8.370, 7.630, 7.890, 7.851][0.061, 0.130, 0.810]
7.89: [7.730, 8.000, 7.550, 7.800, 7.730, 8.370, 7.630, 7.890, 7.890][0.061, 0.131, 0.808]
7.92945: [7.730, 8.000, 7.550, 7.800, 7.730, 8.370, 7.630, 7.890, 7.929][0.062, 0.132, 0.807]
7.9689: [7.730, 8.000, 7.550, 7.800, 7.730, 8.370, 7.630, 7.890, 7.969][0.062, 0.133, 0.805]
8.00835: [7.730, 8.000, 7.550, 7.800, 7.730, 8.370, 7.630, 7.890, 8.008][0.063, 0.134, 0.803]
8.0478: [7.730, 8.000, 7.550, 7.800, 7.730, 8.370, 7.630, 7.890, 8.048][0.064, 0.136, 0.800]
8.08725: [7.730, 8.000, 7.550, 7.800, 7.730, 8.370, 7.630, 7.890, 8.087][0.064, 0.138, 0.798]
8.1267: [7.730, 8.000, 7.550, 7.800, 7.730, 8.370, 7.630, 7.890, 8.127][0.065, 0.140, 0.795]
8.16615: [7.730, 8.000, 7.550, 7.800, 7.730, 8.370, 7.630, 7.890, 8.166][0.066, 0.142, 0.792]
8.2056: [7.730, 8.000, 7.550, 7.800, 7.730, 8.370, 7.630, 7.890, 8.206][0.067, 0.144, 0.788]
8.24505: [7.730, 8.000, 7.550, 7.800, 7.730, 8.370, 7.630, 7.890, 8.245][0.069, 0.147, 0.784]
8.2845: [7.730, 8.000, 7.550, 7.800, 7.730, 8.370, 7.630, 7.890, 8.285][0.070, 0.150, 0.780]
8.32395: [7.730, 8.000, 7.550, 7.800, 7.730, 8.370, 7.630, 7.890, 8.324][0.072, 0.154, 0.775]
8.3634: [7.730, 8.000, 7.550, 7.800, 7.730, 8.370, 7.630, 7.890, 8.363][0.073, 0.157, 0.769]
8.40285: [7.730, 8.000, 7.550, 7.800, 7.730, 8.370, 7.630, 7.890, 8.403][0.076, 0.162, 0.763]
8.4423: [7.730, 8.000, 7.550, 7.800, 7.730, 8.370, 7.630, 7.890, 8.442][0.078, 0.166, 0.756]
8.48175: [7.730, 8.000, 7.550, 7.800, 7.730, 8.370, 7.630, 7.890, 8.482][0.081, 0.172, 0.748]
8.5212: [7.730, 8.000, 7.550, 7.800, 7.730, 8.370, 7.630, 7.890, 8.521][0.084, 0.177, 0.739]
8.56065: [7.730, 8.000, 7.550, 7.800, 7.730, 8.370, 7.630, 7.890, 8.561][0.087, 0.183, 0.729]
8.6001: [7.730, 8.000, 7.550, 7.800, 7.730, 8.370, 7.630, 7.890, 8.600][0.091, 0.190, 0.719]
8.63955: [7.730, 8.000, 7.550, 7.800, 7.730, 8.370, 7.630, 7.890, 8.640][0.096, 0.197, 0.707]
