Loading Model: level_list/m1_100/tick_list/DXPE/class/models/model.h5
history_filename: history_recent/DXPE/history.json
UberYesterday: 2017-08-03: OHLCV: 26.8800, 28.2700, 26.8800, 27.8600, 149428
Yesterday    : 2017-07-31: OHLCV: 29.6300, 29.6300, 28.2900, 28.5900, 127091
[u'26.8800', u'28.2700', u'26.8800', u'27.8600', u'149428']
[u'29.6300', u'29.6300', u'28.2900', u'28.5900', u'127091']
question_base :[26.88, 28.27, 26.88, 27.86, 29.63, 29.63, 28.29, 28.59]
25.731: [26.880, 28.270, 26.880, 27.860, 29.630, 29.630, 28.290, 28.590, 25.731][0.080, 0.527, 0.393]
25.87395: [26.880, 28.270, 26.880, 27.860, 29.630, 29.630, 28.290, 28.590, 25.874][0.080, 0.523, 0.396]
26.0169: [26.880, 28.270, 26.880, 27.860, 29.630, 29.630, 28.290, 28.590, 26.017][0.080, 0.519, 0.400]
26.15985: [26.880, 28.270, 26.880, 27.860, 29.630, 29.630, 28.290, 28.590, 26.160][0.080, 0.515, 0.404]
26.3028: [26.880, 28.270, 26.880, 27.860, 29.630, 29.630, 28.290, 28.590, 26.303][0.081, 0.510, 0.409]
26.44575: [26.880, 28.270, 26.880, 27.860, 29.630, 29.630, 28.290, 28.590, 26.446][0.081, 0.505, 0.414]
26.5887: [26.880, 28.270, 26.880, 27.860, 29.630, 29.630, 28.290, 28.590, 26.589][0.081, 0.500, 0.419]
26.73165: [26.880, 28.270, 26.880, 27.860, 29.630, 29.630, 28.290, 28.590, 26.732][0.081, 0.494, 0.425]
26.8746: [26.880, 28.270, 26.880, 27.860, 29.630, 29.630, 28.290, 28.590, 26.875][0.081, 0.488, 0.431]
27.01755: [26.880, 28.270, 26.880, 27.860, 29.630, 29.630, 28.290, 28.590, 27.018][0.081, 0.482, 0.437]
27.1605: [26.880, 28.270, 26.880, 27.860, 29.630, 29.630, 28.290, 28.590, 27.160][0.081, 0.475, 0.444]
27.30345: [26.880, 28.270, 26.880, 27.860, 29.630, 29.630, 28.290, 28.590, 27.303][0.081, 0.468, 0.451]
27.4464: [26.880, 28.270, 26.880, 27.860, 29.630, 29.630, 28.290, 28.590, 27.446][0.081, 0.461, 0.458]
27.58935: [26.880, 28.270, 26.880, 27.860, 29.630, 29.630, 28.290, 28.590, 27.589][0.081, 0.454, 0.465]
27.7323: [26.880, 28.270, 26.880, 27.860, 29.630, 29.630, 28.290, 28.590, 27.732][0.081, 0.446, 0.473]
27.87525: [26.880, 28.270, 26.880, 27.860, 29.630, 29.630, 28.290, 28.590, 27.875][0.081, 0.438, 0.480]
28.0182: [26.880, 28.270, 26.880, 27.860, 29.630, 29.630, 28.290, 28.590, 28.018][0.081, 0.430, 0.488]
28.16115: [26.880, 28.270, 26.880, 27.860, 29.630, 29.630, 28.290, 28.590, 28.161][0.081, 0.422, 0.496]
28.3041: [26.880, 28.270, 26.880, 27.860, 29.630, 29.630, 28.290, 28.590, 28.304][0.081, 0.414, 0.505]
28.44705: [26.880, 28.270, 26.880, 27.860, 29.630, 29.630, 28.290, 28.590, 28.447][0.081, 0.406, 0.513]
28.59: [26.880, 28.270, 26.880, 27.860, 29.630, 29.630, 28.290, 28.590, 28.590][0.081, 0.398, 0.521]
28.73295: [26.880, 28.270, 26.880, 27.860, 29.630, 29.630, 28.290, 28.590, 28.733][0.081, 0.390, 0.529]
28.8759: [26.880, 28.270, 26.880, 27.860, 29.630, 29.630, 28.290, 28.590, 28.876][0.081, 0.381, 0.538]
29.01885: [26.880, 28.270, 26.880, 27.860, 29.630, 29.630, 28.290, 28.590, 29.019][0.081, 0.373, 0.546]
29.1618: [26.880, 28.270, 26.880, 27.860, 29.630, 29.630, 28.290, 28.590, 29.162][0.081, 0.365, 0.554]
29.30475: [26.880, 28.270, 26.880, 27.860, 29.630, 29.630, 28.290, 28.590, 29.305][0.081, 0.357, 0.563]
29.4477: [26.880, 28.270, 26.880, 27.860, 29.630, 29.630, 28.290, 28.590, 29.448][0.081, 0.349, 0.571]
29.59065: [26.880, 28.270, 26.880, 27.860, 29.630, 29.630, 28.290, 28.590, 29.591][0.080, 0.341, 0.579]
29.7336: [26.880, 28.270, 26.880, 27.860, 29.630, 29.630, 28.290, 28.590, 29.734][0.080, 0.333, 0.587]
29.87655: [26.880, 28.270, 26.880, 27.860, 29.630, 29.630, 28.290, 28.590, 29.877][0.080, 0.325, 0.594]
30.0195: [26.880, 28.270, 26.880, 27.860, 29.630, 29.630, 28.290, 28.590, 30.019][0.080, 0.318, 0.602]
30.16245: [26.880, 28.270, 26.880, 27.860, 29.630, 29.630, 28.290, 28.590, 30.162][0.080, 0.311, 0.609]
30.3054: [26.880, 28.270, 26.880, 27.860, 29.630, 29.630, 28.290, 28.590, 30.305][0.080, 0.304, 0.616]
30.44835: [26.880, 28.270, 26.880, 27.860, 29.630, 29.630, 28.290, 28.590, 30.448][0.080, 0.297, 0.623]
30.5913: [26.880, 28.270, 26.880, 27.860, 29.630, 29.630, 28.290, 28.590, 30.591][0.080, 0.291, 0.629]
30.73425: [26.880, 28.270, 26.880, 27.860, 29.630, 29.630, 28.290, 28.590, 30.734][0.081, 0.285, 0.635]
30.8772: [26.880, 28.270, 26.880, 27.860, 29.630, 29.630, 28.290, 28.590, 30.877][0.081, 0.279, 0.640]
31.02015: [26.880, 28.270, 26.880, 27.860, 29.630, 29.630, 28.290, 28.590, 31.020][0.081, 0.274, 0.644]
31.1631: [26.880, 28.270, 26.880, 27.860, 29.630, 29.630, 28.290, 28.590, 31.163][0.082, 0.270, 0.648]
31.30605: [26.880, 28.270, 26.880, 27.860, 29.630, 29.630, 28.290, 28.590, 31.306][0.083, 0.267, 0.651]
31.449: [26.880, 28.270, 26.880, 27.860, 29.630, 29.630, 28.290, 28.590, 31.449][0.084, 0.264, 0.652]
