Loading Model: level_list/m1_100/tick_list/XONE/class/models/model.h5
history_filename: history_recent/XONE/history.json
UberYesterday: 2017-08-03: OHLCV: 10.8000, 10.8900, 10.2100, 10.2900, 154082
Yesterday    : 2017-07-31: OHLCV: 11.3300, 11.5000, 10.8500, 11.2700, 98445
[u'10.8000', u'10.8900', u'10.2100', u'10.2900', u'154082']
[u'11.3300', u'11.5000', u'10.8500', u'11.2700', u'98445']
question_base :[10.8, 10.89, 10.21, 10.29, 11.33, 11.5, 10.85, 11.27]
10.143: [10.800, 10.890, 10.210, 10.290, 11.330, 11.500, 10.850, 11.270, 10.143][0.116, 0.174, 0.710]
10.19935: [10.800, 10.890, 10.210, 10.290, 11.330, 11.500, 10.850, 11.270, 10.199][0.116, 0.174, 0.710]
10.2557: [10.800, 10.890, 10.210, 10.290, 11.330, 11.500, 10.850, 11.270, 10.256][0.116, 0.174, 0.710]
10.31205: [10.800, 10.890, 10.210, 10.290, 11.330, 11.500, 10.850, 11.270, 10.312][0.116, 0.174, 0.710]
10.3684: [10.800, 10.890, 10.210, 10.290, 11.330, 11.500, 10.850, 11.270, 10.368][0.116, 0.174, 0.710]
10.42475: [10.800, 10.890, 10.210, 10.290, 11.330, 11.500, 10.850, 11.270, 10.425][0.116, 0.174, 0.710]
10.4811: [10.800, 10.890, 10.210, 10.290, 11.330, 11.500, 10.850, 11.270, 10.481][0.116, 0.174, 0.710]
10.53745: [10.800, 10.890, 10.210, 10.290, 11.330, 11.500, 10.850, 11.270, 10.537][0.116, 0.174, 0.710]
10.5938: [10.800, 10.890, 10.210, 10.290, 11.330, 11.500, 10.850, 11.270, 10.594][0.116, 0.174, 0.710]
10.65015: [10.800, 10.890, 10.210, 10.290, 11.330, 11.500, 10.850, 11.270, 10.650][0.116, 0.174, 0.710]
10.7065: [10.800, 10.890, 10.210, 10.290, 11.330, 11.500, 10.850, 11.270, 10.707][0.116, 0.174, 0.710]
10.76285: [10.800, 10.890, 10.210, 10.290, 11.330, 11.500, 10.850, 11.270, 10.763][0.116, 0.174, 0.710]
10.8192: [10.800, 10.890, 10.210, 10.290, 11.330, 11.500, 10.850, 11.270, 10.819][0.116, 0.174, 0.710]
10.87555: [10.800, 10.890, 10.210, 10.290, 11.330, 11.500, 10.850, 11.270, 10.876][0.116, 0.174, 0.710]
10.9319: [10.800, 10.890, 10.210, 10.290, 11.330, 11.500, 10.850, 11.270, 10.932][0.116, 0.174, 0.710]
10.98825: [10.800, 10.890, 10.210, 10.290, 11.330, 11.500, 10.850, 11.270, 10.988][0.116, 0.174, 0.710]
11.0446: [10.800, 10.890, 10.210, 10.290, 11.330, 11.500, 10.850, 11.270, 11.045][0.116, 0.174, 0.710]
11.10095: [10.800, 10.890, 10.210, 10.290, 11.330, 11.500, 10.850, 11.270, 11.101][0.116, 0.175, 0.709]
11.1573: [10.800, 10.890, 10.210, 10.290, 11.330, 11.500, 10.850, 11.270, 11.157][0.114, 0.179, 0.707]
11.21365: [10.800, 10.890, 10.210, 10.290, 11.330, 11.500, 10.850, 11.270, 11.214][0.109, 0.194, 0.697]
11.27: [10.800, 10.890, 10.210, 10.290, 11.330, 11.500, 10.850, 11.270, 11.270][0.094, 0.266, 0.640]
11.32635: [10.800, 10.890, 10.210, 10.290, 11.330, 11.500, 10.850, 11.270, 11.326][0.081, 0.452, 0.467]
11.3827: [10.800, 10.890, 10.210, 10.290, 11.330, 11.500, 10.850, 11.270, 11.383][0.104, 0.550, 0.346]
11.43905: [10.800, 10.890, 10.210, 10.290, 11.330, 11.500, 10.850, 11.270, 11.439][0.161, 0.520, 0.319]
11.4954: [10.800, 10.890, 10.210, 10.290, 11.330, 11.500, 10.850, 11.270, 11.495][0.226, 0.465, 0.310]
11.55175: [10.800, 10.890, 10.210, 10.290, 11.330, 11.500, 10.850, 11.270, 11.552][0.280, 0.418, 0.302]
11.6081: [10.800, 10.890, 10.210, 10.290, 11.330, 11.500, 10.850, 11.270, 11.608][0.321, 0.385, 0.294]
11.66445: [10.800, 10.890, 10.210, 10.290, 11.330, 11.500, 10.850, 11.270, 11.664][0.350, 0.362, 0.288]
11.7208: [10.800, 10.890, 10.210, 10.290, 11.330, 11.500, 10.850, 11.270, 11.721][0.371, 0.346, 0.283]
11.77715: [10.800, 10.890, 10.210, 10.290, 11.330, 11.500, 10.850, 11.270, 11.777][0.385, 0.335, 0.280]
11.8335: [10.800, 10.890, 10.210, 10.290, 11.330, 11.500, 10.850, 11.270, 11.834][0.395, 0.327, 0.277]
11.88985: [10.800, 10.890, 10.210, 10.290, 11.330, 11.500, 10.850, 11.270, 11.890][0.403, 0.322, 0.275]
11.9462: [10.800, 10.890, 10.210, 10.290, 11.330, 11.500, 10.850, 11.270, 11.946][0.408, 0.318, 0.274]
12.00255: [10.800, 10.890, 10.210, 10.290, 11.330, 11.500, 10.850, 11.270, 12.003][0.412, 0.315, 0.273]
12.0589: [10.800, 10.890, 10.210, 10.290, 11.330, 11.500, 10.850, 11.270, 12.059][0.415, 0.313, 0.272]
12.11525: [10.800, 10.890, 10.210, 10.290, 11.330, 11.500, 10.850, 11.270, 12.115][0.417, 0.312, 0.272]
12.1716: [10.800, 10.890, 10.210, 10.290, 11.330, 11.500, 10.850, 11.270, 12.172][0.418, 0.310, 0.271]
12.22795: [10.800, 10.890, 10.210, 10.290, 11.330, 11.500, 10.850, 11.270, 12.228][0.420, 0.310, 0.271]
12.2843: [10.800, 10.890, 10.210, 10.290, 11.330, 11.500, 10.850, 11.270, 12.284][0.421, 0.309, 0.271]
12.34065: [10.800, 10.890, 10.210, 10.290, 11.330, 11.500, 10.850, 11.270, 12.341][0.421, 0.308, 0.270]
