[[ 19.   9.   1.]
 [ 23.  21.   2.]
 [ 14.  11.   0.]]
cf_score, 25.0
nv_score, -4.0
ratio, 0.40404040404
[[ 17.   9.   2.]
 [ 26.  16.   3.]
 [ 20.   6.   1.]]
cf_score, 12.0
nv_score, -6.0
ratio, 0.343434343434
[[ 22.   9.   4.]
 [ 18.  13.   3.]
 [ 15.  13.   3.]]
cf_score, 19.0
nv_score, -8.0
ratio, 0.383838383838
[[ 27.   9.   0.]
 [ 17.  24.   1.]
 [ 15.   4.   3.]]
cf_score, 39.0
nv_score, 2.0
ratio, 0.545454545455
[[ 12.   7.   2.]
 [ 18.  23.   3.]
 [ 17.  11.   7.]]
cf_score, 23.0
nv_score, 0.0
ratio, 0.424242424242
[[ 18.  11.   4.]
 [ 14.  18.  14.]
 [ 10.   7.   4.]]
cf_score, 26.0
nv_score, -18.0
ratio, 0.40404040404
[[ 11.  13.   8.]
 [  9.  22.  10.]
 [  8.   8.  11.]]
cf_score, 28.0
nv_score, -15.0
ratio, 0.444444444444
[[ 11.  11.  11.]
 [  6.  22.   9.]
 [ 10.  12.   8.]]
cf_score, 20.0
nv_score, -23.0
ratio, 0.414141414141
[[ 16.  13.   7.]
 [  9.  16.  11.]
 [  6.  10.  12.]]
cf_score, 31.0
nv_score, -13.0
ratio, 0.444444444444
[[ 11.   9.   8.]
 [  9.  20.  12.]
 [  7.   8.  16.]]
cf_score, 32.0
nv_score, -12.0
ratio, 0.474747474747
[[ 17.  11.   9.]
 [  5.  18.  14.]
 [  5.   6.  15.]]
cf_score, 36.0
nv_score, -17.0
ratio, 0.505050505051
[[ 13.   4.   8.]
 [ 10.  25.  10.]
 [  9.   7.  14.]]
cf_score, 35.0
nv_score, -12.0
ratio, 0.525252525253
[[ 14.  14.   9.]
 [  6.  13.  11.]
 [  6.   5.  22.]]
cf_score, 34.0
nv_score, -7.0
ratio, 0.494949494949
[[  7.  11.  12.]
 [  7.  21.   8.]
 [  7.   8.  19.]]
cf_score, 28.0
nv_score, -13.0
ratio, 0.474747474747
[[ 14.   6.   7.]
 [ 10.  15.   8.]
 [  8.  15.  17.]]
cf_score, 31.0
nv_score, -5.0
ratio, 0.464646464646
[[ 18.  16.   6.]
 [  6.  15.   3.]
 [ 10.  10.  16.]]
cf_score, 33.0
nv_score, 1.0
ratio, 0.494949494949
[[ 16.  13.   8.]
 [  6.  16.   9.]
 [ 12.   9.  11.]]
cf_score, 23.0
nv_score, -14.0
ratio, 0.434343434343
[[ 15.  13.   9.]
 [  9.  13.  10.]
 [  7.   9.  15.]]
cf_score, 27.0
nv_score, -13.0
ratio, 0.434343434343
[[ 15.  18.   5.]
 [  7.  22.   8.]
 [  5.   5.  15.]]
cf_score, 42.0
nv_score, -3.0
ratio, 0.525252525253
[[ 14.   9.   9.]
 [ 11.  21.  10.]
 [  7.   9.  10.]]
cf_score, 29.0
nv_score, -18.0
ratio, 0.454545454545
[[  9.   5.   7.]
 [ 10.  22.   7.]
 [ 13.  11.  16.]]
cf_score, 27.0
nv_score, -5.0
ratio, 0.474747474747
[[ 27.  11.   4.]
 [  9.  16.  12.]
 [  7.   9.   5.]]
cf_score, 37.0
nv_score, -15.0
ratio, 0.484848484848
[[ 17.  10.   6.]
 [  9.  15.  10.]
 [ 11.   7.  15.]]
cf_score, 30.0
nv_score, -7.0
ratio, 0.474747474747
[[ 15.  10.   6.]
 [  6.  17.  15.]
 [  7.   7.  17.]]
cf_score, 36.0
nv_score, -10.0
ratio, 0.494949494949
[[ 18.  14.   4.]
 [  7.  12.  12.]
 [  7.   9.  17.]]
cf_score, 36.0
nv_score, -3.0
ratio, 0.474747474747
[[ 24.   9.   5.]
 [  4.  16.  13.]
 [  7.  12.  10.]]
cf_score, 38.0
nv_score, -13.0
ratio, 0.505050505051
[[ 21.   9.   5.]
 [ 12.  21.  14.]
 [  3.   5.  10.]]
cf_score, 44.0
nv_score, -14.0
ratio, 0.525252525253
[[ 14.  12.   6.]
 [ 12.  16.   5.]
 [  7.   7.  21.]]
cf_score, 38.0
nv_score, 4.0
ratio, 0.515151515152
[[ 17.   7.   6.]
 [  9.  22.  11.]
 [  4.   6.  18.]]
cf_score, 47.0
nv_score, -5.0
ratio, 0.575757575758
[[ 13.   9.  11.]
 [  9.  16.   9.]
 [ 13.  11.   9.]]
cf_score, 14.0
nv_score, -22.0
ratio, 0.383838383838
[[ 15.  14.   3.]
 [  8.  15.  15.]
 [  7.   8.  15.]]
cf_score, 35.0
nv_score, -6.0
ratio, 0.454545454545
[[ 18.   9.   9.]
 [  8.  21.  13.]
 [  7.   6.   9.]]
cf_score, 32.0
nv_score, -22.0
ratio, 0.484848484848
[[ 12.   6.  10.]
 [  8.  16.  17.]
 [  4.  10.  17.]]
cf_score, 31.0
nv_score, -20.0
ratio, 0.454545454545
[[ 14.   7.   9.]
 [  8.  16.  12.]
 [ 11.   6.  17.]]
cf_score, 27.0
nv_score, -13.0
ratio, 0.474747474747
[[ 21.  10.   8.]
 [  6.  19.  11.]
 [  6.   8.  11.]]
cf_score, 37.0
nv_score, -16.0
ratio, 0.515151515152
[[ 12.   9.   4.]
 [  9.  12.  10.]
 [ 12.   7.  25.]]
cf_score, 33.0
nv_score, 7.0
ratio, 0.494949494949
[[ 12.   9.   8.]
 [ 10.  18.  14.]
 [ 10.   7.  12.]]
cf_score, 24.0
nv_score, -18.0
ratio, 0.424242424242
[[ 19.   9.  10.]
 [  5.  12.  10.]
 [ 12.  11.  12.]]
cf_score, 21.0
nv_score, -18.0
ratio, 0.434343434343
[[ 13.  14.   8.]
 [  5.  23.  10.]
 [  9.   5.  13.]]
cf_score, 32.0
nv_score, -13.0
ratio, 0.494949494949
[[ 15.   5.   4.]
 [ 11.  23.  17.]
 [  6.  11.   8.]]
cf_score, 36.0
nv_score, -17.0
ratio, 0.464646464646
[[ 15.   5.  10.]
 [ 12.  23.   9.]
 [  8.   5.  13.]]
cf_score, 33.0
nv_score, -16.0
ratio, 0.515151515152
[[ 13.  17.   4.]
 [ 10.  17.   9.]
 [ 11.   5.  14.]]
cf_score, 29.0
nv_score, -3.0
ratio, 0.444444444444
[[ 17.  10.  13.]
 [  5.  15.  14.]
 [  5.   7.  14.]]
cf_score, 28.0
nv_score, -26.0
ratio, 0.464646464646
[[ 15.   8.  10.]
 [  8.  18.  13.]
 [  8.   4.  16.]]
cf_score, 31.0
nv_score, -17.0
ratio, 0.494949494949
[[ 14.   6.   7.]
 [  9.  16.  15.]
 [ 12.  10.  11.]]
cf_score, 22.0
nv_score, -18.0
ratio, 0.414141414141
[[ 16.  11.   6.]
 [  9.  17.  13.]
 [  8.   5.  15.]]
cf_score, 34.0
nv_score, -10.0
ratio, 0.484848484848
[[ 14.   6.   7.]
 [  5.  18.  19.]
 [ 11.   9.  11.]]
cf_score, 25.0
nv_score, -22.0
ratio, 0.434343434343
[[ 14.   9.  12.]
 [  7.  18.  12.]
 [  6.   9.  13.]]
cf_score, 27.0
nv_score, -23.0
ratio, 0.454545454545
[[  9.   9.   8.]
 [  4.  16.  14.]
 [  8.  13.  19.]]
cf_score, 28.0
nv_score, -11.0
ratio, 0.444444444444
[[ 15.  10.   8.]
 [  7.  21.  15.]
 [  3.   5.  16.]]
cf_score, 41.0
nv_score, -15.0
ratio, 0.525252525253
