[[  0.  22.   8.]
 [  0.  27.   6.]
 [  0.  16.  21.]]
cf_score, 40.0
nv_score, -1.0
ratio, 0.484848484848
[[  0.  24.   5.]
 [  1.  30.   3.]
 [  1.  24.  12.]]
cf_score, 36.0
nv_score, -1.0
ratio, 0.424242424242
[[  2.  20.   7.]
 [  3.  32.   3.]
 [  3.  13.  17.]]
cf_score, 41.0
nv_score, 0.0
ratio, 0.515151515152
[[  2.  19.   4.]
 [  1.  23.  10.]
 [  4.  13.  24.]]
cf_score, 41.0
nv_score, 6.0
ratio, 0.494949494949
[[  0.  27.   9.]
 [  0.  32.   7.]
 [  0.  13.  12.]]
cf_score, 35.0
nv_score, -13.0
ratio, 0.444444444444
[[  0.  26.   3.]
 [  0.  21.   6.]
 [  0.  22.  22.]]
cf_score, 40.0
nv_score, 10.0
ratio, 0.434343434343
[[  0.  19.   7.]
 [  0.  26.   9.]
 [  0.  15.  24.]]
cf_score, 43.0
nv_score, 1.0
ratio, 0.505050505051
[[  8.  15.   4.]
 [  8.  12.  13.]
 [  4.  13.  23.]]
cf_score, 35.0
nv_score, 2.0
ratio, 0.434343434343
[[ 10.  14.  11.]
 [ 12.  13.   7.]
 [  3.   8.  22.]]
cf_score, 31.0
nv_score, -7.0
ratio, 0.454545454545
[[  7.  20.  10.]
 [  9.  18.   7.]
 [  4.   9.  16.]]
cf_score, 27.0
nv_score, -11.0
ratio, 0.414141414141
[[  8.  14.  17.]
 [ 10.  10.  10.]
 [  5.  11.  15.]]
cf_score, 11.0
nv_score, -29.0
ratio, 0.333333333333
[[ 12.  14.   4.]
 [  5.  20.  11.]
 [  3.  12.  19.]]
cf_score, 44.0
nv_score, 0.0
ratio, 0.515151515152
[[  6.  12.   7.]
 [ 15.  21.   3.]
 [  5.  12.  19.]]
cf_score, 34.0
nv_score, 2.0
ratio, 0.464646464646
[[ 13.  16.   8.]
 [  5.  18.  11.]
 [  4.  11.  14.]]
cf_score, 33.0
nv_score, -13.0
ratio, 0.454545454545
[[ 11.  16.  13.]
 [  2.   9.   7.]
 [  2.  18.  22.]]
cf_score, 27.0
nv_score, -11.0
ratio, 0.424242424242
[[  8.  17.  10.]
 [ 10.  20.  12.]
 [  3.   8.  12.]]
cf_score, 27.0
nv_score, -20.0
ratio, 0.40404040404
[[  9.  12.  13.]
 [ 12.  16.   5.]
 [  9.   9.  15.]]
cf_score, 18.0
nv_score, -16.0
ratio, 0.40404040404
[[ 12.  17.   6.]
 [  9.  17.   8.]
 [  4.   7.  20.]]
cf_score, 39.0
nv_score, 0.0
ratio, 0.494949494949
[[  9.  12.   5.]
 [  7.  20.   9.]
 [  7.  15.  16.]]
cf_score, 33.0
nv_score, -3.0
ratio, 0.454545454545
[[ 11.  16.   8.]
 [ 13.  13.  12.]
 [  3.   8.  16.]]
cf_score, 29.0
nv_score, -12.0
ratio, 0.40404040404
[[  6.   8.  12.]
 [ 11.  16.  11.]
 [  1.  10.  25.]]
cf_score, 34.0
nv_score, -10.0
ratio, 0.474747474747
[[  5.  16.   9.]
 [ 15.  13.  12.]
 [  3.  15.  12.]]
cf_score, 18.0
nv_score, -18.0
ratio, 0.30303030303
[[  4.  13.  11.]
 [  9.  13.   7.]
 [  3.  11.  29.]]
cf_score, 32.0
nv_score, 0.0
ratio, 0.464646464646
[[  3.  13.   8.]
 [  8.  17.   8.]
 [  3.  12.  28.]]
cf_score, 37.0
nv_score, 4.0
ratio, 0.484848484848
[[  8.   9.  10.]
 [  8.  20.   7.]
 [  4.  14.  20.]]
cf_score, 34.0
nv_score, -7.0
ratio, 0.484848484848
[[  7.  14.  11.]
 [  7.  14.   9.]
 [  4.   3.  31.]]
cf_score, 37.0
nv_score, 0.0
ratio, 0.525252525253
[[  5.  20.   9.]
 [  6.  19.  11.]
 [  1.  12.  17.]]
cf_score, 31.0
nv_score, -12.0
ratio, 0.414141414141
[[ 12.  12.   9.]
 [  7.  12.  11.]
 [  5.  15.  17.]]
cf_score, 27.0
nv_score, -12.0
ratio, 0.414141414141
[[ 17.  14.  11.]
 [  5.  18.   7.]
 [  0.  11.  17.]]
cf_score, 41.0
nv_score, -12.0
ratio, 0.525252525253
[[ 10.  11.  16.]
 [  6.  19.  11.]
 [  2.  12.  13.]]
cf_score, 24.0
nv_score, -30.0
ratio, 0.424242424242
[[  4.  16.   6.]
 [  7.  14.  14.]
 [  1.  11.  27.]]
cf_score, 38.0
nv_score, 1.0
ratio, 0.454545454545
[[ 12.  16.   9.]
 [  3.  21.   6.]
 [  2.  14.  17.]]
cf_score, 39.0
nv_score, -7.0
ratio, 0.505050505051
[[ 12.  12.   8.]
 [ 16.  10.   3.]
 [  6.   8.  25.]]
cf_score, 33.0
nv_score, 6.0
ratio, 0.474747474747
[[  8.  12.   7.]
 [ 12.  19.  11.]
 [  4.   5.  22.]]
cf_score, 38.0
nv_score, -3.0
ratio, 0.494949494949
[[  8.  20.  13.]
 [  3.  14.   7.]
 [  1.  10.  24.]]
cf_score, 32.0
nv_score, -9.0
ratio, 0.464646464646
[[  7.  16.  11.]
 [ 10.  15.   3.]
 [  6.   9.  23.]]
cf_score, 28.0
nv_score, -2.0
ratio, 0.454545454545
[[  9.  14.   7.]
 [ 12.  13.   8.]
 [  6.   8.  23.]]
cf_score, 32.0
nv_score, 1.0
ratio, 0.454545454545
[[  4.  17.   6.]
 [  5.  20.  11.]
 [  5.  14.  18.]]
cf_score, 31.0
nv_score, -5.0
ratio, 0.424242424242
[[  6.  16.   3.]
 [  2.  14.  12.]
 [  5.  14.  28.]]
cf_score, 40.0
nv_score, 10.0
ratio, 0.484848484848
[[  6.   7.   8.]
 [ 10.  21.   5.]
 [ 10.  11.  22.]]
cf_score, 31.0
nv_score, 1.0
ratio, 0.494949494949
[[  4.  20.   4.]
 [  6.  20.   8.]
 [  5.  12.  21.]]
cf_score, 36.0
nv_score, 5.0
ratio, 0.454545454545
[[  8.  15.   7.]
 [  6.  18.  12.]
 [  2.   7.  25.]]
cf_score, 42.0
nv_score, -1.0
ratio, 0.515151515152
[[ 10.  17.  15.]
 [  9.   9.   9.]
 [  4.  11.  16.]]
cf_score, 16.0
nv_score, -23.0
ratio, 0.353535353535
[[  4.  12.  10.]
 [ 10.  13.  10.]
 [  2.  19.  20.]]
cf_score, 25.0
nv_score, -10.0
ratio, 0.373737373737
[[ 13.  14.   5.]
 [ 14.  12.   7.]
 [  3.  12.  20.]]
cf_score, 37.0
nv_score, 3.0
ratio, 0.454545454545
[[  6.  15.   8.]
 [  5.  24.   5.]
 [  4.   9.  24.]]
cf_score, 42.0
nv_score, 3.0
ratio, 0.545454545455
[[  8.  14.  15.]
 [  9.  15.   6.]
 [  2.   4.  27.]]
cf_score, 33.0
nv_score, -9.0
ratio, 0.505050505051
[[ 10.  13.  13.]
 [ 10.  14.   5.]
 [  4.   6.  25.]]
cf_score, 32.0
nv_score, -6.0
ratio, 0.494949494949
[[  7.  14.   6.]
 [  9.  16.   8.]
 [  6.   9.  25.]]
cf_score, 36.0
nv_score, 5.0
ratio, 0.484848484848
[[ 12.  11.  12.]
 [  9.  10.  10.]
 [  5.  13.  18.]]
cf_score, 23.0
nv_score, -16.0
ratio, 0.40404040404
