[[  0.   2.  31.]
 [  0.   2.  29.]
 [  0.   2.  34.]]
cf_score, 5.0
nv_score, -57.0
ratio, 0.363636363636
[[  0.  19.  12.]
 [  1.  20.  19.]
 [  1.  10.  18.]]
cf_score, 25.0
nv_score, -25.0
ratio, 0.383838383838
[[  5.  15.  13.]
 [  1.  15.  20.]
 [  0.  13.  18.]]
cf_score, 25.0
nv_score, -28.0
ratio, 0.383838383838
[[  1.  16.  15.]
 [  0.  25.  11.]
 [  4.  15.  13.]]
cf_score, 20.0
nv_score, -28.0
ratio, 0.393939393939
[[  6.  30.   4.]
 [  4.  31.   2.]
 [  4.  17.   2.]]
cf_score, 31.0
nv_score, -8.0
ratio, 0.393939393939
[[  9.  14.  12.]
 [  5.  18.   8.]
 [  2.  16.  16.]]
cf_score, 29.0
nv_score, -16.0
ratio, 0.434343434343
[[  6.  21.   4.]
 [  8.  25.   3.]
 [  3.  15.  15.]]
cf_score, 39.0
nv_score, 4.0
ratio, 0.464646464646
[[  1.  20.  10.]
 [  4.  19.  11.]
 [  0.  18.  17.]]
cf_score, 27.0
nv_score, -14.0
ratio, 0.373737373737
[[  3.  18.  14.]
 [  6.  16.  10.]
 [  2.  13.  18.]]
cf_score, 21.0
nv_score, -20.0
ratio, 0.373737373737
[[  6.  17.   8.]
 [  2.  19.   8.]
 [  9.  22.   9.]]
cf_score, 17.0
nv_score, -15.0
ratio, 0.343434343434
[[  5.   9.  27.]
 [  3.  10.  21.]
 [  4.   8.  13.]]
cf_score, -3.0
nv_score, -62.0
ratio, 0.282828282828
[[ 11.  22.   4.]
 [  7.  27.   2.]
 [  4.  17.   6.]]
cf_score, 36.0
nv_score, -4.0
ratio, 0.444444444444
[[ 12.  17.   3.]
 [  5.  30.   2.]
 [  6.  18.   7.]]
cf_score, 40.0
nv_score, -1.0
ratio, 0.494949494949
[[  8.  10.  13.]
 [  7.  12.  14.]
 [  7.  14.  15.]]
cf_score, 15.0
nv_score, -25.0
ratio, 0.353535353535
[[ 17.  18.   8.]
 [ 11.  17.   5.]
 [  5.   9.  10.]]
cf_score, 31.0
nv_score, -11.0
ratio, 0.444444444444
[[ 14.  11.  13.]
 [ 12.  19.   4.]
 [ 13.  11.   3.]]
cf_score, 10.0
nv_score, -27.0
ratio, 0.363636363636
[[ 12.  13.  12.]
 [  6.  20.   8.]
 [  9.   8.  12.]]
cf_score, 23.0
nv_score, -20.0
ratio, 0.444444444444
[[ 19.  12.  10.]
 [ 12.  15.   5.]
 [  8.  15.   4.]]
cf_score, 20.0
nv_score, -21.0
ratio, 0.383838383838
[[ 10.  10.   8.]
 [ 11.  22.   9.]
 [ 13.   7.  10.]]
cf_score, 21.0
nv_score, -15.0
ratio, 0.424242424242
[[ 13.  13.   8.]
 [ 13.  13.   9.]
 [ 13.  13.   5.]]
cf_score, 10.0
nv_score, -20.0
ratio, 0.313131313131
[[ 15.  10.   8.]
 [ 16.  10.  10.]
 [ 11.   8.  12.]]
cf_score, 18.0
nv_score, -14.0
ratio, 0.373737373737
[[ 18.  19.   7.]
 [ 14.  11.   6.]
 [  7.   8.  10.]]
cf_score, 25.0
nv_score, -10.0
ratio, 0.393939393939
[[ 15.  12.   4.]
 [ 20.  12.   6.]
 [  9.  11.  11.]]
cf_score, 25.0
nv_score, -3.0
ratio, 0.383838383838
[[ 22.  15.   4.]
 [ 16.  10.   6.]
 [ 11.   7.   9.]]
cf_score, 26.0
nv_score, -5.0
ratio, 0.414141414141
[[ 11.   9.   4.]
 [ 14.  17.   7.]
 [ 10.   8.  20.]]
cf_score, 34.0
nv_score, 5.0
ratio, 0.484848484848
[[  6.  10.  11.]
 [  9.  19.  10.]
 [  9.   9.  17.]]
cf_score, 22.0
nv_score, -15.0
ratio, 0.424242424242
[[ 11.   8.  17.]
 [ 13.  10.  13.]
 [  5.  10.  13.]]
cf_score, 12.0
nv_score, -34.0
ratio, 0.343434343434
[[  9.   5.  11.]
 [  7.  14.  16.]
 [ 12.  12.  14.]]
cf_score, 14.0
nv_score, -24.0
ratio, 0.373737373737
[[ 20.   5.   8.]
 [ 13.  15.  10.]
 [  7.  10.  12.]]
cf_score, 32.0
nv_score, -14.0
ratio, 0.474747474747
[[  5.  13.  15.]
 [  9.  12.  10.]
 [  9.   7.  20.]]
cf_score, 13.0
nv_score, -20.0
ratio, 0.373737373737
[[ 15.  14.   8.]
 [ 14.  10.   2.]
 [ 12.  11.  14.]]
cf_score, 19.0
nv_score, -4.0
ratio, 0.393939393939
[[  8.  11.  14.]
 [  6.  17.  12.]
 [ 10.   8.  14.]]
cf_score, 15.0
nv_score, -26.0
ratio, 0.393939393939
[[ 25.  12.   1.]
 [ 20.   9.   1.]
 [ 11.   8.  13.]]
cf_score, 35.0
nv_score, 10.0
ratio, 0.474747474747
[[ 10.  11.   9.]
 [ 15.   9.  14.]
 [  8.   7.  17.]]
cf_score, 19.0
nv_score, -15.0
ratio, 0.363636363636
[[ 18.  13.   7.]
 [ 16.  18.   8.]
 [  5.   9.   6.]]
cf_score, 30.0
nv_score, -16.0
ratio, 0.424242424242
[[ 15.  10.   6.]
 [  9.  18.  11.]
 [  6.  11.  14.]]
cf_score, 35.0
nv_score, -9.0
ratio, 0.474747474747
[[ 13.  13.   8.]
 [ 12.  14.   6.]
 [ 13.   6.  15.]]
cf_score, 21.0
nv_score, -7.0
ratio, 0.424242424242
[[ 15.   9.   9.]
 [ 15.  14.   5.]
 [ 12.  12.   9.]]
cf_score, 17.0
nv_score, -14.0
ratio, 0.383838383838
[[ 18.   9.   8.]
 [ 13.  12.   9.]
 [  9.   7.  15.]]
cf_score, 28.0
nv_score, -10.0
ratio, 0.454545454545
[[ 22.   5.   9.]
 [ 20.   8.   5.]
 [ 12.   8.  11.]]
cf_score, 20.0
nv_score, -12.0
ratio, 0.414141414141
[[ 14.  15.  12.]
 [ 14.  10.   7.]
 [  9.  11.   8.]]
cf_score, 11.0
nv_score, -23.0
ratio, 0.323232323232
[[  8.  14.   8.]
 [  8.   9.   9.]
 [ 16.  12.  16.]]
cf_score, 9.0
nv_score, -9.0
ratio, 0.333333333333
[[ 16.   7.  12.]
 [ 11.  13.   9.]
 [  8.  11.  13.]]
cf_score, 22.0
nv_score, -20.0
ratio, 0.424242424242
[[ 15.  11.   8.]
 [ 16.  15.   3.]
 [ 10.  10.  12.]]
cf_score, 24.0
nv_score, -7.0
ratio, 0.424242424242
[[ 13.  14.   7.]
 [ 17.  14.   1.]
 [ 12.  12.  10.]]
cf_score, 18.0
nv_score, -5.0
ratio, 0.373737373737
[[ 13.  13.   3.]
 [ 16.  20.   8.]
 [  7.  12.   8.]]
cf_score, 31.0
nv_score, -6.0
ratio, 0.414141414141
[[ 15.  12.  13.]
 [  8.  17.   5.]
 [  4.  13.  13.]]
cf_score, 28.0
nv_score, -18.0
ratio, 0.454545454545
[[  9.  13.  11.]
 [ 12.  10.   8.]
 [  9.  11.  17.]]
cf_score, 16.0
nv_score, -13.0
ratio, 0.363636363636
[[ 15.   9.  15.]
 [  9.   9.  10.]
 [ 11.   4.  18.]]
cf_score, 16.0
nv_score, -22.0
ratio, 0.424242424242
[[ 20.   7.   4.]
 [ 24.   9.   7.]
 [ 13.   7.   9.]]
cf_score, 21.0
nv_score, -6.0
ratio, 0.383838383838
