Loading Model: level_list/m1_100/tick_list/AGM/class/models/model.h5
history_filename: history_recent/AGM/history.json
Yesterday        : 2017-09-05: OHLCV: 67.0600, 67.1000, 64.9300, 65.2400, 66550
UberYesterday    : 2017-09-01: OHLCV: 68.2000, 68.3900, 66.8100, 67.3100, 33587
[u'67.0600', u'67.1000', u'64.9300', u'65.2400', u'66550']
[u'68.2000', u'68.3900', u'66.8100', u'67.3100', u'33587']
question_base :[68.2, 68.39, 66.81, 67.31, 67.06, 67.1, 64.93, 65.24]
58.716: [68.200, 68.390, 66.810, 67.310, 67.060, 67.100, 64.930, 65.240, 58.716][0.194, 0.197, 0.609]
59.0422: [68.200, 68.390, 66.810, 67.310, 67.060, 67.100, 64.930, 65.240, 59.042][0.194, 0.197, 0.609]
59.3684: [68.200, 68.390, 66.810, 67.310, 67.060, 67.100, 64.930, 65.240, 59.368][0.194, 0.197, 0.609]
59.6946: [68.200, 68.390, 66.810, 67.310, 67.060, 67.100, 64.930, 65.240, 59.695][0.194, 0.197, 0.609]
60.0208: [68.200, 68.390, 66.810, 67.310, 67.060, 67.100, 64.930, 65.240, 60.021][0.194, 0.197, 0.609]
60.347: [68.200, 68.390, 66.810, 67.310, 67.060, 67.100, 64.930, 65.240, 60.347][0.194, 0.197, 0.609]
60.6732: [68.200, 68.390, 66.810, 67.310, 67.060, 67.100, 64.930, 65.240, 60.673][0.194, 0.197, 0.609]
60.9994: [68.200, 68.390, 66.810, 67.310, 67.060, 67.100, 64.930, 65.240, 60.999][0.194, 0.197, 0.609]
61.3256: [68.200, 68.390, 66.810, 67.310, 67.060, 67.100, 64.930, 65.240, 61.326][0.194, 0.197, 0.609]
61.6518: [68.200, 68.390, 66.810, 67.310, 67.060, 67.100, 64.930, 65.240, 61.652][0.194, 0.197, 0.609]
61.978: [68.200, 68.390, 66.810, 67.310, 67.060, 67.100, 64.930, 65.240, 61.978][0.194, 0.198, 0.609]
62.3042: [68.200, 68.390, 66.810, 67.310, 67.060, 67.100, 64.930, 65.240, 62.304][0.194, 0.198, 0.609]
62.6304: [68.200, 68.390, 66.810, 67.310, 67.060, 67.100, 64.930, 65.240, 62.630][0.194, 0.198, 0.608]
62.9566: [68.200, 68.390, 66.810, 67.310, 67.060, 67.100, 64.930, 65.240, 62.957][0.194, 0.198, 0.608]
63.2828: [68.200, 68.390, 66.810, 67.310, 67.060, 67.100, 64.930, 65.240, 63.283][0.194, 0.199, 0.607]
63.609: [68.200, 68.390, 66.810, 67.310, 67.060, 67.100, 64.930, 65.240, 63.609][0.194, 0.201, 0.605]
63.9352: [68.200, 68.390, 66.810, 67.310, 67.060, 67.100, 64.930, 65.240, 63.935][0.196, 0.209, 0.596]
64.2614: [68.200, 68.390, 66.810, 67.310, 67.060, 67.100, 64.930, 65.240, 64.261][0.204, 0.290, 0.506]
64.5876: [68.200, 68.390, 66.810, 67.310, 67.060, 67.100, 64.930, 65.240, 64.588][0.445, 0.323, 0.232]
64.9138: [68.200, 68.390, 66.810, 67.310, 67.060, 67.100, 64.930, 65.240, 64.914][0.346, 0.399, 0.255]
65.24: [68.200, 68.390, 66.810, 67.310, 67.060, 67.100, 64.930, 65.240, 65.240][0.345, 0.400, 0.255]
65.5662: [68.200, 68.390, 66.810, 67.310, 67.060, 67.100, 64.930, 65.240, 65.566][0.363, 0.392, 0.245]
65.8924: [68.200, 68.390, 66.810, 67.310, 67.060, 67.100, 64.930, 65.240, 65.892][0.398, 0.374, 0.228]
66.2186: [68.200, 68.390, 66.810, 67.310, 67.060, 67.100, 64.930, 65.240, 66.219][0.455, 0.341, 0.205]
66.5448: [68.200, 68.390, 66.810, 67.310, 67.060, 67.100, 64.930, 65.240, 66.545][0.528, 0.294, 0.177]
66.871: [68.200, 68.390, 66.810, 67.310, 67.060, 67.100, 64.930, 65.240, 66.871][0.606, 0.245, 0.150]
67.1972: [68.200, 68.390, 66.810, 67.310, 67.060, 67.100, 64.930, 65.240, 67.197][0.671, 0.203, 0.126]
67.5234: [68.200, 68.390, 66.810, 67.310, 67.060, 67.100, 64.930, 65.240, 67.523][0.720, 0.172, 0.108]
67.8496: [68.200, 68.390, 66.810, 67.310, 67.060, 67.100, 64.930, 65.240, 67.850][0.753, 0.151, 0.096]
68.1758: [68.200, 68.390, 66.810, 67.310, 67.060, 67.100, 64.930, 65.240, 68.176][0.774, 0.137, 0.088]
68.502: [68.200, 68.390, 66.810, 67.310, 67.060, 67.100, 64.930, 65.240, 68.502][0.788, 0.129, 0.083]
68.8282: [68.200, 68.390, 66.810, 67.310, 67.060, 67.100, 64.930, 65.240, 68.828][0.797, 0.123, 0.080]
69.1544: [68.200, 68.390, 66.810, 67.310, 67.060, 67.100, 64.930, 65.240, 69.154][0.803, 0.119, 0.078]
69.4806: [68.200, 68.390, 66.810, 67.310, 67.060, 67.100, 64.930, 65.240, 69.481][0.807, 0.117, 0.076]
69.8068: [68.200, 68.390, 66.810, 67.310, 67.060, 67.100, 64.930, 65.240, 69.807][0.809, 0.115, 0.075]
70.133: [68.200, 68.390, 66.810, 67.310, 67.060, 67.100, 64.930, 65.240, 70.133][0.811, 0.114, 0.075]
70.4592: [68.200, 68.390, 66.810, 67.310, 67.060, 67.100, 64.930, 65.240, 70.459][0.812, 0.114, 0.074]
70.7854: [68.200, 68.390, 66.810, 67.310, 67.060, 67.100, 64.930, 65.240, 70.785][0.813, 0.113, 0.074]
71.1116: [68.200, 68.390, 66.810, 67.310, 67.060, 67.100, 64.930, 65.240, 71.112][0.813, 0.113, 0.074]
71.4378: [68.200, 68.390, 66.810, 67.310, 67.060, 67.100, 64.930, 65.240, 71.438][0.813, 0.113, 0.074]
