Loading Model: level_list/m1_100/tick_list/APOG/class/models/model.h5
history_filename: history_recent/APOG/history.json
Yesterday        : 2017-09-05: OHLCV: 43.1900, 43.6000, 43.1900, 43.3500, 161227
UberYesterday    : 2017-09-01: OHLCV: 43.7000, 43.7900, 43.3400, 43.3700, 138085
[u'43.1900', u'43.6000', u'43.1900', u'43.3500', u'161227']
[u'43.7000', u'43.7900', u'43.3400', u'43.3700', u'138085']
question_base :[43.7, 43.79, 43.34, 43.37, 43.19, 43.6, 43.19, 43.35]
39.015: [43.700, 43.790, 43.340, 43.370, 43.190, 43.600, 43.190, 43.350, 39.015][0.011, 0.006, 0.982]
39.23175: [43.700, 43.790, 43.340, 43.370, 43.190, 43.600, 43.190, 43.350, 39.232][0.011, 0.006, 0.982]
39.4485: [43.700, 43.790, 43.340, 43.370, 43.190, 43.600, 43.190, 43.350, 39.448][0.012, 0.007, 0.982]
39.66525: [43.700, 43.790, 43.340, 43.370, 43.190, 43.600, 43.190, 43.350, 39.665][0.012, 0.007, 0.981]
39.882: [43.700, 43.790, 43.340, 43.370, 43.190, 43.600, 43.190, 43.350, 39.882][0.012, 0.007, 0.981]
40.09875: [43.700, 43.790, 43.340, 43.370, 43.190, 43.600, 43.190, 43.350, 40.099][0.013, 0.008, 0.980]
40.3155: [43.700, 43.790, 43.340, 43.370, 43.190, 43.600, 43.190, 43.350, 40.315][0.014, 0.008, 0.978]
40.53225: [43.700, 43.790, 43.340, 43.370, 43.190, 43.600, 43.190, 43.350, 40.532][0.016, 0.010, 0.974]
40.749: [43.700, 43.790, 43.340, 43.370, 43.190, 43.600, 43.190, 43.350, 40.749][0.019, 0.013, 0.967]
40.96575: [43.700, 43.790, 43.340, 43.370, 43.190, 43.600, 43.190, 43.350, 40.966][0.028, 0.022, 0.950]
41.1825: [43.700, 43.790, 43.340, 43.370, 43.190, 43.600, 43.190, 43.350, 41.182][0.052, 0.053, 0.895]
41.39925: [43.700, 43.790, 43.340, 43.370, 43.190, 43.600, 43.190, 43.350, 41.399][0.121, 0.181, 0.697]
41.616: [43.700, 43.790, 43.340, 43.370, 43.190, 43.600, 43.190, 43.350, 41.616][0.215, 0.424, 0.361]
41.83275: [43.700, 43.790, 43.340, 43.370, 43.190, 43.600, 43.190, 43.350, 41.833][0.349, 0.469, 0.182]
42.0495: [43.700, 43.790, 43.340, 43.370, 43.190, 43.600, 43.190, 43.350, 42.049][0.493, 0.394, 0.113]
42.26625: [43.700, 43.790, 43.340, 43.370, 43.190, 43.600, 43.190, 43.350, 42.266][0.542, 0.362, 0.096]
42.483: [43.700, 43.790, 43.340, 43.370, 43.190, 43.600, 43.190, 43.350, 42.483][0.555, 0.354, 0.092]
42.69975: [43.700, 43.790, 43.340, 43.370, 43.190, 43.600, 43.190, 43.350, 42.700][0.558, 0.351, 0.090]
42.9165: [43.700, 43.790, 43.340, 43.370, 43.190, 43.600, 43.190, 43.350, 42.916][0.560, 0.350, 0.090]
43.13325: [43.700, 43.790, 43.340, 43.370, 43.190, 43.600, 43.190, 43.350, 43.133][0.560, 0.350, 0.090]
43.35: [43.700, 43.790, 43.340, 43.370, 43.190, 43.600, 43.190, 43.350, 43.350][0.561, 0.350, 0.090]
43.56675: [43.700, 43.790, 43.340, 43.370, 43.190, 43.600, 43.190, 43.350, 43.567][0.561, 0.350, 0.090]
43.7835: [43.700, 43.790, 43.340, 43.370, 43.190, 43.600, 43.190, 43.350, 43.783][0.561, 0.349, 0.089]
44.00025: [43.700, 43.790, 43.340, 43.370, 43.190, 43.600, 43.190, 43.350, 44.000][0.561, 0.349, 0.089]
44.217: [43.700, 43.790, 43.340, 43.370, 43.190, 43.600, 43.190, 43.350, 44.217][0.561, 0.349, 0.089]
44.43375: [43.700, 43.790, 43.340, 43.370, 43.190, 43.600, 43.190, 43.350, 44.434][0.561, 0.349, 0.089]
44.6505: [43.700, 43.790, 43.340, 43.370, 43.190, 43.600, 43.190, 43.350, 44.650][0.561, 0.349, 0.089]
44.86725: [43.700, 43.790, 43.340, 43.370, 43.190, 43.600, 43.190, 43.350, 44.867][0.561, 0.349, 0.089]
45.084: [43.700, 43.790, 43.340, 43.370, 43.190, 43.600, 43.190, 43.350, 45.084][0.561, 0.349, 0.089]
45.30075: [43.700, 43.790, 43.340, 43.370, 43.190, 43.600, 43.190, 43.350, 45.301][0.561, 0.349, 0.089]
45.5175: [43.700, 43.790, 43.340, 43.370, 43.190, 43.600, 43.190, 43.350, 45.517][0.561, 0.349, 0.089]
45.73425: [43.700, 43.790, 43.340, 43.370, 43.190, 43.600, 43.190, 43.350, 45.734][0.561, 0.349, 0.089]
45.951: [43.700, 43.790, 43.340, 43.370, 43.190, 43.600, 43.190, 43.350, 45.951][0.561, 0.349, 0.089]
46.16775: [43.700, 43.790, 43.340, 43.370, 43.190, 43.600, 43.190, 43.350, 46.168][0.561, 0.349, 0.089]
46.3845: [43.700, 43.790, 43.340, 43.370, 43.190, 43.600, 43.190, 43.350, 46.384][0.561, 0.349, 0.089]
46.60125: [43.700, 43.790, 43.340, 43.370, 43.190, 43.600, 43.190, 43.350, 46.601][0.561, 0.349, 0.089]
46.818: [43.700, 43.790, 43.340, 43.370, 43.190, 43.600, 43.190, 43.350, 46.818][0.561, 0.349, 0.089]
47.03475: [43.700, 43.790, 43.340, 43.370, 43.190, 43.600, 43.190, 43.350, 47.035][0.561, 0.349, 0.089]
47.2515: [43.700, 43.790, 43.340, 43.370, 43.190, 43.600, 43.190, 43.350, 47.251][0.561, 0.349, 0.089]
47.46825: [43.700, 43.790, 43.340, 43.370, 43.190, 43.600, 43.190, 43.350, 47.468][0.561, 0.349, 0.089]
47.685: [43.700, 43.790, 43.340, 43.370, 43.190, 43.600, 43.190, 43.350, 47.685][0.561, 0.349, 0.089]
