Loading Model: level_list/m1_100/tick_list/ATW/class/models/model.h5
history_filename: history_recent/ATW/history.json
Yesterday        : 2017-09-05: OHLCV: 7.1200, 7.2300, 6.9401, 7.0400, 3363340
UberYesterday    : 2017-09-01: OHLCV: 6.6100, 7.0700, 6.5600, 7.0500, 3326458
[u'7.1200', u'7.2300', u'6.9401', u'7.0400', u'3363340']
[u'6.6100', u'7.0700', u'6.5600', u'7.0500', u'3326458']
question_base :[6.61, 7.07, 6.56, 7.05, 7.12, 7.23, 6.9401, 7.04]
6.336: [6.610, 7.070, 6.560, 7.050, 7.120, 7.230, 6.940, 7.040, 6.336][0.057, 0.121, 0.821]
6.3712: [6.610, 7.070, 6.560, 7.050, 7.120, 7.230, 6.940, 7.040, 6.371][0.057, 0.121, 0.821]
6.4064: [6.610, 7.070, 6.560, 7.050, 7.120, 7.230, 6.940, 7.040, 6.406][0.057, 0.121, 0.821]
6.4416: [6.610, 7.070, 6.560, 7.050, 7.120, 7.230, 6.940, 7.040, 6.442][0.057, 0.121, 0.821]
6.4768: [6.610, 7.070, 6.560, 7.050, 7.120, 7.230, 6.940, 7.040, 6.477][0.057, 0.121, 0.821]
6.512: [6.610, 7.070, 6.560, 7.050, 7.120, 7.230, 6.940, 7.040, 6.512][0.057, 0.121, 0.822]
6.5472: [6.610, 7.070, 6.560, 7.050, 7.120, 7.230, 6.940, 7.040, 6.547][0.057, 0.121, 0.822]
6.5824: [6.610, 7.070, 6.560, 7.050, 7.120, 7.230, 6.940, 7.040, 6.582][0.057, 0.121, 0.822]
6.6176: [6.610, 7.070, 6.560, 7.050, 7.120, 7.230, 6.940, 7.040, 6.618][0.057, 0.121, 0.822]
6.6528: [6.610, 7.070, 6.560, 7.050, 7.120, 7.230, 6.940, 7.040, 6.653][0.057, 0.121, 0.822]
6.688: [6.610, 7.070, 6.560, 7.050, 7.120, 7.230, 6.940, 7.040, 6.688][0.057, 0.121, 0.822]
6.7232: [6.610, 7.070, 6.560, 7.050, 7.120, 7.230, 6.940, 7.040, 6.723][0.057, 0.121, 0.822]
6.7584: [6.610, 7.070, 6.560, 7.050, 7.120, 7.230, 6.940, 7.040, 6.758][0.057, 0.121, 0.822]
6.7936: [6.610, 7.070, 6.560, 7.050, 7.120, 7.230, 6.940, 7.040, 6.794][0.057, 0.121, 0.822]
6.8288: [6.610, 7.070, 6.560, 7.050, 7.120, 7.230, 6.940, 7.040, 6.829][0.057, 0.121, 0.822]
6.864: [6.610, 7.070, 6.560, 7.050, 7.120, 7.230, 6.940, 7.040, 6.864][0.057, 0.121, 0.822]
6.8992: [6.610, 7.070, 6.560, 7.050, 7.120, 7.230, 6.940, 7.040, 6.899][0.057, 0.121, 0.822]
6.9344: [6.610, 7.070, 6.560, 7.050, 7.120, 7.230, 6.940, 7.040, 6.934][0.057, 0.121, 0.821]
6.9696: [6.610, 7.070, 6.560, 7.050, 7.120, 7.230, 6.940, 7.040, 6.970][0.057, 0.121, 0.821]
7.0048: [6.610, 7.070, 6.560, 7.050, 7.120, 7.230, 6.940, 7.040, 7.005][0.057, 0.121, 0.821]
7.04: [6.610, 7.070, 6.560, 7.050, 7.120, 7.230, 6.940, 7.040, 7.040][0.058, 0.121, 0.821]
7.0752: [6.610, 7.070, 6.560, 7.050, 7.120, 7.230, 6.940, 7.040, 7.075][0.058, 0.121, 0.821]
7.1104: [6.610, 7.070, 6.560, 7.050, 7.120, 7.230, 6.940, 7.040, 7.110][0.058, 0.122, 0.821]
7.1456: [6.610, 7.070, 6.560, 7.050, 7.120, 7.230, 6.940, 7.040, 7.146][0.058, 0.122, 0.821]
7.1808: [6.610, 7.070, 6.560, 7.050, 7.120, 7.230, 6.940, 7.040, 7.181][0.058, 0.122, 0.820]
7.216: [6.610, 7.070, 6.560, 7.050, 7.120, 7.230, 6.940, 7.040, 7.216][0.058, 0.122, 0.820]
7.2512: [6.610, 7.070, 6.560, 7.050, 7.120, 7.230, 6.940, 7.040, 7.251][0.058, 0.122, 0.820]
7.2864: [6.610, 7.070, 6.560, 7.050, 7.120, 7.230, 6.940, 7.040, 7.286][0.058, 0.123, 0.820]
7.3216: [6.610, 7.070, 6.560, 7.050, 7.120, 7.230, 6.940, 7.040, 7.322][0.058, 0.123, 0.819]
7.3568: [6.610, 7.070, 6.560, 7.050, 7.120, 7.230, 6.940, 7.040, 7.357][0.058, 0.123, 0.819]
7.392: [6.610, 7.070, 6.560, 7.050, 7.120, 7.230, 6.940, 7.040, 7.392][0.058, 0.123, 0.818]
7.4272: [6.610, 7.070, 6.560, 7.050, 7.120, 7.230, 6.940, 7.040, 7.427][0.058, 0.124, 0.818]
7.4624: [6.610, 7.070, 6.560, 7.050, 7.120, 7.230, 6.940, 7.040, 7.462][0.059, 0.124, 0.817]
7.4976: [6.610, 7.070, 6.560, 7.050, 7.120, 7.230, 6.940, 7.040, 7.498][0.059, 0.125, 0.816]
7.5328: [6.610, 7.070, 6.560, 7.050, 7.120, 7.230, 6.940, 7.040, 7.533][0.059, 0.126, 0.815]
7.568: [6.610, 7.070, 6.560, 7.050, 7.120, 7.230, 6.940, 7.040, 7.568][0.059, 0.126, 0.814]
7.6032: [6.610, 7.070, 6.560, 7.050, 7.120, 7.230, 6.940, 7.040, 7.603][0.060, 0.127, 0.813]
7.6384: [6.610, 7.070, 6.560, 7.050, 7.120, 7.230, 6.940, 7.040, 7.638][0.060, 0.128, 0.812]
7.6736: [6.610, 7.070, 6.560, 7.050, 7.120, 7.230, 6.940, 7.040, 7.674][0.060, 0.129, 0.810]
7.7088: [6.610, 7.070, 6.560, 7.050, 7.120, 7.230, 6.940, 7.040, 7.709][0.061, 0.130, 0.809]
7.744: [6.610, 7.070, 6.560, 7.050, 7.120, 7.230, 6.940, 7.040, 7.744][0.062, 0.132, 0.807]
