Loading Model: level_list/m1_100/tick_list/DXPE/class/models/model.h5
history_filename: history_recent/DXPE/history.json
Yesterday        : 2017-09-05: OHLCV: 26.7800, 27.2800, 26.5100, 26.8200, 93269
UberYesterday    : 2017-09-01: OHLCV: 27.0800, 27.0800, 26.4700, 26.7500, 114594
[u'26.7800', u'27.2800', u'26.5100', u'26.8200', u'93269']
[u'27.0800', u'27.0800', u'26.4700', u'26.7500', u'114594']
question_base :[27.08, 27.08, 26.47, 26.75, 26.78, 27.28, 26.51, 26.82]
24.138: [27.080, 27.080, 26.470, 26.750, 26.780, 27.280, 26.510, 26.820, 24.138][0.075, 0.654, 0.272]
24.2721: [27.080, 27.080, 26.470, 26.750, 26.780, 27.280, 26.510, 26.820, 24.272][0.075, 0.653, 0.272]
24.4062: [27.080, 27.080, 26.470, 26.750, 26.780, 27.280, 26.510, 26.820, 24.406][0.075, 0.652, 0.273]
24.5403: [27.080, 27.080, 26.470, 26.750, 26.780, 27.280, 26.510, 26.820, 24.540][0.075, 0.650, 0.275]
24.6744: [27.080, 27.080, 26.470, 26.750, 26.780, 27.280, 26.510, 26.820, 24.674][0.075, 0.649, 0.276]
24.8085: [27.080, 27.080, 26.470, 26.750, 26.780, 27.280, 26.510, 26.820, 24.809][0.075, 0.647, 0.277]
24.9426: [27.080, 27.080, 26.470, 26.750, 26.780, 27.280, 26.510, 26.820, 24.943][0.075, 0.646, 0.279]
25.0767: [27.080, 27.080, 26.470, 26.750, 26.780, 27.280, 26.510, 26.820, 25.077][0.075, 0.644, 0.281]
25.2108: [27.080, 27.080, 26.470, 26.750, 26.780, 27.280, 26.510, 26.820, 25.211][0.076, 0.642, 0.283]
25.3449: [27.080, 27.080, 26.470, 26.750, 26.780, 27.280, 26.510, 26.820, 25.345][0.076, 0.640, 0.285]
25.479: [27.080, 27.080, 26.470, 26.750, 26.780, 27.280, 26.510, 26.820, 25.479][0.076, 0.637, 0.287]
25.6131: [27.080, 27.080, 26.470, 26.750, 26.780, 27.280, 26.510, 26.820, 25.613][0.076, 0.635, 0.289]
25.7472: [27.080, 27.080, 26.470, 26.750, 26.780, 27.280, 26.510, 26.820, 25.747][0.076, 0.632, 0.291]
25.8813: [27.080, 27.080, 26.470, 26.750, 26.780, 27.280, 26.510, 26.820, 25.881][0.077, 0.630, 0.294]
26.0154: [27.080, 27.080, 26.470, 26.750, 26.780, 27.280, 26.510, 26.820, 26.015][0.077, 0.627, 0.296]
26.1495: [27.080, 27.080, 26.470, 26.750, 26.780, 27.280, 26.510, 26.820, 26.150][0.077, 0.624, 0.299]
26.2836: [27.080, 27.080, 26.470, 26.750, 26.780, 27.280, 26.510, 26.820, 26.284][0.077, 0.621, 0.302]
26.4177: [27.080, 27.080, 26.470, 26.750, 26.780, 27.280, 26.510, 26.820, 26.418][0.077, 0.618, 0.305]
26.5518: [27.080, 27.080, 26.470, 26.750, 26.780, 27.280, 26.510, 26.820, 26.552][0.078, 0.615, 0.308]
26.6859: [27.080, 27.080, 26.470, 26.750, 26.780, 27.280, 26.510, 26.820, 26.686][0.078, 0.611, 0.311]
26.82: [27.080, 27.080, 26.470, 26.750, 26.780, 27.280, 26.510, 26.820, 26.820][0.078, 0.608, 0.314]
26.9541: [27.080, 27.080, 26.470, 26.750, 26.780, 27.280, 26.510, 26.820, 26.954][0.079, 0.604, 0.317]
27.0882: [27.080, 27.080, 26.470, 26.750, 26.780, 27.280, 26.510, 26.820, 27.088][0.079, 0.601, 0.320]
27.2223: [27.080, 27.080, 26.470, 26.750, 26.780, 27.280, 26.510, 26.820, 27.222][0.079, 0.597, 0.324]
27.3564: [27.080, 27.080, 26.470, 26.750, 26.780, 27.280, 26.510, 26.820, 27.356][0.079, 0.593, 0.327]
27.4905: [27.080, 27.080, 26.470, 26.750, 26.780, 27.280, 26.510, 26.820, 27.491][0.080, 0.589, 0.331]
27.6246: [27.080, 27.080, 26.470, 26.750, 26.780, 27.280, 26.510, 26.820, 27.625][0.080, 0.586, 0.334]
27.7587: [27.080, 27.080, 26.470, 26.750, 26.780, 27.280, 26.510, 26.820, 27.759][0.080, 0.582, 0.338]
27.8928: [27.080, 27.080, 26.470, 26.750, 26.780, 27.280, 26.510, 26.820, 27.893][0.081, 0.578, 0.341]
28.0269: [27.080, 27.080, 26.470, 26.750, 26.780, 27.280, 26.510, 26.820, 28.027][0.081, 0.574, 0.345]
28.161: [27.080, 27.080, 26.470, 26.750, 26.780, 27.280, 26.510, 26.820, 28.161][0.082, 0.570, 0.348]
28.2951: [27.080, 27.080, 26.470, 26.750, 26.780, 27.280, 26.510, 26.820, 28.295][0.082, 0.566, 0.352]
28.4292: [27.080, 27.080, 26.470, 26.750, 26.780, 27.280, 26.510, 26.820, 28.429][0.082, 0.563, 0.355]
28.5633: [27.080, 27.080, 26.470, 26.750, 26.780, 27.280, 26.510, 26.820, 28.563][0.083, 0.559, 0.358]
28.6974: [27.080, 27.080, 26.470, 26.750, 26.780, 27.280, 26.510, 26.820, 28.697][0.083, 0.556, 0.361]
28.8315: [27.080, 27.080, 26.470, 26.750, 26.780, 27.280, 26.510, 26.820, 28.832][0.084, 0.553, 0.363]
28.9656: [27.080, 27.080, 26.470, 26.750, 26.780, 27.280, 26.510, 26.820, 28.966][0.085, 0.550, 0.365]
29.0997: [27.080, 27.080, 26.470, 26.750, 26.780, 27.280, 26.510, 26.820, 29.100][0.085, 0.548, 0.367]
29.2338: [27.080, 27.080, 26.470, 26.750, 26.780, 27.280, 26.510, 26.820, 29.234][0.086, 0.546, 0.368]
29.3679: [27.080, 27.080, 26.470, 26.750, 26.780, 27.280, 26.510, 26.820, 29.368][0.087, 0.545, 0.368]
