Loading Model: level_list/m1_100/tick_list/FLIR/class/models/model.h5
history_filename: history_recent/FLIR/history.json
Yesterday        : 2017-09-05: OHLCV: 38.2700, 38.4600, 37.9900, 38.1800, 787004
UberYesterday    : 2017-09-01: OHLCV: 38.0200, 38.7700, 38.0000, 38.2500, 991619
[u'38.2700', u'38.4600', u'37.9900', u'38.1800', u'787004']
[u'38.0200', u'38.7700', u'38.0000', u'38.2500', u'991619']
question_base :[38.02, 38.77, 38.0, 38.25, 38.27, 38.46, 37.99, 38.18]
34.362: [38.020, 38.770, 38.000, 38.250, 38.270, 38.460, 37.990, 38.180, 34.362][0.150, 0.313, 0.536]
34.5529: [38.020, 38.770, 38.000, 38.250, 38.270, 38.460, 37.990, 38.180, 34.553][0.150, 0.313, 0.537]
34.7438: [38.020, 38.770, 38.000, 38.250, 38.270, 38.460, 37.990, 38.180, 34.744][0.150, 0.312, 0.538]
34.9347: [38.020, 38.770, 38.000, 38.250, 38.270, 38.460, 37.990, 38.180, 34.935][0.149, 0.311, 0.539]
35.1256: [38.020, 38.770, 38.000, 38.250, 38.270, 38.460, 37.990, 38.180, 35.126][0.149, 0.310, 0.541]
35.3165: [38.020, 38.770, 38.000, 38.250, 38.270, 38.460, 37.990, 38.180, 35.316][0.148, 0.309, 0.543]
35.5074: [38.020, 38.770, 38.000, 38.250, 38.270, 38.460, 37.990, 38.180, 35.507][0.148, 0.307, 0.545]
35.6983: [38.020, 38.770, 38.000, 38.250, 38.270, 38.460, 37.990, 38.180, 35.698][0.147, 0.305, 0.548]
35.8892: [38.020, 38.770, 38.000, 38.250, 38.270, 38.460, 37.990, 38.180, 35.889][0.146, 0.303, 0.552]
36.0801: [38.020, 38.770, 38.000, 38.250, 38.270, 38.460, 37.990, 38.180, 36.080][0.144, 0.300, 0.556]
36.271: [38.020, 38.770, 38.000, 38.250, 38.270, 38.460, 37.990, 38.180, 36.271][0.143, 0.297, 0.561]
36.4619: [38.020, 38.770, 38.000, 38.250, 38.270, 38.460, 37.990, 38.180, 36.462][0.141, 0.293, 0.565]
36.6528: [38.020, 38.770, 38.000, 38.250, 38.270, 38.460, 37.990, 38.180, 36.653][0.141, 0.291, 0.568]
36.8437: [38.020, 38.770, 38.000, 38.250, 38.270, 38.460, 37.990, 38.180, 36.844][0.142, 0.292, 0.566]
37.0346: [38.020, 38.770, 38.000, 38.250, 38.270, 38.460, 37.990, 38.180, 37.035][0.148, 0.303, 0.549]
37.2255: [38.020, 38.770, 38.000, 38.250, 38.270, 38.460, 37.990, 38.180, 37.225][0.167, 0.336, 0.497]
37.4164: [38.020, 38.770, 38.000, 38.250, 38.270, 38.460, 37.990, 38.180, 37.416][0.209, 0.403, 0.389]
37.6073: [38.020, 38.770, 38.000, 38.250, 38.270, 38.460, 37.990, 38.180, 37.607][0.268, 0.458, 0.273]
37.7982: [38.020, 38.770, 38.000, 38.250, 38.270, 38.460, 37.990, 38.180, 37.798][0.335, 0.447, 0.218]
37.9891: [38.020, 38.770, 38.000, 38.250, 38.270, 38.460, 37.990, 38.180, 37.989][0.388, 0.416, 0.195]
38.18: [38.020, 38.770, 38.000, 38.250, 38.270, 38.460, 37.990, 38.180, 38.180][0.407, 0.405, 0.188]
38.3709: [38.020, 38.770, 38.000, 38.250, 38.270, 38.460, 37.990, 38.180, 38.371][0.406, 0.406, 0.188]
38.5618: [38.020, 38.770, 38.000, 38.250, 38.270, 38.460, 37.990, 38.180, 38.562][0.399, 0.412, 0.190]
38.7527: [38.020, 38.770, 38.000, 38.250, 38.270, 38.460, 37.990, 38.180, 38.753][0.391, 0.417, 0.192]
38.9436: [38.020, 38.770, 38.000, 38.250, 38.270, 38.460, 37.990, 38.180, 38.944][0.386, 0.421, 0.193]
39.1345: [38.020, 38.770, 38.000, 38.250, 38.270, 38.460, 37.990, 38.180, 39.134][0.382, 0.424, 0.194]
39.3254: [38.020, 38.770, 38.000, 38.250, 38.270, 38.460, 37.990, 38.180, 39.325][0.379, 0.426, 0.195]
39.5163: [38.020, 38.770, 38.000, 38.250, 38.270, 38.460, 37.990, 38.180, 39.516][0.377, 0.427, 0.196]
39.7072: [38.020, 38.770, 38.000, 38.250, 38.270, 38.460, 37.990, 38.180, 39.707][0.375, 0.428, 0.196]
39.8981: [38.020, 38.770, 38.000, 38.250, 38.270, 38.460, 37.990, 38.180, 39.898][0.374, 0.429, 0.196]
40.089: [38.020, 38.770, 38.000, 38.250, 38.270, 38.460, 37.990, 38.180, 40.089][0.374, 0.430, 0.197]
40.2799: [38.020, 38.770, 38.000, 38.250, 38.270, 38.460, 37.990, 38.180, 40.280][0.373, 0.430, 0.197]
40.4708: [38.020, 38.770, 38.000, 38.250, 38.270, 38.460, 37.990, 38.180, 40.471][0.373, 0.430, 0.197]
40.6617: [38.020, 38.770, 38.000, 38.250, 38.270, 38.460, 37.990, 38.180, 40.662][0.372, 0.431, 0.197]
40.8526: [38.020, 38.770, 38.000, 38.250, 38.270, 38.460, 37.990, 38.180, 40.853][0.372, 0.431, 0.197]
41.0435: [38.020, 38.770, 38.000, 38.250, 38.270, 38.460, 37.990, 38.180, 41.043][0.372, 0.431, 0.197]
41.2344: [38.020, 38.770, 38.000, 38.250, 38.270, 38.460, 37.990, 38.180, 41.234][0.372, 0.431, 0.197]
41.4253: [38.020, 38.770, 38.000, 38.250, 38.270, 38.460, 37.990, 38.180, 41.425][0.372, 0.431, 0.197]
41.6162: [38.020, 38.770, 38.000, 38.250, 38.270, 38.460, 37.990, 38.180, 41.616][0.371, 0.431, 0.197]
41.8071: [38.020, 38.770, 38.000, 38.250, 38.270, 38.460, 37.990, 38.180, 41.807][0.371, 0.431, 0.197]
41.998: [38.020, 38.770, 38.000, 38.250, 38.270, 38.460, 37.990, 38.180, 41.998][0.371, 0.431, 0.197]
