Loading Model: level_list/m1_100/tick_list/INSY/class/models/model.h5
history_filename: history_recent/INSY/history.json
Yesterday        : 2017-09-05: OHLCV: 9.1800, 9.3400, 9.0100, 9.2600, 506441
UberYesterday    : 2017-09-01: OHLCV: 9.1200, 9.3200, 8.8000, 9.2200, 634428
[u'9.1800', u'9.3400', u'9.0100', u'9.2600', u'506441']
[u'9.1200', u'9.3200', u'8.8000', u'9.2200', u'634428']
question_base :[9.12, 9.32, 8.8, 9.22, 9.18, 9.34, 9.01, 9.26]
8.334: [9.120, 9.320, 8.800, 9.220, 9.180, 9.340, 9.010, 9.260, 8.334][0.333, 0.400, 0.267]
8.3803: [9.120, 9.320, 8.800, 9.220, 9.180, 9.340, 9.010, 9.260, 8.380][0.333, 0.400, 0.267]
8.4266: [9.120, 9.320, 8.800, 9.220, 9.180, 9.340, 9.010, 9.260, 8.427][0.333, 0.400, 0.267]
8.4729: [9.120, 9.320, 8.800, 9.220, 9.180, 9.340, 9.010, 9.260, 8.473][0.333, 0.400, 0.267]
8.5192: [9.120, 9.320, 8.800, 9.220, 9.180, 9.340, 9.010, 9.260, 8.519][0.333, 0.400, 0.267]
8.5655: [9.120, 9.320, 8.800, 9.220, 9.180, 9.340, 9.010, 9.260, 8.566][0.333, 0.400, 0.267]
8.6118: [9.120, 9.320, 8.800, 9.220, 9.180, 9.340, 9.010, 9.260, 8.612][0.333, 0.400, 0.267]
8.6581: [9.120, 9.320, 8.800, 9.220, 9.180, 9.340, 9.010, 9.260, 8.658][0.333, 0.400, 0.267]
8.7044: [9.120, 9.320, 8.800, 9.220, 9.180, 9.340, 9.010, 9.260, 8.704][0.333, 0.400, 0.267]
8.7507: [9.120, 9.320, 8.800, 9.220, 9.180, 9.340, 9.010, 9.260, 8.751][0.333, 0.400, 0.267]
8.797: [9.120, 9.320, 8.800, 9.220, 9.180, 9.340, 9.010, 9.260, 8.797][0.333, 0.400, 0.267]
8.8433: [9.120, 9.320, 8.800, 9.220, 9.180, 9.340, 9.010, 9.260, 8.843][0.333, 0.400, 0.267]
8.8896: [9.120, 9.320, 8.800, 9.220, 9.180, 9.340, 9.010, 9.260, 8.890][0.333, 0.400, 0.267]
8.9359: [9.120, 9.320, 8.800, 9.220, 9.180, 9.340, 9.010, 9.260, 8.936][0.333, 0.400, 0.267]
8.9822: [9.120, 9.320, 8.800, 9.220, 9.180, 9.340, 9.010, 9.260, 8.982][0.333, 0.400, 0.267]
9.0285: [9.120, 9.320, 8.800, 9.220, 9.180, 9.340, 9.010, 9.260, 9.029][0.333, 0.400, 0.267]
9.0748: [9.120, 9.320, 8.800, 9.220, 9.180, 9.340, 9.010, 9.260, 9.075][0.333, 0.400, 0.267]
9.1211: [9.120, 9.320, 8.800, 9.220, 9.180, 9.340, 9.010, 9.260, 9.121][0.333, 0.400, 0.267]
9.1674: [9.120, 9.320, 8.800, 9.220, 9.180, 9.340, 9.010, 9.260, 9.167][0.333, 0.400, 0.267]
9.2137: [9.120, 9.320, 8.800, 9.220, 9.180, 9.340, 9.010, 9.260, 9.214][0.333, 0.400, 0.267]
9.26: [9.120, 9.320, 8.800, 9.220, 9.180, 9.340, 9.010, 9.260, 9.260][0.333, 0.400, 0.267]
9.3063: [9.120, 9.320, 8.800, 9.220, 9.180, 9.340, 9.010, 9.260, 9.306][0.333, 0.400, 0.267]
9.3526: [9.120, 9.320, 8.800, 9.220, 9.180, 9.340, 9.010, 9.260, 9.353][0.333, 0.400, 0.267]
9.3989: [9.120, 9.320, 8.800, 9.220, 9.180, 9.340, 9.010, 9.260, 9.399][0.333, 0.400, 0.267]
9.4452: [9.120, 9.320, 8.800, 9.220, 9.180, 9.340, 9.010, 9.260, 9.445][0.333, 0.400, 0.267]
9.4915: [9.120, 9.320, 8.800, 9.220, 9.180, 9.340, 9.010, 9.260, 9.492][0.333, 0.400, 0.267]
9.5378: [9.120, 9.320, 8.800, 9.220, 9.180, 9.340, 9.010, 9.260, 9.538][0.333, 0.400, 0.267]
9.5841: [9.120, 9.320, 8.800, 9.220, 9.180, 9.340, 9.010, 9.260, 9.584][0.333, 0.400, 0.267]
9.6304: [9.120, 9.320, 8.800, 9.220, 9.180, 9.340, 9.010, 9.260, 9.630][0.333, 0.400, 0.267]
9.6767: [9.120, 9.320, 8.800, 9.220, 9.180, 9.340, 9.010, 9.260, 9.677][0.333, 0.400, 0.267]
9.723: [9.120, 9.320, 8.800, 9.220, 9.180, 9.340, 9.010, 9.260, 9.723][0.333, 0.400, 0.267]
9.7693: [9.120, 9.320, 8.800, 9.220, 9.180, 9.340, 9.010, 9.260, 9.769][0.333, 0.400, 0.267]
9.8156: [9.120, 9.320, 8.800, 9.220, 9.180, 9.340, 9.010, 9.260, 9.816][0.333, 0.400, 0.267]
9.8619: [9.120, 9.320, 8.800, 9.220, 9.180, 9.340, 9.010, 9.260, 9.862][0.333, 0.400, 0.267]
9.9082: [9.120, 9.320, 8.800, 9.220, 9.180, 9.340, 9.010, 9.260, 9.908][0.333, 0.400, 0.267]
9.9545: [9.120, 9.320, 8.800, 9.220, 9.180, 9.340, 9.010, 9.260, 9.955][0.333, 0.400, 0.267]
10.0008: [9.120, 9.320, 8.800, 9.220, 9.180, 9.340, 9.010, 9.260, 10.001][0.333, 0.400, 0.267]
10.0471: [9.120, 9.320, 8.800, 9.220, 9.180, 9.340, 9.010, 9.260, 10.047][0.333, 0.400, 0.267]
10.0934: [9.120, 9.320, 8.800, 9.220, 9.180, 9.340, 9.010, 9.260, 10.093][0.333, 0.400, 0.267]
10.1397: [9.120, 9.320, 8.800, 9.220, 9.180, 9.340, 9.010, 9.260, 10.140][0.333, 0.400, 0.267]
