Loading Model: level_list/m1_100/tick_list/XONE/class/models/model.h5
history_filename: history_recent/XONE/history.json
Yesterday        : 2017-09-05: OHLCV: 8.1200, 8.6000, 8.0600, 8.4000, 270402
UberYesterday    : 2017-09-01: OHLCV: 8.1000, 8.2200, 8.0000, 8.1100, 76310
[u'8.1200', u'8.6000', u'8.0600', u'8.4000', u'270402']
[u'8.1000', u'8.2200', u'8.0000', u'8.1100', u'76310']
question_base :[8.1, 8.22, 8.0, 8.11, 8.12, 8.6, 8.06, 8.4]
7.56: [8.100, 8.220, 8.000, 8.110, 8.120, 8.600, 8.060, 8.400, 7.560][0.119, 0.170, 0.712]
7.602: [8.100, 8.220, 8.000, 8.110, 8.120, 8.600, 8.060, 8.400, 7.602][0.119, 0.170, 0.712]
7.644: [8.100, 8.220, 8.000, 8.110, 8.120, 8.600, 8.060, 8.400, 7.644][0.119, 0.170, 0.712]
7.686: [8.100, 8.220, 8.000, 8.110, 8.120, 8.600, 8.060, 8.400, 7.686][0.119, 0.170, 0.712]
7.728: [8.100, 8.220, 8.000, 8.110, 8.120, 8.600, 8.060, 8.400, 7.728][0.119, 0.170, 0.712]
7.77: [8.100, 8.220, 8.000, 8.110, 8.120, 8.600, 8.060, 8.400, 7.770][0.119, 0.170, 0.712]
7.812: [8.100, 8.220, 8.000, 8.110, 8.120, 8.600, 8.060, 8.400, 7.812][0.119, 0.170, 0.712]
7.854: [8.100, 8.220, 8.000, 8.110, 8.120, 8.600, 8.060, 8.400, 7.854][0.119, 0.170, 0.712]
7.896: [8.100, 8.220, 8.000, 8.110, 8.120, 8.600, 8.060, 8.400, 7.896][0.119, 0.170, 0.712]
7.938: [8.100, 8.220, 8.000, 8.110, 8.120, 8.600, 8.060, 8.400, 7.938][0.119, 0.170, 0.712]
7.98: [8.100, 8.220, 8.000, 8.110, 8.120, 8.600, 8.060, 8.400, 7.980][0.118, 0.170, 0.712]
8.022: [8.100, 8.220, 8.000, 8.110, 8.120, 8.600, 8.060, 8.400, 8.022][0.118, 0.170, 0.712]
8.064: [8.100, 8.220, 8.000, 8.110, 8.120, 8.600, 8.060, 8.400, 8.064][0.118, 0.170, 0.712]
8.106: [8.100, 8.220, 8.000, 8.110, 8.120, 8.600, 8.060, 8.400, 8.106][0.118, 0.170, 0.712]
8.148: [8.100, 8.220, 8.000, 8.110, 8.120, 8.600, 8.060, 8.400, 8.148][0.118, 0.171, 0.711]
8.19: [8.100, 8.220, 8.000, 8.110, 8.120, 8.600, 8.060, 8.400, 8.190][0.116, 0.176, 0.709]
8.232: [8.100, 8.220, 8.000, 8.110, 8.120, 8.600, 8.060, 8.400, 8.232][0.108, 0.195, 0.697]
8.274: [8.100, 8.220, 8.000, 8.110, 8.120, 8.600, 8.060, 8.400, 8.274][0.090, 0.279, 0.630]
8.316: [8.100, 8.220, 8.000, 8.110, 8.120, 8.600, 8.060, 8.400, 8.316][0.073, 0.480, 0.447]
8.358: [8.100, 8.220, 8.000, 8.110, 8.120, 8.600, 8.060, 8.400, 8.358][0.092, 0.574, 0.335]
8.4: [8.100, 8.220, 8.000, 8.110, 8.120, 8.600, 8.060, 8.400, 8.400][0.144, 0.541, 0.314]
8.442: [8.100, 8.220, 8.000, 8.110, 8.120, 8.600, 8.060, 8.400, 8.442][0.207, 0.484, 0.309]
8.484: [8.100, 8.220, 8.000, 8.110, 8.120, 8.600, 8.060, 8.400, 8.484][0.261, 0.435, 0.303]
8.526: [8.100, 8.220, 8.000, 8.110, 8.120, 8.600, 8.060, 8.400, 8.526][0.304, 0.399, 0.297]
8.568: [8.100, 8.220, 8.000, 8.110, 8.120, 8.600, 8.060, 8.400, 8.568][0.335, 0.374, 0.291]
8.61: [8.100, 8.220, 8.000, 8.110, 8.120, 8.600, 8.060, 8.400, 8.610][0.357, 0.357, 0.287]
8.652: [8.100, 8.220, 8.000, 8.110, 8.120, 8.600, 8.060, 8.400, 8.652][0.373, 0.344, 0.283]
8.694: [8.100, 8.220, 8.000, 8.110, 8.120, 8.600, 8.060, 8.400, 8.694][0.384, 0.336, 0.280]
8.736: [8.100, 8.220, 8.000, 8.110, 8.120, 8.600, 8.060, 8.400, 8.736][0.392, 0.329, 0.278]
8.778: [8.100, 8.220, 8.000, 8.110, 8.120, 8.600, 8.060, 8.400, 8.778][0.399, 0.325, 0.277]
8.82: [8.100, 8.220, 8.000, 8.110, 8.120, 8.600, 8.060, 8.400, 8.820][0.403, 0.321, 0.276]
8.862: [8.100, 8.220, 8.000, 8.110, 8.120, 8.600, 8.060, 8.400, 8.862][0.407, 0.319, 0.275]
8.904: [8.100, 8.220, 8.000, 8.110, 8.120, 8.600, 8.060, 8.400, 8.904][0.410, 0.317, 0.274]
8.946: [8.100, 8.220, 8.000, 8.110, 8.120, 8.600, 8.060, 8.400, 8.946][0.412, 0.315, 0.273]
8.988: [8.100, 8.220, 8.000, 8.110, 8.120, 8.600, 8.060, 8.400, 8.988][0.414, 0.314, 0.273]
9.03: [8.100, 8.220, 8.000, 8.110, 8.120, 8.600, 8.060, 8.400, 9.030][0.415, 0.313, 0.272]
9.072: [8.100, 8.220, 8.000, 8.110, 8.120, 8.600, 8.060, 8.400, 9.072][0.416, 0.312, 0.272]
9.114: [8.100, 8.220, 8.000, 8.110, 8.120, 8.600, 8.060, 8.400, 9.114][0.417, 0.311, 0.272]
9.156: [8.100, 8.220, 8.000, 8.110, 8.120, 8.600, 8.060, 8.400, 9.156][0.418, 0.310, 0.272]
9.198: [8.100, 8.220, 8.000, 8.110, 8.120, 8.600, 8.060, 8.400, 9.198][0.419, 0.310, 0.272]
9.24: [8.100, 8.220, 8.000, 8.110, 8.120, 8.600, 8.060, 8.400, 9.240][0.419, 0.309, 0.271]
