[[ 18.   1.  13.]
 [ 15.   2.  21.]
 [  8.   0.  22.]]
cf_score, 21.0
nv_score, -25.0
ratio, 0.424242424242
[[ 22.   2.   9.]
 [ 14.   4.  18.]
 [  6.   1.  24.]]
cf_score, 35.0
nv_score, -12.0
ratio, 0.505050505051
[[ 16.   3.  13.]
 [ 16.   4.  17.]
 [ 12.   3.  16.]]
cf_score, 11.0
nv_score, -27.0
ratio, 0.363636363636
[[ 22.   2.   8.]
 [ 14.   2.  14.]
 [ 14.   4.  20.]]
cf_score, 22.0
nv_score, -10.0
ratio, 0.444444444444
[[ 21.   4.   9.]
 [  5.   8.  17.]
 [  8.   6.  22.]]
cf_score, 34.0
nv_score, -13.0
ratio, 0.515151515152
[[ 20.   1.  15.]
 [ 11.   7.  15.]
 [  4.   7.  20.]]
cf_score, 28.0
nv_score, -25.0
ratio, 0.474747474747
[[ 16.   5.   8.]
 [  7.   4.  19.]
 [  9.   7.  25.]]
cf_score, 28.0
nv_score, -10.0
ratio, 0.454545454545
[[ 21.   3.   9.]
 [ 10.   7.  13.]
 [ 10.   8.  19.]]
cf_score, 28.0
nv_score, -12.0
ratio, 0.474747474747
[[ 19.   4.   9.]
 [ 11.   5.  13.]
 [  5.   6.  28.]]
cf_score, 38.0
nv_score, -3.0
ratio, 0.525252525253
[[ 18.   1.  13.]
 [ 10.   6.  22.]
 [  5.   3.  22.]]
cf_score, 28.0
nv_score, -26.0
ratio, 0.464646464646
[[ 21.   6.  14.]
 [  9.   8.  15.]
 [  9.   6.  12.]]
cf_score, 18.0
nv_score, -31.0
ratio, 0.414141414141
[[ 18.   4.   9.]
 [  8.   2.  17.]
 [ 12.   6.  24.]]
cf_score, 23.0
nv_score, -11.0
ratio, 0.444444444444
[[ 24.   1.  12.]
 [ 14.   5.  16.]
 [  7.   6.  15.]]
cf_score, 25.0
nv_score, -25.0
ratio, 0.444444444444
[[  9.   9.  17.]
 [ 12.   5.  13.]
 [  9.   6.  20.]]
cf_score, 8.0
nv_score, -27.0
ratio, 0.343434343434
[[ 17.   5.  12.]
 [  7.   5.  16.]
 [  7.   6.  25.]]
cf_score, 28.0
nv_score, -15.0
ratio, 0.474747474747
[[ 20.   3.   8.]
 [  8.   7.  18.]
 [  6.   4.  26.]]
cf_score, 39.0
nv_score, -8.0
ratio, 0.535353535354
[[ 13.   1.   9.]
 [ 12.   5.  20.]
 [  6.   7.  27.]]
cf_score, 30.0
nv_score, -11.0
ratio, 0.454545454545
[[ 15.   3.  13.]
 [  6.   5.  18.]
 [ 13.   7.  20.]]
cf_score, 14.0
nv_score, -24.0
ratio, 0.40404040404
[[ 17.   6.  11.]
 [ 10.   4.  15.]
 [  8.   7.  22.]]
cf_score, 24.0
nv_score, -15.0
ratio, 0.434343434343
[[ 31.   6.  11.]
 [ 11.   3.   7.]
 [  9.   9.  13.]]
cf_score, 27.0
nv_score, -16.0
ratio, 0.474747474747
[[ 18.   6.  14.]
 [ 11.   6.  16.]
 [  6.   6.  17.]]
cf_score, 21.0
nv_score, -27.0
ratio, 0.414141414141
[[ 19.   3.  12.]
 [ 21.   3.  14.]
 [  6.   4.  18.]]
cf_score, 22.0
nv_score, -20.0
ratio, 0.40404040404
[[ 18.   4.  12.]
 [ 10.   3.  20.]
 [  6.   8.  19.]]
cf_score, 22.0
nv_score, -25.0
ratio, 0.40404040404
[[ 17.   2.  13.]
 [  6.   9.  22.]
 [  7.   4.  20.]]
cf_score, 26.0
nv_score, -28.0
ratio, 0.464646464646
[[ 10.   6.  16.]
 [  8.   3.  23.]
 [  8.   7.  19.]]
cf_score, 8.0
nv_score, -36.0
ratio, 0.323232323232
[[ 17.   7.  12.]
 [ 13.   7.  17.]
 [  5.   5.  17.]]
cf_score, 24.0
nv_score, -24.0
ratio, 0.414141414141
[[ 14.   3.  15.]
 [ 13.  10.  17.]
 [  5.   8.  15.]]
cf_score, 19.0
nv_score, -32.0
ratio, 0.393939393939
[[ 17.   4.   7.]
 [  7.   9.  14.]
 [  2.  11.  29.]]
cf_score, 46.0
nv_score, 1.0
ratio, 0.555555555556
[[ 12.  10.  13.]
 [ 16.   9.  11.]
 [  4.   9.  16.]]
cf_score, 20.0
nv_score, -21.0
ratio, 0.373737373737
[[ 18.   6.  14.]
 [ 12.   3.  17.]
 [  6.   6.  18.]]
cf_score, 19.0
nv_score, -27.0
ratio, 0.393939393939
[[ 12.   9.  12.]
 [ 12.   8.  19.]
 [  4.   6.  18.]]
cf_score, 22.0
nv_score, -25.0
ratio, 0.383838383838
[[ 22.   6.   8.]
 [ 12.   9.  11.]
 [  6.   7.  19.]]
cf_score, 36.0
nv_score, -8.0
ratio, 0.505050505051
[[ 15.   5.   9.]
 [ 15.   7.  19.]
 [ 10.   5.  15.]]
cf_score, 18.0
nv_score, -22.0
ratio, 0.373737373737
[[ 15.   5.  15.]
 [ 10.   9.  12.]
 [  6.   7.  21.]]
cf_score, 24.0
nv_score, -21.0
ratio, 0.454545454545
[[ 18.  12.   9.]
 [ 12.   5.  11.]
 [  2.   5.  26.]]
cf_score, 38.0
nv_score, -3.0
ratio, 0.494949494949
[[ 12.   4.  14.]
 [  7.   6.  21.]
 [  3.   9.  24.]]
cf_score, 25.0
nv_score, -25.0
ratio, 0.424242424242
[[ 12.   9.  12.]
 [ 15.   5.  18.]
 [  8.   4.  17.]]
cf_score, 14.0
nv_score, -25.0
ratio, 0.343434343434
[[ 20.   6.  10.]
 [  6.  11.  13.]
 [  5.  14.  15.]]
cf_score, 31.0
nv_score, -18.0
ratio, 0.464646464646
[[ 14.   9.   9.]
 [ 13.   5.  15.]
 [  8.   6.  21.]]
cf_score, 23.0
nv_score, -12.0
ratio, 0.40404040404
[[  9.  14.  11.]
 [ 14.   7.  15.]
 [  4.   8.  18.]]
cf_score, 19.0
nv_score, -19.0
ratio, 0.343434343434
[[ 15.  10.   8.]
 [ 11.   6.  21.]
 [  4.   2.  23.]]
cf_score, 32.0
nv_score, -14.0
ratio, 0.444444444444
[[ 20.   9.   5.]
 [  7.   8.  19.]
 [  6.  12.  14.]]
cf_score, 31.0
nv_score, -15.0
ratio, 0.424242424242
[[ 16.   9.  10.]
 [  7.  12.  17.]
 [  4.  11.  14.]]
cf_score, 28.0
nv_score, -23.0
ratio, 0.424242424242
[[ 13.   9.  12.]
 [ 13.   7.  11.]
 [  6.   5.  24.]]
cf_score, 26.0
nv_score, -11.0
ratio, 0.444444444444
[[ 11.   5.   8.]
 [ 16.  14.  15.]
 [  3.  12.  16.]]
cf_score, 30.0
nv_score, -15.0
ratio, 0.414141414141
[[ 15.   7.  10.]
 [ 11.   5.  13.]
 [  4.  10.  25.]]
cf_score, 31.0
nv_score, -8.0
ratio, 0.454545454545
[[ 20.   3.   8.]
 [ 12.  14.  11.]
 [  8.   9.  15.]]
cf_score, 33.0
nv_score, -12.0
ratio, 0.494949494949
[[ 14.   9.   8.]
 [ 11.   9.  16.]
 [  3.   9.  21.]]
cf_score, 33.0
nv_score, -11.0
ratio, 0.444444444444
[[ 26.   7.   9.]
 [ 13.   7.  13.]
 [  4.  10.  11.]]
cf_score, 31.0
nv_score, -20.0
ratio, 0.444444444444
[[ 20.   7.   6.]
 [  4.   9.  18.]
 [  5.  13.  18.]]
cf_score, 36.0
nv_score, -12.0
ratio, 0.474747474747
