[[  1.  21.   9.]
 [  1.  27.   7.]
 [  2.  19.  13.]]
cf_score, 30.0
nv_score, -12.0
ratio, 0.414141414141
[[  0.  19.  10.]
 [  2.  37.   4.]
 [  3.  14.  11.]]
cf_score, 35.0
nv_score, -13.0
ratio, 0.484848484848
[[  4.  18.   4.]
 [  4.  25.   2.]
 [  4.  17.  22.]]
cf_score, 43.0
nv_score, 12.0
ratio, 0.515151515152
[[  2.  25.   4.]
 [  2.  29.   3.]
 [  4.  17.  14.]]
cf_score, 37.0
nv_score, 3.0
ratio, 0.454545454545
[[  6.  16.  11.]
 [  3.  28.   2.]
 [  2.  16.  16.]]
cf_score, 37.0
nv_score, -8.0
ratio, 0.505050505051
[[  8.  21.   8.]
 [  4.  26.   3.]
 [  4.   8.  18.]]
cf_score, 40.0
nv_score, -1.0
ratio, 0.525252525253
[[  7.  21.   5.]
 [  4.  27.   4.]
 [  4.  10.  18.]]
cf_score, 43.0
nv_score, 4.0
ratio, 0.525252525253
[[  9.  16.   7.]
 [ 11.  23.   4.]
 [  5.   7.  18.]]
cf_score, 38.0
nv_score, 0.0
ratio, 0.505050505051
[[  8.  17.   7.]
 [  7.  26.   9.]
 [  6.   7.  13.]]
cf_score, 34.0
nv_score, -10.0
ratio, 0.474747474747
[[  7.  12.   8.]
 [ 11.  24.   4.]
 [  9.  10.  15.]]
cf_score, 29.0
nv_score, -5.0
ratio, 0.464646464646
[[ 13.  21.   3.]
 [  6.  24.   5.]
 [  5.   9.  14.]]
cf_score, 43.0
nv_score, 3.0
ratio, 0.515151515152
[[ 10.  16.   3.]
 [ 19.  19.   7.]
 [  6.   5.  15.]]
cf_score, 35.0
nv_score, 2.0
ratio, 0.444444444444
[[ 11.  21.   4.]
 [  7.  24.   2.]
 [ 11.  12.   8.]]
cf_score, 28.0
nv_score, -2.0
ratio, 0.434343434343
[[  4.  26.   5.]
 [  7.  26.   1.]
 [  7.  10.  14.]]
cf_score, 32.0
nv_score, 3.0
ratio, 0.444444444444
[[ 11.  16.   6.]
 [  9.  23.   5.]
 [  5.  13.  12.]]
cf_score, 35.0
nv_score, -5.0
ratio, 0.464646464646
[[  5.  23.   2.]
 [  5.  29.   5.]
 [  8.   8.  15.]]
cf_score, 39.0
nv_score, 6.0
ratio, 0.494949494949
[[ 14.  13.   4.]
 [ 11.  27.   5.]
 [  4.   6.  16.]]
cf_score, 49.0
nv_score, 3.0
ratio, 0.575757575758
[[ 17.  25.   5.]
 [  6.  19.   5.]
 [  1.   7.  15.]]
cf_score, 45.0
nv_score, 0.0
ratio, 0.515151515152
[[ 12.  17.   3.]
 [  5.  31.   3.]
 [  7.   5.  17.]]
cf_score, 50.0
nv_score, 8.0
ratio, 0.606060606061
[[ 12.  18.   2.]
 [  5.  35.   0.]
 [  6.   7.  15.]]
cf_score, 54.0
nv_score, 11.0
ratio, 0.626262626263
[[  7.  22.   3.]
 [  2.  31.   3.]
 [  2.  17.  13.]]
cf_score, 46.0
nv_score, 4.0
ratio, 0.515151515152
[[ 10.  16.   5.]
 [  7.  21.   4.]
 [  8.   7.  22.]]
cf_score, 40.0
nv_score, 8.0
ratio, 0.535353535354
[[  8.  16.   5.]
 [  8.  25.   6.]
 [  5.   8.  19.]]
cf_score, 42.0
nv_score, 3.0
ratio, 0.525252525253
[[ 11.  22.   7.]
 [  9.  20.   2.]
 [ 10.   7.  12.]]
cf_score, 26.0
nv_score, -4.0
ratio, 0.434343434343
[[  7.  17.   1.]
 [  2.  34.   2.]
 [ 14.   8.  15.]]
cf_score, 41.0
nv_score, 11.0
ratio, 0.565656565657
[[ 12.  19.   1.]
 [  5.  24.   4.]
 [  7.   9.  19.]]
cf_score, 47.0
nv_score, 13.0
ratio, 0.555555555556
[[ 11.  16.   8.]
 [  8.  21.   8.]
 [  6.   6.  16.]]
cf_score, 34.0
nv_score, -8.0
ratio, 0.484848484848
[[  8.  19.   3.]
 [  5.  28.   7.]
 [  6.   6.  18.]]
cf_score, 45.0
nv_score, 5.0
ratio, 0.545454545455
[[  8.  15.   6.]
 [  7.  24.   7.]
 [  9.   5.  19.]]
cf_score, 36.0
nv_score, 0.0
ratio, 0.515151515152
[[  8.  15.   3.]
 [  6.  29.   3.]
 [ 11.   8.  17.]]
cf_score, 40.0
nv_score, 8.0
ratio, 0.545454545455
[[  7.  24.   2.]
 [  3.  24.   6.]
 [ 10.   9.  15.]]
cf_score, 34.0
nv_score, 5.0
ratio, 0.464646464646
[[ 11.  17.   9.]
 [  7.  27.   5.]
 [  6.   6.  12.]]
cf_score, 35.0
nv_score, -11.0
ratio, 0.505050505051
[[ 12.  24.   4.]
 [  5.  23.   5.]
 [  9.   6.  12.]]
cf_score, 34.0
nv_score, -1.0
ratio, 0.474747474747
[[ 12.  16.   2.]
 [  7.  24.   4.]
 [  4.  11.  20.]]
cf_score, 50.0
nv_score, 12.0
ratio, 0.565656565657
[[  6.  29.   5.]
 [  6.  19.   1.]
 [  7.  16.  11.]]
cf_score, 24.0
nv_score, 0.0
ratio, 0.363636363636
[[  7.  19.   2.]
 [  8.  25.   3.]
 [  7.  15.  14.]]
cf_score, 37.0
nv_score, 7.0
ratio, 0.464646464646
[[ 10.  16.   3.]
 [  1.  33.   6.]
 [  6.  13.  12.]]
cf_score, 46.0
nv_score, 0.0
ratio, 0.555555555556
[[  4.  16.   7.]
 [  1.  29.   9.]
 [  3.  10.  21.]]
cf_score, 44.0
nv_score, -2.0
ratio, 0.545454545455
[[ 13.  10.   1.]
 [ 11.  22.   3.]
 [  7.  14.  19.]]
cf_score, 46.0
nv_score, 14.0
ratio, 0.545454545455
[[  8.  12.   4.]
 [  7.  28.   2.]
 [  4.  11.  24.]]
cf_score, 52.0
nv_score, 14.0
ratio, 0.606060606061
[[  8.  19.   2.]
 [  5.  28.   5.]
 [  4.   7.  22.]]
cf_score, 52.0
nv_score, 13.0
ratio, 0.585858585859
[[  8.  16.   2.]
 [  4.  33.   8.]
 [  6.   7.  16.]]
cf_score, 49.0
nv_score, 4.0
ratio, 0.575757575758
[[ 13.  15.   5.]
 [  7.  15.   9.]
 [  3.  15.  18.]]
cf_score, 38.0
nv_score, -1.0
ratio, 0.464646464646
[[ 13.  13.   6.]
 [  7.  19.   3.]
 [  6.   6.  27.]]
cf_score, 47.0
nv_score, 12.0
ratio, 0.59595959596
[[ 20.  15.   9.]
 [  9.  15.   6.]
 [  4.  10.  12.]]
cf_score, 34.0
nv_score, -12.0
ratio, 0.474747474747
[[ 12.  14.   6.]
 [  5.  29.   4.]
 [  4.  12.  14.]]
cf_score, 45.0
nv_score, -2.0
ratio, 0.555555555556
[[  9.  11.   5.]
 [ 10.  20.   2.]
 [ 13.   8.  22.]]
cf_score, 33.0
nv_score, 10.0
ratio, 0.515151515152
[[ 23.  12.   3.]
 [ 13.  16.   5.]
 [  5.   5.  18.]]
cf_score, 49.0
nv_score, 7.0
ratio, 0.575757575758
[[ 12.  16.   6.]
 [ 10.  25.   5.]
 [  7.   6.  13.]]
cf_score, 37.0
nv_score, -4.0
ratio, 0.505050505051
[[ 12.   9.   3.]
 [  9.  25.   4.]
 [  8.   8.  22.]]
cf_score, 48.0
nv_score, 12.0
ratio, 0.59595959596
