[[ 13.   0.   8.]
 [ 22.   0.  17.]
 [ 20.   0.  20.]]
cf_score, 5.0
nv_score, -13.0
ratio, 0.333333333333
[[ 17.   0.  12.]
 [ 27.   0.  14.]
 [ 19.   0.  11.]]
cf_score, -3.0
nv_score, -27.0
ratio, 0.282828282828
[[ 22.   1.   9.]
 [ 19.   2.   9.]
 [ 21.   1.  16.]]
cf_score, 10.0
nv_score, -11.0
ratio, 0.40404040404
[[ 31.   1.   6.]
 [ 25.   5.   9.]
 [  9.   1.  13.]]
cf_score, 34.0
nv_score, -8.0
ratio, 0.494949494949
[[ 25.   6.   4.]
 [ 24.   6.  11.]
 [ 16.   0.   8.]]
cf_score, 19.0
nv_score, -11.0
ratio, 0.393939393939
[[ 14.  10.   7.]
 [ 18.   4.   8.]
 [ 15.   3.  21.]]
cf_score, 17.0
nv_score, -1.0
ratio, 0.393939393939
[[ 24.   3.   4.]
 [ 22.   4.   9.]
 [ 14.   1.  19.]]
cf_score, 29.0
nv_score, 2.0
ratio, 0.474747474747
[[ 16.  11.   3.]
 [ 24.   5.  11.]
 [  9.   3.  18.]]
cf_score, 27.0
nv_score, 1.0
ratio, 0.393939393939
[[ 28.   4.   4.]
 [ 18.   5.   7.]
 [ 14.   3.  17.]]
cf_score, 32.0
nv_score, 2.0
ratio, 0.505050505051
[[ 12.   7.  15.]
 [ 15.  11.  18.]
 [  3.   4.  15.]]
cf_score, 20.0
nv_score, -33.0
ratio, 0.383838383838
[[ 10.  15.   9.]
 [ 18.  18.   5.]
 [  7.   4.  14.]]
cf_score, 26.0
nv_score, -9.0
ratio, 0.424242424242
[[  9.  11.   7.]
 [ 19.  15.  12.]
 [  8.   7.  12.]]
cf_score, 21.0
nv_score, -14.0
ratio, 0.363636363636
[[  9.  13.  11.]
 [ 13.  15.   8.]
 [ 13.   5.  13.]]
cf_score, 13.0
nv_score, -17.0
ratio, 0.373737373737
[[ 14.  11.  10.]
 [ 18.  12.  10.]
 [  6.   8.  11.]]
cf_score, 21.0
nv_score, -19.0
ratio, 0.373737373737
[[ 15.   6.  10.]
 [ 14.  18.  10.]
 [  6.   4.  17.]]
cf_score, 34.0
nv_score, -13.0
ratio, 0.505050505051
[[ 15.  11.   7.]
 [ 18.  10.   9.]
 [  4.  10.  16.]]
cf_score, 30.0
nv_score, -7.0
ratio, 0.414141414141
[[ 15.   5.  10.]
 [ 15.  17.  11.]
 [  3.   8.  16.]]
cf_score, 35.0
nv_score, -15.0
ratio, 0.484848484848
[[ 17.   9.  13.]
 [ 13.  16.   6.]
 [ 10.  10.   6.]]
cf_score, 16.0
nv_score, -26.0
ratio, 0.393939393939
[[ 12.  15.  10.]
 [  9.  13.  11.]
 [  8.   8.  14.]]
cf_score, 21.0
nv_score, -17.0
ratio, 0.393939393939
[[ 12.   9.   5.]
 [ 19.  17.  10.]
 [  4.  12.  12.]]
cf_score, 32.0
nv_score, -8.0
ratio, 0.414141414141
[[ 14.   9.   7.]
 [ 11.  19.  17.]
 [  4.   9.  10.]]
cf_score, 32.0
nv_score, -21.0
ratio, 0.434343434343
[[ 10.  10.   9.]
 [ 16.  17.   8.]
 [  4.   8.  18.]]
cf_score, 32.0
nv_score, -8.0
ratio, 0.454545454545
[[  9.  18.  10.]
 [ 14.  11.  10.]
 [  9.   7.  12.]]
cf_score, 13.0
nv_score, -18.0
ratio, 0.323232323232
[[ 18.   9.  10.]
 [ 16.   8.  12.]
 [  6.  10.  11.]]
cf_score, 21.0
nv_score, -21.0
ratio, 0.373737373737
[[ 17.   8.   7.]
 [ 12.  20.   7.]
 [  3.  10.  16.]]
cf_score, 43.0
nv_score, -5.0
ratio, 0.535353535354
[[ 15.  12.   9.]
 [ 14.  12.   8.]
 [  1.  17.  12.]]
cf_score, 29.0
nv_score, -14.0
ratio, 0.393939393939
[[ 10.  11.   7.]
 [ 11.  17.   5.]
 [  9.  10.  20.]]
cf_score, 31.0
nv_score, 1.0
ratio, 0.474747474747
[[ 20.   9.   5.]
 [ 12.  17.   8.]
 [  8.   8.  13.]]
cf_score, 37.0
nv_score, -5.0
ratio, 0.505050505051
[[ 12.   9.  11.]
 [ 12.  16.  13.]
 [  5.   7.  15.]]
cf_score, 27.0
nv_score, -20.0
ratio, 0.434343434343
[[ 15.  15.   6.]
 [ 13.  11.   5.]
 [  7.   7.  21.]]
cf_score, 34.0
nv_score, 4.0
ratio, 0.474747474747
[[ 17.   6.   5.]
 [ 16.  12.  15.]
 [  7.  13.   9.]]
cf_score, 26.0
nv_score, -16.0
ratio, 0.383838383838
[[ 11.  13.  10.]
 [ 15.  11.   7.]
 [  9.  12.  12.]]
cf_score, 15.0
nv_score, -15.0
ratio, 0.343434343434
[[ 13.  15.  12.]
 [  6.  15.  12.]
 [  7.  12.   8.]]
cf_score, 17.0
nv_score, -28.0
ratio, 0.363636363636
[[ 16.  12.   8.]
 [ 11.  17.   9.]
 [  3.   9.  15.]]
cf_score, 37.0
nv_score, -10.0
ratio, 0.484848484848
[[ 17.   9.  10.]
 [  8.  14.  10.]
 [ 10.  10.  12.]]
cf_score, 23.0
nv_score, -18.0
ratio, 0.434343434343
[[ 25.   6.   3.]
 [ 13.  15.  11.]
 [  7.   4.  16.]]
cf_score, 46.0
nv_score, -1.0
ratio, 0.565656565657
[[ 21.  11.   8.]
 [ 11.  18.   5.]
 [  5.   6.  15.]]
cf_score, 41.0
nv_score, -6.0
ratio, 0.545454545455
[[ 14.  14.   8.]
 [ 11.  22.  10.]
 [  2.   7.  12.]]
cf_score, 38.0
nv_score, -14.0
ratio, 0.484848484848
[[  7.  17.  11.]
 [  9.  16.   3.]
 [  7.  15.  15.]]
cf_score, 20.0
nv_score, -10.0
ratio, 0.383838383838
[[ 16.  14.   7.]
 [ 16.  12.   7.]
 [  6.  12.  10.]]
cf_score, 25.0
nv_score, -11.0
ratio, 0.383838383838
[[ 26.  14.   3.]
 [ 13.  11.   6.]
 [  5.  11.  11.]]
cf_score, 40.0
nv_score, -1.0
ratio, 0.484848484848
[[ 14.  17.   9.]
 [  9.  13.   9.]
 [  9.  10.  10.]]
cf_score, 19.0
nv_score, -17.0
ratio, 0.373737373737
[[ 18.   8.   6.]
 [ 13.  14.   7.]
 [  5.   9.  20.]]
cf_score, 41.0
nv_score, 1.0
ratio, 0.525252525253
[[ 19.  16.   5.]
 [  7.  15.  11.]
 [  3.   5.  19.]]
cf_score, 45.0
nv_score, -2.0
ratio, 0.535353535354
[[ 12.  15.   4.]
 [  8.  17.  13.]
 [  5.  16.  10.]]
cf_score, 30.0
nv_score, -11.0
ratio, 0.393939393939
[[ 12.   6.  10.]
 [ 14.  19.  10.]
 [  6.  14.   9.]]
cf_score, 24.0
nv_score, -21.0
ratio, 0.40404040404
[[ 22.  11.   5.]
 [ 14.  16.   9.]
 [  3.   6.  14.]]
cf_score, 44.0
nv_score, -5.0
ratio, 0.525252525253
[[ 13.  12.   4.]
 [  8.  17.   6.]
 [  7.   8.  25.]]
cf_score, 44.0
nv_score, 11.0
ratio, 0.555555555556
[[ 14.   9.  11.]
 [ 10.  27.   6.]
 [  7.   6.  10.]]
cf_score, 33.0
nv_score, -18.0
ratio, 0.515151515152
[[ 10.  10.   9.]
 [  7.  21.  12.]
 [  8.  11.  12.]]
cf_score, 26.0
nv_score, -18.0
ratio, 0.434343434343
