[[  0.   0.  45.]
 [  0.   0.  35.]
 [  0.   0.  20.]]
cf_score, -25.0
nv_score, -105.0
ratio, 0.20202020202
[[  0.  24.   6.]
 [  2.  26.   4.]
 [  2.  17.  19.]]
cf_score, 37.0
nv_score, 3.0
ratio, 0.454545454545
[[ 20.   0.  10.]
 [ 19.   4.  14.]
 [ 13.   2.  18.]]
cf_score, 19.0
nv_score, -16.0
ratio, 0.424242424242
[[ 26.   3.   8.]
 [ 18.   4.   9.]
 [ 12.   5.  15.]]
cf_score, 25.0
nv_score, -10.0
ratio, 0.454545454545
[[ 20.   5.   8.]
 [ 21.   2.   6.]
 [ 16.   2.  20.]]
cf_score, 18.0
nv_score, -2.0
ratio, 0.424242424242
[[ 23.   8.  12.]
 [ 14.   8.  10.]
 [  8.   5.  12.]]
cf_score, 23.0
nv_score, -22.0
ratio, 0.434343434343
[[ 12.  10.  10.]
 [ 16.   4.  10.]
 [  7.   8.  23.]]
cf_score, 22.0
nv_score, -7.0
ratio, 0.393939393939
[[ 12.   7.  16.]
 [  9.  11.  16.]
 [  1.   4.  24.]]
cf_score, 30.0
nv_score, -24.0
ratio, 0.474747474747
[[ 15.   5.  13.]
 [ 13.   8.  12.]
 [  4.   9.  21.]]
cf_score, 27.0
nv_score, -17.0
ratio, 0.444444444444
[[ 19.   9.   7.]
 [ 17.  13.   7.]
 [  4.   5.  19.]]
cf_score, 40.0
nv_score, -2.0
ratio, 0.515151515152
[[ 18.  11.   7.]
 [ 17.  13.   5.]
 [  6.  10.  13.]]
cf_score, 31.0
nv_score, -6.0
ratio, 0.444444444444
[[ 15.  14.   8.]
 [  7.  19.   8.]
 [  2.   8.  19.]]
cf_score, 43.0
nv_score, -5.0
ratio, 0.535353535354
[[  8.  13.  11.]
 [ 12.  19.   8.]
 [  1.  10.  18.]]
cf_score, 33.0
nv_score, -12.0
ratio, 0.454545454545
[[ 14.  14.   9.]
 [  2.  25.  10.]
 [  2.   5.  19.]]
cf_score, 47.0
nv_score, -9.0
ratio, 0.585858585859
[[  9.  12.  15.]
 [ 10.  15.  10.]
 [  1.  13.  15.]]
cf_score, 23.0
nv_score, -25.0
ratio, 0.393939393939
[[  7.  20.  12.]
 [  2.  18.  11.]
 [  2.   9.  19.]]
cf_score, 30.0
nv_score, -16.0
ratio, 0.444444444444
[[  4.  11.   7.]
 [ 11.  21.  13.]
 [  6.  15.  12.]]
cf_score, 24.0
nv_score, -15.0
ratio, 0.373737373737
[[ 17.  12.   7.]
 [ 20.  12.   8.]
 [  5.  11.   8.]]
cf_score, 25.0
nv_score, -14.0
ratio, 0.373737373737
[[  7.  14.  12.]
 [  0.  26.  12.]
 [  1.  10.  18.]]
cf_score, 38.0
nv_score, -18.0
ratio, 0.515151515152
[[  8.  18.   8.]
 [  3.  20.  13.]
 [  4.  10.  16.]]
cf_score, 32.0
nv_score, -13.0
ratio, 0.444444444444
[[ 13.  14.   6.]
 [ 13.  14.   4.]
 [  6.  11.  19.]]
cf_score, 34.0
nv_score, 3.0
ratio, 0.464646464646
[[  9.  10.  13.]
 [  3.  21.  12.]
 [  3.  13.  16.]]
cf_score, 30.0
nv_score, -22.0
ratio, 0.464646464646
[[ 14.  16.   4.]
 [ 12.  11.  10.]
 [  4.   6.  23.]]
cf_score, 40.0
nv_score, 5.0
ratio, 0.484848484848
[[ 14.  11.  11.]
 [ 16.   9.   7.]
 [  6.  10.  16.]]
cf_score, 22.0
nv_score, -13.0
ratio, 0.393939393939
[[ 11.   8.   8.]
 [  2.  21.  12.]
 [  5.  11.  22.]]
cf_score, 41.0
nv_score, -6.0
ratio, 0.545454545455
[[  8.  18.   8.]
 [  9.  19.  10.]
 [  4.   9.  15.]]
cf_score, 30.0
nv_score, -11.0
ratio, 0.424242424242
[[ 14.  13.   8.]
 [  9.  11.  13.]
 [  6.  11.  15.]]
cf_score, 26.0
nv_score, -14.0
ratio, 0.40404040404
[[ 20.  12.   8.]
 [  4.  13.   6.]
 [  6.  13.  18.]]
cf_score, 37.0
nv_score, -4.0
ratio, 0.515151515152
[[ 13.   9.  14.]
 [  7.  15.  11.]
 [  7.   7.  17.]]
cf_score, 24.0
nv_score, -22.0
ratio, 0.454545454545
[[ 14.   5.  10.]
 [  7.  16.   8.]
 [  2.  16.  22.]]
cf_score, 40.0
nv_score, -6.0
ratio, 0.525252525253
[[ 13.   5.  13.]
 [ 11.  20.  12.]
 [  3.   9.  14.]]
cf_score, 31.0
nv_score, -24.0
ratio, 0.474747474747
[[ 18.   9.   8.]
 [ 18.  12.   3.]
 [  8.   8.  16.]]
cf_score, 30.0
nv_score, -3.0
ratio, 0.464646464646
[[ 14.  19.   4.]
 [  4.  15.   8.]
 [  1.  11.  24.]]
cf_score, 48.0
nv_score, 8.0
ratio, 0.535353535354
[[  9.  10.  11.]
 [ 13.  10.  11.]
 [  5.  14.  17.]]
cf_score, 20.0
nv_score, -16.0
ratio, 0.363636363636
[[ 18.  11.   2.]
 [ 17.  14.   9.]
 [  4.  10.  15.]]
cf_score, 41.0
nv_score, 2.0
ratio, 0.474747474747
[[ 11.   8.  10.]
 [  8.  22.  11.]
 [  4.   9.  17.]]
cf_score, 36.0
nv_score, -14.0
ratio, 0.505050505051
[[  3.   9.   7.]
 [  7.  23.  11.]
 [  3.   8.  29.]]
cf_score, 45.0
nv_score, 4.0
ratio, 0.555555555556
[[ 14.  14.   7.]
 [  5.  19.  10.]
 [  6.   8.  17.]]
cf_score, 37.0
nv_score, -7.0
ratio, 0.505050505051
[[ 15.  13.   5.]
 [ 12.  12.   5.]
 [  9.  10.  19.]]
cf_score, 32.0
nv_score, 4.0
ratio, 0.464646464646
[[ 17.  16.  11.]
 [ 10.  14.   9.]
 [  4.   6.  13.]]
cf_score, 29.0
nv_score, -18.0
ratio, 0.444444444444
[[ 10.  14.  11.]
 [ 11.  14.   5.]
 [  5.   8.  22.]]
cf_score, 30.0
nv_score, -5.0
ratio, 0.464646464646
[[ 10.   7.  15.]
 [  3.  23.  13.]
 [  4.   9.  16.]]
cf_score, 30.0
nv_score, -27.0
ratio, 0.494949494949
[[  5.  18.   7.]
 [  3.  19.  14.]
 [  4.   9.  21.]]
cf_score, 34.0
nv_score, -7.0
ratio, 0.454545454545
[[ 14.   7.   9.]
 [ 19.  18.   7.]
 [  4.   7.  15.]]
cf_score, 34.0
nv_score, -10.0
ratio, 0.474747474747
[[ 15.   9.   8.]
 [ 18.   8.   5.]
 [ 17.   3.  17.]]
cf_score, 15.0
nv_score, -4.0
ratio, 0.40404040404
[[ 10.   7.  12.]
 [ 12.  13.  11.]
 [  4.  15.  16.]]
cf_score, 23.0
nv_score, -19.0
ratio, 0.393939393939
[[ 11.   9.  12.]
 [  6.  19.   9.]
 [  3.  10.  21.]]
cf_score, 36.0
nv_score, -12.0
ratio, 0.515151515152
[[ 11.   9.  13.]
 [ 21.   9.   9.]
 [  1.   7.  20.]]
cf_score, 26.0
nv_score, -15.0
ratio, 0.40404040404
[[ 13.  11.   9.]
 [ 10.  13.  10.]
 [  4.  14.  16.]]
cf_score, 29.0
nv_score, -12.0
ratio, 0.424242424242
[[ 11.   8.   9.]
 [ 12.  14.  14.]
 [  2.  12.  18.]]
cf_score, 32.0
nv_score, -14.0
ratio, 0.434343434343
