[[  0.  22.   8.]
 [  1.  33.   6.]
 [  0.  19.  11.]]
cf_score, 36.0
nv_score, -11.0
ratio, 0.444444444444
[[  0.  24.  14.]
 [  0.  22.   6.]
 [  0.  11.  23.]]
cf_score, 31.0
nv_score, -11.0
ratio, 0.454545454545
[[  0.  19.  15.]
 [  0.  30.  10.]
 [  0.  10.  16.]]
cf_score, 31.0
nv_score, -24.0
ratio, 0.464646464646
[[  0.  24.  12.]
 [  0.  23.  11.]
 [  0.  14.  16.]]
cf_score, 27.0
nv_score, -19.0
ratio, 0.393939393939
[[  0.  25.  12.]
 [  0.  27.   4.]
 [  0.  22.  10.]]
cf_score, 25.0
nv_score, -18.0
ratio, 0.373737373737
[[  0.  26.  10.]
 [  0.  34.   6.]
 [  0.   8.  16.]]
cf_score, 40.0
nv_score, -10.0
ratio, 0.505050505051
[[  0.  13.  19.]
 [  1.  21.  15.]
 [  0.   9.  22.]]
cf_score, 24.0
nv_score, -31.0
ratio, 0.434343434343
[[  0.  21.  10.]
 [  0.  29.  14.]
 [  0.   8.  18.]]
cf_score, 37.0
nv_score, -16.0
ratio, 0.474747474747
[[  0.  18.  14.]
 [  0.  27.   7.]
 [  0.  14.  20.]]
cf_score, 33.0
nv_score, -15.0
ratio, 0.474747474747
[[  0.  14.  15.]
 [  0.  30.   7.]
 [  0.  12.  22.]]
cf_score, 37.0
nv_score, -15.0
ratio, 0.525252525253
[[  8.  16.  14.]
 [ 10.  13.   5.]
 [  4.   8.  22.]]
cf_score, 25.0
nv_score, -11.0
ratio, 0.434343434343
[[ 28.   3.  14.]
 [ 17.   4.   4.]
 [  9.   1.  20.]]
cf_score, 29.0
nv_score, -12.0
ratio, 0.525252525253
[[  1.  20.  22.]
 [  2.  24.   9.]
 [  1.   5.  16.]]
cf_score, 18.0
nv_score, -37.0
ratio, 0.414141414141
[[  0.  21.  11.]
 [  0.  30.  12.]
 [  0.  12.  14.]]
cf_score, 33.0
nv_score, -20.0
ratio, 0.444444444444
[[  2.  23.  15.]
 [  7.  17.   9.]
 [  1.   8.  18.]]
cf_score, 21.0
nv_score, -21.0
ratio, 0.373737373737
[[  5.  14.  11.]
 [  5.  19.  12.]
 [  1.  14.  19.]]
cf_score, 31.0
nv_score, -15.0
ratio, 0.434343434343
[[ 11.  11.  15.]
 [  5.  13.   8.]
 [  3.   8.  26.]]
cf_score, 32.0
nv_score, -12.0
ratio, 0.505050505051
[[  3.  13.  18.]
 [  7.  17.  13.]
 [  1.  10.  18.]]
cf_score, 19.0
nv_score, -31.0
ratio, 0.383838383838
[[ 11.  15.  15.]
 [ 10.  11.   7.]
 [  7.   6.  18.]]
cf_score, 18.0
nv_score, -19.0
ratio, 0.40404040404
[[  7.   8.  16.]
 [ 13.  18.  11.]
 [  4.   6.  17.]]
cf_score, 22.0
nv_score, -26.0
ratio, 0.424242424242
[[  4.  20.  12.]
 [  9.  27.   6.]
 [  0.   7.  15.]]
cf_score, 34.0
nv_score, -15.0
ratio, 0.464646464646
[[  2.  12.  17.]
 [  7.  13.  16.]
 [  2.   9.  22.]]
cf_score, 18.0
nv_score, -28.0
ratio, 0.373737373737
[[  4.  16.  19.]
 [  5.  18.   7.]
 [  1.   8.  22.]]
cf_score, 24.0
nv_score, -23.0
ratio, 0.444444444444
[[  9.  14.  13.]
 [ 13.  13.   9.]
 [  4.   8.  17.]]
cf_score, 22.0
nv_score, -18.0
ratio, 0.393939393939
[[  6.   9.  15.]
 [  5.  18.  14.]
 [  2.   8.  23.]]
cf_score, 30.0
nv_score, -21.0
ratio, 0.474747474747
[[  8.  13.   7.]
 [  8.  23.   7.]
 [  1.  14.  19.]]
cf_score, 42.0
nv_score, -2.0
ratio, 0.505050505051
[[ 10.  18.   9.]
 [ 12.  14.   9.]
 [  3.  13.  12.]]
cf_score, 24.0
nv_score, -15.0
ratio, 0.363636363636
[[  7.  19.  17.]
 [  7.  23.   9.]
 [  2.   5.  11.]]
cf_score, 22.0
nv_score, -32.0
ratio, 0.414141414141
[[  2.  13.  13.]
 [  9.  21.  12.]
 [  1.  11.  18.]]
cf_score, 27.0
nv_score, -20.0
ratio, 0.414141414141
[[  7.  17.   6.]
 [ 12.  18.   7.]
 [  1.   8.  24.]]
cf_score, 42.0
nv_score, 5.0
ratio, 0.494949494949
[[ 11.   7.  17.]
 [ 12.  14.  11.]
 [  5.   6.  17.]]
cf_score, 20.0
nv_score, -28.0
ratio, 0.424242424242
[[ 11.  13.  12.]
 [  8.  13.   8.]
 [  2.   4.  29.]]
cf_score, 39.0
nv_score, -3.0
ratio, 0.535353535354
[[  3.  16.  18.]
 [  4.  14.  12.]
 [  2.   7.  24.]]
cf_score, 21.0
nv_score, -24.0
ratio, 0.414141414141
[[  4.  23.  14.]
 [ 12.   8.  10.]
 [  3.  10.  16.]]
cf_score, 11.0
nv_score, -22.0
ratio, 0.282828282828
[[  8.  11.  15.]
 [ 16.  12.  17.]
 [  2.   5.  14.]]
cf_score, 17.0
nv_score, -33.0
ratio, 0.343434343434
[[  7.  13.  16.]
 [  9.  10.  15.]
 [  7.   5.  18.]]
cf_score, 12.0
nv_score, -29.0
ratio, 0.353535353535
[[  6.  13.  16.]
 [ 15.  16.  13.]
 [  2.   3.  16.]]
cf_score, 20.0
nv_score, -29.0
ratio, 0.383838383838
[[  7.   7.  18.]
 [ 11.  12.  14.]
 [  6.   7.  18.]]
cf_score, 13.0
nv_score, -32.0
ratio, 0.373737373737
[[  5.  24.  10.]
 [  7.  17.   6.]
 [  3.  11.  17.]]
cf_score, 26.0
nv_score, -9.0
ratio, 0.393939393939
[[  3.  13.  22.]
 [  5.  12.  11.]
 [  3.   7.  24.]]
cf_score, 14.0
nv_score, -31.0
ratio, 0.393939393939
[[ 14.   7.  14.]
 [ 17.   7.  11.]
 [  8.   3.  19.]]
cf_score, 18.0
nv_score, -20.0
ratio, 0.40404040404
[[ 15.   6.  11.]
 [ 15.   8.  13.]
 [  5.   1.  26.]]
cf_score, 33.0
nv_score, -9.0
ratio, 0.494949494949
[[ 10.  10.  11.]
 [ 16.   9.   9.]
 [  2.   6.  27.]]
cf_score, 33.0
nv_score, -4.0
ratio, 0.464646464646
[[ 12.  14.  16.]
 [  7.  11.  15.]
 [  0.   8.  17.]]
cf_score, 24.0
nv_score, -30.0
ratio, 0.40404040404
[[  7.  12.  20.]
 [  8.  11.  11.]
 [  4.   4.  23.]]
cf_score, 17.0
nv_score, -28.0
ratio, 0.414141414141
[[  4.  12.  23.]
 [  3.  20.  13.]
 [  1.   7.  17.]]
cf_score, 17.0
nv_score, -42.0
ratio, 0.414141414141
[[  4.  12.  11.]
 [  6.  16.  17.]
 [  3.  10.  21.]]
cf_score, 27.0
nv_score, -18.0
ratio, 0.414141414141
[[  3.  13.  11.]
 [  4.  27.  14.]
 [  0.   7.  21.]]
cf_score, 40.0
nv_score, -15.0
ratio, 0.515151515152
[[ 10.   5.  16.]
 [ 13.  11.  10.]
 [  6.   9.  20.]]
cf_score, 19.0
nv_score, -22.0
ratio, 0.414141414141
[[  4.  17.  16.]
 [  8.  17.  13.]
 [  1.   5.  19.]]
cf_score, 23.0
nv_score, -26.0
ratio, 0.40404040404
