[[  0.  36.   0.]
 [  0.  30.   0.]
 [  0.  34.   0.]]
cf_score, 30.0
nv_score, 0.0
ratio, 0.30303030303
[[  0.  34.   0.]
 [  0.  30.   0.]
 [  0.  36.   0.]]
cf_score, 30.0
nv_score, 0.0
ratio, 0.30303030303
[[  0.  38.   0.]
 [  0.  26.   0.]
 [  0.  36.   0.]]
cf_score, 26.0
nv_score, 0.0
ratio, 0.262626262626
[[  0.  33.   0.]
 [  0.  25.   0.]
 [  0.  42.   0.]]
cf_score, 25.0
nv_score, 0.0
ratio, 0.252525252525
[[  0.  33.   0.]
 [  0.  28.   0.]
 [  0.  39.   0.]]
cf_score, 28.0
nv_score, 0.0
ratio, 0.282828282828
[[  0.   0.  34.]
 [  0.   0.  34.]
 [  0.   0.  32.]]
cf_score, -2.0
nv_score, -70.0
ratio, 0.323232323232
[[  0.  34.   0.]
 [  0.  21.   0.]
 [  0.  45.   0.]]
cf_score, 21.0
nv_score, 0.0
ratio, 0.212121212121
[[  0.  35.   0.]
 [  0.  34.   0.]
 [  0.  31.   0.]]
cf_score, 34.0
nv_score, 0.0
ratio, 0.343434343434
[[  0.  41.   0.]
 [  0.  32.   0.]
 [  0.  27.   0.]]
cf_score, 32.0
nv_score, 0.0
ratio, 0.323232323232
[[  0.  40.   0.]
 [  0.  26.   0.]
 [  0.  34.   0.]]
cf_score, 26.0
nv_score, 0.0
ratio, 0.262626262626
[[  0.  39.   0.]
 [  0.  26.   0.]
 [  0.  35.   0.]]
cf_score, 26.0
nv_score, 0.0
ratio, 0.262626262626
[[  0.  33.   0.]
 [  0.  29.   0.]
 [  0.  38.   0.]]
cf_score, 29.0
nv_score, 0.0
ratio, 0.292929292929
[[  0.  43.   0.]
 [  0.  24.   0.]
 [  0.  33.   0.]]
cf_score, 24.0
nv_score, 0.0
ratio, 0.242424242424
[[  0.  32.   0.]
 [  0.  28.   0.]
 [  0.  40.   0.]]
cf_score, 28.0
nv_score, 0.0
ratio, 0.282828282828
[[  0.  40.   0.]
 [  0.  23.   0.]
 [  0.  37.   0.]]
cf_score, 23.0
nv_score, 0.0
ratio, 0.232323232323
[[  0.  37.   0.]
 [  0.  29.   0.]
 [  0.  34.   0.]]
cf_score, 29.0
nv_score, 0.0
ratio, 0.292929292929
[[  0.   0.  31.]
 [  0.   0.  35.]
 [  0.   0.  34.]]
cf_score, 3.0
nv_score, -63.0
ratio, 0.343434343434
[[  0.  37.   0.]
 [  0.  23.   0.]
 [  0.  40.   0.]]
cf_score, 23.0
nv_score, 0.0
ratio, 0.232323232323
[[  0.  37.   0.]
 [  0.  29.   0.]
 [  0.  34.   0.]]
cf_score, 29.0
nv_score, 0.0
ratio, 0.292929292929
[[  0.  30.   0.]
 [  0.  41.   0.]
 [  0.  29.   0.]]
cf_score, 41.0
nv_score, 0.0
ratio, 0.414141414141
[[  0.  44.   0.]
 [  0.  32.   0.]
 [  0.  24.   0.]]
cf_score, 32.0
nv_score, 0.0
ratio, 0.323232323232
[[  0.  37.   0.]
 [  0.  29.   0.]
 [  0.  34.   0.]]
cf_score, 29.0
nv_score, 0.0
ratio, 0.292929292929
[[  0.  40.   0.]
 [  0.  32.   0.]
 [  0.  28.   0.]]
cf_score, 32.0
nv_score, 0.0
ratio, 0.323232323232
[[  0.  42.   0.]
 [  0.  31.   0.]
 [  0.  27.   0.]]
cf_score, 31.0
nv_score, 0.0
ratio, 0.313131313131
[[  0.  52.   0.]
 [  0.  19.   0.]
 [  0.  29.   0.]]
cf_score, 19.0
nv_score, 0.0
ratio, 0.191919191919
[[  0.  31.   0.]
 [  0.  30.   0.]
 [  0.  39.   0.]]
cf_score, 30.0
nv_score, 0.0
ratio, 0.30303030303
[[  0.  35.   0.]
 [  0.  28.   0.]
 [  0.  37.   0.]]
cf_score, 28.0
nv_score, 0.0
ratio, 0.282828282828
[[  0.  29.   0.]
 [  0.  26.   0.]
 [  0.  45.   0.]]
cf_score, 26.0
nv_score, 0.0
ratio, 0.262626262626
[[  0.  36.   0.]
 [  0.  37.   0.]
 [  0.  27.   0.]]
cf_score, 37.0
nv_score, 0.0
ratio, 0.373737373737
[[  0.  38.   0.]
 [  0.  30.   0.]
 [  0.  32.   0.]]
cf_score, 30.0
nv_score, 0.0
ratio, 0.30303030303
[[  0.  36.   0.]
 [  0.  27.   0.]
 [  0.  37.   0.]]
cf_score, 27.0
nv_score, 0.0
ratio, 0.272727272727
[[  0.  31.   0.]
 [  0.  32.   0.]
 [  0.  37.   0.]]
cf_score, 32.0
nv_score, 0.0
ratio, 0.323232323232
[[  0.  37.   0.]
 [  0.  30.   0.]
 [  0.  33.   0.]]
cf_score, 30.0
nv_score, 0.0
ratio, 0.30303030303
[[  0.  38.   0.]
 [  0.  29.   0.]
 [  0.  33.   0.]]
cf_score, 29.0
nv_score, 0.0
ratio, 0.292929292929
[[  0.  38.   0.]
 [  0.  31.   0.]
 [  0.  31.   0.]]
cf_score, 31.0
nv_score, 0.0
ratio, 0.313131313131
[[  0.  30.   0.]
 [  0.  34.   0.]
 [  0.  36.   0.]]
cf_score, 34.0
nv_score, 0.0
ratio, 0.343434343434
[[  0.   0.  35.]
 [  0.   0.  34.]
 [  0.   0.  31.]]
cf_score, -4.0
nv_score, -73.0
ratio, 0.313131313131
[[  0.  46.   0.]
 [  0.  30.   0.]
 [  0.  24.   0.]]
cf_score, 30.0
nv_score, 0.0
ratio, 0.30303030303
[[  0.  33.   0.]
 [  0.  32.   0.]
 [  0.  35.   0.]]
cf_score, 32.0
nv_score, 0.0
ratio, 0.323232323232
[[  0.  36.   0.]
 [  0.  30.   0.]
 [  0.  34.   0.]]
cf_score, 30.0
nv_score, 0.0
ratio, 0.30303030303
[[  0.  42.   0.]
 [  0.  27.   0.]
 [  0.  31.   0.]]
cf_score, 27.0
nv_score, 0.0
ratio, 0.272727272727
[[  0.  40.   0.]
 [  0.  29.   0.]
 [  0.  31.   0.]]
cf_score, 29.0
nv_score, 0.0
ratio, 0.292929292929
[[  0.  33.   0.]
 [  0.  34.   0.]
 [  0.  33.   0.]]
cf_score, 34.0
nv_score, 0.0
ratio, 0.343434343434
[[  0.  46.   0.]
 [  0.  24.   0.]
 [  0.  30.   0.]]
cf_score, 24.0
nv_score, 0.0
ratio, 0.242424242424
[[  0.  34.   0.]
 [  0.  30.   0.]
 [  0.  36.   0.]]
cf_score, 30.0
nv_score, 0.0
ratio, 0.30303030303
[[  0.  38.   0.]
 [  0.  26.   0.]
 [  0.  36.   0.]]
cf_score, 26.0
nv_score, 0.0
ratio, 0.262626262626
[[  0.  40.   0.]
 [  0.  26.   0.]
 [  0.  34.   0.]]
cf_score, 26.0
nv_score, 0.0
ratio, 0.262626262626
[[  0.  36.   0.]
 [  0.  25.   0.]
 [  0.  39.   0.]]
cf_score, 25.0
nv_score, 0.0
ratio, 0.252525252525
[[  0.  38.   0.]
 [  0.  31.   0.]
 [  0.  31.   0.]]
cf_score, 31.0
nv_score, 0.0
ratio, 0.313131313131
[[  0.  35.   0.]
 [  0.  33.   0.]
 [  0.  32.   0.]]
cf_score, 33.0
nv_score, 0.0
ratio, 0.333333333333
