[[ 23.   0.   0.]
 [ 34.   0.   0.]
 [ 43.   0.   0.]]
cf_score, -20.0
nv_score, 0.0
ratio, 0.232323232323
[[ 22.   0.   0.]
 [ 28.   0.   0.]
 [ 50.   0.   0.]]
cf_score, -28.0
nv_score, 0.0
ratio, 0.222222222222
[[ 22.   0.   0.]
 [ 38.   0.   0.]
 [ 40.   0.   0.]]
cf_score, -18.0
nv_score, 0.0
ratio, 0.222222222222
[[ 21.   0.   0.]
 [ 33.   0.   0.]
 [ 46.   0.   0.]]
cf_score, -25.0
nv_score, 0.0
ratio, 0.212121212121
[[ 28.   0.   0.]
 [ 22.   0.   0.]
 [ 50.   0.   0.]]
cf_score, -22.0
nv_score, 0.0
ratio, 0.282828282828
[[ 25.   0.   0.]
 [ 33.   0.   0.]
 [ 42.   0.   0.]]
cf_score, -17.0
nv_score, 0.0
ratio, 0.252525252525
[[ 22.   0.   0.]
 [ 36.   0.   0.]
 [ 42.   0.   0.]]
cf_score, -20.0
nv_score, 0.0
ratio, 0.222222222222
[[  2.  11.  15.]
 [  4.  24.   7.]
 [  5.  16.  16.]]
cf_score, 22.0
nv_score, -21.0
ratio, 0.424242424242
[[  4.   9.  12.]
 [  0.  27.  10.]
 [  7.  15.  16.]]
cf_score, 28.0
nv_score, -18.0
ratio, 0.474747474747
[[  1.   9.  22.]
 [  1.  19.   8.]
 [  7.  17.  16.]]
cf_score, 7.0
nv_score, -36.0
ratio, 0.363636363636
[[  1.  10.  13.]
 [  2.  19.   5.]
 [  7.  24.  19.]]
cf_score, 19.0
nv_score, -12.0
ratio, 0.393939393939
[[  6.   3.  12.]
 [  2.  27.   6.]
 [  7.  21.  16.]]
cf_score, 30.0
nv_score, -14.0
ratio, 0.494949494949
[[  2.   7.  13.]
 [  4.  24.   5.]
 [ 15.  12.  18.]]
cf_score, 16.0
nv_score, -13.0
ratio, 0.444444444444
[[  9.   7.  12.]
 [  1.  19.   9.]
 [ 13.  13.  17.]]
cf_score, 20.0
nv_score, -16.0
ratio, 0.454545454545
[[  6.   8.   9.]
 [  9.  22.   1.]
 [ 12.  16.  17.]]
cf_score, 24.0
nv_score, -2.0
ratio, 0.454545454545
[[ 25.   5.   0.]
 [  9.  21.   0.]
 [ 25.  15.   0.]]
cf_score, 21.0
nv_score, 0.0
ratio, 0.464646464646
[[ 16.   8.   0.]
 [ 13.  22.   0.]
 [ 24.  17.   0.]]
cf_score, 14.0
nv_score, 0.0
ratio, 0.383838383838
[[ 18.   6.   0.]
 [  6.  24.   0.]
 [ 24.  22.   0.]]
cf_score, 18.0
nv_score, 0.0
ratio, 0.424242424242
[[ 14.   6.   0.]
 [  9.  24.   0.]
 [ 30.  17.   0.]]
cf_score, 8.0
nv_score, 0.0
ratio, 0.383838383838
[[ 22.   5.   0.]
 [  8.  21.   0.]
 [ 24.  20.   0.]]
cf_score, 19.0
nv_score, 0.0
ratio, 0.434343434343
[[ 18.   2.   0.]
 [  8.  20.   0.]
 [ 29.  23.   0.]]
cf_score, 9.0
nv_score, 0.0
ratio, 0.383838383838
[[ 11.   5.   6.]
 [  2.  21.   4.]
 [ 13.  25.  13.]]
cf_score, 26.0
nv_score, -3.0
ratio, 0.454545454545
[[ 12.   5.   6.]
 [  2.  17.   8.]
 [  4.  32.  14.]]
cf_score, 33.0
nv_score, -6.0
ratio, 0.434343434343
[[ 11.   6.   7.]
 [  3.  22.   7.]
 [  6.  20.  18.]]
cf_score, 38.0
nv_score, -3.0
ratio, 0.515151515152
[[  8.  12.   7.]
 [  3.  24.   5.]
 [  8.  23.  10.]]
cf_score, 27.0
nv_score, -9.0
ratio, 0.424242424242
[[  8.   7.   7.]
 [  3.  23.  12.]
 [  9.  18.  13.]]
cf_score, 28.0
nv_score, -13.0
ratio, 0.444444444444
[[  9.   6.   4.]
 [  6.  21.   8.]
 [ 17.  15.  14.]]
cf_score, 23.0
nv_score, -2.0
ratio, 0.444444444444
[[  9.   8.  10.]
 [  2.  25.   4.]
 [ 12.  20.  10.]]
cf_score, 22.0
nv_score, -14.0
ratio, 0.444444444444
[[ 14.  11.   7.]
 [  1.  19.   8.]
 [  8.  20.  12.]]
cf_score, 30.0
nv_score, -10.0
ratio, 0.454545454545
[[ 13.   4.   9.]
 [  2.  31.   3.]
 [  6.  19.  13.]]
cf_score, 42.0
nv_score, -8.0
ratio, 0.575757575758
[[ 14.   5.   7.]
 [  4.  18.   9.]
 [  6.  21.  16.]]
cf_score, 35.0
nv_score, -7.0
ratio, 0.484848484848
[[  3.   6.  11.]
 [  4.  21.   7.]
 [  9.  22.  17.]]
cf_score, 21.0
nv_score, -12.0
ratio, 0.414141414141
[[  9.   3.  11.]
 [  1.  26.   6.]
 [  3.  18.  23.]]
cf_score, 44.0
nv_score, -5.0
ratio, 0.585858585859
[[ 11.   6.   7.]
 [  3.  19.   8.]
 [  6.  24.  16.]]
cf_score, 33.0
nv_score, -6.0
ratio, 0.464646464646
[[  6.   2.  16.]
 [  3.  19.   6.]
 [  1.  30.  17.]]
cf_score, 25.0
nv_score, -21.0
ratio, 0.424242424242
[[  9.   4.   8.]
 [  3.  16.  10.]
 [  5.  27.  18.]]
cf_score, 30.0
nv_score, -8.0
ratio, 0.434343434343
[[  9.   5.  16.]
 [  2.  15.   3.]
 [  6.  26.  18.]]
cf_score, 20.0
nv_score, -17.0
ratio, 0.424242424242
[[ 10.   9.  14.]
 [  0.  25.   2.]
 [  2.  25.  13.]]
cf_score, 32.0
nv_score, -17.0
ratio, 0.484848484848
[[ 12.   4.   4.]
 [  4.  21.   6.]
 [  3.  24.  22.]]
cf_score, 48.0
nv_score, 8.0
ratio, 0.555555555556
[[  8.  10.  10.]
 [  3.  23.   7.]
 [  4.  21.  14.]]
cf_score, 31.0
nv_score, -13.0
ratio, 0.454545454545
[[  7.   6.  13.]
 [  2.  20.  10.]
 [  5.  16.  21.]]
cf_score, 30.0
nv_score, -15.0
ratio, 0.484848484848
[[ 12.   7.  11.]
 [  3.  18.   8.]
 [  7.  12.  22.]]
cf_score, 34.0
nv_score, -8.0
ratio, 0.525252525253
[[  6.   5.  11.]
 [  2.  23.   7.]
 [  8.  16.  22.]]
cf_score, 32.0
nv_score, -7.0
ratio, 0.515151515152
[[  8.   9.   7.]
 [  3.  18.  11.]
 [  8.  25.  11.]]
cf_score, 22.0
nv_score, -14.0
ratio, 0.373737373737
[[ 12.   5.   9.]
 [  2.  33.   3.]
 [  4.  22.  10.]]
cf_score, 42.0
nv_score, -11.0
ratio, 0.555555555556
[[  8.   9.  13.]
 [  2.  26.   8.]
 [  5.  16.  13.]]
cf_score, 29.0
nv_score, -21.0
ratio, 0.474747474747
[[ 13.   2.   7.]
 [  3.  18.   3.]
 [ 10.  23.  21.]]
cf_score, 35.0
nv_score, 4.0
ratio, 0.525252525253
[[  9.   6.  10.]
 [  2.  25.   8.]
 [  6.  16.  18.]]
cf_score, 36.0
nv_score, -10.0
ratio, 0.525252525253
[[  9.   6.  12.]
 [  3.  19.   3.]
 [  6.  27.  15.]]
cf_score, 25.0
nv_score, -12.0
ratio, 0.434343434343
[[ 10.   9.   9.]
 [  6.  23.   5.]
 [  4.  18.  16.]]
cf_score, 36.0
nv_score, -7.0
ratio, 0.494949494949
