[[  0.   0.  30.]
 [  0.   0.  35.]
 [  0.   0.  35.]]
cf_score, 5.0
ratio, 0.353535353535
[[  0.  16.  25.]
 [  0.  16.  19.]
 [  0.  18.   6.]]
cf_score, -3.0
ratio, 0.222222222222
[[  0.  21.  12.]
 [  0.  27.  13.]
 [  0.   8.  19.]]
cf_score, 34.0
ratio, 0.464646464646
[[  0.  22.  15.]
 [  0.  15.  20.]
 [  0.  12.  16.]]
cf_score, 16.0
ratio, 0.313131313131
[[ 10.   5.  17.]
 [  9.   9.  13.]
 [  2.  13.  22.]]
cf_score, 22.0
ratio, 0.414141414141
[[ 18.   5.  20.]
 [ 15.   8.   4.]
 [  6.   9.  15.]]
cf_score, 15.0
ratio, 0.414141414141
[[ 18.   8.  10.]
 [ 16.  10.   7.]
 [  9.   9.  13.]]
cf_score, 22.0
ratio, 0.414141414141
[[ 15.   8.  18.]
 [ 20.   3.   7.]
 [  9.   8.  12.]]
cf_score, 3.0
ratio, 0.30303030303
[[ 11.   9.  18.]
 [ 19.   7.   9.]
 [  5.  10.  12.]]
cf_score, 7.0
ratio, 0.30303030303
[[ 15.   9.  18.]
 [ 20.   8.  12.]
 [  3.   8.   7.]]
cf_score, 9.0
ratio, 0.30303030303
[[ 25.   8.   8.]
 [ 19.   3.   7.]
 [ 11.  11.   8.]]
cf_score, 17.0
ratio, 0.363636363636
[[  9.   9.  12.]
 [ 21.   6.  10.]
 [ 14.   8.  11.]]
cf_score, 0.0
ratio, 0.262626262626
[[ 14.   6.  12.]
 [ 21.   4.   6.]
 [ 18.   5.  14.]]
cf_score, 2.0
ratio, 0.323232323232
[[ 19.   3.  16.]
 [ 17.   7.   8.]
 [ 12.   5.  13.]]
cf_score, 11.0
ratio, 0.393939393939
[[ 18.   8.  12.]
 [ 20.   6.   8.]
 [ 16.   4.   8.]]
cf_score, 4.0
ratio, 0.323232323232
[[ 23.   7.  12.]
 [ 16.   3.   6.]
 [ 15.   3.  15.]]
cf_score, 14.0
ratio, 0.414141414141
[[ 16.   4.   8.]
 [ 26.   8.   7.]
 [  9.   7.  15.]]
cf_score, 22.0
ratio, 0.393939393939
[[ 22.   9.  13.]
 [ 21.   1.   5.]
 [ 17.   5.   7.]]
cf_score, 0.0
ratio, 0.30303030303
[[ 23.   5.  13.]
 [  9.   5.  10.]
 [ 15.   3.  17.]]
cf_score, 17.0
ratio, 0.454545454545
[[ 15.   6.  15.]
 [ 23.   2.   8.]
 [  8.   8.  15.]]
cf_score, 9.0
ratio, 0.323232323232
[[ 22.   5.  12.]
 [ 19.   4.   7.]
 [ 18.   4.   9.]]
cf_score, 5.0
ratio, 0.353535353535
[[ 24.   5.   8.]
 [ 19.   2.  11.]
 [  9.   6.  16.]]
cf_score, 25.0
ratio, 0.424242424242
[[ 21.   8.  10.]
 [ 17.   2.  12.]
 [ 12.   3.  15.]]
cf_score, 16.0
ratio, 0.383838383838
[[ 18.   9.  13.]
 [ 20.   0.   7.]
 [ 15.   7.  11.]]
cf_score, 1.0
ratio, 0.292929292929
[[ 17.   5.  14.]
 [ 17.   2.   8.]
 [ 18.   6.  13.]]
cf_score, 0.0
ratio, 0.323232323232
[[ 21.   8.  11.]
 [ 26.   1.   8.]
 [ 15.   5.   5.]]
cf_score, 1.0
ratio, 0.272727272727
[[ 21.   5.   9.]
 [ 23.   1.  12.]
 [ 22.   0.   7.]]
cf_score, -2.0
ratio, 0.292929292929
[[ 24.   9.  14.]
 [ 16.   0.   7.]
 [ 15.   4.  11.]]
cf_score, 6.0
ratio, 0.353535353535
[[ 22.   3.  14.]
 [ 22.   0.  12.]
 [ 15.   4.   8.]]
cf_score, 1.0
ratio, 0.30303030303
[[ 13.   5.  16.]
 [ 30.   0.   7.]
 [ 15.   3.  11.]]
cf_score, -7.0
ratio, 0.242424242424
[[ 17.   5.  15.]
 [ 29.   0.  10.]
 [ 16.   1.   7.]]
cf_score, -7.0
ratio, 0.242424242424
[[ 17.   2.  10.]
 [ 26.   0.  16.]
 [ 20.   0.   9.]]
cf_score, -4.0
ratio, 0.262626262626
[[ 28.   2.  10.]
 [ 22.   0.   7.]
 [ 15.   0.  16.]]
cf_score, 19.0
ratio, 0.444444444444
[[ 24.   1.  14.]
 [ 24.   0.   8.]
 [ 18.   0.  11.]]
cf_score, 3.0
ratio, 0.353535353535
[[ 27.   4.  14.]
 [ 21.   0.  12.]
 [ 14.   0.   8.]]
cf_score, 7.0
ratio, 0.353535353535
[[ 23.   7.   9.]
 [ 14.   0.  11.]
 [ 23.   0.  13.]]
cf_score, 4.0
ratio, 0.363636363636
[[ 18.   8.  11.]
 [ 30.   0.  11.]
 [ 10.   0.  12.]]
cf_score, 9.0
ratio, 0.30303030303
[[ 23.   3.  11.]
 [ 31.   0.  12.]
 [ 14.   0.   6.]]
cf_score, 4.0
ratio, 0.292929292929
[[ 23.   6.  15.]
 [ 23.   0.  13.]
 [ 10.   0.  10.]]
cf_score, 8.0
ratio, 0.333333333333
[[ 18.   4.  12.]
 [ 26.   0.  12.]
 [ 15.   0.  13.]]
cf_score, 4.0
ratio, 0.313131313131
[[ 14.   3.  14.]
 [ 31.   0.   9.]
 [ 16.   0.  13.]]
cf_score, -3.0
ratio, 0.272727272727
[[ 19.   5.  10.]
 [ 20.   0.  13.]
 [ 20.   0.  13.]]
cf_score, 2.0
ratio, 0.323232323232
[[ 25.   4.  11.]
 [ 19.   0.  13.]
 [ 14.   0.  14.]]
cf_score, 14.0
ratio, 0.393939393939
[[ 25.   3.  13.]
 [ 18.   0.  11.]
 [ 19.   0.  11.]]
cf_score, 4.0
ratio, 0.363636363636
[[ 19.   2.  12.]
 [ 22.   1.  10.]
 [ 18.   0.  16.]]
cf_score, 6.0
ratio, 0.363636363636
[[ 20.   3.  13.]
 [ 16.   0.  12.]
 [ 21.   0.  15.]]
cf_score, 1.0
ratio, 0.353535353535
[[ 19.   7.  13.]
 [ 15.   0.  12.]
 [ 18.   0.  16.]]
cf_score, 4.0
ratio, 0.353535353535
[[ 13.   6.  17.]
 [ 23.   0.  14.]
 [ 16.   0.  11.]]
cf_score, -9.0
ratio, 0.242424242424
[[ 22.   6.  13.]
 [ 23.   1.  12.]
 [ 14.   0.   9.]]
cf_score, 5.0
ratio, 0.323232323232
[[ 21.   0.   9.]
 [ 20.   2.  14.]
 [ 23.   0.  11.]]
cf_score, 2.0
ratio, 0.343434343434
