[[ 30.   5.   1.]
 [  4.  25.   3.]
 [ 11.  16.   5.]]
cf_score, 48.0
nv_score, 0.0
ratio, 0.606060606061
[[ 23.   4.  10.]
 [  2.  27.   3.]
 [ 12.  13.   6.]]
cf_score, 34.0
nv_score, -17.0
ratio, 0.565656565657
[[ 24.   1.  10.]
 [  0.  29.   7.]
 [  8.  12.   9.]]
cf_score, 44.0
nv_score, -18.0
ratio, 0.626262626263
[[ 23.   4.   3.]
 [  1.  24.   7.]
 [ 15.  14.   9.]]
cf_score, 38.0
nv_score, -4.0
ratio, 0.565656565657
[[ 23.   2.   5.]
 [  3.  29.   9.]
 [ 10.   6.  13.]]
cf_score, 50.0
nv_score, -6.0
ratio, 0.656565656566
[[ 21.   4.   9.]
 [  2.  20.   7.]
 [ 13.  11.  13.]]
cf_score, 32.0
nv_score, -12.0
ratio, 0.545454545455
[[ 26.   1.  12.]
 [  0.  28.   5.]
 [  4.   9.  15.]]
cf_score, 53.0
nv_score, -14.0
ratio, 0.69696969697
[[ 26.   8.   8.]
 [  0.  25.   3.]
 [ 10.  10.  10.]]
cf_score, 43.0
nv_score, -9.0
ratio, 0.616161616162
[[ 27.   5.   7.]
 [  2.  20.  13.]
 [  3.  11.  12.]]
cf_score, 49.0
nv_score, -15.0
ratio, 0.59595959596
[[ 28.   2.   7.]
 [  2.  21.  10.]
 [ 12.   8.  10.]]
cf_score, 40.0
nv_score, -14.0
ratio, 0.59595959596
[[ 25.   1.   7.]
 [  0.  28.   5.]
 [ 11.   6.  17.]]
cf_score, 52.0
nv_score, -2.0
ratio, 0.707070707071
[[ 24.   4.   6.]
 [  1.  23.   9.]
 [  9.   8.  16.]]
cf_score, 48.0
nv_score, -5.0
ratio, 0.636363636364
[[ 25.   4.  13.]
 [  1.  17.  13.]
 [  5.   7.  15.]]
cf_score, 39.0
nv_score, -24.0
ratio, 0.575757575758
[[ 28.   1.   8.]
 [  2.  20.  10.]
 [ 11.   4.  16.]]
cf_score, 45.0
nv_score, -10.0
ratio, 0.646464646465
[[ 19.   5.   9.]
 [  1.  18.  11.]
 [  9.  10.  18.]]
cf_score, 37.0
nv_score, -11.0
ratio, 0.555555555556
[[ 29.   5.   7.]
 [  1.  24.   8.]
 [  7.  10.   9.]]
cf_score, 48.0
nv_score, -13.0
ratio, 0.626262626263
[[ 24.   5.   2.]
 [  2.  21.  13.]
 [ 14.   7.  12.]]
cf_score, 41.0
nv_score, -5.0
ratio, 0.575757575758
[[ 26.   3.   9.]
 [  2.  22.   8.]
 [ 15.   8.   7.]]
cf_score, 31.0
nv_score, -19.0
ratio, 0.555555555556
[[ 20.   3.   4.]
 [  3.  17.  10.]
 [ 17.  10.  16.]]
cf_score, 32.0
nv_score, -2.0
ratio, 0.535353535354
[[ 18.   6.  11.]
 [  2.  20.   8.]
 [  8.  10.  17.]]
cf_score, 36.0
nv_score, -13.0
ratio, 0.555555555556
[[ 28.   5.   6.]
 [  4.  25.   7.]
 [  7.   6.  12.]]
cf_score, 52.0
nv_score, -7.0
ratio, 0.656565656566
[[ 18.   6.   2.]
 [  4.  25.  10.]
 [  9.  17.   9.]]
cf_score, 41.0
nv_score, -5.0
ratio, 0.525252525253
[[ 30.   6.   6.]
 [  3.  22.   7.]
 [  1.   8.  17.]]
cf_score, 62.0
nv_score, -2.0
ratio, 0.69696969697
[[ 20.   8.   7.]
 [  1.  18.  11.]
 [ 10.   8.  17.]]
cf_score, 38.0
nv_score, -8.0
ratio, 0.555555555556
[[ 24.   2.  11.]
 [  2.  19.   7.]
 [  8.   8.  19.]]
cf_score, 43.0
nv_score, -10.0
ratio, 0.626262626263
[[ 27.   3.   8.]
 [  7.  16.  13.]
 [  8.   7.  11.]]
cf_score, 38.0
nv_score, -18.0
ratio, 0.545454545455
[[ 30.   4.   7.]
 [  1.  23.  13.]
 [  6.   5.  11.]]
cf_score, 51.0
nv_score, -16.0
ratio, 0.646464646465
[[ 27.   2.   9.]
 [  0.  20.  14.]
 [  8.   6.  14.]]
cf_score, 44.0
nv_score, -18.0
ratio, 0.616161616162
[[ 31.   3.   8.]
 [  3.  20.   8.]
 [  8.  11.   8.]]
cf_score, 43.0
nv_score, -16.0
ratio, 0.59595959596
[[ 19.   6.   9.]
 [  1.  19.  10.]
 [ 12.  11.  13.]]
cf_score, 30.0
nv_score, -15.0
ratio, 0.515151515152
[[ 20.   3.   5.]
 [  6.  15.  10.]
 [ 12.  10.  19.]]
cf_score, 37.0
nv_score, -1.0
ratio, 0.545454545455
[[ 24.   4.  11.]
 [  4.  21.   9.]
 [  6.   8.  13.]]
cf_score, 41.0
nv_score, -18.0
ratio, 0.585858585859
[[ 12.   4.   7.]
 [  5.  20.  16.]
 [ 12.   9.  15.]]
cf_score, 28.0
nv_score, -15.0
ratio, 0.474747474747
[[ 23.   2.   9.]
 [  3.  16.  17.]
 [ 11.   6.  13.]]
cf_score, 32.0
nv_score, -22.0
ratio, 0.525252525253
[[ 25.   6.   4.]
 [  2.  20.  14.]
 [ 11.  11.   7.]]
cf_score, 37.0
nv_score, -15.0
ratio, 0.525252525253
[[ 24.   4.   8.]
 [  2.  18.  12.]
 [  6.  11.  15.]]
cf_score, 43.0
nv_score, -13.0
ratio, 0.575757575758
[[ 21.   2.   7.]
 [  1.  20.  16.]
 [ 10.   9.  14.]]
cf_score, 38.0
nv_score, -16.0
ratio, 0.555555555556
[[ 26.   2.   7.]
 [  0.  18.  17.]
 [  8.   9.  13.]]
cf_score, 42.0
nv_score, -18.0
ratio, 0.575757575758
[[ 20.   4.   5.]
 [  1.  26.   8.]
 [  5.  12.  19.]]
cf_score, 55.0
nv_score, 1.0
ratio, 0.656565656566
[[ 20.   1.  11.]
 [  2.  25.   7.]
 [  9.  10.  15.]]
cf_score, 40.0
nv_score, -14.0
ratio, 0.606060606061
[[ 16.   8.   7.]
 [  5.  24.   5.]
 [ 10.  10.  15.]]
cf_score, 38.0
nv_score, -4.0
ratio, 0.555555555556
[[ 16.   5.   2.]
 [  3.  19.   8.]
 [ 17.  10.  20.]]
cf_score, 36.0
nv_score, 8.0
ratio, 0.555555555556
[[ 16.   1.  10.]
 [  1.  26.  10.]
 [  8.  11.  17.]]
cf_score, 41.0
nv_score, -13.0
ratio, 0.59595959596
[[ 25.   6.   5.]
 [  4.  25.  10.]
 [  6.  10.   9.]]
cf_score, 48.0
nv_score, -11.0
ratio, 0.59595959596
[[ 20.   9.   5.]
 [  2.  17.  14.]
 [  8.   8.  17.]]
cf_score, 41.0
nv_score, -7.0
ratio, 0.545454545455
[[ 18.   5.   7.]
 [  3.  16.   9.]
 [ 11.  10.  21.]]
cf_score, 37.0
nv_score, -2.0
ratio, 0.555555555556
[[ 27.   6.   6.]
 [  6.  20.  11.]
 [  6.   5.  13.]]
cf_score, 48.0
nv_score, -10.0
ratio, 0.606060606061
[[ 28.   6.   6.]
 [  1.  13.   4.]
 [ 12.  11.  19.]]
cf_score, 42.0
nv_score, 3.0
ratio, 0.606060606061
[[ 17.   6.   8.]
 [  1.  25.  13.]
 [  8.  11.  11.]]
cf_score, 37.0
nv_score, -18.0
ratio, 0.535353535354
[[ 24.   1.  13.]
 [  3.  18.  11.]
 [  8.   9.  13.]]
cf_score, 34.0
nv_score, -24.0
ratio, 0.555555555556
