[[ 19.   8.   0.]
 [  8.  28.   0.]
 [ 25.  11.   1.]]
cf_score, 23.0
nv_score, 1.0
ratio, 0.484848484848
[[ 15.  12.   3.]
 [  9.  24.   4.]
 [ 18.  13.   2.]]
cf_score, 20.0
nv_score, -8.0
ratio, 0.414141414141
[[ 11.  16.   5.]
 [  5.  17.   6.]
 [ 11.  16.  13.]]
cf_score, 25.0
nv_score, -3.0
ratio, 0.414141414141
[[ 12.  15.   8.]
 [  3.  18.   3.]
 [  2.  14.  25.]]
cf_score, 45.0
nv_score, 6.0
ratio, 0.555555555556
[[ 10.   9.  11.]
 [  7.  22.   5.]
 [  4.  14.  18.]]
cf_score, 35.0
nv_score, -9.0
ratio, 0.505050505051
[[ 14.  13.   7.]
 [  3.  18.  10.]
 [  3.   9.  23.]]
cf_score, 45.0
nv_score, -1.0
ratio, 0.555555555556
[[ 10.  13.   5.]
 [  3.  20.   7.]
 [ 11.  16.  15.]]
cf_score, 29.0
nv_score, -2.0
ratio, 0.454545454545
[[  6.  16.   5.]
 [  5.  28.   4.]
 [  5.  15.  16.]]
cf_score, 40.0
nv_score, 2.0
ratio, 0.505050505051
[[ 21.  12.   5.]
 [  7.  18.   3.]
 [  6.  16.  12.]]
cf_score, 40.0
nv_score, -1.0
ratio, 0.515151515152
[[ 17.  13.  10.]
 [  5.  24.   3.]
 [  2.  11.  15.]]
cf_score, 44.0
nv_score, -8.0
ratio, 0.565656565657
[[ 20.   9.   1.]
 [  5.  24.   1.]
 [  9.  12.  19.]]
cf_score, 53.0
nv_score, 16.0
ratio, 0.636363636364
[[ 17.  11.   2.]
 [  4.  25.   3.]
 [  6.  16.  16.]]
cf_score, 50.0
nv_score, 9.0
ratio, 0.585858585859
[[  7.  21.   7.]
 [  4.  28.   2.]
 [  5.  12.  14.]]
cf_score, 37.0
nv_score, -2.0
ratio, 0.494949494949
[[ 20.  16.   3.]
 [  4.  28.   1.]
 [  4.  13.  11.]]
cf_score, 52.0
nv_score, 4.0
ratio, 0.59595959596
[[ 11.  11.   2.]
 [ 11.  20.   1.]
 [  5.  14.  25.]]
cf_score, 49.0
nv_score, 20.0
ratio, 0.565656565657
[[ 14.  12.   3.]
 [  3.  29.   5.]
 [  6.  13.  15.]]
cf_score, 49.0
nv_score, 4.0
ratio, 0.585858585859
[[ 19.   7.   8.]
 [  8.  27.   1.]
 [  8.  11.  11.]]
cf_score, 41.0
nv_score, -6.0
ratio, 0.575757575758
[[ 18.   7.   2.]
 [  6.  28.   3.]
 [  8.  16.  12.]]
cf_score, 48.0
nv_score, 5.0
ratio, 0.585858585859
[[ 19.  17.   4.]
 [  6.  18.   7.]
 [  7.  11.  11.]]
cf_score, 37.0
nv_score, -4.0
ratio, 0.484848484848
[[ 10.  17.   3.]
 [  3.  24.   3.]
 [  8.  16.  16.]]
cf_score, 39.0
nv_score, 7.0
ratio, 0.505050505051
[[ 11.  16.   6.]
 [  0.  25.   6.]
 [ 10.  12.  14.]]
cf_score, 34.0
nv_score, -4.0
ratio, 0.505050505051
[[ 16.  20.   7.]
 [  4.  17.   9.]
 [  4.   6.  17.]]
cf_score, 39.0
nv_score, -6.0
ratio, 0.505050505051
[[ 14.   5.   5.]
 [  9.  18.   7.]
 [  7.  15.  20.]]
cf_score, 40.0
nv_score, 3.0
ratio, 0.525252525253
[[ 13.  10.   8.]
 [  7.  24.   7.]
 [  2.  10.  19.]]
cf_score, 46.0
nv_score, -4.0
ratio, 0.565656565657
[[ 11.  11.   3.]
 [  8.  24.   2.]
 [ 12.  15.  14.]]
cf_score, 34.0
nv_score, 6.0
ratio, 0.494949494949
[[ 14.  11.   6.]
 [  5.  20.   4.]
 [ 15.   7.  18.]]
cf_score, 31.0
nv_score, 2.0
ratio, 0.525252525253
[[ 13.  19.   8.]
 [  5.  21.   3.]
 [  8.  12.  11.]]
cf_score, 29.0
nv_score, -8.0
ratio, 0.454545454545
[[ 17.  16.   6.]
 [  4.  15.   6.]
 [ 10.   6.  20.]]
cf_score, 36.0
nv_score, 2.0
ratio, 0.525252525253
[[ 14.  25.   6.]
 [  7.  21.   5.]
 [  4.  12.   6.]]
cf_score, 31.0
nv_score, -11.0
ratio, 0.414141414141
[[  9.  13.   2.]
 [  7.  25.   3.]
 [  7.  15.  19.]]
cf_score, 44.0
nv_score, 12.0
ratio, 0.535353535354
[[ 10.  17.   8.]
 [  4.  21.   5.]
 [  4.  12.  19.]]
cf_score, 38.0
nv_score, -2.0
ratio, 0.505050505051
[[ 10.  17.   9.]
 [  4.  16.   8.]
 [  9.  10.  17.]]
cf_score, 25.0
nv_score, -9.0
ratio, 0.434343434343
[[ 15.   9.   6.]
 [  6.  20.  11.]
 [  7.  13.  13.]]
cf_score, 35.0
nv_score, -10.0
ratio, 0.484848484848
[[ 10.  19.   3.]
 [  6.  23.   8.]
 [  5.  12.  14.]]
cf_score, 39.0
nv_score, 0.0
ratio, 0.474747474747
[[ 19.  12.   4.]
 [  9.  21.   4.]
 [  4.   9.  18.]]
cf_score, 50.0
nv_score, 6.0
ratio, 0.585858585859
[[ 19.  14.   4.]
 [  4.  16.   8.]
 [ 12.  12.  11.]]
cf_score, 30.0
nv_score, -5.0
ratio, 0.464646464646
[[ 17.  17.   6.]
 [  3.  23.   8.]
 [  4.  12.  10.]]
cf_score, 40.0
nv_score, -10.0
ratio, 0.505050505051
[[ 14.  18.   1.]
 [  3.  17.   4.]
 [ 12.  17.  14.]]
cf_score, 32.0
nv_score, 8.0
ratio, 0.454545454545
[[ 13.  13.   6.]
 [  6.  22.   5.]
 [  6.  12.  17.]]
cf_score, 40.0
nv_score, 0.0
ratio, 0.525252525253
[[ 15.  18.   4.]
 [  7.  15.   5.]
 [  7.  13.  16.]]
cf_score, 35.0
nv_score, 3.0
ratio, 0.464646464646
[[ 15.  14.   1.]
 [ 10.  15.   2.]
 [ 14.  19.  10.]]
cf_score, 25.0
nv_score, 6.0
ratio, 0.40404040404
[[ 16.  15.   6.]
 [  4.  19.   5.]
 [  8.  11.  16.]]
cf_score, 37.0
nv_score, -1.0
ratio, 0.515151515152
[[ 12.  14.   8.]
 [  2.  18.   6.]
 [  7.  15.  18.]]
cf_score, 33.0
nv_score, -4.0
ratio, 0.484848484848
[[ 15.  16.   9.]
 [  4.  19.   6.]
 [  4.  11.  16.]]
cf_score, 37.0
nv_score, -8.0
ratio, 0.505050505051
[[ 16.  12.   2.]
 [  7.  25.   7.]
 [  9.  11.  11.]]
cf_score, 41.0
nv_score, 0.0
ratio, 0.525252525253
[[ 14.  16.   7.]
 [  6.  18.   2.]
 [  6.  17.  14.]]
cf_score, 33.0
nv_score, -2.0
ratio, 0.464646464646
[[ 12.  16.   1.]
 [  9.  22.   4.]
 [  6.  13.  17.]]
cf_score, 44.0
nv_score, 11.0
ratio, 0.515151515152
[[ 16.  14.   6.]
 [  5.  20.   6.]
 [  3.  13.  17.]]
cf_score, 44.0
nv_score, -1.0
ratio, 0.535353535354
[[ 15.  17.   3.]
 [  8.  20.   2.]
 [ 12.  12.  11.]]
cf_score, 31.0
nv_score, 3.0
ratio, 0.464646464646
[[ 10.  15.   9.]
 [  2.  15.   4.]
 [  7.  13.  25.]]
cf_score, 34.0
nv_score, 3.0
ratio, 0.505050505051
