[[ 17.   0.   8.]
 [ 21.   0.   9.]
 [ 22.   1.  22.]]
cf_score, 9.0
nv_score, -3.0
ratio, 0.393939393939
[[ 22.   0.   6.]
 [ 24.   0.   8.]
 [ 23.   0.  17.]]
cf_score, 10.0
nv_score, -3.0
ratio, 0.393939393939
[[ 21.   0.   9.]
 [ 31.   0.   9.]
 [ 16.   0.  14.]]
cf_score, 10.0
nv_score, -13.0
ratio, 0.353535353535
[[ 23.   0.   6.]
 [ 18.   0.  15.]
 [ 19.   0.  19.]]
cf_score, 17.0
nv_score, -8.0
ratio, 0.424242424242
[[ 20.   0.  11.]
 [ 27.   1.   9.]
 [ 14.   0.  18.]]
cf_score, 14.0
nv_score, -13.0
ratio, 0.393939393939
[[ 26.   0.   6.]
 [ 25.   0.   7.]
 [ 22.   0.  14.]]
cf_score, 12.0
nv_score, -5.0
ratio, 0.40404040404
[[ 27.   0.   5.]
 [ 21.   0.  11.]
 [ 18.   0.  18.]]
cf_score, 22.0
nv_score, -3.0
ratio, 0.454545454545
[[ 27.   0.   7.]
 [ 32.   0.   6.]
 [ 13.   0.  15.]]
cf_score, 22.0
nv_score, -5.0
ratio, 0.424242424242
[[ 27.   0.   3.]
 [ 23.   0.   8.]
 [ 17.   0.  22.]]
cf_score, 29.0
nv_score, 8.0
ratio, 0.494949494949
[[ 27.   0.   8.]
 [ 26.   0.   4.]
 [ 20.   0.  15.]]
cf_score, 14.0
nv_score, -5.0
ratio, 0.424242424242
[[ 30.   0.  11.]
 [ 21.   0.   8.]
 [ 13.   0.  17.]]
cf_score, 23.0
nv_score, -13.0
ratio, 0.474747474747
[[ 31.   0.   4.]
 [ 21.   0.   8.]
 [ 20.   0.  16.]]
cf_score, 23.0
nv_score, 0.0
ratio, 0.474747474747
[[ 23.   0.   1.]
 [ 21.   0.   8.]
 [ 25.   0.  22.]]
cf_score, 19.0
nv_score, 12.0
ratio, 0.454545454545
[[ 17.   0.   4.]
 [ 17.   0.   7.]
 [ 26.   0.  29.]]
cf_score, 16.0
nv_score, 14.0
ratio, 0.464646464646
[[ 30.   0.   6.]
 [ 27.   0.   7.]
 [ 19.   1.  10.]]
cf_score, 15.0
nv_score, -9.0
ratio, 0.40404040404
[[ 24.   0.   5.]
 [ 26.   0.   5.]
 [ 20.   0.  20.]]
cf_score, 19.0
nv_score, 5.0
ratio, 0.444444444444
[[ 20.   0.   7.]
 [ 27.   0.   8.]
 [ 25.   0.  13.]]
cf_score, 1.0
nv_score, -9.0
ratio, 0.333333333333
[[ 24.   0.   7.]
 [ 31.   0.   8.]
 [ 13.   0.  17.]]
cf_score, 21.0
nv_score, -5.0
ratio, 0.414141414141
[[ 30.   0.   5.]
 [ 22.   0.   8.]
 [ 17.   1.  17.]]
cf_score, 25.0
nv_score, -1.0
ratio, 0.474747474747
[[ 21.   1.   8.]
 [ 20.   0.  11.]
 [ 24.   2.  13.]]
cf_score, 2.0
nv_score, -14.0
ratio, 0.343434343434
[[ 29.   3.   4.]
 [ 27.   0.   9.]
 [ 12.   1.  15.]]
cf_score, 28.0
nv_score, -2.0
ratio, 0.444444444444
[[ 18.   0.   4.]
 [ 34.   0.   6.]
 [ 18.   0.  20.]]
cf_score, 16.0
nv_score, 6.0
ratio, 0.383838383838
[[ 23.   5.   7.]
 [ 25.   2.  12.]
 [ 16.   1.   9.]]
cf_score, 11.0
nv_score, -17.0
ratio, 0.343434343434
[[ 21.   0.   8.]
 [ 26.   0.  12.]
 [ 19.   0.  14.]]
cf_score, 8.0
nv_score, -14.0
ratio, 0.353535353535
[[ 30.   3.   4.]
 [ 20.   1.   8.]
 [ 15.   2.  17.]]
cf_score, 29.0
nv_score, 1.0
ratio, 0.484848484848
[[ 26.   0.   7.]
 [ 21.   0.   7.]
 [ 21.   3.  15.]]
cf_score, 13.0
nv_score, -6.0
ratio, 0.414141414141
[[ 25.   0.   2.]
 [ 29.   0.   6.]
 [ 18.   2.  18.]]
cf_score, 23.0
nv_score, 8.0
ratio, 0.434343434343
[[ 19.   2.  10.]
 [ 29.   0.  10.]
 [ 17.   3.  10.]]
cf_score, 2.0
nv_score, -20.0
ratio, 0.292929292929
[[ 29.   2.   5.]
 [ 23.   0.   5.]
 [ 15.   5.  16.]]
cf_score, 25.0
nv_score, 1.0
ratio, 0.454545454545
[[ 23.   0.   8.]
 [ 30.   0.   9.]
 [ 11.   1.  18.]]
cf_score, 22.0
nv_score, -7.0
ratio, 0.414141414141
[[ 15.   6.   5.]
 [ 29.   2.   8.]
 [ 20.   2.  13.]]
cf_score, 5.0
nv_score, -5.0
ratio, 0.30303030303
[[ 26.   1.   7.]
 [ 28.   2.   7.]
 [ 13.   2.  14.]]
cf_score, 22.0
nv_score, -7.0
ratio, 0.424242424242
[[ 25.   2.   5.]
 [ 23.   3.   9.]
 [ 22.   0.  11.]]
cf_score, 12.0
nv_score, -8.0
ratio, 0.393939393939
[[ 21.   2.   5.]
 [ 25.   0.  17.]
 [ 16.   0.  14.]]
cf_score, 14.0
nv_score, -13.0
ratio, 0.353535353535
[[ 22.   6.   5.]
 [ 24.   0.   7.]
 [ 22.   1.  13.]]
cf_score, 8.0
nv_score, -4.0
ratio, 0.353535353535
[[ 32.   3.   5.]
 [ 22.   0.   8.]
 [  9.   6.  15.]]
cf_score, 33.0
nv_score, -3.0
ratio, 0.474747474747
[[ 32.   1.   6.]
 [ 30.   0.   3.]
 [ 16.   2.  10.]]
cf_score, 20.0
nv_score, -5.0
ratio, 0.424242424242
[[ 17.   3.   3.]
 [ 27.   0.   8.]
 [ 26.   1.  15.]]
cf_score, 3.0
nv_score, 1.0
ratio, 0.323232323232
[[ 30.   2.   4.]
 [ 32.   0.   6.]
 [ 16.   3.   7.]]
cf_score, 17.0
nv_score, -7.0
ratio, 0.373737373737
[[ 25.   3.   5.]
 [ 26.   1.   5.]
 [ 19.   2.  14.]]
cf_score, 16.0
nv_score, -1.0
ratio, 0.40404040404
[[ 27.   2.   2.]
 [ 27.   1.   9.]
 [ 10.   6.  16.]]
cf_score, 32.0
nv_score, 3.0
ratio, 0.444444444444
[[ 28.   3.   5.]
 [ 25.   3.   3.]
 [ 10.   7.  16.]]
cf_score, 32.0
nv_score, 3.0
ratio, 0.474747474747
[[ 23.   2.   3.]
 [ 25.   4.   7.]
 [ 18.   4.  14.]]
cf_score, 20.0
nv_score, 1.0
ratio, 0.414141414141
[[ 17.   4.   3.]
 [ 31.   2.   9.]
 [ 19.   2.  13.]]
cf_score, 10.0
nv_score, -2.0
ratio, 0.323232323232
[[ 22.   1.   4.]
 [ 32.   2.   5.]
 [ 20.   3.  11.]]
cf_score, 11.0
nv_score, -2.0
ratio, 0.353535353535
[[ 21.   7.   2.]
 [ 25.   1.   6.]
 [ 14.   6.  18.]]
cf_score, 24.0
nv_score, 8.0
ratio, 0.40404040404
[[ 24.   6.   7.]
 [ 24.   3.   7.]
 [ 13.   1.  15.]]
cf_score, 22.0
nv_score, -6.0
ratio, 0.424242424242
[[ 24.   4.   2.]
 [ 21.   1.   9.]
 [ 22.   2.  15.]]
cf_score, 16.0
nv_score, 2.0
ratio, 0.40404040404
[[ 26.   5.   3.]
 [ 33.   1.   4.]
 [ 12.   4.  12.]]
cf_score, 24.0
nv_score, 2.0
ratio, 0.393939393939
[[ 19.   3.   2.]
 [ 28.   1.   6.]
 [ 22.   4.  15.]]
cf_score, 11.0
nv_score, 5.0
ratio, 0.353535353535
