[[  0.  35.   0.]
 [  0.  33.   0.]
 [  0.  32.   0.]]
cf_score, 33.0
nv_score, 0.0
ratio, 0.333333333333
[[  0.  43.   0.]
 [  0.  23.   0.]
 [  0.  34.   0.]]
cf_score, 23.0
nv_score, 0.0
ratio, 0.232323232323
[[  0.  40.   0.]
 [  0.  22.   0.]
 [  0.  38.   0.]]
cf_score, 22.0
nv_score, 0.0
ratio, 0.222222222222
[[  0.  32.   0.]
 [  0.  30.   0.]
 [  0.  38.   0.]]
cf_score, 30.0
nv_score, 0.0
ratio, 0.30303030303
[[  0.  40.   0.]
 [  0.  20.   0.]
 [  0.  40.   0.]]
cf_score, 20.0
nv_score, 0.0
ratio, 0.20202020202
[[  0.  39.   0.]
 [  0.  26.   0.]
 [  0.  35.   0.]]
cf_score, 26.0
nv_score, 0.0
ratio, 0.262626262626
[[  0.  30.   0.]
 [  0.  35.   0.]
 [  0.  35.   0.]]
cf_score, 35.0
nv_score, 0.0
ratio, 0.353535353535
[[  0.  29.   0.]
 [  0.  36.   0.]
 [  0.  35.   0.]]
cf_score, 36.0
nv_score, 0.0
ratio, 0.363636363636
[[  0.  36.   0.]
 [  0.  19.   0.]
 [  0.  45.   0.]]
cf_score, 19.0
nv_score, 0.0
ratio, 0.191919191919
[[  0.  35.   0.]
 [  0.  26.   0.]
 [  0.  39.   0.]]
cf_score, 26.0
nv_score, 0.0
ratio, 0.262626262626
[[  0.  31.   0.]
 [  0.  26.   0.]
 [  0.  43.   0.]]
cf_score, 26.0
nv_score, 0.0
ratio, 0.262626262626
[[  0.  32.   0.]
 [  0.  37.   0.]
 [  0.  31.   0.]]
cf_score, 37.0
nv_score, 0.0
ratio, 0.373737373737
[[  0.  33.   0.]
 [  0.  31.   0.]
 [  0.  36.   0.]]
cf_score, 31.0
nv_score, 0.0
ratio, 0.313131313131
[[  0.  43.   0.]
 [  0.  28.   0.]
 [  0.  29.   0.]]
cf_score, 28.0
nv_score, 0.0
ratio, 0.282828282828
[[  0.  39.   0.]
 [  0.  32.   0.]
 [  0.  29.   0.]]
cf_score, 32.0
nv_score, 0.0
ratio, 0.323232323232
[[  0.  43.   0.]
 [  0.  29.   0.]
 [  0.  28.   0.]]
cf_score, 29.0
nv_score, 0.0
ratio, 0.292929292929
[[  0.  38.   0.]
 [  0.  31.   0.]
 [  0.  31.   0.]]
cf_score, 31.0
nv_score, 0.0
ratio, 0.313131313131
[[  0.  34.   0.]
 [  0.  23.   0.]
 [  0.  43.   0.]]
cf_score, 23.0
nv_score, 0.0
ratio, 0.232323232323
[[  0.  31.   0.]
 [  0.  36.   0.]
 [  0.  33.   0.]]
cf_score, 36.0
nv_score, 0.0
ratio, 0.363636363636
[[  0.  32.   0.]
 [  0.  27.   0.]
 [  0.  41.   0.]]
cf_score, 27.0
nv_score, 0.0
ratio, 0.272727272727
[[  0.  40.   0.]
 [  0.  26.   0.]
 [  0.  34.   0.]]
cf_score, 26.0
nv_score, 0.0
ratio, 0.262626262626
[[  0.  33.   0.]
 [  0.  29.   0.]
 [  0.  38.   0.]]
cf_score, 29.0
nv_score, 0.0
ratio, 0.292929292929
[[  2.  28.   6.]
 [  1.  22.   2.]
 [  2.  31.   6.]]
cf_score, 22.0
nv_score, -8.0
ratio, 0.30303030303
[[  0.  21.  19.]
 [  2.  14.   9.]
 [  0.  15.  20.]]
cf_score, 15.0
nv_score, -27.0
ratio, 0.343434343434
[[  1.  20.  15.]
 [  1.  20.  11.]
 [  0.  11.  21.]]
cf_score, 27.0
nv_score, -20.0
ratio, 0.424242424242
[[  2.  19.  12.]
 [  1.  14.  11.]
 [  2.   9.  30.]]
cf_score, 32.0
nv_score, -5.0
ratio, 0.464646464646
[[  0.  19.  20.]
 [  0.  16.   8.]
 [  0.  10.  27.]]
cf_score, 23.0
nv_score, -21.0
ratio, 0.434343434343
[[  0.  23.  17.]
 [  1.  17.  15.]
 [  0.   9.  18.]]
cf_score, 18.0
nv_score, -31.0
ratio, 0.353535353535
[[  0.  18.  21.]
 [  1.  15.  11.]
 [  1.  13.  20.]]
cf_score, 13.0
nv_score, -33.0
ratio, 0.353535353535
[[  1.  11.  12.]
 [  0.  19.   9.]
 [  1.  12.  35.]]
cf_score, 42.0
nv_score, 2.0
ratio, 0.555555555556
[[  0.  11.  19.]
 [  0.  20.  10.]
 [  1.  10.  29.]]
cf_score, 29.0
nv_score, -19.0
ratio, 0.494949494949
[[  0.  12.  13.]
 [  0.  26.   6.]
 [  0.  13.  30.]]
cf_score, 43.0
nv_score, -2.0
ratio, 0.565656565657
[[  0.  29.  14.]
 [  0.  15.  10.]
 [  0.   9.  23.]]
cf_score, 24.0
nv_score, -15.0
ratio, 0.383838383838
[[  0.  17.  20.]
 [  0.  17.  11.]
 [  0.  12.  23.]]
cf_score, 20.0
nv_score, -28.0
ratio, 0.40404040404
[[  0.  24.  11.]
 [  0.  24.   7.]
 [  0.   7.  27.]]
cf_score, 40.0
nv_score, -2.0
ratio, 0.515151515152
[[  0.  19.  18.]
 [  0.  19.  13.]
 [  0.  10.  21.]]
cf_score, 22.0
nv_score, -28.0
ratio, 0.40404040404
[[  0.  17.  16.]
 [  0.  21.   8.]
 [  0.  13.  25.]]
cf_score, 30.0
nv_score, -15.0
ratio, 0.464646464646
[[  0.  15.  16.]
 [  0.  22.  16.]
 [  0.  11.  20.]]
cf_score, 26.0
nv_score, -28.0
ratio, 0.424242424242
[[  0.  33.   8.]
 [  0.  25.   8.]
 [  0.  10.  16.]]
cf_score, 33.0
nv_score, -8.0
ratio, 0.414141414141
[[  0.  22.  12.]
 [  0.  19.   5.]
 [  0.  14.  28.]]
cf_score, 35.0
nv_score, -1.0
ratio, 0.474747474747
[[  0.  19.  20.]
 [  0.  17.  11.]
 [  0.  13.  20.]]
cf_score, 17.0
nv_score, -31.0
ratio, 0.373737373737
[[  0.  25.   7.]
 [  0.  19.   8.]
 [  0.  10.  31.]]
cf_score, 43.0
nv_score, 9.0
ratio, 0.505050505051
[[  0.  16.  13.]
 [  0.  15.  16.]
 [  0.  17.  23.]]
cf_score, 25.0
nv_score, -19.0
ratio, 0.383838383838
[[  0.  23.  14.]
 [  0.  20.   6.]
 [  0.  10.  27.]]
cf_score, 33.0
nv_score, -7.0
ratio, 0.474747474747
[[  0.  22.  13.]
 [  0.  22.   8.]
 [  0.  13.  22.]]
cf_score, 31.0
nv_score, -12.0
ratio, 0.444444444444
[[  0.  25.  14.]
 [  0.  23.   9.]
 [  0.  11.  18.]]
cf_score, 27.0
nv_score, -19.0
ratio, 0.414141414141
[[  0.  17.  14.]
 [  1.  14.  10.]
 [  0.  16.  28.]]
cf_score, 28.0
nv_score, -10.0
ratio, 0.424242424242
[[  1.  18.  16.]
 [  3.  19.   8.]
 [  3.  13.  19.]]
cf_score, 20.0
nv_score, -21.0
ratio, 0.393939393939
[[  6.  19.   9.]
 [  5.  12.  10.]
 [  0.  11.  28.]]
cf_score, 37.0
nv_score, 0.0
ratio, 0.464646464646
[[  2.  17.  18.]
 [  5.  19.   7.]
 [  2.   8.  22.]]
cf_score, 23.0
nv_score, -21.0
ratio, 0.434343434343
