[[  0.   0.   0.]
 [  0.  67.   0.]
 [  0.  33.   0.]]
cf_score, 67.0
nv_score, 0.0
ratio, 0.676767676768
[[  0.   0.   0.]
 [  0.  63.   0.]
 [  0.  37.   0.]]
cf_score, 63.0
nv_score, 0.0
ratio, 0.636363636364
[[  0.   0.   0.]
 [  0.  72.   0.]
 [  0.  28.   0.]]
cf_score, 72.0
nv_score, 0.0
ratio, 0.727272727273
[[  0.   0.   0.]
 [  0.  64.   5.]
 [  0.  22.   9.]]
cf_score, 73.0
nv_score, 4.0
ratio, 0.737373737374
[[  0.   0.   0.]
 [  0.  54.   6.]
 [  0.  34.   6.]]
cf_score, 60.0
nv_score, 0.0
ratio, 0.606060606061
[[  0.   0.   0.]
 [  0.  56.   7.]
 [  0.  31.   6.]]
cf_score, 62.0
nv_score, -1.0
ratio, 0.626262626263
[[  0.   0.   0.]
 [  0.  57.  11.]
 [  0.  15.  17.]]
cf_score, 74.0
nv_score, 6.0
ratio, 0.747474747475
[[  0.   0.   0.]
 [  0.  56.   6.]
 [  0.  26.  12.]]
cf_score, 68.0
nv_score, 6.0
ratio, 0.686868686869
[[  0.   0.   0.]
 [  0.  50.   8.]
 [  0.  23.  19.]]
cf_score, 69.0
nv_score, 11.0
ratio, 0.69696969697
[[  0.   0.   0.]
 [  0.  56.   3.]
 [  0.  28.  13.]]
cf_score, 69.0
nv_score, 10.0
ratio, 0.69696969697
[[  0.   0.   0.]
 [  0.  50.  15.]
 [  0.  27.   8.]]
cf_score, 58.0
nv_score, -7.0
ratio, 0.585858585859
[[  0.   0.   0.]
 [  0.  60.   9.]
 [  0.  17.  14.]]
cf_score, 74.0
nv_score, 5.0
ratio, 0.747474747475
[[  0.   0.   0.]
 [  0.  56.   9.]
 [  0.  23.  12.]]
cf_score, 68.0
nv_score, 3.0
ratio, 0.686868686869
[[  0.   0.   0.]
 [  0.  59.  11.]
 [  0.  11.  19.]]
cf_score, 78.0
nv_score, 8.0
ratio, 0.787878787879
[[  0.   0.   0.]
 [  0.  58.  12.]
 [  0.  14.  16.]]
cf_score, 74.0
nv_score, 4.0
ratio, 0.747474747475
[[  0.   0.   0.]
 [  0.  62.   8.]
 [  0.  17.  13.]]
cf_score, 75.0
nv_score, 5.0
ratio, 0.757575757576
[[  0.   0.   0.]
 [  0.  56.   6.]
 [  0.  21.  17.]]
cf_score, 73.0
nv_score, 11.0
ratio, 0.737373737374
[[  0.   0.   0.]
 [  0.  47.  10.]
 [  0.  28.  15.]]
cf_score, 62.0
nv_score, 5.0
ratio, 0.626262626263
[[  0.   0.   0.]
 [  0.  66.   7.]
 [  0.  24.   3.]]
cf_score, 69.0
nv_score, -4.0
ratio, 0.69696969697
[[  0.   0.   0.]
 [  0.  59.   8.]
 [  0.  27.   6.]]
cf_score, 65.0
nv_score, -2.0
ratio, 0.656565656566
[[  0.   0.   0.]
 [  0.  59.   6.]
 [  0.  20.  15.]]
cf_score, 74.0
nv_score, 9.0
ratio, 0.747474747475
[[  0.   0.   0.]
 [  0.  61.  10.]
 [  0.  23.   6.]]
cf_score, 67.0
nv_score, -4.0
ratio, 0.676767676768
[[  0.   0.   0.]
 [  0.  54.   9.]
 [  0.  20.  17.]]
cf_score, 71.0
nv_score, 8.0
ratio, 0.717171717172
[[  0.   0.   0.]
 [  0.  61.   4.]
 [  0.  18.  17.]]
cf_score, 78.0
nv_score, 13.0
ratio, 0.787878787879
[[  0.   0.   0.]
 [  0.  64.  14.]
 [  0.  10.  12.]]
cf_score, 76.0
nv_score, -2.0
ratio, 0.767676767677
[[  0.   0.   0.]
 [  0.  60.   2.]
 [  0.  28.  10.]]
cf_score, 70.0
nv_score, 8.0
ratio, 0.707070707071
[[  0.   0.   0.]
 [  0.  60.   7.]
 [  0.  26.   7.]]
cf_score, 67.0
nv_score, 0.0
ratio, 0.676767676768
[[  0.   0.   0.]
 [  0.  52.   7.]
 [  0.  26.  15.]]
cf_score, 67.0
nv_score, 8.0
ratio, 0.676767676768
[[  0.   0.   0.]
 [  0.  62.   3.]
 [  0.  21.  14.]]
cf_score, 76.0
nv_score, 11.0
ratio, 0.767676767677
[[  0.   0.   0.]
 [  0.  58.  12.]
 [  0.  13.  17.]]
cf_score, 75.0
nv_score, 5.0
ratio, 0.757575757576
[[  0.   0.   0.]
 [  0.  53.   8.]
 [  0.  24.  15.]]
cf_score, 68.0
nv_score, 7.0
ratio, 0.686868686869
[[  0.   0.   0.]
 [  0.  58.   5.]
 [  0.  22.  15.]]
cf_score, 73.0
nv_score, 10.0
ratio, 0.737373737374
[[  0.   0.   0.]
 [  0.  57.   8.]
 [  0.  22.  13.]]
cf_score, 70.0
nv_score, 5.0
ratio, 0.707070707071
[[  0.   0.   0.]
 [  0.  63.   7.]
 [  0.  21.   9.]]
cf_score, 72.0
nv_score, 2.0
ratio, 0.727272727273
[[  0.   0.   0.]
 [  0.  53.  12.]
 [  0.  18.  17.]]
cf_score, 70.0
nv_score, 5.0
ratio, 0.707070707071
[[  0.   0.   0.]
 [  0.  53.   6.]
 [  0.  24.  17.]]
cf_score, 70.0
nv_score, 11.0
ratio, 0.707070707071
[[  0.   0.   0.]
 [  0.  57.  11.]
 [  0.  22.  10.]]
cf_score, 67.0
nv_score, -1.0
ratio, 0.676767676768
[[  0.   0.   0.]
 [  0.  59.   5.]
 [  0.  19.  17.]]
cf_score, 76.0
nv_score, 12.0
ratio, 0.767676767677
[[  0.   0.   0.]
 [  0.  63.   4.]
 [  0.  22.  11.]]
cf_score, 74.0
nv_score, 7.0
ratio, 0.747474747475
[[  0.   0.   0.]
 [  0.  47.  16.]
 [  0.  19.  18.]]
cf_score, 65.0
nv_score, 2.0
ratio, 0.656565656566
[[  0.   0.   0.]
 [  0.  67.   0.]
 [  0.  24.   9.]]
cf_score, 76.0
nv_score, 9.0
ratio, 0.767676767677
[[  0.   0.   0.]
 [  0.  58.   6.]
 [  0.  20.  16.]]
cf_score, 74.0
nv_score, 10.0
ratio, 0.747474747475
[[  0.   0.   0.]
 [  0.  64.   6.]
 [  0.  15.  15.]]
cf_score, 79.0
nv_score, 9.0
ratio, 0.79797979798
[[  0.   0.   0.]
 [  0.  56.   5.]
 [  0.  22.  17.]]
cf_score, 73.0
nv_score, 12.0
ratio, 0.737373737374
[[  0.   0.   0.]
 [  0.  53.  13.]
 [  0.  21.  13.]]
cf_score, 66.0
nv_score, 0.0
ratio, 0.666666666667
[[  0.   0.   0.]
 [  0.  53.  13.]
 [  0.  18.  16.]]
cf_score, 69.0
nv_score, 3.0
ratio, 0.69696969697
[[  0.   0.   0.]
 [  0.  56.   9.]
 [  0.  23.  12.]]
cf_score, 68.0
nv_score, 3.0
ratio, 0.686868686869
[[  0.   0.   0.]
 [  0.  65.   4.]
 [  0.  18.  13.]]
cf_score, 78.0
nv_score, 9.0
ratio, 0.787878787879
[[  0.   0.   0.]
 [  0.  58.   6.]
 [  0.  26.  10.]]
cf_score, 68.0
nv_score, 4.0
ratio, 0.686868686869
[[  0.   0.   0.]
 [  0.  60.   5.]
 [  0.  22.  13.]]
cf_score, 73.0
nv_score, 8.0
ratio, 0.737373737374
