[[ 30.   4.   0.]
 [  2.  26.   0.]
 [ 16.  21.   1.]]
cf_score, 41.0
nv_score, 1.0
ratio, 0.575757575758
[[ 23.   6.   3.]
 [  6.  26.   0.]
 [  9.  26.   1.]]
cf_score, 38.0
nv_score, -5.0
ratio, 0.505050505051
[[ 25.   4.   0.]
 [  9.  29.   2.]
 [ 11.  18.   2.]]
cf_score, 45.0
nv_score, 0.0
ratio, 0.565656565657
[[ 29.   4.   3.]
 [  8.  17.   6.]
 [ 10.  19.   4.]]
cf_score, 37.0
nv_score, -8.0
ratio, 0.505050505051
[[ 31.   3.   4.]
 [  9.  18.   3.]
 [ 11.  14.   7.]]
cf_score, 41.0
nv_score, -4.0
ratio, 0.565656565657
[[ 33.   4.   3.]
 [  5.  12.   7.]
 [ 11.  13.  12.]]
cf_score, 43.0
nv_score, -1.0
ratio, 0.575757575758
[[ 22.   5.   5.]
 [  7.  19.   3.]
 [ 12.  12.  15.]]
cf_score, 39.0
nv_score, 2.0
ratio, 0.565656565657
[[ 24.   1.   7.]
 [  5.  18.   6.]
 [ 13.  14.  12.]]
cf_score, 34.0
nv_score, -8.0
ratio, 0.545454545455
[[ 25.   4.   6.]
 [  3.  22.  11.]
 [  5.   9.  15.]]
cf_score, 51.0
nv_score, -8.0
ratio, 0.626262626263
[[ 15.   5.   5.]
 [  5.  31.   5.]
 [  7.  13.  14.]]
cf_score, 48.0
nv_score, -1.0
ratio, 0.606060606061
[[ 27.   4.   2.]
 [  3.  16.  14.]
 [  7.  13.  14.]]
cf_score, 48.0
nv_score, -4.0
ratio, 0.575757575758
[[ 32.   7.   5.]
 [  4.  23.   4.]
 [ 10.   8.   7.]]
cf_score, 47.0
nv_score, -7.0
ratio, 0.626262626263
[[ 29.   3.   3.]
 [  3.  31.   5.]
 [  7.  15.   4.]]
cf_score, 54.0
nv_score, -7.0
ratio, 0.646464646465
[[ 29.   6.   5.]
 [  3.  24.   2.]
 [  7.  12.  12.]]
cf_score, 53.0
nv_score, 0.0
ratio, 0.656565656566
[[ 27.   3.   0.]
 [  5.  19.   6.]
 [ 12.  17.  11.]]
cf_score, 45.0
nv_score, 5.0
ratio, 0.575757575758
[[ 16.   9.   5.]
 [  6.  23.   8.]
 [  4.  11.  18.]]
cf_score, 48.0
nv_score, 0.0
ratio, 0.575757575758
[[ 27.   2.   5.]
 [  4.  22.   4.]
 [  5.   9.  22.]]
cf_score, 61.0
nv_score, 8.0
ratio, 0.717171717172
[[ 28.   5.   2.]
 [  1.  22.   4.]
 [ 14.  15.   9.]]
cf_score, 43.0
nv_score, 1.0
ratio, 0.59595959596
[[ 18.   4.   6.]
 [  1.  18.   5.]
 [ 14.  19.  15.]]
cf_score, 31.0
nv_score, -2.0
ratio, 0.515151515152
[[ 15.   6.   6.]
 [  3.  22.   7.]
 [  4.  13.  24.]]
cf_score, 51.0
nv_score, 5.0
ratio, 0.616161616162
[[ 22.   4.   6.]
 [  8.  22.  10.]
 [  6.  11.  11.]]
cf_score, 43.0
nv_score, -11.0
ratio, 0.555555555556
[[ 24.   4.   9.]
 [  8.  14.   9.]
 [  8.   9.  15.]]
cf_score, 36.0
nv_score, -12.0
ratio, 0.535353535354
[[ 18.   7.   4.]
 [  4.  29.   9.]
 [ 10.  11.   8.]]
cf_score, 41.0
nv_score, -9.0
ratio, 0.555555555556
[[ 19.   6.   4.]
 [  4.  21.  10.]
 [ 12.   8.  16.]]
cf_score, 40.0
nv_score, -2.0
ratio, 0.565656565657
[[ 28.   2.   7.]
 [  8.  19.   6.]
 [  7.  10.  13.]]
cf_score, 46.0
nv_score, -7.0
ratio, 0.606060606061
[[ 26.   7.   7.]
 [  0.  14.   1.]
 [  8.  22.  15.]]
cf_score, 40.0
nv_score, 0.0
ratio, 0.555555555556
[[ 25.   5.   3.]
 [  3.  26.   6.]
 [  6.  10.  16.]]
cf_score, 58.0
nv_score, 4.0
ratio, 0.676767676768
[[ 16.   2.   6.]
 [  4.  27.  12.]
 [  7.   8.  18.]]
cf_score, 48.0
nv_score, -6.0
ratio, 0.616161616162
[[ 21.   3.   6.]
 [  8.  22.   6.]
 [  8.  14.  12.]]
cf_score, 41.0
nv_score, -6.0
ratio, 0.555555555556
[[ 28.   2.   8.]
 [  2.  19.   6.]
 [ 10.  13.  12.]]
cf_score, 41.0
nv_score, -10.0
ratio, 0.59595959596
[[ 22.   4.   6.]
 [  3.  28.   4.]
 [ 10.   9.  14.]]
cf_score, 48.0
nv_score, -2.0
ratio, 0.646464646465
[[ 17.   6.   3.]
 [  4.  21.   5.]
 [  8.  15.  21.]]
cf_score, 48.0
nv_score, 10.0
ratio, 0.59595959596
[[ 18.   7.   6.]
 [  9.  18.  10.]
 [  2.  12.  18.]]
cf_score, 46.0
nv_score, -4.0
ratio, 0.545454545455
[[ 27.   6.   7.]
 [  2.  18.   7.]
 [  9.  12.  12.]]
cf_score, 41.0
nv_score, -9.0
ratio, 0.575757575758
[[ 19.  10.   9.]
 [  3.  24.   4.]
 [  2.  10.  19.]]
cf_score, 51.0
nv_score, -3.0
ratio, 0.626262626263
[[ 16.   5.   7.]
 [  5.  24.   5.]
 [  7.  19.  12.]]
cf_score, 38.0
nv_score, -7.0
ratio, 0.525252525253
[[ 14.   5.   7.]
 [  2.  29.   6.]
 [  4.  12.  21.]]
cf_score, 53.0
nv_score, 1.0
ratio, 0.646464646465
[[ 18.   7.   3.]
 [  3.  18.   7.]
 [  1.  22.  21.]]
cf_score, 53.0
nv_score, 8.0
ratio, 0.575757575758
[[ 21.   2.  10.]
 [  6.  12.  13.]
 [ 10.   7.  19.]]
cf_score, 32.0
nv_score, -14.0
ratio, 0.525252525253
[[ 21.   4.   8.]
 [  3.  26.   8.]
 [  3.  13.  14.]]
cf_score, 50.0
nv_score, -10.0
ratio, 0.616161616162
[[ 31.   4.   6.]
 [  4.  17.   8.]
 [  6.  10.  14.]]
cf_score, 50.0
nv_score, -6.0
ratio, 0.626262626263
[[ 19.   7.   5.]
 [  6.  19.   8.]
 [  3.  10.  23.]]
cf_score, 53.0
nv_score, 5.0
ratio, 0.616161616162
[[ 26.   1.   6.]
 [  3.  23.   4.]
 [  4.  18.  15.]]
cf_score, 54.0
nv_score, -1.0
ratio, 0.646464646465
[[ 18.   5.   8.]
 [  4.  28.   5.]
 [  4.  15.  13.]]
cf_score, 47.0
nv_score, -8.0
ratio, 0.59595959596
[[ 16.   5.   9.]
 [  6.  25.   7.]
 [  6.  14.  12.]]
cf_score, 38.0
nv_score, -13.0
ratio, 0.535353535354
[[ 22.   2.   3.]
 [  2.  23.  13.]
 [  5.  13.  17.]]
cf_score, 54.0
nv_score, -2.0
ratio, 0.626262626263
[[ 27.   3.   3.]
 [  8.  23.   6.]
 [  4.  18.   8.]]
cf_score, 51.0
nv_score, -4.0
ratio, 0.585858585859
[[ 15.   4.   8.]
 [  6.  29.   6.]
 [  3.  19.  10.]]
cf_score, 43.0
nv_score, -12.0
ratio, 0.545454545455
[[ 29.   2.   5.]
 [  9.  19.   5.]
 [  1.   7.  23.]]
cf_score, 65.0
nv_score, 8.0
ratio, 0.717171717172
[[ 21.   2.  10.]
 [  1.  24.   5.]
 [ 10.  15.  12.]]
cf_score, 37.0
nv_score, -13.0
ratio, 0.575757575758
