Loading Model: level_list/m1_100/tick_list/AGM/class/models/model.h5
history_filename: history_recent/AGM/history.json
UberYesterday: 2017-08-01: OHLCV: 69.2900, 69.2900, 68.4200, 68.5000, 69862
Yesterday    : 2017-07-31: OHLCV: 69.4300, 69.8100, 68.1200, 68.5600, 84439
[u'69.2900', u'69.2900', u'68.4200', u'68.5000', u'69862']
[u'69.4300', u'69.8100', u'68.1200', u'68.5600', u'84439']
question_base :[69.29, 69.29, 68.42, 68.5, 69.43, 69.81, 68.12, 68.56]
61.704: [69.29, 69.29, 68.42, 68.5, 69.43, 69.81, 68.12, 68.56, 61.704]
[[ 0.19372818  0.19741599  0.60885584]]
62.0468: [69.29, 69.29, 68.42, 68.5, 69.43, 69.81, 68.12, 68.56, 62.0468]
[[ 0.19372842  0.19741726  0.60885435]]
62.3896: [69.29, 69.29, 68.42, 68.5, 69.43, 69.81, 68.12, 68.56, 62.389599999999994]
[[ 0.19372882  0.19741923  0.60885197]]
62.7324: [69.29, 69.29, 68.42, 68.5, 69.43, 69.81, 68.12, 68.56, 62.73239999999999]
[[ 0.19372942  0.19742224  0.60884833]]
63.0752: [69.29, 69.29, 68.42, 68.5, 69.43, 69.81, 68.12, 68.56, 63.07519999999999]
[[ 0.19373043  0.19742727  0.60884225]]
63.418: [69.29, 69.29, 68.42, 68.5, 69.43, 69.81, 68.12, 68.56, 63.417999999999985]
[[ 0.19373205  0.19743513  0.60883284]]
63.7608: [69.29, 69.29, 68.42, 68.5, 69.43, 69.81, 68.12, 68.56, 63.76079999999998]
[[ 0.19373471  0.19744809  0.60881722]]
64.1036: [69.29, 69.29, 68.42, 68.5, 69.43, 69.81, 68.12, 68.56, 64.10359999999999]
[[ 0.19373907  0.19746926  0.60879165]]
64.4464: [69.29, 69.29, 68.42, 68.5, 69.43, 69.81, 68.12, 68.56, 64.44639999999998]
[[ 0.19374633  0.19750518  0.6087485 ]]
64.7892: [69.29, 69.29, 68.42, 68.5, 69.43, 69.81, 68.12, 68.56, 64.78919999999998]
[[ 0.19375937  0.19756885  0.60867178]]
65.132: [69.29, 69.29, 68.42, 68.5, 69.43, 69.81, 68.12, 68.56, 65.13199999999998]
[[ 0.1937838   0.19768871  0.60852754]]
65.4748: [69.29, 69.29, 68.42, 68.5, 69.43, 69.81, 68.12, 68.56, 65.47479999999997]
[[ 0.19383433  0.19793727  0.60822839]]
65.8176: [69.29, 69.29, 68.42, 68.5, 69.43, 69.81, 68.12, 68.56, 65.81759999999997]
[[ 0.19395477  0.19853231  0.60751289]]
66.1604: [69.29, 69.29, 68.42, 68.5, 69.43, 69.81, 68.12, 68.56, 66.16039999999997]
[[ 0.19431037  0.20031546  0.60537416]]
66.5032: [69.29, 69.29, 68.42, 68.5, 69.43, 69.81, 68.12, 68.56, 66.50319999999996]
[[ 0.19581954  0.2083738   0.59580666]]
66.846: [69.29, 69.29, 68.42, 68.5, 69.43, 69.81, 68.12, 68.56, 66.84599999999996]
[[ 0.20389232  0.30100805  0.49509963]]
67.1888: [69.29, 69.29, 68.42, 68.5, 69.43, 69.81, 68.12, 68.56, 67.18879999999996]
[[ 0.41375419  0.34850591  0.23773985]]
67.5316: [69.29, 69.29, 68.42, 68.5, 69.43, 69.81, 68.12, 68.56, 67.53159999999995]
[[ 0.3440291   0.39985913  0.25611174]]
67.8744: [69.29, 69.29, 68.42, 68.5, 69.43, 69.81, 68.12, 68.56, 67.87439999999995]
[[ 0.34737575  0.39911085  0.25351343]]
68.2172: [69.29, 69.29, 68.42, 68.5, 69.43, 69.81, 68.12, 68.56, 68.21719999999995]
[[ 0.36979201  0.38906255  0.24114546]]
68.56: [69.29, 69.29, 68.42, 68.5, 69.43, 69.81, 68.12, 68.56, 68.55999999999995]
[[ 0.41277674  0.36577183  0.22145143]]
68.9028: [69.29, 69.29, 68.42, 68.5, 69.43, 69.81, 68.12, 68.56, 68.90279999999994]
[[ 0.47876424  0.32566175  0.19557407]]
69.2456: [69.29, 69.29, 68.42, 68.5, 69.43, 69.81, 68.12, 68.56, 69.24559999999994]
[[ 0.55962414  0.27428094  0.16609491]]
69.5884: [69.29, 69.29, 68.42, 68.5, 69.43, 69.81, 68.12, 68.56, 69.58839999999994]
[[ 0.63709247  0.22461413  0.1382934 ]]
69.9312: [69.29, 69.29, 68.42, 68.5, 69.43, 69.81, 68.12, 68.56, 69.93119999999993]
[[ 0.69769543  0.18587832  0.11642629]]
70.274: [69.29, 69.29, 68.42, 68.5, 69.43, 69.81, 68.12, 68.56, 70.27399999999993]
[[ 0.73954207  0.15927511  0.1011828 ]]
70.6168: [69.29, 69.29, 68.42, 68.5, 69.43, 69.81, 68.12, 68.56, 70.61679999999993]
[[ 0.7667501   0.14206037  0.09118948]]
70.9596: [69.29, 69.29, 68.42, 68.5, 69.43, 69.81, 68.12, 68.56, 70.95959999999992]
[[ 0.78403765  0.13116108  0.08480128]]
71.3024: [69.29, 69.29, 68.42, 68.5, 69.43, 69.81, 68.12, 68.56, 71.30239999999992]
[[ 0.79495174  0.12429691  0.08075143]]
71.6452: [69.29, 69.29, 68.42, 68.5, 69.43, 69.81, 68.12, 68.56, 71.64519999999992]
[[ 0.80184209  0.11997042  0.07818753]]
71.988: [69.29, 69.29, 68.42, 68.5, 69.43, 69.81, 68.12, 68.56, 71.98799999999991]
[[ 0.80619907  0.11723754  0.07656338]]
72.3308: [69.29, 69.29, 68.42, 68.5, 69.43, 69.81, 68.12, 68.56, 72.33079999999991]
[[ 0.80895931  0.11550743  0.07553326]]
72.6736: [69.29, 69.29, 68.42, 68.5, 69.43, 69.81, 68.12, 68.56, 72.67359999999991]
[[ 0.81071043  0.11441031  0.07487924]]
73.0164: [69.29, 69.29, 68.42, 68.5, 69.43, 69.81, 68.12, 68.56, 73.0163999999999]
[[ 0.81182265  0.11371375  0.07446368]]
73.3592: [69.29, 69.29, 68.42, 68.5, 69.43, 69.81, 68.12, 68.56, 73.3591999999999]
[[ 0.81252915  0.11327124  0.07419956]]
73.702: [69.29, 69.29, 68.42, 68.5, 69.43, 69.81, 68.12, 68.56, 73.7019999999999]
[[ 0.81297851  0.11298987  0.07403159]]
74.0448: [69.29, 69.29, 68.42, 68.5, 69.43, 69.81, 68.12, 68.56, 74.0447999999999]
[[ 0.81326473  0.11281067  0.07392456]]
74.3876: [69.29, 69.29, 68.42, 68.5, 69.43, 69.81, 68.12, 68.56, 74.38759999999989]
[[ 0.81344628  0.11269703  0.0738567 ]]
74.7304: [69.29, 69.29, 68.42, 68.5, 69.43, 69.81, 68.12, 68.56, 74.73039999999989]
[[ 0.81356233  0.11262438  0.0738133 ]]
75.0732: [69.29, 69.29, 68.42, 68.5, 69.43, 69.81, 68.12, 68.56, 75.07319999999989]
[[ 0.81363583  0.11257839  0.07378584]]
75.416: [69.29, 69.29, 68.42, 68.5, 69.43, 69.81, 68.12, 68.56, 75.41599999999988]
[[ 0.81368262  0.11254905  0.07376831]]
