Loading Model: level_list/m1_100/tick_list/ATW/class/models/model.h5
history_filename: history_recent/ATW/history.json
UberYesterday: 2017-08-01: OHLCV: 7.8400, 7.9200, 7.6600, 7.8000, 3461125
Yesterday    : 2017-07-31: OHLCV: 8.0200, 8.0400, 7.7100, 7.8600, 5293121
[u'7.8400', u'7.9200', u'7.6600', u'7.8000', u'3461125']
[u'8.0200', u'8.0400', u'7.7100', u'7.8600', u'5293121']
question_base :[7.84, 7.92, 7.66, 7.8, 8.02, 8.04, 7.71, 7.86]
7.074: [7.84, 7.92, 7.66, 7.8, 8.02, 8.04, 7.71, 7.86, 7.074000000000001]
[[ 0.06137947  0.13106976  0.80755079]]
7.1133: [7.84, 7.92, 7.66, 7.8, 8.02, 8.04, 7.71, 7.86, 7.113300000000001]
[[ 0.06196081  0.13247488  0.80556434]]
7.1526: [7.84, 7.92, 7.66, 7.8, 8.02, 8.04, 7.71, 7.86, 7.1526000000000005]
[[ 0.06264016  0.13409786  0.803262  ]]
7.1919: [7.84, 7.92, 7.66, 7.8, 8.02, 8.04, 7.71, 7.86, 7.1919]
[[ 0.06343544  0.13597472  0.80058986]]
7.2312: [7.84, 7.92, 7.66, 7.8, 8.02, 8.04, 7.71, 7.86, 7.2312]
[[ 0.06436787  0.13814707  0.79748505]]
7.2705: [7.84, 7.92, 7.66, 7.8, 8.02, 8.04, 7.71, 7.86, 7.2705]
[[ 0.06546315  0.14066401  0.79387283]]
7.3098: [7.84, 7.92, 7.66, 7.8, 8.02, 8.04, 7.71, 7.86, 7.3098]
[[ 0.06675237  0.14358209  0.78966558]]
7.3491: [7.84, 7.92, 7.66, 7.8, 8.02, 8.04, 7.71, 7.86, 7.3491]
[[ 0.06827331  0.14696681  0.78475982]]
7.3884: [7.84, 7.92, 7.66, 7.8, 8.02, 8.04, 7.71, 7.86, 7.3884]
[[ 0.07007203  0.15089239  0.77903563]]
7.4277: [7.84, 7.92, 7.66, 7.8, 8.02, 8.04, 7.71, 7.86, 7.4277]
[[ 0.07220494  0.15544172  0.77235329]]
7.467: [7.84, 7.92, 7.66, 7.8, 8.02, 8.04, 7.71, 7.86, 7.467]
[[ 0.07474097  0.16070379  0.76455522]]
7.5063: [7.84, 7.92, 7.66, 7.8, 8.02, 8.04, 7.71, 7.86, 7.5062999999999995]
[[ 0.07776535  0.16677016  0.75546449]]
7.5456: [7.84, 7.92, 7.66, 7.8, 8.02, 8.04, 7.71, 7.86, 7.545599999999999]
[[ 0.08138361  0.17372636  0.74489003]]
7.5849: [7.84, 7.92, 7.66, 7.8, 8.02, 8.04, 7.71, 7.86, 7.584899999999999]
[[ 0.08572646  0.18163651  0.73263699]]
7.6242: [7.84, 7.92, 7.66, 7.8, 8.02, 8.04, 7.71, 7.86, 7.624199999999999]
[[ 0.09095598  0.19051825  0.71852577]]
7.6635: [7.84, 7.92, 7.66, 7.8, 8.02, 8.04, 7.71, 7.86, 7.663499999999999]
[[ 0.09727529  0.20030798  0.70241678]]
7.7028: [7.84, 7.92, 7.66, 7.8, 8.02, 8.04, 7.71, 7.86, 7.702799999999999]
[[ 0.10493816  0.21080811  0.68425375]]
7.7421: [7.84, 7.92, 7.66, 7.8, 8.02, 8.04, 7.71, 7.86, 7.742099999999999]
[[ 0.11426365  0.22162412  0.66411227]]
7.7814: [7.84, 7.92, 7.66, 7.8, 8.02, 8.04, 7.71, 7.86, 7.781399999999999]
[[ 0.12565082  0.23209797  0.64225125]]
7.8207: [7.84, 7.92, 7.66, 7.8, 8.02, 8.04, 7.71, 7.86, 7.820699999999999]
[[ 0.13959344  0.24126361  0.61914301]]
7.86: [7.84, 7.92, 7.66, 7.8, 8.02, 8.04, 7.71, 7.86, 7.8599999999999985]
[[ 0.15667838  0.24786414  0.59545743]]
7.8993: [7.84, 7.92, 7.66, 7.8, 8.02, 8.04, 7.71, 7.86, 7.899299999999998]
[[ 0.17755179  0.25048491  0.57196331]]
7.9386: [7.84, 7.92, 7.66, 7.8, 8.02, 8.04, 7.71, 7.86, 7.938599999999998]
[[ 0.2028088   0.24783745  0.54935372]]
7.9779: [7.84, 7.92, 7.66, 7.8, 8.02, 8.04, 7.71, 7.86, 7.977899999999998]
[[ 0.23278338  0.23917598  0.52804065]]
8.0172: [7.84, 7.92, 7.66, 7.8, 8.02, 8.04, 7.71, 7.86, 8.017199999999999]
[[ 0.26724902  0.22471942  0.50803161]]
8.0565: [7.84, 7.92, 7.66, 7.8, 8.02, 8.04, 7.71, 7.86, 8.0565]
[[ 0.30519554  0.20582795  0.48897651]]
8.0958: [7.84, 7.92, 7.66, 7.8, 8.02, 8.04, 7.71, 7.86, 8.0958]
[[ 0.34487087  0.18472853  0.4704006 ]]
8.1351: [7.84, 7.92, 7.66, 7.8, 8.02, 8.04, 7.71, 7.86, 8.135100000000001]
[[ 0.3842153   0.16383269  0.45195207]]
8.1744: [7.84, 7.92, 7.66, 7.8, 8.02, 8.04, 7.71, 7.86, 8.174400000000002]
[[ 0.42147598  0.14502513  0.43349886]]
8.2137: [7.84, 7.92, 7.66, 7.8, 8.02, 8.04, 7.71, 7.86, 8.213700000000003]
[[ 0.45563477  0.12930968  0.41505557]]
8.253: [7.84, 7.92, 7.66, 7.8, 8.02, 8.04, 7.71, 7.86, 8.253000000000004]
[[ 0.48643801  0.11688703  0.39667493]]
8.2923: [7.84, 7.92, 7.66, 7.8, 8.02, 8.04, 7.71, 7.86, 8.292300000000004]
[[ 0.51415652  0.10744644  0.37839705]]
8.3316: [7.84, 7.92, 7.66, 7.8, 8.02, 8.04, 7.71, 7.86, 8.331600000000005]
[[ 0.5392673   0.10045991  0.36027282]]
8.3709: [7.84, 7.92, 7.66, 7.8, 8.02, 8.04, 7.71, 7.86, 8.370900000000006]
[[ 0.56223422  0.09537005  0.34239569]]
8.4102: [7.84, 7.92, 7.66, 7.8, 8.02, 8.04, 7.71, 7.86, 8.410200000000007]
[[ 0.58340454  0.09168197  0.32491344]]
8.4495: [7.84, 7.92, 7.66, 7.8, 8.02, 8.04, 7.71, 7.86, 8.449500000000008]
[[ 0.6029917   0.0889931   0.30801517]]
8.4888: [7.84, 7.92, 7.66, 7.8, 8.02, 8.04, 7.71, 7.86, 8.488800000000008]
[[ 0.62111199  0.08699172  0.29189628]]
8.5281: [7.84, 7.92, 7.66, 7.8, 8.02, 8.04, 7.71, 7.86, 8.52810000000001]
[[ 0.63782352  0.08544585  0.2767306 ]]
8.5674: [7.84, 7.92, 7.66, 7.8, 8.02, 8.04, 7.71, 7.86, 8.56740000000001]
[[ 0.65316308  0.08418798  0.26264894]]
8.6067: [7.84, 7.92, 7.66, 7.8, 8.02, 8.04, 7.71, 7.86, 8.60670000000001]
[[ 0.66716915  0.08310127  0.2497296 ]]
