Loading Model: level_list/m1_100/tick_list/DXPE/class/models/model.h5
history_filename: history_recent/DXPE/history.json
UberYesterday: 2017-08-01: OHLCV: 28.7800, 28.9400, 28.3400, 28.6000, 157619
Yesterday    : 2017-07-31: OHLCV: 29.6300, 29.6300, 28.2900, 28.5900, 127091
[u'28.7800', u'28.9400', u'28.3400', u'28.6000', u'157619']
[u'29.6300', u'29.6300', u'28.2900', u'28.5900', u'127091']
question_base :[28.78, 28.94, 28.34, 28.6, 29.63, 29.63, 28.29, 28.59]
25.731: [28.78, 28.94, 28.34, 28.6, 29.63, 29.63, 28.29, 28.59, 25.731]
[[ 0.07829794  0.58231741  0.33938465]]
25.87395: [28.78, 28.94, 28.34, 28.6, 29.63, 29.63, 28.29, 28.59, 25.87395]
[[ 0.07839788  0.58011436  0.34148774]]
26.0169: [28.78, 28.94, 28.34, 28.6, 29.63, 29.63, 28.29, 28.59, 26.0169]
[[ 0.07851071  0.57756656  0.3439227 ]]
26.15985: [28.78, 28.94, 28.34, 28.6, 29.63, 29.63, 28.29, 28.59, 26.15985]
[[ 0.0786351   0.57468718  0.34667769]]
26.3028: [28.78, 28.94, 28.34, 28.6, 29.63, 29.63, 28.29, 28.59, 26.302799999999998]
[[ 0.07876968  0.57148814  0.34974217]]
26.44575: [28.78, 28.94, 28.34, 28.6, 29.63, 29.63, 28.29, 28.59, 26.445749999999997]
[[ 0.07891315  0.56797993  0.35310689]]
26.5887: [28.78, 28.94, 28.34, 28.6, 29.63, 29.63, 28.29, 28.59, 26.588699999999996]
[[ 0.07906417  0.56417084  0.35676494]]
26.73165: [28.78, 28.94, 28.34, 28.6, 29.63, 29.63, 28.29, 28.59, 26.731649999999995]
[[ 0.07922146  0.56006968  0.36070886]]
26.8746: [28.78, 28.94, 28.34, 28.6, 29.63, 29.63, 28.29, 28.59, 26.874599999999994]
[[ 0.07938372  0.55568385  0.36493248]]
27.01755: [28.78, 28.94, 28.34, 28.6, 29.63, 29.63, 28.29, 28.59, 27.017549999999993]
[[ 0.07954961  0.5510208   0.36942968]]
27.1605: [28.78, 28.94, 28.34, 28.6, 29.63, 29.63, 28.29, 28.59, 27.160499999999992]
[[ 0.07971782  0.54608691  0.37419528]]
27.30345: [28.78, 28.94, 28.34, 28.6, 29.63, 29.63, 28.29, 28.59, 27.30344999999999]
[[ 0.07988707  0.5408901   0.3792229 ]]
27.4464: [28.78, 28.94, 28.34, 28.6, 29.63, 29.63, 28.29, 28.59, 27.44639999999999]
[[ 0.08005605  0.53543717  0.38450679]]
27.58935: [28.78, 28.94, 28.34, 28.6, 29.63, 29.63, 28.29, 28.59, 27.58934999999999]
[[ 0.08022349  0.5297367   0.39003989]]
27.7323: [28.78, 28.94, 28.34, 28.6, 29.63, 29.63, 28.29, 28.59, 27.732299999999988]
[[ 0.08038809  0.52379626  0.39581555]]
27.87525: [28.78, 28.94, 28.34, 28.6, 29.63, 29.63, 28.29, 28.59, 27.875249999999987]
[[ 0.08054872  0.51762599  0.40182531]]
28.0182: [28.78, 28.94, 28.34, 28.6, 29.63, 29.63, 28.29, 28.59, 28.018199999999986]
[[ 0.08070417  0.5112353   0.40806061]]
28.16115: [28.78, 28.94, 28.34, 28.6, 29.63, 29.63, 28.29, 28.59, 28.161149999999985]
[[ 0.08085338  0.50463492  0.41451171]]
28.3041: [28.78, 28.94, 28.34, 28.6, 29.63, 29.63, 28.29, 28.59, 28.304099999999984]
[[ 0.08099539  0.49783775  0.42116693]]
28.44705: [28.78, 28.94, 28.34, 28.6, 29.63, 29.63, 28.29, 28.59, 28.447049999999983]
[[ 0.08112931  0.49085656  0.42801413]]
28.59: [28.78, 28.94, 28.34, 28.6, 29.63, 29.63, 28.29, 28.59, 28.589999999999982]
[[ 0.0812545   0.48370501  0.43504044]]
28.73295: [28.78, 28.94, 28.34, 28.6, 29.63, 29.63, 28.29, 28.59, 28.73294999999998]
[[ 0.08137051  0.47639796  0.44223154]]
28.8759: [28.78, 28.94, 28.34, 28.6, 29.63, 29.63, 28.29, 28.59, 28.87589999999998]
[[ 0.08147697  0.46895179  0.44957113]]
29.01885: [28.78, 28.94, 28.34, 28.6, 29.63, 29.63, 28.29, 28.59, 29.01884999999998]
[[ 0.08157391  0.46138325  0.45704284]]
29.1618: [28.78, 28.94, 28.34, 28.6, 29.63, 29.63, 28.29, 28.59, 29.161799999999978]
[[ 0.08166154  0.45370984  0.46462858]]
29.30475: [28.78, 28.94, 28.34, 28.6, 29.63, 29.63, 28.29, 28.59, 29.304749999999977]
[[ 0.0817405   0.44594917  0.47231025]]
29.4477: [28.78, 28.94, 28.34, 28.6, 29.63, 29.63, 28.29, 28.59, 29.447699999999976]
[[ 0.08181165  0.43812063  0.48006776]]
29.59065: [28.78, 28.94, 28.34, 28.6, 29.63, 29.63, 28.29, 28.59, 29.590649999999975]
[[ 0.08187631  0.43024427  0.48787946]]
29.7336: [28.78, 28.94, 28.34, 28.6, 29.63, 29.63, 28.29, 28.59, 29.733599999999974]
[[ 0.08193617  0.42233953  0.49572429]]
29.87655: [28.78, 28.94, 28.34, 28.6, 29.63, 29.63, 28.29, 28.59, 29.876549999999973]
[[ 0.08199356  0.41442788  0.50357854]]
30.0195: [28.78, 28.94, 28.34, 28.6, 29.63, 29.63, 28.29, 28.59, 30.019499999999972]
[[ 0.08205117  0.40653116  0.51141769]]
30.16245: [28.78, 28.94, 28.34, 28.6, 29.63, 29.63, 28.29, 28.59, 30.16244999999997]
[[ 0.08211238  0.39867425  0.51921338]]
30.3054: [28.78, 28.94, 28.34, 28.6, 29.63, 29.63, 28.29, 28.59, 30.30539999999997]
[[ 0.0821812   0.39088225  0.52693653]]
30.44835: [28.78, 28.94, 28.34, 28.6, 29.63, 29.63, 28.29, 28.59, 30.44834999999997]
[[ 0.08226256  0.38318458  0.53455287]]
30.5913: [28.78, 28.94, 28.34, 28.6, 29.63, 29.63, 28.29, 28.59, 30.59129999999997]
[[ 0.0823622   0.37561399  0.54202384]]
30.73425: [28.78, 28.94, 28.34, 28.6, 29.63, 29.63, 28.29, 28.59, 30.734249999999967]
[[ 0.082487    0.36820874  0.54930431]]
30.8772: [28.78, 28.94, 28.34, 28.6, 29.63, 29.63, 28.29, 28.59, 30.877199999999966]
[[ 0.0826453   0.36101341  0.55634135]]
31.02015: [28.78, 28.94, 28.34, 28.6, 29.63, 29.63, 28.29, 28.59, 31.020149999999965]
[[ 0.08284681  0.35407883  0.56307429]]
31.1631: [28.78, 28.94, 28.34, 28.6, 29.63, 29.63, 28.29, 28.59, 31.163099999999964]
[[ 0.08310343  0.3474676   0.56942892]]
31.30605: [28.78, 28.94, 28.34, 28.6, 29.63, 29.63, 28.29, 28.59, 31.306049999999964]
[[ 0.08342927  0.34125072  0.57532001]]
31.449: [28.78, 28.94, 28.34, 28.6, 29.63, 29.63, 28.29, 28.59, 31.448999999999963]
[[ 0.08384147  0.33551252  0.58064604]]
