[[  1.  31.   0.]
 [  0.  28.   0.]
 [  0.  40.   0.]]
cf_score, 29.0
nv_score, 0.0
ratio, 0.292929292929
[[ 22.   5.  10.]
 [ 14.   3.   9.]
 [ 15.   4.  18.]]
cf_score, 18.0
nv_score, -11.0
ratio, 0.434343434343
[[ 22.   8.   3.]
 [ 11.   7.  11.]
 [ 23.   9.   6.]]
cf_score, 9.0
nv_score, -11.0
ratio, 0.353535353535
[[ 24.   8.   8.]
 [ 14.  10.   5.]
 [ 14.   6.  11.]]
cf_score, 23.0
nv_score, -10.0
ratio, 0.454545454545
[[ 25.   2.  10.]
 [ 11.  12.   9.]
 [ 12.   8.  11.]]
cf_score, 26.0
nv_score, -18.0
ratio, 0.484848484848
[[ 21.  13.   7.]
 [ 14.   9.   6.]
 [  9.   7.  14.]]
cf_score, 28.0
nv_score, -6.0
ratio, 0.444444444444
[[ 13.  10.   7.]
 [ 11.   8.  13.]
 [ 11.  10.  17.]]
cf_score, 20.0
nv_score, -10.0
ratio, 0.383838383838
[[ 19.  15.   7.]
 [ 11.  11.   9.]
 [ 13.   7.   8.]]
cf_score, 18.0
nv_score, -15.0
ratio, 0.383838383838
[[ 18.   4.   3.]
 [ 14.  20.   9.]
 [ 15.   7.  10.]]
cf_score, 30.0
nv_score, -5.0
ratio, 0.484848484848
[[ 26.   4.   5.]
 [ 18.   6.  10.]
 [ 11.   8.  12.]]
cf_score, 28.0
nv_score, -8.0
ratio, 0.444444444444
[[ 20.  11.   2.]
 [ 16.   7.  12.]
 [ 11.  10.  11.]]
cf_score, 25.0
nv_score, -5.0
ratio, 0.383838383838
[[ 19.  10.   9.]
 [ 11.   7.  10.]
 [ 13.  15.   6.]]
cf_score, 10.0
nv_score, -22.0
ratio, 0.323232323232
[[ 25.   9.   4.]
 [ 16.   9.   4.]
 [ 19.   5.   9.]]
cf_score, 20.0
nv_score, -3.0
ratio, 0.434343434343
[[ 20.  13.   7.]
 [ 12.   4.  11.]
 [ 11.   8.  14.]]
cf_score, 20.0
nv_score, -11.0
ratio, 0.383838383838
[[ 28.   8.   2.]
 [ 14.   8.  11.]
 [  8.  10.  11.]]
cf_score, 37.0
nv_score, -4.0
ratio, 0.474747474747
[[ 25.   6.   4.]
 [ 11.   7.   7.]
 [ 15.   8.  17.]]
cf_score, 30.0
nv_score, 2.0
ratio, 0.494949494949
[[ 24.   7.   4.]
 [ 15.   6.   5.]
 [ 16.  10.  13.]]
cf_score, 23.0
nv_score, 0.0
ratio, 0.434343434343
[[ 18.  10.   4.]
 [ 22.  13.   2.]
 [ 11.  10.  10.]]
cf_score, 26.0
nv_score, 0.0
ratio, 0.414141414141
[[ 15.   8.   4.]
 [ 18.   7.  10.]
 [ 15.  11.  12.]]
cf_score, 15.0
nv_score, -6.0
ratio, 0.343434343434
[[ 20.   6.   5.]
 [ 17.  13.   8.]
 [  7.  12.  12.]]
cf_score, 33.0
nv_score, -6.0
ratio, 0.454545454545
[[ 29.   8.   2.]
 [ 13.  12.   7.]
 [ 11.   9.   9.]]
cf_score, 37.0
nv_score, -2.0
ratio, 0.505050505051
[[ 14.  12.   2.]
 [ 21.   7.   9.]
 [ 15.   8.  12.]]
cf_score, 16.0
nv_score, -1.0
ratio, 0.333333333333
[[ 17.   8.   2.]
 [ 16.  15.   8.]
 [ 10.   9.  15.]]
cf_score, 35.0
nv_score, 3.0
ratio, 0.474747474747
[[ 25.   4.   6.]
 [ 19.  10.   5.]
 [ 12.   4.  15.]]
cf_score, 32.0
nv_score, -2.0
ratio, 0.505050505051
[[ 19.   8.   8.]
 [ 12.  13.  10.]
 [ 12.  10.   8.]]
cf_score, 20.0
nv_score, -18.0
ratio, 0.40404040404
[[ 26.   4.   1.]
 [  9.  10.   7.]
 [ 18.  15.  10.]]
cf_score, 27.0
nv_score, 1.0
ratio, 0.464646464646
[[ 21.  10.   0.]
 [ 15.  14.   7.]
 [ 12.  10.  11.]]
cf_score, 34.0
nv_score, 4.0
ratio, 0.464646464646
[[ 25.   5.   2.]
 [ 16.  11.   4.]
 [ 19.   7.  11.]]
cf_score, 26.0
nv_score, 3.0
ratio, 0.474747474747
[[ 21.   9.   3.]
 [ 17.  15.   9.]
 [ 11.   5.  10.]]
cf_score, 32.0
nv_score, -5.0
ratio, 0.464646464646
[[ 16.  18.   2.]
 [  9.  13.   9.]
 [ 16.   4.  13.]]
cf_score, 24.0
nv_score, 0.0
ratio, 0.424242424242
[[ 19.  11.   3.]
 [ 17.   7.   4.]
 [ 10.  17.  12.]]
cf_score, 25.0
nv_score, 2.0
ratio, 0.383838383838
[[ 21.   8.   6.]
 [  9.   7.  11.]
 [ 13.   7.  18.]]
cf_score, 27.0
nv_score, -5.0
ratio, 0.464646464646
[[ 23.   8.   6.]
 [ 13.  16.   8.]
 [ 10.   8.   8.]]
cf_score, 31.0
nv_score, -12.0
ratio, 0.474747474747
[[ 20.  11.   4.]
 [ 21.   8.   9.]
 [ 10.   4.  13.]]
cf_score, 27.0
nv_score, -4.0
ratio, 0.414141414141
[[ 26.   5.   0.]
 [ 12.  13.   2.]
 [ 18.   6.  18.]]
cf_score, 39.0
nv_score, 16.0
ratio, 0.575757575758
[[ 24.   6.   7.]
 [ 17.  11.   5.]
 [ 16.   6.   8.]]
cf_score, 20.0
nv_score, -11.0
ratio, 0.434343434343
[[ 15.   9.   5.]
 [ 24.  11.   3.]
 [ 13.  15.   5.]]
cf_score, 13.0
nv_score, -8.0
ratio, 0.313131313131
[[ 29.   9.   4.]
 [ 12.  10.   5.]
 [ 14.   5.  12.]]
cf_score, 33.0
nv_score, -1.0
ratio, 0.515151515152
[[ 28.  11.   4.]
 [ 11.  11.   3.]
 [ 12.   5.  15.]]
cf_score, 38.0
nv_score, 4.0
ratio, 0.545454545455
[[ 30.   9.   3.]
 [  8.   9.   6.]
 [  9.   7.  19.]]
cf_score, 46.0
nv_score, 7.0
ratio, 0.585858585859
[[ 19.   5.   0.]
 [ 20.   9.   8.]
 [ 16.   6.  17.]]
cf_score, 29.0
nv_score, 9.0
ratio, 0.454545454545
[[ 19.  10.   1.]
 [ 15.   7.   8.]
 [ 18.   8.  14.]]
cf_score, 21.0
nv_score, 4.0
ratio, 0.40404040404
[[ 25.  10.   5.]
 [  9.  11.   6.]
 [  9.  12.  13.]]
cf_score, 35.0
nv_score, -3.0
ratio, 0.494949494949
[[ 26.   3.   6.]
 [ 19.  21.   5.]
 [  9.   4.   7.]]
cf_score, 39.0
nv_score, -10.0
ratio, 0.545454545455
[[ 29.  10.   2.]
 [ 10.  12.   7.]
 [  9.   4.  17.]]
cf_score, 47.0
nv_score, 6.0
ratio, 0.585858585859
[[ 21.   3.   6.]
 [  8.  10.  12.]
 [ 12.   9.  19.]]
cf_score, 32.0
nv_score, -5.0
ratio, 0.505050505051
[[ 22.  12.   3.]
 [ 15.  10.   2.]
 [ 20.   6.  10.]]
cf_score, 19.0
nv_score, 2.0
ratio, 0.424242424242
[[ 23.   5.   0.]
 [ 19.   8.   6.]
 [ 16.  11.  12.]]
cf_score, 27.0
nv_score, 6.0
ratio, 0.434343434343
[[ 27.  11.   3.]
 [  9.  11.   8.]
 [ 13.  10.   8.]]
cf_score, 30.0
nv_score, -6.0
ratio, 0.464646464646
[[ 23.  10.   1.]
 [ 14.  11.   9.]
 [ 10.   6.  16.]]
cf_score, 39.0
nv_score, 5.0
ratio, 0.505050505051
