[[  0.  35.   5.]
 [  0.  26.   3.]
 [  0.  26.   5.]]
cf_score, 26.0
nv_score, -8.0
ratio, 0.313131313131
[[  1.  25.   3.]
 [  0.  29.   3.]
 [  1.  35.   3.]]
cf_score, 29.0
nv_score, -6.0
ratio, 0.333333333333
[[  1.  39.   3.]
 [  1.  31.   0.]
 [  1.  20.   4.]]
cf_score, 32.0
nv_score, -2.0
ratio, 0.363636363636
[[  0.  30.   2.]
 [  0.  35.   4.]
 [  0.  24.   5.]]
cf_score, 38.0
nv_score, -3.0
ratio, 0.40404040404
[[  0.  29.   3.]
 [  0.  23.   2.]
 [  0.  37.   6.]]
cf_score, 26.0
nv_score, -2.0
ratio, 0.292929292929
[[  0.  22.   5.]
 [  0.  36.   3.]
 [  0.  28.   6.]]
cf_score, 37.0
nv_score, -7.0
ratio, 0.424242424242
[[  0.  33.   2.]
 [  0.  35.   2.]
 [  0.  20.   8.]]
cf_score, 41.0
nv_score, 2.0
ratio, 0.434343434343
[[  0.  27.   6.]
 [  0.  37.   0.]
 [  0.  25.   5.]]
cf_score, 36.0
nv_score, -7.0
ratio, 0.424242424242
[[  0.  29.   5.]
 [  0.  31.   3.]
 [  0.  29.   3.]]
cf_score, 29.0
nv_score, -10.0
ratio, 0.343434343434
[[  0.  33.   6.]
 [  0.  31.   2.]
 [  0.  20.   8.]]
cf_score, 33.0
nv_score, -6.0
ratio, 0.393939393939
[[  0.  26.   4.]
 [  0.  32.   3.]
 [  0.  29.   6.]]
cf_score, 34.0
nv_score, -5.0
ratio, 0.383838383838
[[ 23.   5.   9.]
 [ 24.  12.   2.]
 [ 14.   8.   3.]]
cf_score, 15.0
nv_score, -17.0
ratio, 0.383838383838
[[ 15.   7.   1.]
 [ 14.  13.   4.]
 [ 31.   9.   6.]]
cf_score, 2.0
nv_score, 0.0
ratio, 0.343434343434
[[ 16.  10.   6.]
 [ 15.  16.   6.]
 [ 10.  14.   7.]]
cf_score, 23.0
nv_score, -11.0
ratio, 0.393939393939
[[ 14.  17.   4.]
 [ 15.  16.   5.]
 [ 11.  12.   6.]]
cf_score, 21.0
nv_score, -7.0
ratio, 0.363636363636
[[ 14.  15.   2.]
 [ 10.  23.   1.]
 [ 21.   8.   6.]]
cf_score, 20.0
nv_score, 1.0
ratio, 0.434343434343
[[ 19.  12.   5.]
 [ 15.  20.   5.]
 [ 14.   6.   4.]]
cf_score, 24.0
nv_score, -11.0
ratio, 0.434343434343
[[ 19.  10.   3.]
 [ 12.  14.   4.]
 [ 20.  12.   6.]]
cf_score, 16.0
nv_score, -4.0
ratio, 0.393939393939
[[ 18.  13.   7.]
 [  9.  12.   5.]
 [ 17.  11.   8.]]
cf_score, 14.0
nv_score, -11.0
ratio, 0.383838383838
[[ 18.   8.  10.]
 [ 10.  15.   3.]
 [ 14.  18.   4.]]
cf_score, 13.0
nv_score, -19.0
ratio, 0.373737373737
[[ 14.  18.   1.]
 [ 16.  22.   2.]
 [ 11.  11.   5.]]
cf_score, 29.0
nv_score, 1.0
ratio, 0.414141414141
[[ 11.  13.   3.]
 [ 18.  23.   2.]
 [ 13.   9.   8.]]
cf_score, 26.0
nv_score, 0.0
ratio, 0.424242424242
[[ 16.  14.  12.]
 [ 12.  14.   1.]
 [ 17.   6.   8.]]
cf_score, 9.0
nv_score, -17.0
ratio, 0.383838383838
[[ 20.  14.   4.]
 [  9.  17.   7.]
 [ 13.  10.   6.]]
cf_score, 26.0
nv_score, -9.0
ratio, 0.434343434343
[[ 11.  13.   2.]
 [ 12.  18.   5.]
 [ 26.   7.   6.]]
cf_score, 7.0
nv_score, -3.0
ratio, 0.353535353535
[[ 19.  15.   7.]
 [ 11.  17.   2.]
 [ 14.   9.   6.]]
cf_score, 21.0
nv_score, -10.0
ratio, 0.424242424242
[[ 18.  11.   4.]
 [ 22.  11.   3.]
 [ 14.  12.   5.]]
cf_score, 16.0
nv_score, -6.0
ratio, 0.343434343434
[[ 19.  14.   6.]
 [ 16.  11.   1.]
 [ 17.   9.   7.]]
cf_score, 14.0
nv_score, -6.0
ratio, 0.373737373737
[[ 17.  12.   5.]
 [ 12.  18.   3.]
 [ 23.   6.   4.]]
cf_score, 11.0
nv_score, -9.0
ratio, 0.393939393939
[[ 16.  13.   2.]
 [ 14.  15.   4.]
 [ 17.  10.   9.]]
cf_score, 21.0
nv_score, 1.0
ratio, 0.40404040404
[[ 20.  14.   4.]
 [ 12.  12.   0.]
 [ 14.  14.  10.]]
cf_score, 24.0
nv_score, 2.0
ratio, 0.424242424242
[[ 17.  17.   6.]
 [  9.   9.   4.]
 [ 14.  13.  11.]]
cf_score, 17.0
nv_score, -5.0
ratio, 0.373737373737
[[ 19.   8.   2.]
 [ 11.  16.   8.]
 [ 17.  12.   7.]]
cf_score, 23.0
nv_score, -5.0
ratio, 0.424242424242
[[ 24.   5.   8.]
 [ 15.   9.   2.]
 [ 22.   7.   8.]]
cf_score, 11.0
nv_score, -10.0
ratio, 0.414141414141
[[ 20.  10.   3.]
 [ 17.  16.   0.]
 [ 21.   9.   4.]]
cf_score, 16.0
nv_score, -2.0
ratio, 0.40404040404
[[ 26.   9.   5.]
 [ 16.  12.   7.]
 [ 14.   8.   3.]]
cf_score, 22.0
nv_score, -14.0
ratio, 0.414141414141
[[ 16.  11.  10.]
 [ 11.   8.   1.]
 [ 17.  12.  14.]]
cf_score, 11.0
nv_score, -7.0
ratio, 0.383838383838
[[ 25.   8.   4.]
 [ 14.  13.   6.]
 [ 13.  12.   5.]]
cf_score, 26.0
nv_score, -9.0
ratio, 0.434343434343
[[ 17.  11.   4.]
 [ 14.  13.  13.]
 [  8.  10.  10.]]
cf_score, 28.0
nv_score, -11.0
ratio, 0.40404040404
[[ 23.   7.   6.]
 [ 20.   7.   2.]
 [ 13.  16.   6.]]
cf_score, 17.0
nv_score, -8.0
ratio, 0.363636363636
[[ 23.   7.   4.]
 [ 13.  15.   4.]
 [ 17.   9.   8.]]
cf_score, 25.0
nv_score, -4.0
ratio, 0.464646464646
[[ 10.   8.   9.]
 [ 10.  15.   8.]
 [  6.  17.  17.]]
cf_score, 27.0
nv_score, -9.0
ratio, 0.424242424242
[[ 14.  14.   4.]
 [ 13.  13.   8.]
 [  6.  13.  15.]]
cf_score, 32.0
nv_score, -1.0
ratio, 0.424242424242
[[ 12.  15.  10.]
 [  7.  14.   8.]
 [  6.  14.  14.]]
cf_score, 24.0
nv_score, -14.0
ratio, 0.40404040404
[[ 14.  20.   9.]
 [  4.  19.   6.]
 [  5.  11.  12.]]
cf_score, 31.0
nv_score, -12.0
ratio, 0.454545454545
[[ 14.  12.   7.]
 [  5.  17.   8.]
 [  7.  14.  16.]]
cf_score, 33.0
nv_score, -6.0
ratio, 0.474747474747
[[ 13.  13.   7.]
 [  6.  16.   5.]
 [  5.  15.  20.]]
cf_score, 37.0
nv_score, 1.0
ratio, 0.494949494949
[[ 14.  16.  12.]
 [  6.  18.   8.]
 [  3.  10.  13.]]
cf_score, 30.0
nv_score, -19.0
ratio, 0.454545454545
[[ 13.  12.  10.]
 [  7.  19.  12.]
 [  2.  11.  14.]]
cf_score, 34.0
nv_score, -18.0
ratio, 0.464646464646
[[  9.  15.  10.]
 [  4.  15.  14.]
 [  4.  14.  15.]]
cf_score, 25.0
nv_score, -19.0
ratio, 0.393939393939
