[[  0.   8.  21.]
 [  2.  24.  11.]
 [  0.   5.  29.]]
cf_score, 32.0
ratio, 0.535353535354
[[  0.  16.  15.]
 [  1.  23.  11.]
 [  2.   8.  24.]]
cf_score, 30.0
ratio, 0.474747474747
[[  0.  11.  20.]
 [  0.  24.   7.]
 [  0.  11.  27.]]
cf_score, 31.0
ratio, 0.515151515152
[[  0.   9.  15.]
 [  1.  28.   8.]
 [  0.   8.  31.]]
cf_score, 44.0
ratio, 0.59595959596
[[  4.  11.  14.]
 [  3.  28.  10.]
 [  5.   5.  20.]]
cf_score, 33.0
ratio, 0.525252525253
[[  4.  16.  11.]
 [  1.  29.  10.]
 [  3.   9.  17.]]
cf_score, 36.0
ratio, 0.505050505051
[[  8.  17.   8.]
 [  5.  22.  10.]
 [  2.   9.  19.]]
cf_score, 39.0
ratio, 0.494949494949
[[  9.  15.  10.]
 [  7.  20.   8.]
 [  4.   7.  20.]]
cf_score, 35.0
ratio, 0.494949494949
[[ 14.  13.   9.]
 [  7.  27.   4.]
 [  3.   5.  18.]]
cf_score, 47.0
ratio, 0.59595959596
[[ 10.  17.   9.]
 [  4.  19.  10.]
 [  5.   5.  21.]]
cf_score, 36.0
ratio, 0.505050505051
[[ 10.  14.   8.]
 [  2.  23.   4.]
 [  7.   6.  26.]]
cf_score, 44.0
ratio, 0.59595959596
[[ 14.  16.   5.]
 [  1.  31.   6.]
 [  5.   4.  18.]]
cf_score, 53.0
ratio, 0.636363636364
[[ 12.  19.   7.]
 [  1.  28.   8.]
 [  5.   3.  17.]]
cf_score, 45.0
ratio, 0.575757575758
[[ 20.  14.   6.]
 [  3.  23.   6.]
 [  4.  11.  13.]]
cf_score, 46.0
ratio, 0.565656565657
[[ 10.  13.   8.]
 [  4.  31.   4.]
 [  9.   7.  14.]]
cf_score, 38.0
ratio, 0.555555555556
[[ 15.  18.   7.]
 [  5.  21.  11.]
 [  5.   6.  12.]]
cf_score, 36.0
ratio, 0.484848484848
[[ 15.  16.   9.]
 [  3.  29.   3.]
 [  3.   7.  15.]]
cf_score, 47.0
ratio, 0.59595959596
[[ 21.  18.   5.]
 [  6.  25.   2.]
 [  4.   4.  15.]]
cf_score, 52.0
ratio, 0.616161616162
[[ 13.  24.   2.]
 [  2.  16.   5.]
 [  8.  10.  20.]]
cf_score, 39.0
ratio, 0.494949494949
[[ 13.  18.   2.]
 [ 10.  16.   6.]
 [  9.   5.  21.]]
cf_score, 39.0
ratio, 0.505050505051
[[ 18.  12.   5.]
 [  4.  22.   4.]
 [  8.  11.  16.]]
cf_score, 43.0
ratio, 0.565656565657
[[ 16.  18.   2.]
 [  2.  35.   3.]
 [  3.   5.  16.]]
cf_score, 62.0
ratio, 0.676767676768
[[ 22.  10.   7.]
 [  5.  22.   5.]
 [  6.   2.  21.]]
cf_score, 52.0
ratio, 0.656565656566
[[ 17.  17.   1.]
 [  4.  28.   1.]
 [  6.   8.  18.]]
cf_score, 56.0
ratio, 0.636363636364
[[ 13.  12.   4.]
 [  7.  22.  13.]
 [  6.  10.  13.]]
cf_score, 38.0
ratio, 0.484848484848
[[ 18.   9.  15.]
 [  7.  22.   4.]
 [  6.   3.  16.]]
cf_score, 35.0
ratio, 0.565656565657
[[ 12.  18.   7.]
 [  5.  19.   5.]
 [  3.   9.  22.]]
cf_score, 43.0
ratio, 0.535353535354
[[ 19.  13.   4.]
 [  5.  19.   3.]
 [  6.   8.  23.]]
cf_score, 51.0
ratio, 0.616161616162
[[ 15.  14.   4.]
 [  3.  25.   3.]
 [  4.   9.  23.]]
cf_score, 55.0
ratio, 0.636363636364
[[ 10.  14.   6.]
 [  5.  21.   9.]
 [  7.  11.  17.]]
cf_score, 35.0
ratio, 0.484848484848
[[ 14.  12.   3.]
 [  4.  23.   5.]
 [ 10.   7.  22.]]
cf_score, 46.0
ratio, 0.59595959596
[[ 21.  14.   4.]
 [  2.  24.   5.]
 [  4.   9.  17.]]
cf_score, 54.0
ratio, 0.626262626263
[[ 16.  13.   5.]
 [  3.  24.   3.]
 [  3.  12.  21.]]
cf_score, 53.0
ratio, 0.616161616162
[[ 13.  19.   7.]
 [  3.  19.   7.]
 [  6.  10.  16.]]
cf_score, 35.0
ratio, 0.484848484848
[[ 11.  16.   2.]
 [  7.  27.   9.]
 [  5.   7.  16.]]
cf_score, 47.0
ratio, 0.545454545455
[[ 23.  13.   3.]
 [  6.  14.   5.]
 [  8.   6.  22.]]
cf_score, 48.0
ratio, 0.59595959596
[[ 15.  10.   3.]
 [  7.  19.   9.]
 [  7.   7.  23.]]
cf_score, 47.0
ratio, 0.575757575758
[[ 11.  20.   4.]
 [ 10.  23.   5.]
 [  4.   6.  17.]]
cf_score, 43.0
ratio, 0.515151515152
[[ 11.  18.   5.]
 [  9.  24.   4.]
 [ 11.   8.  10.]]
cf_score, 29.0
ratio, 0.454545454545
[[ 16.   7.   2.]
 [  7.  25.   7.]
 [  9.   7.  20.]]
cf_score, 50.0
ratio, 0.616161616162
[[  9.  12.   5.]
 [  7.  22.   7.]
 [  3.   4.  31.]]
cf_score, 54.0
ratio, 0.626262626263
[[ 19.  14.   6.]
 [  5.  21.   3.]
 [  7.  10.  15.]]
cf_score, 42.0
ratio, 0.555555555556
[[ 14.  12.  10.]
 [  7.  27.   5.]
 [  2.   5.  18.]]
cf_score, 47.0
ratio, 0.59595959596
[[ 10.  13.   6.]
 [  5.  26.   3.]
 [ 12.   4.  21.]]
cf_score, 39.0
ratio, 0.575757575758
[[ 10.  14.   4.]
 [  4.  29.  10.]
 [  5.   3.  21.]]
cf_score, 51.0
ratio, 0.606060606061
[[ 11.  19.   4.]
 [  5.  20.   7.]
 [  9.   8.  17.]]
cf_score, 35.0
ratio, 0.484848484848
[[ 14.  24.   6.]
 [  6.  19.   8.]
 [  3.   4.  16.]]
cf_score, 40.0
ratio, 0.494949494949
[[ 13.  11.   8.]
 [  4.  30.   6.]
 [  1.   6.  21.]]
cf_score, 55.0
ratio, 0.646464646465
[[ 19.  13.   1.]
 [  2.  27.   5.]
 [  7.   4.  22.]]
cf_score, 60.0
ratio, 0.686868686869
[[ 16.  16.   5.]
 [  4.  19.   8.]
 [ 11.   5.  16.]]
cf_score, 35.0
ratio, 0.515151515152
[[ 20.   7.   4.]
 [  7.  28.   3.]
 [  5.   9.  17.]]
cf_score, 56.0
ratio, 0.656565656566
[[ 12.   7.   4.]
 [  6.  27.   6.]
 [  8.   8.  22.]]
cf_score, 49.0
ratio, 0.616161616162
[[ 11.  14.   6.]
 [  8.  23.   4.]
 [  3.   7.  24.]]
cf_score, 49.0
ratio, 0.585858585859
[[ 10.  12.   3.]
 [  7.  27.  10.]
 [  6.   4.  21.]]
cf_score, 49.0
ratio, 0.585858585859
[[ 12.  15.   7.]
 [  4.  23.  11.]
 [  3.   7.  18.]]
cf_score, 43.0
ratio, 0.535353535354
[[ 18.  16.   7.]
 [ 10.  19.   4.]
 [  7.   5.  14.]]
cf_score, 37.0
ratio, 0.515151515152
[[ 15.  17.   7.]
 [  6.  22.   7.]
 [  4.   3.  19.]]
cf_score, 45.0
ratio, 0.565656565657
[[ 19.  14.   6.]
 [  6.  22.   7.]
 [  6.   5.  15.]]
cf_score, 44.0
ratio, 0.565656565657
[[ 10.   9.   6.]
 [  6.  26.   6.]
 [  9.   4.  24.]]
cf_score, 45.0
ratio, 0.606060606061
[[ 11.  19.   3.]
 [  6.  21.   7.]
 [  4.  13.  16.]]
cf_score, 41.0
ratio, 0.484848484848
[[ 14.  15.   4.]
 [  6.  24.   7.]
 [ 10.   5.  15.]]
cf_score, 39.0
ratio, 0.535353535354
[[ 19.  18.   4.]
 [  3.  17.   1.]
 [  5.   7.  26.]]
cf_score, 53.0
ratio, 0.626262626263
[[ 10.  13.   5.]
 [  6.  24.   8.]
 [  6.  10.  18.]]
cf_score, 41.0
ratio, 0.525252525253
[[ 11.  21.   4.]
 [  8.  24.   4.]
 [  7.   6.  15.]]
cf_score, 39.0
ratio, 0.505050505051
[[ 14.  16.   5.]
 [  9.  21.   2.]
 [  9.   9.  15.]]
cf_score, 36.0
ratio, 0.505050505051
[[ 15.  17.   7.]
 [  7.  26.   4.]
 [  3.   9.  12.]]
cf_score, 43.0
ratio, 0.535353535354
[[ 18.  11.   6.]
 [  6.  23.   5.]
 [  2.  10.  19.]]
cf_score, 52.0
ratio, 0.606060606061
[[ 14.  16.   1.]
 [  3.  20.  13.]
 [  6.   8.  19.]]
cf_score, 46.0
ratio, 0.535353535354
[[ 16.  13.   4.]
 [  3.  22.   8.]
 [  7.  14.  13.]]
cf_score, 40.0
ratio, 0.515151515152
[[ 16.  20.   4.]
 [  6.  19.   4.]
 [  7.   7.  17.]]
cf_score, 41.0
ratio, 0.525252525253
[[ 16.  10.   3.]
 [  4.  31.   3.]
 [ 10.   8.  15.]]
cf_score, 49.0
ratio, 0.626262626263
[[ 11.  19.   2.]
 [  5.  28.   3.]
 [  5.   7.  20.]]
cf_score, 52.0
ratio, 0.59595959596
[[ 10.  18.   5.]
 [  5.  28.   3.]
 [  8.   4.  19.]]
cf_score, 44.0
ratio, 0.575757575758
[[ 25.  10.   7.]
 [  8.  18.   6.]
 [  5.   7.  14.]]
cf_score, 45.0
ratio, 0.575757575758
[[ 18.  16.   5.]
 [ 10.  15.   3.]
 [  6.   7.  20.]]
cf_score, 42.0
ratio, 0.535353535354
[[ 13.  17.   5.]
 [  4.  28.  11.]
 [  5.   4.  13.]]
cf_score, 44.0
ratio, 0.545454545455
[[ 17.  14.   6.]
 [  5.  22.   9.]
 [  6.   2.  19.]]
cf_score, 46.0
ratio, 0.585858585859
[[ 13.  19.   2.]
 [  8.  22.  10.]
 [  6.   9.  11.]]
cf_score, 38.0
ratio, 0.464646464646
[[ 21.  15.   8.]
 [  3.  15.   4.]
 [  6.   8.  20.]]
cf_score, 42.0
ratio, 0.565656565657
[[ 15.  20.   7.]
 [  4.  21.   8.]
 [  4.   6.  15.]]
cf_score, 40.0
ratio, 0.515151515152
[[ 11.  14.   8.]
 [  6.  20.   5.]
 [  5.  12.  19.]]
cf_score, 37.0
ratio, 0.505050505051
[[ 13.  18.   2.]
 [  6.  20.   8.]
 [ 10.   7.  16.]]
cf_score, 37.0
ratio, 0.494949494949
[[ 14.  11.  10.]
 [  1.  30.   9.]
 [  6.   5.  14.]]
cf_score, 42.0
ratio, 0.585858585859
[[ 15.  15.   5.]
 [  3.  17.   4.]
 [  5.  12.  24.]]
cf_score, 46.0
ratio, 0.565656565657
[[ 16.   9.   5.]
 [  9.  26.   3.]
 [  8.   3.  21.]]
cf_score, 50.0
ratio, 0.636363636364
[[ 16.  19.   7.]
 [  4.  17.   6.]
 [  5.   9.  17.]]
cf_score, 38.0
ratio, 0.505050505051
[[ 11.  14.   4.]
 [ 10.  15.  11.]
 [  4.   9.  22.]]
cf_score, 40.0
ratio, 0.484848484848
[[ 16.  13.   7.]
 [  4.  22.   7.]
 [  4.   8.  19.]]
cf_score, 46.0
ratio, 0.575757575758
[[  8.  16.   3.]
 [  9.  27.   5.]
 [  9.   5.  18.]]
cf_score, 41.0
ratio, 0.535353535354
[[ 13.  14.   5.]
 [  5.  19.  14.]
 [  4.  11.  15.]]
cf_score, 38.0
ratio, 0.474747474747
[[ 13.  14.  10.]
 [  6.  25.   4.]
 [  8.   3.  17.]]
cf_score, 37.0
ratio, 0.555555555556
[[ 12.  18.   5.]
 [  5.  21.   9.]
 [ 10.   8.  12.]]
cf_score, 30.0
ratio, 0.454545454545
[[ 19.   8.   6.]
 [ 11.  21.   9.]
 [  4.   5.  17.]]
cf_score, 47.0
ratio, 0.575757575758
[[ 12.  20.   5.]
 [  3.  23.   2.]
 [  7.  12.  16.]]
cf_score, 39.0
ratio, 0.515151515152
[[  9.  19.   6.]
 [  4.  17.   8.]
 [  7.   8.  22.]]
cf_score, 35.0
ratio, 0.484848484848
[[ 12.  15.   9.]
 [  4.  18.  10.]
 [  5.   9.  18.]]
cf_score, 34.0
ratio, 0.484848484848
[[  9.  15.   5.]
 [  6.  26.   4.]
 [  9.   5.  21.]]
cf_score, 42.0
ratio, 0.565656565657
[[ 14.  18.   7.]
 [  6.  19.   8.]
 [  6.   9.  13.]]
cf_score, 33.0
ratio, 0.464646464646
[[ 15.  14.   5.]
 [  1.  22.   7.]
 [ 10.   8.  18.]]
cf_score, 40.0
ratio, 0.555555555556
[[ 10.  12.  10.]
 [  4.  24.   7.]
 [ 11.  12.  10.]]
cf_score, 23.0
ratio, 0.444444444444
