Loading Model: level_list/m1_100/tick_list/ACFN/class/models/model.h5
history_filename: history_recent/ACFN/history.json
Yesterday        : 2017-08-18: OHLCV: 0.2200, 0.2300, 0.2100, 0.2100, 26677
UberYesterday    : 2017-08-17: OHLCV: 0.2300, 0.2300, 0.2200, 0.2300, 39472
[u'0.2200', u'0.2300', u'0.2100', u'0.2100', u'26677']
[u'0.2300', u'0.2300', u'0.2200', u'0.2300', u'39472']
question_base :[0.23, 0.23, 0.22, 0.23, 0.22, 0.23, 0.21, 0.21]
0.189: [0.230, 0.230, 0.220, 0.230, 0.220, 0.230, 0.210, 0.210, 0.189][0.058, 0.167, 0.775]
0.19005: [0.230, 0.230, 0.220, 0.230, 0.220, 0.230, 0.210, 0.210, 0.190][0.059, 0.169, 0.773]
0.1911: [0.230, 0.230, 0.220, 0.230, 0.220, 0.230, 0.210, 0.210, 0.191][0.060, 0.170, 0.770]
0.19215: [0.230, 0.230, 0.220, 0.230, 0.220, 0.230, 0.210, 0.210, 0.192][0.061, 0.171, 0.767]
0.1932: [0.230, 0.230, 0.220, 0.230, 0.220, 0.230, 0.210, 0.210, 0.193][0.062, 0.173, 0.765]
0.19425: [0.230, 0.230, 0.220, 0.230, 0.220, 0.230, 0.210, 0.210, 0.194][0.064, 0.174, 0.762]
0.1953: [0.230, 0.230, 0.220, 0.230, 0.220, 0.230, 0.210, 0.210, 0.195][0.065, 0.176, 0.759]
0.19635: [0.230, 0.230, 0.220, 0.230, 0.220, 0.230, 0.210, 0.210, 0.196][0.066, 0.177, 0.756]
0.1974: [0.230, 0.230, 0.220, 0.230, 0.220, 0.230, 0.210, 0.210, 0.197][0.068, 0.179, 0.753]
0.19845: [0.230, 0.230, 0.220, 0.230, 0.220, 0.230, 0.210, 0.210, 0.198][0.069, 0.180, 0.750]
0.1995: [0.230, 0.230, 0.220, 0.230, 0.220, 0.230, 0.210, 0.210, 0.199][0.071, 0.182, 0.747]
0.20055: [0.230, 0.230, 0.220, 0.230, 0.220, 0.230, 0.210, 0.210, 0.201][0.073, 0.184, 0.744]
0.2016: [0.230, 0.230, 0.220, 0.230, 0.220, 0.230, 0.210, 0.210, 0.202][0.074, 0.185, 0.741]
0.20265: [0.230, 0.230, 0.220, 0.230, 0.220, 0.230, 0.210, 0.210, 0.203][0.076, 0.187, 0.737]
0.2037: [0.230, 0.230, 0.220, 0.230, 0.220, 0.230, 0.210, 0.210, 0.204][0.078, 0.189, 0.734]
0.20475: [0.230, 0.230, 0.220, 0.230, 0.220, 0.230, 0.210, 0.210, 0.205][0.080, 0.190, 0.730]
0.2058: [0.230, 0.230, 0.220, 0.230, 0.220, 0.230, 0.210, 0.210, 0.206][0.082, 0.192, 0.726]
0.20685: [0.230, 0.230, 0.220, 0.230, 0.220, 0.230, 0.210, 0.210, 0.207][0.084, 0.193, 0.723]
0.2079: [0.230, 0.230, 0.220, 0.230, 0.220, 0.230, 0.210, 0.210, 0.208][0.086, 0.195, 0.719]
0.20895: [0.230, 0.230, 0.220, 0.230, 0.220, 0.230, 0.210, 0.210, 0.209][0.088, 0.197, 0.715]
0.21: [0.230, 0.230, 0.220, 0.230, 0.220, 0.230, 0.210, 0.210, 0.210][0.091, 0.198, 0.711]
0.21105: [0.230, 0.230, 0.220, 0.230, 0.220, 0.230, 0.210, 0.210, 0.211][0.093, 0.200, 0.706]
0.2121: [0.230, 0.230, 0.220, 0.230, 0.220, 0.230, 0.210, 0.210, 0.212][0.096, 0.202, 0.702]
0.21315: [0.230, 0.230, 0.220, 0.230, 0.220, 0.230, 0.210, 0.210, 0.213][0.099, 0.203, 0.698]
0.2142: [0.230, 0.230, 0.220, 0.230, 0.220, 0.230, 0.210, 0.210, 0.214][0.102, 0.205, 0.693]
0.21525: [0.230, 0.230, 0.220, 0.230, 0.220, 0.230, 0.210, 0.210, 0.215][0.105, 0.207, 0.689]
0.2163: [0.230, 0.230, 0.220, 0.230, 0.220, 0.230, 0.210, 0.210, 0.216][0.108, 0.208, 0.684]
0.21735: [0.230, 0.230, 0.220, 0.230, 0.220, 0.230, 0.210, 0.210, 0.217][0.111, 0.210, 0.679]
0.2184: [0.230, 0.230, 0.220, 0.230, 0.220, 0.230, 0.210, 0.210, 0.218][0.114, 0.211, 0.674]
0.21945: [0.230, 0.230, 0.220, 0.230, 0.220, 0.230, 0.210, 0.210, 0.219][0.118, 0.213, 0.669]
0.2205: [0.230, 0.230, 0.220, 0.230, 0.220, 0.230, 0.210, 0.210, 0.220][0.121, 0.215, 0.664]
0.22155: [0.230, 0.230, 0.220, 0.230, 0.220, 0.230, 0.210, 0.210, 0.222][0.125, 0.216, 0.659]
0.2226: [0.230, 0.230, 0.220, 0.230, 0.220, 0.230, 0.210, 0.210, 0.223][0.129, 0.217, 0.654]
0.22365: [0.230, 0.230, 0.220, 0.230, 0.220, 0.230, 0.210, 0.210, 0.224][0.133, 0.219, 0.648]
0.2247: [0.230, 0.230, 0.220, 0.230, 0.220, 0.230, 0.210, 0.210, 0.225][0.137, 0.220, 0.643]
0.22575: [0.230, 0.230, 0.220, 0.230, 0.220, 0.230, 0.210, 0.210, 0.226][0.142, 0.221, 0.637]
0.2268: [0.230, 0.230, 0.220, 0.230, 0.220, 0.230, 0.210, 0.210, 0.227][0.146, 0.223, 0.631]
0.22785: [0.230, 0.230, 0.220, 0.230, 0.220, 0.230, 0.210, 0.210, 0.228][0.151, 0.224, 0.625]
0.2289: [0.230, 0.230, 0.220, 0.230, 0.220, 0.230, 0.210, 0.210, 0.229][0.156, 0.225, 0.619]
0.22995: [0.230, 0.230, 0.220, 0.230, 0.220, 0.230, 0.210, 0.210, 0.230][0.161, 0.226, 0.613]
0.231: [0.230, 0.230, 0.220, 0.230, 0.220, 0.230, 0.210, 0.210, 0.231][0.166, 0.227, 0.607]
