Loading Model: level_list/m1_100/tick_list/APOG/class/models/model.h5
history_filename: history_recent/APOG/history.json
Yesterday        : 2017-08-18: OHLCV: 48.4600, 48.8100, 47.3700, 47.4200, 303561
UberYesterday    : 2017-08-17: OHLCV: 50.0000, 50.6800, 49.0600, 49.0800, 112768
[u'48.4600', u'48.8100', u'47.3700', u'47.4200', u'303561']
[u'50.0000', u'50.6800', u'49.0600', u'49.0800', u'112768']
question_base :[50.0, 50.68, 49.06, 49.08, 48.46, 48.81, 47.37, 47.42]
42.678: [50.000, 50.680, 49.060, 49.080, 48.460, 48.810, 47.370, 47.420, 42.678][0.011, 0.006, 0.983]
42.9151: [50.000, 50.680, 49.060, 49.080, 48.460, 48.810, 47.370, 47.420, 42.915][0.011, 0.006, 0.983]
43.1522: [50.000, 50.680, 49.060, 49.080, 48.460, 48.810, 47.370, 47.420, 43.152][0.011, 0.006, 0.983]
43.3893: [50.000, 50.680, 49.060, 49.080, 48.460, 48.810, 47.370, 47.420, 43.389][0.011, 0.006, 0.983]
43.6264: [50.000, 50.680, 49.060, 49.080, 48.460, 48.810, 47.370, 47.420, 43.626][0.011, 0.006, 0.983]
43.8635: [50.000, 50.680, 49.060, 49.080, 48.460, 48.810, 47.370, 47.420, 43.863][0.011, 0.006, 0.982]
44.1006: [50.000, 50.680, 49.060, 49.080, 48.460, 48.810, 47.370, 47.420, 44.101][0.012, 0.007, 0.982]
44.3377: [50.000, 50.680, 49.060, 49.080, 48.460, 48.810, 47.370, 47.420, 44.338][0.012, 0.007, 0.981]
44.5748: [50.000, 50.680, 49.060, 49.080, 48.460, 48.810, 47.370, 47.420, 44.575][0.012, 0.007, 0.981]
44.8119: [50.000, 50.680, 49.060, 49.080, 48.460, 48.810, 47.370, 47.420, 44.812][0.013, 0.008, 0.979]
45.049: [50.000, 50.680, 49.060, 49.080, 48.460, 48.810, 47.370, 47.420, 45.049][0.015, 0.009, 0.976]
45.2861: [50.000, 50.680, 49.060, 49.080, 48.460, 48.810, 47.370, 47.420, 45.286][0.017, 0.012, 0.971]
45.5232: [50.000, 50.680, 49.060, 49.080, 48.460, 48.810, 47.370, 47.420, 45.523][0.024, 0.018, 0.958]
45.7603: [50.000, 50.680, 49.060, 49.080, 48.460, 48.810, 47.370, 47.420, 45.760][0.042, 0.039, 0.919]
45.9974: [50.000, 50.680, 49.060, 49.080, 48.460, 48.810, 47.370, 47.420, 45.997][0.103, 0.142, 0.755]
46.2345: [50.000, 50.680, 49.060, 49.080, 48.460, 48.810, 47.370, 47.420, 46.234][0.206, 0.404, 0.390]
46.4716: [50.000, 50.680, 49.060, 49.080, 48.460, 48.810, 47.370, 47.420, 46.472][0.347, 0.470, 0.183]
46.7087: [50.000, 50.680, 49.060, 49.080, 48.460, 48.810, 47.370, 47.420, 46.709][0.500, 0.390, 0.110]
46.9458: [50.000, 50.680, 49.060, 49.080, 48.460, 48.810, 47.370, 47.420, 46.946][0.546, 0.360, 0.095]
47.1829: [50.000, 50.680, 49.060, 49.080, 48.460, 48.810, 47.370, 47.420, 47.183][0.556, 0.353, 0.091]
47.42: [50.000, 50.680, 49.060, 49.080, 48.460, 48.810, 47.370, 47.420, 47.420][0.559, 0.351, 0.090]
47.6571: [50.000, 50.680, 49.060, 49.080, 48.460, 48.810, 47.370, 47.420, 47.657][0.560, 0.350, 0.090]
47.8942: [50.000, 50.680, 49.060, 49.080, 48.460, 48.810, 47.370, 47.420, 47.894][0.561, 0.350, 0.090]
48.1313: [50.000, 50.680, 49.060, 49.080, 48.460, 48.810, 47.370, 47.420, 48.131][0.561, 0.350, 0.090]
48.3684: [50.000, 50.680, 49.060, 49.080, 48.460, 48.810, 47.370, 47.420, 48.368][0.561, 0.350, 0.089]
48.6055: [50.000, 50.680, 49.060, 49.080, 48.460, 48.810, 47.370, 47.420, 48.605][0.561, 0.349, 0.089]
48.8426: [50.000, 50.680, 49.060, 49.080, 48.460, 48.810, 47.370, 47.420, 48.843][0.561, 0.349, 0.089]
49.0797: [50.000, 50.680, 49.060, 49.080, 48.460, 48.810, 47.370, 47.420, 49.080][0.561, 0.349, 0.089]
49.3168: [50.000, 50.680, 49.060, 49.080, 48.460, 48.810, 47.370, 47.420, 49.317][0.561, 0.349, 0.089]
49.5539: [50.000, 50.680, 49.060, 49.080, 48.460, 48.810, 47.370, 47.420, 49.554][0.561, 0.349, 0.089]
49.791: [50.000, 50.680, 49.060, 49.080, 48.460, 48.810, 47.370, 47.420, 49.791][0.561, 0.349, 0.089]
50.0281: [50.000, 50.680, 49.060, 49.080, 48.460, 48.810, 47.370, 47.420, 50.028][0.561, 0.349, 0.089]
50.2652: [50.000, 50.680, 49.060, 49.080, 48.460, 48.810, 47.370, 47.420, 50.265][0.561, 0.349, 0.089]
50.5023: [50.000, 50.680, 49.060, 49.080, 48.460, 48.810, 47.370, 47.420, 50.502][0.561, 0.349, 0.089]
50.7394: [50.000, 50.680, 49.060, 49.080, 48.460, 48.810, 47.370, 47.420, 50.739][0.561, 0.349, 0.089]
50.9765: [50.000, 50.680, 49.060, 49.080, 48.460, 48.810, 47.370, 47.420, 50.976][0.561, 0.349, 0.089]
51.2136: [50.000, 50.680, 49.060, 49.080, 48.460, 48.810, 47.370, 47.420, 51.214][0.561, 0.349, 0.089]
51.4507: [50.000, 50.680, 49.060, 49.080, 48.460, 48.810, 47.370, 47.420, 51.451][0.561, 0.349, 0.089]
51.6878: [50.000, 50.680, 49.060, 49.080, 48.460, 48.810, 47.370, 47.420, 51.688][0.561, 0.349, 0.089]
51.9249: [50.000, 50.680, 49.060, 49.080, 48.460, 48.810, 47.370, 47.420, 51.925][0.561, 0.349, 0.089]
52.162: [50.000, 50.680, 49.060, 49.080, 48.460, 48.810, 47.370, 47.420, 52.162][0.561, 0.349, 0.089]
