Loading Model: level_list/m1_100/tick_list/DXPE/class/models/model.h5
history_filename: history_recent/DXPE/history.json
Yesterday        : 2017-08-18: OHLCV: 25.3900, 25.6600, 24.8600, 25.5200, 130145
UberYesterday    : 2017-08-17: OHLCV: 26.1400, 26.5800, 25.6100, 25.6500, 77309
[u'25.3900', u'25.6600', u'24.8600', u'25.5200', u'130145']
[u'26.1400', u'26.5800', u'25.6100', u'25.6500', u'77309']
question_base :[26.14, 26.58, 25.61, 25.65, 25.39, 25.66, 24.86, 25.52]
22.968: [26.140, 26.580, 25.610, 25.650, 25.390, 25.660, 24.860, 25.520, 22.968][0.077, 0.606, 0.316]
23.0956: [26.140, 26.580, 25.610, 25.650, 25.390, 25.660, 24.860, 25.520, 23.096][0.077, 0.605, 0.318]
23.2232: [26.140, 26.580, 25.610, 25.650, 25.390, 25.660, 24.860, 25.520, 23.223][0.077, 0.602, 0.320]
23.3508: [26.140, 26.580, 25.610, 25.650, 25.390, 25.660, 24.860, 25.520, 23.351][0.078, 0.600, 0.322]
23.4784: [26.140, 26.580, 25.610, 25.650, 25.390, 25.660, 24.860, 25.520, 23.478][0.078, 0.598, 0.325]
23.606: [26.140, 26.580, 25.610, 25.650, 25.390, 25.660, 24.860, 25.520, 23.606][0.078, 0.595, 0.327]
23.7336: [26.140, 26.580, 25.610, 25.650, 25.390, 25.660, 24.860, 25.520, 23.734][0.078, 0.592, 0.330]
23.8612: [26.140, 26.580, 25.610, 25.650, 25.390, 25.660, 24.860, 25.520, 23.861][0.078, 0.589, 0.333]
23.9888: [26.140, 26.580, 25.610, 25.650, 25.390, 25.660, 24.860, 25.520, 23.989][0.078, 0.585, 0.336]
24.1164: [26.140, 26.580, 25.610, 25.650, 25.390, 25.660, 24.860, 25.520, 24.116][0.079, 0.582, 0.340]
24.244: [26.140, 26.580, 25.610, 25.650, 25.390, 25.660, 24.860, 25.520, 24.244][0.079, 0.578, 0.343]
24.3716: [26.140, 26.580, 25.610, 25.650, 25.390, 25.660, 24.860, 25.520, 24.372][0.079, 0.574, 0.347]
24.4992: [26.140, 26.580, 25.610, 25.650, 25.390, 25.660, 24.860, 25.520, 24.499][0.079, 0.570, 0.351]
24.6268: [26.140, 26.580, 25.610, 25.650, 25.390, 25.660, 24.860, 25.520, 24.627][0.079, 0.566, 0.355]
24.7544: [26.140, 26.580, 25.610, 25.650, 25.390, 25.660, 24.860, 25.520, 24.754][0.080, 0.561, 0.359]
24.882: [26.140, 26.580, 25.610, 25.650, 25.390, 25.660, 24.860, 25.520, 24.882][0.080, 0.557, 0.363]
25.0096: [26.140, 26.580, 25.610, 25.650, 25.390, 25.660, 24.860, 25.520, 25.010][0.080, 0.552, 0.368]
25.1372: [26.140, 26.580, 25.610, 25.650, 25.390, 25.660, 24.860, 25.520, 25.137][0.080, 0.547, 0.372]
25.2648: [26.140, 26.580, 25.610, 25.650, 25.390, 25.660, 24.860, 25.520, 25.265][0.080, 0.542, 0.377]
25.3924: [26.140, 26.580, 25.610, 25.650, 25.390, 25.660, 24.860, 25.520, 25.392][0.081, 0.537, 0.382]
25.52: [26.140, 26.580, 25.610, 25.650, 25.390, 25.660, 24.860, 25.520, 25.520][0.081, 0.532, 0.387]
25.6476: [26.140, 26.580, 25.610, 25.650, 25.390, 25.660, 24.860, 25.520, 25.648][0.081, 0.527, 0.392]
25.7752: [26.140, 26.580, 25.610, 25.650, 25.390, 25.660, 24.860, 25.520, 25.775][0.081, 0.521, 0.398]
25.9028: [26.140, 26.580, 25.610, 25.650, 25.390, 25.660, 24.860, 25.520, 25.903][0.081, 0.516, 0.403]
26.0304: [26.140, 26.580, 25.610, 25.650, 25.390, 25.660, 24.860, 25.520, 26.030][0.082, 0.510, 0.408]
26.158: [26.140, 26.580, 25.610, 25.650, 25.390, 25.660, 24.860, 25.520, 26.158][0.082, 0.504, 0.414]
26.2856: [26.140, 26.580, 25.610, 25.650, 25.390, 25.660, 24.860, 25.520, 26.286][0.082, 0.498, 0.419]
26.4132: [26.140, 26.580, 25.610, 25.650, 25.390, 25.660, 24.860, 25.520, 26.413][0.082, 0.493, 0.425]
26.5408: [26.140, 26.580, 25.610, 25.650, 25.390, 25.660, 24.860, 25.520, 26.541][0.083, 0.487, 0.431]
26.6684: [26.140, 26.580, 25.610, 25.650, 25.390, 25.660, 24.860, 25.520, 26.668][0.083, 0.481, 0.436]
26.796: [26.140, 26.580, 25.610, 25.650, 25.390, 25.660, 24.860, 25.520, 26.796][0.083, 0.475, 0.442]
26.9236: [26.140, 26.580, 25.610, 25.650, 25.390, 25.660, 24.860, 25.520, 26.924][0.083, 0.469, 0.447]
27.0512: [26.140, 26.580, 25.610, 25.650, 25.390, 25.660, 24.860, 25.520, 27.051][0.084, 0.463, 0.453]
27.1788: [26.140, 26.580, 25.610, 25.650, 25.390, 25.660, 24.860, 25.520, 27.179][0.084, 0.458, 0.458]
27.3064: [26.140, 26.580, 25.610, 25.650, 25.390, 25.660, 24.860, 25.520, 27.306][0.084, 0.452, 0.463]
27.434: [26.140, 26.580, 25.610, 25.650, 25.390, 25.660, 24.860, 25.520, 27.434][0.085, 0.447, 0.468]
27.5616: [26.140, 26.580, 25.610, 25.650, 25.390, 25.660, 24.860, 25.520, 27.562][0.085, 0.442, 0.473]
27.6892: [26.140, 26.580, 25.610, 25.650, 25.390, 25.660, 24.860, 25.520, 27.689][0.086, 0.437, 0.477]
27.8168: [26.140, 26.580, 25.610, 25.650, 25.390, 25.660, 24.860, 25.520, 27.817][0.086, 0.433, 0.480]
27.9444: [26.140, 26.580, 25.610, 25.650, 25.390, 25.660, 24.860, 25.520, 27.944][0.087, 0.430, 0.483]
