[[ 27.   4.   3.]
 [ 21.   3.   1.]
 [ 10.   6.  25.]]
cf_score, 42.0
nv_score, 18.0
ratio, 0.555555555556
[[ 20.   7.   4.]
 [ 18.   7.   3.]
 [  9.  14.  18.]]
cf_score, 32.0
nv_score, 7.0
ratio, 0.454545454545
[[ 20.   8.   1.]
 [ 26.  10.   0.]
 [  8.   8.  19.]]
cf_score, 40.0
nv_score, 17.0
ratio, 0.494949494949
[[ 21.  10.   5.]
 [ 14.  18.   3.]
 [  9.   4.  16.]]
cf_score, 41.0
nv_score, 3.0
ratio, 0.555555555556
[[ 16.  14.   1.]
 [ 20.  15.   4.]
 [  4.  10.  16.]]
cf_score, 42.0
nv_score, 10.0
ratio, 0.474747474747
[[ 20.   9.   1.]
 [ 13.  15.   4.]
 [  5.  10.  23.]]
cf_score, 52.0
nv_score, 17.0
ratio, 0.585858585859
[[ 12.  17.   3.]
 [ 13.  19.   6.]
 [  4.   3.  23.]]
cf_score, 47.0
nv_score, 11.0
ratio, 0.545454545455
[[ 15.  15.   1.]
 [ 21.  12.   7.]
 [  1.   5.  23.]]
cf_score, 48.0
nv_score, 14.0
ratio, 0.505050505051
[[ 16.  12.   3.]
 [ 15.  12.   3.]
 [  5.   8.  26.]]
cf_score, 46.0
nv_score, 17.0
ratio, 0.545454545455
[[ 29.  12.   3.]
 [  9.   8.   3.]
 [  8.  11.  17.]]
cf_score, 43.0
nv_score, 8.0
ratio, 0.545454545455
[[ 23.  13.   1.]
 [ 16.  10.   3.]
 [  3.  15.  16.]]
cf_score, 45.0
nv_score, 11.0
ratio, 0.494949494949
[[ 18.   9.   1.]
 [ 19.  12.   4.]
 [  6.   9.  22.]]
cf_score, 45.0
nv_score, 16.0
ratio, 0.525252525253
[[ 16.  10.   1.]
 [  9.  25.   3.]
 [  3.  17.  16.]]
cf_score, 53.0
nv_score, 11.0
ratio, 0.575757575758
[[ 13.  22.   1.]
 [  8.  16.   2.]
 [  5.   7.  26.]]
cf_score, 49.0
nv_score, 22.0
ratio, 0.555555555556
[[ 21.  12.   1.]
 [ 15.  16.   0.]
 [  6.  10.  19.]]
cf_score, 49.0
nv_score, 17.0
ratio, 0.565656565657
[[ 31.   9.   2.]
 [ 16.   9.   4.]
 [  4.   5.  20.]]
cf_score, 54.0
nv_score, 12.0
ratio, 0.606060606061
[[ 18.  16.   4.]
 [ 12.  14.   4.]
 [  5.   9.  18.]]
cf_score, 41.0
nv_score, 6.0
ratio, 0.505050505051
[[ 24.  13.   1.]
 [ 16.  12.   1.]
 [  5.   6.  22.]]
cf_score, 52.0
nv_score, 19.0
ratio, 0.585858585859
[[ 23.  10.   3.]
 [ 22.   7.   4.]
 [  6.   4.  21.]]
cf_score, 42.0
nv_score, 11.0
ratio, 0.515151515152
[[ 22.  20.   0.]
 [ 12.  11.   2.]
 [  2.  12.  19.]]
cf_score, 50.0
nv_score, 17.0
ratio, 0.525252525253
[[ 29.  10.   1.]
 [ 22.  10.   3.]
 [  3.   6.  16.]]
cf_score, 51.0
nv_score, 11.0
ratio, 0.555555555556
[[ 17.  13.   4.]
 [ 12.  14.   6.]
 [  4.   8.  22.]]
cf_score, 45.0
nv_score, 8.0
ratio, 0.535353535354
[[ 14.  12.   0.]
 [ 12.  17.   7.]
 [  1.  14.  23.]]
cf_score, 53.0
nv_score, 16.0
ratio, 0.545454545455
[[ 29.  11.   1.]
 [ 17.  10.   3.]
 [  7.   8.  14.]]
cf_score, 45.0
nv_score, 9.0
ratio, 0.535353535354
[[ 22.  15.   0.]
 [ 19.   9.   3.]
 [  2.   7.  23.]]
cf_score, 52.0
nv_score, 20.0
ratio, 0.545454545455
[[ 21.  21.   1.]
 [ 11.  15.   2.]
 [  5.   6.  18.]]
cf_score, 48.0
nv_score, 14.0
ratio, 0.545454545455
[[ 20.  10.   5.]
 [ 14.  13.   2.]
 [  3.  14.  19.]]
cf_score, 44.0
nv_score, 7.0
ratio, 0.525252525253
[[ 18.  13.   3.]
 [ 18.  15.   1.]
 [  5.   4.  23.]]
cf_score, 48.0
nv_score, 16.0
ratio, 0.565656565657
[[ 27.  11.   4.]
 [ 13.  14.   3.]
 [  5.   5.  18.]]
cf_score, 50.0
nv_score, 7.0
ratio, 0.59595959596
[[ 14.  18.   1.]
 [ 18.  11.   3.]
 [  6.   8.  21.]]
cf_score, 39.0
nv_score, 16.0
ratio, 0.464646464646
[[ 29.   9.   3.]
 [ 17.   8.   2.]
 [  4.   5.  23.]]
cf_score, 53.0
nv_score, 15.0
ratio, 0.606060606061
[[ 24.  16.   1.]
 [  9.  15.   4.]
 [  4.  10.  17.]]
cf_score, 51.0
nv_score, 11.0
ratio, 0.565656565657
[[ 22.  13.   2.]
 [ 10.  13.   5.]
 [  4.  10.  21.]]
cf_score, 50.0
nv_score, 12.0
ratio, 0.565656565657
[[ 23.  20.   2.]
 [ 17.  12.   3.]
 [  2.   6.  15.]]
cf_score, 46.0
nv_score, 8.0
ratio, 0.505050505051
[[ 20.   7.   5.]
 [ 15.  13.   3.]
 [  1.  14.  22.]]
cf_score, 49.0
nv_score, 9.0
ratio, 0.555555555556
[[ 17.  18.   1.]
 [ 13.  10.   2.]
 [  7.   8.  24.]]
cf_score, 43.0
nv_score, 20.0
ratio, 0.515151515152
[[ 19.   9.   3.]
 [ 21.  14.   3.]
 [  4.   7.  20.]]
cf_score, 46.0
nv_score, 11.0
ratio, 0.535353535354
[[ 24.  11.   1.]
 [ 10.  14.   1.]
 [  9.   7.  23.]]
cf_score, 51.0
nv_score, 20.0
ratio, 0.616161616162
[[ 14.  19.   2.]
 [ 10.  14.   3.]
 [  5.   6.  27.]]
cf_score, 48.0
nv_score, 20.0
ratio, 0.555555555556
[[ 16.   7.   1.]
 [ 24.   8.   3.]
 [  9.   3.  29.]]
cf_score, 43.0
nv_score, 24.0
ratio, 0.535353535354
[[ 22.  11.   2.]
 [  8.  19.   2.]
 [  2.   9.  25.]]
cf_score, 62.0
nv_score, 19.0
ratio, 0.666666666667
[[ 19.   9.   0.]
 [ 16.  18.   3.]
 [  2.   7.  26.]]
cf_score, 61.0
nv_score, 23.0
ratio, 0.636363636364
[[ 23.  12.   0.]
 [ 11.  15.   3.]
 [  4.   9.  23.]]
cf_score, 57.0
nv_score, 20.0
ratio, 0.616161616162
[[ 15.  21.   3.]
 [  7.  13.   5.]
 [  3.  13.  20.]]
cf_score, 42.0
nv_score, 9.0
ratio, 0.484848484848
[[ 24.  14.   4.]
 [ 15.  14.   4.]
 [  2.  10.  13.]]
cf_score, 45.0
nv_score, 1.0
ratio, 0.515151515152
[[ 19.  12.   1.]
 [  9.  12.   4.]
 [  9.  12.  22.]]
cf_score, 43.0
nv_score, 16.0
ratio, 0.535353535354
[[ 18.  12.   2.]
 [ 12.  13.   3.]
 [  2.   6.  32.]]
cf_score, 59.0
nv_score, 25.0
ratio, 0.636363636364
[[ 23.   7.   1.]
 [ 18.  16.   2.]
 [  6.   8.  19.]]
cf_score, 51.0
nv_score, 15.0
ratio, 0.585858585859
[[ 19.  16.   2.]
 [ 19.   9.   4.]
 [  3.   6.  22.]]
cf_score, 45.0
nv_score, 14.0
ratio, 0.505050505051
[[ 25.   8.   2.]
 [ 13.  11.   3.]
 [  7.   6.  25.]]
cf_score, 52.0
nv_score, 18.0
ratio, 0.616161616162
[[ 2451.  1130.   201.]
 [ 1748.  1360.   375.]
 [  596.   931.  2187.]]
cf_score, 5201.0
nv_score, 1410.0
ratio, 0.546365458189
[[ 2448.  1204.   210.]
 [ 1708.  1340.   379.]
 [  573.   912.  2205.]]
cf_score, 5210.0
nv_score, 1406.0
ratio, 0.545910001822
[[ 2414.  1045.   195.]
 [ 1783.  1557.   317.]
 [  526.   813.  2328.]]
cf_score, 5578.0
nv_score, 1621.0
ratio, 0.57383620297
[[ 2414.  1046.   195.]
 [ 1783.  1557.   317.]
 [  526.   813.  2328.]]
cf_score, 5578.0
nv_score, 1621.0
ratio, 0.573783931499
[[ 2414.  1046.   195.]
 [ 1783.  1557.   317.]
 [  526.   813.  2328.]]
cf_score, 5578.0
nv_score, 1621.0
ratio, 0.573783931499
[[ 2414.  1046.   195.]
 [ 1783.  1557.   317.]
 [  526.   813.  2328.]]
cf_score, 5578.0
nv_score, 1621.0
ratio, 0.573783931499
[[ 2414.  1046.   195.]
 [ 1783.  1557.   317.]
 [  526.   813.  2328.]]
cf_score, 5578.0
nv_score, 1621.0
ratio, 0.573783931499
