[[ 24.   0.   0.]
 [ 47.   1.   0.]
 [ 27.   1.   0.]]
cf_score, -2.0
nv_score, 0.0
ratio, 0.252525252525
[[  6.  16.  17.]
 [  6.  21.  10.]
 [  5.   8.  11.]]
cf_score, 16.0
nv_score, -33.0
ratio, 0.383838383838
[[  1.   7.  20.]
 [  4.  16.  15.]
 [  9.  15.  13.]]
cf_score, 1.0
nv_score, -42.0
ratio, 0.30303030303
[[  3.  10.  15.]
 [  8.  15.  16.]
 [  1.  13.  19.]]
cf_score, 21.0
nv_score, -27.0
ratio, 0.373737373737
[[  7.   7.  17.]
 [  3.  13.  21.]
 [  2.  11.  19.]]
cf_score, 20.0
nv_score, -36.0
ratio, 0.393939393939
[[  8.  11.  10.]
 [ 10.  16.  11.]
 [  5.   9.  20.]]
cf_score, 29.0
nv_score, -11.0
ratio, 0.444444444444
[[  2.  12.  13.]
 [  4.  17.  20.]
 [  4.  10.  18.]]
cf_score, 20.0
nv_score, -28.0
ratio, 0.373737373737
[[  2.  10.  15.]
 [  5.  17.  20.]
 [  2.   5.  24.]]
cf_score, 26.0
nv_score, -26.0
ratio, 0.434343434343
[[  4.   8.  20.]
 [  1.  14.  16.]
 [  2.  14.  21.]]
cf_score, 17.0
nv_score, -35.0
ratio, 0.393939393939
[[  3.   7.  22.]
 [  7.  13.  21.]
 [  4.   6.  17.]]
cf_score, 7.0
nv_score, -48.0
ratio, 0.333333333333
[[ 11.   6.  13.]
 [ 14.   9.   6.]
 [ 25.   6.  10.]]
cf_score, -8.0
nv_score, -22.0
ratio, 0.30303030303
[[  1.  11.  19.]
 [  4.  15.  22.]
 [  1.   7.  20.]]
cf_score, 16.0
nv_score, -40.0
ratio, 0.363636363636
[[  1.   7.  19.]
 [  2.  19.  18.]
 [  1.  14.  19.]]
cf_score, 19.0
nv_score, -37.0
ratio, 0.393939393939
[[  4.   9.  16.]
 [ 10.  14.  19.]
 [  4.  11.  13.]]
cf_score, 11.0
nv_score, -38.0
ratio, 0.313131313131
[[  3.  12.  18.]
 [  3.  17.  12.]
 [  1.  13.  21.]]
cf_score, 22.0
nv_score, -27.0
ratio, 0.414141414141
[[  0.  12.  19.]
 [  1.  16.  15.]
 [  0.   9.  28.]]
cf_score, 25.0
nv_score, -25.0
ratio, 0.444444444444
[[  3.  15.  12.]
 [  3.  22.   9.]
 [  1.  15.  20.]]
cf_score, 32.0
nv_score, -13.0
ratio, 0.454545454545
[[  0.   3.  23.]
 [  0.  18.  27.]
 [  0.   9.  20.]]
cf_score, 15.0
nv_score, -53.0
ratio, 0.383838383838
[[  0.  12.  25.]
 [  0.  11.  19.]
 [  0.   9.  24.]]
cf_score, 10.0
nv_score, -45.0
ratio, 0.353535353535
[[  0.  12.  14.]
 [  0.  14.  19.]
 [  0.  18.  23.]]
cf_score, 23.0
nv_score, -24.0
ratio, 0.373737373737
[[  0.   7.  11.]
 [  0.  22.  25.]
 [  0.  10.  25.]]
cf_score, 36.0
nv_score, -22.0
ratio, 0.474747474747
[[  3.  14.  13.]
 [  6.  13.  12.]
 [  3.  11.  25.]]
cf_score, 25.0
nv_score, -13.0
ratio, 0.414141414141
[[  1.  11.  24.]
 [  2.  20.  15.]
 [  4.  10.  13.]]
cf_score, 6.0
nv_score, -50.0
ratio, 0.343434343434
[[  2.   7.  14.]
 [  2.  16.  23.]
 [  2.  17.  17.]]
cf_score, 19.0
nv_score, -34.0
ratio, 0.353535353535
[[  5.   8.  20.]
 [  1.  27.  10.]
 [  0.  14.  15.]]
cf_score, 27.0
nv_score, -35.0
ratio, 0.474747474747
[[  2.  22.  11.]
 [  2.  20.   9.]
 [  2.  24.   8.]]
cf_score, 17.0
nv_score, -23.0
ratio, 0.30303030303
[[  1.   6.  21.]
 [  3.  21.   8.]
 [  8.  12.  20.]]
cf_score, 13.0
nv_score, -30.0
ratio, 0.424242424242
[[  5.  18.  11.]
 [  9.  25.   5.]
 [  3.  15.   9.]]
cf_score, 25.0
nv_score, -18.0
ratio, 0.393939393939
[[  3.  19.   4.]
 [  6.  29.   7.]
 [  3.  22.   7.]]
cf_score, 32.0
nv_score, -8.0
ratio, 0.393939393939
[[  2.   8.   9.]
 [  6.  29.  13.]
 [  6.  14.  13.]]
cf_score, 29.0
nv_score, -18.0
ratio, 0.444444444444
[[  8.  16.   6.]
 [  3.  25.  10.]
 [  6.  13.  13.]]
cf_score, 34.0
nv_score, -9.0
ratio, 0.464646464646
[[  3.  17.  15.]
 [  0.  17.  10.]
 [  3.  17.  18.]]
cf_score, 20.0
nv_score, -22.0
ratio, 0.383838383838
[[  3.  13.   6.]
 [  3.  19.  12.]
 [  7.  18.  19.]]
cf_score, 28.0
nv_score, -5.0
ratio, 0.414141414141
[[  3.   9.   8.]
 [  2.  32.   8.]
 [  2.  25.  11.]]
cf_score, 36.0
nv_score, -13.0
ratio, 0.464646464646
[[  2.  18.  12.]
 [  3.  17.  13.]
 [  2.  16.  17.]]
cf_score, 22.0
nv_score, -20.0
ratio, 0.363636363636
[[  0.  12.  16.]
 [  5.  21.  17.]
 [  1.   9.  19.]]
cf_score, 23.0
nv_score, -30.0
ratio, 0.40404040404
[[  3.  16.  12.]
 [  3.  21.  14.]
 [  1.  15.  15.]]
cf_score, 26.0
nv_score, -23.0
ratio, 0.393939393939
[[  4.  23.   4.]
 [  2.  28.   9.]
 [  2.  17.  11.]]
cf_score, 37.0
nv_score, -6.0
ratio, 0.434343434343
[[  2.  11.  13.]
 [  1.  24.  17.]
 [  0.  11.  21.]]
cf_score, 34.0
nv_score, -22.0
ratio, 0.474747474747
[[  4.  13.   8.]
 [  3.  19.  24.]
 [  4.   7.  18.]]
cf_score, 29.0
nv_score, -22.0
ratio, 0.414141414141
[[  5.  14.  11.]
 [  2.  28.  10.]
 [  5.  12.  13.]]
cf_score, 30.0
nv_score, -19.0
ratio, 0.464646464646
[[  1.  14.   8.]
 [  5.  36.  10.]
 [  0.  20.   6.]]
cf_score, 35.0
nv_score, -20.0
ratio, 0.434343434343
[[  0.   8.  11.]
 [  1.  24.  19.]
 [  3.  14.  20.]]
cf_score, 30.0
nv_score, -21.0
ratio, 0.444444444444
[[  0.  17.  11.]
 [  0.  18.  14.]
 [  0.  25.  15.]]
cf_score, 22.0
nv_score, -21.0
ratio, 0.333333333333
[[  0.  12.  24.]
 [  0.  16.  19.]
 [  0.  16.  13.]]
cf_score, 5.0
nv_score, -54.0
ratio, 0.292929292929
[[  0.  12.  16.]
 [  0.  20.  21.]
 [  0.   8.  23.]]
cf_score, 27.0
nv_score, -30.0
ratio, 0.434343434343
[[  0.  12.  25.]
 [  2.  14.  15.]
 [  0.   9.  23.]]
cf_score, 12.0
nv_score, -42.0
ratio, 0.373737373737
[[  2.  13.  19.]
 [  0.  16.  22.]
 [  1.   9.  18.]]
cf_score, 16.0
nv_score, -42.0
ratio, 0.363636363636
[[  3.  14.  10.]
 [  1.  24.   7.]
 [  2.  14.  25.]]
cf_score, 40.0
nv_score, -2.0
ratio, 0.525252525253
[[  0.  12.  12.]
 [  0.  30.   8.]
 [  0.  20.  18.]]
cf_score, 36.0
nv_score, -14.0
ratio, 0.484848484848
