[[  0.   0.  35.]
 [  0.   0.  33.]
 [  0.   0.  32.]]
cf_score, -3.0
nv_score, -71.0
ratio, 0.323232323232
[[  0.   0.  40.]
 [  0.   0.  34.]
 [  0.   0.  26.]]
cf_score, -14.0
nv_score, -88.0
ratio, 0.262626262626
[[  0.   0.  47.]
 [  0.   0.  26.]
 [  0.   0.  27.]]
cf_score, -20.0
nv_score, -93.0
ratio, 0.272727272727
[[  0.   0.  41.]
 [  0.   0.  36.]
 [  0.   0.  23.]]
cf_score, -18.0
nv_score, -95.0
ratio, 0.232323232323
[[  0.   0.  42.]
 [  0.   0.  31.]
 [  0.   0.  27.]]
cf_score, -15.0
nv_score, -88.0
ratio, 0.272727272727
[[  0.   0.  37.]
 [  0.   0.  35.]
 [  0.   0.  28.]]
cf_score, -9.0
nv_score, -81.0
ratio, 0.282828282828
[[  0.   0.  35.]
 [  0.   0.  36.]
 [  0.   0.  29.]]
cf_score, -6.0
nv_score, -77.0
ratio, 0.292929292929
[[  0.   0.  44.]
 [  0.   0.  31.]
 [  0.   0.  25.]]
cf_score, -19.0
nv_score, -94.0
ratio, 0.252525252525
[[  0.   0.  38.]
 [  0.   0.  32.]
 [  0.   0.  30.]]
cf_score, -8.0
nv_score, -78.0
ratio, 0.30303030303
[[  0.   0.  42.]
 [  0.   0.  33.]
 [  0.   0.  25.]]
cf_score, -17.0
nv_score, -92.0
ratio, 0.252525252525
[[  0.   0.  36.]
 [  0.   0.  34.]
 [  0.   0.  30.]]
cf_score, -6.0
nv_score, -76.0
ratio, 0.30303030303
[[  0.   0.  31.]
 [  0.   0.  35.]
 [  0.   0.  34.]]
cf_score, 3.0
nv_score, -63.0
ratio, 0.343434343434
[[  0.   0.  35.]
 [  0.   0.  36.]
 [  0.   0.  29.]]
cf_score, -6.0
nv_score, -77.0
ratio, 0.292929292929
[[  0.   0.  36.]
 [  0.   0.  28.]
 [  0.   0.  36.]]
cf_score, 0.0
nv_score, -64.0
ratio, 0.363636363636
[[  0.   0.  30.]
 [  0.   0.  31.]
 [  0.   0.  39.]]
cf_score, 9.0
nv_score, -52.0
ratio, 0.393939393939
[[  0.   0.  34.]
 [  0.   0.  32.]
 [  0.   0.  34.]]
cf_score, 0.0
nv_score, -66.0
ratio, 0.343434343434
[[  0.  29.  11.]
 [  0.  20.  11.]
 [  0.   9.  20.]]
cf_score, 29.0
nv_score, -13.0
ratio, 0.40404040404
[[  0.  19.  26.]
 [  0.   5.  17.]
 [  0.  10.  23.]]
cf_score, 2.0
nv_score, -46.0
ratio, 0.282828282828
[[  0.  17.  30.]
 [  0.  13.  23.]
 [  0.   4.  13.]]
cf_score, -4.0
nv_score, -70.0
ratio, 0.262626262626
[[  0.  10.  33.]
 [  0.   7.  13.]
 [  0.   2.  35.]]
cf_score, 9.0
nv_score, -44.0
ratio, 0.424242424242
[[  0.  13.  32.]
 [  0.   4.  20.]
 [  0.   4.  27.]]
cf_score, -1.0
nv_score, -57.0
ratio, 0.313131313131
[[  0.   9.  30.]
 [  0.   5.  29.]
 [  0.   0.  27.]]
cf_score, 2.0
nv_score, -62.0
ratio, 0.323232323232
[[ 11.  11.  13.]
 [  5.  12.  13.]
 [  5.  11.  19.]]
cf_score, 24.0
nv_score, -20.0
ratio, 0.424242424242
[[  5.  14.  21.]
 [  5.  11.   8.]
 [ 12.   9.  15.]]
cf_score, -2.0
nv_score, -35.0
ratio, 0.313131313131
[[ 20.  13.  10.]
 [  4.  15.  13.]
 [ 13.   7.   5.]]
cf_score, 17.0
nv_score, -28.0
ratio, 0.40404040404
[[  6.   9.   9.]
 [  6.  18.  12.]
 [ 17.  16.   7.]]
cf_score, 5.0
nv_score, -23.0
ratio, 0.313131313131
[[ 23.  13.   9.]
 [ 13.  13.   6.]
 [ 13.   8.   2.]]
cf_score, 16.0
nv_score, -22.0
ratio, 0.383838383838
[[ 15.  20.   6.]
 [ 11.  14.  13.]
 [ 10.   6.   5.]]
cf_score, 18.0
nv_score, -20.0
ratio, 0.343434343434
[[ 22.  10.   8.]
 [  8.  17.   8.]
 [  8.  14.   5.]]
cf_score, 28.0
nv_score, -19.0
ratio, 0.444444444444
[[ 17.  21.   3.]
 [ 10.  12.  11.]
 [  8.  11.   7.]]
cf_score, 25.0
nv_score, -10.0
ratio, 0.363636363636
[[ 21.  13.  12.]
 [ 11.  13.   7.]
 [  8.   6.   9.]]
cf_score, 23.0
nv_score, -22.0
ratio, 0.434343434343
[[ 27.  12.   5.]
 [ 11.  12.   4.]
 [ 12.   3.  14.]]
cf_score, 36.0
nv_score, 0.0
ratio, 0.535353535354
[[ 22.  13.  11.]
 [ 11.   9.   8.]
 [  6.   8.  12.]]
cf_score, 26.0
nv_score, -18.0
ratio, 0.434343434343
[[ 15.  15.   8.]
 [ 18.   5.   8.]
 [ 12.  11.   8.]]
cf_score, 8.0
nv_score, -16.0
ratio, 0.282828282828
[[ 16.   9.  10.]
 [ 14.   8.   8.]
 [ 15.   4.  16.]]
cf_score, 15.0
nv_score, -12.0
ratio, 0.40404040404
[[ 23.  10.   9.]
 [  9.   9.   7.]
 [ 13.   4.  16.]]
cf_score, 26.0
nv_score, -9.0
ratio, 0.484848484848
[[ 26.   4.  12.]
 [ 15.  10.  10.]
 [  7.   5.  11.]]
cf_score, 28.0
nv_score, -23.0
ratio, 0.474747474747
[[ 11.   4.  12.]
 [ 14.   8.   9.]
 [ 13.   7.  22.]]
cf_score, 16.0
nv_score, -11.0
ratio, 0.414141414141
[[ 14.   6.  22.]
 [ 21.   5.   7.]
 [  8.   4.  13.]]
cf_score, 2.0
nv_score, -38.0
ratio, 0.323232323232
[[ 16.   4.  21.]
 [ 17.   9.   7.]
 [  9.   1.  16.]]
cf_score, 11.0
nv_score, -33.0
ratio, 0.414141414141
[[ 20.   4.  17.]
 [ 15.   5.   8.]
 [ 10.   1.  20.]]
cf_score, 18.0
nv_score, -22.0
ratio, 0.454545454545
[[ 30.   4.  16.]
 [ 17.   3.  10.]
 [  8.   0.  12.]]
cf_score, 21.0
nv_score, -30.0
ratio, 0.454545454545
[[ 33.   0.  12.]
 [ 10.   0.  12.]
 [  6.   0.  27.]]
cf_score, 42.0
nv_score, -9.0
ratio, 0.606060606061
[[ 16.   6.  13.]
 [ 19.   3.  19.]
 [ 10.   0.  14.]]
cf_score, 10.0
nv_score, -31.0
ratio, 0.333333333333
[[ 29.   5.  20.]
 [ 10.   1.  14.]
 [  8.   0.  13.]]
cf_score, 15.0
nv_score, -41.0
ratio, 0.434343434343
[[ 14.   3.  14.]
 [ 14.   6.  19.]
 [ 13.   1.  16.]]
cf_score, 9.0
nv_score, -31.0
ratio, 0.363636363636
[[ 15.   9.  10.]
 [ 13.   7.  18.]
 [  9.   1.  18.]]
cf_score, 21.0
nv_score, -20.0
ratio, 0.40404040404
[[ 20.  11.  11.]
 [ 12.   7.  12.]
 [ 11.   2.  14.]]
cf_score, 19.0
nv_score, -20.0
ratio, 0.414141414141
[[ 15.   8.  19.]
 [ 17.   7.   7.]
 [ 11.   3.  13.]]
cf_score, 5.0
nv_score, -32.0
ratio, 0.353535353535
[[ 16.   8.  11.]
 [ 14.   4.  15.]
 [  7.   1.  24.]]
cf_score, 26.0
nv_score, -13.0
ratio, 0.444444444444
