[[  5.  25.  12.]
 [  2.  23.   5.]
 [  1.  14.  13.]]
cf_score, 28.0
nv_score, -16.0
ratio, 0.414141414141
[[ 10.  13.  10.]
 [ 13.  15.   8.]
 [  3.  18.  10.]]
cf_score, 22.0
nv_score, -18.0
ratio, 0.353535353535
[[  9.  16.   5.]
 [  4.  34.   3.]
 [  9.  16.   4.]]
cf_score, 33.0
nv_score, -9.0
ratio, 0.474747474747
[[  9.  12.   7.]
 [ 15.  13.  10.]
 [ 10.  11.  13.]]
cf_score, 18.0
nv_score, -11.0
ratio, 0.353535353535
[[  6.  25.   2.]
 [  4.  24.   6.]
 [  3.  20.  10.]]
cf_score, 35.0
nv_score, 0.0
ratio, 0.40404040404
[[  6.  13.  10.]
 [  9.  19.   9.]
 [ 11.   9.  14.]]
cf_score, 18.0
nv_score, -15.0
ratio, 0.393939393939
[[  7.  26.   9.]
 [  2.  20.  11.]
 [  2.  16.   7.]]
cf_score, 23.0
nv_score, -22.0
ratio, 0.343434343434
[[  8.  12.   9.]
 [ 11.  19.  11.]
 [ 11.   7.  12.]]
cf_score, 19.0
nv_score, -17.0
ratio, 0.393939393939
[[  6.  23.   4.]
 [ 14.  12.  10.]
 [  2.  20.   9.]]
cf_score, 21.0
nv_score, -9.0
ratio, 0.272727272727
[[  6.  22.   6.]
 [  9.  21.   6.]
 [  6.   8.  16.]]
cf_score, 31.0
nv_score, -2.0
ratio, 0.434343434343
[[ 12.  21.   4.]
 [  8.  16.   7.]
 [ 12.  13.   7.]]
cf_score, 19.0
nv_score, -8.0
ratio, 0.353535353535
[[ 10.  14.   3.]
 [ 15.  16.   9.]
 [  7.  17.   9.]]
cf_score, 25.0
nv_score, -6.0
ratio, 0.353535353535
[[ 11.  17.   9.]
 [ 16.   5.   4.]
 [  7.  15.  16.]]
cf_score, 16.0
nv_score, -6.0
ratio, 0.323232323232
[[ 14.  15.   8.]
 [ 12.  21.   5.]
 [  7.   9.   9.]]
cf_score, 29.0
nv_score, -12.0
ratio, 0.444444444444
[[ 10.  15.   6.]
 [  8.  15.  13.]
 [  4.  16.  13.]]
cf_score, 28.0
nv_score, -12.0
ratio, 0.383838383838
[[  6.  13.  11.]
 [ 15.  15.   8.]
 [  8.  10.  14.]]
cf_score, 16.0
nv_score, -16.0
ratio, 0.353535353535
[[ 10.  13.  11.]
 [  9.  15.  11.]
 [  4.  15.  12.]]
cf_score, 22.0
nv_score, -21.0
ratio, 0.373737373737
[[  8.  17.  12.]
 [  4.  16.   8.]
 [  5.  16.  14.]]
cf_score, 21.0
nv_score, -18.0
ratio, 0.383838383838
[[ 14.  12.  11.]
 [  8.  18.  10.]
 [  8.  10.   9.]]
cf_score, 22.0
nv_score, -23.0
ratio, 0.414141414141
[[  7.  14.   9.]
 [  6.  13.  16.]
 [  4.  11.  20.]]
cf_score, 27.0
nv_score, -14.0
ratio, 0.40404040404
[[  9.  15.   7.]
 [ 10.  19.   9.]
 [  6.  15.  10.]]
cf_score, 25.0
nv_score, -13.0
ratio, 0.383838383838
[[ 13.  13.   5.]
 [  4.  20.  11.]
 [  5.  15.  14.]]
cf_score, 37.0
nv_score, -7.0
ratio, 0.474747474747
[[  3.  25.   7.]
 [  1.  26.  11.]
 [  4.  15.   8.]]
cf_score, 26.0
nv_score, -17.0
ratio, 0.373737373737
[[  4.  20.  11.]
 [  3.  24.  10.]
 [  2.  15.  11.]]
cf_score, 26.0
nv_score, -21.0
ratio, 0.393939393939
[[  5.  21.   7.]
 [  9.  19.  13.]
 [  6.  11.   9.]]
cf_score, 20.0
nv_score, -18.0
ratio, 0.333333333333
[[  1.  12.   7.]
 [  6.  32.   6.]
 [  5.  15.  16.]]
cf_score, 37.0
nv_score, -4.0
ratio, 0.494949494949
[[  2.  14.  10.]
 [ 12.  17.  14.]
 [  5.  13.  13.]]
cf_score, 17.0
nv_score, -21.0
ratio, 0.323232323232
[[  9.  14.  10.]
 [  2.  20.  10.]
 [  3.  18.  14.]]
cf_score, 30.0
nv_score, -16.0
ratio, 0.434343434343
[[  8.  15.  12.]
 [  9.  21.  15.]
 [  3.  10.   7.]]
cf_score, 21.0
nv_score, -32.0
ratio, 0.363636363636
[[  5.  16.  13.]
 [  4.  27.   7.]
 [ 13.   6.   9.]]
cf_score, 15.0
nv_score, -24.0
ratio, 0.414141414141
[[  4.  17.   7.]
 [  6.  20.   8.]
 [  6.  16.  16.]]
cf_score, 27.0
nv_score, -6.0
ratio, 0.40404040404
[[  5.  23.   9.]
 [  4.  17.   8.]
 [  3.  21.  10.]]
cf_score, 20.0
nv_score, -16.0
ratio, 0.323232323232
[[  9.   5.  14.]
 [ 10.  19.  18.]
 [  5.   9.  11.]]
cf_score, 20.0
nv_score, -35.0
ratio, 0.393939393939
[[  3.  15.  22.]
 [  2.  19.  12.]
 [  3.   7.  17.]]
cf_score, 14.0
nv_score, -39.0
ratio, 0.393939393939
[[  5.  11.  13.]
 [  9.  17.  17.]
 [  5.   7.  16.]]
cf_score, 20.0
nv_score, -27.0
ratio, 0.383838383838
[[  6.  13.   9.]
 [  6.  20.  17.]
 [  5.   8.  16.]]
cf_score, 28.0
nv_score, -19.0
ratio, 0.424242424242
[[  5.  10.  15.]
 [  9.  18.  19.]
 [  6.   3.  15.]]
cf_score, 17.0
nv_score, -34.0
ratio, 0.383838383838
[[  7.  17.   9.]
 [  9.  20.   5.]
 [  4.  17.  12.]]
cf_score, 26.0
nv_score, -11.0
ratio, 0.393939393939
[[  7.  11.  14.]
 [  5.  13.  11.]
 [  3.  17.  19.]]
cf_score, 22.0
nv_score, -20.0
ratio, 0.393939393939
[[  7.  14.   4.]
 [ 11.  17.  16.]
 [  6.  14.  11.]]
cf_score, 25.0
nv_score, -13.0
ratio, 0.353535353535
[[ 10.   4.  18.]
 [  9.  14.  18.]
 [  6.   8.  13.]]
cf_score, 13.0
nv_score, -41.0
ratio, 0.373737373737
[[ 10.   5.  20.]
 [ 12.   4.  12.]
 [ 11.   3.  23.]]
cf_score, 6.0
nv_score, -29.0
ratio, 0.373737373737
[[ 13.   6.  15.]
 [ 17.   3.  12.]
 [ 10.   3.  21.]]
cf_score, 12.0
nv_score, -21.0
ratio, 0.373737373737
[[ 21.   2.  11.]
 [ 17.   3.  16.]
 [  8.   1.  21.]]
cf_score, 26.0
nv_score, -17.0
ratio, 0.454545454545
[[ 17.   0.  18.]
 [ 18.   0.  21.]
 [  5.   0.  21.]]
cf_score, 15.0
nv_score, -36.0
ratio, 0.383838383838
[[ 18.   0.  16.]
 [ 20.   0.   9.]
 [ 14.   0.  23.]]
cf_score, 11.0
nv_score, -18.0
ratio, 0.414141414141
[[ 22.   0.  13.]
 [ 14.   0.  18.]
 [ 11.   0.  22.]]
cf_score, 20.0
nv_score, -22.0
ratio, 0.444444444444
[[ 16.   0.   7.]
 [ 23.   0.  20.]
 [ 15.   0.  19.]]
cf_score, 13.0
nv_score, -15.0
ratio, 0.353535353535
[[ 10.   0.  21.]
 [ 24.   0.  16.]
 [ 11.   0.  18.]]
cf_score, -4.0
nv_score, -40.0
ratio, 0.282828282828
[[ 17.   0.  13.]
 [ 24.   0.  20.]
 [ 12.   0.  14.]]
cf_score, 6.0
nv_score, -32.0
ratio, 0.313131313131
