[[ 30.   0.  17.]
 [ 13.   0.  14.]
 [  9.   0.  17.]]
cf_score, 21.0
nv_score, -31.0
ratio, 0.474747474747
[[ 16.   2.   9.]
 [ 20.   0.   8.]
 [ 16.   0.  29.]]
cf_score, 20.0
nv_score, 3.0
ratio, 0.454545454545
[[ 20.   0.  21.]
 [ 15.   1.  17.]
 [  8.   2.  16.]]
cf_score, 8.0
nv_score, -43.0
ratio, 0.373737373737
[[ 23.   1.   8.]
 [ 17.   0.  17.]
 [ 15.   1.  18.]]
cf_score, 18.0
nv_score, -15.0
ratio, 0.414141414141
[[ 27.   2.  10.]
 [ 14.   1.  13.]
 [  7.   2.  24.]]
cf_score, 35.0
nv_score, -9.0
ratio, 0.525252525253
[[ 25.   0.  11.]
 [ 19.   0.  15.]
 [  9.   3.  18.]]
cf_score, 23.0
nv_score, -19.0
ratio, 0.434343434343
[[ 19.   3.  11.]
 [ 12.   2.  10.]
 [ 17.   2.  24.]]
cf_score, 17.0
nv_score, -8.0
ratio, 0.454545454545
[[ 24.   4.  12.]
 [ 16.   1.  12.]
 [ 17.   0.  14.]]
cf_score, 10.0
nv_score, -22.0
ratio, 0.393939393939
[[ 23.   0.  11.]
 [ 17.   3.   8.]
 [ 15.   4.  19.]]
cf_score, 19.0
nv_score, -11.0
ratio, 0.454545454545
[[ 30.   2.   3.]
 [ 21.   2.  13.]
 [ 13.   0.  16.]]
cf_score, 32.0
nv_score, -3.0
ratio, 0.484848484848
[[ 21.   5.  10.]
 [ 18.   3.  14.]
 [  9.   2.  18.]]
cf_score, 23.0
nv_score, -16.0
ratio, 0.424242424242
[[ 19.   3.  16.]
 [ 19.   6.  14.]
 [  7.   5.  11.]]
cf_score, 13.0
nv_score, -35.0
ratio, 0.363636363636
[[ 27.   3.  13.]
 [  8.   2.  15.]
 [ 11.   5.  16.]]
cf_score, 21.0
nv_score, -25.0
ratio, 0.454545454545
[[ 23.   3.   8.]
 [ 23.   6.   9.]
 [  5.   3.  20.]]
cf_score, 36.0
nv_score, -5.0
ratio, 0.494949494949
[[ 14.   6.  11.]
 [ 24.   3.  13.]
 [ 10.   1.  18.]]
cf_score, 14.0
nv_score, -17.0
ratio, 0.353535353535
[[ 23.   5.  14.]
 [ 17.   1.  17.]
 [  9.   4.  10.]]
cf_score, 11.0
nv_score, -35.0
ratio, 0.343434343434
[[ 16.   9.  13.]
 [ 15.   4.  13.]
 [  6.   1.  23.]]
cf_score, 24.0
nv_score, -16.0
ratio, 0.434343434343
[[ 30.   1.   6.]
 [ 19.   3.  11.]
 [ 18.   2.  10.]]
cf_score, 19.0
nv_score, -13.0
ratio, 0.434343434343
[[ 17.   3.  17.]
 [  8.   6.  21.]
 [  5.   3.  20.]]
cf_score, 21.0
nv_score, -35.0
ratio, 0.434343434343
[[ 20.   4.  10.]
 [ 14.   2.  18.]
 [  8.   5.  19.]]
cf_score, 23.0
nv_score, -19.0
ratio, 0.414141414141
[[ 29.   4.   6.]
 [ 15.   3.  10.]
 [ 12.   8.  13.]]
cf_score, 27.0
nv_score, -9.0
ratio, 0.454545454545
[[ 17.   4.  10.]
 [ 20.   3.  14.]
 [ 12.   3.  17.]]
cf_score, 15.0
nv_score, -17.0
ratio, 0.373737373737
[[ 26.   4.   6.]
 [ 19.   2.   4.]
 [  9.   2.  28.]]
cf_score, 41.0
nv_score, 12.0
ratio, 0.565656565657
[[ 23.   4.  14.]
 [ 13.   2.  12.]
 [  8.   3.  21.]]
cf_score, 24.0
nv_score, -19.0
ratio, 0.464646464646
[[ 18.   0.  20.]
 [ 17.   1.  12.]
 [ 10.   4.  18.]]
cf_score, 7.0
nv_score, -34.0
ratio, 0.373737373737
[[ 25.   3.   9.]
 [ 12.   2.  16.]
 [  8.   5.  20.]]
cf_score, 30.0
nv_score, -14.0
ratio, 0.474747474747
[[ 33.   5.   5.]
 [ 17.   1.  10.]
 [ 10.   6.  13.]]
cf_score, 32.0
nv_score, -7.0
ratio, 0.474747474747
[[ 25.   3.  10.]
 [ 20.   3.   8.]
 [ 13.   9.   9.]]
cf_score, 14.0
nv_score, -19.0
ratio, 0.373737373737
[[ 22.   1.   6.]
 [ 13.   4.  18.]
 [ 13.   3.  20.]]
cf_score, 27.0
nv_score, -10.0
ratio, 0.464646464646
[[ 24.   4.  11.]
 [ 16.   3.  17.]
 [  5.   2.  18.]]
cf_score, 29.0
nv_score, -21.0
ratio, 0.454545454545
[[ 19.   3.  12.]
 [ 11.   2.  18.]
 [ 12.   3.  20.]]
cf_score, 17.0
nv_score, -22.0
ratio, 0.414141414141
[[ 23.   3.  10.]
 [ 17.   6.  12.]
 [  3.   3.  23.]]
cf_score, 39.0
nv_score, -9.0
ratio, 0.525252525253
[[ 15.   4.   8.]
 [ 19.   2.  11.]
 [ 13.   4.  24.]]
cf_score, 20.0
nv_score, -3.0
ratio, 0.414141414141
[[ 24.   3.   9.]
 [ 17.   4.   6.]
 [ 11.   4.  22.]]
cf_score, 30.0
nv_score, -2.0
ratio, 0.505050505051
[[ 21.   7.  12.]
 [  9.   2.  17.]
 [  7.   4.  21.]]
cf_score, 25.0
nv_score, -20.0
ratio, 0.444444444444
[[ 18.   5.  10.]
 [ 20.   6.  13.]
 [  5.   1.  22.]]
cf_score, 31.0
nv_score, -11.0
ratio, 0.464646464646
[[ 18.   4.   7.]
 [ 12.   5.  14.]
 [ 11.   5.  24.]]
cf_score, 29.0
nv_score, -4.0
ratio, 0.474747474747
[[ 25.   4.   8.]
 [ 19.   5.  13.]
 [ 11.   2.  13.]]
cf_score, 24.0
nv_score, -16.0
ratio, 0.434343434343
[[ 21.   7.  11.]
 [ 20.   4.   7.]
 [  6.   6.  18.]]
cf_score, 26.0
nv_score, -11.0
ratio, 0.434343434343
[[ 18.   3.   6.]
 [ 19.   6.   8.]
 [ 10.   5.  25.]]
cf_score, 33.0
nv_score, 5.0
ratio, 0.494949494949
[[ 13.   4.   9.]
 [ 20.   4.  14.]
 [ 12.   7.  17.]]
cf_score, 13.0
nv_score, -15.0
ratio, 0.343434343434
[[ 22.   1.  12.]
 [ 17.   4.  15.]
 [ 10.   1.  18.]]
cf_score, 22.0
nv_score, -21.0
ratio, 0.444444444444
[[ 22.   8.  15.]
 [ 11.   2.  13.]
 [  9.   4.  16.]]
cf_score, 16.0
nv_score, -27.0
ratio, 0.40404040404
[[ 21.   3.   5.]
 [ 21.   3.  16.]
 [  8.   6.  17.]]
cf_score, 28.0
nv_score, -9.0
ratio, 0.414141414141
[[ 15.   5.   9.]
 [ 12.   7.  10.]
 [  8.   5.  29.]]
cf_score, 34.0
nv_score, 1.0
ratio, 0.515151515152
[[ 20.   5.  12.]
 [ 14.   3.  12.]
 [  8.   3.  23.]]
cf_score, 26.0
nv_score, -13.0
ratio, 0.464646464646
[[ 22.   5.   8.]
 [ 13.   3.  12.]
 [ 10.  11.  16.]]
cf_score, 23.0
nv_score, -12.0
ratio, 0.414141414141
[[ 18.   2.  14.]
 [ 16.   4.  12.]
 [ 13.   2.  19.]]
cf_score, 14.0
nv_score, -21.0
ratio, 0.414141414141
[[ 15.   6.  15.]
 [ 15.   9.  10.]
 [  9.   0.  21.]]
cf_score, 21.0
nv_score, -19.0
ratio, 0.454545454545
[[ 16.   5.  14.]
 [ 13.   3.  19.]
 [  8.   5.  17.]]
cf_score, 14.0
nv_score, -30.0
ratio, 0.363636363636
