[[ 35.   0.   0.]
 [ 31.   0.   0.]
 [ 34.   0.   0.]]
cf_score, 1.0
nv_score, 0.0
ratio, 0.353535353535
[[ 35.   0.   0.]
 [ 36.   0.   0.]
 [ 29.   0.   0.]]
cf_score, 6.0
nv_score, 0.0
ratio, 0.353535353535
[[ 26.   0.   0.]
 [ 39.   0.   0.]
 [ 35.   0.   0.]]
cf_score, -9.0
nv_score, 0.0
ratio, 0.262626262626
[[ 32.   0.   0.]
 [ 38.   0.   0.]
 [ 30.   0.   0.]]
cf_score, 2.0
nv_score, 0.0
ratio, 0.323232323232
[[ 33.   0.   0.]
 [ 36.   0.   0.]
 [ 31.   0.   0.]]
cf_score, 2.0
nv_score, 0.0
ratio, 0.333333333333
[[ 36.   0.   0.]
 [ 42.   0.   0.]
 [ 22.   0.   0.]]
cf_score, 14.0
nv_score, 0.0
ratio, 0.363636363636
[[ 35.   0.   0.]
 [ 30.   0.   0.]
 [ 35.   0.   0.]]
cf_score, 0.0
nv_score, 0.0
ratio, 0.353535353535
[[ 25.   0.   0.]
 [ 37.   0.   0.]
 [ 38.   0.   0.]]
cf_score, -13.0
nv_score, 0.0
ratio, 0.252525252525
[[ 31.   0.   0.]
 [ 33.   0.   0.]
 [ 36.   0.   0.]]
cf_score, -5.0
nv_score, 0.0
ratio, 0.313131313131
[[ 34.   0.   0.]
 [ 33.   0.   0.]
 [ 33.   0.   0.]]
cf_score, 1.0
nv_score, 0.0
ratio, 0.343434343434
[[ 27.   0.   0.]
 [ 42.   0.   0.]
 [ 31.   0.   0.]]
cf_score, -4.0
nv_score, 0.0
ratio, 0.272727272727
[[ 33.   0.   0.]
 [ 38.   0.   0.]
 [ 29.   0.   0.]]
cf_score, 4.0
nv_score, 0.0
ratio, 0.333333333333
[[ 21.   0.   0.]
 [ 42.   0.   0.]
 [ 37.   0.   0.]]
cf_score, -16.0
nv_score, 0.0
ratio, 0.212121212121
[[ 29.   0.   0.]
 [ 44.   0.   0.]
 [ 27.   0.   0.]]
cf_score, 2.0
nv_score, 0.0
ratio, 0.292929292929
[[ 40.   0.   0.]
 [ 27.   0.   0.]
 [ 33.   0.   0.]]
cf_score, 7.0
nv_score, 0.0
ratio, 0.40404040404
[[ 23.   0.   0.]
 [ 43.   0.   0.]
 [ 34.   0.   0.]]
cf_score, -11.0
nv_score, 0.0
ratio, 0.232323232323
[[ 25.   0.   0.]
 [ 36.   0.   0.]
 [ 39.   0.   0.]]
cf_score, -14.0
nv_score, 0.0
ratio, 0.252525252525
[[ 33.   0.   0.]
 [ 25.   0.   0.]
 [ 42.   0.   0.]]
cf_score, -9.0
nv_score, 0.0
ratio, 0.333333333333
[[ 32.   0.   0.]
 [ 36.   0.   0.]
 [ 32.   0.   0.]]
cf_score, 0.0
nv_score, 0.0
ratio, 0.323232323232
[[  0.   0.  31.]
 [  0.   0.  34.]
 [  0.   0.  35.]]
cf_score, 4.0
nv_score, -61.0
ratio, 0.353535353535
[[  0.   0.  43.]
 [  0.   0.  33.]
 [  0.   0.  24.]]
cf_score, -19.0
nv_score, -95.0
ratio, 0.242424242424
[[ 34.   0.   0.]
 [ 38.   0.   0.]
 [ 28.   0.   0.]]
cf_score, 6.0
nv_score, 0.0
ratio, 0.343434343434
[[ 29.   0.   0.]
 [ 34.   0.   0.]
 [ 37.   0.   0.]]
cf_score, -8.0
nv_score, 0.0
ratio, 0.292929292929
[[  0.   0.  27.]
 [  0.   0.  41.]
 [  0.   0.  32.]]
cf_score, 5.0
nv_score, -63.0
ratio, 0.323232323232
[[ 23.   0.   0.]
 [ 47.   0.   0.]
 [ 30.   0.   0.]]
cf_score, -7.0
nv_score, 0.0
ratio, 0.232323232323
[[ 28.   0.   0.]
 [ 40.   0.   0.]
 [ 32.   0.   0.]]
cf_score, -4.0
nv_score, 0.0
ratio, 0.282828282828
[[ 32.   0.   0.]
 [ 31.   0.   0.]
 [ 37.   0.   0.]]
cf_score, -5.0
nv_score, 0.0
ratio, 0.323232323232
[[ 26.   0.   0.]
 [ 38.   0.   0.]
 [ 36.   0.   0.]]
cf_score, -10.0
nv_score, 0.0
ratio, 0.262626262626
[[ 33.   0.   0.]
 [ 37.   0.   0.]
 [ 30.   0.   0.]]
cf_score, 3.0
nv_score, 0.0
ratio, 0.333333333333
[[ 29.   0.   0.]
 [ 33.   0.   0.]
 [ 38.   0.   0.]]
cf_score, -9.0
nv_score, 0.0
ratio, 0.292929292929
[[ 35.   0.   0.]
 [ 38.   0.   0.]
 [ 27.   0.   0.]]
cf_score, 8.0
nv_score, 0.0
ratio, 0.353535353535
[[ 30.   0.   0.]
 [ 41.   0.   0.]
 [ 29.   0.   0.]]
cf_score, 1.0
nv_score, 0.0
ratio, 0.30303030303
[[ 27.   0.   0.]
 [ 43.   0.   0.]
 [ 30.   0.   0.]]
cf_score, -3.0
nv_score, 0.0
ratio, 0.272727272727
[[ 31.   0.   0.]
 [ 35.   0.   0.]
 [ 34.   0.   0.]]
cf_score, -3.0
nv_score, 0.0
ratio, 0.313131313131
[[ 27.   0.   0.]
 [ 42.   0.   0.]
 [ 31.   0.   0.]]
cf_score, -4.0
nv_score, 0.0
ratio, 0.272727272727
[[ 36.   0.   0.]
 [ 28.   0.   0.]
 [ 36.   0.   0.]]
cf_score, 0.0
nv_score, 0.0
ratio, 0.363636363636
[[ 26.   0.   0.]
 [ 45.   0.   0.]
 [ 29.   0.   0.]]
cf_score, -3.0
nv_score, 0.0
ratio, 0.262626262626
[[ 29.   0.   0.]
 [ 36.   0.   0.]
 [ 35.   0.   0.]]
cf_score, -6.0
nv_score, 0.0
ratio, 0.292929292929
[[ 28.   0.   0.]
 [ 40.   0.   0.]
 [ 32.   0.   0.]]
cf_score, -4.0
nv_score, 0.0
ratio, 0.282828282828
[[ 40.   0.   0.]
 [ 31.   0.   0.]
 [ 29.   0.   0.]]
cf_score, 11.0
nv_score, 0.0
ratio, 0.40404040404
[[ 33.   0.   0.]
 [ 31.   0.   0.]
 [ 36.   0.   0.]]
cf_score, -3.0
nv_score, 0.0
ratio, 0.333333333333
[[ 26.   0.   0.]
 [ 42.   0.   0.]
 [ 32.   0.   0.]]
cf_score, -6.0
nv_score, 0.0
ratio, 0.262626262626
[[ 37.   0.   0.]
 [ 34.   0.   0.]
 [ 29.   0.   0.]]
cf_score, 8.0
nv_score, 0.0
ratio, 0.373737373737
[[ 30.   0.   0.]
 [ 32.   0.   0.]
 [ 38.   0.   0.]]
cf_score, -8.0
nv_score, 0.0
ratio, 0.30303030303
[[  0.   0.  33.]
 [  0.   0.  40.]
 [  0.   0.  27.]]
cf_score, -6.0
nv_score, -79.0
ratio, 0.272727272727
[[ 33.   0.   0.]
 [ 34.   0.   0.]
 [ 33.   0.   0.]]
cf_score, 0.0
nv_score, 0.0
ratio, 0.333333333333
[[  0.   0.  41.]
 [  0.   0.  36.]
 [  0.   0.  23.]]
cf_score, -18.0
nv_score, -95.0
ratio, 0.232323232323
[[  0.   0.  29.]
 [  0.   0.  33.]
 [  0.   0.  38.]]
cf_score, 9.0
nv_score, -53.0
ratio, 0.383838383838
[[ 24.   0.   0.]
 [ 47.   0.   0.]
 [ 29.   0.   0.]]
cf_score, -5.0
nv_score, 0.0
ratio, 0.242424242424
[[  0.   0.  32.]
 [  0.   0.  33.]
 [  0.   0.  35.]]
cf_score, 3.0
nv_score, -62.0
ratio, 0.353535353535
