[[ 25.   0.   4.]
 [ 12.   0.  23.]
 [ 11.   0.  25.]]
cf_score, 35.0
nv_score, -6.0
ratio, 0.505050505051
[[ 31.   0.   5.]
 [ 13.   1.  16.]
 [ 11.   2.  21.]]
cf_score, 37.0
nv_score, -5.0
ratio, 0.535353535354
[[ 25.   5.   1.]
 [ 14.   9.   8.]
 [ 15.   7.  16.]]
cf_score, 34.0
nv_score, 6.0
ratio, 0.505050505051
[[ 24.   4.   1.]
 [ 17.  14.   4.]
 [ 10.   8.  18.]]
cf_score, 45.0
nv_score, 12.0
ratio, 0.565656565657
[[ 23.   2.   0.]
 [ 13.  19.   6.]
 [ 14.   4.  19.]]
cf_score, 47.0
nv_score, 13.0
ratio, 0.616161616162
[[ 20.   5.   0.]
 [ 16.  19.   3.]
 [ 16.   5.  16.]]
cf_score, 39.0
nv_score, 13.0
ratio, 0.555555555556
[[ 32.   7.   1.]
 [  9.  21.   4.]
 [  4.   2.  20.]]
cf_score, 68.0
nv_score, 14.0
ratio, 0.737373737374
[[ 25.   6.   0.]
 [ 17.  23.   4.]
 [  9.   8.   8.]]
cf_score, 47.0
nv_score, 4.0
ratio, 0.565656565657
[[ 13.   8.   0.]
 [ 17.  22.   3.]
 [ 10.   6.  21.]]
cf_score, 46.0
nv_score, 18.0
ratio, 0.565656565657
[[ 19.   6.   0.]
 [ 12.  23.   6.]
 [ 12.   5.  17.]]
cf_score, 47.0
nv_score, 11.0
ratio, 0.59595959596
[[ 28.   8.   0.]
 [ 15.  16.   7.]
 [  3.   7.  16.]]
cf_score, 57.0
nv_score, 9.0
ratio, 0.606060606061
[[ 27.   8.   1.]
 [ 11.  23.   3.]
 [  6.   7.  14.]]
cf_score, 57.0
nv_score, 9.0
ratio, 0.646464646465
[[ 25.   5.   0.]
 [ 10.  21.   3.]
 [  5.  11.  20.]]
cf_score, 61.0
nv_score, 17.0
ratio, 0.666666666667
[[ 26.   4.   0.]
 [ 12.  14.   5.]
 [ 11.   9.  19.]]
cf_score, 48.0
nv_score, 14.0
ratio, 0.59595959596
[[ 25.   7.   0.]
 [  9.  19.   5.]
 [  8.   6.  21.]]
cf_score, 57.0
nv_score, 16.0
ratio, 0.656565656566
[[ 27.   4.   0.]
 [ 17.  19.   2.]
 [  7.   8.  16.]]
cf_score, 55.0
nv_score, 14.0
ratio, 0.626262626263
[[ 22.   9.   0.]
 [ 12.  21.   3.]
 [  9.   7.  17.]]
cf_score, 51.0
nv_score, 14.0
ratio, 0.606060606061
[[ 16.   9.   0.]
 [ 17.  23.   3.]
 [ 10.   6.  16.]]
cf_score, 45.0
nv_score, 13.0
ratio, 0.555555555556
[[ 24.  10.   1.]
 [ 10.  20.   3.]
 [  5.   6.  21.]]
cf_score, 59.0
nv_score, 16.0
ratio, 0.656565656566
[[ 25.   6.   0.]
 [ 16.  19.   3.]
 [  5.  11.  15.]]
cf_score, 54.0
nv_score, 12.0
ratio, 0.59595959596
[[ 30.   4.   0.]
 [  6.  24.   6.]
 [  6.  11.  13.]]
cf_score, 61.0
nv_score, 7.0
ratio, 0.676767676768
[[ 22.  10.   0.]
 [ 17.  16.   5.]
 [  8.   8.  14.]]
cf_score, 44.0
nv_score, 9.0
ratio, 0.525252525253
[[ 24.   6.   0.]
 [ 14.  21.   6.]
 [  8.   8.  13.]]
cf_score, 50.0
nv_score, 7.0
ratio, 0.585858585859
[[ 24.   8.   0.]
 [  9.  21.   5.]
 [ 10.  10.  13.]]
cf_score, 48.0
nv_score, 8.0
ratio, 0.585858585859
[[ 23.  12.   1.]
 [ 12.  18.   2.]
 [  4.   6.  22.]]
cf_score, 58.0
nv_score, 18.0
ratio, 0.636363636364
[[ 21.  12.   1.]
 [ 17.  16.   1.]
 [  6.  11.  15.]]
cf_score, 45.0
nv_score, 12.0
ratio, 0.525252525253
[[ 21.   6.   0.]
 [ 14.  23.   3.]
 [  6.  10.  17.]]
cf_score, 55.0
nv_score, 14.0
ratio, 0.616161616162
[[ 15.  15.   0.]
 [ 10.  25.   1.]
 [  9.  14.  11.]]
cf_score, 42.0
nv_score, 10.0
ratio, 0.515151515152
[[ 10.  12.   0.]
 [ 14.  19.   7.]
 [ 13.   8.  17.]]
cf_score, 33.0
nv_score, 10.0
ratio, 0.464646464646
[[ 24.   9.   1.]
 [ 12.  18.   2.]
 [  6.  11.  17.]]
cf_score, 52.0
nv_score, 13.0
ratio, 0.59595959596
[[ 17.   8.   0.]
 [ 14.  22.   2.]
 [  8.   8.  21.]]
cf_score, 52.0
nv_score, 19.0
ratio, 0.606060606061
[[ 28.   9.   0.]
 [ 12.  24.   2.]
 [  8.   7.  10.]]
cf_score, 54.0
nv_score, 8.0
ratio, 0.626262626263
[[ 19.  10.   0.]
 [  9.  23.   7.]
 [  6.   9.  17.]]
cf_score, 53.0
nv_score, 10.0
ratio, 0.59595959596
[[ 16.   7.   0.]
 [ 12.  19.   6.]
 [  9.   8.  23.]]
cf_score, 49.0
nv_score, 17.0
ratio, 0.585858585859
[[ 22.   6.   0.]
 [ 12.  26.   8.]
 [  7.   8.  11.]]
cf_score, 52.0
nv_score, 3.0
ratio, 0.59595959596
[[ 16.   7.   0.]
 [ 10.  25.   6.]
 [  9.  10.  17.]]
cf_score, 49.0
nv_score, 11.0
ratio, 0.585858585859
[[ 18.  12.   0.]
 [ 16.  19.   2.]
 [ 13.   7.  13.]]
cf_score, 37.0
nv_score, 11.0
ratio, 0.505050505051
[[ 23.   5.   0.]
 [ 16.  22.   5.]
 [ 10.   6.  13.]]
cf_score, 48.0
nv_score, 8.0
ratio, 0.585858585859
[[ 21.  11.   0.]
 [  9.  24.   4.]
 [ 12.   6.  13.]]
cf_score, 46.0
nv_score, 9.0
ratio, 0.585858585859
[[ 19.   9.   0.]
 [ 14.  18.   5.]
 [  7.   6.  22.]]
cf_score, 52.0
nv_score, 17.0
ratio, 0.59595959596
[[ 24.   7.   0.]
 [  7.  26.   1.]
 [  8.  14.  13.]]
cf_score, 55.0
nv_score, 12.0
ratio, 0.636363636364
[[ 26.   5.   0.]
 [ 12.  15.   3.]
 [ 11.   5.  23.]]
cf_score, 53.0
nv_score, 20.0
ratio, 0.646464646465
[[ 21.   9.   0.]
 [  5.  23.   7.]
 [  9.   9.  17.]]
cf_score, 52.0
nv_score, 10.0
ratio, 0.616161616162
[[ 16.  12.   0.]
 [ 18.  20.   2.]
 [  7.   6.  19.]]
cf_score, 48.0
nv_score, 17.0
ratio, 0.555555555556
[[ 21.   8.   0.]
 [ 13.  20.   2.]
 [ 11.   6.  19.]]
cf_score, 49.0
nv_score, 17.0
ratio, 0.606060606061
[[ 21.   7.   0.]
 [ 13.  19.   7.]
 [  7.   9.  17.]]
cf_score, 50.0
nv_score, 10.0
ratio, 0.575757575758
[[ 21.   7.   0.]
 [ 14.  23.   1.]
 [  7.  11.  16.]]
cf_score, 53.0
nv_score, 15.0
ratio, 0.606060606061
[[ 26.   5.   0.]
 [ 10.  25.   1.]
 [ 10.  10.  13.]]
cf_score, 54.0
nv_score, 12.0
ratio, 0.646464646465
[[ 14.  13.   0.]
 [  8.  28.   1.]
 [ 10.   7.  19.]]
cf_score, 51.0
nv_score, 18.0
ratio, 0.616161616162
[[ 19.   8.   0.]
 [ 14.  18.   4.]
 [  9.   9.  19.]]
cf_score, 47.0
nv_score, 15.0
ratio, 0.565656565657
