[[ 37.   0.   0.]
 [ 30.   0.   0.]
 [ 33.   0.   0.]]
cf_score, 4.0
nv_score, 0.0
ratio, 0.373737373737
[[  0.  34.   0.]
 [  0.  28.   0.]
 [  0.  38.   0.]]
cf_score, 28.0
nv_score, 0.0
ratio, 0.282828282828
[[  0.  23.   9.]
 [  0.  20.   9.]
 [  0.  20.  19.]]
cf_score, 30.0
nv_score, -8.0
ratio, 0.393939393939
[[ 18.   1.  11.]
 [ 20.   0.  12.]
 [ 16.   0.  22.]]
cf_score, 13.0
nv_score, -12.0
ratio, 0.40404040404
[[ 18.   0.  11.]
 [ 25.   0.   9.]
 [ 15.   0.  22.]]
cf_score, 14.0
nv_score, -9.0
ratio, 0.40404040404
[[ 24.   0.   8.]
 [ 18.   0.  13.]
 [ 17.   5.  15.]]
cf_score, 14.0
nv_score, -14.0
ratio, 0.393939393939
[[ 14.   0.  10.]
 [ 14.   3.  17.]
 [ 20.   0.  22.]]
cf_score, 9.0
nv_score, -15.0
ratio, 0.393939393939
[[ 23.   0.   9.]
 [ 14.   5.   5.]
 [ 20.   3.  21.]]
cf_score, 20.0
nv_score, -2.0
ratio, 0.494949494949
[[ 23.   0.  10.]
 [ 17.   5.   7.]
 [ 12.  10.  16.]]
cf_score, 22.0
nv_score, -11.0
ratio, 0.444444444444
[[ 24.   0.   8.]
 [ 19.   2.   9.]
 [ 19.   1.  18.]]
cf_score, 17.0
nv_score, -7.0
ratio, 0.444444444444
[[ 24.   0.  11.]
 [ 25.   5.   8.]
 [ 14.   1.  12.]]
cf_score, 16.0
nv_score, -18.0
ratio, 0.414141414141
[[ 22.   0.  10.]
 [ 18.   7.   8.]
 [ 21.   3.  11.]]
cf_score, 9.0
nv_score, -17.0
ratio, 0.40404040404
[[ 31.   0.   6.]
 [ 14.   4.   9.]
 [ 16.   3.  17.]]
cf_score, 30.0
nv_score, -4.0
ratio, 0.525252525253
[[ 19.   0.  13.]
 [ 25.   7.   7.]
 [ 13.   2.  14.]]
cf_score, 14.0
nv_score, -19.0
ratio, 0.40404040404
[[ 25.   1.  14.]
 [ 19.   5.   5.]
 [ 14.   7.  10.]]
cf_score, 12.0
nv_score, -23.0
ratio, 0.40404040404
[[ 20.   0.  20.]
 [ 19.   1.   6.]
 [ 15.   7.  12.]]
cf_score, -2.0
nv_score, -34.0
ratio, 0.333333333333
[[ 17.   2.   9.]
 [ 23.   7.   9.]
 [ 20.   4.   9.]]
cf_score, 4.0
nv_score, -18.0
ratio, 0.333333333333
[[ 22.   0.  10.]
 [ 23.   7.   6.]
 [ 19.   2.  11.]]
cf_score, 11.0
nv_score, -15.0
ratio, 0.40404040404
[[ 20.   0.   9.]
 [ 17.   5.  11.]
 [ 19.   4.  15.]]
cf_score, 12.0
nv_score, -14.0
ratio, 0.40404040404
[[ 19.   0.   7.]
 [ 20.   6.  10.]
 [ 17.   4.  17.]]
cf_score, 18.0
nv_score, -7.0
ratio, 0.424242424242
[[ 24.   0.  14.]
 [ 17.   4.   2.]
 [ 25.   2.  12.]]
cf_score, 1.0
nv_score, -18.0
ratio, 0.40404040404
[[ 18.   0.  13.]
 [ 23.   6.   8.]
 [ 17.   2.  13.]]
cf_score, 7.0
nv_score, -21.0
ratio, 0.373737373737
[[ 27.   0.   5.]
 [ 25.   1.   5.]
 [ 21.   1.  15.]]
cf_score, 17.0
nv_score, 0.0
ratio, 0.434343434343
[[ 25.   0.   9.]
 [ 22.   6.   9.]
 [ 18.   1.  10.]]
cf_score, 14.0
nv_score, -17.0
ratio, 0.414141414141
[[ 29.   0.   7.]
 [ 20.   4.  12.]
 [ 16.   1.  11.]]
cf_score, 21.0
nv_score, -15.0
ratio, 0.444444444444
[[ 19.   0.   9.]
 [ 22.   7.   9.]
 [ 16.   5.  13.]]
cf_score, 14.0
nv_score, -14.0
ratio, 0.393939393939
[[ 19.   3.  12.]
 [ 22.   8.   7.]
 [ 13.   7.   9.]]
cf_score, 11.0
nv_score, -22.0
ratio, 0.363636363636
[[ 23.   1.   5.]
 [ 21.   5.   9.]
 [ 17.   8.  11.]]
cf_score, 17.0
nv_score, -8.0
ratio, 0.393939393939
[[ 22.   1.  12.]
 [ 19.   4.   5.]
 [ 23.   5.   9.]]
cf_score, 0.0
nv_score, -20.0
ratio, 0.353535353535
[[ 28.   2.  10.]
 [ 18.   5.   9.]
 [ 16.   3.   9.]]
cf_score, 16.0
nv_score, -20.0
ratio, 0.424242424242
[[ 21.   1.  14.]
 [ 20.   4.   8.]
 [ 15.   3.  14.]]
cf_score, 10.0
nv_score, -22.0
ratio, 0.393939393939
[[ 22.   5.   9.]
 [ 24.   3.   7.]
 [ 11.   6.  13.]]
cf_score, 18.0
nv_score, -12.0
ratio, 0.383838383838
[[ 25.   0.  10.]
 [ 17.   3.  12.]
 [ 19.   3.  11.]]
cf_score, 10.0
nv_score, -21.0
ratio, 0.393939393939
[[ 23.   1.   9.]
 [ 20.   4.  11.]
 [ 18.   3.  11.]]
cf_score, 11.0
nv_score, -18.0
ratio, 0.383838383838
[[ 31.   0.  11.]
 [ 15.   6.   4.]
 [ 19.   3.  11.]]
cf_score, 18.0
nv_score, -15.0
ratio, 0.484848484848
[[ 33.   1.   5.]
 [ 29.   9.   6.]
 [  9.   2.   6.]]
cf_score, 34.0
nv_score, -10.0
ratio, 0.484848484848
[[ 26.   2.   7.]
 [ 15.   3.  11.]
 [ 20.   3.  13.]]
cf_score, 15.0
nv_score, -12.0
ratio, 0.424242424242
[[ 23.   3.   6.]
 [ 16.   5.  11.]
 [ 16.   4.  16.]]
cf_score, 22.0
nv_score, -7.0
ratio, 0.444444444444
[[ 25.   3.   4.]
 [ 20.   6.   8.]
 [ 15.   6.  13.]]
cf_score, 25.0
nv_score, -3.0
ratio, 0.444444444444
[[ 26.   3.   8.]
 [ 19.   4.   7.]
 [ 18.   7.   8.]]
cf_score, 12.0
nv_score, -15.0
ratio, 0.383838383838
[[ 17.   0.  10.]
 [ 22.   7.   9.]
 [ 12.   1.  22.]]
cf_score, 24.0
nv_score, -7.0
ratio, 0.464646464646
[[ 26.   1.   6.]
 [ 22.   7.   8.]
 [ 11.   2.  17.]]
cf_score, 33.0
nv_score, -3.0
ratio, 0.505050505051
[[ 22.   0.  13.]
 [ 18.  10.   8.]
 [ 17.   1.  11.]]
cf_score, 13.0
nv_score, -23.0
ratio, 0.434343434343
[[ 27.   1.   9.]
 [ 15.   5.   5.]
 [ 14.   4.  20.]]
cf_score, 29.0
nv_score, -3.0
ratio, 0.525252525253
[[ 32.   2.  11.]
 [ 15.   3.   3.]
 [ 19.   2.  13.]]
cf_score, 18.0
nv_score, -12.0
ratio, 0.484848484848
[[ 23.   2.   1.]
 [ 18.   7.   8.]
 [ 21.   2.  18.]]
cf_score, 26.0
nv_score, 8.0
ratio, 0.484848484848
[[ 17.   3.   8.]
 [ 22.   6.   4.]
 [ 17.   7.  16.]]
cf_score, 14.0
nv_score, -4.0
ratio, 0.393939393939
[[ 25.   1.  11.]
 [ 13.   5.   5.]
 [ 23.   0.  17.]]
cf_score, 13.0
nv_score, -10.0
ratio, 0.474747474747
[[ 21.   1.   9.]
 [ 29.   3.   7.]
 [ 17.   1.  12.]]
cf_score, 10.0
nv_score, -13.0
ratio, 0.363636363636
[[ 26.   2.   9.]
 [ 23.   3.   3.]
 [ 18.   4.  12.]]
cf_score, 14.0
nv_score, -9.0
ratio, 0.414141414141
