[[ 31.   3.   0.]
 [ 36.   1.   0.]
 [ 27.   2.   0.]]
cf_score, 5.0
nv_score, 0.0
ratio, 0.323232323232
[[  1.  28.   8.]
 [  0.  18.  12.]
 [  2.  16.  15.]]
cf_score, 24.0
nv_score, -13.0
ratio, 0.343434343434
[[  5.  15.  13.]
 [  5.  15.   8.]
 [  5.  19.  15.]]
cf_score, 17.0
nv_score, -19.0
ratio, 0.353535353535
[[ 21.   0.   7.]
 [ 32.   0.   4.]
 [ 21.   0.  15.]]
cf_score, 8.0
nv_score, -3.0
ratio, 0.363636363636
[[  0.  22.   8.]
 [  0.  20.  10.]
 [  0.  25.  15.]]
cf_score, 27.0
nv_score, -11.0
ratio, 0.353535353535
[[ 25.   0.   9.]
 [ 23.   0.  12.]
 [ 15.   0.  16.]]
cf_score, 17.0
nv_score, -14.0
ratio, 0.414141414141
[[ 17.   0.   8.]
 [ 24.   0.  11.]
 [ 16.   0.  24.]]
cf_score, 17.0
nv_score, -3.0
ratio, 0.414141414141
[[ 21.   2.  10.]
 [ 18.   0.  13.]
 [ 18.   1.  17.]]
cf_score, 10.0
nv_score, -16.0
ratio, 0.383838383838
[[ 18.   1.  15.]
 [ 12.   2.  12.]
 [ 17.   0.  23.]]
cf_score, 11.0
nv_score, -19.0
ratio, 0.434343434343
[[ 26.   6.   7.]
 [ 18.   3.   2.]
 [ 18.   4.  16.]]
cf_score, 20.0
nv_score, 0.0
ratio, 0.454545454545
[[ 24.   1.   9.]
 [ 20.   1.  11.]
 [ 19.   0.  15.]]
cf_score, 12.0
nv_score, -14.0
ratio, 0.40404040404
[[ 20.   0.  14.]
 [ 15.   2.  10.]
 [ 14.   3.  22.]]
cf_score, 16.0
nv_score, -16.0
ratio, 0.444444444444
[[ 23.   3.   4.]
 [ 24.   3.   7.]
 [ 17.   6.  13.]]
cf_score, 18.0
nv_score, -2.0
ratio, 0.393939393939
[[ 21.   0.  16.]
 [ 21.   1.   8.]
 [ 20.   0.  13.]]
cf_score, -1.0
nv_score, -27.0
ratio, 0.353535353535
[[ 21.   0.  13.]
 [ 28.   0.  13.]
 [ 14.   0.  11.]]
cf_score, 5.0
nv_score, -28.0
ratio, 0.323232323232
[[ 17.   3.  12.]
 [ 24.   3.  12.]
 [ 16.   3.  10.]]
cf_score, 2.0
nv_score, -26.0
ratio, 0.30303030303
[[ 22.   0.  15.]
 [ 23.   1.   4.]
 [ 16.   3.  16.]]
cf_score, 8.0
nv_score, -18.0
ratio, 0.393939393939
[[ 13.   4.  10.]
 [ 24.   8.   8.]
 [ 12.   3.  18.]]
cf_score, 17.0
nv_score, -10.0
ratio, 0.393939393939
[[ 16.   0.  12.]
 [ 23.   0.   9.]
 [ 18.   0.  22.]]
cf_score, 8.0
nv_score, -11.0
ratio, 0.383838383838
[[ 21.   1.  13.]
 [ 11.   2.  12.]
 [ 14.   3.  23.]]
cf_score, 19.0
nv_score, -15.0
ratio, 0.464646464646
[[ 21.   3.   8.]
 [ 21.   3.   9.]
 [ 18.   2.  15.]]
cf_score, 13.0
nv_score, -10.0
ratio, 0.393939393939
[[ 13.   2.  11.]
 [ 20.   5.  10.]
 [ 21.   1.  17.]]
cf_score, 3.0
nv_score, -15.0
ratio, 0.353535353535
[[ 19.   0.   5.]
 [ 34.   2.   6.]
 [ 24.   2.   8.]]
cf_score, 0.0
nv_score, -8.0
ratio, 0.292929292929
[[ 17.   2.  14.]
 [  9.   9.  14.]
 [  9.   5.  21.]]
cf_score, 24.0
nv_score, -21.0
ratio, 0.474747474747
[[ 15.   2.  10.]
 [ 16.   6.  13.]
 [ 14.   4.  20.]]
cf_score, 17.0
nv_score, -13.0
ratio, 0.414141414141
[[ 18.   3.   5.]
 [ 21.   1.   7.]
 [ 24.   1.  20.]]
cf_score, 10.0
nv_score, 3.0
ratio, 0.393939393939
[[ 13.   4.  19.]
 [ 19.   5.  12.]
 [  6.   2.  20.]]
cf_score, 13.0
nv_score, -30.0
ratio, 0.383838383838
[[ 21.   6.  14.]
 [  7.   6.  10.]
 [ 14.   4.  18.]]
cf_score, 17.0
nv_score, -20.0
ratio, 0.454545454545
[[ 18.   1.  10.]
 [ 21.   1.  14.]
 [ 15.   3.  17.]]
cf_score, 11.0
nv_score, -17.0
ratio, 0.363636363636
[[ 18.   2.  11.]
 [ 14.   4.  18.]
 [ 13.   4.  16.]]
cf_score, 14.0
nv_score, -24.0
ratio, 0.383838383838
[[ 24.   2.   6.]
 [ 24.   6.   4.]
 [ 13.   3.  18.]]
cf_score, 29.0
nv_score, 2.0
ratio, 0.484848484848
[[ 24.   3.   7.]
 [ 24.   9.   8.]
 [  9.   3.  13.]]
cf_score, 30.0
nv_score, -9.0
ratio, 0.464646464646
[[ 18.   3.  19.]
 [ 13.   4.  13.]
 [ 10.   6.  14.]]
cf_score, 7.0
nv_score, -37.0
ratio, 0.363636363636
[[ 10.   2.   9.]
 [ 17.   6.  15.]
 [ 14.   8.  19.]]
cf_score, 12.0
nv_score, -14.0
ratio, 0.353535353535
[[ 18.   6.   9.]
 [ 25.   5.   9.]
 [ 13.   3.  12.]]
cf_score, 13.0
nv_score, -15.0
ratio, 0.353535353535
[[ 24.   4.  10.]
 [ 22.   4.  10.]
 [ 16.   1.   9.]]
cf_score, 11.0
nv_score, -21.0
ratio, 0.373737373737
[[ 24.   3.  11.]
 [ 21.   2.   8.]
 [ 13.   2.  16.]]
cf_score, 18.0
nv_score, -14.0
ratio, 0.424242424242
[[ 20.   5.   8.]
 [ 22.   5.   5.]
 [ 14.   3.  18.]]
cf_score, 21.0
nv_score, -3.0
ratio, 0.434343434343
[[ 20.   4.  11.]
 [ 15.   2.  17.]
 [ 10.   1.  20.]]
cf_score, 21.0
nv_score, -19.0
ratio, 0.424242424242
[[ 25.   1.  14.]
 [ 23.   0.   7.]
 [ 20.   3.   7.]]
cf_score, -2.0
nv_score, -28.0
ratio, 0.323232323232
[[ 18.   3.   7.]
 [ 30.   3.   9.]
 [ 12.   3.  15.]]
cf_score, 17.0
nv_score, -8.0
ratio, 0.363636363636
[[ 25.   1.   6.]
 [ 20.   4.   9.]
 [ 16.   2.  17.]]
cf_score, 24.0
nv_score, -4.0
ratio, 0.464646464646
[[ 19.   4.  10.]
 [ 19.   6.  10.]
 [ 13.   4.  15.]]
cf_score, 17.0
nv_score, -15.0
ratio, 0.40404040404
[[ 21.   4.   7.]
 [ 19.   6.   8.]
 [ 14.   3.  18.]]
cf_score, 24.0
nv_score, -4.0
ratio, 0.454545454545
[[ 24.   2.  10.]
 [ 23.   6.  10.]
 [ 13.   1.  11.]]
cf_score, 18.0
nv_score, -19.0
ratio, 0.414141414141
[[ 23.   2.   7.]
 [ 29.   0.   8.]
 [ 15.   3.  13.]]
cf_score, 14.0
nv_score, -9.0
ratio, 0.363636363636
[[ 20.   2.  11.]
 [  9.   2.  22.]
 [  3.   1.  30.]]
cf_score, 38.0
nv_score, -14.0
ratio, 0.525252525253
[[ 20.   5.   8.]
 [ 20.   5.  10.]
 [ 13.   2.  17.]]
cf_score, 21.0
nv_score, -9.0
ratio, 0.424242424242
[[ 31.   3.   6.]
 [ 16.   5.   7.]
 [ 18.   2.  12.]]
cf_score, 24.0
nv_score, -7.0
ratio, 0.484848484848
[[ 21.   1.  13.]
 [ 14.   7.   8.]
 [ 13.   4.  19.]]
cf_score, 21.0
nv_score, -15.0
ratio, 0.474747474747
