Loading Model: level_list/m1_100/tick_list/AGM/class/models/model.h5
history_filename: history_recent/AGM/history.json
Yesterday        : 2017-08-30: OHLCV: 66.4400, 67.7000, 66.1500, 66.3700, 57032
UberYesterday    : 2017-08-29: OHLCV: 66.5400, 67.0400, 65.8600, 66.3100, 52174
[u'66.4400', u'67.7000', u'66.1500', u'66.3700', u'57032']
[u'66.5400', u'67.0400', u'65.8600', u'66.3100', u'52174']
question_base :[66.54, 67.04, 65.86, 66.31, 66.44, 67.7, 66.15, 66.37]
59.733: [66.540, 67.040, 65.860, 66.310, 66.440, 67.700, 66.150, 66.370, 59.733][0.194, 0.197, 0.609]
60.06485: [66.540, 67.040, 65.860, 66.310, 66.440, 67.700, 66.150, 66.370, 60.065][0.194, 0.197, 0.609]
60.3967: [66.540, 67.040, 65.860, 66.310, 66.440, 67.700, 66.150, 66.370, 60.397][0.194, 0.197, 0.609]
60.72855: [66.540, 67.040, 65.860, 66.310, 66.440, 67.700, 66.150, 66.370, 60.729][0.194, 0.197, 0.609]
61.0604: [66.540, 67.040, 65.860, 66.310, 66.440, 67.700, 66.150, 66.370, 61.060][0.194, 0.197, 0.609]
61.39225: [66.540, 67.040, 65.860, 66.310, 66.440, 67.700, 66.150, 66.370, 61.392][0.194, 0.197, 0.609]
61.7241: [66.540, 67.040, 65.860, 66.310, 66.440, 67.700, 66.150, 66.370, 61.724][0.194, 0.197, 0.609]
62.05595: [66.540, 67.040, 65.860, 66.310, 66.440, 67.700, 66.150, 66.370, 62.056][0.194, 0.197, 0.609]
62.3878: [66.540, 67.040, 65.860, 66.310, 66.440, 67.700, 66.150, 66.370, 62.388][0.194, 0.197, 0.609]
62.71965: [66.540, 67.040, 65.860, 66.310, 66.440, 67.700, 66.150, 66.370, 62.720][0.194, 0.198, 0.609]
63.0515: [66.540, 67.040, 65.860, 66.310, 66.440, 67.700, 66.150, 66.370, 63.052][0.194, 0.198, 0.609]
63.38335: [66.540, 67.040, 65.860, 66.310, 66.440, 67.700, 66.150, 66.370, 63.383][0.194, 0.198, 0.609]
63.7152: [66.540, 67.040, 65.860, 66.310, 66.440, 67.700, 66.150, 66.370, 63.715][0.194, 0.198, 0.608]
64.04705: [66.540, 67.040, 65.860, 66.310, 66.440, 67.700, 66.150, 66.370, 64.047][0.194, 0.199, 0.607]
64.3789: [66.540, 67.040, 65.860, 66.310, 66.440, 67.700, 66.150, 66.370, 64.379][0.194, 0.200, 0.605]
64.71075: [66.540, 67.040, 65.860, 66.310, 66.440, 67.700, 66.150, 66.370, 64.711][0.196, 0.208, 0.597]
65.0426: [66.540, 67.040, 65.860, 66.310, 66.440, 67.700, 66.150, 66.370, 65.043][0.203, 0.281, 0.516]
65.37445: [66.540, 67.040, 65.860, 66.310, 66.440, 67.700, 66.150, 66.370, 65.374][0.456, 0.314, 0.230]
65.7063: [66.540, 67.040, 65.860, 66.310, 66.440, 67.700, 66.150, 66.370, 65.706][0.346, 0.399, 0.255]
66.03815: [66.540, 67.040, 65.860, 66.310, 66.440, 67.700, 66.150, 66.370, 66.038][0.345, 0.400, 0.255]
66.37: [66.540, 67.040, 65.860, 66.310, 66.440, 67.700, 66.150, 66.370, 66.370][0.364, 0.392, 0.244]
66.70185: [66.540, 67.040, 65.860, 66.310, 66.440, 67.700, 66.150, 66.370, 66.702][0.400, 0.373, 0.227]
67.0337: [66.540, 67.040, 65.860, 66.310, 66.440, 67.700, 66.150, 66.370, 67.034][0.459, 0.338, 0.203]
67.36555: [66.540, 67.040, 65.860, 66.310, 66.440, 67.700, 66.150, 66.370, 67.366][0.535, 0.290, 0.175]
67.6974: [66.540, 67.040, 65.860, 66.310, 66.440, 67.700, 66.150, 66.370, 67.697][0.613, 0.240, 0.147]
68.02925: [66.540, 67.040, 65.860, 66.310, 66.440, 67.700, 66.150, 66.370, 68.029][0.678, 0.199, 0.124]
68.3611: [66.540, 67.040, 65.860, 66.310, 66.440, 67.700, 66.150, 66.370, 68.361][0.725, 0.169, 0.107]
68.69295: [66.540, 67.040, 65.860, 66.310, 66.440, 67.700, 66.150, 66.370, 68.693][0.757, 0.149, 0.095]
69.0248: [66.540, 67.040, 65.860, 66.310, 66.440, 67.700, 66.150, 66.370, 69.025][0.777, 0.136, 0.087]
69.35665: [66.540, 67.040, 65.860, 66.310, 66.440, 67.700, 66.150, 66.370, 69.357][0.790, 0.127, 0.083]
69.6885: [66.540, 67.040, 65.860, 66.310, 66.440, 67.700, 66.150, 66.370, 69.689][0.799, 0.122, 0.079]
70.02035: [66.540, 67.040, 65.860, 66.310, 66.440, 67.700, 66.150, 66.370, 70.020][0.804, 0.119, 0.077]
70.3522: [66.540, 67.040, 65.860, 66.310, 66.440, 67.700, 66.150, 66.370, 70.352][0.807, 0.116, 0.076]
70.68405: [66.540, 67.040, 65.860, 66.310, 66.440, 67.700, 66.150, 66.370, 70.684][0.810, 0.115, 0.075]
71.0159: [66.540, 67.040, 65.860, 66.310, 66.440, 67.700, 66.150, 66.370, 71.016][0.811, 0.114, 0.075]
71.34775: [66.540, 67.040, 65.860, 66.310, 66.440, 67.700, 66.150, 66.370, 71.348][0.812, 0.114, 0.074]
71.6796: [66.540, 67.040, 65.860, 66.310, 66.440, 67.700, 66.150, 66.370, 71.680][0.813, 0.113, 0.074]
72.01145: [66.540, 67.040, 65.860, 66.310, 66.440, 67.700, 66.150, 66.370, 72.011][0.813, 0.113, 0.074]
72.3433: [66.540, 67.040, 65.860, 66.310, 66.440, 67.700, 66.150, 66.370, 72.343][0.813, 0.113, 0.074]
72.67515: [66.540, 67.040, 65.860, 66.310, 66.440, 67.700, 66.150, 66.370, 72.675][0.813, 0.113, 0.074]
