Loading Model: level_list/m1_100/tick_list/APOG/class/models/model.h5
history_filename: history_recent/APOG/history.json
Yesterday        : 2017-08-30: OHLCV: 43.0800, 43.6900, 42.8400, 43.5500, 253215
UberYesterday    : 2017-08-29: OHLCV: 42.2300, 43.1300, 42.2300, 43.1200, 269406
[u'43.0800', u'43.6900', u'42.8400', u'43.5500', u'253215']
[u'42.2300', u'43.1300', u'42.2300', u'43.1200', u'269406']
question_base :[42.23, 43.13, 42.23, 43.12, 43.08, 43.69, 42.84, 43.55]
39.195: [42.230, 43.130, 42.230, 43.120, 43.080, 43.690, 42.840, 43.550, 39.195][0.011, 0.006, 0.982]
39.41275: [42.230, 43.130, 42.230, 43.120, 43.080, 43.690, 42.840, 43.550, 39.413][0.011, 0.006, 0.982]
39.6305: [42.230, 43.130, 42.230, 43.120, 43.080, 43.690, 42.840, 43.550, 39.631][0.012, 0.007, 0.982]
39.84825: [42.230, 43.130, 42.230, 43.120, 43.080, 43.690, 42.840, 43.550, 39.848][0.012, 0.007, 0.981]
40.066: [42.230, 43.130, 42.230, 43.120, 43.080, 43.690, 42.840, 43.550, 40.066][0.012, 0.007, 0.981]
40.28375: [42.230, 43.130, 42.230, 43.120, 43.080, 43.690, 42.840, 43.550, 40.284][0.013, 0.008, 0.979]
40.5015: [42.230, 43.130, 42.230, 43.120, 43.080, 43.690, 42.840, 43.550, 40.502][0.014, 0.009, 0.977]
40.71925: [42.230, 43.130, 42.230, 43.120, 43.080, 43.690, 42.840, 43.550, 40.719][0.016, 0.010, 0.973]
40.937: [42.230, 43.130, 42.230, 43.120, 43.080, 43.690, 42.840, 43.550, 40.937][0.020, 0.014, 0.965]
41.15475: [42.230, 43.130, 42.230, 43.120, 43.080, 43.690, 42.840, 43.550, 41.155][0.030, 0.025, 0.945]
41.3725: [42.230, 43.130, 42.230, 43.120, 43.080, 43.690, 42.840, 43.550, 41.373][0.060, 0.064, 0.876]
41.59025: [42.230, 43.130, 42.230, 43.120, 43.080, 43.690, 42.840, 43.550, 41.590][0.139, 0.222, 0.639]
41.808: [42.230, 43.130, 42.230, 43.120, 43.080, 43.690, 42.840, 43.550, 41.808][0.231, 0.451, 0.317]
42.02575: [42.230, 43.130, 42.230, 43.120, 43.080, 43.690, 42.840, 43.550, 42.026][0.381, 0.456, 0.163]
42.2435: [42.230, 43.130, 42.230, 43.120, 43.080, 43.690, 42.840, 43.550, 42.244][0.507, 0.385, 0.108]
42.46125: [42.230, 43.130, 42.230, 43.120, 43.080, 43.690, 42.840, 43.550, 42.461][0.546, 0.360, 0.094]
42.679: [42.230, 43.130, 42.230, 43.120, 43.080, 43.690, 42.840, 43.550, 42.679][0.556, 0.353, 0.091]
42.89675: [42.230, 43.130, 42.230, 43.120, 43.080, 43.690, 42.840, 43.550, 42.897][0.559, 0.351, 0.090]
43.1145: [42.230, 43.130, 42.230, 43.120, 43.080, 43.690, 42.840, 43.550, 43.115][0.560, 0.350, 0.090]
43.33225: [42.230, 43.130, 42.230, 43.120, 43.080, 43.690, 42.840, 43.550, 43.332][0.561, 0.350, 0.090]
43.55: [42.230, 43.130, 42.230, 43.120, 43.080, 43.690, 42.840, 43.550, 43.550][0.561, 0.350, 0.090]
43.76775: [42.230, 43.130, 42.230, 43.120, 43.080, 43.690, 42.840, 43.550, 43.768][0.561, 0.350, 0.089]
43.9855: [42.230, 43.130, 42.230, 43.120, 43.080, 43.690, 42.840, 43.550, 43.986][0.561, 0.349, 0.089]
44.20325: [42.230, 43.130, 42.230, 43.120, 43.080, 43.690, 42.840, 43.550, 44.203][0.561, 0.349, 0.089]
44.421: [42.230, 43.130, 42.230, 43.120, 43.080, 43.690, 42.840, 43.550, 44.421][0.561, 0.349, 0.089]
44.63875: [42.230, 43.130, 42.230, 43.120, 43.080, 43.690, 42.840, 43.550, 44.639][0.561, 0.349, 0.089]
44.8565: [42.230, 43.130, 42.230, 43.120, 43.080, 43.690, 42.840, 43.550, 44.857][0.561, 0.349, 0.089]
45.07425: [42.230, 43.130, 42.230, 43.120, 43.080, 43.690, 42.840, 43.550, 45.074][0.561, 0.349, 0.089]
45.292: [42.230, 43.130, 42.230, 43.120, 43.080, 43.690, 42.840, 43.550, 45.292][0.561, 0.349, 0.089]
45.50975: [42.230, 43.130, 42.230, 43.120, 43.080, 43.690, 42.840, 43.550, 45.510][0.561, 0.349, 0.089]
45.7275: [42.230, 43.130, 42.230, 43.120, 43.080, 43.690, 42.840, 43.550, 45.728][0.561, 0.349, 0.089]
45.94525: [42.230, 43.130, 42.230, 43.120, 43.080, 43.690, 42.840, 43.550, 45.945][0.561, 0.349, 0.089]
46.163: [42.230, 43.130, 42.230, 43.120, 43.080, 43.690, 42.840, 43.550, 46.163][0.561, 0.349, 0.089]
46.38075: [42.230, 43.130, 42.230, 43.120, 43.080, 43.690, 42.840, 43.550, 46.381][0.561, 0.349, 0.089]
46.5985: [42.230, 43.130, 42.230, 43.120, 43.080, 43.690, 42.840, 43.550, 46.599][0.561, 0.349, 0.089]
46.81625: [42.230, 43.130, 42.230, 43.120, 43.080, 43.690, 42.840, 43.550, 46.816][0.561, 0.349, 0.089]
47.034: [42.230, 43.130, 42.230, 43.120, 43.080, 43.690, 42.840, 43.550, 47.034][0.561, 0.349, 0.089]
47.25175: [42.230, 43.130, 42.230, 43.120, 43.080, 43.690, 42.840, 43.550, 47.252][0.561, 0.349, 0.089]
47.4695: [42.230, 43.130, 42.230, 43.120, 43.080, 43.690, 42.840, 43.550, 47.470][0.561, 0.349, 0.089]
47.68725: [42.230, 43.130, 42.230, 43.120, 43.080, 43.690, 42.840, 43.550, 47.687][0.561, 0.349, 0.089]
