Loading Model: level_list/m1_100/tick_list/ATW/class/models/model.h5
history_filename: history_recent/ATW/history.json
Yesterday        : 2017-08-30: OHLCV: 7.1100, 7.1800, 6.6900, 6.8000, 8771154
UberYesterday    : 2017-08-29: OHLCV: 6.5800, 7.3300, 6.4300, 7.1700, 18558507
[u'7.1100', u'7.1800', u'6.6900', u'6.8000', u'8771154']
[u'6.5800', u'7.3300', u'6.4300', u'7.1700', u'18558507']
question_base :[6.58, 7.33, 6.43, 7.17, 7.11, 7.18, 6.69, 6.8]
6.12: [6.580, 7.330, 6.430, 7.170, 7.110, 7.180, 6.690, 6.800, 6.120][0.058, 0.122, 0.821]
6.154: [6.580, 7.330, 6.430, 7.170, 7.110, 7.180, 6.690, 6.800, 6.154][0.058, 0.122, 0.821]
6.188: [6.580, 7.330, 6.430, 7.170, 7.110, 7.180, 6.690, 6.800, 6.188][0.058, 0.122, 0.821]
6.222: [6.580, 7.330, 6.430, 7.170, 7.110, 7.180, 6.690, 6.800, 6.222][0.058, 0.122, 0.821]
6.256: [6.580, 7.330, 6.430, 7.170, 7.110, 7.180, 6.690, 6.800, 6.256][0.058, 0.122, 0.821]
6.29: [6.580, 7.330, 6.430, 7.170, 7.110, 7.180, 6.690, 6.800, 6.290][0.058, 0.121, 0.821]
6.324: [6.580, 7.330, 6.430, 7.170, 7.110, 7.180, 6.690, 6.800, 6.324][0.058, 0.121, 0.821]
6.358: [6.580, 7.330, 6.430, 7.170, 7.110, 7.180, 6.690, 6.800, 6.358][0.058, 0.121, 0.821]
6.392: [6.580, 7.330, 6.430, 7.170, 7.110, 7.180, 6.690, 6.800, 6.392][0.058, 0.121, 0.821]
6.426: [6.580, 7.330, 6.430, 7.170, 7.110, 7.180, 6.690, 6.800, 6.426][0.058, 0.121, 0.821]
6.46: [6.580, 7.330, 6.430, 7.170, 7.110, 7.180, 6.690, 6.800, 6.460][0.058, 0.121, 0.821]
6.494: [6.580, 7.330, 6.430, 7.170, 7.110, 7.180, 6.690, 6.800, 6.494][0.057, 0.121, 0.821]
6.528: [6.580, 7.330, 6.430, 7.170, 7.110, 7.180, 6.690, 6.800, 6.528][0.057, 0.121, 0.821]
6.562: [6.580, 7.330, 6.430, 7.170, 7.110, 7.180, 6.690, 6.800, 6.562][0.057, 0.121, 0.821]
6.596: [6.580, 7.330, 6.430, 7.170, 7.110, 7.180, 6.690, 6.800, 6.596][0.057, 0.121, 0.822]
6.63: [6.580, 7.330, 6.430, 7.170, 7.110, 7.180, 6.690, 6.800, 6.630][0.057, 0.121, 0.822]
6.664: [6.580, 7.330, 6.430, 7.170, 7.110, 7.180, 6.690, 6.800, 6.664][0.057, 0.121, 0.822]
6.698: [6.580, 7.330, 6.430, 7.170, 7.110, 7.180, 6.690, 6.800, 6.698][0.057, 0.121, 0.822]
6.732: [6.580, 7.330, 6.430, 7.170, 7.110, 7.180, 6.690, 6.800, 6.732][0.057, 0.121, 0.822]
6.766: [6.580, 7.330, 6.430, 7.170, 7.110, 7.180, 6.690, 6.800, 6.766][0.057, 0.121, 0.822]
6.8: [6.580, 7.330, 6.430, 7.170, 7.110, 7.180, 6.690, 6.800, 6.800][0.057, 0.121, 0.822]
6.834: [6.580, 7.330, 6.430, 7.170, 7.110, 7.180, 6.690, 6.800, 6.834][0.057, 0.121, 0.822]
6.868: [6.580, 7.330, 6.430, 7.170, 7.110, 7.180, 6.690, 6.800, 6.868][0.057, 0.121, 0.822]
6.902: [6.580, 7.330, 6.430, 7.170, 7.110, 7.180, 6.690, 6.800, 6.902][0.057, 0.121, 0.822]
6.936: [6.580, 7.330, 6.430, 7.170, 7.110, 7.180, 6.690, 6.800, 6.936][0.057, 0.121, 0.822]
6.97: [6.580, 7.330, 6.430, 7.170, 7.110, 7.180, 6.690, 6.800, 6.970][0.057, 0.121, 0.822]
7.004: [6.580, 7.330, 6.430, 7.170, 7.110, 7.180, 6.690, 6.800, 7.004][0.057, 0.121, 0.822]
7.038: [6.580, 7.330, 6.430, 7.170, 7.110, 7.180, 6.690, 6.800, 7.038][0.057, 0.121, 0.822]
7.072: [6.580, 7.330, 6.430, 7.170, 7.110, 7.180, 6.690, 6.800, 7.072][0.057, 0.121, 0.822]
7.106: [6.580, 7.330, 6.430, 7.170, 7.110, 7.180, 6.690, 6.800, 7.106][0.057, 0.121, 0.822]
7.14: [6.580, 7.330, 6.430, 7.170, 7.110, 7.180, 6.690, 6.800, 7.140][0.057, 0.121, 0.822]
7.174: [6.580, 7.330, 6.430, 7.170, 7.110, 7.180, 6.690, 6.800, 7.174][0.057, 0.121, 0.822]
7.208: [6.580, 7.330, 6.430, 7.170, 7.110, 7.180, 6.690, 6.800, 7.208][0.057, 0.121, 0.822]
7.242: [6.580, 7.330, 6.430, 7.170, 7.110, 7.180, 6.690, 6.800, 7.242][0.057, 0.121, 0.822]
7.276: [6.580, 7.330, 6.430, 7.170, 7.110, 7.180, 6.690, 6.800, 7.276][0.057, 0.121, 0.822]
7.31: [6.580, 7.330, 6.430, 7.170, 7.110, 7.180, 6.690, 6.800, 7.310][0.057, 0.121, 0.822]
7.344: [6.580, 7.330, 6.430, 7.170, 7.110, 7.180, 6.690, 6.800, 7.344][0.057, 0.121, 0.822]
7.378: [6.580, 7.330, 6.430, 7.170, 7.110, 7.180, 6.690, 6.800, 7.378][0.057, 0.121, 0.822]
7.412: [6.580, 7.330, 6.430, 7.170, 7.110, 7.180, 6.690, 6.800, 7.412][0.057, 0.121, 0.822]
7.446: [6.580, 7.330, 6.430, 7.170, 7.110, 7.180, 6.690, 6.800, 7.446][0.057, 0.121, 0.822]
7.48: [6.580, 7.330, 6.430, 7.170, 7.110, 7.180, 6.690, 6.800, 7.480][0.057, 0.121, 0.822]
