Loading Model: level_list/m1_100/tick_list/DXPE/class/models/model.h5
history_filename: history_recent/DXPE/history.json
Yesterday        : 2017-08-30: OHLCV: 27.2700, 28.5700, 27.2200, 28.4100, 101740
UberYesterday    : 2017-08-29: OHLCV: 26.3000, 27.5100, 26.3000, 27.2600, 118561
[u'27.2700', u'28.5700', u'27.2200', u'28.4100', u'101740']
[u'26.3000', u'27.5100', u'26.3000', u'27.2600', u'118561']
question_base :[26.3, 27.51, 26.3, 27.26, 27.27, 28.57, 27.22, 28.41]
25.569: [26.300, 27.510, 26.300, 27.260, 27.270, 28.570, 27.220, 28.410, 25.569][0.077, 0.610, 0.313]
25.71105: [26.300, 27.510, 26.300, 27.260, 27.270, 28.570, 27.220, 28.410, 25.711][0.077, 0.607, 0.316]
25.8531: [26.300, 27.510, 26.300, 27.260, 27.270, 28.570, 27.220, 28.410, 25.853][0.077, 0.604, 0.319]
25.99515: [26.300, 27.510, 26.300, 27.260, 27.270, 28.570, 27.220, 28.410, 25.995][0.078, 0.601, 0.322]
26.1372: [26.300, 27.510, 26.300, 27.260, 27.270, 28.570, 27.220, 28.410, 26.137][0.078, 0.598, 0.325]
26.27925: [26.300, 27.510, 26.300, 27.260, 27.270, 28.570, 27.220, 28.410, 26.279][0.078, 0.594, 0.328]
26.4213: [26.300, 27.510, 26.300, 27.260, 27.270, 28.570, 27.220, 28.410, 26.421][0.078, 0.590, 0.332]
26.56335: [26.300, 27.510, 26.300, 27.260, 27.270, 28.570, 27.220, 28.410, 26.563][0.078, 0.586, 0.335]
26.7054: [26.300, 27.510, 26.300, 27.260, 27.270, 28.570, 27.220, 28.410, 26.705][0.078, 0.582, 0.339]
26.84745: [26.300, 27.510, 26.300, 27.260, 27.270, 28.570, 27.220, 28.410, 26.847][0.079, 0.578, 0.344]
26.9895: [26.300, 27.510, 26.300, 27.260, 27.270, 28.570, 27.220, 28.410, 26.990][0.079, 0.573, 0.348]
27.13155: [26.300, 27.510, 26.300, 27.260, 27.270, 28.570, 27.220, 28.410, 27.132][0.079, 0.568, 0.353]
27.2736: [26.300, 27.510, 26.300, 27.260, 27.270, 28.570, 27.220, 28.410, 27.274][0.079, 0.563, 0.357]
27.41565: [26.300, 27.510, 26.300, 27.260, 27.270, 28.570, 27.220, 28.410, 27.416][0.080, 0.558, 0.362]
27.5577: [26.300, 27.510, 26.300, 27.260, 27.270, 28.570, 27.220, 28.410, 27.558][0.080, 0.553, 0.368]
27.69975: [26.300, 27.510, 26.300, 27.260, 27.270, 28.570, 27.220, 28.410, 27.700][0.080, 0.547, 0.373]
27.8418: [26.300, 27.510, 26.300, 27.260, 27.270, 28.570, 27.220, 28.410, 27.842][0.080, 0.541, 0.378]
27.98385: [26.300, 27.510, 26.300, 27.260, 27.270, 28.570, 27.220, 28.410, 27.984][0.080, 0.535, 0.384]
28.1259: [26.300, 27.510, 26.300, 27.260, 27.270, 28.570, 27.220, 28.410, 28.126][0.081, 0.529, 0.390]
28.26795: [26.300, 27.510, 26.300, 27.260, 27.270, 28.570, 27.220, 28.410, 28.268][0.081, 0.523, 0.396]
28.41: [26.300, 27.510, 26.300, 27.260, 27.270, 28.570, 27.220, 28.410, 28.410][0.081, 0.517, 0.402]
28.55205: [26.300, 27.510, 26.300, 27.260, 27.270, 28.570, 27.220, 28.410, 28.552][0.081, 0.510, 0.409]
28.6941: [26.300, 27.510, 26.300, 27.260, 27.270, 28.570, 27.220, 28.410, 28.694][0.081, 0.504, 0.415]
28.83615: [26.300, 27.510, 26.300, 27.260, 27.270, 28.570, 27.220, 28.410, 28.836][0.082, 0.497, 0.422]
28.9782: [26.300, 27.510, 26.300, 27.260, 27.270, 28.570, 27.220, 28.410, 28.978][0.082, 0.490, 0.428]
29.12025: [26.300, 27.510, 26.300, 27.260, 27.270, 28.570, 27.220, 28.410, 29.120][0.082, 0.483, 0.435]
29.2623: [26.300, 27.510, 26.300, 27.260, 27.270, 28.570, 27.220, 28.410, 29.262][0.082, 0.476, 0.442]
29.40435: [26.300, 27.510, 26.300, 27.260, 27.270, 28.570, 27.220, 28.410, 29.404][0.082, 0.469, 0.449]
29.5464: [26.300, 27.510, 26.300, 27.260, 27.270, 28.570, 27.220, 28.410, 29.546][0.083, 0.462, 0.456]
29.68845: [26.300, 27.510, 26.300, 27.260, 27.270, 28.570, 27.220, 28.410, 29.688][0.083, 0.455, 0.463]
29.8305: [26.300, 27.510, 26.300, 27.260, 27.270, 28.570, 27.220, 28.410, 29.831][0.083, 0.448, 0.469]
29.97255: [26.300, 27.510, 26.300, 27.260, 27.270, 28.570, 27.220, 28.410, 29.973][0.083, 0.441, 0.476]
30.1146: [26.300, 27.510, 26.300, 27.260, 27.270, 28.570, 27.220, 28.410, 30.115][0.084, 0.434, 0.483]
30.25665: [26.300, 27.510, 26.300, 27.260, 27.270, 28.570, 27.220, 28.410, 30.257][0.084, 0.427, 0.489]
30.3987: [26.300, 27.510, 26.300, 27.260, 27.270, 28.570, 27.220, 28.410, 30.399][0.084, 0.420, 0.495]
30.54075: [26.300, 27.510, 26.300, 27.260, 27.270, 28.570, 27.220, 28.410, 30.541][0.085, 0.414, 0.501]
30.6828: [26.300, 27.510, 26.300, 27.260, 27.270, 28.570, 27.220, 28.410, 30.683][0.085, 0.408, 0.506]
30.82485: [26.300, 27.510, 26.300, 27.260, 27.270, 28.570, 27.220, 28.410, 30.825][0.086, 0.403, 0.511]
30.9669: [26.300, 27.510, 26.300, 27.260, 27.270, 28.570, 27.220, 28.410, 30.967][0.086, 0.398, 0.515]
31.10895: [26.300, 27.510, 26.300, 27.260, 27.270, 28.570, 27.220, 28.410, 31.109][0.087, 0.394, 0.519]
