Loading Model: level_list/m1_100/tick_list/FLIR/class/models/model.h5
history_filename: history_recent/FLIR/history.json
Yesterday        : 2017-08-30: OHLCV: 37.7400, 38.5300, 37.7400, 38.4700, 918971
UberYesterday    : 2017-08-29: OHLCV: 37.2600, 37.7600, 37.1783, 37.7100, 613043
[u'37.7400', u'38.5300', u'37.7400', u'38.4700', u'918971']
[u'37.2600', u'37.7600', u'37.1783', u'37.7100', u'613043']
question_base :[37.26, 37.76, 37.1783, 37.71, 37.74, 38.53, 37.74, 38.47]
34.623: [37.260, 37.760, 37.178, 37.710, 37.740, 38.530, 37.740, 38.470, 34.623][0.150, 0.314, 0.536]
34.81535: [37.260, 37.760, 37.178, 37.710, 37.740, 38.530, 37.740, 38.470, 34.815][0.150, 0.313, 0.537]
35.0077: [37.260, 37.760, 37.178, 37.710, 37.740, 38.530, 37.740, 38.470, 35.008][0.150, 0.312, 0.538]
35.20005: [37.260, 37.760, 37.178, 37.710, 37.740, 38.530, 37.740, 38.470, 35.200][0.150, 0.312, 0.539]
35.3924: [37.260, 37.760, 37.178, 37.710, 37.740, 38.530, 37.740, 38.470, 35.392][0.149, 0.311, 0.540]
35.58475: [37.260, 37.760, 37.178, 37.710, 37.740, 38.530, 37.740, 38.470, 35.585][0.148, 0.309, 0.542]
35.7771: [37.260, 37.760, 37.178, 37.710, 37.740, 38.530, 37.740, 38.470, 35.777][0.148, 0.308, 0.545]
35.96945: [37.260, 37.760, 37.178, 37.710, 37.740, 38.530, 37.740, 38.470, 35.969][0.147, 0.305, 0.548]
36.1618: [37.260, 37.760, 37.178, 37.710, 37.740, 38.530, 37.740, 38.470, 36.162][0.146, 0.303, 0.551]
36.35415: [37.260, 37.760, 37.178, 37.710, 37.740, 38.530, 37.740, 38.470, 36.354][0.144, 0.300, 0.556]
36.5465: [37.260, 37.760, 37.178, 37.710, 37.740, 38.530, 37.740, 38.470, 36.546][0.143, 0.297, 0.561]
36.73885: [37.260, 37.760, 37.178, 37.710, 37.740, 38.530, 37.740, 38.470, 36.739][0.141, 0.293, 0.565]
36.9312: [37.260, 37.760, 37.178, 37.710, 37.740, 38.530, 37.740, 38.470, 36.931][0.141, 0.291, 0.568]
37.12355: [37.260, 37.760, 37.178, 37.710, 37.740, 38.530, 37.740, 38.470, 37.124][0.142, 0.293, 0.564]
37.3159: [37.260, 37.760, 37.178, 37.710, 37.740, 38.530, 37.740, 38.470, 37.316][0.150, 0.306, 0.544]
37.50825: [37.260, 37.760, 37.178, 37.710, 37.740, 38.530, 37.740, 38.470, 37.508][0.171, 0.344, 0.485]
37.7006: [37.260, 37.760, 37.178, 37.710, 37.740, 38.530, 37.740, 38.470, 37.701][0.216, 0.414, 0.370]
37.89295: [37.260, 37.760, 37.178, 37.710, 37.740, 38.530, 37.740, 38.470, 37.893][0.278, 0.461, 0.261]
38.0853: [37.260, 37.760, 37.178, 37.710, 37.740, 38.530, 37.740, 38.470, 38.085][0.344, 0.442, 0.213]
38.27765: [37.260, 37.760, 37.178, 37.710, 37.740, 38.530, 37.740, 38.470, 38.278][0.393, 0.414, 0.193]
38.47: [37.260, 37.760, 37.178, 37.710, 37.740, 38.530, 37.740, 38.470, 38.470][0.407, 0.405, 0.188]
38.66235: [37.260, 37.760, 37.178, 37.710, 37.740, 38.530, 37.740, 38.470, 38.662][0.404, 0.407, 0.188]
38.8547: [37.260, 37.760, 37.178, 37.710, 37.740, 38.530, 37.740, 38.470, 38.855][0.397, 0.413, 0.190]
39.04705: [37.260, 37.760, 37.178, 37.710, 37.740, 38.530, 37.740, 38.470, 39.047][0.390, 0.418, 0.192]
39.2394: [37.260, 37.760, 37.178, 37.710, 37.740, 38.530, 37.740, 38.470, 39.239][0.385, 0.422, 0.194]
39.43175: [37.260, 37.760, 37.178, 37.710, 37.740, 38.530, 37.740, 38.470, 39.432][0.381, 0.424, 0.195]
39.6241: [37.260, 37.760, 37.178, 37.710, 37.740, 38.530, 37.740, 38.470, 39.624][0.378, 0.426, 0.195]
39.81645: [37.260, 37.760, 37.178, 37.710, 37.740, 38.530, 37.740, 38.470, 39.816][0.376, 0.428, 0.196]
40.0088: [37.260, 37.760, 37.178, 37.710, 37.740, 38.530, 37.740, 38.470, 40.009][0.375, 0.429, 0.196]
40.20115: [37.260, 37.760, 37.178, 37.710, 37.740, 38.530, 37.740, 38.470, 40.201][0.374, 0.429, 0.197]
40.3935: [37.260, 37.760, 37.178, 37.710, 37.740, 38.530, 37.740, 38.470, 40.393][0.373, 0.430, 0.197]
40.58585: [37.260, 37.760, 37.178, 37.710, 37.740, 38.530, 37.740, 38.470, 40.586][0.373, 0.430, 0.197]
40.7782: [37.260, 37.760, 37.178, 37.710, 37.740, 38.530, 37.740, 38.470, 40.778][0.372, 0.431, 0.197]
40.97055: [37.260, 37.760, 37.178, 37.710, 37.740, 38.530, 37.740, 38.470, 40.971][0.372, 0.431, 0.197]
41.1629: [37.260, 37.760, 37.178, 37.710, 37.740, 38.530, 37.740, 38.470, 41.163][0.372, 0.431, 0.197]
41.35525: [37.260, 37.760, 37.178, 37.710, 37.740, 38.530, 37.740, 38.470, 41.355][0.372, 0.431, 0.197]
41.5476: [37.260, 37.760, 37.178, 37.710, 37.740, 38.530, 37.740, 38.470, 41.548][0.372, 0.431, 0.197]
41.73995: [37.260, 37.760, 37.178, 37.710, 37.740, 38.530, 37.740, 38.470, 41.740][0.371, 0.431, 0.197]
41.9323: [37.260, 37.760, 37.178, 37.710, 37.740, 38.530, 37.740, 38.470, 41.932][0.371, 0.431, 0.197]
42.12465: [37.260, 37.760, 37.178, 37.710, 37.740, 38.530, 37.740, 38.470, 42.125][0.371, 0.431, 0.197]
42.317: [37.260, 37.760, 37.178, 37.710, 37.740, 38.530, 37.740, 38.470, 42.317][0.371, 0.431, 0.197]
