Loading Model: level_list/m1_100/tick_list/INSY/class/models/model.h5
history_filename: history_recent/INSY/history.json
Yesterday        : 2017-08-30: OHLCV: 9.5600, 9.6200, 9.3200, 9.5500, 214586
UberYesterday    : 2017-08-29: OHLCV: 9.5500, 9.7400, 9.2700, 9.5600, 661424
[u'9.5600', u'9.6200', u'9.3200', u'9.5500', u'214586']
[u'9.5500', u'9.7400', u'9.2700', u'9.5600', u'661424']
question_base :[9.55, 9.74, 9.27, 9.56, 9.56, 9.62, 9.32, 9.55]
8.595: [9.550, 9.740, 9.270, 9.560, 9.560, 9.620, 9.320, 9.550, 8.595][0.333, 0.400, 0.267]
8.64275: [9.550, 9.740, 9.270, 9.560, 9.560, 9.620, 9.320, 9.550, 8.643][0.333, 0.400, 0.267]
8.6905: [9.550, 9.740, 9.270, 9.560, 9.560, 9.620, 9.320, 9.550, 8.691][0.333, 0.400, 0.267]
8.73825: [9.550, 9.740, 9.270, 9.560, 9.560, 9.620, 9.320, 9.550, 8.738][0.333, 0.400, 0.267]
8.786: [9.550, 9.740, 9.270, 9.560, 9.560, 9.620, 9.320, 9.550, 8.786][0.333, 0.400, 0.267]
8.83375: [9.550, 9.740, 9.270, 9.560, 9.560, 9.620, 9.320, 9.550, 8.834][0.333, 0.400, 0.267]
8.8815: [9.550, 9.740, 9.270, 9.560, 9.560, 9.620, 9.320, 9.550, 8.882][0.333, 0.400, 0.267]
8.92925: [9.550, 9.740, 9.270, 9.560, 9.560, 9.620, 9.320, 9.550, 8.929][0.333, 0.400, 0.267]
8.977: [9.550, 9.740, 9.270, 9.560, 9.560, 9.620, 9.320, 9.550, 8.977][0.333, 0.400, 0.267]
9.02475: [9.550, 9.740, 9.270, 9.560, 9.560, 9.620, 9.320, 9.550, 9.025][0.333, 0.400, 0.267]
9.0725: [9.550, 9.740, 9.270, 9.560, 9.560, 9.620, 9.320, 9.550, 9.073][0.333, 0.400, 0.267]
9.12025: [9.550, 9.740, 9.270, 9.560, 9.560, 9.620, 9.320, 9.550, 9.120][0.333, 0.400, 0.267]
9.168: [9.550, 9.740, 9.270, 9.560, 9.560, 9.620, 9.320, 9.550, 9.168][0.333, 0.400, 0.267]
9.21575: [9.550, 9.740, 9.270, 9.560, 9.560, 9.620, 9.320, 9.550, 9.216][0.333, 0.400, 0.267]
9.2635: [9.550, 9.740, 9.270, 9.560, 9.560, 9.620, 9.320, 9.550, 9.264][0.333, 0.400, 0.267]
9.31125: [9.550, 9.740, 9.270, 9.560, 9.560, 9.620, 9.320, 9.550, 9.311][0.333, 0.400, 0.267]
9.359: [9.550, 9.740, 9.270, 9.560, 9.560, 9.620, 9.320, 9.550, 9.359][0.333, 0.400, 0.267]
9.40675: [9.550, 9.740, 9.270, 9.560, 9.560, 9.620, 9.320, 9.550, 9.407][0.333, 0.400, 0.267]
9.4545: [9.550, 9.740, 9.270, 9.560, 9.560, 9.620, 9.320, 9.550, 9.455][0.333, 0.400, 0.267]
9.50225: [9.550, 9.740, 9.270, 9.560, 9.560, 9.620, 9.320, 9.550, 9.502][0.333, 0.400, 0.267]
9.55: [9.550, 9.740, 9.270, 9.560, 9.560, 9.620, 9.320, 9.550, 9.550][0.333, 0.400, 0.267]
9.59775: [9.550, 9.740, 9.270, 9.560, 9.560, 9.620, 9.320, 9.550, 9.598][0.333, 0.400, 0.267]
9.6455: [9.550, 9.740, 9.270, 9.560, 9.560, 9.620, 9.320, 9.550, 9.646][0.333, 0.400, 0.267]
9.69325: [9.550, 9.740, 9.270, 9.560, 9.560, 9.620, 9.320, 9.550, 9.693][0.333, 0.400, 0.267]
9.741: [9.550, 9.740, 9.270, 9.560, 9.560, 9.620, 9.320, 9.550, 9.741][0.333, 0.400, 0.267]
9.78875: [9.550, 9.740, 9.270, 9.560, 9.560, 9.620, 9.320, 9.550, 9.789][0.333, 0.400, 0.267]
9.8365: [9.550, 9.740, 9.270, 9.560, 9.560, 9.620, 9.320, 9.550, 9.837][0.333, 0.400, 0.267]
9.88425: [9.550, 9.740, 9.270, 9.560, 9.560, 9.620, 9.320, 9.550, 9.884][0.333, 0.400, 0.267]
9.932: [9.550, 9.740, 9.270, 9.560, 9.560, 9.620, 9.320, 9.550, 9.932][0.333, 0.400, 0.267]
9.97975: [9.550, 9.740, 9.270, 9.560, 9.560, 9.620, 9.320, 9.550, 9.980][0.333, 0.400, 0.267]
10.0275: [9.550, 9.740, 9.270, 9.560, 9.560, 9.620, 9.320, 9.550, 10.028][0.333, 0.400, 0.267]
10.07525: [9.550, 9.740, 9.270, 9.560, 9.560, 9.620, 9.320, 9.550, 10.075][0.333, 0.400, 0.267]
10.123: [9.550, 9.740, 9.270, 9.560, 9.560, 9.620, 9.320, 9.550, 10.123][0.333, 0.400, 0.267]
10.17075: [9.550, 9.740, 9.270, 9.560, 9.560, 9.620, 9.320, 9.550, 10.171][0.333, 0.400, 0.267]
10.2185: [9.550, 9.740, 9.270, 9.560, 9.560, 9.620, 9.320, 9.550, 10.219][0.333, 0.400, 0.267]
10.26625: [9.550, 9.740, 9.270, 9.560, 9.560, 9.620, 9.320, 9.550, 10.266][0.333, 0.400, 0.267]
10.314: [9.550, 9.740, 9.270, 9.560, 9.560, 9.620, 9.320, 9.550, 10.314][0.333, 0.400, 0.267]
10.36175: [9.550, 9.740, 9.270, 9.560, 9.560, 9.620, 9.320, 9.550, 10.362][0.333, 0.400, 0.267]
10.4095: [9.550, 9.740, 9.270, 9.560, 9.560, 9.620, 9.320, 9.550, 10.410][0.333, 0.400, 0.267]
10.45725: [9.550, 9.740, 9.270, 9.560, 9.560, 9.620, 9.320, 9.550, 10.457][0.333, 0.400, 0.267]
