Loading Model: level_list/m1_100/tick_list/XONE/class/models/model.h5
history_filename: history_recent/XONE/history.json
Yesterday        : 2017-08-30: OHLCV: 7.8500, 8.0800, 7.8000, 7.8900, 102969
UberYesterday    : 2017-08-29: OHLCV: 7.8300, 7.9700, 7.7300, 7.8800, 93419
[u'7.8500', u'8.0800', u'7.8000', u'7.8900', u'102969']
[u'7.8300', u'7.9700', u'7.7300', u'7.8800', u'93419']
question_base :[7.83, 7.97, 7.73, 7.88, 7.85, 8.08, 7.8, 7.89]
7.101: [7.830, 7.970, 7.730, 7.880, 7.850, 8.080, 7.800, 7.890, 7.101][0.119, 0.170, 0.712]
7.14045: [7.830, 7.970, 7.730, 7.880, 7.850, 8.080, 7.800, 7.890, 7.140][0.119, 0.170, 0.712]
7.1799: [7.830, 7.970, 7.730, 7.880, 7.850, 8.080, 7.800, 7.890, 7.180][0.119, 0.170, 0.712]
7.21935: [7.830, 7.970, 7.730, 7.880, 7.850, 8.080, 7.800, 7.890, 7.219][0.119, 0.170, 0.712]
7.2588: [7.830, 7.970, 7.730, 7.880, 7.850, 8.080, 7.800, 7.890, 7.259][0.119, 0.170, 0.712]
7.29825: [7.830, 7.970, 7.730, 7.880, 7.850, 8.080, 7.800, 7.890, 7.298][0.119, 0.170, 0.712]
7.3377: [7.830, 7.970, 7.730, 7.880, 7.850, 8.080, 7.800, 7.890, 7.338][0.119, 0.170, 0.712]
7.37715: [7.830, 7.970, 7.730, 7.880, 7.850, 8.080, 7.800, 7.890, 7.377][0.119, 0.170, 0.712]
7.4166: [7.830, 7.970, 7.730, 7.880, 7.850, 8.080, 7.800, 7.890, 7.417][0.119, 0.170, 0.712]
7.45605: [7.830, 7.970, 7.730, 7.880, 7.850, 8.080, 7.800, 7.890, 7.456][0.118, 0.170, 0.712]
7.4955: [7.830, 7.970, 7.730, 7.880, 7.850, 8.080, 7.800, 7.890, 7.496][0.118, 0.170, 0.712]
7.53495: [7.830, 7.970, 7.730, 7.880, 7.850, 8.080, 7.800, 7.890, 7.535][0.118, 0.170, 0.712]
7.5744: [7.830, 7.970, 7.730, 7.880, 7.850, 8.080, 7.800, 7.890, 7.574][0.118, 0.171, 0.711]
7.61385: [7.830, 7.970, 7.730, 7.880, 7.850, 8.080, 7.800, 7.890, 7.614][0.116, 0.175, 0.709]
7.6533: [7.830, 7.970, 7.730, 7.880, 7.850, 8.080, 7.800, 7.890, 7.653][0.110, 0.190, 0.700]
7.69275: [7.830, 7.970, 7.730, 7.880, 7.850, 8.080, 7.800, 7.890, 7.693][0.092, 0.263, 0.645]
7.7322: [7.830, 7.970, 7.730, 7.880, 7.850, 8.080, 7.800, 7.890, 7.732][0.071, 0.467, 0.462]
7.77165: [7.830, 7.970, 7.730, 7.880, 7.850, 8.080, 7.800, 7.890, 7.772][0.084, 0.581, 0.335]
7.8111: [7.830, 7.970, 7.730, 7.880, 7.850, 8.080, 7.800, 7.890, 7.811][0.135, 0.553, 0.313]
7.85055: [7.830, 7.970, 7.730, 7.880, 7.850, 8.080, 7.800, 7.890, 7.851][0.197, 0.494, 0.309]
7.89: [7.830, 7.970, 7.730, 7.880, 7.850, 8.080, 7.800, 7.890, 7.890][0.253, 0.443, 0.304]
7.92945: [7.830, 7.970, 7.730, 7.880, 7.850, 8.080, 7.800, 7.890, 7.929][0.296, 0.406, 0.298]
7.9689: [7.830, 7.970, 7.730, 7.880, 7.850, 8.080, 7.800, 7.890, 7.969][0.328, 0.380, 0.292]
8.00835: [7.830, 7.970, 7.730, 7.880, 7.850, 8.080, 7.800, 7.890, 8.008][0.350, 0.362, 0.288]
8.0478: [7.830, 7.970, 7.730, 7.880, 7.850, 8.080, 7.800, 7.890, 8.048][0.366, 0.349, 0.284]
8.08725: [7.830, 7.970, 7.730, 7.880, 7.850, 8.080, 7.800, 7.890, 8.087][0.378, 0.340, 0.282]
8.1267: [7.830, 7.970, 7.730, 7.880, 7.850, 8.080, 7.800, 7.890, 8.127][0.387, 0.334, 0.280]
8.16615: [7.830, 7.970, 7.730, 7.880, 7.850, 8.080, 7.800, 7.890, 8.166][0.393, 0.329, 0.278]
8.2056: [7.830, 7.970, 7.730, 7.880, 7.850, 8.080, 7.800, 7.890, 8.206][0.398, 0.325, 0.277]
8.24505: [7.830, 7.970, 7.730, 7.880, 7.850, 8.080, 7.800, 7.890, 8.245][0.402, 0.322, 0.276]
8.2845: [7.830, 7.970, 7.730, 7.880, 7.850, 8.080, 7.800, 7.890, 8.285][0.405, 0.320, 0.275]
8.32395: [7.830, 7.970, 7.730, 7.880, 7.850, 8.080, 7.800, 7.890, 8.324][0.408, 0.318, 0.274]
8.3634: [7.830, 7.970, 7.730, 7.880, 7.850, 8.080, 7.800, 7.890, 8.363][0.410, 0.317, 0.274]
8.40285: [7.830, 7.970, 7.730, 7.880, 7.850, 8.080, 7.800, 7.890, 8.403][0.411, 0.315, 0.273]
8.4423: [7.830, 7.970, 7.730, 7.880, 7.850, 8.080, 7.800, 7.890, 8.442][0.413, 0.314, 0.273]
8.48175: [7.830, 7.970, 7.730, 7.880, 7.850, 8.080, 7.800, 7.890, 8.482][0.414, 0.313, 0.273]
8.5212: [7.830, 7.970, 7.730, 7.880, 7.850, 8.080, 7.800, 7.890, 8.521][0.415, 0.313, 0.272]
8.56065: [7.830, 7.970, 7.730, 7.880, 7.850, 8.080, 7.800, 7.890, 8.561][0.416, 0.312, 0.272]
8.6001: [7.830, 7.970, 7.730, 7.880, 7.850, 8.080, 7.800, 7.890, 8.600][0.417, 0.311, 0.272]
8.63955: [7.830, 7.970, 7.730, 7.880, 7.850, 8.080, 7.800, 7.890, 8.640][0.417, 0.311, 0.272]
