Loading Model: level_list/m1_100/tick_list/ACFN/class/models/model.h5
history_filename: history_recent/ACFN/history.json
UberYesterday: 2017-08-02: OHLCV: 0.2500, 0.2700, 0.2100, 0.2100, 99504
Yesterday    : 2017-07-31: OHLCV: 0.2500, 0.2500, 0.2300, 0.2400, 34741
[u'0.2500', u'0.2700', u'0.2100', u'0.2100', u'99504']
[u'0.2500', u'0.2500', u'0.2300', u'0.2400', u'34741']
question_base :[0.25, 0.27, 0.21, 0.21, 0.25, 0.25, 0.23, 0.24]
0.216: [0.250, 0.270, 0.210, 0.210, 0.250, 0.250, 0.230, 0.240, 0.216][0.055, 0.163, 0.782]
0.2172: [0.250, 0.270, 0.210, 0.210, 0.250, 0.250, 0.230, 0.240, 0.217][0.056, 0.165, 0.780]
0.2184: [0.250, 0.270, 0.210, 0.210, 0.250, 0.250, 0.230, 0.240, 0.218][0.057, 0.166, 0.777]
0.2196: [0.250, 0.270, 0.210, 0.210, 0.250, 0.250, 0.230, 0.240, 0.220][0.058, 0.168, 0.774]
0.2208: [0.250, 0.270, 0.210, 0.210, 0.250, 0.250, 0.230, 0.240, 0.221][0.059, 0.169, 0.771]
0.222: [0.250, 0.270, 0.210, 0.210, 0.250, 0.250, 0.230, 0.240, 0.222][0.061, 0.171, 0.768]
0.2232: [0.250, 0.270, 0.210, 0.210, 0.250, 0.250, 0.230, 0.240, 0.223][0.062, 0.173, 0.765]
0.2244: [0.250, 0.270, 0.210, 0.210, 0.250, 0.250, 0.230, 0.240, 0.224][0.063, 0.174, 0.762]
0.2256: [0.250, 0.270, 0.210, 0.210, 0.250, 0.250, 0.230, 0.240, 0.226][0.065, 0.176, 0.759]
0.2268: [0.250, 0.270, 0.210, 0.210, 0.250, 0.250, 0.230, 0.240, 0.227][0.067, 0.178, 0.756]
0.228: [0.250, 0.270, 0.210, 0.210, 0.250, 0.250, 0.230, 0.240, 0.228][0.068, 0.179, 0.752]
0.2292: [0.250, 0.270, 0.210, 0.210, 0.250, 0.250, 0.230, 0.240, 0.229][0.070, 0.181, 0.749]
0.2304: [0.250, 0.270, 0.210, 0.210, 0.250, 0.250, 0.230, 0.240, 0.230][0.072, 0.183, 0.745]
0.2316: [0.250, 0.270, 0.210, 0.210, 0.250, 0.250, 0.230, 0.240, 0.232][0.074, 0.185, 0.741]
0.2328: [0.250, 0.270, 0.210, 0.210, 0.250, 0.250, 0.230, 0.240, 0.233][0.076, 0.187, 0.738]
0.234: [0.250, 0.270, 0.210, 0.210, 0.250, 0.250, 0.230, 0.240, 0.234][0.078, 0.189, 0.734]
0.2352: [0.250, 0.270, 0.210, 0.210, 0.250, 0.250, 0.230, 0.240, 0.235][0.080, 0.190, 0.729]
0.2364: [0.250, 0.270, 0.210, 0.210, 0.250, 0.250, 0.230, 0.240, 0.236][0.082, 0.192, 0.725]
0.2376: [0.250, 0.270, 0.210, 0.210, 0.250, 0.250, 0.230, 0.240, 0.238][0.085, 0.194, 0.721]
0.2388: [0.250, 0.270, 0.210, 0.210, 0.250, 0.250, 0.230, 0.240, 0.239][0.088, 0.196, 0.716]
0.24: [0.250, 0.270, 0.210, 0.210, 0.250, 0.250, 0.230, 0.240, 0.240][0.090, 0.198, 0.712]
0.2412: [0.250, 0.270, 0.210, 0.210, 0.250, 0.250, 0.230, 0.240, 0.241][0.093, 0.200, 0.707]
0.2424: [0.250, 0.270, 0.210, 0.210, 0.250, 0.250, 0.230, 0.240, 0.242][0.096, 0.202, 0.702]
0.2436: [0.250, 0.270, 0.210, 0.210, 0.250, 0.250, 0.230, 0.240, 0.244][0.099, 0.204, 0.697]
0.2448: [0.250, 0.270, 0.210, 0.210, 0.250, 0.250, 0.230, 0.240, 0.245][0.102, 0.206, 0.692]
0.246: [0.250, 0.270, 0.210, 0.210, 0.250, 0.250, 0.230, 0.240, 0.246][0.106, 0.207, 0.687]
0.2472: [0.250, 0.270, 0.210, 0.210, 0.250, 0.250, 0.230, 0.240, 0.247][0.109, 0.209, 0.681]
0.2484: [0.250, 0.270, 0.210, 0.210, 0.250, 0.250, 0.230, 0.240, 0.248][0.113, 0.211, 0.676]
0.2496: [0.250, 0.270, 0.210, 0.210, 0.250, 0.250, 0.230, 0.240, 0.250][0.117, 0.213, 0.670]
0.2508: [0.250, 0.270, 0.210, 0.210, 0.250, 0.250, 0.230, 0.240, 0.251][0.121, 0.215, 0.664]
0.252: [0.250, 0.270, 0.210, 0.210, 0.250, 0.250, 0.230, 0.240, 0.252][0.126, 0.216, 0.658]
0.2532: [0.250, 0.270, 0.210, 0.210, 0.250, 0.250, 0.230, 0.240, 0.253][0.130, 0.218, 0.652]
0.2544: [0.250, 0.270, 0.210, 0.210, 0.250, 0.250, 0.230, 0.240, 0.254][0.135, 0.219, 0.646]
0.2556: [0.250, 0.270, 0.210, 0.210, 0.250, 0.250, 0.230, 0.240, 0.256][0.140, 0.221, 0.639]
0.2568: [0.250, 0.270, 0.210, 0.210, 0.250, 0.250, 0.230, 0.240, 0.257][0.145, 0.222, 0.633]
0.258: [0.250, 0.270, 0.210, 0.210, 0.250, 0.250, 0.230, 0.240, 0.258][0.150, 0.224, 0.626]
0.2592: [0.250, 0.270, 0.210, 0.210, 0.250, 0.250, 0.230, 0.240, 0.259][0.156, 0.225, 0.619]
0.2604: [0.250, 0.270, 0.210, 0.210, 0.250, 0.250, 0.230, 0.240, 0.260][0.162, 0.226, 0.612]
0.2616: [0.250, 0.270, 0.210, 0.210, 0.250, 0.250, 0.230, 0.240, 0.262][0.168, 0.227, 0.605]
0.2628: [0.250, 0.270, 0.210, 0.210, 0.250, 0.250, 0.230, 0.240, 0.263][0.174, 0.228, 0.598]
0.264: [0.250, 0.270, 0.210, 0.210, 0.250, 0.250, 0.230, 0.240, 0.264][0.180, 0.229, 0.591]
