Loading Model: level_list/m1_100/tick_list/AGM/class/models/model.h5
history_filename: history_recent/AGM/history.json
UberYesterday: 2017-08-02: OHLCV: 68.3500, 69.1400, 67.1200, 68.4200, 100745
Yesterday    : 2017-07-31: OHLCV: 69.4300, 69.8100, 68.1200, 68.5600, 84439
[u'68.3500', u'69.1400', u'67.1200', u'68.4200', u'100745']
[u'69.4300', u'69.8100', u'68.1200', u'68.5600', u'84439']
question_base :[68.35, 69.14, 67.12, 68.42, 69.43, 69.81, 68.12, 68.56]
61.704: [68.350, 69.140, 67.120, 68.420, 69.430, 69.810, 68.120, 68.560, 61.704][0.194, 0.197, 0.609]
62.0468: [68.350, 69.140, 67.120, 68.420, 69.430, 69.810, 68.120, 68.560, 62.047][0.194, 0.197, 0.609]
62.3896: [68.350, 69.140, 67.120, 68.420, 69.430, 69.810, 68.120, 68.560, 62.390][0.194, 0.197, 0.609]
62.7324: [68.350, 69.140, 67.120, 68.420, 69.430, 69.810, 68.120, 68.560, 62.732][0.194, 0.197, 0.609]
63.0752: [68.350, 69.140, 67.120, 68.420, 69.430, 69.810, 68.120, 68.560, 63.075][0.194, 0.197, 0.609]
63.418: [68.350, 69.140, 67.120, 68.420, 69.430, 69.810, 68.120, 68.560, 63.418][0.194, 0.197, 0.609]
63.7608: [68.350, 69.140, 67.120, 68.420, 69.430, 69.810, 68.120, 68.560, 63.761][0.194, 0.197, 0.609]
64.1036: [68.350, 69.140, 67.120, 68.420, 69.430, 69.810, 68.120, 68.560, 64.104][0.194, 0.197, 0.609]
64.4464: [68.350, 69.140, 67.120, 68.420, 69.430, 69.810, 68.120, 68.560, 64.446][0.194, 0.197, 0.609]
64.7892: [68.350, 69.140, 67.120, 68.420, 69.430, 69.810, 68.120, 68.560, 64.789][0.194, 0.198, 0.609]
65.132: [68.350, 69.140, 67.120, 68.420, 69.430, 69.810, 68.120, 68.560, 65.132][0.194, 0.198, 0.609]
65.4748: [68.350, 69.140, 67.120, 68.420, 69.430, 69.810, 68.120, 68.560, 65.475][0.194, 0.198, 0.608]
65.8176: [68.350, 69.140, 67.120, 68.420, 69.430, 69.810, 68.120, 68.560, 65.818][0.194, 0.198, 0.608]
66.1604: [68.350, 69.140, 67.120, 68.420, 69.430, 69.810, 68.120, 68.560, 66.160][0.194, 0.199, 0.607]
66.5032: [68.350, 69.140, 67.120, 68.420, 69.430, 69.810, 68.120, 68.560, 66.503][0.195, 0.202, 0.603]
66.846: [68.350, 69.140, 67.120, 68.420, 69.430, 69.810, 68.120, 68.560, 66.846][0.198, 0.221, 0.582]
67.1888: [68.350, 69.140, 67.120, 68.420, 69.430, 69.810, 68.120, 68.560, 67.189][0.240, 0.370, 0.391]
67.5316: [68.350, 69.140, 67.120, 68.420, 69.430, 69.810, 68.120, 68.560, 67.532][0.360, 0.390, 0.250]
67.8744: [68.350, 69.140, 67.120, 68.420, 69.430, 69.810, 68.120, 68.560, 67.874][0.343, 0.401, 0.257]
68.2172: [68.350, 69.140, 67.120, 68.420, 69.430, 69.810, 68.120, 68.560, 68.217][0.354, 0.396, 0.249]
68.56: [68.350, 69.140, 67.120, 68.420, 69.430, 69.810, 68.120, 68.560, 68.560][0.384, 0.382, 0.234]
68.9028: [68.350, 69.140, 67.120, 68.420, 69.430, 69.810, 68.120, 68.560, 68.903][0.437, 0.352, 0.212]
69.2456: [68.350, 69.140, 67.120, 68.420, 69.430, 69.810, 68.120, 68.560, 69.246][0.511, 0.306, 0.184]
69.5884: [68.350, 69.140, 67.120, 68.420, 69.430, 69.810, 68.120, 68.560, 69.588][0.592, 0.253, 0.154]
69.9312: [68.350, 69.140, 67.120, 68.420, 69.430, 69.810, 68.120, 68.560, 69.931][0.664, 0.207, 0.129]
70.274: [68.350, 69.140, 67.120, 68.420, 69.430, 69.810, 68.120, 68.560, 70.274][0.717, 0.174, 0.110]
70.6168: [68.350, 69.140, 67.120, 68.420, 69.430, 69.810, 68.120, 68.560, 70.617][0.752, 0.151, 0.097]
70.9596: [68.350, 69.140, 67.120, 68.420, 69.430, 69.810, 68.120, 68.560, 70.960][0.775, 0.137, 0.088]
71.3024: [68.350, 69.140, 67.120, 68.420, 69.430, 69.810, 68.120, 68.560, 71.302][0.789, 0.128, 0.083]
71.6452: [68.350, 69.140, 67.120, 68.420, 69.430, 69.810, 68.120, 68.560, 71.645][0.798, 0.122, 0.080]
71.988: [68.350, 69.140, 67.120, 68.420, 69.430, 69.810, 68.120, 68.560, 71.988][0.804, 0.119, 0.077]
72.3308: [68.350, 69.140, 67.120, 68.420, 69.430, 69.810, 68.120, 68.560, 72.331][0.807, 0.116, 0.076]
72.6736: [68.350, 69.140, 67.120, 68.420, 69.430, 69.810, 68.120, 68.560, 72.674][0.810, 0.115, 0.075]
73.0164: [68.350, 69.140, 67.120, 68.420, 69.430, 69.810, 68.120, 68.560, 73.016][0.811, 0.114, 0.075]
73.3592: [68.350, 69.140, 67.120, 68.420, 69.430, 69.810, 68.120, 68.560, 73.359][0.812, 0.114, 0.074]
73.702: [68.350, 69.140, 67.120, 68.420, 69.430, 69.810, 68.120, 68.560, 73.702][0.813, 0.113, 0.074]
74.0448: [68.350, 69.140, 67.120, 68.420, 69.430, 69.810, 68.120, 68.560, 74.045][0.813, 0.113, 0.074]
74.3876: [68.350, 69.140, 67.120, 68.420, 69.430, 69.810, 68.120, 68.560, 74.388][0.813, 0.113, 0.074]
74.7304: [68.350, 69.140, 67.120, 68.420, 69.430, 69.810, 68.120, 68.560, 74.730][0.813, 0.113, 0.074]
75.0732: [68.350, 69.140, 67.120, 68.420, 69.430, 69.810, 68.120, 68.560, 75.073][0.814, 0.113, 0.074]
75.416: [68.350, 69.140, 67.120, 68.420, 69.430, 69.810, 68.120, 68.560, 75.416][0.814, 0.113, 0.074]
