Loading Model: level_list/m1_100/tick_list/ATW/class/models/model.h5
history_filename: history_recent/ATW/history.json
UberYesterday: 2017-08-02: OHLCV: 7.7300, 8.0000, 7.5500, 7.8000, 3645320
Yesterday    : 2017-07-31: OHLCV: 8.0200, 8.0400, 7.7100, 7.8600, 5293121
[u'7.7300', u'8.0000', u'7.5500', u'7.8000', u'3645320']
[u'8.0200', u'8.0400', u'7.7100', u'7.8600', u'5293121']
question_base :[7.73, 8.0, 7.55, 7.8, 8.02, 8.04, 7.71, 7.86]
7.074: [7.730, 8.000, 7.550, 7.800, 8.020, 8.040, 7.710, 7.860, 7.074][0.059, 0.124, 0.818]
7.1133: [7.730, 8.000, 7.550, 7.800, 8.020, 8.040, 7.710, 7.860, 7.113][0.059, 0.124, 0.817]
7.1526: [7.730, 8.000, 7.550, 7.800, 8.020, 8.040, 7.710, 7.860, 7.153][0.059, 0.125, 0.817]
7.1919: [7.730, 8.000, 7.550, 7.800, 8.020, 8.040, 7.710, 7.860, 7.192][0.059, 0.125, 0.816]
7.2312: [7.730, 8.000, 7.550, 7.800, 8.020, 8.040, 7.710, 7.860, 7.231][0.059, 0.126, 0.815]
7.2705: [7.730, 8.000, 7.550, 7.800, 8.020, 8.040, 7.710, 7.860, 7.271][0.059, 0.126, 0.814]
7.3098: [7.730, 8.000, 7.550, 7.800, 8.020, 8.040, 7.710, 7.860, 7.310][0.060, 0.127, 0.813]
7.3491: [7.730, 8.000, 7.550, 7.800, 8.020, 8.040, 7.710, 7.860, 7.349][0.060, 0.128, 0.812]
7.3884: [7.730, 8.000, 7.550, 7.800, 8.020, 8.040, 7.710, 7.860, 7.388][0.060, 0.129, 0.811]
7.4277: [7.730, 8.000, 7.550, 7.800, 8.020, 8.040, 7.710, 7.860, 7.428][0.061, 0.130, 0.809]
7.467: [7.730, 8.000, 7.550, 7.800, 8.020, 8.040, 7.710, 7.860, 7.467][0.061, 0.131, 0.808]
7.5063: [7.730, 8.000, 7.550, 7.800, 8.020, 8.040, 7.710, 7.860, 7.506][0.062, 0.133, 0.805]
7.5456: [7.730, 8.000, 7.550, 7.800, 8.020, 8.040, 7.710, 7.860, 7.546][0.063, 0.134, 0.803]
7.5849: [7.730, 8.000, 7.550, 7.800, 8.020, 8.040, 7.710, 7.860, 7.585][0.064, 0.136, 0.800]
7.6242: [7.730, 8.000, 7.550, 7.800, 8.020, 8.040, 7.710, 7.860, 7.624][0.064, 0.138, 0.797]
7.6635: [7.730, 8.000, 7.550, 7.800, 8.020, 8.040, 7.710, 7.860, 7.663][0.066, 0.141, 0.794]
7.7028: [7.730, 8.000, 7.550, 7.800, 8.020, 8.040, 7.710, 7.860, 7.703][0.067, 0.144, 0.789]
7.7421: [7.730, 8.000, 7.550, 7.800, 8.020, 8.040, 7.710, 7.860, 7.742][0.068, 0.147, 0.784]
7.7814: [7.730, 8.000, 7.550, 7.800, 8.020, 8.040, 7.710, 7.860, 7.781][0.070, 0.151, 0.778]
7.8207: [7.730, 8.000, 7.550, 7.800, 8.020, 8.040, 7.710, 7.860, 7.821][0.072, 0.156, 0.772]
7.86: [7.730, 8.000, 7.550, 7.800, 8.020, 8.040, 7.710, 7.860, 7.860][0.075, 0.161, 0.764]
7.8993: [7.730, 8.000, 7.550, 7.800, 8.020, 8.040, 7.710, 7.860, 7.899][0.078, 0.167, 0.755]
7.9386: [7.730, 8.000, 7.550, 7.800, 8.020, 8.040, 7.710, 7.860, 7.939][0.082, 0.174, 0.744]
7.9779: [7.730, 8.000, 7.550, 7.800, 8.020, 8.040, 7.710, 7.860, 7.978][0.086, 0.182, 0.732]
8.0172: [7.730, 8.000, 7.550, 7.800, 8.020, 8.040, 7.710, 7.860, 8.017][0.091, 0.191, 0.718]
8.0565: [7.730, 8.000, 7.550, 7.800, 8.020, 8.040, 7.710, 7.860, 8.056][0.098, 0.201, 0.702]
8.0958: [7.730, 8.000, 7.550, 7.800, 8.020, 8.040, 7.710, 7.860, 8.096][0.105, 0.211, 0.684]
8.1351: [7.730, 8.000, 7.550, 7.800, 8.020, 8.040, 7.710, 7.860, 8.135][0.115, 0.222, 0.664]
8.1744: [7.730, 8.000, 7.550, 7.800, 8.020, 8.040, 7.710, 7.860, 8.174][0.126, 0.232, 0.642]
8.2137: [7.730, 8.000, 7.550, 7.800, 8.020, 8.040, 7.710, 7.860, 8.214][0.140, 0.241, 0.619]
8.253: [7.730, 8.000, 7.550, 7.800, 8.020, 8.040, 7.710, 7.860, 8.253][0.157, 0.247, 0.596]
8.2923: [7.730, 8.000, 7.550, 7.800, 8.020, 8.040, 7.710, 7.860, 8.292][0.178, 0.250, 0.573]
8.3316: [7.730, 8.000, 7.550, 7.800, 8.020, 8.040, 7.710, 7.860, 8.332][0.202, 0.247, 0.551]
8.3709: [7.730, 8.000, 7.550, 7.800, 8.020, 8.040, 7.710, 7.860, 8.371][0.232, 0.239, 0.530]
8.4102: [7.730, 8.000, 7.550, 7.800, 8.020, 8.040, 7.710, 7.860, 8.410][0.266, 0.225, 0.510]
8.4495: [7.730, 8.000, 7.550, 7.800, 8.020, 8.040, 7.710, 7.860, 8.450][0.303, 0.206, 0.491]
8.4888: [7.730, 8.000, 7.550, 7.800, 8.020, 8.040, 7.710, 7.860, 8.489][0.342, 0.186, 0.472]
8.5281: [7.730, 8.000, 7.550, 7.800, 8.020, 8.040, 7.710, 7.860, 8.528][0.381, 0.165, 0.454]
8.5674: [7.730, 8.000, 7.550, 7.800, 8.020, 8.040, 7.710, 7.860, 8.567][0.418, 0.146, 0.436]
8.6067: [7.730, 8.000, 7.550, 7.800, 8.020, 8.040, 7.710, 7.860, 8.607][0.452, 0.131, 0.418]
