Loading Model: level_list/m1_100/tick_list/DXPE/class/models/model.h5
history_filename: history_recent/DXPE/history.json
UberYesterday: 2017-08-02: OHLCV: 28.4700, 28.7800, 26.5100, 26.8100, 183449
Yesterday    : 2017-07-31: OHLCV: 29.6300, 29.6300, 28.2900, 28.5900, 127091
[u'28.4700', u'28.7800', u'26.5100', u'26.8100', u'183449']
[u'29.6300', u'29.6300', u'28.2900', u'28.5900', u'127091']
question_base :[28.47, 28.78, 26.51, 26.81, 29.63, 29.63, 28.29, 28.59]
25.731: [28.470, 28.780, 26.510, 26.810, 29.630, 29.630, 28.290, 28.590, 25.731][0.081, 0.431, 0.488]
25.87395: [28.470, 28.780, 26.510, 26.810, 29.630, 29.630, 28.290, 28.590, 25.874][0.081, 0.427, 0.492]
26.0169: [28.470, 28.780, 26.510, 26.810, 29.630, 29.630, 28.290, 28.590, 26.017][0.081, 0.423, 0.496]
26.15985: [28.470, 28.780, 26.510, 26.810, 29.630, 29.630, 28.290, 28.590, 26.160][0.081, 0.418, 0.502]
26.3028: [28.470, 28.780, 26.510, 26.810, 29.630, 29.630, 28.290, 28.590, 26.303][0.081, 0.412, 0.507]
26.44575: [28.470, 28.780, 26.510, 26.810, 29.630, 29.630, 28.290, 28.590, 26.446][0.081, 0.406, 0.513]
26.5887: [28.470, 28.780, 26.510, 26.810, 29.630, 29.630, 28.290, 28.590, 26.589][0.081, 0.399, 0.520]
26.73165: [28.470, 28.780, 26.510, 26.810, 29.630, 29.630, 28.290, 28.590, 26.732][0.081, 0.393, 0.527]
26.8746: [28.470, 28.780, 26.510, 26.810, 29.630, 29.630, 28.290, 28.590, 26.875][0.080, 0.386, 0.534]
27.01755: [28.470, 28.780, 26.510, 26.810, 29.630, 29.630, 28.290, 28.590, 27.018][0.080, 0.378, 0.541]
27.1605: [28.470, 28.780, 26.510, 26.810, 29.630, 29.630, 28.290, 28.590, 27.160][0.080, 0.371, 0.549]
27.30345: [28.470, 28.780, 26.510, 26.810, 29.630, 29.630, 28.290, 28.590, 27.303][0.080, 0.363, 0.557]
27.4464: [28.470, 28.780, 26.510, 26.810, 29.630, 29.630, 28.290, 28.590, 27.446][0.080, 0.355, 0.565]
27.58935: [28.470, 28.780, 26.510, 26.810, 29.630, 29.630, 28.290, 28.590, 27.589][0.079, 0.347, 0.573]
27.7323: [28.470, 28.780, 26.510, 26.810, 29.630, 29.630, 28.290, 28.590, 27.732][0.079, 0.339, 0.582]
27.87525: [28.470, 28.780, 26.510, 26.810, 29.630, 29.630, 28.290, 28.590, 27.875][0.079, 0.331, 0.590]
28.0182: [28.470, 28.780, 26.510, 26.810, 29.630, 29.630, 28.290, 28.590, 28.018][0.079, 0.323, 0.598]
28.16115: [28.470, 28.780, 26.510, 26.810, 29.630, 29.630, 28.290, 28.590, 28.161][0.078, 0.315, 0.607]
28.3041: [28.470, 28.780, 26.510, 26.810, 29.630, 29.630, 28.290, 28.590, 28.304][0.078, 0.307, 0.615]
28.44705: [28.470, 28.780, 26.510, 26.810, 29.630, 29.630, 28.290, 28.590, 28.447][0.078, 0.299, 0.623]
28.59: [28.470, 28.780, 26.510, 26.810, 29.630, 29.630, 28.290, 28.590, 28.590][0.077, 0.291, 0.631]
28.73295: [28.470, 28.780, 26.510, 26.810, 29.630, 29.630, 28.290, 28.590, 28.733][0.077, 0.283, 0.639]
28.8759: [28.470, 28.780, 26.510, 26.810, 29.630, 29.630, 28.290, 28.590, 28.876][0.077, 0.276, 0.647]
29.01885: [28.470, 28.780, 26.510, 26.810, 29.630, 29.630, 28.290, 28.590, 29.019][0.076, 0.269, 0.655]
29.1618: [28.470, 28.780, 26.510, 26.810, 29.630, 29.630, 28.290, 28.590, 29.162][0.076, 0.261, 0.662]
29.30475: [28.470, 28.780, 26.510, 26.810, 29.630, 29.630, 28.290, 28.590, 29.305][0.076, 0.255, 0.670]
29.4477: [28.470, 28.780, 26.510, 26.810, 29.630, 29.630, 28.290, 28.590, 29.448][0.076, 0.248, 0.677]
29.59065: [28.470, 28.780, 26.510, 26.810, 29.630, 29.630, 28.290, 28.590, 29.591][0.075, 0.241, 0.683]
29.7336: [28.470, 28.780, 26.510, 26.810, 29.630, 29.630, 28.290, 28.590, 29.734][0.075, 0.235, 0.690]
29.87655: [28.470, 28.780, 26.510, 26.810, 29.630, 29.630, 28.290, 28.590, 29.877][0.075, 0.229, 0.696]
30.0195: [28.470, 28.780, 26.510, 26.810, 29.630, 29.630, 28.290, 28.590, 30.019][0.075, 0.223, 0.702]
30.16245: [28.470, 28.780, 26.510, 26.810, 29.630, 29.630, 28.290, 28.590, 30.162][0.075, 0.218, 0.707]
30.3054: [28.470, 28.780, 26.510, 26.810, 29.630, 29.630, 28.290, 28.590, 30.305][0.075, 0.213, 0.713]
30.44835: [28.470, 28.780, 26.510, 26.810, 29.630, 29.630, 28.290, 28.590, 30.448][0.075, 0.208, 0.717]
30.5913: [28.470, 28.780, 26.510, 26.810, 29.630, 29.630, 28.290, 28.590, 30.591][0.075, 0.204, 0.721]
30.73425: [28.470, 28.780, 26.510, 26.810, 29.630, 29.630, 28.290, 28.590, 30.734][0.076, 0.200, 0.725]
30.8772: [28.470, 28.780, 26.510, 26.810, 29.630, 29.630, 28.290, 28.590, 30.877][0.076, 0.196, 0.727]
31.02015: [28.470, 28.780, 26.510, 26.810, 29.630, 29.630, 28.290, 28.590, 31.020][0.077, 0.194, 0.729]
31.1631: [28.470, 28.780, 26.510, 26.810, 29.630, 29.630, 28.290, 28.590, 31.163][0.078, 0.192, 0.730]
31.30605: [28.470, 28.780, 26.510, 26.810, 29.630, 29.630, 28.290, 28.590, 31.306][0.079, 0.191, 0.730]
31.449: [28.470, 28.780, 26.510, 26.810, 29.630, 29.630, 28.290, 28.590, 31.449][0.081, 0.191, 0.728]
