Loading Model: level_list/m1_100/tick_list/INSY/class/models/model.h5
history_filename: history_recent/INSY/history.json
UberYesterday: 2017-08-02: OHLCV: 11.3400, 11.4000, 11.0000, 11.0000, 494385
Yesterday    : 2017-07-31: OHLCV: 11.7100, 11.7900, 11.3000, 11.4600, 379652
[u'11.3400', u'11.4000', u'11.0000', u'11.0000', u'494385']
[u'11.7100', u'11.7900', u'11.3000', u'11.4600', u'379652']
question_base :[11.34, 11.4, 11.0, 11.0, 11.71, 11.79, 11.3, 11.46]
10.314: [11.340, 11.400, 11.000, 11.000, 11.710, 11.790, 11.300, 11.460, 10.314][0.333, 0.400, 0.267]
10.3713: [11.340, 11.400, 11.000, 11.000, 11.710, 11.790, 11.300, 11.460, 10.371][0.333, 0.400, 0.267]
10.4286: [11.340, 11.400, 11.000, 11.000, 11.710, 11.790, 11.300, 11.460, 10.429][0.333, 0.400, 0.267]
10.4859: [11.340, 11.400, 11.000, 11.000, 11.710, 11.790, 11.300, 11.460, 10.486][0.333, 0.400, 0.267]
10.5432: [11.340, 11.400, 11.000, 11.000, 11.710, 11.790, 11.300, 11.460, 10.543][0.333, 0.400, 0.267]
10.6005: [11.340, 11.400, 11.000, 11.000, 11.710, 11.790, 11.300, 11.460, 10.601][0.333, 0.400, 0.267]
10.6578: [11.340, 11.400, 11.000, 11.000, 11.710, 11.790, 11.300, 11.460, 10.658][0.333, 0.400, 0.267]
10.7151: [11.340, 11.400, 11.000, 11.000, 11.710, 11.790, 11.300, 11.460, 10.715][0.333, 0.400, 0.267]
10.7724: [11.340, 11.400, 11.000, 11.000, 11.710, 11.790, 11.300, 11.460, 10.772][0.333, 0.400, 0.267]
10.8297: [11.340, 11.400, 11.000, 11.000, 11.710, 11.790, 11.300, 11.460, 10.830][0.333, 0.400, 0.267]
10.887: [11.340, 11.400, 11.000, 11.000, 11.710, 11.790, 11.300, 11.460, 10.887][0.333, 0.400, 0.267]
10.9443: [11.340, 11.400, 11.000, 11.000, 11.710, 11.790, 11.300, 11.460, 10.944][0.333, 0.400, 0.267]
11.0016: [11.340, 11.400, 11.000, 11.000, 11.710, 11.790, 11.300, 11.460, 11.002][0.333, 0.400, 0.267]
11.0589: [11.340, 11.400, 11.000, 11.000, 11.710, 11.790, 11.300, 11.460, 11.059][0.333, 0.400, 0.267]
11.1162: [11.340, 11.400, 11.000, 11.000, 11.710, 11.790, 11.300, 11.460, 11.116][0.333, 0.400, 0.267]
11.1735: [11.340, 11.400, 11.000, 11.000, 11.710, 11.790, 11.300, 11.460, 11.173][0.333, 0.400, 0.267]
11.2308: [11.340, 11.400, 11.000, 11.000, 11.710, 11.790, 11.300, 11.460, 11.231][0.333, 0.400, 0.267]
11.2881: [11.340, 11.400, 11.000, 11.000, 11.710, 11.790, 11.300, 11.460, 11.288][0.333, 0.400, 0.267]
11.3454: [11.340, 11.400, 11.000, 11.000, 11.710, 11.790, 11.300, 11.460, 11.345][0.333, 0.400, 0.267]
11.4027: [11.340, 11.400, 11.000, 11.000, 11.710, 11.790, 11.300, 11.460, 11.403][0.333, 0.400, 0.267]
11.46: [11.340, 11.400, 11.000, 11.000, 11.710, 11.790, 11.300, 11.460, 11.460][0.333, 0.400, 0.267]
11.5173: [11.340, 11.400, 11.000, 11.000, 11.710, 11.790, 11.300, 11.460, 11.517][0.333, 0.400, 0.267]
11.5746: [11.340, 11.400, 11.000, 11.000, 11.710, 11.790, 11.300, 11.460, 11.575][0.333, 0.400, 0.267]
11.6319: [11.340, 11.400, 11.000, 11.000, 11.710, 11.790, 11.300, 11.460, 11.632][0.333, 0.400, 0.267]
11.6892: [11.340, 11.400, 11.000, 11.000, 11.710, 11.790, 11.300, 11.460, 11.689][0.333, 0.400, 0.267]
11.7465: [11.340, 11.400, 11.000, 11.000, 11.710, 11.790, 11.300, 11.460, 11.746][0.333, 0.400, 0.267]
11.8038: [11.340, 11.400, 11.000, 11.000, 11.710, 11.790, 11.300, 11.460, 11.804][0.333, 0.400, 0.267]
11.8611: [11.340, 11.400, 11.000, 11.000, 11.710, 11.790, 11.300, 11.460, 11.861][0.333, 0.400, 0.267]
11.9184: [11.340, 11.400, 11.000, 11.000, 11.710, 11.790, 11.300, 11.460, 11.918][0.333, 0.400, 0.267]
11.9757: [11.340, 11.400, 11.000, 11.000, 11.710, 11.790, 11.300, 11.460, 11.976][0.333, 0.400, 0.267]
12.033: [11.340, 11.400, 11.000, 11.000, 11.710, 11.790, 11.300, 11.460, 12.033][0.333, 0.400, 0.267]
12.0903: [11.340, 11.400, 11.000, 11.000, 11.710, 11.790, 11.300, 11.460, 12.090][0.333, 0.400, 0.267]
12.1476: [11.340, 11.400, 11.000, 11.000, 11.710, 11.790, 11.300, 11.460, 12.148][0.333, 0.400, 0.267]
12.2049: [11.340, 11.400, 11.000, 11.000, 11.710, 11.790, 11.300, 11.460, 12.205][0.333, 0.400, 0.267]
12.2622: [11.340, 11.400, 11.000, 11.000, 11.710, 11.790, 11.300, 11.460, 12.262][0.333, 0.400, 0.267]
12.3195: [11.340, 11.400, 11.000, 11.000, 11.710, 11.790, 11.300, 11.460, 12.319][0.333, 0.400, 0.267]
12.3768: [11.340, 11.400, 11.000, 11.000, 11.710, 11.790, 11.300, 11.460, 12.377][0.333, 0.400, 0.267]
12.4341: [11.340, 11.400, 11.000, 11.000, 11.710, 11.790, 11.300, 11.460, 12.434][0.333, 0.400, 0.267]
12.4914: [11.340, 11.400, 11.000, 11.000, 11.710, 11.790, 11.300, 11.460, 12.491][0.333, 0.400, 0.267]
12.5487: [11.340, 11.400, 11.000, 11.000, 11.710, 11.790, 11.300, 11.460, 12.549][0.333, 0.400, 0.267]
12.606: [11.340, 11.400, 11.000, 11.000, 11.710, 11.790, 11.300, 11.460, 12.606][0.333, 0.400, 0.267]
