Loading Model: level_list/m1_100/tick_list/XONE/class/models/model.h5
history_filename: history_recent/XONE/history.json
UberYesterday: 2017-08-02: OHLCV: 11.1000, 11.1800, 10.7900, 10.9400, 126583
Yesterday    : 2017-07-31: OHLCV: 11.3300, 11.5000, 10.8500, 11.2700, 98445
[u'11.1000', u'11.1800', u'10.7900', u'10.9400', u'126583']
[u'11.3300', u'11.5000', u'10.8500', u'11.2700', u'98445']
question_base :[11.1, 11.18, 10.79, 10.94, 11.33, 11.5, 10.85, 11.27]
10.143: [11.100, 11.180, 10.790, 10.940, 11.330, 11.500, 10.850, 11.270, 10.143][0.116, 0.174, 0.710]
10.19935: [11.100, 11.180, 10.790, 10.940, 11.330, 11.500, 10.850, 11.270, 10.199][0.116, 0.174, 0.710]
10.2557: [11.100, 11.180, 10.790, 10.940, 11.330, 11.500, 10.850, 11.270, 10.256][0.116, 0.174, 0.710]
10.31205: [11.100, 11.180, 10.790, 10.940, 11.330, 11.500, 10.850, 11.270, 10.312][0.116, 0.174, 0.710]
10.3684: [11.100, 11.180, 10.790, 10.940, 11.330, 11.500, 10.850, 11.270, 10.368][0.116, 0.174, 0.710]
10.42475: [11.100, 11.180, 10.790, 10.940, 11.330, 11.500, 10.850, 11.270, 10.425][0.116, 0.174, 0.710]
10.4811: [11.100, 11.180, 10.790, 10.940, 11.330, 11.500, 10.850, 11.270, 10.481][0.116, 0.174, 0.710]
10.53745: [11.100, 11.180, 10.790, 10.940, 11.330, 11.500, 10.850, 11.270, 10.537][0.116, 0.174, 0.710]
10.5938: [11.100, 11.180, 10.790, 10.940, 11.330, 11.500, 10.850, 11.270, 10.594][0.116, 0.174, 0.710]
10.65015: [11.100, 11.180, 10.790, 10.940, 11.330, 11.500, 10.850, 11.270, 10.650][0.116, 0.175, 0.709]
10.7065: [11.100, 11.180, 10.790, 10.940, 11.330, 11.500, 10.850, 11.270, 10.707][0.114, 0.178, 0.708]
10.76285: [11.100, 11.180, 10.790, 10.940, 11.330, 11.500, 10.850, 11.270, 10.763][0.105, 0.203, 0.691]
10.8192: [11.100, 11.180, 10.790, 10.940, 11.330, 11.500, 10.850, 11.270, 10.819][0.076, 0.392, 0.531]
10.87555: [11.100, 11.180, 10.790, 10.940, 11.330, 11.500, 10.850, 11.270, 10.876][0.089, 0.579, 0.332]
10.9319: [11.100, 11.180, 10.790, 10.940, 11.330, 11.500, 10.850, 11.270, 10.932][0.166, 0.523, 0.311]
10.98825: [11.100, 11.180, 10.790, 10.940, 11.330, 11.500, 10.850, 11.270, 10.988][0.246, 0.449, 0.305]
11.0446: [11.100, 11.180, 10.790, 10.940, 11.330, 11.500, 10.850, 11.270, 11.045][0.303, 0.401, 0.297]
11.10095: [11.100, 11.180, 10.790, 10.940, 11.330, 11.500, 10.850, 11.270, 11.101][0.339, 0.371, 0.290]
11.1573: [11.100, 11.180, 10.790, 10.940, 11.330, 11.500, 10.850, 11.270, 11.157][0.362, 0.353, 0.285]
11.21365: [11.100, 11.180, 10.790, 10.940, 11.330, 11.500, 10.850, 11.270, 11.214][0.376, 0.342, 0.282]
11.27: [11.100, 11.180, 10.790, 10.940, 11.330, 11.500, 10.850, 11.270, 11.270][0.387, 0.334, 0.279]
11.32635: [11.100, 11.180, 10.790, 10.940, 11.330, 11.500, 10.850, 11.270, 11.326][0.394, 0.329, 0.277]
11.3827: [11.100, 11.180, 10.790, 10.940, 11.330, 11.500, 10.850, 11.270, 11.383][0.399, 0.325, 0.276]
11.43905: [11.100, 11.180, 10.790, 10.940, 11.330, 11.500, 10.850, 11.270, 11.439][0.403, 0.322, 0.275]
11.4954: [11.100, 11.180, 10.790, 10.940, 11.330, 11.500, 10.850, 11.270, 11.495][0.406, 0.319, 0.274]
11.55175: [11.100, 11.180, 10.790, 10.940, 11.330, 11.500, 10.850, 11.270, 11.552][0.409, 0.318, 0.274]
11.6081: [11.100, 11.180, 10.790, 10.940, 11.330, 11.500, 10.850, 11.270, 11.608][0.411, 0.316, 0.273]
11.66445: [11.100, 11.180, 10.790, 10.940, 11.330, 11.500, 10.850, 11.270, 11.664][0.413, 0.315, 0.273]
11.7208: [11.100, 11.180, 10.790, 10.940, 11.330, 11.500, 10.850, 11.270, 11.721][0.414, 0.314, 0.272]
11.77715: [11.100, 11.180, 10.790, 10.940, 11.330, 11.500, 10.850, 11.270, 11.777][0.415, 0.313, 0.272]
11.8335: [11.100, 11.180, 10.790, 10.940, 11.330, 11.500, 10.850, 11.270, 11.834][0.416, 0.312, 0.272]
11.88985: [11.100, 11.180, 10.790, 10.940, 11.330, 11.500, 10.850, 11.270, 11.890][0.417, 0.311, 0.271]
11.9462: [11.100, 11.180, 10.790, 10.940, 11.330, 11.500, 10.850, 11.270, 11.946][0.418, 0.311, 0.271]
12.00255: [11.100, 11.180, 10.790, 10.940, 11.330, 11.500, 10.850, 11.270, 12.003][0.419, 0.310, 0.271]
12.0589: [11.100, 11.180, 10.790, 10.940, 11.330, 11.500, 10.850, 11.270, 12.059][0.419, 0.310, 0.271]
12.11525: [11.100, 11.180, 10.790, 10.940, 11.330, 11.500, 10.850, 11.270, 12.115][0.420, 0.309, 0.271]
12.1716: [11.100, 11.180, 10.790, 10.940, 11.330, 11.500, 10.850, 11.270, 12.172][0.420, 0.309, 0.271]
12.22795: [11.100, 11.180, 10.790, 10.940, 11.330, 11.500, 10.850, 11.270, 12.228][0.421, 0.309, 0.270]
12.2843: [11.100, 11.180, 10.790, 10.940, 11.330, 11.500, 10.850, 11.270, 12.284][0.421, 0.309, 0.270]
12.34065: [11.100, 11.180, 10.790, 10.940, 11.330, 11.500, 10.850, 11.270, 12.341][0.421, 0.308, 0.270]
