[[  0.  38.   0.]
 [  0.  24.   0.]
 [  0.  38.   0.]]
cf_score, 24.0
nv_score, 0.0
ratio, 0.242424242424
[[  0.  36.   0.]
 [  0.  31.   0.]
 [  0.  33.   0.]]
cf_score, 31.0
nv_score, 0.0
ratio, 0.313131313131
[[  0.  29.   0.]
 [  0.  36.   0.]
 [  0.  35.   0.]]
cf_score, 36.0
nv_score, 0.0
ratio, 0.363636363636
[[  0.   0.  33.]
 [  0.   0.  35.]
 [  0.   0.  32.]]
cf_score, -1.0
nv_score, -69.0
ratio, 0.323232323232
[[  0.  34.   0.]
 [  0.  34.   0.]
 [  0.  32.   0.]]
cf_score, 34.0
nv_score, 0.0
ratio, 0.343434343434
[[  0.  42.   0.]
 [  0.  25.   0.]
 [  0.  33.   0.]]
cf_score, 25.0
nv_score, 0.0
ratio, 0.252525252525
[[  0.  40.   0.]
 [  0.  34.   0.]
 [  0.  26.   0.]]
cf_score, 34.0
nv_score, 0.0
ratio, 0.343434343434
[[  0.  34.   0.]
 [  0.  41.   0.]
 [  0.  25.   0.]]
cf_score, 41.0
nv_score, 0.0
ratio, 0.414141414141
[[  0.  29.   0.]
 [  0.  35.   0.]
 [  0.  36.   0.]]
cf_score, 35.0
nv_score, 0.0
ratio, 0.353535353535
[[  0.  30.   0.]
 [  0.  43.   0.]
 [  0.  27.   0.]]
cf_score, 43.0
nv_score, 0.0
ratio, 0.434343434343
[[  0.  33.   0.]
 [  0.  34.   0.]
 [  0.  33.   0.]]
cf_score, 34.0
nv_score, 0.0
ratio, 0.343434343434
[[  0.  39.   0.]
 [  0.  23.   0.]
 [  0.  38.   0.]]
cf_score, 23.0
nv_score, 0.0
ratio, 0.232323232323
[[  0.  36.   0.]
 [  0.  31.   0.]
 [  0.  33.   0.]]
cf_score, 31.0
nv_score, 0.0
ratio, 0.313131313131
[[  0.  31.   0.]
 [  0.  28.   0.]
 [  0.  41.   0.]]
cf_score, 28.0
nv_score, 0.0
ratio, 0.282828282828
[[  0.  39.   0.]
 [  0.  34.   0.]
 [  0.  27.   0.]]
cf_score, 34.0
nv_score, 0.0
ratio, 0.343434343434
[[  0.  37.   0.]
 [  0.  31.   0.]
 [  0.  32.   0.]]
cf_score, 31.0
nv_score, 0.0
ratio, 0.313131313131
[[  0.  31.   0.]
 [  0.  30.   0.]
 [  0.  39.   0.]]
cf_score, 30.0
nv_score, 0.0
ratio, 0.30303030303
[[  0.  34.   0.]
 [  0.  33.   0.]
 [  0.  33.   0.]]
cf_score, 33.0
nv_score, 0.0
ratio, 0.333333333333
[[  0.  31.   0.]
 [  0.  29.   0.]
 [  0.  40.   0.]]
cf_score, 29.0
nv_score, 0.0
ratio, 0.292929292929
[[  0.  33.   0.]
 [  0.  25.   0.]
 [  0.  42.   0.]]
cf_score, 25.0
nv_score, 0.0
ratio, 0.252525252525
[[  0.  24.   0.]
 [  0.  34.   0.]
 [  0.  42.   0.]]
cf_score, 34.0
nv_score, 0.0
ratio, 0.343434343434
[[  0.  30.   0.]
 [  0.  33.   0.]
 [  0.  37.   0.]]
cf_score, 33.0
nv_score, 0.0
ratio, 0.333333333333
[[  0.  29.   0.]
 [  0.  39.   0.]
 [  0.  32.   0.]]
cf_score, 39.0
nv_score, 0.0
ratio, 0.393939393939
[[  0.  39.   0.]
 [  0.  34.   0.]
 [  0.  27.   0.]]
cf_score, 34.0
nv_score, 0.0
ratio, 0.343434343434
[[  0.  28.   0.]
 [  0.  31.   0.]
 [  0.  41.   0.]]
cf_score, 31.0
nv_score, 0.0
ratio, 0.313131313131
[[  0.  31.   0.]
 [  0.  35.   0.]
 [  0.  34.   0.]]
cf_score, 35.0
nv_score, 0.0
ratio, 0.353535353535
[[  0.  39.   0.]
 [  0.  32.   0.]
 [  0.  29.   0.]]
cf_score, 32.0
nv_score, 0.0
ratio, 0.323232323232
[[  0.  36.   0.]
 [  0.  36.   0.]
 [  0.  28.   0.]]
cf_score, 36.0
nv_score, 0.0
ratio, 0.363636363636
[[  0.  28.   0.]
 [  0.  44.   0.]
 [  0.  28.   0.]]
cf_score, 44.0
nv_score, 0.0
ratio, 0.444444444444
[[  0.  33.   0.]
 [  0.  31.   0.]
 [  0.  36.   0.]]
cf_score, 31.0
nv_score, 0.0
ratio, 0.313131313131
[[  0.  38.   0.]
 [  0.  31.   0.]
 [  0.  31.   0.]]
cf_score, 31.0
nv_score, 0.0
ratio, 0.313131313131
[[  0.  26.   0.]
 [  0.  36.   0.]
 [  0.  38.   0.]]
cf_score, 36.0
nv_score, 0.0
ratio, 0.363636363636
[[  0.  37.   0.]
 [  0.  36.   0.]
 [  0.  27.   0.]]
cf_score, 36.0
nv_score, 0.0
ratio, 0.363636363636
[[  0.  25.   0.]
 [  0.  35.   0.]
 [  0.  40.   0.]]
cf_score, 35.0
nv_score, 0.0
ratio, 0.353535353535
[[  0.  31.   0.]
 [  0.  28.   0.]
 [  0.  41.   0.]]
cf_score, 28.0
nv_score, 0.0
ratio, 0.282828282828
[[  0.  33.   0.]
 [  0.  34.   0.]
 [  0.  33.   0.]]
cf_score, 34.0
nv_score, 0.0
ratio, 0.343434343434
[[  0.  32.   0.]
 [  0.  33.   0.]
 [  0.  35.   0.]]
cf_score, 33.0
nv_score, 0.0
ratio, 0.333333333333
[[  0.  36.   0.]
 [  0.  27.   0.]
 [  0.  37.   0.]]
cf_score, 27.0
nv_score, 0.0
ratio, 0.272727272727
[[  0.  27.   0.]
 [  0.  39.   0.]
 [  0.  34.   0.]]
cf_score, 39.0
nv_score, 0.0
ratio, 0.393939393939
[[  0.  26.   0.]
 [  0.  41.   0.]
 [  0.  33.   0.]]
cf_score, 41.0
nv_score, 0.0
ratio, 0.414141414141
[[  0.  40.   0.]
 [  0.  31.   0.]
 [  0.  29.   0.]]
cf_score, 31.0
nv_score, 0.0
ratio, 0.313131313131
[[  0.  18.   0.]
 [  0.  35.   0.]
 [  0.  47.   0.]]
cf_score, 35.0
nv_score, 0.0
ratio, 0.353535353535
[[  0.  34.   0.]
 [  0.  35.   0.]
 [  0.  31.   0.]]
cf_score, 35.0
nv_score, 0.0
ratio, 0.353535353535
[[  0.  35.   0.]
 [  0.  24.   0.]
 [  0.  41.   0.]]
cf_score, 24.0
nv_score, 0.0
ratio, 0.242424242424
[[  0.  27.   0.]
 [  0.  34.   0.]
 [  0.  39.   0.]]
cf_score, 34.0
nv_score, 0.0
ratio, 0.343434343434
[[  0.  39.   0.]
 [  0.  32.   0.]
 [  0.  29.   0.]]
cf_score, 32.0
nv_score, 0.0
ratio, 0.323232323232
[[  0.  32.   0.]
 [  0.  28.   0.]
 [  0.  40.   0.]]
cf_score, 28.0
nv_score, 0.0
ratio, 0.282828282828
[[  0.  31.   0.]
 [  0.  32.   0.]
 [  0.  37.   0.]]
cf_score, 32.0
nv_score, 0.0
ratio, 0.323232323232
[[  0.  36.   0.]
 [  0.  34.   0.]
 [  0.  30.   0.]]
cf_score, 34.0
nv_score, 0.0
ratio, 0.343434343434
[[  0.  34.   0.]
 [  0.  37.   0.]
 [  0.  29.   0.]]
cf_score, 37.0
nv_score, 0.0
ratio, 0.373737373737
