[[ 32.   0.   0.]
 [ 37.   0.   0.]
 [ 31.   0.   0.]]
cf_score, 1.0
nv_score, 0.0
ratio, 0.323232323232
[[  0.  11.  23.]
 [  0.  14.  27.]
 [  0.   9.  16.]]
cf_score, 7.0
nv_score, -57.0
ratio, 0.30303030303
[[  5.  25.   0.]
 [  4.  35.   2.]
 [  0.  28.   1.]]
cf_score, 41.0
nv_score, -1.0
ratio, 0.414141414141
[[  4.  31.   0.]
 [ 10.  26.   0.]
 [  6.  23.   0.]]
cf_score, 24.0
nv_score, 0.0
ratio, 0.30303030303
[[  7.  33.   1.]
 [  4.  28.   1.]
 [  2.  24.   0.]]
cf_score, 32.0
nv_score, -3.0
ratio, 0.353535353535
[[ 11.  32.   0.]
 [  3.  30.   1.]
 [  4.  18.   1.]]
cf_score, 38.0
nv_score, 0.0
ratio, 0.424242424242
[[  8.  19.   3.]
 [  5.  29.   2.]
 [  5.  28.   1.]]
cf_score, 30.0
nv_score, -7.0
ratio, 0.383838383838
[[  6.  31.   0.]
 [  3.  25.   0.]
 [ 11.  24.   0.]]
cf_score, 20.0
nv_score, 0.0
ratio, 0.313131313131
[[  3.  25.   1.]
 [  6.  31.   0.]
 [  2.  29.   3.]]
cf_score, 34.0
nv_score, 1.0
ratio, 0.373737373737
[[  5.  34.   1.]
 [  2.  23.   0.]
 [  3.  31.   1.]]
cf_score, 25.0
nv_score, -1.0
ratio, 0.292929292929
[[  9.  20.   1.]
 [  2.  30.   2.]
 [  9.  19.   8.]]
cf_score, 37.0
nv_score, 4.0
ratio, 0.474747474747
[[  4.  28.   4.]
 [  2.  27.   2.]
 [  4.  26.   3.]]
cf_score, 26.0
nv_score, -7.0
ratio, 0.343434343434
[[  3.  25.   2.]
 [  3.  30.   4.]
 [  5.  23.   5.]]
cf_score, 31.0
nv_score, -3.0
ratio, 0.383838383838
[[  5.  22.   2.]
 [  2.  33.   1.]
 [  4.  27.   4.]]
cf_score, 36.0
nv_score, -1.0
ratio, 0.424242424242
[[  4.  29.   2.]
 [  2.  26.   0.]
 [  7.  26.   4.]]
cf_score, 25.0
nv_score, 0.0
ratio, 0.343434343434
[[  4.  25.   3.]
 [  2.  23.   0.]
 [  3.  36.   4.]]
cf_score, 25.0
nv_score, -2.0
ratio, 0.313131313131
[[  3.  21.   3.]
 [  1.  30.   0.]
 [  9.  31.   2.]]
cf_score, 23.0
nv_score, -4.0
ratio, 0.353535353535
[[  7.  24.   2.]
 [  1.  25.   0.]
 [  5.  33.   3.]]
cf_score, 28.0
nv_score, -1.0
ratio, 0.353535353535
[[  1.  31.   2.]
 [  3.  26.   3.]
 [  5.  25.   4.]]
cf_score, 24.0
nv_score, -3.0
ratio, 0.313131313131
[[  8.  29.   3.]
 [  4.  30.   0.]
 [  2.  22.   2.]]
cf_score, 35.0
nv_score, -4.0
ratio, 0.40404040404
[[  2.  25.   7.]
 [  1.  28.   6.]
 [  5.  22.   4.]]
cf_score, 22.0
nv_score, -16.0
ratio, 0.343434343434
[[  1.  31.   5.]
 [  1.  34.   1.]
 [  3.  21.   3.]]
cf_score, 30.0
nv_score, -8.0
ratio, 0.383838383838
[[  2.  27.   8.]
 [  2.  19.   5.]
 [  3.  28.   6.]]
cf_score, 16.0
nv_score, -15.0
ratio, 0.272727272727
[[  4.  31.   1.]
 [  3.  25.   2.]
 [  6.  26.   2.]]
cf_score, 24.0
nv_score, -2.0
ratio, 0.313131313131
[[ 13.  14.   2.]
 [ 19.  19.   2.]
 [ 12.  13.   6.]]
cf_score, 24.0
nv_score, 0.0
ratio, 0.383838383838
[[ 19.  11.   5.]
 [ 11.  15.   5.]
 [ 14.  12.   8.]]
cf_score, 23.0
nv_score, -7.0
ratio, 0.424242424242
[[  3.  23.   5.]
 [  6.  33.   0.]
 [  5.  21.   4.]]
cf_score, 30.0
nv_score, -6.0
ratio, 0.40404040404
[[ 14.  19.   7.]
 [  9.  17.   3.]
 [ 13.  12.   6.]]
cf_score, 17.0
nv_score, -11.0
ratio, 0.373737373737
[[ 17.  14.   4.]
 [ 10.  17.   2.]
 [ 16.  17.   3.]]
cf_score, 17.0
nv_score, -7.0
ratio, 0.373737373737
[[ 11.  23.   4.]
 [  8.  23.   0.]
 [  8.  13.  10.]]
cf_score, 32.0
nv_score, 2.0
ratio, 0.444444444444
[[ 14.  16.   5.]
 [ 12.  25.   1.]
 [ 10.  11.   6.]]
cf_score, 30.0
nv_score, -5.0
ratio, 0.454545454545
[[  0.  14.  18.]
 [  4.  18.  16.]
 [  3.  11.  16.]]
cf_score, 13.0
nv_score, -36.0
ratio, 0.343434343434
[[  3.  24.   2.]
 [  3.  32.   6.]
 [  3.  13.  14.]]
cf_score, 44.0
nv_score, 4.0
ratio, 0.494949494949
[[  3.  12.  17.]
 [  1.  22.  12.]
 [  6.  11.  16.]]
cf_score, 18.0
nv_score, -30.0
ratio, 0.414141414141
[[  1.  16.  17.]
 [  1.  22.  16.]
 [  5.  11.  11.]]
cf_score, 12.0
nv_score, -39.0
ratio, 0.343434343434
[[  5.  12.  15.]
 [  2.  20.  15.]
 [  5.  13.  13.]]
cf_score, 18.0
nv_score, -32.0
ratio, 0.383838383838
[[  1.  17.  17.]
 [  1.  22.  12.]
 [  2.  11.  17.]]
cf_score, 21.0
nv_score, -29.0
ratio, 0.40404040404
[[  2.  11.  19.]
 [  2.  20.  13.]
 [  2.   9.  22.]]
cf_score, 23.0
nv_score, -29.0
ratio, 0.444444444444
[[  1.  16.  12.]
 [  2.  26.  13.]
 [  4.  11.  15.]]
cf_score, 26.0
nv_score, -22.0
ratio, 0.424242424242
[[  2.  17.  14.]
 [  0.  32.   6.]
 [  4.  13.  12.]]
cf_score, 28.0
nv_score, -22.0
ratio, 0.464646464646
[[  8.  13.  13.]
 [  3.  15.  16.]
 [  3.  11.  18.]]
cf_score, 25.0
nv_score, -24.0
ratio, 0.414141414141
[[  9.  21.   6.]
 [  7.  18.   5.]
 [  6.  21.   7.]]
cf_score, 22.0
nv_score, -10.0
ratio, 0.343434343434
[[  5.  23.  13.]
 [  0.  24.  11.]
 [  3.  13.   8.]]
cf_score, 21.0
nv_score, -29.0
ratio, 0.373737373737
[[  2.  11.  18.]
 [  2.  18.   8.]
 [  5.  15.  21.]]
cf_score, 18.0
nv_score, -23.0
ratio, 0.414141414141
[[  4.  13.  20.]
 [  6.  23.   7.]
 [  1.   6.  20.]]
cf_score, 26.0
nv_score, -27.0
ratio, 0.474747474747
[[  1.  14.  13.]
 [  2.  21.   9.]
 [  4.  12.  24.]]
cf_score, 29.0
nv_score, -11.0
ratio, 0.464646464646
[[  2.  11.  18.]
 [  1.  22.  14.]
 [  1.  11.  20.]]
cf_score, 25.0
nv_score, -30.0
ratio, 0.444444444444
[[ 13.  12.   6.]
 [ 12.  21.   2.]
 [ 18.  10.   6.]]
cf_score, 16.0
nv_score, -8.0
ratio, 0.40404040404
[[  1.  20.  17.]
 [  4.  17.  12.]
 [  2.  10.  17.]]
cf_score, 16.0
nv_score, -29.0
ratio, 0.353535353535
[[  1.  13.  13.]
 [  3.  21.  13.]
 [  6.   9.  21.]]
cf_score, 24.0
nv_score, -18.0
ratio, 0.434343434343
