[[ 21.   0.  11.]
 [ 22.   0.  13.]
 [ 17.   0.  16.]]
cf_score, 9.0
nv_score, -19.0
ratio, 0.373737373737
[[ 14.   7.  10.]
 [ 24.   5.   5.]
 [  7.   5.  23.]]
cf_score, 25.0
nv_score, -2.0
ratio, 0.424242424242
[[ 22.   8.   6.]
 [ 17.   2.  11.]
 [ 11.   3.  20.]]
cf_score, 27.0
nv_score, -3.0
ratio, 0.444444444444
[[ 17.  12.   3.]
 [ 20.   5.  10.]
 [  9.   8.  16.]]
cf_score, 26.0
nv_score, 0.0
ratio, 0.383838383838
[[ 12.  16.   9.]
 [ 11.   8.  13.]
 [  5.   3.  23.]]
cf_score, 29.0
nv_score, -8.0
ratio, 0.434343434343
[[ 13.  12.   7.]
 [ 11.  12.  17.]
 [  3.   7.  18.]]
cf_score, 33.0
nv_score, -13.0
ratio, 0.434343434343
[[ 10.  21.   6.]
 [ 18.   7.  10.]
 [  5.   7.  16.]]
cf_score, 22.0
nv_score, -6.0
ratio, 0.333333333333
[[  9.  19.   6.]
 [  5.  12.  12.]
 [  4.  11.  22.]]
cf_score, 33.0
nv_score, -2.0
ratio, 0.434343434343
[[  9.  18.   4.]
 [  8.  14.  14.]
 [  1.  13.  19.]]
cf_score, 37.0
nv_score, -3.0
ratio, 0.424242424242
[[  9.  18.   8.]
 [  9.  16.   8.]
 [  2.   9.  21.]]
cf_score, 36.0
nv_score, -3.0
ratio, 0.464646464646
[[ 12.  17.   4.]
 [  5.  15.  12.]
 [  4.  11.  20.]]
cf_score, 39.0
nv_score, 0.0
ratio, 0.474747474747
[[  5.  24.   7.]
 [ 12.  11.   9.]
 [  2.  12.  18.]]
cf_score, 25.0
nv_score, -5.0
ratio, 0.343434343434
[[  7.  14.   2.]
 [ 15.  12.  12.]
 [  4.  15.  19.]]
cf_score, 32.0
nv_score, 3.0
ratio, 0.383838383838
[[  8.  19.   3.]
 [ 14.  15.   7.]
 [  1.  11.  22.]]
cf_score, 41.0
nv_score, 9.0
ratio, 0.454545454545
[[  7.  19.   5.]
 [ 13.  13.  12.]
 [  3.  15.  13.]]
cf_score, 25.0
nv_score, -9.0
ratio, 0.333333333333
[[ 11.  18.  14.]
 [  6.  15.   9.]
 [  4.   8.  15.]]
cf_score, 23.0
nv_score, -22.0
ratio, 0.414141414141
[[  6.  20.   8.]
 [  7.  13.  11.]
 [  3.  11.  21.]]
cf_score, 29.0
nv_score, -6.0
ratio, 0.40404040404
[[ 17.  21.   6.]
 [  5.  15.   9.]
 [  7.   6.  14.]]
cf_score, 33.0
nv_score, -7.0
ratio, 0.464646464646
[[  8.  14.   6.]
 [  6.  22.  11.]
 [  3.  12.  18.]]
cf_score, 39.0
nv_score, -5.0
ratio, 0.484848484848
[[  9.  16.   8.]
 [  5.  20.   5.]
 [  1.  12.  24.]]
cf_score, 44.0
nv_score, 3.0
ratio, 0.535353535354
[[  6.  19.   3.]
 [  9.  19.  10.]
 [  5.  12.  17.]]
cf_score, 34.0
nv_score, 1.0
ratio, 0.424242424242
[[ 12.  21.   3.]
 [  6.  12.   7.]
 [  6.   9.  24.]]
cf_score, 39.0
nv_score, 11.0
ratio, 0.484848484848
[[  7.  21.   2.]
 [ 11.  20.   7.]
 [  1.  11.  20.]]
cf_score, 44.0
nv_score, 9.0
ratio, 0.474747474747
[[  5.  17.   4.]
 [  7.  23.   9.]
 [  6.  12.  17.]]
cf_score, 35.0
nv_score, 0.0
ratio, 0.454545454545
[[ 14.  18.   4.]
 [ 10.  18.   6.]
 [  3.  14.  13.]]
cf_score, 38.0
nv_score, -1.0
ratio, 0.454545454545
[[  9.  15.   5.]
 [  9.  17.  15.]
 [  2.   9.  19.]]
cf_score, 38.0
nv_score, -6.0
ratio, 0.454545454545
[[ 14.  13.   7.]
 [  6.  18.   8.]
 [  5.  13.  16.]]
cf_score, 36.0
nv_score, -6.0
ratio, 0.484848484848
[[ 11.  25.   5.]
 [  8.  14.   8.]
 [  1.   9.  19.]]
cf_score, 38.0
nv_score, 1.0
ratio, 0.444444444444
[[  9.  19.   4.]
 [  4.  16.   5.]
 [  2.  17.  24.]]
cf_score, 43.0
nv_score, 11.0
ratio, 0.494949494949
[[  6.  22.   6.]
 [  5.  17.   5.]
 [  5.  17.  17.]]
cf_score, 29.0
nv_score, 0.0
ratio, 0.40404040404
[[  9.  20.   5.]
 [  5.  19.   7.]
 [  4.  12.  19.]]
cf_score, 38.0
nv_score, 2.0
ratio, 0.474747474747
[[ 11.  19.   5.]
 [  4.  25.  14.]
 [  1.   7.  14.]]
cf_score, 44.0
nv_score, -10.0
ratio, 0.505050505051
[[  4.  25.   3.]
 [  6.  15.   9.]
 [  1.  12.  25.]]
cf_score, 40.0
nv_score, 10.0
ratio, 0.444444444444
[[  7.  21.   8.]
 [ 10.  13.   8.]
 [  3.  12.  18.]]
cf_score, 27.0
nv_score, -6.0
ratio, 0.383838383838
[[  6.  15.   4.]
 [  7.  16.  10.]
 [  5.  14.  23.]]
cf_score, 36.0
nv_score, 5.0
ratio, 0.454545454545
[[ 11.  17.   3.]
 [  9.  15.   9.]
 [  4.  13.  19.]]
cf_score, 38.0
nv_score, 4.0
ratio, 0.454545454545
[[ 12.  10.   4.]
 [ 10.  20.  10.]
 [  3.  13.  18.]]
cf_score, 43.0
nv_score, 0.0
ratio, 0.505050505051
[[ 12.  21.   1.]
 [  9.  19.   8.]
 [  3.  13.  14.]]
cf_score, 41.0
nv_score, 4.0
ratio, 0.454545454545
[[  8.  23.   5.]
 [  6.  21.   9.]
 [  3.  12.  13.]]
cf_score, 34.0
nv_score, -6.0
ratio, 0.424242424242
[[  3.  24.   7.]
 [ 11.  14.   8.]
 [  4.  12.  17.]]
cf_score, 23.0
nv_score, -5.0
ratio, 0.343434343434
[[  7.  22.   1.]
 [  7.  21.  11.]
 [  7.  14.  10.]]
cf_score, 30.0
nv_score, -3.0
ratio, 0.383838383838
[[ 11.  16.   5.]
 [  8.  16.  13.]
 [  2.  10.  19.]]
cf_score, 39.0
nv_score, -4.0
ratio, 0.464646464646
[[  9.  18.   3.]
 [  7.  21.  12.]
 [  1.  12.  17.]]
cf_score, 43.0
nv_score, -1.0
ratio, 0.474747474747
[[  7.  22.   4.]
 [  6.  25.  10.]
 [  2.  12.  12.]]
cf_score, 38.0
nv_score, -6.0
ratio, 0.444444444444
[[ 11.  20.   4.]
 [  7.  16.  10.]
 [  2.  14.  16.]]
cf_score, 37.0
nv_score, -2.0
ratio, 0.434343434343
[[ 10.  23.   7.]
 [  6.  17.   5.]
 [  0.  13.  19.]]
cf_score, 39.0
nv_score, 0.0
ratio, 0.464646464646
[[  8.  15.   8.]
 [ 12.  24.   8.]
 [  1.   7.  17.]]
cf_score, 40.0
nv_score, -7.0
ratio, 0.494949494949
[[  5.  18.   8.]
 [  5.  20.   9.]
 [  0.  17.  18.]]
cf_score, 35.0
nv_score, -7.0
ratio, 0.434343434343
[[  6.  21.   3.]
 [  8.  18.   9.]
 [  1.  13.  21.]]
cf_score, 41.0
nv_score, 6.0
ratio, 0.454545454545
[[  7.  12.   7.]
 [  9.  19.   7.]
 [  1.  14.  24.]]
cf_score, 42.0
nv_score, 3.0
ratio, 0.505050505051
