[[ 24.   0.   7.]
 [ 28.   1.   8.]
 [ 11.   1.  20.]]
cf_score, 27.0
ratio, 0.454545454545
[[ 23.   0.   6.]
 [ 18.   1.  13.]
 [ 26.   0.  13.]]
cf_score, 5.0
ratio, 0.373737373737
[[ 22.   0.   1.]
 [ 30.   0.   5.]
 [ 28.   0.  14.]]
cf_score, 7.0
ratio, 0.363636363636
[[ 32.   0.   4.]
 [ 19.   0.   5.]
 [ 22.   0.  18.]]
cf_score, 24.0
ratio, 0.505050505051
[[ 22.   6.   1.]
 [ 23.   6.   4.]
 [ 16.   0.  22.]]
cf_score, 33.0
ratio, 0.505050505051
[[ 16.   8.  11.]
 [ 16.  11.   5.]
 [ 13.   7.  13.]]
cf_score, 16.0
ratio, 0.40404040404
[[ 15.  16.  10.]
 [ 10.   9.   7.]
 [ 12.   7.  14.]]
cf_score, 16.0
ratio, 0.383838383838
[[ 12.   9.  13.]
 [ 15.  10.   6.]
 [ 11.  11.  13.]]
cf_score, 11.0
ratio, 0.353535353535
[[ 15.  13.  11.]
 [  8.  10.  11.]
 [ 10.   7.  15.]]
cf_score, 19.0
ratio, 0.40404040404
[[ 16.  10.   9.]
 [ 10.   9.  12.]
 [ 25.   1.   8.]]
cf_score, -1.0
ratio, 0.333333333333
[[  9.  11.  10.]
 [ 15.  14.   3.]
 [ 13.   7.  18.]]
cf_score, 18.0
ratio, 0.414141414141
[[ 16.   7.  17.]
 [  8.  11.  10.]
 [ 11.   2.  18.]]
cf_score, 17.0
ratio, 0.454545454545
[[ 16.  14.  11.]
 [ 11.   3.   6.]
 [ 16.   4.  19.]]
cf_score, 11.0
ratio, 0.383838383838
[[ 13.   7.   8.]
 [ 21.   8.  10.]
 [ 17.   0.  16.]]
cf_score, 12.0
ratio, 0.373737373737
[[  9.   9.   2.]
 [ 16.  21.  12.]
 [ 13.   7.  11.]]
cf_score, 26.0
ratio, 0.414141414141
[[ 12.   8.  16.]
 [ 14.   4.   6.]
 [ 19.   5.  16.]]
cf_score, -3.0
ratio, 0.323232323232
[[ 22.   6.   7.]
 [ 21.   5.   8.]
 [ 13.   2.  16.]]
cf_score, 23.0
ratio, 0.434343434343
[[ 14.   3.  13.]
 [ 16.  10.  11.]
 [ 12.   2.  19.]]
cf_score, 18.0
ratio, 0.434343434343
[[ 17.   3.  15.]
 [ 16.   4.  17.]
 [ 11.   1.  16.]]
cf_score, 11.0
ratio, 0.373737373737
[[ 18.   7.  13.]
 [  8.   6.  11.]
 [ 20.   2.  15.]]
cf_score, 6.0
ratio, 0.393939393939
[[ 10.   7.   8.]
 [ 13.   8.  14.]
 [ 17.   1.  22.]]
cf_score, 15.0
ratio, 0.40404040404
[[ 12.   6.  11.]
 [ 15.   4.  11.]
 [ 12.   1.  28.]]
cf_score, 21.0
ratio, 0.444444444444
[[ 18.  11.  13.]
 [ 12.   8.  11.]
 [ 15.   1.  11.]]
cf_score, 9.0
ratio, 0.373737373737
[[ 22.   6.  11.]
 [ 18.   8.   7.]
 [  9.   3.  16.]]
cf_score, 26.0
ratio, 0.464646464646
[[ 18.   6.   9.]
 [ 22.   2.  16.]
 [ 11.   1.  15.]]
cf_score, 15.0
ratio, 0.353535353535
[[ 16.   1.  14.]
 [ 24.   2.  16.]
 [  8.   2.  17.]]
cf_score, 13.0
ratio, 0.353535353535
[[ 16.   4.  16.]
 [ 26.   2.  13.]
 [ 10.   1.  12.]]
cf_score, 4.0
ratio, 0.30303030303
[[ 33.   1.  10.]
 [ 11.   1.   5.]
 [ 22.   0.  17.]]
cf_score, 19.0
ratio, 0.515151515152
[[ 22.   4.  12.]
 [ 17.   2.   8.]
 [ 12.   2.  21.]]
cf_score, 21.0
ratio, 0.454545454545
[[ 18.   0.  11.]
 [ 22.   1.  16.]
 [ 10.   0.  22.]]
cf_score, 20.0
ratio, 0.414141414141
[[ 20.   3.   9.]
 [ 17.   4.  15.]
 [  8.   3.  21.]]
cf_score, 28.0
ratio, 0.454545454545
[[ 21.   4.   7.]
 [ 16.  11.   6.]
 [ 13.   3.  19.]]
cf_score, 31.0
ratio, 0.515151515152
[[  7.   0.  12.]
 [ 24.   0.  13.]
 [ 22.   3.  19.]]
cf_score, -8.0
ratio, 0.262626262626
[[ 24.   0.  13.]
 [ 19.   0.   6.]
 [ 20.   1.  17.]]
cf_score, 8.0
ratio, 0.414141414141
[[ 19.   1.  16.]
 [ 22.   3.  14.]
 [ 13.   2.  10.]]
cf_score, 3.0
ratio, 0.323232323232
[[ 20.   1.  11.]
 [ 22.   1.   8.]
 [ 14.   4.  19.]]
cf_score, 15.0
ratio, 0.40404040404
[[ 24.   0.  11.]
 [ 26.   0.  11.]
 [ 13.   1.  14.]]
cf_score, 14.0
ratio, 0.383838383838
[[ 23.   1.   7.]
 [ 27.   0.   7.]
 [ 19.   1.  15.]]
cf_score, 12.0
ratio, 0.383838383838
[[ 19.   2.  15.]
 [ 29.   1.   9.]
 [  9.   1.  15.]]
cf_score, 11.0
ratio, 0.353535353535
[[ 27.   1.  10.]
 [ 21.   0.  12.]
 [ 16.   0.  13.]]
cf_score, 14.0
ratio, 0.40404040404
[[ 18.   0.  12.]
 [ 17.   1.   7.]
 [ 21.   0.  24.]]
cf_score, 10.0
ratio, 0.434343434343
[[ 20.   4.  15.]
 [ 26.   1.   5.]
 [ 18.   0.  11.]]
cf_score, -1.0
ratio, 0.323232323232
[[ 23.   1.  10.]
 [ 26.   4.   5.]
 [ 15.   4.  12.]]
cf_score, 14.0
ratio, 0.393939393939
[[ 16.   6.  18.]
 [ 15.   3.   8.]
 [ 16.   2.  16.]]
cf_score, 1.0
ratio, 0.353535353535
[[ 17.   1.  14.]
 [ 23.   2.  15.]
 [  9.   1.  18.]]
cf_score, 14.0
ratio, 0.373737373737
[[ 12.   0.  18.]
 [ 18.   3.  14.]
 [ 11.   1.  23.]]
cf_score, 9.0
ratio, 0.383838383838
[[ 15.   3.  10.]
 [ 17.   5.   8.]
 [ 16.   2.  24.]]
cf_score, 18.0
ratio, 0.444444444444
[[ 18.   3.  10.]
 [ 27.   1.   7.]
 [ 16.   2.  16.]]
cf_score, 9.0
ratio, 0.353535353535
[[ 26.   4.  11.]
 [ 18.   5.   6.]
 [ 21.   2.   7.]]
cf_score, 6.0
ratio, 0.383838383838
[[ 20.   0.   8.]
 [ 22.   2.  12.]
 [ 13.   3.  20.]]
cf_score, 21.0
ratio, 0.424242424242
[[ 19.   2.   7.]
 [ 17.   7.  10.]
 [ 15.   2.  21.]]
cf_score, 25.0
ratio, 0.474747474747
[[ 29.   6.   8.]
 [ 17.   6.   7.]
 [ 13.   3.  11.]]
cf_score, 25.0
ratio, 0.464646464646
[[ 21.   6.  10.]
 [ 19.   9.   6.]
 [ 14.   4.  11.]]
cf_score, 17.0
ratio, 0.414141414141
[[ 12.   6.   3.]
 [ 20.  13.   8.]
 [ 17.   5.  16.]]
cf_score, 21.0
ratio, 0.414141414141
[[ 15.   2.  17.]
 [ 21.   1.  14.]
 [ 11.   2.  17.]]
cf_score, 5.0
ratio, 0.333333333333
[[ 18.   0.  12.]
 [ 23.   1.  14.]
 [ 11.   2.  19.]]
cf_score, 15.0
ratio, 0.383838383838
[[ 23.   3.   5.]
 [ 17.   8.   6.]
 [ 18.   2.  18.]]
cf_score, 26.0
ratio, 0.494949494949
[[ 27.   5.   8.]
 [ 13.   4.  11.]
 [ 10.   2.  20.]]
cf_score, 33.0
ratio, 0.515151515152
[[ 11.  11.   6.]
 [ 13.  11.  14.]
 [ 11.   3.  20.]]
cf_score, 25.0
ratio, 0.424242424242
[[ 18.   7.  14.]
 [ 17.   7.   5.]
 [ 14.   3.  15.]]
cf_score, 12.0
ratio, 0.40404040404
[[ 17.   5.   7.]
 [  9.   8.  12.]
 [ 16.   4.  22.]]
cf_score, 24.0
ratio, 0.474747474747
[[ 19.   7.   6.]
 [ 11.   9.  11.]
 [ 20.   4.  13.]]
cf_score, 15.0
ratio, 0.414141414141
[[ 19.   4.   6.]
 [ 15.   9.   7.]
 [ 18.   5.  17.]]
cf_score, 21.0
ratio, 0.454545454545
[[ 21.   7.  10.]
 [ 15.   8.   9.]
 [ 13.   1.  16.]]
cf_score, 22.0
ratio, 0.454545454545
[[ 15.   8.   9.]
 [  9.  13.  11.]
 [ 19.   4.  12.]]
cf_score, 12.0
ratio, 0.40404040404
[[ 16.   4.  13.]
 [ 21.   8.   6.]
 [ 11.   3.  18.]]
cf_score, 18.0
ratio, 0.424242424242
[[  7.   5.  20.]
 [ 16.   7.  15.]
 [ 14.   3.  13.]]
cf_score, -7.0
ratio, 0.272727272727
[[ 17.   5.   8.]
 [ 19.  14.   3.]
 [ 14.   3.  17.]]
cf_score, 26.0
ratio, 0.484848484848
[[ 16.   3.  11.]
 [ 19.   7.  13.]
 [  9.   3.  19.]]
cf_score, 22.0
ratio, 0.424242424242
[[ 10.   4.  17.]
 [ 16.   5.  14.]
 [ 11.   3.  20.]]
cf_score, 7.0
ratio, 0.353535353535
[[ 13.   4.  12.]
 [ 18.  11.  11.]
 [ 10.   2.  19.]]
cf_score, 21.0
ratio, 0.434343434343
[[ 10.   7.   7.]
 [ 10.   9.  14.]
 [ 19.   3.  21.]]
cf_score, 14.0
ratio, 0.40404040404
[[ 19.   8.   8.]
 [ 16.   8.   5.]
 [ 16.   5.  15.]]
cf_score, 18.0
ratio, 0.424242424242
[[ 13.  12.   7.]
 [ 16.  15.   5.]
 [ 13.   3.  16.]]
cf_score, 24.0
ratio, 0.444444444444
[[ 16.   7.  13.]
 [ 12.   8.  12.]
 [ 13.   1.  18.]]
cf_score, 16.0
ratio, 0.424242424242
[[ 13.   3.  11.]
 [ 16.   7.  15.]
 [  9.   4.  22.]]
cf_score, 22.0
ratio, 0.424242424242
[[ 16.   4.  11.]
 [ 16.  12.  10.]
 [ 11.   5.  15.]]
cf_score, 21.0
ratio, 0.434343434343
[[ 14.  11.   5.]
 [ 12.  16.   9.]
 [ 14.   4.  15.]]
cf_score, 26.0
ratio, 0.454545454545
[[ 13.   3.  11.]
 [ 19.   7.  10.]
 [ 11.   4.  22.]]
cf_score, 20.0
ratio, 0.424242424242
[[ 12.   8.  12.]
 [ 14.   7.  10.]
 [ 18.   9.  10.]]
cf_score, -1.0
ratio, 0.292929292929
[[ 15.   8.  10.]
 [ 15.  10.   6.]
 [ 18.   5.  13.]]
cf_score, 10.0
ratio, 0.383838383838
[[  9.  13.  16.]
 [  9.  14.   5.]
 [ 17.   1.  16.]]
cf_score, 6.0
ratio, 0.393939393939
[[ 19.   8.   7.]
 [ 12.   8.  11.]
 [ 13.   3.  19.]]
cf_score, 26.0
ratio, 0.464646464646
[[ 14.   7.   9.]
 [ 21.  13.  10.]
 [ 11.   2.  13.]]
cf_score, 20.0
ratio, 0.40404040404
[[ 13.   8.   4.]
 [ 17.  11.   7.]
 [ 22.   7.  11.]]
cf_score, 9.0
ratio, 0.353535353535
[[ 14.   7.   9.]
 [ 12.  12.   9.]
 [ 16.   6.  15.]]
cf_score, 16.0
ratio, 0.414141414141
[[ 15.   5.  12.]
 [ 13.  11.  20.]
 [  7.   2.  15.]]
cf_score, 22.0
ratio, 0.414141414141
[[ 13.   6.  12.]
 [ 10.  15.   7.]
 [ 12.   4.  21.]]
cf_score, 25.0
ratio, 0.494949494949
[[ 16.   5.  12.]
 [ 11.   5.  11.]
 [ 12.   4.  24.]]
cf_score, 21.0
ratio, 0.454545454545
[[ 21.   1.  21.]
 [ 14.   4.   9.]
 [  7.   3.  20.]]
cf_score, 17.0
ratio, 0.454545454545
[[ 12.  12.   7.]
 [ 22.  16.   6.]
 [ 16.   1.   8.]]
cf_score, 13.0
ratio, 0.363636363636
[[ 15.   3.  16.]
 [ 10.   9.   4.]
 [ 19.   2.  22.]]
cf_score, 11.0
ratio, 0.464646464646
[[ 14.   9.   6.]
 [ 12.  15.  12.]
 [ 12.   8.  12.]]
cf_score, 23.0
ratio, 0.414141414141
[[ 12.   6.  11.]
 [ 14.  10.  10.]
 [ 19.   0.  18.]]
cf_score, 10.0
ratio, 0.40404040404
[[ 12.   6.  13.]
 [ 20.   7.   4.]
 [ 13.   3.  22.]]
cf_score, 15.0
ratio, 0.414141414141
[[  8.  16.   6.]
 [ 13.  10.   6.]
 [ 15.   6.  20.]]
cf_score, 17.0
ratio, 0.383838383838
[[ 14.   4.  11.]
 [ 17.  13.   8.]
 [ 13.   3.  17.]]
cf_score, 20.0
ratio, 0.444444444444
[[  9.   7.  17.]
 [ 16.   8.  10.]
 [ 11.   2.  20.]]
cf_score, 9.0
ratio, 0.373737373737
[[ 16.   9.  10.]
 [ 11.  14.   8.]
 [ 17.   2.  13.]]
cf_score, 16.0
ratio, 0.434343434343
[[ 16.   8.  18.]
 [ 11.   8.  10.]
 [  9.   4.  16.]]
cf_score, 13.0
ratio, 0.40404040404
