[[ 12.   0.  19.]
 [ 13.   0.  20.]
 [  9.   0.  27.]]
cf_score, 11.0
nv_score, -31.0
ratio, 0.393939393939
[[ 34.   0.   3.]
 [ 31.   0.   9.]
 [ 16.   0.   7.]]
cf_score, 22.0
nv_score, -8.0
ratio, 0.414141414141
[[ 29.   0.   6.]
 [ 26.   0.   4.]
 [ 19.   0.  16.]]
cf_score, 20.0
nv_score, 0.0
ratio, 0.454545454545
[[ 21.   0.   1.]
 [ 27.   0.  13.]
 [ 22.   0.  16.]]
cf_score, 14.0
nv_score, 1.0
ratio, 0.373737373737
[[ 23.   0.   4.]
 [ 30.   0.   8.]
 [ 20.   0.  15.]]
cf_score, 14.0
nv_score, -1.0
ratio, 0.383838383838
[[ 31.   0.   3.]
 [ 29.   0.  14.]
 [ 13.   0.  10.]]
cf_score, 25.0
nv_score, -10.0
ratio, 0.414141414141
[[ 15.   0.   4.]
 [ 28.   0.  11.]
 [ 21.   0.  21.]]
cf_score, 11.0
nv_score, 2.0
ratio, 0.363636363636
[[ 26.   0.   5.]
 [ 35.   2.   8.]
 [ 17.   0.   7.]]
cf_score, 13.0
nv_score, -11.0
ratio, 0.353535353535
[[ 28.   0.   6.]
 [ 20.   2.  16.]
 [ 13.   2.  13.]]
cf_score, 24.0
nv_score, -15.0
ratio, 0.434343434343
[[ 34.   2.   4.]
 [ 25.   1.   4.]
 [ 14.   3.  13.]]
cf_score, 30.0
nv_score, 1.0
ratio, 0.484848484848
[[ 30.   1.   3.]
 [ 23.   1.   7.]
 [ 19.   1.  15.]]
cf_score, 24.0
nv_score, 2.0
ratio, 0.464646464646
[[ 30.   0.   5.]
 [ 25.   1.   8.]
 [ 14.   2.  15.]]
cf_score, 27.0
nv_score, -3.0
ratio, 0.464646464646
[[ 21.   0.   4.]
 [ 33.   3.   8.]
 [ 11.   6.  14.]]
cf_score, 23.0
nv_score, -2.0
ratio, 0.383838383838
[[ 25.   4.   5.]
 [ 25.   1.   8.]
 [ 12.   6.  14.]]
cf_score, 23.0
nv_score, -4.0
ratio, 0.40404040404
[[ 25.   4.   7.]
 [ 29.   4.   9.]
 [ 11.   1.  10.]]
cf_score, 21.0
nv_score, -13.0
ratio, 0.393939393939
[[ 18.   5.   6.]
 [ 27.   4.   9.]
 [ 12.   2.  17.]]
cf_score, 21.0
nv_score, -4.0
ratio, 0.393939393939
[[ 25.   0.   4.]
 [ 29.   1.   6.]
 [ 14.   2.  19.]]
cf_score, 27.0
nv_score, 5.0
ratio, 0.454545454545
[[ 17.   7.   6.]
 [ 30.   7.   6.]
 [ 10.   2.  15.]]
cf_score, 23.0
nv_score, -3.0
ratio, 0.393939393939
[[ 15.   7.   8.]
 [ 23.   5.   6.]
 [ 20.   5.  11.]]
cf_score, 3.0
nv_score, -11.0
ratio, 0.313131313131
[[ 29.   1.   6.]
 [ 25.   1.   3.]
 [ 13.   3.  19.]]
cf_score, 30.0
nv_score, 4.0
ratio, 0.494949494949
[[ 21.   6.   6.]
 [ 22.   3.  11.]
 [ 15.   4.  12.]]
cf_score, 15.0
nv_score, -11.0
ratio, 0.363636363636
[[ 17.   8.   9.]
 [ 24.   6.   7.]
 [  7.   5.  17.]]
cf_score, 24.0
nv_score, -8.0
ratio, 0.40404040404
[[ 19.   1.   6.]
 [ 29.   6.   7.]
 [ 16.   4.  12.]]
cf_score, 15.0
nv_score, -7.0
ratio, 0.373737373737
[[ 18.   7.   8.]
 [ 21.  10.  10.]
 [ 13.   7.   6.]]
cf_score, 13.0
nv_score, -20.0
ratio, 0.343434343434
[[ 25.   4.   8.]
 [ 24.   1.   5.]
 [ 12.   4.  17.]]
cf_score, 23.0
nv_score, -4.0
ratio, 0.434343434343
[[ 21.   2.   5.]
 [ 17.   8.  16.]
 [ 14.   2.  15.]]
cf_score, 25.0
nv_score, -11.0
ratio, 0.444444444444
[[ 13.  12.   3.]
 [ 28.   6.   7.]
 [ 15.   2.  14.]]
cf_score, 15.0
nv_score, 1.0
ratio, 0.333333333333
[[ 19.   6.   2.]
 [ 24.   6.  10.]
 [ 15.   4.  14.]]
cf_score, 22.0
nv_score, 0.0
ratio, 0.393939393939
[[ 22.   9.   3.]
 [ 17.   9.   8.]
 [ 15.   6.  11.]]
cf_score, 24.0
nv_score, -3.0
ratio, 0.424242424242
[[ 17.  10.   6.]
 [ 19.   9.  10.]
 [ 10.   8.  11.]]
cf_score, 21.0
nv_score, -11.0
ratio, 0.373737373737
[[ 19.  10.   2.]
 [ 25.  11.   8.]
 [ 12.   3.  10.]]
cf_score, 26.0
nv_score, -2.0
ratio, 0.40404040404
[[ 21.   5.   5.]
 [ 29.   1.  11.]
 [  9.   4.  15.]]
cf_score, 23.0
nv_score, -6.0
ratio, 0.373737373737
[[ 19.   7.   5.]
 [ 18.   8.   8.]
 [ 13.   8.  14.]]
cf_score, 23.0
nv_score, -4.0
ratio, 0.414141414141
[[ 27.   9.   6.]
 [ 22.   6.   3.]
 [  6.   4.  17.]]
cf_score, 38.0
nv_score, 2.0
ratio, 0.505050505051
[[ 23.   5.  11.]
 [ 19.   3.   7.]
 [ 11.   5.  16.]]
cf_score, 20.0
nv_score, -13.0
ratio, 0.424242424242
[[ 24.   9.   6.]
 [ 19.   9.   5.]
 [ 10.   6.  12.]]
cf_score, 29.0
nv_score, -5.0
ratio, 0.454545454545
[[ 16.   8.  12.]
 [ 20.  11.   6.]
 [ 10.   4.  13.]]
cf_score, 18.0
nv_score, -17.0
ratio, 0.40404040404
[[ 16.  11.   4.]
 [ 22.  10.  11.]
 [ 11.   4.  11.]]
cf_score, 22.0
nv_score, -8.0
ratio, 0.373737373737
[[ 22.  10.   3.]
 [ 13.  11.  10.]
 [ 15.   4.  12.]]
cf_score, 27.0
nv_score, -4.0
ratio, 0.454545454545
[[ 10.  10.   5.]
 [ 25.  14.   4.]
 [ 13.   2.  17.]]
cf_score, 23.0
nv_score, 3.0
ratio, 0.414141414141
[[ 23.  15.   3.]
 [ 14.  15.   8.]
 [  4.   3.  15.]]
cf_score, 46.0
nv_score, 1.0
ratio, 0.535353535354
[[ 13.   9.   3.]
 [ 30.   8.   8.]
 [ 12.   4.  13.]]
cf_score, 19.0
nv_score, -1.0
ratio, 0.343434343434
[[ 28.   8.   7.]
 [ 19.   3.   6.]
 [ 12.   5.  12.]]
cf_score, 24.0
nv_score, -8.0
ratio, 0.434343434343
[[ 22.   2.   5.]
 [ 17.  11.   9.]
 [ 10.   3.  21.]]
cf_score, 39.0
nv_score, 2.0
ratio, 0.545454545455
[[ 16.  15.   7.]
 [ 13.  12.   7.]
 [ 11.   2.  17.]]
cf_score, 27.0
nv_score, -4.0
ratio, 0.454545454545
[[ 21.   5.   3.]
 [ 28.   7.  12.]
 [ 11.   2.  11.]]
cf_score, 25.0
nv_score, -7.0
ratio, 0.393939393939
[[ 21.   9.   7.]
 [ 13.  11.   8.]
 [ 14.   3.  14.]]
cf_score, 25.0
nv_score, -8.0
ratio, 0.464646464646
[[ 15.  10.   7.]
 [ 21.  10.   6.]
 [ 15.   3.  13.]]
cf_score, 16.0
nv_score, -7.0
ratio, 0.383838383838
[[ 20.   9.   6.]
 [ 17.   5.   8.]
 [ 13.   7.  15.]]
cf_score, 21.0
nv_score, -5.0
ratio, 0.40404040404
[[ 12.  10.   8.]
 [ 17.  11.  13.]
 [  9.   4.  16.]]
cf_score, 22.0
nv_score, -13.0
ratio, 0.393939393939
