[[  9.   0.  28.]
 [ 11.   0.  34.]
 [  4.   0.  14.]]
cf_score, -9.0
nv_score, -76.0
ratio, 0.232323232323
[[ 23.   0.   9.]
 [ 33.   0.  11.]
 [ 12.   0.  12.]]
cf_score, 14.0
nv_score, -17.0
ratio, 0.353535353535
[[ 25.   0.  10.]
 [ 28.   0.   8.]
 [ 15.   0.  14.]]
cf_score, 14.0
nv_score, -14.0
ratio, 0.393939393939
[[ 26.   0.  13.]
 [ 29.   0.  12.]
 [ 13.   0.   7.]]
cf_score, 7.0
nv_score, -31.0
ratio, 0.333333333333
[[ 27.   0.  12.]
 [ 27.   0.  17.]
 [  9.   0.   8.]]
cf_score, 14.0
nv_score, -33.0
ratio, 0.353535353535
[[ 28.   0.  10.]
 [ 29.   0.   6.]
 [  9.   0.  18.]]
cf_score, 27.0
nv_score, -8.0
ratio, 0.464646464646
[[ 22.   0.   8.]
 [ 28.   0.  13.]
 [ 12.   0.  17.]]
cf_score, 19.0
nv_score, -12.0
ratio, 0.393939393939
[[ 21.   0.   8.]
 [ 31.   0.  15.]
 [  4.   0.  21.]]
cf_score, 30.0
nv_score, -10.0
ratio, 0.424242424242
[[ 16.   0.   9.]
 [ 25.   0.  16.]
 [ 13.   0.  21.]]
cf_score, 15.0
nv_score, -13.0
ratio, 0.373737373737
[[ 19.   0.  13.]
 [ 25.   0.  17.]
 [ 11.   0.  15.]]
cf_score, 10.0
nv_score, -28.0
ratio, 0.343434343434
[[ 26.   0.  10.]
 [ 24.   0.   9.]
 [ 15.   0.  16.]]
cf_score, 17.0
nv_score, -13.0
ratio, 0.424242424242
[[ 29.   0.   7.]
 [ 24.   0.  12.]
 [ 13.   0.  15.]]
cf_score, 24.0
nv_score, -11.0
ratio, 0.444444444444
[[ 20.   0.  16.]
 [ 25.   0.  14.]
 [ 11.   0.  14.]]
cf_score, 7.0
nv_score, -32.0
ratio, 0.343434343434
[[ 17.   0.  10.]
 [ 28.   0.  18.]
 [ 11.   0.  16.]]
cf_score, 12.0
nv_score, -22.0
ratio, 0.333333333333
[[ 25.   0.  12.]
 [ 25.   0.  15.]
 [ 14.   0.   9.]]
cf_score, 8.0
nv_score, -30.0
ratio, 0.343434343434
[[ 22.   0.  11.]
 [ 32.   0.  13.]
 [  8.   0.  14.]]
cf_score, 17.0
nv_score, -21.0
ratio, 0.363636363636
[[ 10.   0.  19.]
 [ 31.   0.  25.]
 [  6.   0.   9.]]
cf_score, -6.0
nv_score, -54.0
ratio, 0.191919191919
[[ 24.   0.  13.]
 [ 23.   0.  11.]
 [ 17.   0.  12.]]
cf_score, 6.0
nv_score, -25.0
ratio, 0.363636363636
[[ 20.   0.   7.]
 [ 31.   0.  17.]
 [ 12.   0.  13.]]
cf_score, 14.0
nv_score, -18.0
ratio, 0.333333333333
[[ 26.   0.  11.]
 [ 25.   0.  17.]
 [  8.   0.  13.]]
cf_score, 20.0
nv_score, -26.0
ratio, 0.393939393939
[[ 25.   0.   9.]
 [ 32.   0.  12.]
 [  9.   0.  13.]]
cf_score, 20.0
nv_score, -17.0
ratio, 0.383838383838
[[ 28.   0.  10.]
 [ 24.   1.  10.]
 [ 13.   0.  14.]]
cf_score, 20.0
nv_score, -16.0
ratio, 0.434343434343
[[ 32.   0.   7.]
 [ 29.   0.   8.]
 [ 14.   0.  10.]]
cf_score, 21.0
nv_score, -12.0
ratio, 0.424242424242
[[ 26.   0.   9.]
 [ 26.   0.  11.]
 [ 15.   0.  13.]]
cf_score, 15.0
nv_score, -16.0
ratio, 0.393939393939
[[ 26.   2.  10.]
 [ 28.   0.  12.]
 [  7.   0.  15.]]
cf_score, 24.0
nv_score, -17.0
ratio, 0.414141414141
[[ 18.   0.  11.]
 [ 36.   0.  10.]
 [ 15.   0.  10.]]
cf_score, 2.0
nv_score, -22.0
ratio, 0.282828282828
[[ 21.   2.  12.]
 [ 28.   0.  15.]
 [ 10.   0.  12.]]
cf_score, 11.0
nv_score, -27.0
ratio, 0.333333333333
[[ 24.   0.   9.]
 [ 29.   1.   8.]
 [ 12.   0.  17.]]
cf_score, 21.0
nv_score, -9.0
ratio, 0.424242424242
[[ 25.   0.  11.]
 [ 20.   1.  14.]
 [ 11.   0.  18.]]
cf_score, 22.0
nv_score, -18.0
ratio, 0.444444444444
[[ 24.   2.   7.]
 [ 22.   2.  11.]
 [ 14.   0.  18.]]
cf_score, 23.0
nv_score, -7.0
ratio, 0.444444444444
[[ 28.   0.   8.]
 [ 23.   0.  16.]
 [  9.   0.  16.]]
cf_score, 27.0
nv_score, -16.0
ratio, 0.444444444444
[[ 17.   0.  11.]
 [ 31.   0.  17.]
 [  6.   0.  18.]]
cf_score, 18.0
nv_score, -21.0
ratio, 0.353535353535
[[ 21.   3.  10.]
 [ 25.   0.  15.]
 [ 11.   0.  15.]]
cf_score, 15.0
nv_score, -20.0
ratio, 0.363636363636
[[ 23.   1.   8.]
 [ 26.   0.  12.]
 [ 15.   0.  15.]]
cf_score, 15.0
nv_score, -13.0
ratio, 0.383838383838
[[ 21.   3.   8.]
 [ 22.   0.  16.]
 [ 15.   0.  15.]]
cf_score, 13.0
nv_score, -17.0
ratio, 0.363636363636
[[ 29.   1.  10.]
 [ 24.   1.  13.]
 [  9.   0.  13.]]
cf_score, 24.0
nv_score, -20.0
ratio, 0.434343434343
[[ 28.   0.   8.]
 [ 25.   1.  13.]
 [  8.   0.  17.]]
cf_score, 30.0
nv_score, -12.0
ratio, 0.464646464646
[[ 16.   6.  12.]
 [ 23.   1.  12.]
 [ 15.   0.  15.]]
cf_score, 5.0
nv_score, -21.0
ratio, 0.323232323232
[[ 20.   5.   9.]
 [ 21.   0.  16.]
 [ 12.   0.  17.]]
cf_score, 16.0
nv_score, -17.0
ratio, 0.373737373737
[[ 22.   0.  13.]
 [ 19.   1.   9.]
 [ 15.   0.  21.]]
cf_score, 16.0
nv_score, -14.0
ratio, 0.444444444444
[[ 19.   0.  10.]
 [ 27.   0.  14.]
 [ 11.   0.  19.]]
cf_score, 17.0
nv_score, -15.0
ratio, 0.383838383838
[[ 20.   3.   9.]
 [ 28.   0.  14.]
 [  7.   0.  19.]]
cf_score, 23.0
nv_score, -13.0
ratio, 0.393939393939
[[ 21.   0.  14.]
 [ 26.   1.  10.]
 [ 11.   0.  17.]]
cf_score, 14.0
nv_score, -21.0
ratio, 0.393939393939
[[ 17.   2.   9.]
 [ 27.   1.  19.]
 [ 11.   0.  14.]]
cf_score, 12.0
nv_score, -23.0
ratio, 0.323232323232
[[ 19.   2.   9.]
 [ 35.   4.   4.]
 [ 11.   0.  16.]]
cf_score, 19.0
nv_score, -6.0
ratio, 0.393939393939
[[ 18.   2.  13.]
 [ 30.   1.  13.]
 [ 10.   0.  13.]]
cf_score, 9.0
nv_score, -26.0
ratio, 0.323232323232
[[ 19.   1.  10.]
 [ 29.   0.  18.]
 [  7.   0.  16.]]
cf_score, 18.0
nv_score, -22.0
ratio, 0.353535353535
[[ 22.   1.   9.]
 [ 37.   0.   3.]
 [ 12.   0.  16.]]
cf_score, 17.0
nv_score, -5.0
ratio, 0.383838383838
[[ 27.   1.   8.]
 [ 26.   0.  13.]
 [ 10.   0.  15.]]
cf_score, 24.0
nv_score, -14.0
ratio, 0.424242424242
[[ 21.   0.  11.]
 [ 28.   0.  12.]
 [ 14.   0.  14.]]
cf_score, 10.0
nv_score, -20.0
ratio, 0.353535353535
