[[ 17.   1.  15.]
 [ 16.   1.  12.]
 [ 11.   2.  25.]]
cf_score, 17.0
nv_score, -17.0
ratio, 0.434343434343
[[ 14.   5.  13.]
 [ 19.   1.  19.]
 [ 10.   3.  16.]]
cf_score, 8.0
nv_score, -29.0
ratio, 0.313131313131
[[ 24.   1.  11.]
 [ 23.   3.   6.]
 [ 13.   3.  16.]]
cf_score, 19.0
nv_score, -12.0
ratio, 0.434343434343
[[ 22.   3.  12.]
 [ 16.   1.  18.]
 [  4.   7.  17.]]
cf_score, 24.0
nv_score, -25.0
ratio, 0.40404040404
[[ 25.   4.   8.]
 [ 17.   3.  10.]
 [  7.   3.  23.]]
cf_score, 36.0
nv_score, -3.0
ratio, 0.515151515152
[[ 21.   2.   7.]
 [ 19.   0.  15.]
 [ 13.   2.  21.]]
cf_score, 22.0
nv_score, -8.0
ratio, 0.424242424242
[[ 26.   5.   8.]
 [ 17.   5.   8.]
 [ 11.   5.  15.]]
cf_score, 27.0
nv_score, -9.0
ratio, 0.464646464646
[[ 20.   5.   6.]
 [ 18.   6.   7.]
 [ 17.   5.  16.]]
cf_score, 19.0
nv_score, -3.0
ratio, 0.424242424242
[[ 31.   3.   4.]
 [ 21.   4.   6.]
 [ 11.   9.  11.]]
cf_score, 31.0
nv_score, -3.0
ratio, 0.464646464646
[[ 25.   8.   6.]
 [ 20.   4.   7.]
 [ 18.   3.   9.]]
cf_score, 14.0
nv_score, -10.0
ratio, 0.383838383838
[[ 21.   9.   9.]
 [ 18.   7.   5.]
 [  5.   3.  23.]]
cf_score, 37.0
nv_score, 0.0
ratio, 0.515151515152
[[ 24.   9.  10.]
 [ 15.   2.   9.]
 [  7.   3.  21.]]
cf_score, 30.0
nv_score, -8.0
ratio, 0.474747474747
[[ 23.   5.   8.]
 [ 13.   7.  12.]
 [  5.   1.  26.]]
cf_score, 43.0
nv_score, -2.0
ratio, 0.565656565657
[[ 21.   0.   8.]
 [ 17.   5.  10.]
 [ 11.   3.  25.]]
cf_score, 32.0
nv_score, -1.0
ratio, 0.515151515152
[[ 26.   8.  11.]
 [ 16.   6.  15.]
 [  4.   5.   9.]]
cf_score, 26.0
nv_score, -28.0
ratio, 0.414141414141
[[ 26.   9.   2.]
 [ 11.   8.  10.]
 [  7.   6.  21.]]
cf_score, 46.0
nv_score, 7.0
ratio, 0.555555555556
[[ 18.   6.   5.]
 [ 11.  10.  13.]
 [  9.   8.  20.]]
cf_score, 34.0
nv_score, -3.0
ratio, 0.484848484848
[[ 10.  10.   9.]
 [  9.  13.  10.]
 [  8.   7.  24.]]
cf_score, 30.0
nv_score, -4.0
ratio, 0.474747474747
[[ 27.   4.   5.]
 [ 18.   3.   5.]
 [ 10.   8.  20.]]
cf_score, 35.0
nv_score, 5.0
ratio, 0.505050505051
[[  2.  10.  23.]
 [  9.   7.  14.]
 [  2.   3.  30.]]
cf_score, 14.0
nv_score, -30.0
ratio, 0.393939393939
[[ 12.   7.  12.]
 [ 16.  13.  16.]
 [  4.   3.  17.]]
cf_score, 26.0
nv_score, -23.0
ratio, 0.424242424242
[[ 26.   5.   6.]
 [ 17.  10.   5.]
 [ 12.   6.  13.]]
cf_score, 31.0
nv_score, -4.0
ratio, 0.494949494949
[[ 22.  11.   8.]
 [ 19.   8.   7.]
 [  4.   7.  14.]]
cf_score, 32.0
nv_score, -9.0
ratio, 0.444444444444
[[ 29.   9.   4.]
 [ 19.  10.   5.]
 [  8.   5.  11.]]
cf_score, 38.0
nv_score, -2.0
ratio, 0.505050505051
[[ 16.  13.   9.]
 [  7.  16.   6.]
 [  7.   6.  20.]]
cf_score, 36.0
nv_score, -4.0
ratio, 0.525252525253
[[ 30.   5.   5.]
 [ 17.  12.   5.]
 [  4.   6.  16.]]
cf_score, 49.0
nv_score, 1.0
ratio, 0.585858585859
[[  8.  10.  10.]
 [ 11.  13.  13.]
 [  5.   7.  23.]]
cf_score, 29.0
nv_score, -10.0
ratio, 0.444444444444
[[ 20.   9.   9.]
 [ 19.  10.   9.]
 [  4.   3.  17.]]
cf_score, 34.0
nv_score, -10.0
ratio, 0.474747474747
[[ 18.  15.   8.]
 [ 16.   4.   7.]
 [  1.   8.  23.]]
cf_score, 36.0
nv_score, 0.0
ratio, 0.454545454545
[[ 26.   9.   8.]
 [ 13.   7.   7.]
 [  9.   4.  17.]]
cf_score, 33.0
nv_score, -6.0
ratio, 0.505050505051
[[ 22.   7.   4.]
 [ 21.  10.   5.]
 [  9.   8.  14.]]
cf_score, 33.0
nv_score, 1.0
ratio, 0.464646464646
[[ 13.  12.  12.]
 [  9.   6.  10.]
 [  5.   5.  28.]]
cf_score, 30.0
nv_score, -6.0
ratio, 0.474747474747
[[ 28.   6.  12.]
 [  9.  11.   4.]
 [  5.   9.  16.]]
cf_score, 38.0
nv_score, -12.0
ratio, 0.555555555556
[[ 11.  14.  10.]
 [  3.  12.  24.]
 [  6.   6.  14.]]
cf_score, 21.0
nv_score, -30.0
ratio, 0.373737373737
[[ 15.  11.   7.]
 [ 12.   5.  11.]
 [  9.  11.  19.]]
cf_score, 23.0
nv_score, -6.0
ratio, 0.393939393939
[[ 26.   9.   5.]
 [ 14.   5.  11.]
 [  7.  10.  13.]]
cf_score, 32.0
nv_score, -8.0
ratio, 0.444444444444
[[ 11.  12.  11.]
 [ 14.   8.  10.]
 [ 10.   5.  19.]]
cf_score, 17.0
nv_score, -13.0
ratio, 0.383838383838
[[ 28.   8.   3.]
 [ 12.   8.   3.]
 [ 14.   9.  15.]]
cf_score, 34.0
nv_score, 6.0
ratio, 0.515151515152
[[ 13.  12.  16.]
 [  5.   8.  20.]
 [  2.   7.  17.]]
cf_score, 20.0
nv_score, -35.0
ratio, 0.383838383838
[[ 21.   7.   4.]
 [ 10.  12.  10.]
 [  5.   8.  23.]]
cf_score, 47.0
nv_score, 5.0
ratio, 0.565656565657
[[ 20.   4.  10.]
 [ 17.   6.  11.]
 [ 11.  10.  11.]]
cf_score, 16.0
nv_score, -20.0
ratio, 0.373737373737
[[ 25.   5.  17.]
 [  5.  18.  13.]
 [  2.   2.  13.]]
cf_score, 37.0
nv_score, -34.0
ratio, 0.565656565657
[[ 19.   8.  11.]
 [  7.  10.  11.]
 [  7.   6.  21.]]
cf_score, 32.0
nv_score, -12.0
ratio, 0.505050505051
[[ 18.   7.  13.]
 [ 15.   9.   7.]
 [  0.   1.  30.]]
cf_score, 44.0
nv_score, -3.0
ratio, 0.575757575758
[[ 25.   7.   5.]
 [ 14.   8.   8.]
 [  6.  11.  16.]]
cf_score, 38.0
nv_score, -2.0
ratio, 0.494949494949
[[  7.  11.  14.]
 [  6.  12.  16.]
 [  2.   6.  26.]]
cf_score, 29.0
nv_score, -18.0
ratio, 0.454545454545
[[ 22.   9.   7.]
 [ 17.   6.  10.]
 [  9.   4.  16.]]
cf_score, 28.0
nv_score, -8.0
ratio, 0.444444444444
[[ 25.   6.   8.]
 [ 14.   8.   6.]
 [  5.   6.  22.]]
cf_score, 42.0
nv_score, 0.0
ratio, 0.555555555556
[[ 21.  14.   8.]
 [ 13.   7.   7.]
 [  6.   8.  16.]]
cf_score, 30.0
nv_score, -7.0
ratio, 0.444444444444
[[ 21.   6.   5.]
 [ 16.  14.  11.]
 [  5.   5.  17.]]
cf_score, 42.0
nv_score, -4.0
ratio, 0.525252525253
