[[ 26.   0.   0.]
 [ 35.   0.   0.]
 [ 39.   0.   0.]]
cf_score, -13.0
nv_score, 0.0
ratio, 0.262626262626
[[ 33.   0.   0.]
 [ 27.   0.   0.]
 [ 40.   0.   0.]]
cf_score, -7.0
nv_score, 0.0
ratio, 0.333333333333
[[ 27.   0.   0.]
 [ 30.   0.   0.]
 [ 43.   0.   0.]]
cf_score, -16.0
nv_score, 0.0
ratio, 0.272727272727
[[ 41.   0.   0.]
 [ 28.   0.   0.]
 [ 31.   0.   0.]]
cf_score, 10.0
nv_score, 0.0
ratio, 0.414141414141
[[  8.  22.   0.]
 [  5.  25.   0.]
 [  4.  36.   0.]]
cf_score, 29.0
nv_score, 0.0
ratio, 0.333333333333
[[  5.  24.   0.]
 [  8.  31.   0.]
 [ 12.  20.   0.]]
cf_score, 24.0
nv_score, 0.0
ratio, 0.363636363636
[[  8.  18.   0.]
 [  8.  26.   0.]
 [  9.  31.   0.]]
cf_score, 25.0
nv_score, 0.0
ratio, 0.343434343434
[[  5.  23.   0.]
 [  1.  31.   0.]
 [ 12.  28.   0.]]
cf_score, 24.0
nv_score, 0.0
ratio, 0.363636363636
[[ 12.  18.   0.]
 [ 12.  28.   0.]
 [ 12.  18.   0.]]
cf_score, 28.0
nv_score, 0.0
ratio, 0.40404040404
[[  0.  22.   6.]
 [  0.  34.   2.]
 [  0.  31.   5.]]
cf_score, 33.0
nv_score, -9.0
ratio, 0.393939393939
[[ 12.  19.   0.]
 [  2.  24.   0.]
 [ 10.  33.   0.]]
cf_score, 26.0
nv_score, 0.0
ratio, 0.363636363636
[[  8.  14.   2.]
 [  6.  25.   0.]
 [  6.  31.   8.]]
cf_score, 33.0
nv_score, 4.0
ratio, 0.414141414141
[[  2.  24.   8.]
 [  5.  21.   3.]
 [  5.  26.   6.]]
cf_score, 16.0
nv_score, -13.0
ratio, 0.292929292929
[[ 12.  19.   0.]
 [  7.  21.   0.]
 [  7.  34.   0.]]
cf_score, 26.0
nv_score, 0.0
ratio, 0.333333333333
[[  9.  24.   0.]
 [  4.  21.   0.]
 [  8.  34.   0.]]
cf_score, 22.0
nv_score, 0.0
ratio, 0.30303030303
[[  7.  16.   3.]
 [  8.  31.   0.]
 [  5.  27.   3.]]
cf_score, 33.0
nv_score, -3.0
ratio, 0.414141414141
[[  7.  18.   0.]
 [  7.  29.   0.]
 [ 12.  27.   0.]]
cf_score, 24.0
nv_score, 0.0
ratio, 0.363636363636
[[  8.  26.   0.]
 [  3.  21.   0.]
 [  9.  33.   0.]]
cf_score, 20.0
nv_score, 0.0
ratio, 0.292929292929
[[  3.  28.   3.]
 [  5.  17.   0.]
 [  4.  33.   7.]]
cf_score, 20.0
nv_score, 1.0
ratio, 0.272727272727
[[  2.  21.   0.]
 [  1.  29.   0.]
 [ 15.  32.   0.]]
cf_score, 16.0
nv_score, 0.0
ratio, 0.313131313131
[[  7.  20.   1.]
 [  5.  27.   2.]
 [  8.  26.   4.]]
cf_score, 29.0
nv_score, 0.0
ratio, 0.383838383838
[[  2.  28.   4.]
 [  1.  30.   3.]
 [  2.  23.   7.]]
cf_score, 33.0
nv_score, -4.0
ratio, 0.393939393939
[[  0.  21.  10.]
 [  2.  24.   3.]
 [  4.  25.  11.]]
cf_score, 21.0
nv_score, -12.0
ratio, 0.353535353535
[[  5.  17.   8.]
 [ 10.  25.   3.]
 [  4.  27.   1.]]
cf_score, 19.0
nv_score, -18.0
ratio, 0.313131313131
[[  0.  18.   9.]
 [  4.  24.   6.]
 [  2.  28.   9.]]
cf_score, 22.0
nv_score, -15.0
ratio, 0.333333333333
[[  1.  15.   8.]
 [  2.  30.   5.]
 [  4.  27.   8.]]
cf_score, 27.0
nv_score, -13.0
ratio, 0.393939393939
[[  7.  21.   1.]
 [ 10.  22.   4.]
 [  6.  25.   4.]]
cf_score, 26.0
nv_score, -2.0
ratio, 0.333333333333
[[  0.  21.   7.]
 [  0.  29.   5.]
 [  0.  26.  12.]]
cf_score, 34.0
nv_score, -7.0
ratio, 0.414141414141
[[  5.  22.   0.]
 [ 12.  23.   0.]
 [  8.  30.   0.]]
cf_score, 20.0
nv_score, 0.0
ratio, 0.282828282828
[[  8.  20.   0.]
 [ 12.  20.   0.]
 [  8.  32.   0.]]
cf_score, 20.0
nv_score, 0.0
ratio, 0.282828282828
[[  7.  21.   2.]
 [  8.  22.   1.]
 [  9.  22.   8.]]
cf_score, 26.0
nv_score, 3.0
ratio, 0.373737373737
[[  7.  17.   4.]
 [  8.  14.   4.]
 [ 13.  31.   2.]]
cf_score, 6.0
nv_score, -10.0
ratio, 0.232323232323
[[  3.  24.   7.]
 [  5.  23.   3.]
 [  4.  29.   2.]]
cf_score, 17.0
nv_score, -15.0
ratio, 0.282828282828
[[  6.  21.   4.]
 [ 11.  25.   4.]
 [  4.  22.   3.]]
cf_score, 26.0
nv_score, -9.0
ratio, 0.343434343434
[[ 10.  20.   0.]
 [  7.  25.   0.]
 [ 10.  28.   0.]]
cf_score, 25.0
nv_score, 0.0
ratio, 0.353535353535
[[  1.  22.   4.]
 [  8.  24.   2.]
 [  7.  30.   2.]]
cf_score, 16.0
nv_score, -8.0
ratio, 0.272727272727
[[  0.  25.  13.]
 [  6.  19.   4.]
 [  3.  23.   7.]]
cf_score, 10.0
nv_score, -23.0
ratio, 0.262626262626
[[  2.  20.   6.]
 [  1.  27.   8.]
 [  2.  26.   8.]]
cf_score, 29.0
nv_score, -12.0
ratio, 0.373737373737
[[  2.  22.   9.]
 [  3.  25.   5.]
 [  1.  27.   6.]]
cf_score, 23.0
nv_score, -17.0
ratio, 0.333333333333
[[  2.  20.   8.]
 [  1.  27.   5.]
 [  2.  27.   8.]]
cf_score, 27.0
nv_score, -13.0
ratio, 0.373737373737
[[  4.  28.   5.]
 [  7.  21.   2.]
 [  7.  22.   4.]]
cf_score, 17.0
nv_score, -8.0
ratio, 0.292929292929
[[  6.  18.   4.]
 [  3.  29.   0.]
 [  3.  34.   3.]]
cf_score, 31.0
nv_score, -5.0
ratio, 0.383838383838
[[  1.  25.   9.]
 [  3.  31.   3.]
 [  0.  23.   5.]]
cf_score, 28.0
nv_score, -16.0
ratio, 0.373737373737
[[  9.  19.   3.]
 [  6.  16.   2.]
 [  3.  33.   9.]]
cf_score, 28.0
nv_score, 1.0
ratio, 0.343434343434
[[  4.  26.   4.]
 [  3.  20.   1.]
 [  2.  35.   5.]]
cf_score, 23.0
nv_score, -4.0
ratio, 0.292929292929
[[  8.  12.   1.]
 [  9.  20.   0.]
 [ 13.  32.   5.]]
cf_score, 19.0
nv_score, 3.0
ratio, 0.333333333333
[[  6.  28.   5.]
 [  2.  20.   1.]
 [  3.  24.  11.]]
cf_score, 29.0
nv_score, 0.0
ratio, 0.373737373737
[[ 10.  21.   4.]
 [  4.  25.   3.]
 [  2.  25.   6.]]
cf_score, 35.0
nv_score, -5.0
ratio, 0.414141414141
[[  0.  22.   5.]
 [  5.  26.   4.]
 [  3.  27.   8.]]
cf_score, 26.0
nv_score, -6.0
ratio, 0.343434343434
[[  2.  21.   7.]
 [  5.  21.   2.]
 [  6.  30.   6.]]
cf_score, 16.0
nv_score, -10.0
ratio, 0.292929292929
