[[ 25.   0.   7.]
 [ 29.   0.   6.]
 [ 22.   0.  11.]]
cf_score, 7.0
nv_score, -9.0
ratio, 0.363636363636
[[ 14.   7.  11.]
 [ 19.   3.   7.]
 [ 23.   3.  13.]]
cf_score, -4.0
nv_score, -16.0
ratio, 0.30303030303
[[ 15.   0.   9.]
 [ 25.   0.  11.]
 [ 18.   0.  22.]]
cf_score, 10.0
nv_score, -7.0
ratio, 0.373737373737
[[ 20.   0.  14.]
 [ 17.   0.   8.]
 [ 28.   0.  13.]]
cf_score, -9.0
nv_score, -23.0
ratio, 0.333333333333
[[ 16.   0.  16.]
 [ 20.   2.   9.]
 [ 17.   0.  20.]]
cf_score, 5.0
nv_score, -21.0
ratio, 0.383838383838
[[ 17.   0.  14.]
 [ 19.   3.  10.]
 [ 17.   0.  20.]]
cf_score, 9.0
nv_score, -18.0
ratio, 0.40404040404
[[ 17.   0.  12.]
 [ 20.   0.  13.]
 [ 12.   0.  26.]]
cf_score, 19.0
nv_score, -11.0
ratio, 0.434343434343
[[ 16.   0.   9.]
 [ 26.   0.  13.]
 [ 14.   0.  22.]]
cf_score, 15.0
nv_score, -9.0
ratio, 0.383838383838
[[ 16.   0.   7.]
 [ 23.   2.  15.]
 [ 12.   2.  23.]]
cf_score, 22.0
nv_score, -6.0
ratio, 0.414141414141
[[ 21.   1.   7.]
 [ 17.   2.  14.]
 [ 13.   1.  24.]]
cf_score, 27.0
nv_score, -4.0
ratio, 0.474747474747
[[ 10.   9.  12.]
 [ 10.   4.  21.]
 [ 13.   4.  17.]]
cf_score, 6.0
nv_score, -28.0
ratio, 0.313131313131
[[ 19.   4.   5.]
 [ 22.   1.  11.]
 [ 17.   0.  21.]]
cf_score, 19.0
nv_score, 0.0
ratio, 0.414141414141
[[ 19.   2.  11.]
 [ 17.   3.  12.]
 [ 13.   2.  21.]]
cf_score, 19.0
nv_score, -13.0
ratio, 0.434343434343
[[ 18.   2.   8.]
 [ 25.   2.  12.]
 [ 14.   2.  17.]]
cf_score, 15.0
nv_score, -11.0
ratio, 0.373737373737
[[ 14.  10.   7.]
 [  4.   6.  17.]
 [ 11.   4.  27.]]
cf_score, 29.0
nv_score, -4.0
ratio, 0.474747474747
[[  8.   2.  14.]
 [  9.   8.   9.]
 [ 24.   5.  21.]]
cf_score, -1.0
nv_score, -16.0
ratio, 0.373737373737
[[  2.  14.  12.]
 [  7.  13.  16.]
 [  8.   6.  22.]]
cf_score, 17.0
nv_score, -18.0
ratio, 0.373737373737
[[ 13.   7.  13.]
 [  5.   8.  19.]
 [ 11.   8.  16.]]
cf_score, 13.0
nv_score, -29.0
ratio, 0.373737373737
[[  6.   8.  12.]
 [ 12.  18.  11.]
 [  3.   9.  21.]]
cf_score, 30.0
nv_score, -14.0
ratio, 0.454545454545
[[  5.  14.  13.]
 [  3.  18.  15.]
 [  4.   9.  19.]]
cf_score, 25.0
nv_score, -22.0
ratio, 0.424242424242
[[  4.  10.  14.]
 [ 15.  13.  19.]
 [  5.   7.  13.]]
cf_score, 11.0
nv_score, -34.0
ratio, 0.30303030303
[[ 10.   8.   8.]
 [ 17.   7.   8.]
 [  7.  11.  24.]]
cf_score, 26.0
nv_score, 0.0
ratio, 0.414141414141
[[  9.   8.  12.]
 [  6.  10.  17.]
 [  4.  10.  24.]]
cf_score, 27.0
nv_score, -17.0
ratio, 0.434343434343
[[ 11.  10.   8.]
 [ 17.   5.   7.]
 [  8.  10.  24.]]
cf_score, 24.0
nv_score, 1.0
ratio, 0.40404040404
[[  5.  16.  11.]
 [  8.  12.  14.]
 [  7.   9.  18.]]
cf_score, 17.0
nv_score, -18.0
ratio, 0.353535353535
[[  9.   9.  11.]
 [  9.  14.   9.]
 [  7.  10.  22.]]
cf_score, 27.0
nv_score, -9.0
ratio, 0.454545454545
[[  9.  16.   6.]
 [  6.  15.  12.]
 [  7.   8.  21.]]
cf_score, 32.0
nv_score, -3.0
ratio, 0.454545454545
[[  4.   9.  16.]
 [  8.  11.  17.]
 [ 11.  12.  12.]]
cf_score, 0.0
nv_score, -37.0
ratio, 0.272727272727
[[  7.  10.   8.]
 [  7.  15.  15.]
 [  9.   9.  20.]]
cf_score, 25.0
nv_score, -11.0
ratio, 0.424242424242
[[  1.   9.  20.]
 [  7.  15.  12.]
 [  6.   6.  24.]]
cf_score, 14.0
nv_score, -28.0
ratio, 0.40404040404
[[ 16.   6.   7.]
 [  8.   8.  18.]
 [  9.  11.  17.]]
cf_score, 25.0
nv_score, -15.0
ratio, 0.414141414141
[[  7.  10.  13.]
 [  6.  14.  17.]
 [ 10.   6.  17.]]
cf_score, 15.0
nv_score, -26.0
ratio, 0.383838383838
[[  5.  14.   2.]
 [  8.  11.  17.]
 [  4.  15.  24.]]
cf_score, 34.0
nv_score, 3.0
ratio, 0.40404040404
[[  4.  13.  19.]
 [  7.  10.   8.]
 [  8.  14.  17.]]
cf_score, 4.0
nv_score, -29.0
ratio, 0.313131313131
[[  9.  12.   7.]
 [ 13.  10.  16.]
 [  8.   9.  16.]]
cf_score, 20.0
nv_score, -14.0
ratio, 0.353535353535
[[ 11.  15.   8.]
 [ 12.  13.  11.]
 [  5.   6.  19.]]
cf_score, 30.0
nv_score, -8.0
ratio, 0.434343434343
[[  7.   6.  12.]
 [ 11.  15.  13.]
 [ 11.   6.  19.]]
cf_score, 18.0
nv_score, -18.0
ratio, 0.414141414141
[[  2.  10.   9.]
 [  9.  14.  18.]
 [  9.  13.  16.]]
cf_score, 14.0
nv_score, -20.0
ratio, 0.323232323232
[[  5.  10.  10.]
 [ 11.  16.   9.]
 [  9.   6.  24.]]
cf_score, 26.0
nv_score, -5.0
ratio, 0.454545454545
[[  7.  14.  10.]
 [ 13.  11.  12.]
 [  8.   4.  21.]]
cf_score, 21.0
nv_score, -11.0
ratio, 0.393939393939
[[ 10.  14.   8.]
 [  7.  12.  15.]
 [  4.  10.  20.]]
cf_score, 30.0
nv_score, -11.0
ratio, 0.424242424242
[[  7.  12.   7.]
 [  5.  17.  11.]
 [ 10.   9.  22.]]
cf_score, 29.0
nv_score, -3.0
ratio, 0.464646464646
[[  8.  13.   7.]
 [  8.   6.  14.]
 [ 14.  11.  19.]]
cf_score, 12.0
nv_score, -9.0
ratio, 0.333333333333
[[  7.   6.  11.]
 [ 15.   7.  10.]
 [ 11.   8.  25.]]
cf_score, 17.0
nv_score, -7.0
ratio, 0.393939393939
[[  6.  13.  14.]
 [  8.  13.   7.]
 [  6.  14.  19.]]
cf_score, 18.0
nv_score, -16.0
ratio, 0.383838383838
[[  9.   8.   9.]
 [ 11.  11.  12.]
 [ 11.   7.  22.]]
cf_score, 22.0
nv_score, -8.0
ratio, 0.424242424242
[[  5.  11.  13.]
 [  5.  17.  16.]
 [  8.  11.  14.]]
cf_score, 15.0
nv_score, -28.0
ratio, 0.363636363636
[[  5.  11.  13.]
 [  7.  19.  11.]
 [  5.   9.  20.]]
cf_score, 26.0
nv_score, -17.0
ratio, 0.444444444444
[[  8.  12.  14.]
 [  5.  17.  15.]
 [  4.   8.  17.]]
cf_score, 24.0
nv_score, -26.0
ratio, 0.424242424242
[[  6.  10.  15.]
 [  7.  12.  11.]
 [  3.   9.  27.]]
cf_score, 27.0
nv_score, -14.0
ratio, 0.454545454545
