[[  2.  22.   8.]
 [  4.  18.   8.]
 [  5.  19.  14.]]
cf_score, 21.0
nv_score, -10.0
ratio, 0.343434343434
[[  1.  23.   6.]
 [  3.  28.   1.]
 [ 11.  23.   4.]]
cf_score, 16.0
nv_score, -9.0
ratio, 0.333333333333
[[  2.  18.   8.]
 [  2.  27.   1.]
 [  2.  31.   9.]]
cf_score, 28.0
nv_score, -8.0
ratio, 0.383838383838
[[  0.  22.   6.]
 [  0.  30.   8.]
 [  1.  24.   9.]]
cf_score, 32.0
nv_score, -11.0
ratio, 0.393939393939
[[  4.  25.   3.]
 [  1.  25.   3.]
 [  8.  27.   4.]]
cf_score, 22.0
nv_score, -5.0
ratio, 0.333333333333
[[  6.  20.   2.]
 [  2.  24.   0.]
 [  1.  36.   9.]]
cf_score, 36.0
nv_score, 5.0
ratio, 0.393939393939
[[  4.  25.   2.]
 [  1.  39.   1.]
 [  3.  20.   5.]]
cf_score, 43.0
nv_score, 0.0
ratio, 0.484848484848
[[  0.  34.   0.]
 [  0.  31.   4.]
 [  7.  22.   2.]]
cf_score, 26.0
nv_score, -2.0
ratio, 0.333333333333
[[  3.  20.   6.]
 [  1.  26.   5.]
 [  9.  28.   2.]]
cf_score, 16.0
nv_score, -15.0
ratio, 0.313131313131
[[  6.  17.   6.]
 [  1.  28.   0.]
 [  2.  32.   8.]]
cf_score, 34.0
nv_score, -4.0
ratio, 0.424242424242
[[  2.  25.   4.]
 [  0.  24.   4.]
 [  5.  28.   8.]]
cf_score, 25.0
nv_score, -4.0
ratio, 0.343434343434
[[  2.  26.   8.]
 [  1.  22.   3.]
 [  5.  23.  10.]]
cf_score, 21.0
nv_score, -9.0
ratio, 0.343434343434
[[  2.  13.   4.]
 [  0.  39.   3.]
 [  2.  28.   9.]]
cf_score, 44.0
nv_score, -2.0
ratio, 0.505050505051
[[  3.  23.   3.]
 [  0.  29.   8.]
 [  2.  25.   7.]]
cf_score, 34.0
nv_score, -7.0
ratio, 0.393939393939
[[  6.  25.   2.]
 [  0.  27.   0.]
 [  3.  31.   6.]]
cf_score, 34.0
nv_score, 2.0
ratio, 0.393939393939
[[  1.  25.   8.]
 [  0.  30.   3.]
 [  1.  26.   6.]]
cf_score, 28.0
nv_score, -13.0
ratio, 0.373737373737
[[  1.  21.   4.]
 [  0.  25.   4.]
 [  2.  30.  13.]]
cf_score, 33.0
nv_score, 1.0
ratio, 0.393939393939
[[  2.  18.   8.]
 [  0.  32.   5.]
 [  3.  14.  18.]]
cf_score, 41.0
nv_score, -3.0
ratio, 0.525252525253
[[  2.  20.   6.]
 [  0.  26.   5.]
 [  7.  26.   8.]]
cf_score, 23.0
nv_score, -9.0
ratio, 0.363636363636
[[  9.  23.   6.]
 [  0.  23.   2.]
 [  3.  21.  13.]]
cf_score, 36.0
nv_score, -1.0
ratio, 0.454545454545
[[  1.  19.   1.]
 [  0.  35.   4.]
 [  1.  30.   9.]]
cf_score, 43.0
nv_score, 3.0
ratio, 0.454545454545
[[  5.  15.   5.]
 [  0.  35.   6.]
 [  5.  21.   8.]]
cf_score, 38.0
nv_score, -8.0
ratio, 0.484848484848
[[  4.  21.   2.]
 [  1.  34.   7.]
 [  7.  21.   3.]]
cf_score, 32.0
nv_score, -8.0
ratio, 0.414141414141
[[  2.  20.   8.]
 [  0.  26.   5.]
 [  4.  25.  10.]]
cf_score, 26.0
nv_score, -11.0
ratio, 0.383838383838
[[  4.  21.   4.]
 [  1.  33.   6.]
 [  4.  21.   6.]]
cf_score, 35.0
nv_score, -8.0
ratio, 0.434343434343
[[  1.  22.   6.]
 [  0.  29.   7.]
 [  4.  22.   9.]]
cf_score, 29.0
nv_score, -10.0
ratio, 0.393939393939
[[  1.  25.   5.]
 [  2.  31.   6.]
 [  3.  15.  12.]]
cf_score, 36.0
nv_score, -4.0
ratio, 0.444444444444
[[  6.  22.   3.]
 [  0.  35.   4.]
 [  1.  25.   4.]]
cf_score, 41.0
nv_score, -6.0
ratio, 0.454545454545
[[  3.  22.   5.]
 [  0.  27.   7.]
 [  1.  21.  14.]]
cf_score, 38.0
nv_score, -3.0
ratio, 0.444444444444
[[  5.  23.   5.]
 [  0.  32.   6.]
 [  3.  17.   9.]]
cf_score, 38.0
nv_score, -7.0
ratio, 0.464646464646
[[  2.  19.   7.]
 [  0.  31.   8.]
 [  3.  24.   6.]]
cf_score, 29.0
nv_score, -16.0
ratio, 0.393939393939
[[  2.  19.   6.]
 [  0.  30.   7.]
 [  2.  26.   8.]]
cf_score, 32.0
nv_score, -11.0
ratio, 0.40404040404
[[  4.  15.   8.]
 [  0.  27.   3.]
 [  3.  32.   8.]]
cf_score, 28.0
nv_score, -11.0
ratio, 0.393939393939
[[  2.  22.   3.]
 [  0.  26.   4.]
 [  0.  29.  14.]]
cf_score, 39.0
nv_score, 4.0
ratio, 0.424242424242
[[  1.  20.   2.]
 [  0.  36.   5.]
 [  1.  25.  10.]]
cf_score, 44.0
nv_score, 1.0
ratio, 0.474747474747
[[  4.  16.   6.]
 [  1.  27.   3.]
 [  0.  36.   7.]]
cf_score, 32.0
nv_score, -8.0
ratio, 0.383838383838
[[  1.  25.   9.]
 [  1.  19.   3.]
 [  1.  34.   7.]]
cf_score, 17.0
nv_score, -14.0
ratio, 0.272727272727
[[  3.  10.   8.]
 [  1.  30.   4.]
 [  4.  32.   8.]]
cf_score, 29.0
nv_score, -12.0
ratio, 0.414141414141
[[  2.  21.   9.]
 [  1.  19.  11.]
 [  3.  21.  13.]]
cf_score, 22.0
nv_score, -16.0
ratio, 0.343434343434
[[  1.  23.   3.]
 [  0.  27.   7.]
 [  4.  20.  15.]]
cf_score, 36.0
nv_score, 2.0
ratio, 0.434343434343
[[  3.  18.  12.]
 [  0.  21.   6.]
 [  0.  31.   9.]]
cf_score, 21.0
nv_score, -21.0
ratio, 0.333333333333
[[  3.  19.   6.]
 [  0.  31.   4.]
 [  1.  29.   7.]]
cf_score, 34.0
nv_score, -9.0
ratio, 0.414141414141
[[  5.  18.  10.]
 [  0.  29.   5.]
 [  3.  19.  11.]]
cf_score, 32.0
nv_score, -14.0
ratio, 0.454545454545
[[  1.  23.   9.]
 [  0.  27.   6.]
 [  1.  26.   7.]]
cf_score, 25.0
nv_score, -17.0
ratio, 0.353535353535
[[  2.  22.  11.]
 [  0.  25.   6.]
 [  0.  27.   7.]]
cf_score, 23.0
nv_score, -21.0
ratio, 0.343434343434
[[  6.  18.   7.]
 [  0.  24.   8.]
 [  1.  19.  17.]]
cf_score, 39.0
nv_score, -5.0
ratio, 0.474747474747
[[  3.  11.  10.]
 [  4.  18.   5.]
 [  8.  22.  19.]]
cf_score, 22.0
nv_score, -6.0
ratio, 0.40404040404
[[  4.  21.   7.]
 [  0.  29.   5.]
 [  7.  19.   8.]]
cf_score, 27.0
nv_score, -11.0
ratio, 0.414141414141
[[  8.  17.   6.]
 [  4.  25.   4.]
 [  7.  24.   5.]]
cf_score, 25.0
nv_score, -11.0
ratio, 0.383838383838
[[  5.  21.   6.]
 [  6.  27.   3.]
 [  0.  25.   7.]]
cf_score, 33.0
nv_score, -8.0
ratio, 0.393939393939
