[[ 14.   0.  15.]
 [ 16.   0.  16.]
 [ 12.   0.  27.]]
cf_score, 14.0
nv_score, -19.0
ratio, 0.414141414141
[[  6.  15.   9.]
 [  3.  19.   6.]
 [  7.  22.  13.]]
cf_score, 22.0
nv_score, -11.0
ratio, 0.383838383838
[[ 25.  15.   2.]
 [  8.  20.   4.]
 [ 13.   9.   4.]]
cf_score, 34.0
nv_score, -4.0
ratio, 0.494949494949
[[ 16.  20.   0.]
 [  2.  26.   0.]
 [ 10.  23.   3.]]
cf_score, 35.0
nv_score, 3.0
ratio, 0.454545454545
[[ 12.  12.   1.]
 [  8.  28.   0.]
 [ 14.  25.   0.]]
cf_score, 25.0
nv_score, -2.0
ratio, 0.40404040404
[[ 16.  12.   1.]
 [  8.  34.   0.]
 [ 12.  15.   2.]]
cf_score, 39.0
nv_score, 0.0
ratio, 0.525252525253
[[ 22.   8.   3.]
 [  7.  18.   7.]
 [ 15.  12.   8.]]
cf_score, 30.0
nv_score, -5.0
ratio, 0.484848484848
[[ 10.  15.   0.]
 [  5.  31.   3.]
 [ 11.  24.   1.]]
cf_score, 31.0
nv_score, -2.0
ratio, 0.424242424242
[[  9.   9.   5.]
 [  9.  25.   2.]
 [ 17.  20.   4.]]
cf_score, 16.0
nv_score, -8.0
ratio, 0.383838383838
[[  5.  27.   1.]
 [  4.  27.   4.]
 [  5.  24.   3.]]
cf_score, 29.0
nv_score, -3.0
ratio, 0.353535353535
[[ 12.  18.   5.]
 [  5.  23.   3.]
 [  8.  25.   1.]]
cf_score, 23.0
nv_score, -12.0
ratio, 0.363636363636
[[ 14.   5.  11.]
 [ 10.  15.   9.]
 [ 16.  10.  10.]]
cf_score, 12.0
nv_score, -21.0
ratio, 0.393939393939
[[ 13.   9.   4.]
 [  8.  23.  11.]
 [ 10.  12.  10.]]
cf_score, 32.0
nv_score, -9.0
ratio, 0.464646464646
[[  7.  19.   6.]
 [  3.  25.   9.]
 [  5.  17.   9.]]
cf_score, 30.0
nv_score, -12.0
ratio, 0.414141414141
[[ 12.  17.   5.]
 [  4.  26.   6.]
 [  8.  16.   6.]]
cf_score, 31.0
nv_score, -10.0
ratio, 0.444444444444
[[  7.  22.   6.]
 [  3.  21.   4.]
 [  5.  26.   6.]]
cf_score, 23.0
nv_score, -10.0
ratio, 0.343434343434
[[  4.  21.   6.]
 [  2.  20.  11.]
 [  5.  21.  10.]]
cf_score, 23.0
nv_score, -13.0
ratio, 0.343434343434
[[  3.  12.  10.]
 [  2.  28.  10.]
 [  3.  21.  11.]]
cf_score, 29.0
nv_score, -19.0
ratio, 0.424242424242
[[ 13.   2.  18.]
 [ 11.   8.  15.]
 [  9.   6.  18.]]
cf_score, 12.0
nv_score, -33.0
ratio, 0.393939393939
[[  3.  21.   7.]
 [  1.  30.   2.]
 [  2.  22.  12.]]
cf_score, 36.0
nv_score, -4.0
ratio, 0.454545454545
[[  6.  14.  13.]
 [  3.  21.  12.]
 [  5.  18.   8.]]
cf_score, 17.0
nv_score, -30.0
ratio, 0.353535353535
[[  4.  19.  10.]
 [  3.  24.  12.]
 [  1.  16.  11.]]
cf_score, 28.0
nv_score, -21.0
ratio, 0.393939393939
[[  8.  14.  16.]
 [  5.  15.   5.]
 [  5.  13.  19.]]
cf_score, 21.0
nv_score, -18.0
ratio, 0.424242424242
[[  7.  13.  14.]
 [  5.  19.   9.]
 [  7.  20.   6.]]
cf_score, 11.0
nv_score, -31.0
ratio, 0.323232323232
[[  4.  20.   7.]
 [  0.  32.   8.]
 [  4.  19.   6.]]
cf_score, 31.0
nv_score, -16.0
ratio, 0.424242424242
[[  3.  11.  13.]
 [  3.  17.  15.]
 [  8.  14.  16.]]
cf_score, 15.0
nv_score, -25.0
ratio, 0.363636363636
[[  6.  11.  15.]
 [  3.  15.   8.]
 [  5.  24.  13.]]
cf_score, 14.0
nv_score, -25.0
ratio, 0.343434343434
[[  8.  12.  11.]
 [  2.  20.   8.]
 [  8.  15.  16.]]
cf_score, 25.0
nv_score, -14.0
ratio, 0.444444444444
[[  5.  16.  15.]
 [  3.  16.  20.]
 [  4.   9.  12.]]
cf_score, 14.0
nv_score, -38.0
ratio, 0.333333333333
[[  6.  14.  10.]
 [  2.  22.  13.]
 [  2.  20.  11.]]
cf_score, 27.0
nv_score, -22.0
ratio, 0.393939393939
[[  9.  11.  14.]
 [  1.  10.  18.]
 [  9.  10.  18.]]
cf_score, 14.0
nv_score, -28.0
ratio, 0.373737373737
[[  1.  14.  20.]
 [  3.  14.  10.]
 [ 10.  10.  18.]]
cf_score, 3.0
nv_score, -32.0
ratio, 0.333333333333
[[ 13.  12.  13.]
 [  6.  14.  11.]
 [  6.  10.  15.]]
cf_score, 23.0
nv_score, -22.0
ratio, 0.424242424242
[[ 13.  19.  14.]
 [  3.  12.  13.]
 [  6.  11.   9.]]
cf_score, 14.0
nv_score, -32.0
ratio, 0.343434343434
[[  7.  19.   5.]
 [  1.  22.  13.]
 [  3.  18.  12.]]
cf_score, 33.0
nv_score, -11.0
ratio, 0.414141414141
[[ 11.  15.  12.]
 [  3.  22.   9.]
 [  4.  10.  14.]]
cf_score, 31.0
nv_score, -19.0
ratio, 0.474747474747
[[  8.  17.   4.]
 [  2.  19.   5.]
 [  3.  29.  13.]]
cf_score, 33.0
nv_score, 0.0
ratio, 0.40404040404
[[  7.  10.  11.]
 [  5.  18.   9.]
 [  7.  18.  15.]]
cf_score, 22.0
nv_score, -16.0
ratio, 0.40404040404
[[  9.  10.  10.]
 [  5.  23.   9.]
 [  6.  15.  13.]]
cf_score, 29.0
nv_score, -16.0
ratio, 0.454545454545
[[  5.  15.   9.]
 [  1.  21.  12.]
 [  2.  20.  15.]]
cf_score, 30.0
nv_score, -15.0
ratio, 0.414141414141
[[  2.  27.  11.]
 [  6.  22.   6.]
 [  3.  14.   9.]]
cf_score, 19.0
nv_score, -19.0
ratio, 0.333333333333
[[  7.  12.   8.]
 [  7.  20.  14.]
 [  5.  11.  16.]]
cf_score, 30.0
nv_score, -14.0
ratio, 0.434343434343
[[  7.  12.  10.]
 [  3.  20.  12.]
 [  9.  13.  14.]]
cf_score, 22.0
nv_score, -18.0
ratio, 0.414141414141
[[  8.   9.  11.]
 [  4.  25.  13.]
 [  8.   8.  14.]]
cf_score, 28.0
nv_score, -21.0
ratio, 0.474747474747
[[  5.  12.   8.]
 [  5.  21.  10.]
 [  8.  20.  11.]]
cf_score, 21.0
nv_score, -15.0
ratio, 0.373737373737
[[  3.  14.  12.]
 [  7.  22.   4.]
 [  5.  21.  12.]]
cf_score, 20.0
nv_score, -16.0
ratio, 0.373737373737
[[ 10.   9.  11.]
 [  2.  21.  11.]
 [  2.  17.  17.]]
cf_score, 35.0
nv_score, -16.0
ratio, 0.484848484848
[[ 12.  16.   8.]
 [  5.  19.  11.]
 [  3.  14.  12.]]
cf_score, 32.0
nv_score, -15.0
ratio, 0.434343434343
[[  9.   7.  15.]
 [  7.  20.  11.]
 [  5.  18.   8.]]
cf_score, 17.0
nv_score, -33.0
ratio, 0.373737373737
[[  9.  10.  11.]
 [  5.  15.  12.]
 [ 14.  11.  13.]]
cf_score, 12.0
nv_score, -21.0
ratio, 0.373737373737
