[[  6.   9.  15.]
 [ 11.  10.  14.]
 [  3.  10.  22.]]
cf_score, 20.0
nv_score, -22.0
ratio, 0.383838383838
[[ 25.   8.   0.]
 [ 19.   8.   0.]
 [ 25.  15.   0.]]
cf_score, 8.0
nv_score, 0.0
ratio, 0.333333333333
[[ 24.   4.   1.]
 [ 29.  10.   1.]
 [ 23.   8.   0.]]
cf_score, 10.0
nv_score, -3.0
ratio, 0.343434343434
[[  9.   3.  15.]
 [  9.  13.  15.]
 [ 19.   6.  11.]]
cf_score, -1.0
nv_score, -34.0
ratio, 0.333333333333
[[ 26.   6.   2.]
 [ 17.   8.  18.]
 [  8.   3.  12.]]
cf_score, 36.0
nv_score, -10.0
ratio, 0.464646464646
[[ 23.   5.   5.]
 [ 11.  12.  15.]
 [ 10.   6.  13.]]
cf_score, 33.0
nv_score, -12.0
ratio, 0.484848484848
[[ 11.   1.   6.]
 [ 13.  11.  15.]
 [ 13.  10.  20.]]
cf_score, 23.0
nv_score, -7.0
ratio, 0.424242424242
[[ 22.   0.   7.]
 [ 13.  10.  14.]
 [  9.   4.  21.]]
cf_score, 37.0
nv_score, -7.0
ratio, 0.535353535354
[[ 16.   6.   3.]
 [ 13.   7.  15.]
 [ 14.   9.  17.]]
cf_score, 23.0
nv_score, -4.0
ratio, 0.40404040404
[[ 11.   5.   4.]
 [ 13.   7.  18.]
 [ 14.  10.  18.]]
cf_score, 18.0
nv_score, -8.0
ratio, 0.363636363636
[[  9.   4.  12.]
 [  8.  15.  22.]
 [ 13.   8.   9.]]
cf_score, 8.0
nv_score, -37.0
ratio, 0.333333333333
[[ 17.   8.  10.]
 [  8.  12.  11.]
 [  9.  11.  14.]]
cf_score, 24.0
nv_score, -17.0
ratio, 0.434343434343
[[ 14.   5.  10.]
 [  9.  15.  11.]
 [  4.  13.  19.]]
cf_score, 34.0
nv_score, -12.0
ratio, 0.484848484848
[[ 18.   9.   8.]
 [  2.  14.  11.]
 [ 12.   9.  17.]]
cf_score, 29.0
nv_score, -10.0
ratio, 0.494949494949
[[ 13.   7.   8.]
 [ 14.   7.   9.]
 [ 14.  11.  17.]]
cf_score, 15.0
nv_score, -8.0
ratio, 0.373737373737
[[ 11.   4.   6.]
 [  7.  21.   5.]
 [ 15.  11.  20.]]
cf_score, 31.0
nv_score, 3.0
ratio, 0.525252525253
[[ 17.  11.   5.]
 [ 11.  15.   9.]
 [ 11.  10.  11.]]
cf_score, 27.0
nv_score, -8.0
ratio, 0.434343434343
[[ 18.   3.   4.]
 [ 19.  18.   9.]
 [  8.  11.  10.]]
cf_score, 34.0
nv_score, -7.0
ratio, 0.464646464646
[[ 21.   6.   5.]
 [  6.  15.  12.]
 [ 11.   8.  16.]]
cf_score, 36.0
nv_score, -6.0
ratio, 0.525252525253
[[ 19.   7.   8.]
 [  9.  17.   4.]
 [  7.  11.  18.]]
cf_score, 39.0
nv_score, -2.0
ratio, 0.545454545455
[[ 23.   7.   2.]
 [ 14.  14.   7.]
 [  4.  10.  19.]]
cf_score, 50.0
nv_score, 8.0
ratio, 0.565656565657
[[ 13.  10.   3.]
 [  9.  12.   8.]
 [ 14.  15.  16.]]
cf_score, 24.0
nv_score, 2.0
ratio, 0.414141414141
[[ 21.   7.   3.]
 [ 10.   6.   5.]
 [ 11.  16.  21.]]
cf_score, 34.0
nv_score, 10.0
ratio, 0.484848484848
[[ 18.   4.   3.]
 [ 10.  12.  10.]
 [ 12.  15.  16.]]
cf_score, 31.0
nv_score, 0.0
ratio, 0.464646464646
[[ 15.   8.   1.]
 [  6.  15.  12.]
 [ 11.  17.  15.]]
cf_score, 33.0
nv_score, 1.0
ratio, 0.454545454545
[[  8.  10.   8.]
 [  8.  16.   8.]
 [ 13.   7.  22.]]
cf_score, 25.0
nv_score, -2.0
ratio, 0.464646464646
[[ 12.  11.   7.]
 [ 12.   8.   8.]
 [  7.  19.  16.]]
cf_score, 22.0
nv_score, -6.0
ratio, 0.363636363636
[[ 11.  10.   4.]
 [  7.  27.  13.]
 [  4.  12.  12.]]
cf_score, 42.0
nv_score, -9.0
ratio, 0.505050505051
[[ 12.   7.   4.]
 [ 12.  22.   6.]
 [ 15.  12.  10.]]
cf_score, 25.0
nv_score, -4.0
ratio, 0.444444444444
[[ 16.  11.   4.]
 [ 12.  14.  11.]
 [  6.   9.  17.]]
cf_score, 37.0
nv_score, -2.0
ratio, 0.474747474747
[[ 14.   7.   3.]
 [  8.  20.   4.]
 [ 10.  15.  19.]]
cf_score, 40.0
nv_score, 9.0
ratio, 0.535353535354
[[ 12.   7.   3.]
 [ 12.  17.   8.]
 [  9.  14.  18.]]
cf_score, 35.0
nv_score, 4.0
ratio, 0.474747474747
[[ 16.   8.   5.]
 [  6.  10.   5.]
 [ 14.  16.  20.]]
cf_score, 27.0
nv_score, 5.0
ratio, 0.464646464646
[[ 13.  10.   2.]
 [  6.  18.   5.]
 [ 17.  13.  16.]]
cf_score, 28.0
nv_score, 7.0
ratio, 0.474747474747
[[ 17.   6.   1.]
 [  8.  20.  13.]
 [ 11.   8.  16.]]
cf_score, 41.0
nv_score, 1.0
ratio, 0.535353535354
[[ 17.   8.   6.]
 [  9.  15.  13.]
 [  6.   8.  18.]]
cf_score, 38.0
nv_score, -7.0
ratio, 0.505050505051
[[ 10.   8.   5.]
 [  8.  17.  11.]
 [  9.  13.  19.]]
cf_score, 32.0
nv_score, -2.0
ratio, 0.464646464646
[[ 16.  10.   5.]
 [  8.  10.  12.]
 [ 10.  21.   8.]]
cf_score, 19.0
nv_score, -14.0
ratio, 0.343434343434
[[ 12.   2.   4.]
 [ 11.  22.  15.]
 [ 10.  11.  13.]]
cf_score, 33.0
nv_score, -10.0
ratio, 0.474747474747
[[ 18.   3.   9.]
 [  8.  15.   5.]
 [ 14.   8.  20.]]
cf_score, 30.0
nv_score, -3.0
ratio, 0.535353535354
[[ 14.  10.   4.]
 [ 14.  16.   5.]
 [  4.  19.  14.]]
cf_score, 36.0
nv_score, 1.0
ratio, 0.444444444444
[[ 19.   8.   5.]
 [ 10.  21.   5.]
 [  4.  17.  11.]]
cf_score, 42.0
nv_score, -4.0
ratio, 0.515151515152
[[ 16.  10.   5.]
 [ 10.  19.  11.]
 [ 10.   9.  10.]]
cf_score, 30.0
nv_score, -11.0
ratio, 0.454545454545
[[ 17.   8.   5.]
 [  8.  13.   5.]
 [ 11.  15.  18.]]
cf_score, 32.0
nv_score, 3.0
ratio, 0.484848484848
[[ 17.   8.   6.]
 [  7.  15.  10.]
 [ 11.   9.  17.]]
cf_score, 32.0
nv_score, -5.0
ratio, 0.494949494949
[[ 20.   6.   6.]
 [ 13.  15.   7.]
 [ 12.  11.  10.]]
cf_score, 27.0
nv_score, -9.0
ratio, 0.454545454545
[[ 19.  12.   3.]
 [  4.  17.  13.]
 [  8.  11.  13.]]
cf_score, 38.0
nv_score, -6.0
ratio, 0.494949494949
[[ 24.   5.   3.]
 [  6.  21.   6.]
 [ 11.  12.  12.]]
cf_score, 43.0
nv_score, 0.0
ratio, 0.575757575758
[[ 13.   2.   8.]
 [  4.  22.   7.]
 [ 10.  12.  22.]]
cf_score, 39.0
nv_score, -1.0
ratio, 0.575757575758
[[ 20.  10.   2.]
 [ 12.  14.   9.]
 [  8.   9.  16.]]
cf_score, 40.0
nv_score, 3.0
ratio, 0.505050505051
