Loading Model: level_list/m1_100/tick_list/ACFN/class/models/model.h5
history_filename: history_recent/ACFN/history.json
Yesterday        : 2017-08-22: OHLCV: 0.2100, 0.2200, 0.2000, 0.2000, 33100
UberYesterday    : 2017-08-21: OHLCV: 0.2100, 0.2300, 0.2000, 0.2000, 52129
[u'0.2100', u'0.2200', u'0.2000', u'0.2000', u'33100']
[u'0.2100', u'0.2300', u'0.2000', u'0.2000', u'52129']
question_base :[0.21, 0.23, 0.2, 0.2, 0.21, 0.22, 0.2, 0.2]
0.18: [0.210, 0.230, 0.200, 0.200, 0.210, 0.220, 0.200, 0.200, 0.180][0.054, 0.161, 0.785]
0.181: [0.210, 0.230, 0.200, 0.200, 0.210, 0.220, 0.200, 0.200, 0.181][0.054, 0.163, 0.783]
0.182: [0.210, 0.230, 0.200, 0.200, 0.210, 0.220, 0.200, 0.200, 0.182][0.055, 0.164, 0.781]
0.183: [0.210, 0.230, 0.200, 0.200, 0.210, 0.220, 0.200, 0.200, 0.183][0.056, 0.165, 0.779]
0.184: [0.210, 0.230, 0.200, 0.200, 0.210, 0.220, 0.200, 0.200, 0.184][0.057, 0.166, 0.776]
0.185: [0.210, 0.230, 0.200, 0.200, 0.210, 0.220, 0.200, 0.200, 0.185][0.058, 0.168, 0.774]
0.186: [0.210, 0.230, 0.200, 0.200, 0.210, 0.220, 0.200, 0.200, 0.186][0.059, 0.169, 0.772]
0.187: [0.210, 0.230, 0.200, 0.200, 0.210, 0.220, 0.200, 0.200, 0.187][0.060, 0.170, 0.769]
0.188: [0.210, 0.230, 0.200, 0.200, 0.210, 0.220, 0.200, 0.200, 0.188][0.061, 0.172, 0.767]
0.189: [0.210, 0.230, 0.200, 0.200, 0.210, 0.220, 0.200, 0.200, 0.189][0.063, 0.173, 0.764]
0.19: [0.210, 0.230, 0.200, 0.200, 0.210, 0.220, 0.200, 0.200, 0.190][0.064, 0.175, 0.762]
0.191: [0.210, 0.230, 0.200, 0.200, 0.210, 0.220, 0.200, 0.200, 0.191][0.065, 0.176, 0.759]
0.192: [0.210, 0.230, 0.200, 0.200, 0.210, 0.220, 0.200, 0.200, 0.192][0.066, 0.177, 0.756]
0.193: [0.210, 0.230, 0.200, 0.200, 0.210, 0.220, 0.200, 0.200, 0.193][0.068, 0.179, 0.753]
0.194: [0.210, 0.230, 0.200, 0.200, 0.210, 0.220, 0.200, 0.200, 0.194][0.069, 0.180, 0.750]
0.195: [0.210, 0.230, 0.200, 0.200, 0.210, 0.220, 0.200, 0.200, 0.195][0.071, 0.182, 0.747]
0.196: [0.210, 0.230, 0.200, 0.200, 0.210, 0.220, 0.200, 0.200, 0.196][0.072, 0.183, 0.744]
0.197: [0.210, 0.230, 0.200, 0.200, 0.210, 0.220, 0.200, 0.200, 0.197][0.074, 0.185, 0.741]
0.198: [0.210, 0.230, 0.200, 0.200, 0.210, 0.220, 0.200, 0.200, 0.198][0.076, 0.186, 0.738]
0.199: [0.210, 0.230, 0.200, 0.200, 0.210, 0.220, 0.200, 0.200, 0.199][0.077, 0.188, 0.735]
0.2: [0.210, 0.230, 0.200, 0.200, 0.210, 0.220, 0.200, 0.200, 0.200][0.079, 0.190, 0.731]
0.201: [0.210, 0.230, 0.200, 0.200, 0.210, 0.220, 0.200, 0.200, 0.201][0.081, 0.191, 0.728]
0.202: [0.210, 0.230, 0.200, 0.200, 0.210, 0.220, 0.200, 0.200, 0.202][0.083, 0.193, 0.724]
0.203: [0.210, 0.230, 0.200, 0.200, 0.210, 0.220, 0.200, 0.200, 0.203][0.085, 0.194, 0.721]
0.204: [0.210, 0.230, 0.200, 0.200, 0.210, 0.220, 0.200, 0.200, 0.204][0.087, 0.196, 0.717]
0.205: [0.210, 0.230, 0.200, 0.200, 0.210, 0.220, 0.200, 0.200, 0.205][0.089, 0.197, 0.713]
0.206: [0.210, 0.230, 0.200, 0.200, 0.210, 0.220, 0.200, 0.200, 0.206][0.092, 0.199, 0.709]
0.207: [0.210, 0.230, 0.200, 0.200, 0.210, 0.220, 0.200, 0.200, 0.207][0.094, 0.201, 0.705]
0.208: [0.210, 0.230, 0.200, 0.200, 0.210, 0.220, 0.200, 0.200, 0.208][0.097, 0.202, 0.701]
0.209: [0.210, 0.230, 0.200, 0.200, 0.210, 0.220, 0.200, 0.200, 0.209][0.099, 0.204, 0.697]
0.21: [0.210, 0.230, 0.200, 0.200, 0.210, 0.220, 0.200, 0.200, 0.210][0.102, 0.205, 0.692]
0.211: [0.210, 0.230, 0.200, 0.200, 0.210, 0.220, 0.200, 0.200, 0.211][0.105, 0.207, 0.688]
0.212: [0.210, 0.230, 0.200, 0.200, 0.210, 0.220, 0.200, 0.200, 0.212][0.108, 0.208, 0.684]
0.213: [0.210, 0.230, 0.200, 0.200, 0.210, 0.220, 0.200, 0.200, 0.213][0.111, 0.210, 0.679]
0.214: [0.210, 0.230, 0.200, 0.200, 0.210, 0.220, 0.200, 0.200, 0.214][0.114, 0.211, 0.674]
0.215: [0.210, 0.230, 0.200, 0.200, 0.210, 0.220, 0.200, 0.200, 0.215][0.118, 0.213, 0.670]
0.216: [0.210, 0.230, 0.200, 0.200, 0.210, 0.220, 0.200, 0.200, 0.216][0.121, 0.214, 0.665]
0.217: [0.210, 0.230, 0.200, 0.200, 0.210, 0.220, 0.200, 0.200, 0.217][0.125, 0.216, 0.660]
0.218: [0.210, 0.230, 0.200, 0.200, 0.210, 0.220, 0.200, 0.200, 0.218][0.128, 0.217, 0.655]
0.219: [0.210, 0.230, 0.200, 0.200, 0.210, 0.220, 0.200, 0.200, 0.219][0.132, 0.218, 0.649]
