Loading Model: level_list/m1_100/tick_list/AGM/class/models/model.h5
history_filename: history_recent/AGM/history.json
Yesterday        : 2017-08-22: OHLCV: 66.3900, 66.9200, 65.8000, 66.4400, 38759
UberYesterday    : 2017-08-21: OHLCV: 66.0100, 66.2100, 65.3500, 65.7900, 30418
[u'66.3900', u'66.9200', u'65.8000', u'66.4400', u'38759']
[u'66.0100', u'66.2100', u'65.3500', u'65.7900', u'30418']
question_base :[66.01, 66.21, 65.35, 65.79, 66.39, 66.92, 65.8, 66.44]
59.796: [66.010, 66.210, 65.350, 65.790, 66.390, 66.920, 65.800, 66.440, 59.796][0.194, 0.197, 0.609]
60.1282: [66.010, 66.210, 65.350, 65.790, 66.390, 66.920, 65.800, 66.440, 60.128][0.194, 0.197, 0.609]
60.4604: [66.010, 66.210, 65.350, 65.790, 66.390, 66.920, 65.800, 66.440, 60.460][0.194, 0.197, 0.609]
60.7926: [66.010, 66.210, 65.350, 65.790, 66.390, 66.920, 65.800, 66.440, 60.793][0.194, 0.197, 0.609]
61.1248: [66.010, 66.210, 65.350, 65.790, 66.390, 66.920, 65.800, 66.440, 61.125][0.194, 0.197, 0.609]
61.457: [66.010, 66.210, 65.350, 65.790, 66.390, 66.920, 65.800, 66.440, 61.457][0.194, 0.197, 0.609]
61.7892: [66.010, 66.210, 65.350, 65.790, 66.390, 66.920, 65.800, 66.440, 61.789][0.194, 0.198, 0.609]
62.1214: [66.010, 66.210, 65.350, 65.790, 66.390, 66.920, 65.800, 66.440, 62.121][0.194, 0.198, 0.609]
62.4536: [66.010, 66.210, 65.350, 65.790, 66.390, 66.920, 65.800, 66.440, 62.454][0.194, 0.198, 0.609]
62.7858: [66.010, 66.210, 65.350, 65.790, 66.390, 66.920, 65.800, 66.440, 62.786][0.194, 0.198, 0.608]
63.118: [66.010, 66.210, 65.350, 65.790, 66.390, 66.920, 65.800, 66.440, 63.118][0.194, 0.199, 0.607]
63.4502: [66.010, 66.210, 65.350, 65.790, 66.390, 66.920, 65.800, 66.440, 63.450][0.194, 0.200, 0.605]
63.7824: [66.010, 66.210, 65.350, 65.790, 66.390, 66.920, 65.800, 66.440, 63.782][0.196, 0.208, 0.596]
64.1146: [66.010, 66.210, 65.350, 65.790, 66.390, 66.920, 65.800, 66.440, 64.115][0.204, 0.285, 0.511]
64.4468: [66.010, 66.210, 65.350, 65.790, 66.390, 66.920, 65.800, 66.440, 64.447][0.446, 0.322, 0.232]
64.779: [66.010, 66.210, 65.350, 65.790, 66.390, 66.920, 65.800, 66.440, 64.779][0.345, 0.399, 0.255]
65.1112: [66.010, 66.210, 65.350, 65.790, 66.390, 66.920, 65.800, 66.440, 65.111][0.346, 0.400, 0.255]
65.4434: [66.010, 66.210, 65.350, 65.790, 66.390, 66.920, 65.800, 66.440, 65.443][0.364, 0.392, 0.244]
65.7756: [66.010, 66.210, 65.350, 65.790, 66.390, 66.920, 65.800, 66.440, 65.776][0.402, 0.372, 0.226]
66.1078: [66.010, 66.210, 65.350, 65.790, 66.390, 66.920, 65.800, 66.440, 66.108][0.461, 0.337, 0.202]
66.44: [66.010, 66.210, 65.350, 65.790, 66.390, 66.920, 65.800, 66.440, 66.440][0.537, 0.289, 0.174]
66.7722: [66.010, 66.210, 65.350, 65.790, 66.390, 66.920, 65.800, 66.440, 66.772][0.615, 0.239, 0.146]
67.1044: [66.010, 66.210, 65.350, 65.790, 66.390, 66.920, 65.800, 66.440, 67.104][0.679, 0.198, 0.123]
67.4366: [66.010, 66.210, 65.350, 65.790, 66.390, 66.920, 65.800, 66.440, 67.437][0.726, 0.168, 0.106]
67.7688: [66.010, 66.210, 65.350, 65.790, 66.390, 66.920, 65.800, 66.440, 67.769][0.757, 0.148, 0.095]
68.101: [66.010, 66.210, 65.350, 65.790, 66.390, 66.920, 65.800, 66.440, 68.101][0.778, 0.135, 0.087]
68.4332: [66.010, 66.210, 65.350, 65.790, 66.390, 66.920, 65.800, 66.440, 68.433][0.791, 0.127, 0.082]
68.7654: [66.010, 66.210, 65.350, 65.790, 66.390, 66.920, 65.800, 66.440, 68.765][0.799, 0.122, 0.079]
69.0976: [66.010, 66.210, 65.350, 65.790, 66.390, 66.920, 65.800, 66.440, 69.098][0.804, 0.119, 0.077]
69.4298: [66.010, 66.210, 65.350, 65.790, 66.390, 66.920, 65.800, 66.440, 69.430][0.808, 0.116, 0.076]
69.762: [66.010, 66.210, 65.350, 65.790, 66.390, 66.920, 65.800, 66.440, 69.762][0.810, 0.115, 0.075]
70.0942: [66.010, 66.210, 65.350, 65.790, 66.390, 66.920, 65.800, 66.440, 70.094][0.811, 0.114, 0.075]
70.4264: [66.010, 66.210, 65.350, 65.790, 66.390, 66.920, 65.800, 66.440, 70.426][0.812, 0.114, 0.074]
70.7586: [66.010, 66.210, 65.350, 65.790, 66.390, 66.920, 65.800, 66.440, 70.759][0.813, 0.113, 0.074]
71.0908: [66.010, 66.210, 65.350, 65.790, 66.390, 66.920, 65.800, 66.440, 71.091][0.813, 0.113, 0.074]
71.423: [66.010, 66.210, 65.350, 65.790, 66.390, 66.920, 65.800, 66.440, 71.423][0.813, 0.113, 0.074]
71.7552: [66.010, 66.210, 65.350, 65.790, 66.390, 66.920, 65.800, 66.440, 71.755][0.813, 0.113, 0.074]
72.0874: [66.010, 66.210, 65.350, 65.790, 66.390, 66.920, 65.800, 66.440, 72.087][0.814, 0.113, 0.074]
72.4196: [66.010, 66.210, 65.350, 65.790, 66.390, 66.920, 65.800, 66.440, 72.420][0.814, 0.113, 0.074]
72.7518: [66.010, 66.210, 65.350, 65.790, 66.390, 66.920, 65.800, 66.440, 72.752][0.814, 0.113, 0.074]
