Loading Model: level_list/m1_100/tick_list/APOG/class/models/model.h5
history_filename: history_recent/APOG/history.json
Yesterday        : 2017-08-22: OHLCV: 47.1400, 47.1800, 46.0600, 47.0100, 547850
UberYesterday    : 2017-08-21: OHLCV: 47.2900, 47.4200, 46.8600, 46.9500, 152608
[u'47.1400', u'47.1800', u'46.0600', u'47.0100', u'547850']
[u'47.2900', u'47.4200', u'46.8600', u'46.9500', u'152608']
question_base :[47.29, 47.42, 46.86, 46.95, 47.14, 47.18, 46.06, 47.01]
42.309: [47.290, 47.420, 46.860, 46.950, 47.140, 47.180, 46.060, 47.010, 42.309][0.011, 0.006, 0.982]
42.54405: [47.290, 47.420, 46.860, 46.950, 47.140, 47.180, 46.060, 47.010, 42.544][0.011, 0.006, 0.982]
42.7791: [47.290, 47.420, 46.860, 46.950, 47.140, 47.180, 46.060, 47.010, 42.779][0.012, 0.007, 0.982]
43.01415: [47.290, 47.420, 46.860, 46.950, 47.140, 47.180, 46.060, 47.010, 43.014][0.012, 0.007, 0.981]
43.2492: [47.290, 47.420, 46.860, 46.950, 47.140, 47.180, 46.060, 47.010, 43.249][0.013, 0.008, 0.980]
43.48425: [47.290, 47.420, 46.860, 46.950, 47.140, 47.180, 46.060, 47.010, 43.484][0.014, 0.008, 0.978]
43.7193: [47.290, 47.420, 46.860, 46.950, 47.140, 47.180, 46.060, 47.010, 43.719][0.016, 0.010, 0.974]
43.95435: [47.290, 47.420, 46.860, 46.950, 47.140, 47.180, 46.060, 47.010, 43.954][0.020, 0.014, 0.965]
44.1894: [47.290, 47.420, 46.860, 46.950, 47.140, 47.180, 46.060, 47.010, 44.189][0.032, 0.027, 0.941]
44.42445: [47.290, 47.420, 46.860, 46.950, 47.140, 47.180, 46.060, 47.010, 44.424][0.069, 0.079, 0.852]
44.6595: [47.290, 47.420, 46.860, 46.950, 47.140, 47.180, 46.060, 47.010, 44.660][0.164, 0.289, 0.548]
44.89455: [47.290, 47.420, 46.860, 46.950, 47.140, 47.180, 46.060, 47.010, 44.895][0.270, 0.478, 0.252]
45.1296: [47.290, 47.420, 46.860, 46.950, 47.140, 47.180, 46.060, 47.010, 45.130][0.447, 0.421, 0.131]
45.36465: [47.290, 47.420, 46.860, 46.950, 47.140, 47.180, 46.060, 47.010, 45.365][0.533, 0.369, 0.099]
45.5997: [47.290, 47.420, 46.860, 46.950, 47.140, 47.180, 46.060, 47.010, 45.600][0.553, 0.355, 0.092]
45.83475: [47.290, 47.420, 46.860, 46.950, 47.140, 47.180, 46.060, 47.010, 45.835][0.558, 0.351, 0.090]
46.0698: [47.290, 47.420, 46.860, 46.950, 47.140, 47.180, 46.060, 47.010, 46.070][0.560, 0.350, 0.090]
46.30485: [47.290, 47.420, 46.860, 46.950, 47.140, 47.180, 46.060, 47.010, 46.305][0.560, 0.350, 0.090]
46.5399: [47.290, 47.420, 46.860, 46.950, 47.140, 47.180, 46.060, 47.010, 46.540][0.561, 0.350, 0.090]
46.77495: [47.290, 47.420, 46.860, 46.950, 47.140, 47.180, 46.060, 47.010, 46.775][0.561, 0.350, 0.089]
47.01: [47.290, 47.420, 46.860, 46.950, 47.140, 47.180, 46.060, 47.010, 47.010][0.561, 0.349, 0.089]
47.24505: [47.290, 47.420, 46.860, 46.950, 47.140, 47.180, 46.060, 47.010, 47.245][0.561, 0.349, 0.089]
47.4801: [47.290, 47.420, 46.860, 46.950, 47.140, 47.180, 46.060, 47.010, 47.480][0.561, 0.349, 0.089]
47.71515: [47.290, 47.420, 46.860, 46.950, 47.140, 47.180, 46.060, 47.010, 47.715][0.561, 0.349, 0.089]
47.9502: [47.290, 47.420, 46.860, 46.950, 47.140, 47.180, 46.060, 47.010, 47.950][0.561, 0.349, 0.089]
48.18525: [47.290, 47.420, 46.860, 46.950, 47.140, 47.180, 46.060, 47.010, 48.185][0.561, 0.349, 0.089]
48.4203: [47.290, 47.420, 46.860, 46.950, 47.140, 47.180, 46.060, 47.010, 48.420][0.561, 0.349, 0.089]
48.65535: [47.290, 47.420, 46.860, 46.950, 47.140, 47.180, 46.060, 47.010, 48.655][0.561, 0.349, 0.089]
48.8904: [47.290, 47.420, 46.860, 46.950, 47.140, 47.180, 46.060, 47.010, 48.890][0.561, 0.349, 0.089]
49.12545: [47.290, 47.420, 46.860, 46.950, 47.140, 47.180, 46.060, 47.010, 49.125][0.561, 0.349, 0.089]
49.3605: [47.290, 47.420, 46.860, 46.950, 47.140, 47.180, 46.060, 47.010, 49.361][0.561, 0.349, 0.089]
49.59555: [47.290, 47.420, 46.860, 46.950, 47.140, 47.180, 46.060, 47.010, 49.596][0.561, 0.349, 0.089]
49.8306: [47.290, 47.420, 46.860, 46.950, 47.140, 47.180, 46.060, 47.010, 49.831][0.561, 0.349, 0.089]
50.06565: [47.290, 47.420, 46.860, 46.950, 47.140, 47.180, 46.060, 47.010, 50.066][0.561, 0.349, 0.089]
50.3007: [47.290, 47.420, 46.860, 46.950, 47.140, 47.180, 46.060, 47.010, 50.301][0.561, 0.349, 0.089]
50.53575: [47.290, 47.420, 46.860, 46.950, 47.140, 47.180, 46.060, 47.010, 50.536][0.561, 0.349, 0.089]
50.7708: [47.290, 47.420, 46.860, 46.950, 47.140, 47.180, 46.060, 47.010, 50.771][0.561, 0.349, 0.089]
51.00585: [47.290, 47.420, 46.860, 46.950, 47.140, 47.180, 46.060, 47.010, 51.006][0.561, 0.349, 0.089]
51.2409: [47.290, 47.420, 46.860, 46.950, 47.140, 47.180, 46.060, 47.010, 51.241][0.561, 0.349, 0.089]
51.47595: [47.290, 47.420, 46.860, 46.950, 47.140, 47.180, 46.060, 47.010, 51.476][0.561, 0.349, 0.089]
