Loading Model: level_list/m1_100/tick_list/ATW/class/models/model.h5
history_filename: history_recent/ATW/history.json
Yesterday        : 2017-08-22: OHLCV: 6.1200, 6.5000, 6.1000, 6.4000, 5571700
UberYesterday    : 2017-08-21: OHLCV: 6.2200, 6.2200, 5.9700, 6.0900, 3841352
[u'6.1200', u'6.5000', u'6.1000', u'6.4000', u'5571700']
[u'6.2200', u'6.2200', u'5.9700', u'6.0900', u'3841352']
question_base :[6.22, 6.22, 5.97, 6.09, 6.12, 6.5, 6.1, 6.4]
5.76: [6.220, 6.220, 5.970, 6.090, 6.120, 6.500, 6.100, 6.400, 5.760][0.057, 0.121, 0.822]
5.792: [6.220, 6.220, 5.970, 6.090, 6.120, 6.500, 6.100, 6.400, 5.792][0.057, 0.121, 0.822]
5.824: [6.220, 6.220, 5.970, 6.090, 6.120, 6.500, 6.100, 6.400, 5.824][0.057, 0.121, 0.822]
5.856: [6.220, 6.220, 5.970, 6.090, 6.120, 6.500, 6.100, 6.400, 5.856][0.057, 0.121, 0.822]
5.888: [6.220, 6.220, 5.970, 6.090, 6.120, 6.500, 6.100, 6.400, 5.888][0.057, 0.121, 0.822]
5.92: [6.220, 6.220, 5.970, 6.090, 6.120, 6.500, 6.100, 6.400, 5.920][0.057, 0.121, 0.822]
5.952: [6.220, 6.220, 5.970, 6.090, 6.120, 6.500, 6.100, 6.400, 5.952][0.057, 0.121, 0.822]
5.984: [6.220, 6.220, 5.970, 6.090, 6.120, 6.500, 6.100, 6.400, 5.984][0.057, 0.121, 0.822]
6.016: [6.220, 6.220, 5.970, 6.090, 6.120, 6.500, 6.100, 6.400, 6.016][0.057, 0.121, 0.822]
6.048: [6.220, 6.220, 5.970, 6.090, 6.120, 6.500, 6.100, 6.400, 6.048][0.057, 0.121, 0.822]
6.08: [6.220, 6.220, 5.970, 6.090, 6.120, 6.500, 6.100, 6.400, 6.080][0.057, 0.121, 0.822]
6.112: [6.220, 6.220, 5.970, 6.090, 6.120, 6.500, 6.100, 6.400, 6.112][0.057, 0.121, 0.822]
6.144: [6.220, 6.220, 5.970, 6.090, 6.120, 6.500, 6.100, 6.400, 6.144][0.057, 0.121, 0.822]
6.176: [6.220, 6.220, 5.970, 6.090, 6.120, 6.500, 6.100, 6.400, 6.176][0.057, 0.121, 0.822]
6.208: [6.220, 6.220, 5.970, 6.090, 6.120, 6.500, 6.100, 6.400, 6.208][0.057, 0.121, 0.822]
6.24: [6.220, 6.220, 5.970, 6.090, 6.120, 6.500, 6.100, 6.400, 6.240][0.057, 0.121, 0.822]
6.272: [6.220, 6.220, 5.970, 6.090, 6.120, 6.500, 6.100, 6.400, 6.272][0.057, 0.121, 0.822]
6.304: [6.220, 6.220, 5.970, 6.090, 6.120, 6.500, 6.100, 6.400, 6.304][0.057, 0.121, 0.822]
6.336: [6.220, 6.220, 5.970, 6.090, 6.120, 6.500, 6.100, 6.400, 6.336][0.057, 0.121, 0.822]
6.368: [6.220, 6.220, 5.970, 6.090, 6.120, 6.500, 6.100, 6.400, 6.368][0.057, 0.121, 0.822]
6.4: [6.220, 6.220, 5.970, 6.090, 6.120, 6.500, 6.100, 6.400, 6.400][0.057, 0.121, 0.821]
6.432: [6.220, 6.220, 5.970, 6.090, 6.120, 6.500, 6.100, 6.400, 6.432][0.057, 0.121, 0.821]
6.464: [6.220, 6.220, 5.970, 6.090, 6.120, 6.500, 6.100, 6.400, 6.464][0.057, 0.121, 0.821]
6.496: [6.220, 6.220, 5.970, 6.090, 6.120, 6.500, 6.100, 6.400, 6.496][0.058, 0.122, 0.821]
6.528: [6.220, 6.220, 5.970, 6.090, 6.120, 6.500, 6.100, 6.400, 6.528][0.058, 0.122, 0.821]
6.56: [6.220, 6.220, 5.970, 6.090, 6.120, 6.500, 6.100, 6.400, 6.560][0.058, 0.122, 0.820]
6.592: [6.220, 6.220, 5.970, 6.090, 6.120, 6.500, 6.100, 6.400, 6.592][0.058, 0.122, 0.820]
6.624: [6.220, 6.220, 5.970, 6.090, 6.120, 6.500, 6.100, 6.400, 6.624][0.058, 0.123, 0.820]
6.656: [6.220, 6.220, 5.970, 6.090, 6.120, 6.500, 6.100, 6.400, 6.656][0.058, 0.123, 0.819]
6.688: [6.220, 6.220, 5.970, 6.090, 6.120, 6.500, 6.100, 6.400, 6.688][0.058, 0.123, 0.819]
6.72: [6.220, 6.220, 5.970, 6.090, 6.120, 6.500, 6.100, 6.400, 6.720][0.058, 0.124, 0.818]
6.752: [6.220, 6.220, 5.970, 6.090, 6.120, 6.500, 6.100, 6.400, 6.752][0.058, 0.124, 0.818]
6.784: [6.220, 6.220, 5.970, 6.090, 6.120, 6.500, 6.100, 6.400, 6.784][0.059, 0.125, 0.817]
6.816: [6.220, 6.220, 5.970, 6.090, 6.120, 6.500, 6.100, 6.400, 6.816][0.059, 0.125, 0.816]
6.848: [6.220, 6.220, 5.970, 6.090, 6.120, 6.500, 6.100, 6.400, 6.848][0.059, 0.126, 0.815]
6.88: [6.220, 6.220, 5.970, 6.090, 6.120, 6.500, 6.100, 6.400, 6.880][0.059, 0.127, 0.814]
6.912: [6.220, 6.220, 5.970, 6.090, 6.120, 6.500, 6.100, 6.400, 6.912][0.060, 0.127, 0.813]
6.944: [6.220, 6.220, 5.970, 6.090, 6.120, 6.500, 6.100, 6.400, 6.944][0.060, 0.128, 0.811]
6.976: [6.220, 6.220, 5.970, 6.090, 6.120, 6.500, 6.100, 6.400, 6.976][0.061, 0.129, 0.810]
7.008: [6.220, 6.220, 5.970, 6.090, 6.120, 6.500, 6.100, 6.400, 7.008][0.061, 0.131, 0.808]
