Loading Model: level_list/m1_100/tick_list/DXPE/class/models/model.h5
history_filename: history_recent/DXPE/history.json
Yesterday        : 2017-08-22: OHLCV: 25.4800, 26.0900, 25.4800, 26.0100, 63060
UberYesterday    : 2017-08-21: OHLCV: 25.4400, 25.5700, 25.2700, 25.3500, 68490
[u'25.4800', u'26.0900', u'25.4800', u'26.0100', u'63060']
[u'25.4400', u'25.5700', u'25.2700', u'25.3500', u'68490']
question_base :[25.44, 25.57, 25.27, 25.35, 25.48, 26.09, 25.48, 26.01]
23.409: [25.440, 25.570, 25.270, 25.350, 25.480, 26.090, 25.480, 26.010, 23.409][0.074, 0.669, 0.257]
23.53905: [25.440, 25.570, 25.270, 25.350, 25.480, 26.090, 25.480, 26.010, 23.539][0.074, 0.669, 0.257]
23.6691: [25.440, 25.570, 25.270, 25.350, 25.480, 26.090, 25.480, 26.010, 23.669][0.074, 0.668, 0.258]
23.79915: [25.440, 25.570, 25.270, 25.350, 25.480, 26.090, 25.480, 26.010, 23.799][0.074, 0.667, 0.259]
23.9292: [25.440, 25.570, 25.270, 25.350, 25.480, 26.090, 25.480, 26.010, 23.929][0.075, 0.666, 0.260]
24.05925: [25.440, 25.570, 25.270, 25.350, 25.480, 26.090, 25.480, 26.010, 24.059][0.075, 0.665, 0.261]
24.1893: [25.440, 25.570, 25.270, 25.350, 25.480, 26.090, 25.480, 26.010, 24.189][0.075, 0.663, 0.262]
24.31935: [25.440, 25.570, 25.270, 25.350, 25.480, 26.090, 25.480, 26.010, 24.319][0.075, 0.662, 0.263]
24.4494: [25.440, 25.570, 25.270, 25.350, 25.480, 26.090, 25.480, 26.010, 24.449][0.075, 0.661, 0.264]
24.57945: [25.440, 25.570, 25.270, 25.350, 25.480, 26.090, 25.480, 26.010, 24.579][0.075, 0.659, 0.265]
24.7095: [25.440, 25.570, 25.270, 25.350, 25.480, 26.090, 25.480, 26.010, 24.710][0.076, 0.658, 0.267]
24.83955: [25.440, 25.570, 25.270, 25.350, 25.480, 26.090, 25.480, 26.010, 24.840][0.076, 0.656, 0.268]
24.9696: [25.440, 25.570, 25.270, 25.350, 25.480, 26.090, 25.480, 26.010, 24.970][0.076, 0.654, 0.270]
25.09965: [25.440, 25.570, 25.270, 25.350, 25.480, 26.090, 25.480, 26.010, 25.100][0.076, 0.653, 0.271]
25.2297: [25.440, 25.570, 25.270, 25.350, 25.480, 26.090, 25.480, 26.010, 25.230][0.076, 0.651, 0.273]
25.35975: [25.440, 25.570, 25.270, 25.350, 25.480, 26.090, 25.480, 26.010, 25.360][0.077, 0.649, 0.274]
25.4898: [25.440, 25.570, 25.270, 25.350, 25.480, 26.090, 25.480, 26.010, 25.490][0.077, 0.647, 0.276]
25.61985: [25.440, 25.570, 25.270, 25.350, 25.480, 26.090, 25.480, 26.010, 25.620][0.077, 0.645, 0.278]
25.7499: [25.440, 25.570, 25.270, 25.350, 25.480, 26.090, 25.480, 26.010, 25.750][0.077, 0.643, 0.279]
25.87995: [25.440, 25.570, 25.270, 25.350, 25.480, 26.090, 25.480, 26.010, 25.880][0.078, 0.642, 0.281]
26.01: [25.440, 25.570, 25.270, 25.350, 25.480, 26.090, 25.480, 26.010, 26.010][0.078, 0.640, 0.283]
26.14005: [25.440, 25.570, 25.270, 25.350, 25.480, 26.090, 25.480, 26.010, 26.140][0.078, 0.638, 0.284]
26.2701: [25.440, 25.570, 25.270, 25.350, 25.480, 26.090, 25.480, 26.010, 26.270][0.079, 0.636, 0.286]
26.40015: [25.440, 25.570, 25.270, 25.350, 25.480, 26.090, 25.480, 26.010, 26.400][0.079, 0.634, 0.287]
26.5302: [25.440, 25.570, 25.270, 25.350, 25.480, 26.090, 25.480, 26.010, 26.530][0.079, 0.632, 0.289]
26.66025: [25.440, 25.570, 25.270, 25.350, 25.480, 26.090, 25.480, 26.010, 26.660][0.080, 0.631, 0.290]
26.7903: [25.440, 25.570, 25.270, 25.350, 25.480, 26.090, 25.480, 26.010, 26.790][0.080, 0.629, 0.291]
26.92035: [25.440, 25.570, 25.270, 25.350, 25.480, 26.090, 25.480, 26.010, 26.920][0.080, 0.627, 0.292]
27.0504: [25.440, 25.570, 25.270, 25.350, 25.480, 26.090, 25.480, 26.010, 27.050][0.081, 0.626, 0.293]
27.18045: [25.440, 25.570, 25.270, 25.350, 25.480, 26.090, 25.480, 26.010, 27.180][0.081, 0.625, 0.294]
27.3105: [25.440, 25.570, 25.270, 25.350, 25.480, 26.090, 25.480, 26.010, 27.311][0.082, 0.624, 0.294]
27.44055: [25.440, 25.570, 25.270, 25.350, 25.480, 26.090, 25.480, 26.010, 27.441][0.082, 0.623, 0.294]
27.5706: [25.440, 25.570, 25.270, 25.350, 25.480, 26.090, 25.480, 26.010, 27.571][0.083, 0.623, 0.294]
27.70065: [25.440, 25.570, 25.270, 25.350, 25.480, 26.090, 25.480, 26.010, 27.701][0.084, 0.622, 0.294]
27.8307: [25.440, 25.570, 25.270, 25.350, 25.480, 26.090, 25.480, 26.010, 27.831][0.084, 0.622, 0.293]
27.96075: [25.440, 25.570, 25.270, 25.350, 25.480, 26.090, 25.480, 26.010, 27.961][0.085, 0.623, 0.292]
28.0908: [25.440, 25.570, 25.270, 25.350, 25.480, 26.090, 25.480, 26.010, 28.091][0.086, 0.623, 0.291]
28.22085: [25.440, 25.570, 25.270, 25.350, 25.480, 26.090, 25.480, 26.010, 28.221][0.088, 0.623, 0.289]
28.3509: [25.440, 25.570, 25.270, 25.350, 25.480, 26.090, 25.480, 26.010, 28.351][0.089, 0.624, 0.287]
28.48095: [25.440, 25.570, 25.270, 25.350, 25.480, 26.090, 25.480, 26.010, 28.481][0.091, 0.624, 0.285]
