Loading Model: level_list/m1_100/tick_list/INSY/class/models/model.h5
history_filename: history_recent/INSY/history.json
Yesterday        : 2017-08-22: OHLCV: 9.0600, 9.1400, 8.9400, 9.0500, 307943
UberYesterday    : 2017-08-21: OHLCV: 9.1500, 9.2400, 8.8500, 9.0500, 414497
[u'9.0600', u'9.1400', u'8.9400', u'9.0500', u'307943']
[u'9.1500', u'9.2400', u'8.8500', u'9.0500', u'414497']
question_base :[9.15, 9.24, 8.85, 9.05, 9.06, 9.14, 8.94, 9.05]
8.145: [9.150, 9.240, 8.850, 9.050, 9.060, 9.140, 8.940, 9.050, 8.145][0.333, 0.400, 0.267]
8.19025: [9.150, 9.240, 8.850, 9.050, 9.060, 9.140, 8.940, 9.050, 8.190][0.333, 0.400, 0.267]
8.2355: [9.150, 9.240, 8.850, 9.050, 9.060, 9.140, 8.940, 9.050, 8.236][0.333, 0.400, 0.267]
8.28075: [9.150, 9.240, 8.850, 9.050, 9.060, 9.140, 8.940, 9.050, 8.281][0.333, 0.400, 0.267]
8.326: [9.150, 9.240, 8.850, 9.050, 9.060, 9.140, 8.940, 9.050, 8.326][0.333, 0.400, 0.267]
8.37125: [9.150, 9.240, 8.850, 9.050, 9.060, 9.140, 8.940, 9.050, 8.371][0.333, 0.400, 0.267]
8.4165: [9.150, 9.240, 8.850, 9.050, 9.060, 9.140, 8.940, 9.050, 8.416][0.333, 0.400, 0.267]
8.46175: [9.150, 9.240, 8.850, 9.050, 9.060, 9.140, 8.940, 9.050, 8.462][0.333, 0.400, 0.267]
8.507: [9.150, 9.240, 8.850, 9.050, 9.060, 9.140, 8.940, 9.050, 8.507][0.333, 0.400, 0.267]
8.55225: [9.150, 9.240, 8.850, 9.050, 9.060, 9.140, 8.940, 9.050, 8.552][0.333, 0.400, 0.267]
8.5975: [9.150, 9.240, 8.850, 9.050, 9.060, 9.140, 8.940, 9.050, 8.597][0.333, 0.400, 0.267]
8.64275: [9.150, 9.240, 8.850, 9.050, 9.060, 9.140, 8.940, 9.050, 8.643][0.333, 0.400, 0.267]
8.688: [9.150, 9.240, 8.850, 9.050, 9.060, 9.140, 8.940, 9.050, 8.688][0.333, 0.400, 0.267]
8.73325: [9.150, 9.240, 8.850, 9.050, 9.060, 9.140, 8.940, 9.050, 8.733][0.333, 0.400, 0.267]
8.7785: [9.150, 9.240, 8.850, 9.050, 9.060, 9.140, 8.940, 9.050, 8.778][0.333, 0.400, 0.267]
8.82375: [9.150, 9.240, 8.850, 9.050, 9.060, 9.140, 8.940, 9.050, 8.824][0.333, 0.400, 0.267]
8.869: [9.150, 9.240, 8.850, 9.050, 9.060, 9.140, 8.940, 9.050, 8.869][0.333, 0.400, 0.267]
8.91425: [9.150, 9.240, 8.850, 9.050, 9.060, 9.140, 8.940, 9.050, 8.914][0.333, 0.400, 0.267]
8.9595: [9.150, 9.240, 8.850, 9.050, 9.060, 9.140, 8.940, 9.050, 8.959][0.333, 0.400, 0.267]
9.00475: [9.150, 9.240, 8.850, 9.050, 9.060, 9.140, 8.940, 9.050, 9.005][0.333, 0.400, 0.267]
9.05: [9.150, 9.240, 8.850, 9.050, 9.060, 9.140, 8.940, 9.050, 9.050][0.333, 0.400, 0.267]
9.09525: [9.150, 9.240, 8.850, 9.050, 9.060, 9.140, 8.940, 9.050, 9.095][0.333, 0.400, 0.267]
9.1405: [9.150, 9.240, 8.850, 9.050, 9.060, 9.140, 8.940, 9.050, 9.140][0.333, 0.400, 0.267]
9.18575: [9.150, 9.240, 8.850, 9.050, 9.060, 9.140, 8.940, 9.050, 9.186][0.333, 0.400, 0.267]
9.231: [9.150, 9.240, 8.850, 9.050, 9.060, 9.140, 8.940, 9.050, 9.231][0.333, 0.400, 0.267]
9.27625: [9.150, 9.240, 8.850, 9.050, 9.060, 9.140, 8.940, 9.050, 9.276][0.333, 0.400, 0.267]
9.3215: [9.150, 9.240, 8.850, 9.050, 9.060, 9.140, 8.940, 9.050, 9.321][0.333, 0.400, 0.267]
9.36675: [9.150, 9.240, 8.850, 9.050, 9.060, 9.140, 8.940, 9.050, 9.367][0.333, 0.400, 0.267]
9.412: [9.150, 9.240, 8.850, 9.050, 9.060, 9.140, 8.940, 9.050, 9.412][0.333, 0.400, 0.267]
9.45725: [9.150, 9.240, 8.850, 9.050, 9.060, 9.140, 8.940, 9.050, 9.457][0.333, 0.400, 0.267]
9.5025: [9.150, 9.240, 8.850, 9.050, 9.060, 9.140, 8.940, 9.050, 9.502][0.333, 0.400, 0.267]
9.54775: [9.150, 9.240, 8.850, 9.050, 9.060, 9.140, 8.940, 9.050, 9.548][0.333, 0.400, 0.267]
9.593: [9.150, 9.240, 8.850, 9.050, 9.060, 9.140, 8.940, 9.050, 9.593][0.333, 0.400, 0.267]
9.63825: [9.150, 9.240, 8.850, 9.050, 9.060, 9.140, 8.940, 9.050, 9.638][0.333, 0.400, 0.267]
9.6835: [9.150, 9.240, 8.850, 9.050, 9.060, 9.140, 8.940, 9.050, 9.683][0.333, 0.400, 0.267]
9.72875: [9.150, 9.240, 8.850, 9.050, 9.060, 9.140, 8.940, 9.050, 9.729][0.333, 0.400, 0.267]
9.774: [9.150, 9.240, 8.850, 9.050, 9.060, 9.140, 8.940, 9.050, 9.774][0.333, 0.400, 0.267]
9.81925: [9.150, 9.240, 8.850, 9.050, 9.060, 9.140, 8.940, 9.050, 9.819][0.333, 0.400, 0.267]
9.8645: [9.150, 9.240, 8.850, 9.050, 9.060, 9.140, 8.940, 9.050, 9.864][0.333, 0.400, 0.267]
9.90975: [9.150, 9.240, 8.850, 9.050, 9.060, 9.140, 8.940, 9.050, 9.910][0.333, 0.400, 0.267]
9.955: [9.150, 9.240, 8.850, 9.050, 9.060, 9.140, 8.940, 9.050, 9.955][0.333, 0.400, 0.267]
