Loading Model: level_list/m1_100/tick_list/XONE/class/models/model.h5
history_filename: history_recent/XONE/history.json
Yesterday        : 2017-08-22: OHLCV: 7.4400, 7.6900, 7.3700, 7.6500, 212897
UberYesterday    : 2017-08-21: OHLCV: 7.0000, 7.3900, 6.9200, 7.3300, 231341
[u'7.4400', u'7.6900', u'7.3700', u'7.6500', u'212897']
[u'7.0000', u'7.3900', u'6.9200', u'7.3300', u'231341']
question_base :[7.0, 7.39, 6.92, 7.33, 7.44, 7.69, 7.37, 7.65]
6.885: [7.000, 7.390, 6.920, 7.330, 7.440, 7.690, 7.370, 7.650, 6.885][0.119, 0.170, 0.712]
6.92325: [7.000, 7.390, 6.920, 7.330, 7.440, 7.690, 7.370, 7.650, 6.923][0.119, 0.170, 0.712]
6.9615: [7.000, 7.390, 6.920, 7.330, 7.440, 7.690, 7.370, 7.650, 6.962][0.119, 0.170, 0.712]
6.99975: [7.000, 7.390, 6.920, 7.330, 7.440, 7.690, 7.370, 7.650, 7.000][0.119, 0.170, 0.712]
7.038: [7.000, 7.390, 6.920, 7.330, 7.440, 7.690, 7.370, 7.650, 7.038][0.119, 0.170, 0.712]
7.07625: [7.000, 7.390, 6.920, 7.330, 7.440, 7.690, 7.370, 7.650, 7.076][0.119, 0.170, 0.712]
7.1145: [7.000, 7.390, 6.920, 7.330, 7.440, 7.690, 7.370, 7.650, 7.114][0.119, 0.170, 0.712]
7.15275: [7.000, 7.390, 6.920, 7.330, 7.440, 7.690, 7.370, 7.650, 7.153][0.119, 0.170, 0.712]
7.191: [7.000, 7.390, 6.920, 7.330, 7.440, 7.690, 7.370, 7.650, 7.191][0.119, 0.170, 0.712]
7.22925: [7.000, 7.390, 6.920, 7.330, 7.440, 7.690, 7.370, 7.650, 7.229][0.119, 0.170, 0.712]
7.2675: [7.000, 7.390, 6.920, 7.330, 7.440, 7.690, 7.370, 7.650, 7.267][0.119, 0.170, 0.712]
7.30575: [7.000, 7.390, 6.920, 7.330, 7.440, 7.690, 7.370, 7.650, 7.306][0.119, 0.170, 0.712]
7.344: [7.000, 7.390, 6.920, 7.330, 7.440, 7.690, 7.370, 7.650, 7.344][0.118, 0.170, 0.712]
7.38225: [7.000, 7.390, 6.920, 7.330, 7.440, 7.690, 7.370, 7.650, 7.382][0.118, 0.170, 0.712]
7.4205: [7.000, 7.390, 6.920, 7.330, 7.440, 7.690, 7.370, 7.650, 7.420][0.118, 0.170, 0.712]
7.45875: [7.000, 7.390, 6.920, 7.330, 7.440, 7.690, 7.370, 7.650, 7.459][0.118, 0.170, 0.712]
7.497: [7.000, 7.390, 6.920, 7.330, 7.440, 7.690, 7.370, 7.650, 7.497][0.118, 0.171, 0.711]
7.53525: [7.000, 7.390, 6.920, 7.330, 7.440, 7.690, 7.370, 7.650, 7.535][0.117, 0.173, 0.710]
7.5735: [7.000, 7.390, 6.920, 7.330, 7.440, 7.690, 7.370, 7.650, 7.573][0.114, 0.180, 0.706]
7.61175: [7.000, 7.390, 6.920, 7.330, 7.440, 7.690, 7.370, 7.650, 7.612][0.107, 0.201, 0.693]
7.65: [7.000, 7.390, 6.920, 7.330, 7.440, 7.690, 7.370, 7.650, 7.650][0.093, 0.266, 0.641]
7.68825: [7.000, 7.390, 6.920, 7.330, 7.440, 7.690, 7.370, 7.650, 7.688][0.078, 0.410, 0.512]
7.7265: [7.000, 7.390, 6.920, 7.330, 7.440, 7.690, 7.370, 7.650, 7.726][0.080, 0.539, 0.381]
7.76475: [7.000, 7.390, 6.920, 7.330, 7.440, 7.690, 7.370, 7.650, 7.765][0.106, 0.565, 0.329]
7.803: [7.000, 7.390, 6.920, 7.330, 7.440, 7.690, 7.370, 7.650, 7.803][0.150, 0.535, 0.316]
7.84125: [7.000, 7.390, 6.920, 7.330, 7.440, 7.690, 7.370, 7.650, 7.841][0.198, 0.491, 0.311]
7.8795: [7.000, 7.390, 6.920, 7.330, 7.440, 7.690, 7.370, 7.650, 7.879][0.243, 0.451, 0.306]
7.91775: [7.000, 7.390, 6.920, 7.330, 7.440, 7.690, 7.370, 7.650, 7.918][0.282, 0.418, 0.301]
7.956: [7.000, 7.390, 6.920, 7.330, 7.440, 7.690, 7.370, 7.650, 7.956][0.312, 0.392, 0.296]
7.99425: [7.000, 7.390, 6.920, 7.330, 7.440, 7.690, 7.370, 7.650, 7.994][0.336, 0.373, 0.291]
8.0325: [7.000, 7.390, 6.920, 7.330, 7.440, 7.690, 7.370, 7.650, 8.032][0.355, 0.358, 0.287]
8.07075: [7.000, 7.390, 6.920, 7.330, 7.440, 7.690, 7.370, 7.650, 8.071][0.369, 0.347, 0.284]
8.109: [7.000, 7.390, 6.920, 7.330, 7.440, 7.690, 7.370, 7.650, 8.109][0.380, 0.339, 0.281]
8.14725: [7.000, 7.390, 6.920, 7.330, 7.440, 7.690, 7.370, 7.650, 8.147][0.388, 0.332, 0.279]
8.1855: [7.000, 7.390, 6.920, 7.330, 7.440, 7.690, 7.370, 7.650, 8.185][0.395, 0.327, 0.278]
8.22375: [7.000, 7.390, 6.920, 7.330, 7.440, 7.690, 7.370, 7.650, 8.224][0.400, 0.323, 0.276]
8.262: [7.000, 7.390, 6.920, 7.330, 7.440, 7.690, 7.370, 7.650, 8.262][0.405, 0.320, 0.275]
8.30025: [7.000, 7.390, 6.920, 7.330, 7.440, 7.690, 7.370, 7.650, 8.300][0.408, 0.318, 0.274]
8.3385: [7.000, 7.390, 6.920, 7.330, 7.440, 7.690, 7.370, 7.650, 8.338][0.411, 0.316, 0.274]
8.37675: [7.000, 7.390, 6.920, 7.330, 7.440, 7.690, 7.370, 7.650, 8.377][0.413, 0.314, 0.273]
8.415: [7.000, 7.390, 6.920, 7.330, 7.440, 7.690, 7.370, 7.650, 8.415][0.414, 0.313, 0.273]
