[[ 18.  19.   0.]
 [ 16.  19.   0.]
 [ 16.  12.   0.]]
cf_score, 21.0
nv_score, 0.0
ratio, 0.373737373737
[[ 10.  13.   0.]
 [ 18.  15.   0.]
 [ 20.  23.   1.]]
cf_score, 6.0
nv_score, 1.0
ratio, 0.262626262626
[[  0.  23.  13.]
 [  0.  21.  11.]
 [  2.  14.  16.]]
cf_score, 22.0
nv_score, -21.0
ratio, 0.373737373737
[[  2.  20.  16.]
 [  1.  21.  14.]
 [  0.  13.  13.]]
cf_score, 20.0
nv_score, -33.0
ratio, 0.363636363636
[[  2.  23.  10.]
 [  1.  20.  18.]
 [  0.  12.  14.]]
cf_score, 26.0
nv_score, -24.0
ratio, 0.363636363636
[[  0.  17.  11.]
 [  1.  15.  19.]
 [  1.  23.  13.]]
cf_score, 16.0
nv_score, -28.0
ratio, 0.282828282828
[[ 11.   7.  11.]
 [  1.  19.  16.]
 [  2.  15.  18.]]
cf_score, 35.0
nv_score, -20.0
ratio, 0.484848484848
[[ 14.   4.  17.]
 [ 12.   5.  16.]
 [ 13.   6.  13.]]
cf_score, 2.0
nv_score, -37.0
ratio, 0.323232323232
[[ 13.   5.  11.]
 [  8.  11.  17.]
 [  9.   4.  22.]]
cf_score, 26.0
nv_score, -17.0
ratio, 0.464646464646
[[ 16.  13.  10.]
 [  7.  15.  13.]
 [  3.   7.  16.]]
cf_score, 34.0
nv_score, -17.0
ratio, 0.474747474747
[[ 12.   6.  13.]
 [  3.  11.  15.]
 [  8.   9.  23.]]
cf_score, 25.0
nv_score, -18.0
ratio, 0.464646464646
[[ 19.   9.  12.]
 [  8.   9.  11.]
 [  6.   7.  19.]]
cf_score, 29.0
nv_score, -16.0
ratio, 0.474747474747
[[ 12.   9.   8.]
 [ 11.  14.  11.]
 [  6.  12.  17.]]
cf_score, 29.0
nv_score, -10.0
ratio, 0.434343434343
[[  6.  15.   9.]
 [  0.  17.  25.]
 [  3.   9.  16.]]
cf_score, 27.0
nv_score, -27.0
ratio, 0.393939393939
[[ 14.   8.  10.]
 [  8.  14.  18.]
 [  2.   7.  19.]]
cf_score, 35.0
nv_score, -19.0
ratio, 0.474747474747
[[ 11.   8.  12.]
 [ 16.   8.  11.]
 [  5.  11.  18.]]
cf_score, 20.0
nv_score, -17.0
ratio, 0.373737373737
[[ 13.  11.  13.]
 [ 12.  11.  11.]
 [  5.   9.  15.]]
cf_score, 21.0
nv_score, -22.0
ratio, 0.393939393939
[[ 10.  13.  10.]
 [  6.  15.  10.]
 [  9.   7.  20.]]
cf_score, 26.0
nv_score, -10.0
ratio, 0.454545454545
[[ 11.   9.  13.]
 [ 11.   5.   9.]
 [  5.   9.  28.]]
cf_score, 26.0
nv_score, -7.0
ratio, 0.444444444444
[[ 10.  13.  12.]
 [ 11.   8.  16.]
 [  3.  11.  16.]]
cf_score, 19.0
nv_score, -24.0
ratio, 0.343434343434
[[  9.   9.   8.]
 [  8.  18.  16.]
 [  3.  11.  18.]]
cf_score, 34.0
nv_score, -14.0
ratio, 0.454545454545
[[  7.   9.  11.]
 [  7.  14.  15.]
 [  3.  16.  18.]]
cf_score, 25.0
nv_score, -19.0
ratio, 0.393939393939
[[  7.  11.  11.]
 [  2.  12.  14.]
 [  5.  17.  21.]]
cf_score, 24.0
nv_score, -15.0
ratio, 0.40404040404
[[  4.   6.  23.]
 [  6.  17.  11.]
 [  7.   7.  19.]]
cf_score, 10.0
nv_score, -38.0
ratio, 0.40404040404
[[  5.  15.  10.]
 [  3.  15.  15.]
 [  5.  13.  19.]]
cf_score, 24.0
nv_score, -16.0
ratio, 0.393939393939
[[  8.  12.  12.]
 [  4.  16.  14.]
 [  1.  10.  23.]]
cf_score, 34.0
nv_score, -15.0
ratio, 0.474747474747
[[  9.   8.  10.]
 [  4.  14.  15.]
 [  3.  11.  26.]]
cf_score, 36.0
nv_score, -9.0
ratio, 0.494949494949
[[  9.  17.   9.]
 [ 11.  12.  10.]
 [  6.  12.  14.]]
cf_score, 20.0
nv_score, -14.0
ratio, 0.353535353535
[[  7.  12.  14.]
 [  5.  16.  22.]
 [  6.   7.  11.]]
cf_score, 14.0
nv_score, -39.0
ratio, 0.343434343434
[[  8.   8.  17.]
 [  4.  15.  17.]
 [  2.  12.  17.]]
cf_score, 21.0
nv_score, -34.0
ratio, 0.40404040404
[[ 14.  10.  13.]
 [  2.  16.  10.]
 [  2.  12.  21.]]
cf_score, 36.0
nv_score, -15.0
ratio, 0.515151515152
[[  5.  10.  19.]
 [  3.  12.   9.]
 [  4.  16.  22.]]
cf_score, 16.0
nv_score, -25.0
ratio, 0.393939393939
[[  6.  13.  12.]
 [ 10.  15.  14.]
 [  6.  10.  14.]]
cf_score, 17.0
nv_score, -24.0
ratio, 0.353535353535
[[ 13.  11.  12.]
 [  6.  20.  11.]
 [  0.  13.  14.]]
cf_score, 35.0
nv_score, -21.0
ratio, 0.474747474747
[[  8.  11.  16.]
 [  8.  12.  12.]
 [  6.  10.  17.]]
cf_score, 15.0
nv_score, -27.0
ratio, 0.373737373737
[[  9.  13.  10.]
 [  5.  17.  17.]
 [  3.   7.  19.]]
cf_score, 32.0
nv_score, -18.0
ratio, 0.454545454545
[[  5.  11.  14.]
 [  5.  14.  14.]
 [  4.   8.  25.]]
cf_score, 26.0
nv_score, -17.0
ratio, 0.444444444444
[[  4.  11.  16.]
 [  3.  14.  15.]
 [  3.  12.  22.]]
cf_score, 21.0
nv_score, -25.0
ratio, 0.40404040404
[[ 11.  11.  10.]
 [  6.  20.  10.]
 [  1.   9.  22.]]
cf_score, 42.0
nv_score, -8.0
ratio, 0.535353535354
[[  5.  12.  14.]
 [  3.  16.  13.]
 [  2.  17.  18.]]
cf_score, 23.0
nv_score, -23.0
ratio, 0.393939393939
[[  9.   8.  11.]
 [ 12.  15.   5.]
 [  7.   9.  24.]]
cf_score, 30.0
nv_score, -3.0
ratio, 0.484848484848
[[  5.  16.  14.]
 [  4.  17.  10.]
 [  4.   7.  23.]]
cf_score, 27.0
nv_score, -15.0
ratio, 0.454545454545
[[  8.  13.  17.]
 [  1.  11.  16.]
 [  4.  11.  19.]]
cf_score, 17.0
nv_score, -31.0
ratio, 0.383838383838
[[  9.  10.   8.]
 [  9.  12.  17.]
 [  4.   8.  23.]]
cf_score, 32.0
nv_score, -10.0
ratio, 0.444444444444
[[  6.  17.  16.]
 [  2.  13.  12.]
 [  1.  15.  18.]]
cf_score, 20.0
nv_score, -26.0
ratio, 0.373737373737
[[  5.  15.  11.]
 [  4.  19.  13.]
 [  2.   6.  25.]]
cf_score, 36.0
nv_score, -10.0
ratio, 0.494949494949
[[  5.  16.  12.]
 [  2.  20.  11.]
 [  3.   8.  23.]]
cf_score, 33.0
nv_score, -12.0
ratio, 0.484848484848
[[  5.  15.  10.]
 [  8.  15.  14.]
 [  9.   9.  15.]]
cf_score, 16.0
nv_score, -19.0
ratio, 0.353535353535
[[ 10.  11.   9.]
 [  1.  21.  15.]
 [  3.  11.  19.]]
cf_score, 38.0
nv_score, -14.0
ratio, 0.505050505051
[[  4.  13.  15.]
 [  1.  19.  13.]
 [  1.  11.  23.]]
cf_score, 30.0
nv_score, -20.0
ratio, 0.464646464646
