[[  8.   0.  28.]
 [ 18.   0.  20.]
 [  9.   0.  17.]]
cf_score, -12.0
nv_score, -59.0
ratio, 0.252525252525
[[ 23.   3.   9.]
 [ 37.   0.   2.]
 [ 16.   0.  10.]]
cf_score, 8.0
nv_score, -10.0
ratio, 0.333333333333
[[  0.  30.   9.]
 [  0.  31.   6.]
 [  0.  17.   7.]]
cf_score, 29.0
nv_score, -17.0
ratio, 0.383838383838
[[ 29.   0.   8.]
 [ 30.   0.  11.]
 [  8.   0.  14.]]
cf_score, 27.0
nv_score, -13.0
ratio, 0.434343434343
[[  0.  31.  11.]
 [  0.  28.   2.]
 [  0.  17.  11.]]
cf_score, 28.0
nv_score, -13.0
ratio, 0.393939393939
[[ 30.   0.   5.]
 [ 28.   0.   2.]
 [ 18.   0.  17.]]
cf_score, 24.0
nv_score, 5.0
ratio, 0.474747474747
[[ 18.  12.   7.]
 [ 16.  17.   4.]
 [  7.   4.  15.]]
cf_score, 36.0
nv_score, -3.0
ratio, 0.505050505051
[[ 16.  13.  10.]
 [ 15.  20.   6.]
 [  3.   9.   8.]]
cf_score, 31.0
nv_score, -18.0
ratio, 0.444444444444
[[ 15.  11.  11.]
 [ 15.  18.   3.]
 [  3.  10.  14.]]
cf_score, 33.0
nv_score, -11.0
ratio, 0.474747474747
[[ 23.  14.   3.]
 [ 17.  15.  10.]
 [  6.   5.   7.]]
cf_score, 36.0
nv_score, -9.0
ratio, 0.454545454545
[[ 17.   8.   7.]
 [ 14.  25.   6.]
 [  1.  10.  12.]]
cf_score, 46.0
nv_score, -8.0
ratio, 0.545454545455
[[ 19.  20.   2.]
 [ 16.  12.   4.]
 [  7.   9.  11.]]
cf_score, 33.0
nv_score, 3.0
ratio, 0.424242424242
[[ 18.  13.   5.]
 [ 14.  16.   5.]
 [  4.  11.  14.]]
cf_score, 39.0
nv_score, -1.0
ratio, 0.484848484848
[[ 19.  13.  10.]
 [  9.  11.   6.]
 [ 11.  10.  11.]]
cf_score, 20.0
nv_score, -15.0
ratio, 0.414141414141
[[ 19.   8.  10.]
 [ 15.  19.   4.]
 [  4.   9.  12.]]
cf_score, 36.0
nv_score, -12.0
ratio, 0.505050505051
[[ 20.  12.   4.]
 [ 15.  17.   5.]
 [  2.  15.  10.]]
cf_score, 41.0
nv_score, -3.0
ratio, 0.474747474747
[[ 18.  15.   8.]
 [ 12.  14.   2.]
 [  9.  10.  12.]]
cf_score, 27.0
nv_score, -6.0
ratio, 0.444444444444
[[ 19.  11.   8.]
 [ 15.  17.   5.]
 [  5.   8.  12.]]
cf_score, 35.0
nv_score, -9.0
ratio, 0.484848484848
[[ 15.  11.   8.]
 [ 17.  20.   5.]
 [  4.   9.  11.]]
cf_score, 34.0
nv_score, -10.0
ratio, 0.464646464646
[[ 13.  14.   6.]
 [ 13.  17.   4.]
 [ 10.  10.  13.]]
cf_score, 27.0
nv_score, -3.0
ratio, 0.434343434343
[[ 21.   5.   5.]
 [ 16.  19.   6.]
 [  7.   7.  14.]]
cf_score, 42.0
nv_score, -2.0
ratio, 0.545454545455
[[ 23.  10.   3.]
 [ 18.  14.   0.]
 [  3.  15.  14.]]
cf_score, 45.0
nv_score, 8.0
ratio, 0.515151515152
[[ 17.   9.  12.]
 [  9.  15.   9.]
 [  6.   5.  18.]]
cf_score, 32.0
nv_score, -15.0
ratio, 0.505050505051
[[ 17.   9.   7.]
 [ 12.  23.   6.]
 [  5.  10.  11.]]
cf_score, 39.0
nv_score, -9.0
ratio, 0.515151515152
[[ 12.  14.   3.]
 [ 20.  18.   3.]
 [  9.   5.  16.]]
cf_score, 34.0
nv_score, 7.0
ratio, 0.464646464646
[[ 16.  16.   9.]
 [ 11.  16.  11.]
 [  8.   8.   5.]]
cf_score, 20.0
nv_score, -24.0
ratio, 0.373737373737
[[ 14.  15.   7.]
 [ 14.  15.   7.]
 [  8.   7.  13.]]
cf_score, 27.0
nv_score, -8.0
ratio, 0.424242424242
[[ 14.  10.  11.]
 [ 16.  13.   9.]
 [  5.   7.  15.]]
cf_score, 26.0
nv_score, -16.0
ratio, 0.424242424242
[[ 16.  19.   7.]
 [ 13.  14.   7.]
 [  2.  11.  11.]]
cf_score, 32.0
nv_score, -10.0
ratio, 0.414141414141
[[ 19.   8.  10.]
 [ 11.  18.   2.]
 [  6.  10.  16.]]
cf_score, 37.0
nv_score, -6.0
ratio, 0.535353535354
[[ 16.   8.   9.]
 [  8.  22.   5.]
 [  4.  14.  14.]]
cf_score, 39.0
nv_score, -9.0
ratio, 0.525252525253
[[ 20.  13.   5.]
 [  9.  16.   6.]
 [  3.  14.  14.]]
cf_score, 42.0
nv_score, -2.0
ratio, 0.505050505051
[[ 18.  10.   7.]
 [  9.  19.   7.]
 [  6.  12.  12.]]
cf_score, 36.0
nv_score, -9.0
ratio, 0.494949494949
[[ 11.  11.  11.]
 [ 12.  24.   2.]
 [  6.   9.  14.]]
cf_score, 32.0
nv_score, -10.0
ratio, 0.494949494949
[[ 19.  15.   3.]
 [ 14.  15.   6.]
 [  5.   5.  18.]]
cf_score, 44.0
nv_score, 6.0
ratio, 0.525252525253
[[ 18.   6.  11.]
 [ 12.  17.   6.]
 [  7.  11.  12.]]
cf_score, 29.0
nv_score, -16.0
ratio, 0.474747474747
[[ 14.  16.  11.]
 [  9.  18.   3.]
 [  3.   9.  17.]]
cf_score, 35.0
nv_score, -8.0
ratio, 0.494949494949
[[ 15.  11.   2.]
 [ 18.  23.   0.]
 [  7.   6.  18.]]
cf_score, 47.0
nv_score, 14.0
ratio, 0.565656565657
[[ 15.  17.  11.]
 [ 10.  14.   3.]
 [  0.   7.  23.]]
cf_score, 41.0
nv_score, -2.0
ratio, 0.525252525253
[[ 19.  10.   7.]
 [  9.  20.   6.]
 [  7.   9.  13.]]
cf_score, 38.0
nv_score, -7.0
ratio, 0.525252525253
[[ 29.  13.   8.]
 [  9.  15.   3.]
 [  4.   5.  14.]]
cf_score, 46.0
nv_score, -5.0
ratio, 0.585858585859
[[ 19.  11.  10.]
 [ 16.  16.   2.]
 [  8.   5.  13.]]
cf_score, 30.0
nv_score, -9.0
ratio, 0.484848484848
[[ 20.  18.   2.]
 [ 11.  15.   8.]
 [  5.  12.   9.]]
cf_score, 37.0
nv_score, -3.0
ratio, 0.444444444444
[[ 16.  15.   3.]
 [ 11.  24.   3.]
 [  6.  10.  12.]]
cf_score, 43.0
nv_score, 3.0
ratio, 0.525252525253
[[ 16.   8.   7.]
 [ 15.  18.   5.]
 [  3.   9.  19.]]
cf_score, 43.0
nv_score, 0.0
ratio, 0.535353535354
[[ 20.  12.   7.]
 [ 11.  24.   5.]
 [  6.   9.   6.]]
cf_score, 37.0
nv_score, -13.0
ratio, 0.505050505051
[[ 25.  15.   5.]
 [ 12.  19.   2.]
 [  4.   7.  11.]]
cf_score, 46.0
nv_score, -1.0
ratio, 0.555555555556
[[ 17.   7.   9.]
 [ 15.  22.   5.]
 [  6.  10.   9.]]
cf_score, 33.0
nv_score, -14.0
ratio, 0.484848484848
[[ 20.   9.   5.]
 [  9.  21.   7.]
 [  5.   9.  15.]]
cf_score, 46.0
nv_score, -2.0
ratio, 0.565656565657
[[ 21.  14.   3.]
 [  9.  22.   6.]
 [  7.  12.   6.]]
cf_score, 39.0
nv_score, -6.0
ratio, 0.494949494949
