[[ 26.   0.   9.]
 [ 29.   1.   7.]
 [ 14.   1.  13.]]
cf_score, 17.0
ratio, 0.40404040404
[[ 20.   3.  16.]
 [ 13.   2.  13.]
 [ 18.   7.   8.]]
cf_score, -4.0
ratio, 0.30303030303
[[ 20.   9.   8.]
 [ 17.   6.   9.]
 [ 12.   2.  17.]]
cf_score, 23.0
ratio, 0.434343434343
[[ 15.   6.   8.]
 [ 16.   8.   8.]
 [ 13.   4.  22.]]
cf_score, 24.0
ratio, 0.454545454545
[[ 15.  10.   9.]
 [ 10.  11.   8.]
 [ 19.   9.   9.]]
cf_score, 7.0
ratio, 0.353535353535
[[ 14.   8.   4.]
 [ 10.  16.  13.]
 [  9.  11.  15.]]
cf_score, 32.0
ratio, 0.454545454545
[[ 17.   7.   8.]
 [ 18.  15.   6.]
 [ 10.   2.  17.]]
cf_score, 31.0
ratio, 0.494949494949
[[ 14.   8.   9.]
 [  6.  19.   6.]
 [  7.   5.  26.]]
cf_score, 43.0
ratio, 0.59595959596
[[ 15.  11.  10.]
 [ 10.  16.   8.]
 [  4.   5.  21.]]
cf_score, 38.0
ratio, 0.525252525253
[[ 20.   5.  10.]
 [ 13.  14.   7.]
 [ 11.   6.  14.]]
cf_score, 27.0
ratio, 0.484848484848
[[ 11.  11.  13.]
 [  8.  11.  14.]
 [  4.   8.  20.]]
cf_score, 25.0
ratio, 0.424242424242
[[ 20.   9.   9.]
 [  7.  14.  14.]
 [  3.  10.  14.]]
cf_score, 36.0
ratio, 0.484848484848
[[ 20.  13.   4.]
 [ 14.  12.   9.]
 [ 11.   6.  11.]]
cf_score, 28.0
ratio, 0.434343434343
[[ 16.  13.   3.]
 [ 16.  16.  10.]
 [  5.   9.  12.]]
cf_score, 36.0
ratio, 0.444444444444
[[ 15.  12.  10.]
 [ 14.  10.   9.]
 [  1.   6.  23.]]
cf_score, 37.0
ratio, 0.484848484848
[[ 16.   9.   3.]
 [ 16.  11.   9.]
 [  7.  11.  18.]]
cf_score, 35.0
ratio, 0.454545454545
[[ 19.   8.   8.]
 [ 19.  13.   7.]
 [  7.   7.  12.]]
cf_score, 29.0
ratio, 0.444444444444
[[ 12.   6.   6.]
 [ 18.  13.   8.]
 [ 16.   7.  14.]]
cf_score, 17.0
ratio, 0.393939393939
[[ 11.  11.   9.]
 [ 11.  18.  12.]
 [  5.   2.  21.]]
cf_score, 36.0
ratio, 0.505050505051
[[ 17.  14.   8.]
 [ 10.  18.   4.]
 [ 10.   9.  10.]]
cf_score, 27.0
ratio, 0.454545454545
[[ 22.  11.   5.]
 [ 14.   9.   8.]
 [ 15.   5.  11.]]
cf_score, 22.0
ratio, 0.424242424242
[[ 11.   5.   5.]
 [ 13.   7.  14.]
 [ 15.   4.  26.]]
cf_score, 24.0
ratio, 0.444444444444
[[ 19.   4.   9.]
 [ 16.  14.  11.]
 [  4.   6.  17.]]
cf_score, 37.0
ratio, 0.505050505051
[[ 17.  11.   5.]
 [ 15.   9.  19.]
 [  8.   3.  13.]]
cf_score, 26.0
ratio, 0.393939393939
[[ 21.   4.   7.]
 [ 18.   8.   5.]
 [ 14.   8.  15.]]
cf_score, 23.0
ratio, 0.444444444444
[[ 16.  12.   6.]
 [ 16.  14.   7.]
 [ 11.   5.  13.]]
cf_score, 26.0
ratio, 0.434343434343
[[ 14.   9.   4.]
 [ 22.   7.   6.]
 [ 10.  10.  18.]]
cf_score, 25.0
ratio, 0.393939393939
[[ 20.  10.   5.]
 [ 15.  12.   7.]
 [  8.  11.  12.]]
cf_score, 31.0
ratio, 0.444444444444
[[ 21.   7.   7.]
 [ 12.  10.   8.]
 [ 12.   9.  14.]]
cf_score, 26.0
ratio, 0.454545454545
[[ 14.  13.   5.]
 [ 10.  10.   9.]
 [  9.   6.  24.]]
cf_score, 34.0
ratio, 0.484848484848
[[ 27.   7.   2.]
 [ 17.   9.   3.]
 [ 14.   5.  16.]]
cf_score, 36.0
ratio, 0.525252525253
[[ 16.   6.   4.]
 [ 19.  16.   9.]
 [ 11.   8.  11.]]
cf_score, 28.0
ratio, 0.434343434343
[[ 20.  13.   3.]
 [ 23.  10.   1.]
 [ 12.   4.  14.]]
cf_score, 29.0
ratio, 0.444444444444
[[ 19.   9.   2.]
 [ 19.  11.   5.]
 [  9.  13.  13.]]
cf_score, 32.0
ratio, 0.434343434343
[[ 20.   3.   9.]
 [ 15.  10.   7.]
 [ 11.   8.  17.]]
cf_score, 27.0
ratio, 0.474747474747
[[ 19.   7.   4.]
 [ 16.  10.  10.]
 [ 12.   7.  15.]]
cf_score, 28.0
ratio, 0.444444444444
[[ 30.   6.   2.]
 [ 11.  12.   8.]
 [ 10.   9.  12.]]
cf_score, 42.0
ratio, 0.545454545455
[[ 16.  10.   7.]
 [ 16.  11.  10.]
 [ 15.   8.   7.]]
cf_score, 12.0
ratio, 0.343434343434
[[ 21.   4.   2.]
 [ 27.  11.   3.]
 [ 13.   8.  11.]]
cf_score, 28.0
ratio, 0.434343434343
[[ 21.   7.   4.]
 [ 15.  14.   3.]
 [ 14.   6.  16.]]
cf_score, 33.0
ratio, 0.515151515152
[[ 21.   7.   6.]
 [ 18.  12.   8.]
 [  8.   5.  15.]]
cf_score, 34.0
ratio, 0.484848484848
[[ 17.   7.   3.]
 [ 22.  15.   7.]
 [ 16.   7.   6.]]
cf_score, 19.0
ratio, 0.383838383838
[[ 14.  11.   5.]
 [ 14.  14.   4.]
 [ 12.   5.  21.]]
cf_score, 32.0
ratio, 0.494949494949
[[ 20.   8.   2.]
 [ 23.  16.  10.]
 [ 10.   7.   4.]]
cf_score, 28.0
ratio, 0.40404040404
[[ 25.   6.   5.]
 [ 22.   9.   4.]
 [ 10.  10.   9.]]
cf_score, 28.0
ratio, 0.434343434343
[[ 19.  11.   3.]
 [ 13.  20.   6.]
 [  9.   5.  14.]]
cf_score, 41.0
ratio, 0.535353535354
[[ 17.   6.   2.]
 [ 14.  14.  11.]
 [ 13.   8.  15.]]
cf_score, 31.0
ratio, 0.464646464646
[[ 18.   7.   9.]
 [ 20.   8.  10.]
 [  8.   7.  13.]]
cf_score, 22.0
ratio, 0.393939393939
[[ 20.   9.   2.]
 [ 20.  18.   8.]
 [ 11.   6.   6.]]
cf_score, 31.0
ratio, 0.444444444444
[[ 15.   5.   6.]
 [ 18.   9.   7.]
 [ 19.   6.  15.]]
cf_score, 14.0
ratio, 0.393939393939
[[ 18.  11.   3.]
 [ 11.  12.   3.]
 [ 12.   9.  21.]]
cf_score, 36.0
ratio, 0.515151515152
[[ 23.  11.   5.]
 [ 17.   6.  10.]
 [  7.   6.  15.]]
cf_score, 32.0
ratio, 0.444444444444
[[ 23.  14.   8.]
 [ 15.  11.   5.]
 [  8.   3.  13.]]
cf_score, 31.0
ratio, 0.474747474747
[[ 16.  10.   6.]
 [ 19.  11.   5.]
 [ 14.   5.  14.]]
cf_score, 21.0
ratio, 0.414141414141
[[ 14.   5.   4.]
 [ 30.  13.   5.]
 [  8.   9.  12.]]
cf_score, 27.0
ratio, 0.393939393939
[[ 20.   7.   3.]
 [ 19.  16.   3.]
 [ 19.   4.   9.]]
cf_score, 23.0
ratio, 0.454545454545
[[ 20.   7.   7.]
 [ 14.  11.  17.]
 [  6.   7.  11.]]
cf_score, 29.0
ratio, 0.424242424242
[[ 21.   6.   3.]
 [ 20.   8.   9.]
 [ 14.   4.  15.]]
cf_score, 27.0
ratio, 0.444444444444
[[ 15.   9.   8.]
 [ 10.  15.   5.]
 [  9.  13.  16.]]
cf_score, 29.0
ratio, 0.464646464646
[[ 30.   6.   4.]
 [ 14.   7.   9.]
 [ 10.   8.  12.]]
cf_score, 35.0
ratio, 0.494949494949
[[ 27.   7.   4.]
 [ 21.   7.   1.]
 [  6.   7.  20.]]
cf_score, 44.0
ratio, 0.545454545455
[[ 32.   5.   3.]
 [ 20.  14.   2.]
 [ 11.   5.   8.]]
cf_score, 40.0
ratio, 0.545454545455
[[ 21.  10.   3.]
 [ 19.   7.  14.]
 [ 10.   4.  12.]]
cf_score, 27.0
ratio, 0.40404040404
[[ 24.  10.   8.]
 [ 10.   8.  12.]
 [  8.   7.  13.]]
cf_score, 29.0
ratio, 0.454545454545
[[ 24.   8.   2.]
 [ 20.  16.   5.]
 [ 10.   3.  12.]]
cf_score, 40.0
ratio, 0.525252525253
[[ 19.   5.   5.]
 [ 17.  11.  13.]
 [ 10.   8.  12.]]
cf_score, 27.0
ratio, 0.424242424242
[[ 23.  10.   3.]
 [ 16.   9.   8.]
 [  7.  13.  11.]]
cf_score, 33.0
ratio, 0.434343434343
[[ 21.  12.   7.]
 [ 16.  10.  12.]
 [  5.   6.  11.]]
cf_score, 30.0
ratio, 0.424242424242
[[ 24.   3.   1.]
 [ 23.   9.   2.]
 [ 12.  11.  15.]]
cf_score, 35.0
ratio, 0.484848484848
[[ 28.   7.   1.]
 [ 20.  10.   3.]
 [ 12.   6.  13.]]
cf_score, 38.0
ratio, 0.515151515152
[[ 16.   6.   1.]
 [ 21.   9.   8.]
 [ 19.  10.  10.]]
cf_score, 15.0
ratio, 0.353535353535
[[ 26.   7.   4.]
 [ 24.  10.   8.]
 [  4.   6.  11.]]
cf_score, 39.0
ratio, 0.474747474747
[[ 16.  12.   4.]
 [ 19.   9.   5.]
 [ 18.   6.  11.]]
cf_score, 14.0
ratio, 0.363636363636
[[ 27.   7.   3.]
 [ 12.  11.   9.]
 [ 10.   9.  12.]]
cf_score, 37.0
ratio, 0.505050505051
[[ 16.   5.   4.]
 [ 23.  16.   3.]
 [ 13.   6.  14.]]
cf_score, 29.0
ratio, 0.464646464646
[[ 24.   7.   4.]
 [ 16.   9.   9.]
 [ 13.   8.  10.]]
cf_score, 26.0
ratio, 0.434343434343
[[ 23.   7.   5.]
 [ 20.  13.  12.]
 [  5.   6.   9.]]
cf_score, 35.0
ratio, 0.454545454545
[[ 29.   7.   7.]
 [  9.   8.   7.]
 [ 13.   7.  13.]]
cf_score, 30.0
ratio, 0.505050505051
[[ 20.  11.   3.]
 [ 18.  16.   4.]
 [ 11.   5.  12.]]
cf_score, 34.0
ratio, 0.484848484848
[[ 23.   8.   3.]
 [ 13.   9.   6.]
 [ 15.   7.  16.]]
cf_score, 30.0
ratio, 0.484848484848
[[  6.  10.   6.]
 [ 17.  15.  10.]
 [  8.  10.  18.]]
cf_score, 25.0
ratio, 0.393939393939
[[ 21.   8.   7.]
 [ 12.  14.  12.]
 [  4.   9.  13.]]
cf_score, 37.0
ratio, 0.484848484848
[[ 13.  10.   7.]
 [ 13.   8.  14.]
 [ 10.   6.  19.]]
cf_score, 23.0
ratio, 0.40404040404
[[ 25.   7.   3.]
 [ 13.   8.   4.]
 [ 12.  13.  15.]]
cf_score, 33.0
ratio, 0.484848484848
[[ 20.  11.   5.]
 [ 13.  11.   7.]
 [ 12.  10.  11.]]
cf_score, 25.0
ratio, 0.424242424242
[[ 18.  13.   4.]
 [ 18.   9.   7.]
 [  8.   8.  15.]]
cf_score, 30.0
ratio, 0.424242424242
[[ 15.   7.   9.]
 [ 15.  13.   8.]
 [  9.   7.  17.]]
cf_score, 27.0
ratio, 0.454545454545
[[ 20.   7.   3.]
 [ 17.   9.  13.]
 [ 12.   7.  12.]]
cf_score, 26.0
ratio, 0.414141414141
[[ 21.   5.   2.]
 [ 17.   9.   6.]
 [  9.  10.  21.]]
cf_score, 40.0
ratio, 0.515151515152
[[ 20.   7.   7.]
 [  9.  16.   9.]
 [ 13.   6.  13.]]
cf_score, 29.0
ratio, 0.494949494949
[[ 17.  13.   4.]
 [ 12.   9.  12.]
 [ 15.   7.  11.]]
cf_score, 18.0
ratio, 0.373737373737
[[ 21.  13.   3.]
 [ 18.  10.   6.]
 [  8.  11.  10.]]
cf_score, 30.0
ratio, 0.414141414141
[[ 26.   5.   4.]
 [ 21.  10.   9.]
 [  7.   5.  13.]]
cf_score, 38.0
ratio, 0.494949494949
[[ 23.   6.   3.]
 [ 17.   6.   4.]
 [ 21.   8.  12.]]
cf_score, 17.0
ratio, 0.414141414141
[[ 20.   9.   4.]
 [ 18.  10.   6.]
 [ 13.   4.  16.]]
cf_score, 29.0
ratio, 0.464646464646
[[ 18.  13.   4.]
 [  9.  10.  16.]
 [  3.  13.  14.]]
cf_score, 35.0
ratio, 0.424242424242
[[ 19.  10.   1.]
 [ 11.  15.   4.]
 [ 19.   9.  12.]]
cf_score, 26.0
ratio, 0.464646464646
[[ 19.  12.   5.]
 [ 12.  13.   4.]
 [  7.  10.  18.]]
cf_score, 38.0
ratio, 0.505050505051
[[ 15.  12.   3.]
 [ 17.  15.   7.]
 [ 10.   6.  15.]]
cf_score, 32.0
ratio, 0.454545454545
[[ 17.   6.   6.]
 [ 21.  19.   2.]
 [  8.   4.  17.]]
cf_score, 39.0
ratio, 0.535353535354
