[[  1.  21.  11.]
 [  0.  29.   5.]
 [  1.  16.  16.]]
cf_score, 34.0
nv_score, -11.0
ratio, 0.464646464646
[[  1.  23.   9.]
 [  5.  25.   2.]
 [  4.  13.  18.]]
cf_score, 31.0
nv_score, -2.0
ratio, 0.444444444444
[[  3.  17.   7.]
 [  2.  30.   2.]
 [  6.  18.  15.]]
cf_score, 35.0
nv_score, -1.0
ratio, 0.484848484848
[[  6.  16.  14.]
 [  7.  26.   4.]
 [  7.   8.  12.]]
cf_score, 23.0
nv_score, -20.0
ratio, 0.444444444444
[[  3.  22.   6.]
 [  1.  28.   4.]
 [  7.  11.  18.]]
cf_score, 36.0
nv_score, 2.0
ratio, 0.494949494949
[[  1.  24.   9.]
 [  4.  28.   0.]
 [  1.  17.  16.]]
cf_score, 35.0
nv_score, -2.0
ratio, 0.454545454545
[[  0.  24.   6.]
 [  0.  29.   1.]
 [  0.  24.  16.]]
cf_score, 39.0
nv_score, 3.0
ratio, 0.454545454545
[[  0.  17.  11.]
 [  0.  22.  12.]
 [  0.  11.  27.]]
cf_score, 38.0
nv_score, -7.0
ratio, 0.494949494949
[[  0.  16.  12.]
 [  0.  30.  10.]
 [  0.  11.  21.]]
cf_score, 39.0
nv_score, -13.0
ratio, 0.515151515152
[[  0.  30.  11.]
 [  0.  24.   5.]
 [  0.  21.   9.]]
cf_score, 22.0
nv_score, -18.0
ratio, 0.333333333333
[[  0.  15.  16.]
 [  0.  22.   9.]
 [  0.   9.  29.]]
cf_score, 35.0
nv_score, -12.0
ratio, 0.515151515152
[[  0.  24.   8.]
 [  0.  29.   2.]
 [  0.  13.  24.]]
cf_score, 45.0
nv_score, 6.0
ratio, 0.535353535354
[[  0.  15.  15.]
 [  0.  37.   5.]
 [  1.  17.  10.]]
cf_score, 31.0
nv_score, -25.0
ratio, 0.474747474747
[[  0.  21.  11.]
 [  0.  28.   3.]
 [  0.  14.  23.]]
cf_score, 40.0
nv_score, -2.0
ratio, 0.515151515152
[[  0.  16.  13.]
 [  0.  25.  13.]
 [  1.  14.  18.]]
cf_score, 29.0
nv_score, -21.0
ratio, 0.434343434343
[[  0.  17.  12.]
 [  0.  32.   8.]
 [  0.  12.  19.]]
cf_score, 39.0
nv_score, -13.0
ratio, 0.515151515152
[[  1.  16.  17.]
 [  0.  26.   7.]
 [  1.  16.  16.]]
cf_score, 25.0
nv_score, -25.0
ratio, 0.434343434343
[[  1.  21.   6.]
 [  1.  32.   5.]
 [  0.  20.  14.]]
cf_score, 41.0
nv_score, -3.0
ratio, 0.474747474747
[[  0.  25.  11.]
 [  0.  20.  10.]
 [  0.  17.  17.]]
cf_score, 26.0
nv_score, -15.0
ratio, 0.373737373737
[[  1.  16.  15.]
 [  0.  19.   9.]
 [  0.  12.  28.]]
cf_score, 33.0
nv_score, -11.0
ratio, 0.484848484848
[[  0.  12.  11.]
 [  0.  31.  11.]
 [  0.  18.  17.]]
cf_score, 37.0
nv_score, -16.0
ratio, 0.484848484848
[[  1.  16.   6.]
 [  1.  31.   3.]
 [  1.  27.  14.]]
cf_score, 39.0
nv_score, -1.0
ratio, 0.464646464646
[[  0.  22.  10.]
 [  0.  29.  11.]
 [  0.   4.  24.]]
cf_score, 43.0
nv_score, -7.0
ratio, 0.535353535354
[[  0.  18.  16.]
 [  0.  23.   6.]
 [  3.  14.  20.]]
cf_score, 24.0
nv_score, -18.0
ratio, 0.434343434343
[[  2.  21.  12.]
 [  0.  18.  10.]
 [  2.  13.  22.]]
cf_score, 28.0
nv_score, -12.0
ratio, 0.424242424242
[[  0.  22.  13.]
 [  0.  29.   4.]
 [  0.  14.  18.]]
cf_score, 34.0
nv_score, -12.0
ratio, 0.474747474747
[[  0.  12.  16.]
 [  0.  26.  13.]
 [  0.  12.  21.]]
cf_score, 31.0
nv_score, -24.0
ratio, 0.474747474747
[[  1.  25.  18.]
 [  1.  13.   9.]
 [  0.  10.  23.]]
cf_score, 19.0
nv_score, -22.0
ratio, 0.373737373737
[[  0.  23.   7.]
 [  1.  19.   6.]
 [  2.  22.  20.]]
cf_score, 30.0
nv_score, 0.0
ratio, 0.393939393939
[[  2.  28.  10.]
 [  0.  21.   9.]
 [  2.   8.  20.]]
cf_score, 31.0
nv_score, -9.0
ratio, 0.434343434343
[[  1.  20.   8.]
 [  0.  31.   6.]
 [  2.  15.  17.]]
cf_score, 39.0
nv_score, -5.0
ratio, 0.494949494949
[[  1.  21.  12.]
 [  0.  26.   5.]
 [  0.  16.  19.]]
cf_score, 34.0
nv_score, -10.0
ratio, 0.464646464646
[[  0.  28.  10.]
 [  0.  22.   7.]
 [  1.  15.  17.]]
cf_score, 28.0
nv_score, -10.0
ratio, 0.393939393939
[[  1.  23.  11.]
 [  2.  23.   3.]
 [  1.  20.  16.]]
cf_score, 28.0
nv_score, -9.0
ratio, 0.40404040404
[[  0.  19.  10.]
 [  1.  29.   4.]
 [  0.  14.  23.]]
cf_score, 42.0
nv_score, -1.0
ratio, 0.525252525253
[[  0.  12.   9.]
 [  2.  30.   7.]
 [  2.  17.  21.]]
cf_score, 40.0
nv_score, -4.0
ratio, 0.515151515152
[[  0.  19.  13.]
 [  0.  26.  10.]
 [  0.  10.  22.]]
cf_score, 35.0
nv_score, -14.0
ratio, 0.484848484848
[[  1.  14.  12.]
 [  2.  27.  14.]
 [  1.  11.  18.]]
cf_score, 33.0
nv_score, -20.0
ratio, 0.464646464646
[[  1.  19.  13.]
 [  3.  25.   6.]
 [  0.   8.  25.]]
cf_score, 38.0
nv_score, -7.0
ratio, 0.515151515152
[[  3.  22.  12.]
 [  2.  23.   4.]
 [  0.  18.  16.]]
cf_score, 30.0
nv_score, -12.0
ratio, 0.424242424242
[[  2.  19.  13.]
 [  0.  33.   9.]
 [  0.   6.  18.]]
cf_score, 40.0
nv_score, -17.0
ratio, 0.535353535354
[[  0.  25.  13.]
 [  0.  22.   4.]
 [  2.  17.  17.]]
cf_score, 24.0
nv_score, -13.0
ratio, 0.393939393939
[[  1.  14.   8.]
 [  1.  33.  10.]
 [  0.  11.  22.]]
cf_score, 48.0
nv_score, -4.0
ratio, 0.565656565657
[[  1.  19.  11.]
 [  0.  29.   9.]
 [  1.  10.  20.]]
cf_score, 38.0
nv_score, -11.0
ratio, 0.505050505051
[[  2.   9.  11.]
 [  1.  29.   9.]
 [  2.  15.  22.]]
cf_score, 40.0
nv_score, -9.0
ratio, 0.535353535354
[[  2.  16.   8.]
 [  1.  29.   5.]
 [  2.  13.  24.]]
cf_score, 45.0
nv_score, 3.0
ratio, 0.555555555556
[[  1.  28.   7.]
 [  1.  19.   8.]
 [  1.  16.  19.]]
cf_score, 31.0
nv_score, -3.0
ratio, 0.393939393939
[[  0.  16.  20.]
 [  1.  23.   7.]
 [  2.  16.  15.]]
cf_score, 16.0
nv_score, -32.0
ratio, 0.383838383838
[[  0.  21.  15.]
 [  0.  20.  10.]
 [  1.   9.  24.]]
cf_score, 28.0
nv_score, -16.0
ratio, 0.444444444444
[[  1.  18.  13.]
 [  0.  28.   6.]
 [  1.  14.  19.]]
cf_score, 34.0
nv_score, -13.0
ratio, 0.484848484848
