2021-08-02 04:00:00,351.33,351.33,351.28,351.28,300
2021-08-02 04:15:00,351.12,351.12,351.01,351.01,1400
2021-08-02 05:15:00,351.2,351.2,351.2,351.2,200
2021-08-02 05:30:00,351.17,351.17,351.17,351.17,300
2021-08-02 05:35:00,351.33,351.33,351.33,351.33,300
2021-08-02 06:00:00,351.0,351.0,351.0,351.0,100
2021-08-02 06:55:00,350.59,350.59,350.47,350.49,1200
2021-08-02 07:00:00,350.25,350.28,350.2,350.2,500
2021-08-02 07:05:00,350.27,350.27,350.27,350.27,100
2021-08-02 07:10:00,350.23,350.23,350.23,350.23,100
2021-08-02 07:15:00,350.53,350.53,350.53,350.53,100
2021-08-02 07:20:00,350.48,350.51,350.48,350.51,1000
2021-08-02 07:25:00,350.4,350.4,350.4,350.4,300
2021-08-02 07:40:00,350.6,350.6,350.57,350.57,800
2021-08-02 07:50:00,350.57,350.57,350.57,350.57,108
2021-08-02 08:00:00,350.6,351.35,350.44,350.67,2351
2021-08-02 08:05:00,350.53,350.53,350.47,350.47,300
2021-08-02 08:10:00,350.54,350.54,350.54,350.54,1000
2021-08-02 08:15:00,350.56,350.57,350.56,350.57,1000
2021-08-02 08:20:00,350.55,350.55,350.25,350.33,2650
2021-08-02 08:25:00,350.33,350.4,350.32,350.4,650
2021-08-02 08:30:00,350.35,350.35,350.35,350.35,100
2021-08-02 08:35:00,350.28,350.36,350.28,350.36,297
2021-08-02 08:45:00,350.25,350.25,350.25,350.25,125
2021-08-02 09:00:00,350.5,350.5,350.5,350.5,200
2021-08-02 09:05:00,350.53,350.53,350.25,350.25,2255
2021-08-02 09:15:00,350.33,350.33,350.29,350.33,600
2021-08-02 09:25:00,350.45,350.51,350.43,350.43,5330
2021-08-02 09:30:00,350.45,351.14,350.15,350.93,176260
2021-08-02 09:35:00,350.97,351.2024,350.62,351.0,106910
2021-08-02 09:40:00,351.0,351.41,351.0,351.19,75267
2021-08-02 09:45:00,351.24,351.63,351.15,351.55,96423
2021-08-02 09:50:00,351.58,351.91,351.17,351.17,72433
2021-08-02 09:55:00,351.13,351.47,351.07,351.14,31527
2021-08-02 10:00:00,351.15,351.26,350.79,351.0,29563
2021-08-02 10:05:00,351.03,351.27,350.73,351.24,34866
2021-08-02 10:10:00,351.25,351.3873,350.94,351.25,16211
2021-08-02 10:15:00,351.24,351.37,351.1,351.13,13036
2021-08-02 10:20:00,351.06,351.32,351.0,351.21,22258
2021-08-02 10:25:00,351.25,351.49,351.14,351.16,57090
2021-08-02 10:30:00,351.19,351.52,351.19,351.36,22736
2021-08-02 10:35:00,351.37,351.4,351.1,351.12,17740
2021-08-02 10:40:00,351.12,351.14,350.885,350.885,22225
2021-08-02 10:45:00,350.9,351.01,350.8,350.8,17618
2021-08-02 10:50:00,350.7519,350.8899,350.69,350.77,23442
2021-08-02 10:55:00,350.71,350.73,350.4799,350.52,19988
2021-08-02 11:00:00,350.49,350.5816,350.39,350.5599,18294
2021-08-02 11:05:00,350.53,350.7785,350.49,350.75,19319
2021-08-02 11:10:00,350.76,350.82,350.61,350.62,8974
2021-08-02 11:15:00,350.61,350.62,350.38,350.41,11816
2021-08-02 11:20:00,350.43,350.64,350.32,350.63,13420
2021-08-02 11:25:00,350.64,350.7,350.53,350.59,6985
2021-08-02 11:30:00,350.6,350.68,350.44,350.6,15038
2021-08-02 11:35:00,350.61,350.64,350.18,350.28,19824
2021-08-02 11:40:00,350.28,350.3982,350.235,350.35,28058
2021-08-02 11:45:00,350.35,350.44,350.2954,350.3,12835
2021-08-02 11:50:00,350.3,350.31,349.97,350.06,26567
2021-08-02 11:55:00,350.12,350.13,349.52,349.55,34873
2021-08-02 12:00:00,349.52,349.57,349.16,349.305,46415
2021-08-02 12:05:00,349.37,349.43,349.1,349.24,27218
2021-08-02 12:10:00,349.24,349.45,349.2,349.365,17793
2021-08-02 12:15:00,349.3,349.38,349.3,349.36,15803
2021-08-02 12:20:00,349.36,349.37,349.07,349.0725,42920
2021-08-02 12:25:00,349.0915,349.34,349.02,349.34,15136
2021-08-02 12:30:00,349.28,349.7401,349.25,349.72,16447
2021-08-02 12:35:00,349.75,349.87,349.68,349.8558,13816
2021-08-02 12:40:00,349.8,349.83,349.7,349.79,11681
2021-08-02 12:45:00,349.8,349.8,349.59,349.66,10910
2021-08-02 12:50:00,349.66,349.67,349.565,349.6,4626
2021-08-02 12:55:00,349.6,349.6301,349.435,349.6301,5577
2021-08-02 13:00:00,349.66,349.8,349.56,349.6,14229
2021-08-02 13:05:00,349.6,349.75,349.55,349.693,18639
2021-08-02 13:10:00,349.66,349.87,349.66,349.77,7500
2021-08-02 13:15:00,349.77,349.88,349.61,349.83,17460
2021-08-02 13:20:00,349.82,349.86,349.79,349.8,11925
2021-08-02 13:25:00,349.77,349.8,349.59,349.67,7739
2021-08-02 13:30:00,349.6599,349.71,349.44,349.59,15224
2021-08-02 13:35:00,349.61,349.62,349.4,349.4,10344
2021-08-02 13:40:00,349.41,349.52,349.37,349.37,7523
2021-08-02 13:45:00,349.35,349.4,349.2,349.27,19366
2021-08-02 13:50:00,349.27,349.3299,349.06,349.3,14468
2021-08-02 13:55:00,349.31,349.46,349.3,349.42,7373
2021-08-02 14:00:00,349.35,349.415,349.2,349.23,11918
2021-08-02 14:05:00,349.23,349.46,349.23,349.31,22328
2021-08-02 14:10:00,349.33,349.66,349.33,349.64,19495
2021-08-02 14:15:00,349.6561,349.6561,349.56,349.63,11329
2021-08-02 14:20:00,349.64,349.65,349.36,349.38,19553
2021-08-02 14:25:00,349.36,349.41,349.26,349.38,22612
2021-08-02 14:30:00,349.35,349.49,349.29,349.48,10016
2021-08-02 14:35:00,349.52,349.58,349.47,349.52,9109
2021-08-02 14:40:00,349.53,349.55,349.3,349.34,18285
2021-08-02 14:45:00,349.35,349.41,349.24,349.41,8143
2021-08-02 14:50:00,349.39,349.51,349.3414,349.35,20602
2021-08-02 14:55:00,349.37,349.4023,349.28,349.38,16272
2021-08-02 15:00:00,349.36,349.37,349.2505,349.3,18107
2021-08-02 15:05:00,349.3,349.33,349.08,349.11,25797
2021-08-02 15:10:00,349.11,349.19,349.05,349.08,14459
2021-08-02 15:15:00,349.05,349.2,349.05,349.16,26981
2021-08-02 15:20:00,349.16,349.16,348.97,349.0,39421
2021-08-02 15:25:00,348.98,349.0,348.85,348.94,18235
2021-08-02 15:30:00,348.945,348.96,348.71,348.91,42243
2021-08-02 15:35:00,348.93,349.0,348.76,348.76,25198
2021-08-02 15:40:00,348.75,348.8399,348.57,348.57,32746
2021-08-02 15:45:00,348.55,348.6,348.36,348.36,52246
2021-08-02 15:50:00,348.39,348.62,348.15,348.24,128680
2021-08-02 15:55:00,348.22,348.41,348.06,348.35,99683
2021-08-02 16:00:00,348.37,348.48,348.34,348.39,20670
2021-08-02 16:05:00,348.37,348.45,348.37,348.44,1600
2021-08-02 16:10:00,348.35,348.64,348.35,348.64,3720
2021-08-02 16:15:00,348.58,348.6,348.35,348.6,1244
2021-08-02 16:20:00,348.61,348.61,348.6,348.61,900
2021-08-02 16:25:00,348.63,348.65,348.63,348.65,2400
2021-08-02 16:50:00,348.75,348.75,348.75,348.75,1000
2021-08-02 17:10:00,348.7,348.78,348.7,348.78,530
2021-08-02 17:15:00,348.6,348.6,348.6,348.6,243
2021-08-02 17:20:00,348.55,348.55,348.55,348.55,286
2021-08-02 17:35:00,348.8,348.8,348.8,348.8,100
2021-08-02 17:50:00,348.6,348.6,348.54,348.54,300
2021-08-02 18:00:00,348.66,348.66,348.66,348.66,100
2021-08-02 18:05:00,348.65,348.67,348.65,348.67,400
2021-08-02 18:10:00,348.71,348.75,348.71,348.75,300
2021-08-02 18:20:00,348.77,348.77,348.77,348.77,104
2021-08-02 18:30:00,348.35,348.78,348.35,348.74,500
2021-08-02 18:40:00,348.92,348.92,348.92,348.92,100
2021-08-02 18:55:00,349.021,349.021,349.021,349.021,200
2021-08-02 19:00:00,349.01,349.01,349.0,349.0,5000
2021-08-02 19:05:00,349.0,349.0,349.0,349.0,150
2021-08-02 19:25:00,348.97,348.97,348.97,348.97,510
2021-08-02 19:40:00,348.86,348.86,348.86,348.86,300
2021-08-02 19:45:00,348.9,348.9,348.9,348.9,200
2021-08-02 19:50:00,348.9,348.91,348.9,348.91,1252
2021-08-02 19:55:00,349.05,349.05,349.05,349.05,100
2021-08-03 04:00:00,349.72,349.72,349.72,349.72,100
2021-08-03 06:15:00,349.88,349.88,349.86,349.86,300
2021-08-03 06:20:00,349.85,349.89,349.85,349.89,300
2021-08-03 06:55:00,349.98,349.98,349.98,349.98,800
2021-08-03 07:00:00,349.97,350.01,349.85,349.96,6859
2021-08-03 07:05:00,349.95,349.96,349.95,349.96,700
2021-08-03 07:30:00,349.9,349.9,349.9,349.9,100
2021-08-03 07:35:00,349.91,349.92,349.91,349.92,1252
2021-08-03 07:40:00,349.95,349.98,349.95,349.98,300
2021-08-03 08:00:00,349.96,350.03,349.96,350.03,400
2021-08-03 08:05:00,349.72,349.72,349.72,349.72,200
2021-08-03 08:10:00,349.61,349.61,349.61,349.61,400
2021-08-03 08:15:00,349.34,349.35,349.34,349.35,500
2021-08-03 08:20:00,349.25,349.25,349.02,349.02,840
2021-08-03 08:25:00,349.08,349.09,348.95,349.0,3550
2021-08-03 08:30:00,349.04,349.19,349.04,349.19,1280
2021-08-03 08:35:00,349.1,349.1,349.1,349.1,100
2021-08-03 08:40:00,349.08,349.08,349.08,349.08,100
2021-08-03 08:50:00,349.08,349.1401,349.08,349.1401,200
2021-08-03 08:55:00,349.23,349.23,349.23,349.23,100
2021-08-03 09:00:00,349.3,349.3,349.3,349.3,100
2021-08-03 09:05:00,349.15,349.21,349.07,349.08,600
2021-08-03 09:10:00,348.95,348.95,348.95,348.95,100
2021-08-03 09:15:00,348.88,348.93,348.88,348.9,701
2021-08-03 09:20:00,348.87,349.04,348.87,349.04,300
2021-08-03 09:25:00,349.08,349.08,349.07,349.07,1689
2021-08-03 09:30:00,349.09,349.41,348.76,348.96,54645
2021-08-03 09:35:00,349.02,349.077,348.4702,348.56,39406
2021-08-03 09:40:00,348.555,348.555,347.94,348.04,164910
2021-08-03 09:45:00,348.04,348.05,347.51,347.52,95066
2021-08-03 09:50:00,347.5,347.81,347.3,347.4,155883
2021-08-03 09:55:00,347.33,347.5,347.11,347.26,39976
2021-08-03 10:00:00,347.21,347.8599,347.21,347.582,61349
2021-08-03 10:05:00,347.59,347.81,347.46,347.62,144770
2021-08-03 10:10:00,347.6,347.71,347.41,347.6,26409
2021-08-03 10:15:00,347.61,348.57,347.5,348.515,31118
2021-08-03 10:20:00,348.5,348.86,348.34,348.77,57444
2021-08-03 10:25:00,348.77,348.91,348.66,348.81,160224
2021-08-03 10:30:00,348.85,348.96,348.48,348.505,39384
2021-08-03 10:35:00,348.53,348.83,348.4,348.73,111176
2021-08-03 10:40:00,348.71,348.99,348.67,348.87,25004
2021-08-03 10:45:00,348.91,349.13,348.69,349.1117,56121
2021-08-03 10:50:00,349.15,349.27,348.97,348.97,19882
2021-08-03 10:55:00,348.99,349.06,348.63,348.64,25855
2021-08-03 11:00:00,348.69,349.03,348.63,348.75,37315
2021-08-03 11:05:00,348.78,349.18,348.67,349.0,14840
2021-08-03 11:10:00,348.96,349.25,348.88,349.16,22224
2021-08-03 11:15:00,349.13,349.16,348.86,348.89,26364
2021-08-03 11:20:00,348.87,349.01,348.77,348.97,37977
2021-08-03 11:25:00,348.99,349.33,348.92,349.32,48571
2021-08-03 11:30:00,349.34,349.62,349.319,349.56,43405
2021-08-03 11:35:00,349.54,349.68,349.5,349.62,21484
2021-08-03 11:40:00,349.62,350.56,349.6,350.41,128838
2021-08-03 11:45:00,350.41,350.44,350.14,350.15,51504
2021-08-03 11:50:00,350.16,350.309,350.0901,350.15,19003
2021-08-03 11:55:00,350.18,350.28,350.0622,350.19,20031
2021-08-03 12:00:00,350.22,350.25,350.0503,350.1,14337
2021-08-03 12:05:00,350.1,350.14,349.99,350.01,30911
2021-08-03 12:10:00,350.02,350.04,349.94,349.95,13218
2021-08-03 12:15:00,349.97,350.03,349.7343,349.7343,22251
2021-08-03 12:20:00,349.78,349.83,349.69,349.769,12135
2021-08-03 12:25:00,349.73,349.88,349.71,349.85,31800
2021-08-03 12:30:00,349.84,349.9,349.7001,349.88,6816
2021-08-03 12:35:00,349.9,349.99,349.85,349.98,11102
2021-08-03 12:40:00,349.98,350.15,349.98,350.11,10619
2021-08-03 12:45:00,350.11,350.13,350.01,350.03,10326
2021-08-03 12:50:00,350.05,350.07,349.97,350.01,5491
2021-08-03 12:55:00,350.02,350.06,349.9713,350.01,6692
2021-08-03 13:00:00,350.03,350.28,350.03,350.15,23400
2021-08-03 13:05:00,350.16,350.3001,350.16,350.28,22288
2021-08-03 13:10:00,350.29,350.33,350.2,350.32,13496
2021-08-03 13:15:00,350.33,350.355,350.27,350.32,8502
2021-08-03 13:20:00,350.34,350.395,350.28,350.36,11484
2021-08-03 13:25:00,350.33,350.43,350.3,350.41,23427
2021-08-03 13:30:00,350.41,350.52,350.34,350.47,7480
2021-08-03 13:35:00,350.46,350.46,350.32,350.35,12251
2021-08-03 13:40:00,350.36,350.425,350.32,350.34,16882
2021-08-03 13:45:00,350.35,350.44,350.3,350.4,27388
2021-08-03 13:50:00,350.4,350.49,350.38,350.43,16329
2021-08-03 13:55:00,350.45,350.48,350.42,350.455,16803
2021-08-03 14:00:00,350.46,350.54,350.32,350.45,29686
2021-08-03 14:05:00,350.42,350.57,350.38,350.5399,11000
2021-08-03 14:10:00,350.56,350.75,350.54,350.59,29685
2021-08-03 14:15:00,350.59,350.69,350.55,350.62,11870
2021-08-03 14:20:00,350.62,350.69,350.57,350.57,11418
2021-08-03 14:25:00,350.58,350.67,350.56,350.61,11750
2021-08-03 14:30:00,350.58,350.75,350.56,350.649,32867
2021-08-03 14:35:00,350.655,350.655,350.55,350.62,8643
2021-08-03 14:40:00,350.63,350.67,350.61,350.61,9475
2021-08-03 14:45:00,350.64,350.64,350.43,350.44,37531
2021-08-03 14:50:00,350.47,350.53,350.4412,350.51,22608
2021-08-03 14:55:00,350.5096,350.62,350.5096,350.58,8916
2021-08-03 15:00:00,350.61,350.7325,350.61,350.71,27977
2021-08-03 15:05:00,350.7,350.93,350.69,350.8201,26050
2021-08-03 15:10:00,350.82,350.86,350.71,350.805,23522
2021-08-03 15:15:00,350.81,350.9601,350.81,350.9,17007
2021-08-03 15:20:00,350.92,351.02,350.848,351.0,40300
2021-08-03 15:25:00,351.01,351.04,350.94,351.0,14270
2021-08-03 15:30:00,350.98,351.075,350.93,351.02,32849
2021-08-03 15:35:00,351.0,351.15,350.97,350.98,48669
2021-08-03 15:40:00,350.9831,351.1,350.88,350.9,26300
2021-08-03 15:45:00,350.89,351.01,350.83,350.94,29591
2021-08-03 15:50:00,350.92,351.11,350.8,350.99,66082
2021-08-03 15:55:00,350.99,351.19,350.94,351.12,116155
2021-08-03 16:00:00,351.09,351.15,350.85,350.99,26053
2021-08-03 16:05:00,350.96,350.96,350.84,350.84,2950
2021-08-03 16:10:00,351.09,351.09,350.66,350.66,4983
2021-08-03 16:15:00,350.67,350.74,350.67,350.74,750
2021-08-03 16:30:00,350.85,350.85,350.85,350.85,120
2021-08-03 16:40:00,350.87,350.87,350.85,350.85,2191
2021-08-03 16:45:00,350.79,350.79,350.68,350.68,950
2021-08-03 16:50:00,350.71,350.71,350.68,350.68,300
2021-08-03 16:55:00,350.69,351.09,350.69,351.09,24245
2021-08-03 17:05:00,350.73,350.73,350.73,350.73,336
2021-08-03 18:30:00,351.09,351.09,350.76,350.76,100
2021-08-03 18:35:00,350.74,350.74,350.74,350.74,100
2021-08-03 18:40:00,350.73,350.73,350.73,350.73,100
2021-08-03 19:00:00,350.75,350.75,350.75,350.75,100
2021-08-03 19:15:00,350.6,350.7,350.59,350.7,578
2021-08-03 19:35:00,350.61,350.61,350.61,350.61,100
2021-08-03 19:45:00,350.65,350.65,350.65,350.65,100
2021-08-04 04:00:00,350.46,350.46,350.4,350.4,1100
2021-08-04 05:15:00,350.7,350.7,350.7,350.7,100
2021-08-04 07:00:00,350.75,350.75,350.75,350.75,100
2021-08-04 07:05:00,350.6,350.6,350.6,350.6,300
2021-08-04 07:15:00,350.59,350.59,350.59,350.59,200
2021-08-04 07:30:00,350.44,350.44,350.44,350.44,100
2021-08-04 07:50:00,350.44,350.46,350.44,350.46,400
2021-08-04 07:55:00,350.39,350.41,350.29,350.29,1093
2021-08-04 08:00:00,350.9,350.9,350.19,350.3,1749
2021-08-04 08:10:00,350.36,350.39,350.36,350.39,1014
2021-08-04 08:15:00,350.21,350.21,349.9,349.9,1819
2021-08-04 08:20:00,349.97,350.08,349.97,350.01,4401
2021-08-04 08:25:00,349.94,349.94,349.79,349.79,3774
2021-08-04 08:30:00,349.91,349.98,349.91,349.98,400
2021-08-04 08:35:00,350.14,350.14,350.02,350.09,1500
2021-08-04 08:40:00,350.1,350.1,350.02,350.02,675
2021-08-04 08:45:00,350.02,350.02,349.73,349.74,4500
2021-08-04 08:50:00,349.7,349.73,349.64,349.64,4617
2021-08-04 08:55:00,349.6,349.6,349.56,349.56,599
2021-08-04 09:00:00,349.77,349.77,349.66,349.69,1400
2021-08-04 09:05:00,349.73,349.74,349.69,349.7399,3094
2021-08-04 09:15:00,349.69,349.8,349.69,349.8,437
2021-08-04 09:20:00,349.81,349.81,349.74,349.74,200
2021-08-04 09:25:00,349.66,349.68,349.62,349.62,2100
2021-08-04 09:30:00,349.62,349.66,348.98,349.53,163946
2021-08-04 09:35:00,349.56,349.73,348.99,349.22,105930
2021-08-04 09:40:00,349.2,349.3176,348.95,349.1996,47458
2021-08-04 09:45:00,349.26,349.57,348.98,349.5199,87408
2021-08-04 09:50:00,349.52,349.81,349.4,349.43,78164
2021-08-04 09:55:00,349.55,349.55,349.29,349.52,31338
2021-08-04 10:00:00,349.53,350.08,349.49,350.07,70625
2021-08-04 10:05:00,350.07,350.07,349.8,349.86,41010
2021-08-04 10:10:00,349.87,349.88,349.56,349.69,46927
2021-08-04 10:15:00,349.71,349.71,349.49,349.5407,16370
2021-08-04 10:20:00,349.58,349.59,349.2621,349.29,54627
2021-08-04 10:25:00,349.28,349.45,349.18,349.24,30583
2021-08-04 10:30:00,349.24,349.245,348.72,349.1185,53925
2021-08-04 10:35:00,349.19,349.27,348.9799,349.27,28344
2021-08-04 10:40:00,349.255,349.6047,349.24,349.35,39976
2021-08-04 10:45:00,349.33,349.49,349.13,349.18,25223
2021-08-04 10:50:00,349.2,349.2,348.84,348.9126,11582
2021-08-04 10:55:00,348.88,348.92,348.67,348.7,21618
2021-08-04 11:00:00,348.7,348.7,348.35,348.56,50153
2021-08-04 11:05:00,348.6,348.98,348.5499,348.9091,56678
2021-08-04 11:10:00,348.89,348.93,348.71,348.7685,7255
2021-08-04 11:15:00,348.788,348.94,348.77,348.8368,12734
2021-08-04 11:20:00,348.83,348.83,348.44,348.51,22569
2021-08-04 11:25:00,348.51,348.51,348.29,348.35,36448
2021-08-04 11:30:00,348.36,348.49,348.23,348.49,88267
2021-08-04 11:35:00,348.5,348.5,348.2,348.316,20292
2021-08-04 11:40:00,348.35,348.36,347.88,348.2,45212
2021-08-04 11:45:00,348.2,348.3699,348.09,348.09,19045
2021-08-04 11:50:00,348.025,348.22,347.93,348.14,39308
2021-08-04 11:55:00,348.14,348.37,348.14,348.29,21176
2021-08-04 12:00:00,348.3,348.47,348.2,348.46,18165
2021-08-04 12:05:00,348.45,348.54,348.42,348.5058,22705
2021-08-04 12:10:00,348.48,348.5,348.33,348.469,18778
2021-08-04 12:15:00,348.46,348.56,348.33,348.44,21348
2021-08-04 12:20:00,348.43,348.43,348.22,348.22,8285
2021-08-04 12:25:00,348.22,348.25,347.93,348.04,20084
2021-08-04 12:30:00,348.03,348.13,347.97,348.03,17278
2021-08-04 12:35:00,348.0394,348.16,348.0394,348.15,10586
2021-08-04 12:40:00,348.16,348.23,348.0016,348.17,17427
2021-08-04 12:45:00,348.17,348.3283,348.115,348.29,17149
2021-08-04 12:50:00,348.29,348.31,348.21,348.29,12378
2021-08-04 12:55:00,348.298,348.298,348.17,348.17,5098
2021-08-04 13:00:00,348.17,348.32,348.11,348.26,11176
2021-08-04 13:05:00,348.23,348.5099,348.23,348.44,10124
2021-08-04 13:10:00,348.47,348.61,348.47,348.49,30124
2021-08-04 13:15:00,348.47,348.51,348.365,348.44,13349
2021-08-04 13:20:00,348.416,348.47,348.38,348.42,15599
2021-08-04 13:25:00,348.3975,348.3975,348.2421,348.27,8676
2021-08-04 13:30:00,348.31,348.34,348.2,348.3,12662
2021-08-04 13:35:00,348.33,348.39,348.31,348.35,10195
2021-08-04 13:40:00,348.39,348.41,348.3,348.3,10835
2021-08-04 13:45:00,348.28,348.3879,348.21,348.375,10091
2021-08-04 13:50:00,348.38,348.42,348.3099,348.42,11553
2021-08-04 13:55:00,348.41,348.43,348.3,348.43,7959
2021-08-04 14:00:00,348.43,348.68,348.43,348.65,12440
2021-08-04 14:05:00,348.655,348.7,348.56,348.69,22382
2021-08-04 14:10:00,348.6699,348.6699,348.55,348.55,6068
2021-08-04 14:15:00,348.55,348.5699,348.44,348.45,7444
2021-08-04 14:20:00,348.4757,348.51,348.45,348.47,13433
2021-08-04 14:25:00,348.45,348.4875,348.34,348.4875,26877
2021-08-04 14:30:00,348.47,348.58,348.39,348.56,14072
2021-08-04 14:35:00,348.57,348.58,348.52,348.57,16463
2021-08-04 14:40:00,348.615,348.665,348.6,348.65,14365
2021-08-04 14:45:00,348.6599,348.66,348.25,348.32,35212
2021-08-04 14:50:00,348.32,348.33,348.13,348.2101,14913
2021-08-04 14:55:00,348.24,348.35,348.18,348.315,30619
2021-08-04 15:00:00,348.29,348.35,348.235,348.33,7145
2021-08-04 15:05:00,348.33,348.44,348.28,348.29,10623
2021-08-04 15:10:00,348.3,348.34,348.18,348.21,14582
2021-08-04 15:15:00,348.21,348.281,348.08,348.281,14865
2021-08-04 15:20:00,348.28,348.47,348.28,348.42,14142
2021-08-04 15:25:00,348.3999,348.51,348.36,348.5,15974
2021-08-04 15:30:00,348.49,348.55,348.35,348.5,21072
2021-08-04 15:35:00,348.48,348.5,348.37,348.419,15778
2021-08-04 15:40:00,348.4,348.5,348.3,348.48,14528
2021-08-04 15:45:00,348.48,348.56,348.43,348.46,41804
2021-08-04 15:50:00,348.46,348.6,348.3,348.31,75145
2021-08-04 15:55:00,348.31,348.33,347.89,347.93,122261
2021-08-04 16:00:00,347.95,348.1,347.93,347.97,28975
2021-08-04 16:05:00,348.01,348.03,347.95,347.95,1200
2021-08-04 16:10:00,347.99,348.15,347.97,348.15,10806
2021-08-04 16:20:00,348.1,348.1,348.04,348.04,200
2021-08-04 16:25:00,348.1,348.1,348.1,348.1,100
2021-08-04 16:30:00,348.1,348.1,348.09,348.1,700
2021-08-04 16:40:00,348.17,348.17,348.16,348.16,300
2021-08-04 16:55:00,348.27,348.27,348.03,348.17,4100
2021-08-04 17:05:00,348.3,348.3,348.3,348.3,1343
2021-08-04 17:10:00,348.3,348.3,348.3,348.3,300
2021-08-04 17:15:00,348.3,348.3,348.3,348.3,300
2021-08-04 17:35:00,348.3,348.3,348.3,348.3,210
2021-08-04 17:55:00,348.32,348.32,348.32,348.32,200
2021-08-04 18:00:00,348.22,348.23,348.16,348.16,2200
2021-08-04 18:05:00,348.18,348.18,348.18,348.18,130
2021-08-04 18:10:00,348.27,348.27,348.27,348.27,100
2021-08-04 18:30:00,347.99,348.35,347.99,348.34,200
2021-08-04 18:40:00,348.33,348.33,348.33,348.33,100
2021-08-04 18:45:00,348.37,348.37,348.37,348.37,1399
2021-08-04 18:55:00,348.29,348.29,348.29,348.29,100
2021-08-04 19:10:00,348.23,348.23,348.23,348.23,250
2021-08-04 19:30:00,348.25,348.25,348.23,348.23,250
2021-08-04 19:35:00,348.21,348.21,348.21,348.21,100
2021-08-04 19:50:00,348.26,348.26,348.25,348.25,325
2021-08-04 19:55:00,348.29,348.32,348.29,348.32,800
2021-08-05 04:05:00,348.35,348.35,348.35,348.35,1000
2021-08-05 04:15:00,348.22,348.22,348.22,348.22,150
2021-08-05 04:40:00,348.37,348.37,348.37,348.37,100
2021-08-05 05:10:00,348.69,348.7,348.69,348.7,600
2021-08-05 05:20:00,348.78,348.78,348.78,348.78,200
2021-08-05 05:25:00,348.74,348.74,348.74,348.74,1000
2021-08-05 06:25:00,348.47,348.47,348.47,348.47,200
2021-08-05 06:40:00,348.52,348.52,348.48,348.48,200
2021-08-05 07:00:00,348.44,348.44,348.44,348.44,200
2021-08-05 07:10:00,348.45,348.45,348.45,348.45,300
2021-08-05 07:15:00,348.44,348.44,348.44,348.44,100
2021-08-05 07:25:00,348.44,348.44,348.42,348.42,5100
2021-08-05 07:30:00,348.4,348.59,348.38,348.59,15200
2021-08-05 07:35:00,348.58,348.58,348.58,348.58,100
2021-08-05 07:40:00,348.55,348.56,348.55,348.55,5000
2021-08-05 07:50:00,348.52,348.52,348.52,348.52,100
2021-08-05 07:55:00,348.56,348.58,348.55,348.58,3500
2021-08-05 08:00:00,348.5699,348.74,348.21,348.69,5140
2021-08-05 08:10:00,348.67,348.72,348.67,348.72,1000
2021-08-05 08:15:00,348.75,348.75,348.71,348.7201,2116
2021-08-05 08:20:00,348.73,348.73,348.73,348.73,300
2021-08-05 08:25:00,348.81,348.81,348.81,348.81,313
2021-08-05 08:30:00,348.73,348.73,348.73,348.73,200
2021-08-05 08:35:00,348.76,348.76,348.76,348.76,200
2021-08-05 08:40:00,348.75,348.78,348.55,348.58,1600
2021-08-05 09:00:00,348.58,348.58,348.58,348.58,275
2021-08-05 09:05:00,348.61,348.61,348.61,348.61,125
2021-08-05 09:10:00,348.5,348.56,348.5,348.56,699
2021-08-05 09:15:00,348.66,348.69,348.57,348.58,7600
2021-08-05 09:20:00,348.53,348.53,348.53,348.53,100
2021-08-05 09:25:00,348.62,348.69,348.62,348.69,400
2021-08-05 09:30:00,348.85,349.41,348.67,349.31,264221
2021-08-05 09:35:00,349.36,349.825,349.27,349.7301,89856
2021-08-05 09:40:00,349.81,349.8999,349.44,349.54,29156
2021-08-05 09:45:00,349.53,349.71,349.05,349.21,60534
2021-08-05 09:50:00,349.22,349.56,349.21,349.4201,20716
2021-08-05 09:55:00,349.392,349.57,349.25,349.565,11081
2021-08-05 10:00:00,349.58,349.68,349.39,349.63,24755
2021-08-05 10:05:00,349.65,349.77,349.51,349.51,18101
2021-08-05 10:10:00,349.58,349.7,349.44,349.7,45512
2021-08-05 10:15:00,349.73,349.73,349.4801,349.54,13890
2021-08-05 10:20:00,349.55,349.65,349.42,349.52,11881
2021-08-05 10:25:00,349.51,349.66,349.37,349.37,8017
2021-08-05 10:30:00,349.45,349.52,349.37,349.45,31048
2021-08-05 10:35:00,349.46,349.61,349.43,349.57,18142
2021-08-05 10:40:00,349.57,349.83,349.56,349.73,23594
2021-08-05 10:45:00,349.74,349.84,349.67,349.8,11343
2021-08-05 10:50:00,349.83,349.93,349.8167,349.83,13372
2021-08-05 10:55:00,349.83,349.91,349.73,349.87,9326
2021-08-05 11:00:00,349.87,349.87,349.71,349.738,15804
2021-08-05 11:05:00,349.74,349.8081,349.66,349.67,16773
2021-08-05 11:10:00,349.75,349.92,349.74,349.8721,16127
2021-08-05 11:15:00,349.89,349.96,349.84,349.91,8764
2021-08-05 11:20:00,349.92,350.04,349.87,349.91,18743
2021-08-05 11:25:00,349.93,350.01,349.89,349.94,21808
2021-08-05 11:30:00,349.93,350.0,349.84,349.89,8380
2021-08-05 11:35:00,349.92,349.929,349.76,349.84,13002
2021-08-05 11:40:00,349.83,349.8659,349.77,349.83,18200
2021-08-05 11:45:00,349.83,349.93,349.79,349.91,13060
2021-08-05 11:50:00,349.92,350.0,349.92,349.97,10797
2021-08-05 11:55:00,349.99,349.99,349.88,349.93,7960
2021-08-05 12:00:00,349.94,349.95,349.79,349.87,22839
2021-08-05 12:05:00,349.87,350.0,349.87,350.0,15234
2021-08-05 12:10:00,349.98,350.08,349.9566,350.03,8635
2021-08-05 12:15:00,350.04,350.04,349.91,349.92,5408
2021-08-05 12:20:00,349.9022,349.92,349.84,349.84,4711
2021-08-05 12:25:00,349.82,349.85,349.76,349.84,8800
2021-08-05 12:30:00,349.8317,349.9176,349.8016,349.84,5209
2021-08-05 12:35:00,349.84,349.85,349.7,349.7422,5397
2021-08-05 12:40:00,349.71,349.71,349.5951,349.68,7909
2021-08-05 12:45:00,349.68,349.74,349.625,349.74,11105
2021-08-05 12:50:00,349.76,349.7799,349.65,349.65,8804
2021-08-05 12:55:00,349.67,349.67,349.58,349.58,4400
2021-08-05 13:00:00,349.58,349.64,349.53,349.64,12357
2021-08-05 13:05:00,349.63,349.6479,349.53,349.59,8408
2021-08-05 13:10:00,349.6399,349.7001,349.62,349.68,5900
2021-08-05 13:15:00,349.68,349.75,349.64,349.75,3100
2021-08-05 13:20:00,349.76,349.81,349.7,349.7,4560
2021-08-05 13:25:00,349.72,349.785,349.72,349.77,5791
2021-08-05 13:30:00,349.7892,349.85,349.745,349.75,9058
2021-08-05 13:35:00,349.765,349.765,349.68,349.7219,13325
2021-08-05 13:40:00,349.7511,349.85,349.7511,349.84,9074
2021-08-05 13:45:00,349.82,349.9,349.81,349.89,8620
2021-08-05 13:50:00,349.9,349.94,349.87,349.94,8657
2021-08-05 13:55:00,349.95,349.98,349.935,349.97,2400
2021-08-05 14:00:00,349.97,350.05,349.96,349.9899,15618
2021-08-05 14:05:00,349.94,349.96,349.84,349.85,8207
2021-08-05 14:10:00,349.87,349.9,349.78,349.78,16073
2021-08-05 14:15:00,349.7675,349.84,349.76,349.7699,28598
2021-08-05 14:20:00,349.77,349.77,349.68,349.72,19793
2021-08-05 14:25:00,349.72,349.835,349.72,349.78,24124
2021-08-05 14:30:00,349.78,349.79,349.7,349.79,26143
2021-08-05 14:35:00,349.78,349.82,349.75,349.8,23160
2021-08-05 14:40:00,349.81,349.91,349.8,349.8,20060
2021-08-05 14:45:00,349.8183,349.8183,349.71,349.79,26324
2021-08-05 14:50:00,349.79,349.87,349.72,349.72,10802
2021-08-05 14:55:00,349.71,349.81,349.71,349.78,7739
2021-08-05 15:00:00,349.8,349.96,349.76,349.95,14583
2021-08-05 15:05:00,349.95,350.0,349.9,349.9423,17888
2021-08-05 15:10:00,349.95,350.0183,349.855,349.87,12739
2021-08-05 15:15:00,349.86,349.86,349.73,349.75,17051
2021-08-05 15:20:00,349.75,349.84,349.715,349.79,15168
2021-08-05 15:25:00,349.79,349.9,349.79,349.9,9078
2021-08-05 15:30:00,349.9,350.07,349.85,350.07,20948
2021-08-05 15:35:00,350.0786,350.15,350.05,350.1,27371
2021-08-05 15:40:00,350.09,350.22,350.03,350.2,27299
2021-08-05 15:45:00,350.19,350.22,350.105,350.22,24122
2021-08-05 15:50:00,350.23,350.31,350.03,350.25,70462
2021-08-05 15:55:00,350.24,350.65,350.21,350.62,144011
2021-08-05 16:00:00,350.6,350.61,350.42,350.47,13532
2021-08-05 16:05:00,350.4,350.61,350.38,350.4,1296
2021-08-05 16:15:00,350.42,350.45,350.42,350.45,2957
2021-08-05 16:20:00,350.44,350.44,350.43,350.43,1000
2021-08-05 16:25:00,350.42,350.45,350.42,350.45,398
2021-08-05 16:30:00,350.47,350.47,350.47,350.47,200
2021-08-05 16:35:00,350.48,350.52,350.48,350.51,1500
2021-08-05 16:40:00,350.47,350.48,350.47,350.48,200
2021-08-05 16:45:00,350.61,350.61,350.54,350.54,12300
2021-08-05 16:50:00,350.55,350.55,350.51,350.51,300
2021-08-05 16:55:00,350.51,350.51,350.48,350.48,804
2021-08-05 17:05:00,350.4,350.4,350.4,350.4,100
2021-08-05 17:10:00,350.34,350.34,350.34,350.34,100
2021-08-05 17:45:00,350.36,350.36,350.33,350.33,1383
2021-08-05 18:10:00,350.37,350.37,350.37,350.37,100
2021-08-05 18:15:00,350.38,350.38,350.38,350.38,100
2021-08-05 18:35:00,350.3,350.3,350.3,350.3,900
2021-08-05 18:40:00,350.3,350.3,350.28,350.28,689
2021-08-05 18:45:00,350.28,350.28,350.28,350.28,100
2021-08-05 18:50:00,350.31,350.31,350.31,350.31,600
2021-08-05 18:55:00,350.251,350.26,350.251,350.26,200
2021-08-05 19:10:00,350.26,350.26,350.26,350.26,200
2021-08-05 19:15:00,350.24,350.24,350.2199,350.22,4977
2021-08-05 19:25:00,350.23,350.23,350.22,350.22,2497
2021-08-05 19:30:00,350.2,350.21,350.19,350.21,5700
2021-08-05 19:35:00,350.21,350.21,350.18,350.18,300
2021-08-05 19:45:00,350.19,350.19,350.19,350.19,500
2021-08-05 19:50:00,350.14,350.14,350.14,350.14,500
2021-08-05 19:55:00,350.13,350.13,350.11,350.13,1000
2021-08-06 04:40:00,350.49,350.49,350.49,350.49,300
2021-08-06 05:20:00,350.8,350.8,350.8,350.8,950
2021-08-06 05:30:00,350.65,350.65,350.65,350.65,100
2021-08-06 06:25:00,350.93,350.93,350.91,350.92,900
2021-08-06 06:40:00,350.88,350.91,350.88,350.91,400
2021-08-06 07:05:00,350.87,350.93,350.87,350.93,300
2021-08-06 07:15:00,350.94,350.94,350.94,350.94,100
2021-08-06 07:25:00,350.91,350.91,350.91,350.91,400
2021-08-06 07:45:00,350.92,350.92,350.92,350.92,300
2021-08-06 08:00:00,350.8304,350.8401,350.79,350.79,1975
2021-08-06 08:05:00,350.81,350.81,350.81,350.81,200
2021-08-06 08:20:00,350.76,350.76,350.72,350.72,600
2021-08-06 08:25:00,350.73,350.73,350.58,350.58,980
2021-08-06 08:30:00,350.9199,351.5,350.9199,351.34,3300
2021-08-06 08:35:00,351.26,351.34,351.13,351.34,700
2021-08-06 08:40:00,351.24,351.36,351.235,351.26,5300
2021-08-06 08:45:00,351.2,351.32,351.2,351.23,4400
2021-08-06 08:50:00,351.1,351.1,351.1,351.1,200
2021-08-06 08:55:00,351.38,351.48,351.36,351.44,1500
2021-08-06 09:00:00,351.55,351.65,351.5,351.65,600
2021-08-06 09:05:00,351.59,351.61,351.59,351.61,300
2021-08-06 09:10:00,351.6,351.61,351.57,351.57,571
2021-08-06 09:15:00,351.6,351.75,351.6,351.69,1572
2021-08-06 09:20:00,351.7,351.9,351.7,351.89,2225
2021-08-06 09:25:00,351.83,351.87,351.69,351.69,1950
2021-08-06 09:30:00,351.62,352.438,351.52,352.19,148174
2021-08-06 09:35:00,352.18,352.26,351.74,351.98,65042
2021-08-06 09:40:00,352.04,352.49,352.03,352.29,73636
2021-08-06 09:45:00,352.32,352.465,352.09,352.21,46041
2021-08-06 09:50:00,352.2297,352.35,351.8,351.87,69952
2021-08-06 09:55:00,351.89,351.89,351.49,351.66,25381
2021-08-06 10:00:00,351.68,351.89,351.46,351.88,37462
2021-08-06 10:05:00,351.89,352.11,351.8,351.82,55897
2021-08-06 10:10:00,351.81,351.92,351.67,351.76,21324
2021-08-06 10:15:00,351.77,351.9121,351.7,351.91,17102
2021-08-06 10:20:00,351.9,352.0363,351.86,351.99,9958
2021-08-06 10:25:00,351.99,352.01,351.88,351.95,12097
2021-08-06 10:30:00,351.94,352.08,351.94,352.05,14337
2021-08-06 10:35:00,352.02,352.04,351.76,351.78,19739
2021-08-06 10:40:00,351.78,351.9,351.76,351.85,21939
2021-08-06 10:45:00,351.88,351.955,351.8,351.8179,20935
2021-08-06 10:50:00,351.71,351.8173,351.7,351.76,19905
2021-08-06 10:55:00,351.81,351.89,351.65,351.89,20112
2021-08-06 11:00:00,351.92,352.125,351.87,352.06,52269
2021-08-06 11:05:00,352.06,352.3,351.99,352.26,28503
2021-08-06 11:10:00,352.265,352.33,352.0,352.0,30223
2021-08-06 11:15:00,352.04,352.07,351.8401,351.9378,17161
2021-08-06 11:20:00,351.911,352.13,351.911,352.12,11580
2021-08-06 11:25:00,352.13,352.2,351.99,352.16,18822
2021-08-06 11:30:00,352.16,352.16,351.93,351.96,9840
2021-08-06 11:35:00,351.89,352.005,351.87,351.8785,8780
2021-08-06 11:40:00,351.85,351.92,351.83,351.87,6036
2021-08-06 11:45:00,351.8611,351.91,351.8,351.87,9118
2021-08-06 11:50:00,351.86,351.92,351.82,351.88,7428
2021-08-06 11:55:00,351.87,352.01,351.86,352.01,15725
2021-08-06 12:00:00,352.03,352.05,351.92,352.0,5514
2021-08-06 12:05:00,352.0,352.05,351.9819,352.05,3247
2021-08-06 12:10:00,352.06,352.08,352.03,352.04,11317
2021-08-06 12:15:00,352.02,352.1,352.02,352.03,11310
2021-08-06 12:20:00,352.0788,352.11,352.02,352.07,9911
2021-08-06 12:25:00,352.08,352.112,351.98,351.98,4481
2021-08-06 12:30:00,351.98,352.03,351.93,351.94,10970
2021-08-06 12:35:00,351.96,352.11,351.95,352.07,3314
2021-08-06 12:40:00,352.05,352.05,351.98,352.02,4030
2021-08-06 12:45:00,352.03,352.18,352.01,352.17,6700
2021-08-06 12:50:00,352.17,352.235,352.16,352.23,9962
2021-08-06 12:55:00,352.24,352.31,352.24,352.28,7231
2021-08-06 13:00:00,352.27,352.3,352.17,352.21,9882
2021-08-06 13:05:00,352.2,352.2,352.13,352.13,14714
2021-08-06 13:10:00,352.15,352.22,352.14,352.185,6024
2021-08-06 13:15:00,352.205,352.255,352.205,352.21,14397
2021-08-06 13:20:00,352.22,352.23,352.14,352.19,8264
2021-08-06 13:25:00,352.19,352.21,352.14,352.19,7329
2021-08-06 13:30:00,352.2,352.23,352.15,352.23,5064
2021-08-06 13:35:00,352.23,352.24,352.15,352.15,6386
2021-08-06 13:40:00,352.14,352.15,352.075,352.11,6543
2021-08-06 13:45:00,352.1,352.19,352.1,352.18,4840
2021-08-06 13:50:00,352.15,352.18,352.07,352.08,4953
2021-08-06 13:55:00,352.07,352.17,352.07,352.17,5940
2021-08-06 14:00:00,352.16,352.1925,352.09,352.13,11236
2021-08-06 14:05:00,352.1,352.19,352.09,352.12,4050
2021-08-06 14:10:00,352.14,352.14,352.06,352.06,1610
2021-08-06 14:15:00,352.09,352.2,352.0889,352.2,5010
2021-08-06 14:20:00,352.16,352.21,352.15,352.16,7699
2021-08-06 14:25:00,352.18,352.19,352.05,352.06,5277
2021-08-06 14:30:00,352.08,352.0895,352.0385,352.04,5285
2021-08-06 14:35:00,352.06,352.06,351.99,352.04,4900
2021-08-06 14:40:00,352.02,352.03,351.96,351.96,2056
2021-08-06 14:45:00,351.955,351.96,351.79,351.79,16346
2021-08-06 14:50:00,351.78,351.875,351.77,351.85,11934
2021-08-06 14:55:00,351.8,351.83,351.72,351.74,11129
2021-08-06 15:00:00,351.73,351.795,351.58,351.59,29424
2021-08-06 15:05:00,351.61,351.76,351.61,351.75,8486
2021-08-06 15:10:00,351.7415,351.8663,351.72,351.82,14378
2021-08-06 15:15:00,351.83,351.89,351.82,351.87,7157
2021-08-06 15:20:00,351.92,351.9999,351.91,351.96,6192
2021-08-06 15:25:00,351.95,352.0599,351.921,352.045,22224
2021-08-06 15:30:00,352.05,352.13,351.995,352.13,19413
2021-08-06 15:35:00,352.14,352.21,351.98,352.01,23889
2021-08-06 15:40:00,352.02,352.07,351.85,351.85,27456
2021-08-06 15:45:00,351.85,351.875,351.76,351.87,40412
2021-08-06 15:50:00,351.85,351.9,351.72,351.89,40119
2021-08-06 15:55:00,351.88,352.14,351.85,352.07,125214
2021-08-06 16:00:00,352.09,352.09,352.04,352.08,19484
2021-08-06 16:05:00,352.08,352.11,352.08,352.11,7023
2021-08-06 16:10:00,352.09,352.23,352.09,352.23,1050
2021-08-06 16:15:00,352.2,352.2,352.2,352.2,400
2021-08-06 16:25:00,352.15,352.15,352.13,352.13,3398
2021-08-06 16:30:00,352.17,352.18,352.14,352.14,2000
2021-08-06 16:35:00,352.14,352.15,352.13,352.13,7700
2021-08-06 16:45:00,352.15,352.17,352.15,352.17,300
2021-08-06 16:55:00,352.065,352.065,352.065,352.065,207
2021-08-06 18:05:00,352.0,352.0,352.0,352.0,100
2021-08-06 18:10:00,352.0,352.0,352.0,352.0,200
2021-08-06 18:35:00,352.235,352.235,352.235,352.235,100
2021-08-09 04:00:00,351.29,351.29,351.29,351.29,300
2021-08-09 04:05:00,351.17,351.17,351.0,351.0,1000
2021-08-09 04:15:00,351.22,351.22,351.22,351.22,100
2021-08-09 04:25:00,351.15,351.15,351.15,351.15,300
2021-08-09 04:35:00,351.08,351.08,351.08,351.08,212
2021-08-09 04:45:00,351.24,351.24,351.24,351.24,100
2021-08-09 04:50:00,351.2,351.2,351.2,351.2,100
2021-08-09 05:00:00,351.07,351.07,351.07,351.07,100
2021-08-09 05:10:00,351.04,351.04,351.04,351.04,100
2021-08-09 05:15:00,351.01,351.01,351.0,351.0,601
2021-08-09 05:20:00,350.95,350.95,350.9,350.9,200
2021-08-09 06:05:00,351.37,351.37,351.37,351.37,100
2021-08-09 06:35:00,351.05,351.07,350.96,350.96,1700
2021-08-09 06:40:00,350.95,350.95,350.95,350.95,100
2021-08-09 07:00:00,350.94,350.99,350.85,350.9,4300
2021-08-09 07:05:00,350.91,350.91,350.89,350.89,12400
2021-08-09 07:10:00,350.88,350.92,350.87,350.92,13105
2021-08-09 07:15:00,350.94,350.94,350.93,350.93,1800
2021-08-09 07:20:00,350.98,351.0,350.98,350.99,1200
2021-08-09 07:35:00,351.05,351.05,351.03,351.03,300
2021-08-09 07:40:00,351.15,351.15,351.15,351.15,500
2021-08-09 07:45:00,351.14,351.14,351.14,351.14,500
2021-08-09 08:00:00,350.8501,351.1,350.8501,351.01,1423
2021-08-09 08:10:00,351.0,351.0,351.0,351.0,200
2021-08-09 08:15:00,350.94,350.94,350.88,350.89,3750
2021-08-09 08:20:00,351.0,351.0,351.0,351.0,100
2021-08-09 08:25:00,350.91,351.05,350.91,351.05,600
2021-08-09 08:30:00,351.05,351.07,350.98,350.98,2400
2021-08-09 08:40:00,351.08,351.08,351.06,351.08,500
2021-08-09 08:45:00,351.1,351.13,351.1,351.13,400
2021-08-09 08:50:00,351.26,351.36,351.25,351.3599,2825
2021-08-09 08:55:00,351.3,351.3,351.29,351.29,280
2021-08-09 09:00:00,351.4,351.49,351.4,351.47,1093
2021-08-09 09:05:00,351.45,351.5,351.42,351.49,2900
2021-08-09 09:10:00,351.43,351.43,351.43,351.43,100
2021-08-09 09:20:00,351.55,351.55,351.55,351.55,381
2021-08-09 09:25:00,351.62,351.62,351.62,351.62,400
2021-08-09 09:30:00,351.6,352.06,351.1413,351.16,96979
2021-08-09 09:35:00,351.08,351.2,350.77,351.13,79557
2021-08-09 09:40:00,351.07,351.41,350.67,351.4,60733
2021-08-09 09:45:00,351.37,351.68,351.25,351.47,47484
2021-08-09 09:50:00,351.45,351.45,350.93,351.02,40377
2021-08-09 09:55:00,351.01,351.26,350.8828,350.98,59646
2021-08-09 10:00:00,350.98,351.21,350.93,351.0315,22479
2021-08-09 10:05:00,351.04,351.17,350.97,350.97,18079
2021-08-09 10:10:00,350.98,351.07,350.55,350.67,35494
2021-08-09 10:15:00,350.65,350.9,350.58,350.84,16321
2021-08-09 10:20:00,350.84,350.93,350.785,350.88,24684
2021-08-09 10:25:00,350.87,350.92,350.74,350.7493,20547
2021-08-09 10:30:00,350.73,350.89,350.58,350.71,34357
2021-08-09 10:35:00,350.7,351.08,350.62,351.01,28985
2021-08-09 10:40:00,351.06,351.2625,351.05,351.17,28525
2021-08-09 10:45:00,351.17,351.34,351.17,351.32,34826
2021-08-09 10:50:00,351.355,351.57,351.24,351.24,68243
2021-08-09 10:55:00,351.25,351.27,351.04,351.14,20693
2021-08-09 11:00:00,351.102,351.23,351.0631,351.08,16459
2021-08-09 11:05:00,351.14,351.28,351.105,351.21,12717
2021-08-09 11:10:00,351.19,351.3,351.18,351.3,9348
2021-08-09 11:15:00,351.31,351.42,351.26,351.28,10754
2021-08-09 11:20:00,351.26,351.29,351.17,351.23,18458
2021-08-09 11:25:00,351.24,351.41,351.21,351.32,9471
2021-08-09 11:30:00,351.34,351.41,351.32,351.4,5640
2021-08-09 11:35:00,351.393,351.49,351.38,351.41,33123
2021-08-09 11:40:00,351.42,351.46,351.39,351.41,10387
2021-08-09 11:45:00,351.39,351.549,351.39,351.5234,37644
2021-08-09 11:50:00,351.54,351.66,351.49,351.61,46903
2021-08-09 11:55:00,351.62,351.63,351.575,351.5798,6505
2021-08-09 12:00:00,351.57,351.61,351.305,351.31,18414
2021-08-09 12:05:00,351.31,351.47,351.31,351.4,4915
2021-08-09 12:10:00,351.4,351.52,351.39,351.52,5418
2021-08-09 12:15:00,351.51,351.56,351.48,351.52,7924
2021-08-09 12:20:00,351.58,351.6,351.5,351.5,9758
2021-08-09 12:25:00,351.51,351.51,351.42,351.45,5695
2021-08-09 12:30:00,351.47,351.56,351.4521,351.46,8334
2021-08-09 12:35:00,351.46,351.47,351.42,351.4579,5400
2021-08-09 12:40:00,351.49,351.49,351.43,351.4388,5003
2021-08-09 12:45:00,351.47,351.51,351.465,351.47,16634
2021-08-09 12:50:00,351.49,351.54,351.49,351.5,3296
2021-08-09 12:55:00,351.5,351.525,351.41,351.45,11767
2021-08-09 13:00:00,351.53,351.55,351.5,351.52,2711
2021-08-09 13:05:00,351.5,351.54,351.47,351.52,6794
2021-08-09 13:10:00,351.51,351.51,351.42,351.5,12988
2021-08-09 13:15:00,351.5,351.52,351.39,351.39,5586
2021-08-09 13:20:00,351.39,351.48,351.37,351.4701,8788
2021-08-09 13:25:00,351.48,351.5,351.41,351.41,5284
2021-08-09 13:30:00,351.4215,351.4215,351.25,351.26,13021
2021-08-09 13:35:00,351.2501,351.36,351.2501,351.34,8891
2021-08-09 13:40:00,351.345,351.399,351.34,351.399,6345
2021-08-09 13:45:00,351.4,351.4399,351.36,351.36,2700
2021-08-09 13:50:00,351.38,351.395,351.37,351.39,3155
2021-08-09 13:55:00,351.3915,351.45,351.33,351.33,12386
2021-08-09 14:00:00,351.37,351.44,351.349,351.44,7101
2021-08-09 14:05:00,351.43,351.47,351.425,351.45,7246
2021-08-09 14:10:00,351.47,351.5,351.43,351.49,7936
2021-08-09 14:15:00,351.49,351.59,351.49,351.58,6448
2021-08-09 14:20:00,351.59,351.61,351.51,351.55,9063
2021-08-09 14:25:00,351.53,351.64,351.505,351.6317,6669
2021-08-09 14:30:00,351.64,351.7,351.6,351.7,14348
2021-08-09 14:35:00,351.6854,351.74,351.66,351.6905,12410
2021-08-09 14:40:00,351.67,351.67,351.48,351.51,31108
2021-08-09 14:45:00,351.51,351.57,351.44,351.51,11855
2021-08-09 14:50:00,351.52,351.54,351.45,351.53,9790
2021-08-09 14:55:00,351.5,351.52,351.46,351.47,5217
2021-08-09 15:00:00,351.47,351.49,351.44,351.46,7265
2021-08-09 15:05:00,351.46,351.46,351.35,351.36,14552
2021-08-09 15:10:00,351.38,351.41,351.34,351.4,17264
2021-08-09 15:15:00,351.41,351.46,351.36,351.38,13541
2021-08-09 15:20:00,351.4016,351.4016,351.27,351.29,10986
2021-08-09 15:25:00,351.28,351.29,351.21,351.27,17524
2021-08-09 15:30:00,351.27,351.44,351.26,351.44,21713
2021-08-09 15:35:00,351.43,351.57,351.42,351.53,26937
2021-08-09 15:40:00,351.52,351.52,351.225,351.23,35664
2021-08-09 15:45:00,351.22,351.22,351.08,351.1,58577
2021-08-09 15:50:00,351.1,351.15,350.87,351.01,106184
2021-08-09 15:55:00,351.0,351.1877,350.98,351.13,88553
2021-08-09 16:00:00,351.15,351.28,351.14,351.28,13895
2021-08-09 16:05:00,351.34,351.34,351.32,351.32,200
2021-08-09 16:10:00,351.15,351.34,351.15,351.31,250
2021-08-09 16:15:00,351.2,351.2,351.2,351.2,100
2021-08-09 16:30:00,351.18,351.18,351.17,351.18,1700
2021-08-09 16:50:00,351.17,351.17,351.17,351.17,143
2021-08-09 18:10:00,351.34,351.34,351.32,351.32,231
2021-08-09 18:20:00,351.28,351.28,351.24,351.24,300
2021-08-09 18:25:00,351.23,351.23,351.19,351.19,300
2021-08-09 18:40:00,351.17,351.17,351.15,351.15,500
2021-08-09 19:00:00,351.12,351.12,351.12,351.12,350
2021-08-09 19:05:00,351.12,351.12,351.12,351.12,167
2021-08-09 19:20:00,351.1,351.1,351.1,351.1,2000
2021-08-09 19:25:00,351.1,351.1,351.1,351.1,1000
2021-08-09 19:30:00,351.1,351.1,351.05,351.05,1200
2021-08-09 19:35:00,351.0,351.0,350.98,350.98,1050
2021-08-09 19:45:00,351.06,351.06,351.06,351.06,1049
2021-08-09 19:50:00,351.11,351.11,351.11,351.11,100
2021-08-09 19:55:00,351.13,351.13,351.13,351.13,100
2021-08-10 04:00:00,351.02,351.02,351.0,351.0,900
2021-08-10 04:10:00,350.89,350.89,350.89,350.89,400
2021-08-10 05:40:00,350.93,350.93,350.89,350.89,600
2021-08-10 06:25:00,350.86,350.88,350.86,350.88,200
2021-08-10 07:00:00,350.91,350.92,350.9,350.9,1900
2021-08-10 07:55:00,351.04,351.04,351.03,351.04,1700
2021-08-10 08:00:00,350.97,351.22,350.97,351.22,2571
2021-08-10 08:10:00,351.0,351.0,350.95,350.95,1800
2021-08-10 08:30:00,351.02,351.02,351.02,351.02,100
2021-08-10 08:35:00,351.02,351.02,351.02,351.02,100
2021-08-10 08:40:00,351.03,351.03,350.99,351.02,2770
2021-08-10 08:45:00,351.03,351.08,351.03,351.05,600
2021-08-10 08:55:00,351.08,351.08,351.08,351.08,100
2021-08-10 09:00:00,351.11,351.28,351.11,351.28,1250
2021-08-10 09:05:00,351.28,351.288,351.25,351.25,400
2021-08-10 09:10:00,351.278,351.278,351.278,351.278,100
2021-08-10 09:15:00,351.3,351.3,351.3,351.3,300
2021-08-10 09:20:00,351.3,351.3,351.3,351.3,100
2021-08-10 09:25:00,351.38,351.45,351.38,351.43,1200
2021-08-10 09:30:00,351.41,351.63,351.01,351.26,80514
2021-08-10 09:35:00,351.29,351.545,351.16,351.545,29722
2021-08-10 09:40:00,351.53,351.61,351.355,351.4,20289
2021-08-10 09:45:00,351.45,351.58,351.26,351.46,60295
2021-08-10 09:50:00,351.45,351.64,351.355,351.555,56733
2021-08-10 09:55:00,351.5621,351.88,351.5621,351.75,51425
2021-08-10 10:00:00,351.75,352.0,351.665,351.92,43107
2021-08-10 10:05:00,351.91,352.22,351.82,352.17,50746
2021-08-10 10:10:00,352.16,352.68,352.1401,352.68,53360
2021-08-10 10:15:00,352.69,352.82,352.62,352.73,64034
2021-08-10 10:20:00,352.7025,352.8,352.65,352.68,21487
2021-08-10 10:25:00,352.71,352.75,352.58,352.64,20303
2021-08-10 10:30:00,352.64,352.69,352.23,352.4,61661
2021-08-10 10:35:00,352.39,352.59,352.33,352.5898,34806
2021-08-10 10:40:00,352.56,352.6,352.24,352.27,56094
2021-08-10 10:45:00,352.27,352.53,352.27,352.48,29130
2021-08-10 10:50:00,352.45,352.61,352.2,352.27,46902
2021-08-10 10:55:00,352.23,352.41,352.23,352.41,18663
2021-08-10 11:00:00,352.39,352.51,352.26,352.39,27433
2021-08-10 11:05:00,352.38,352.44,352.28,352.42,26084
2021-08-10 11:10:00,352.38,352.5,352.29,352.38,39162
2021-08-10 11:15:00,352.35,352.46,352.31,352.37,29302
2021-08-10 11:20:00,352.36,352.59,352.33,352.575,28816
2021-08-10 11:25:00,352.59,352.6914,352.53,352.635,35189
2021-08-10 11:30:00,352.63,352.65,352.45,352.47,28836
2021-08-10 11:35:00,352.46,352.61,352.45,352.5271,8727
2021-08-10 11:40:00,352.55,352.66,352.515,352.66,7548
2021-08-10 11:45:00,352.67,352.71,352.63,352.68,12692
2021-08-10 11:50:00,352.6701,352.69,352.605,352.66,12021
2021-08-10 11:55:00,352.67,352.7,352.59,352.64,12296
2021-08-10 12:00:00,352.65,352.66,352.49,352.4902,20782
2021-08-10 12:05:00,352.5,352.53,352.47,352.49,13937
2021-08-10 12:10:00,352.47,352.48,352.38,352.4001,24450
2021-08-10 12:15:00,352.41,352.57,352.41,352.561,9991
2021-08-10 12:20:00,352.55,352.65,352.545,352.59,9896
2021-08-10 12:25:00,352.58,352.66,352.49,352.53,14634
2021-08-10 12:30:00,352.52,352.54,352.3729,352.44,9123
2021-08-10 12:35:00,352.4321,352.54,352.43,352.49,11480
2021-08-10 12:40:00,352.48,352.55,352.48,352.53,7376
2021-08-10 12:45:00,352.52,352.55,352.44,352.52,8051
2021-08-10 12:50:00,352.52,352.54,352.495,352.53,3900
2021-08-10 12:55:00,352.53,352.6,352.51,352.6,7528
2021-08-10 13:00:00,352.5994,352.5994,352.54,352.56,7900
2021-08-10 13:05:00,352.54,352.63,352.52,352.6,21069
2021-08-10 13:10:00,352.6,352.64,352.57,352.57,11349
2021-08-10 13:15:00,352.57,352.72,352.57,352.7,13060
2021-08-10 13:20:00,352.69,352.69,352.59,352.66,16561
2021-08-10 13:25:00,352.64,352.79,352.64,352.77,12961
2021-08-10 13:30:00,352.7601,352.87,352.75,352.87,17320
2021-08-10 13:35:00,352.8507,352.91,352.84,352.91,27138
2021-08-10 13:40:00,352.91,352.94,352.88,352.88,17530
2021-08-10 13:45:00,352.86,352.86,352.49,352.64,53072
2021-08-10 13:50:00,352.59,352.71,352.57,352.68,16874
2021-08-10 13:55:00,352.69,352.82,352.61,352.82,13189
2021-08-10 14:00:00,352.8,352.92,352.72,352.72,45355
2021-08-10 14:05:00,352.72,352.78,352.68,352.69,15829
2021-08-10 14:10:00,352.67,352.75,352.575,352.62,16236
2021-08-10 14:15:00,352.63,352.75,352.57,352.75,10011
2021-08-10 14:20:00,352.74,352.77,352.67,352.73,22015
2021-08-10 14:25:00,352.74,352.8,352.73,352.77,9868
2021-08-10 14:30:00,352.77,352.87,352.7557,352.85,10696
2021-08-10 14:35:00,352.85,352.89,352.82,352.8764,9207
2021-08-10 14:40:00,352.8513,352.89,352.81,352.87,16783
2021-08-10 14:45:00,352.87,352.89,352.82,352.87,6491
2021-08-10 14:50:00,352.87,352.88,352.82,352.865,9258
2021-08-10 14:55:00,352.86,352.9,352.825,352.895,44056
2021-08-10 15:00:00,352.89,352.89,352.72,352.73,15748
2021-08-10 15:05:00,352.73,352.76,352.68,352.734,9059
2021-08-10 15:10:00,352.73,352.77,352.62,352.69,37226
2021-08-10 15:15:00,352.695,352.72,352.62,352.7,11908
2021-08-10 15:20:00,352.7,352.79,352.69,352.779,15189
2021-08-10 15:25:00,352.76,352.77,352.72,352.75,13666
2021-08-10 15:30:00,352.75,352.76,352.64,352.72,27535
2021-08-10 15:35:00,352.71,352.73,352.555,352.56,28199
2021-08-10 15:40:00,352.58,352.66,352.54,352.61,31693
2021-08-10 15:45:00,352.62,352.625,352.51,352.585,44560
2021-08-10 15:50:00,352.58,352.64,352.505,352.57,61073
2021-08-10 15:55:00,352.58,352.77,352.4739,352.74,104440
2021-08-10 16:00:00,352.75,352.75,352.61,352.65,55593
2021-08-10 16:05:00,352.57,352.73,352.49,352.49,4457
2021-08-10 16:10:00,352.73,352.73,352.47,352.47,420
2021-08-10 16:15:00,352.5,352.5,352.5,352.5,300
2021-08-10 16:20:00,352.55,352.55,352.55,352.55,1450
2021-08-10 16:30:00,352.63,352.63,352.63,352.63,250
2021-08-10 16:40:00,352.71,352.71,352.71,352.71,100
2021-08-10 16:45:00,352.73,352.73,352.73,352.73,152
2021-08-10 16:50:00,352.69,352.76,352.69,352.76,2700
2021-08-10 16:55:00,352.78,352.78,352.78,352.78,100
2021-08-10 17:35:00,352.8,352.8,352.8,352.8,100
2021-08-10 17:50:00,352.7,352.7,352.7,352.7,105
2021-08-10 17:55:00,352.71,352.71,352.71,352.71,300
2021-08-10 18:00:00,352.8,352.8,352.8,352.8,100
2021-08-10 18:05:00,352.77,352.77,352.75,352.75,660
2021-08-10 18:15:00,352.74,352.74,352.66,352.66,367
2021-08-10 18:25:00,352.739,352.739,352.739,352.739,500
2021-08-10 18:40:00,352.7,352.7,352.7,352.7,300
2021-08-10 19:10:00,352.59,352.59,352.59,352.59,500
2021-08-10 19:20:00,352.58,352.61,352.58,352.61,600
2021-08-10 19:40:00,352.59,352.59,352.59,352.59,100
2021-08-10 19:45:00,352.62,352.62,352.62,352.62,200
2021-08-10 19:50:00,352.66,352.66,352.66,352.66,300
2021-08-10 19:55:00,352.72,352.72,352.72,352.72,300
2021-08-11 04:35:00,352.73,352.73,352.73,352.73,149
2021-08-11 05:50:00,352.94,352.95,352.94,352.94,400
2021-08-11 06:30:00,352.92,352.92,352.92,352.92,350
2021-08-11 07:00:00,352.87,352.91,352.87,352.9,800
2021-08-11 07:05:00,352.83,352.83,352.82,352.82,200
2021-08-11 07:10:00,352.85,352.9,352.85,352.9,1000
2021-08-11 07:30:00,352.75,352.76,352.75,352.76,2100
2021-08-11 07:40:00,352.72,352.72,352.72,352.72,100
2021-08-11 07:45:00,352.76,352.76,352.76,352.76,300
2021-08-11 08:00:00,352.76,352.76,352.76,352.76,100
2021-08-11 08:05:00,352.78,352.78,352.78,352.78,200
2021-08-11 08:10:00,352.84,352.85,352.82,352.82,1900
2021-08-11 08:20:00,352.76,352.76,352.75,352.75,1300
2021-08-11 08:25:00,352.75,352.75,352.75,352.75,450
2021-08-11 08:30:00,353.0,353.42,353.0,353.33,3862
2021-08-11 08:35:00,353.35,353.35,353.16,353.21,1906
2021-08-11 08:40:00,353.34,353.38,353.34,353.35,500
2021-08-11 08:45:00,353.35,353.35,353.33,353.33,400
2021-08-11 08:50:00,353.28,353.28,353.28,353.28,100
2021-08-11 08:55:00,353.37,353.37,353.29,353.29,400
2021-08-11 09:00:00,353.33,353.41,353.32,353.39,2300
2021-08-11 09:05:00,353.4,353.57,353.4,353.57,6420
2021-08-11 09:10:00,353.65,353.88,353.65,353.88,3130
2021-08-11 09:15:00,353.95,353.97,353.9496,353.95,958
2021-08-11 09:20:00,353.97,354.0,353.92,353.95,1410
2021-08-11 09:25:00,354.0,354.0,353.87,353.98,2200
2021-08-11 09:30:00,353.94,354.22,353.75,353.75,109819
2021-08-11 09:35:00,353.74,354.54,353.7,354.43,76399
2021-08-11 09:40:00,354.45,354.56,354.17,354.56,309077
2021-08-11 09:45:00,354.61,355.02,354.586,354.9999,122900
2021-08-11 09:50:00,355.0282,355.03,354.652,354.71,65609
2021-08-11 09:55:00,354.71,354.82,354.5699,354.62,50918
2021-08-11 10:00:00,354.66,354.77,354.45,354.49,45959
2021-08-11 10:05:00,354.49,354.75,354.33,354.73,43000
2021-08-11 10:10:00,354.74,354.89,354.67,354.78,56525
2021-08-11 10:15:00,354.77,354.8,354.54,354.79,40605
2021-08-11 10:20:00,354.82,354.87,354.6,354.64,45856
2021-08-11 10:25:00,354.635,354.74,354.58,354.73,27637
2021-08-11 10:30:00,354.72,354.8,354.54,354.57,53439
2021-08-11 10:35:00,354.55,354.71,354.42,354.65,39783
2021-08-11 10:40:00,354.65,354.9,354.65,354.9,15453
2021-08-11 10:45:00,354.88,354.99,354.82,354.9,59734
2021-08-11 10:50:00,354.91,354.95,354.84,354.93,40362
2021-08-11 10:55:00,354.92,354.94,354.69,354.73,63185
2021-08-11 11:00:00,354.74,354.76,354.51,354.62,41996
2021-08-11 11:05:00,354.62,354.62,354.46,354.5,64025
2021-08-11 11:10:00,354.5,354.621,354.38,354.61,45911
2021-08-11 11:15:00,354.61,354.68,354.46,354.55,36354
2021-08-11 11:20:00,354.51,354.76,354.51,354.66,18770
2021-08-11 11:25:00,354.68,354.705,354.48,354.49,15531
2021-08-11 11:30:00,354.44,354.56,354.4,354.54,24295
2021-08-11 11:35:00,354.54,354.55,354.42,354.42,15210
2021-08-11 11:40:00,354.43,354.46,354.3,354.31,21648
2021-08-11 11:45:00,354.31,354.38,354.23,354.3671,25073
2021-08-11 11:50:00,354.38,354.46,354.34,354.395,24594
2021-08-11 11:55:00,354.38,354.49,354.36,354.4,12512
2021-08-11 12:00:00,354.38,354.49,354.37,354.49,42911
2021-08-11 12:05:00,354.5,354.59,354.5,354.5501,18606
2021-08-11 12:10:00,354.5385,354.59,354.5,354.57,8333
2021-08-11 12:15:00,354.54,354.6,354.5,354.52,8583
2021-08-11 12:20:00,354.4999,354.569,354.45,354.5025,7111
2021-08-11 12:25:00,354.51,354.56,354.4997,354.5199,6675
2021-08-11 12:30:00,354.52,354.62,354.52,354.59,5885
2021-08-11 12:35:00,354.58,354.67,354.58,354.67,7955
2021-08-11 12:40:00,354.66,354.68,354.589,354.64,10618
2021-08-11 12:45:00,354.61,354.6315,354.5207,354.54,15412
2021-08-11 12:50:00,354.58,354.7199,354.57,354.69,13692
2021-08-11 12:55:00,354.71,354.74,354.69,354.719,16261
2021-08-11 13:00:00,354.72,354.82,354.58,354.665,56809
2021-08-11 13:05:00,354.67,354.7299,354.66,354.68,11076
2021-08-11 13:10:00,354.7,354.74,354.62,354.72,11776
2021-08-11 13:15:00,354.72,354.76,354.66,354.67,9800
2021-08-11 13:20:00,354.68,354.77,354.6601,354.73,6520
2021-08-11 13:25:00,354.73,354.85,354.7,354.82,5634
2021-08-11 13:30:00,354.82,354.84,354.74,354.75,11006
2021-08-11 13:35:00,354.75,354.83,354.73,354.77,23207
2021-08-11 13:40:00,354.78,354.98,354.78,354.9315,15473
2021-08-11 13:45:00,354.94,355.01,354.9,354.94,18594
2021-08-11 13:50:00,354.96,354.99,354.9,354.94,7411
2021-08-11 13:55:00,354.93,354.94,354.84,354.88,13634
2021-08-11 14:00:00,354.87,354.87,354.79,354.83,10757
2021-08-11 14:05:00,354.82,354.92,354.79,354.91,6817
2021-08-11 14:10:00,354.9,354.91,354.82,354.85,36266
2021-08-11 14:15:00,354.85,354.85,354.74,354.75,15448
2021-08-11 14:20:00,354.75,354.76,354.68,354.68,20830
2021-08-11 14:25:00,354.68,354.77,354.65,354.749,5613
2021-08-11 14:30:00,354.75,354.7557,354.67,354.67,29123
2021-08-11 14:35:00,354.69,354.73,354.6701,354.71,16493
2021-08-11 14:40:00,354.71,354.75,354.66,354.67,7547
2021-08-11 14:45:00,354.66,354.715,354.65,354.715,10593
2021-08-11 14:50:00,354.7,354.7,354.65,354.68,9118
2021-08-11 14:55:00,354.66,354.755,354.65,354.755,11201
2021-08-11 15:00:00,354.74,354.88,354.74,354.85,11091
2021-08-11 15:05:00,354.87,354.93,354.84,354.915,63624
2021-08-11 15:10:00,354.91,355.01,354.8901,355.01,48815
2021-08-11 15:15:00,355.01,355.08,354.98,355.0509,16176
2021-08-11 15:20:00,355.035,355.1,355.035,355.07,33787
2021-08-11 15:25:00,355.0788,355.12,355.07,355.08,20760
2021-08-11 15:30:00,355.07,355.075,355.02,355.03,26790
2021-08-11 15:35:00,355.03,355.03,354.87,354.88,32028
2021-08-11 15:40:00,354.88,354.89,354.74,354.78,67546
2021-08-11 15:45:00,354.79,354.85,354.73,354.85,46179
2021-08-11 15:50:00,354.85,354.92,354.72,354.77,86231
2021-08-11 15:55:00,354.78,354.96,354.77,354.96,126325
2021-08-11 16:00:00,354.94,354.97,354.89,354.97,30043
2021-08-11 16:05:00,354.97,354.98,354.94,354.98,1084
2021-08-11 16:10:00,354.94,354.94,354.88,354.89,815
2021-08-11 16:15:00,354.86,354.91,354.86,354.91,3401
2021-08-11 16:20:00,354.9,354.9,354.89,354.9,1213
2021-08-11 16:25:00,354.91,354.95,354.91,354.95,1800
2021-08-11 16:30:00,355.0,355.04,355.0,355.04,1950
2021-08-11 16:35:00,355.04,355.04,355.04,355.04,100
2021-08-11 16:40:00,355.04,355.04,355.04,355.04,680
2021-08-11 16:50:00,355.05,355.05,355.05,355.05,100
2021-08-11 17:10:00,354.94,354.94,354.94,354.94,118
2021-08-11 17:40:00,355.15,355.15,355.15,355.15,200
2021-08-11 18:20:00,355.04,355.05,355.04,355.05,600
2021-08-11 18:25:00,355.069,355.09,355.069,355.079,2090
2021-08-11 19:05:00,354.999,355.0,354.999,355.0,1000
2021-08-11 19:30:00,354.97,354.97,354.97,354.97,350
2021-08-11 19:35:00,355.01,355.01,355.01,355.01,125
2021-08-11 19:40:00,355.02,355.03,355.01,355.01,710
2021-08-11 19:50:00,354.99,355.03,354.99,355.02,500
2021-08-12 04:00:00,355.16,355.16,355.16,355.16,700
2021-08-12 04:15:00,355.14,355.14,355.14,355.14,300
2021-08-12 04:20:00,355.14,355.14,355.14,355.14,200
2021-08-12 04:35:00,355.14,355.14,355.14,355.14,100
2021-08-12 05:20:00,355.43,355.43,355.39,355.39,800
2021-08-12 05:25:00,355.39,355.39,355.39,355.39,500
2021-08-12 07:00:00,355.34,355.37,355.34,355.37,200
2021-08-12 07:05:00,355.3,355.3,355.3,355.3,400
2021-08-12 07:15:00,355.44,355.44,355.44,355.44,100
2021-08-12 07:45:00,355.3,355.3,355.3,355.3,100
2021-08-12 08:00:00,355.3,355.39,355.02,355.31,5481
2021-08-12 08:05:00,355.19,355.23,355.19,355.23,600
2021-08-12 08:20:00,355.13,355.13,355.1,355.1,200
2021-08-12 08:25:00,355.09,355.09,355.09,355.09,100
2021-08-12 08:30:00,355.11,355.12,355.09,355.12,1159
2021-08-12 08:35:00,355.11,355.1145,355.11,355.1145,409
2021-08-12 08:45:00,355.12,355.12,355.12,355.12,1000
2021-08-12 08:50:00,355.15,355.17,355.13,355.14,1200
2021-08-12 08:55:00,355.18,355.19,355.18,355.18,1600
2021-08-12 09:05:00,355.3,355.39,355.3,355.39,300
2021-08-12 09:10:00,355.345,355.39,355.3,355.3,1800
2021-08-12 09:20:00,355.37,355.37,355.3,355.3,750
2021-08-12 09:25:00,355.33,355.43,355.24,355.24,7891
2021-08-12 09:30:00,355.19,355.23,354.6001,355.025,160944
2021-08-12 09:35:00,355.02,355.12,354.8,354.89,83699
2021-08-12 09:40:00,354.88,355.17,354.86,355.02,63271
2021-08-12 09:45:00,355.01,355.19,354.69,354.81,69681
2021-08-12 09:50:00,354.8,354.8,354.31,354.37,113642
2021-08-12 09:55:00,354.38,354.48,354.16,354.47,73899
2021-08-12 10:00:00,354.5,354.5,354.09,354.27,103976
2021-08-12 10:05:00,354.27,354.27,353.93,353.98,45255
2021-08-12 10:10:00,353.97,354.0983,353.86,354.045,56606
2021-08-12 10:15:00,354.04,354.21,354.01,354.03,59225
2021-08-12 10:20:00,354.03,354.2,354.0,354.19,40547
2021-08-12 10:25:00,354.2,354.27,354.07,354.15,44362
2021-08-12 10:30:00,354.1401,354.225,354.02,354.05,32426
2021-08-12 10:35:00,354.06,354.2,353.96,354.2,24870
2021-08-12 10:40:00,354.22,354.24,354.07,354.13,13100
2021-08-12 10:45:00,354.12,354.17,354.04,354.09,16754
2021-08-12 10:50:00,354.12,354.23,354.06,354.14,24011
2021-08-12 10:55:00,354.13,354.24,354.1,354.15,16668
2021-08-12 11:00:00,354.14,354.14,353.93,354.02,30864
2021-08-12 11:05:00,354.04,354.05,353.735,353.93,29058
2021-08-12 11:10:00,353.93,353.95,353.855,353.95,17902
2021-08-12 11:15:00,353.94,354.12,353.93,354.105,25279
2021-08-12 11:20:00,354.1,354.13,354.02,354.11,20679
2021-08-12 11:25:00,354.115,354.3799,354.115,354.28,26860
2021-08-12 11:30:00,354.28,354.3,354.17,354.23,32899
2021-08-12 11:35:00,354.2,354.24,354.17,354.19,19770
2021-08-12 11:40:00,354.19,354.2,354.0609,354.07,14950
2021-08-12 11:45:00,354.07,354.07,353.955,354.02,25024
2021-08-12 11:50:00,354.01,354.11,353.92,354.08,15179
2021-08-12 11:55:00,354.07,354.13,354.06,354.1,20062
2021-08-12 12:00:00,354.09,354.28,354.09,354.27,18945
2021-08-12 12:05:00,354.275,354.52,354.27,354.48,21562
2021-08-12 12:10:00,354.5,354.615,354.45,354.5801,23014
2021-08-12 12:15:00,354.55,354.55,354.42,354.46,26021
2021-08-12 12:20:00,354.48,354.54,354.44,354.5,14228
2021-08-12 12:25:00,354.51,354.67,354.51,354.6,13453
2021-08-12 12:30:00,354.6,354.7089,354.59,354.699,9890
2021-08-12 12:35:00,354.7,354.74,354.64,354.72,12573
2021-08-12 12:40:00,354.72,354.76,354.66,354.75,21343
2021-08-12 12:45:00,354.75,354.76,354.67,354.71,24662
2021-08-12 12:50:00,354.71,354.77,354.62,354.64,32045
2021-08-12 12:55:00,354.65,354.67,354.6,354.67,13412
2021-08-12 13:00:00,354.65,354.65,354.56,354.62,23749
2021-08-12 13:05:00,354.6,354.6,354.4801,354.51,8680
2021-08-12 13:10:00,354.51,354.51,354.4525,354.48,6478
2021-08-12 13:15:00,354.49,354.59,354.47,354.57,5420
2021-08-12 13:20:00,354.57,354.68,354.51,354.66,8148
2021-08-12 13:25:00,354.66,354.66,354.58,354.61,16088
2021-08-12 13:30:00,354.62,354.62,354.51,354.56,10700
2021-08-12 13:35:00,354.56,354.61,354.56,354.6,7600
2021-08-12 13:40:00,354.59,354.65,354.57,354.57,8940
2021-08-12 13:45:00,354.58,354.58,354.48,354.5,9390
2021-08-12 13:50:00,354.5,354.57,354.45,354.57,8303
2021-08-12 13:55:00,354.545,354.63,354.54,354.555,8440
2021-08-12 14:00:00,354.57,354.57,354.45,354.52,11841
2021-08-12 14:05:00,354.53,354.605,354.53,354.59,4020
2021-08-12 14:10:00,354.59,354.63,354.55,354.5609,14645
2021-08-12 14:15:00,354.565,354.735,354.5415,354.73,17481
2021-08-12 14:20:00,354.73,354.74,354.66,354.67,9143
2021-08-12 14:25:00,354.67,354.67,354.585,354.65,18110
2021-08-12 14:30:00,354.64,354.69,354.61,354.67,5321
2021-08-12 14:35:00,354.67,354.73,354.66,354.73,4956
2021-08-12 14:40:00,354.73,354.75,354.625,354.63,10863
2021-08-12 14:45:00,354.64,354.77,354.64,354.76,9310
2021-08-12 14:50:00,354.76,354.86,354.7,354.86,20351
2021-08-12 14:55:00,354.87,354.95,354.87,354.92,17323
2021-08-12 15:00:00,354.9,354.98,354.9,354.96,13979
2021-08-12 15:05:00,354.95,355.07,354.95,355.01,21119
2021-08-12 15:10:00,355.0,355.05,354.965,355.005,24975
2021-08-12 15:15:00,354.99,355.01,354.945,354.99,14418
2021-08-12 15:20:00,355.0,355.065,354.98,354.99,21307
2021-08-12 15:25:00,354.97,355.03,354.92,355.0,19390
2021-08-12 15:30:00,355.0,355.123,354.95,355.123,23230
2021-08-12 15:35:00,355.115,355.22,355.095,355.2,43202
2021-08-12 15:40:00,355.2,355.24,355.05,355.05,44678
2021-08-12 15:45:00,355.03,355.045,354.94,354.995,37706
2021-08-12 15:50:00,355.0,355.19,354.81,355.13,75283
2021-08-12 15:55:00,355.14,355.25,355.04,355.21,59883
2021-08-12 16:00:00,355.23,355.23,355.13,355.14,7853
2021-08-12 16:05:00,355.04,355.3,355.04,355.28,12754
2021-08-12 16:10:00,355.23,355.4,355.23,355.4,950
2021-08-12 16:20:00,355.38,355.47,355.38,355.45,3568
2021-08-12 16:25:00,355.45,355.45,355.45,355.45,400
2021-08-12 16:35:00,355.49,355.51,355.49,355.51,826
2021-08-12 16:40:00,355.52,355.5204,355.52,355.5204,1190
2021-08-12 16:45:00,355.55,355.55,355.55,355.55,221
2021-08-12 16:55:00,355.54,355.55,355.54,355.55,200
2021-08-12 17:10:00,355.57,355.57,355.57,355.57,200
2021-08-12 17:40:00,355.6,355.6,355.6,355.6,100
2021-08-12 18:00:00,355.47,355.47,355.47,355.47,200
2021-08-12 18:05:00,355.39,355.39,355.39,355.39,500
2021-08-12 18:10:00,355.34,355.34,355.34,355.34,900
2021-08-12 18:15:00,355.34,355.38,355.33,355.33,2650
2021-08-12 18:25:00,355.33,355.33,355.33,355.33,1600
2021-08-12 18:50:00,355.32,355.32,355.32,355.32,200
2021-08-12 19:20:00,355.34,355.34,355.33,355.33,2000
2021-08-12 19:35:00,355.3,355.3,355.3,355.3,105
2021-08-12 19:45:00,355.27,355.27,355.26,355.26,450
2021-08-12 19:55:00,355.2599,355.2599,355.2599,355.2599,100
2021-08-13 04:05:00,355.51,355.51,355.51,355.51,310
2021-08-13 04:10:00,355.5,355.5,355.5,355.5,100
2021-08-13 04:55:00,355.64,355.64,355.63,355.63,5596
2021-08-13 05:00:00,355.79,355.79,355.79,355.79,100
2021-08-13 05:10:00,355.82,355.83,355.82,355.82,2900
2021-08-13 05:30:00,355.74,355.74,355.74,355.74,200
2021-08-13 05:35:00,355.69,355.73,355.68,355.73,2847
2021-08-13 05:40:00,355.73,355.73,355.73,355.73,300
2021-08-13 05:50:00,355.74,355.74,355.74,355.74,200
2021-08-13 05:55:00,355.79,355.79,355.79,355.79,100
2021-08-13 06:00:00,355.79,355.79,355.79,355.79,150
2021-08-13 06:50:00,355.72,355.72,355.72,355.72,140
2021-08-13 06:55:00,355.72,355.72,355.72,355.72,1548
2021-08-13 07:05:00,355.6,355.63,355.59,355.63,800
2021-08-13 07:15:00,355.61,355.61,355.61,355.61,100
2021-08-13 07:20:00,355.65,355.65,355.65,355.65,145
2021-08-13 07:30:00,355.66,355.66,355.66,355.66,100
2021-08-13 07:35:00,355.64,355.64,355.61,355.61,5800
2021-08-13 07:40:00,355.7,355.7,355.69,355.69,200
2021-08-13 07:50:00,355.72,355.75,355.72,355.75,573
2021-08-13 08:00:00,355.65,355.8,355.65,355.8,1400
2021-08-13 08:05:00,355.77,355.77,355.76,355.76,1000
2021-08-13 08:10:00,355.71,355.71,355.71,355.71,500
2021-08-13 08:20:00,355.8,355.8,355.8,355.8,200
2021-08-13 08:25:00,355.78,355.78,355.78,355.78,100
2021-08-13 08:30:00,355.83,355.83,355.83,355.83,300
2021-08-13 08:40:00,355.81,355.81,355.8,355.8,313
2021-08-13 08:45:00,355.82,355.94,355.82,355.94,600
2021-08-13 08:50:00,355.88,355.88,355.88,355.88,200
2021-08-13 08:55:00,355.87,355.87,355.87,355.87,250
2021-08-13 09:00:00,355.94,355.95,355.93,355.9496,1248
2021-08-13 09:10:00,355.901,355.901,355.9,355.9,1274
2021-08-13 09:15:00,355.8896,355.9,355.8896,355.9,600
2021-08-13 09:25:00,355.87,355.87,355.79,355.81,900
2021-08-13 09:30:00,355.85,356.12,355.63,355.88,99233
2021-08-13 09:35:00,355.87,355.92,355.55,355.7,39707
2021-08-13 09:40:00,355.76,356.14,355.76,356.0162,37467
2021-08-13 09:45:00,356.01,356.37,355.96,356.23,85229
2021-08-13 09:50:00,356.23,356.24,355.82,355.86,59278
2021-08-13 09:55:00,355.82,355.98,355.68,355.68,28813
2021-08-13 10:00:00,355.66,355.68,355.25,355.34,51337
2021-08-13 10:05:00,355.28,355.34,355.11,355.32,45976
2021-08-13 10:10:00,355.33,355.43,355.19,355.31,43157
2021-08-13 10:15:00,355.27,355.55,355.25,355.43,48693
2021-08-13 10:20:00,355.42,355.57,355.41,355.46,30423
2021-08-13 10:25:00,355.45,355.45,355.13,355.27,47814
2021-08-13 10:30:00,355.29,355.48,355.21,355.36,18794
2021-08-13 10:35:00,355.34,355.37,355.2,355.211,18090
2021-08-13 10:40:00,355.2,355.3999,355.16,355.32,18168
2021-08-13 10:45:00,355.32,355.53,355.32,355.36,15964
2021-08-13 10:50:00,355.37,355.54,355.37,355.4,11865
2021-08-13 10:55:00,355.4,355.52,355.4,355.4513,8550
2021-08-13 11:00:00,355.45,355.515,355.415,355.46,13191
2021-08-13 11:05:00,355.47,355.5226,355.43,355.46,5485
2021-08-13 11:10:00,355.47,355.65,355.43,355.64,18908
2021-08-13 11:15:00,355.68,355.74,355.66,355.71,13067
2021-08-13 11:20:00,355.72,355.72,355.58,355.59,11391
2021-08-13 11:25:00,355.57,355.69,355.56,355.69,10683
2021-08-13 11:30:00,355.69,355.69,355.57,355.58,9680
2021-08-13 11:35:00,355.6,355.62,355.49,355.54,10379
2021-08-13 11:40:00,355.53,355.67,355.51,355.65,16523
2021-08-13 11:45:00,355.64,355.65,355.58,355.59,3580
2021-08-13 11:50:00,355.61,355.62,355.56,355.58,8443
2021-08-13 11:55:00,355.58,355.63,355.57,355.63,8463
2021-08-13 12:00:00,355.64,355.709,355.64,355.65,8667
2021-08-13 12:05:00,355.64,355.67,355.62,355.625,3100
2021-08-13 12:10:00,355.62,355.68,355.62,355.63,12978
2021-08-13 12:15:00,355.63,355.64,355.56,355.56,10501
2021-08-13 12:20:00,355.56,355.63,355.55,355.58,9150
2021-08-13 12:25:00,355.585,355.59,355.51,355.525,3814
2021-08-13 12:30:00,355.54,355.56,355.499,355.5,6307
2021-08-13 12:35:00,355.5,355.62,355.5,355.61,13097
2021-08-13 12:40:00,355.6,355.64,355.579,355.6103,10238
2021-08-13 12:45:00,355.59,355.6,355.53,355.53,8148
2021-08-13 12:50:00,355.55,355.595,355.5,355.59,12616
2021-08-13 12:55:00,355.6,355.62,355.55,355.55,14849
2021-08-13 13:00:00,355.53,355.55,355.455,355.455,16304
2021-08-13 13:05:00,355.43,355.45,355.38,355.4,21868
2021-08-13 13:10:00,355.41,355.41,355.34,355.3999,8010
2021-08-13 13:15:00,355.42,355.52,355.42,355.5,12178
2021-08-13 13:20:00,355.51,355.55,355.47,355.5,13475
2021-08-13 13:25:00,355.5,355.54,355.486,355.51,6737
2021-08-13 13:30:00,355.49,355.53,355.44,355.46,10973
2021-08-13 13:35:00,355.47,355.5262,355.46,355.51,8177
2021-08-13 13:40:00,355.53,355.65,355.52,355.59,22293
2021-08-13 13:45:00,355.59,355.66,355.55,355.62,28351
2021-08-13 13:50:00,355.64,355.65,355.56,355.65,14098
2021-08-13 13:55:00,355.65,355.65,355.6,355.61,8796
2021-08-13 14:00:00,355.6,355.629,355.52,355.57,19071
2021-08-13 14:05:00,355.56,355.59,355.53,355.55,19177
2021-08-13 14:10:00,355.55,355.5699,355.52,355.55,12536
2021-08-13 14:15:00,355.56,355.59,355.46,355.48,17917
2021-08-13 14:20:00,355.47,355.49,355.42,355.43,25625
2021-08-13 14:25:00,355.43,355.43,355.31,355.36,11230
2021-08-13 14:30:00,355.33,355.36,355.32,355.33,11470
2021-08-13 14:35:00,355.34,355.34,355.23,355.24,27970
2021-08-13 14:40:00,355.24,355.24,355.0,355.06,42731
2021-08-13 14:45:00,355.06,355.209,355.02,355.14,28672
2021-08-13 14:50:00,355.1,355.125,355.0544,355.09,13405
2021-08-13 14:55:00,355.09,355.19,355.07,355.135,27096
2021-08-13 15:00:00,355.14,355.23,355.1355,355.21,12383
2021-08-13 15:05:00,355.2,355.3,355.2,355.26,9525
2021-08-13 15:10:00,355.27,355.33,355.21,355.33,10237
2021-08-13 15:15:00,355.33,355.33,355.24,355.27,14823
2021-08-13 15:20:00,355.29,355.3544,355.29,355.31,11186
2021-08-13 15:25:00,355.32,355.32,355.17,355.21,17219
2021-08-13 15:30:00,355.19,355.19,355.09,355.11,31236
2021-08-13 15:35:00,355.11,355.35,355.11,355.33,55625
2021-08-13 15:40:00,355.34,355.34,355.2,355.22,21057
2021-08-13 15:45:00,355.23,355.3,355.23,355.26,49693
2021-08-13 15:50:00,355.25,355.38,355.08,355.09,107007
2021-08-13 15:55:00,355.09,355.43,355.0,355.4,132359
2021-08-13 16:00:00,355.39,355.41,355.32,355.32,27153
2021-08-13 16:05:00,355.3,355.3,355.22,355.23,1193
2021-08-13 16:10:00,355.39,355.39,355.21,355.24,932
2021-08-13 16:15:00,355.25,355.25,355.25,355.25,100
2021-08-13 16:20:00,355.29,355.29,355.27,355.27,1751
2021-08-13 16:30:00,355.29,355.29,355.27,355.28,2300
2021-08-13 16:40:00,355.28,355.34,355.28,355.34,598
2021-08-13 16:45:00,355.32,355.32,355.32,355.32,350
2021-08-13 16:50:00,355.28,355.29,355.25,355.25,762
2021-08-13 16:55:00,355.19,355.2,355.19,355.2,200
2021-08-13 18:20:00,355.04,355.04,355.04,355.04,369
2021-08-13 18:35:00,355.02,355.02,355.02,355.02,300
2021-08-13 18:45:00,355.02,355.02,355.0,355.0,305
