2021-08-02 05:30:00,51.99,52.0,51.99,52.0,6200
2021-08-02 06:30:00,52.0,52.0,52.0,52.0,3200
2021-08-02 06:35:00,52.02,52.02,52.02,52.02,1800
2021-08-02 06:50:00,52.0,52.0,52.0,52.0,2000
2021-08-02 07:00:00,51.88,51.88,51.88,51.88,700
2021-08-02 07:10:00,51.94,51.95,51.94,51.95,2500
2021-08-02 07:40:00,51.97,51.97,51.965,51.97,5724
2021-08-02 07:45:00,51.98,51.98,51.98,51.98,1800
2021-08-02 07:50:00,51.99,51.99,51.97,51.99,4900
2021-08-02 07:55:00,52.0,52.01,52.0,52.01,7210
2021-08-02 08:00:00,51.8,52.07,51.8,52.07,1000
2021-08-02 08:05:00,52.05,52.05,52.05,52.05,100
2021-08-02 08:15:00,52.06,52.06,52.05,52.05,3700
2021-08-02 08:20:00,52.05,52.05,52.04,52.04,200
2021-08-02 08:30:00,52.05,52.06,52.05,52.06,1362
2021-08-02 08:35:00,52.05,52.05,52.04,52.04,19390
2021-08-02 08:40:00,52.04,52.06,52.04,52.06,2100
2021-08-02 08:45:00,52.06,52.06,52.06,52.06,419
2021-08-02 08:50:00,52.05,52.05,52.05,52.05,1000
2021-08-02 08:55:00,52.02,52.02,52.02,52.02,348
2021-08-02 09:00:00,52.04,52.04,52.04,52.04,100
2021-08-02 09:05:00,52.04,52.04,52.02,52.02,24000
2021-08-02 09:10:00,52.05,52.05,52.05,52.05,300
2021-08-02 09:15:00,52.06,52.07,52.06,52.07,1833
2021-08-02 09:20:00,52.09,52.1,52.09,52.1,9699
2021-08-02 09:25:00,52.08,52.08,52.05,52.07,13333
2021-08-02 09:30:00,52.05,52.115,52.02,52.115,1926710
2021-08-02 09:35:00,52.115,52.12,52.06,52.09,1449529
2021-08-02 09:40:00,52.085,52.1,52.0201,52.05,726085
2021-08-02 09:45:00,52.05,52.11,52.04,52.069,464274
2021-08-02 09:50:00,52.07,52.07,51.99,52.04,233819
2021-08-02 09:55:00,52.04,52.09,52.04,52.0869,159846
2021-08-02 10:00:00,52.08,52.16,52.055,52.15,588666
2021-08-02 10:05:00,52.15,52.1679,52.12,52.13,522554
2021-08-02 10:10:00,52.13,52.18,52.13,52.17,270059
2021-08-02 10:15:00,52.17,52.185,52.15,52.155,305360
2021-08-02 10:20:00,52.16,52.18,52.145,52.15,98327
2021-08-02 10:25:00,52.15,52.2,52.145,52.185,432910
2021-08-02 10:30:00,52.185,52.23,52.16,52.175,470579
2021-08-02 10:35:00,52.18,52.21,52.145,52.16,648400
2021-08-02 10:40:00,52.155,52.16,52.11,52.14,386056
2021-08-02 10:45:00,52.145,52.16,52.12,52.15,366482
2021-08-02 10:50:00,52.15,52.21,52.12,52.21,1289700
2021-08-02 10:55:00,52.21,52.21,52.17,52.21,1615980
2021-08-02 11:00:00,52.21,52.2499,52.19,52.2499,911238
2021-08-02 11:05:00,52.25,52.25,52.175,52.175,643399
2021-08-02 11:10:00,52.17,52.22,52.17,52.2101,200700
2021-08-02 11:15:00,52.215,52.225,52.17,52.2,259454
2021-08-02 11:20:00,52.205,52.25,52.19,52.24,209328
2021-08-02 11:25:00,52.24,52.24,52.2,52.21,216169
2021-08-02 11:30:00,52.22,52.23,52.18,52.185,221394
2021-08-02 11:35:00,52.185,52.205,52.17,52.17,120306
2021-08-02 11:40:00,52.175,52.1801,52.13,52.15,182068
2021-08-02 11:45:00,52.15,52.19,52.15,52.17,191210
2021-08-02 11:50:00,52.17,52.18,52.14,52.155,125246
2021-08-02 11:55:00,52.16,52.17,52.085,52.09,211929
2021-08-02 12:00:00,52.09,52.09,52.01,52.05,1106143
2021-08-02 12:05:00,52.05,52.17,51.96,51.965,935693
2021-08-02 12:10:00,51.965,52.03,51.96,52.02,1810867
2021-08-02 12:15:00,52.025,52.06,52.025,52.055,174740
2021-08-02 12:20:00,52.05,52.08,52.03,52.055,286814
2021-08-02 12:25:00,52.06,52.075,52.025,52.065,374100
2021-08-02 12:30:00,52.07,52.14,52.06,52.125,259336
2021-08-02 12:35:00,52.12,52.155,52.12,52.155,160929
2021-08-02 12:40:00,52.155,52.17,52.15,52.15,147856
2021-08-02 12:45:00,52.15,52.155,52.13,52.14,182800
2021-08-02 12:50:00,52.145,52.155,52.13,52.15,247430
2021-08-02 12:55:00,52.15,52.155,52.1,52.1147,227094
2021-08-02 13:00:00,52.12,52.13,52.1,52.1,254124
2021-08-02 13:05:00,52.1,52.1,52.08,52.09,1146511
2021-08-02 13:10:00,52.09,52.13,52.08,52.125,247956
2021-08-02 13:15:00,52.12,52.13,52.0901,52.125,183086
2021-08-02 13:20:00,52.13,52.1455,52.12,52.135,147303
2021-08-02 13:25:00,52.13,52.16,52.12,52.125,400748
2021-08-02 13:30:00,52.125,52.13,52.1,52.115,1138406
2021-08-02 13:35:00,52.115,52.12,52.085,52.09,437771
2021-08-02 13:40:00,52.09,52.09,52.06,52.065,1221939
2021-08-02 13:45:00,52.065,52.07,52.04,52.06,300508
2021-08-02 13:50:00,52.06,52.07,52.0301,52.045,128383
2021-08-02 13:55:00,52.04,52.085,52.04,52.06,132893
2021-08-02 14:00:00,52.06,52.075,52.03,52.0311,187784
2021-08-02 14:05:00,52.04,52.07,52.035,52.055,159656
2021-08-02 14:10:00,52.05,52.07,52.045,52.06,289999
2021-08-02 14:15:00,52.065,52.07,52.03,52.035,464375
2021-08-02 14:20:00,52.04,52.05,52.02,52.02,773373
2021-08-02 14:25:00,52.03,52.04,52.02,52.03,121444
2021-08-02 14:30:00,52.025,52.05,52.0201,52.045,58886
2021-08-02 14:35:00,52.05,52.0679,52.04,52.0667,40113
2021-08-02 14:40:00,52.07,52.07,52.02,52.045,161517
2021-08-02 14:45:00,52.045,52.045,52.02,52.025,42425
2021-08-02 14:50:00,52.02,52.05,52.02,52.035,161890
2021-08-02 14:55:00,52.04,52.0455,52.02,52.0222,87980
2021-08-02 15:00:00,52.025,52.035,52.0,52.025,112509
2021-08-02 15:05:00,52.025,52.045,52.0,52.005,287177
2021-08-02 15:10:00,52.005,52.02,51.99,51.99,118639
2021-08-02 15:15:00,51.995,52.005,51.98,51.995,96710
2021-08-02 15:20:00,51.991,52.005,51.97,51.975,84594
2021-08-02 15:25:00,51.975,51.985,51.951,51.97,180374
2021-08-02 15:30:00,51.96,51.969,51.93,51.945,157574
2021-08-02 15:35:00,51.95,51.955,51.92,51.93,219840
2021-08-02 15:40:00,51.935,51.94,51.915,51.92,515122
2021-08-02 15:45:00,51.92,51.94,51.91,51.921,243155
2021-08-02 15:50:00,51.925,51.95,51.91,51.93,1759216
2021-08-02 15:55:00,51.93,51.99,51.93,51.99,2263871
2021-08-02 16:00:00,51.99,51.99,51.96,51.96,3641535
2021-08-02 16:05:00,51.97,51.97,51.97,51.97,5112
2021-08-02 16:10:00,51.97,51.97,51.95,51.95,23868
2021-08-02 16:15:00,51.97,51.97,51.97,51.97,9000
2021-08-02 16:20:00,51.97,51.97,51.97,51.97,600
2021-08-02 16:25:00,51.95,51.97,51.95,51.97,2100
2021-08-02 16:30:00,51.94,51.94,51.93,51.93,902
2021-08-02 16:40:00,51.97,51.97,51.97,51.97,77000
2021-08-02 17:30:00,51.97,51.97,51.97,51.97,689
2021-08-02 17:55:00,51.97,51.97,51.97,51.97,508
2021-08-03 04:30:00,52.14,52.14,52.14,52.14,3300
2021-08-03 05:20:00,51.97,51.97,51.97,51.97,1200
2021-08-03 06:55:00,52.08,52.14,52.08,52.13,11900
2021-08-03 07:00:00,52.1,52.1,52.03,52.03,650
2021-08-03 07:45:00,52.09,52.09,52.08,52.08,753
2021-08-03 07:50:00,52.07,52.08,52.07,52.08,9200
2021-08-03 07:55:00,52.07,52.08,52.07,52.07,39960
2021-08-03 08:00:00,52.06,52.06,52.03,52.06,63650
2021-08-03 08:05:00,52.05,52.05,52.01,52.01,2550
2021-08-03 08:10:00,52.1,52.1,52.01,52.01,13291
2021-08-03 08:20:00,51.95,51.96,51.95,51.96,200
2021-08-03 08:25:00,51.94,51.94,51.93,51.93,1100
2021-08-03 08:35:00,51.94,51.94,51.92,51.92,600
2021-08-03 08:40:00,51.92,51.92,51.92,51.92,100
2021-08-03 08:45:00,51.94,51.94,51.94,51.94,531
2021-08-03 08:55:00,51.95,51.96,51.95,51.96,200
2021-08-03 09:00:00,51.94,51.94,51.94,51.94,2500
2021-08-03 09:10:00,51.91,51.91,51.9,51.9,691
2021-08-03 09:15:00,51.89,51.9,51.87,51.88,24127
2021-08-03 09:20:00,51.88,51.89,51.88,51.89,22872
2021-08-03 09:25:00,51.89,51.92,51.89,51.91,57220
2021-08-03 09:30:00,51.91,51.94,51.86,51.925,1385743
2021-08-03 09:35:00,51.93,51.94,51.81,51.81,658473
2021-08-03 09:40:00,51.81,51.88,51.7645,51.82,624105
2021-08-03 09:45:00,51.825,51.865,51.8,51.8,429072
2021-08-03 09:50:00,51.8,51.8,51.71,51.71,481380
2021-08-03 09:55:00,51.71,51.735,51.6899,51.71,504322
2021-08-03 10:00:00,51.7,51.79,51.695,51.78,263334
2021-08-03 10:05:00,51.77,51.7725,51.705,51.73,190298
2021-08-03 10:10:00,51.74,51.78,51.715,51.75,280561
2021-08-03 10:15:00,51.75,51.83,51.745,51.82,380899
2021-08-03 10:20:00,51.83,51.84,51.79,51.84,306941
2021-08-03 10:25:00,51.83,51.85,51.815,51.84,146104
2021-08-03 10:30:00,51.84,51.84,51.75,51.75,185914
2021-08-03 10:35:00,51.75,51.835,51.74,51.815,284508
2021-08-03 10:40:00,51.82,51.87,51.81,51.85,104751
2021-08-03 10:45:00,51.86,51.92,51.83,51.92,260828
2021-08-03 10:50:00,51.92,51.93,51.885,51.885,244056
2021-08-03 10:55:00,51.88,51.925,51.875,51.89,361181
2021-08-03 11:00:00,51.89,51.94,51.885,51.92,229110
2021-08-03 11:05:00,51.925,51.945,51.9,51.93,272776
2021-08-03 11:10:00,51.92,51.92,51.88,51.895,169114
2021-08-03 11:15:00,51.89,51.9,51.84,51.85,483612
2021-08-03 11:20:00,51.84,51.88,51.835,51.863,170265
2021-08-03 11:25:00,51.865,51.89,51.85,51.89,207814
2021-08-03 11:30:00,51.89,51.92,51.865,51.88,305881
2021-08-03 11:35:00,51.8876,51.925,51.885,51.92,198925
2021-08-03 11:40:00,51.915,52.0,51.91,51.99,397301
2021-08-03 11:45:00,51.99,52.01,51.985,51.995,517435
2021-08-03 11:50:00,51.995,52.01,51.99,52.01,170137
2021-08-03 11:55:00,52.01,52.04,52.01,52.02,344952
2021-08-03 12:00:00,52.02,52.0354,52.01,52.0354,193019
2021-08-03 12:05:00,52.04,52.045,52.02,52.025,233939
2021-08-03 12:10:00,52.025,52.0399,52.02,52.03,200394
2021-08-03 12:15:00,52.03,52.05,52.005,52.005,143401
2021-08-03 12:20:00,52.005,52.0264,51.995,52.005,101050
2021-08-03 12:25:00,52.01,52.03,52.0,52.03,194001
2021-08-03 12:30:00,52.025,52.04,52.0101,52.02,121557
2021-08-03 12:35:00,52.025,52.05,52.025,52.03,188325
2021-08-03 12:40:00,52.035,52.035,52.005,52.02,105760
2021-08-03 12:45:00,52.03,52.035,52.0101,52.02,68548
2021-08-03 12:50:00,52.023,52.0353,52.0047,52.03,122079
2021-08-03 12:55:00,52.035,52.06,52.035,52.04,100059
2021-08-03 13:00:00,52.035,52.075,52.03,52.055,138263
2021-08-03 13:05:00,52.06,52.09,52.055,52.075,205910
2021-08-03 13:10:00,52.0799,52.08,52.05,52.0794,73930
2021-08-03 13:15:00,52.075,52.1,52.055,52.055,110715
2021-08-03 13:20:00,52.06,52.07,52.035,52.04,152004
2021-08-03 13:25:00,52.0435,52.055,52.03,52.045,71784
2021-08-03 13:30:00,52.05,52.06,52.04,52.0495,107308
2021-08-03 13:35:00,52.045,52.07,52.0448,52.07,456168
2021-08-03 13:40:00,52.07,52.07,52.05,52.05,221296
2021-08-03 13:45:00,52.055,52.07,52.04,52.05,214909
2021-08-03 13:50:00,52.045,52.075,52.045,52.07,425420
2021-08-03 13:55:00,52.075,52.08,52.05,52.05,212885
2021-08-03 14:00:00,52.05,52.06,52.015,52.04,147271
2021-08-03 14:05:00,52.04,52.08,52.03,52.075,156209
2021-08-03 14:10:00,52.075,52.105,52.07,52.07,300978
2021-08-03 14:15:00,52.07,52.1274,52.065,52.12,2497958
2021-08-03 14:20:00,52.12,52.127,52.09,52.095,672236
2021-08-03 14:25:00,52.1,52.13,52.1,52.12,372089
2021-08-03 14:30:00,52.115,52.125,52.1,52.1141,148544
2021-08-03 14:35:00,52.11,52.12,52.1,52.115,90120
2021-08-03 14:40:00,52.11,52.14,52.11,52.14,189210
2021-08-03 14:45:00,52.135,52.145,52.0944,52.1,300497
2021-08-03 14:50:00,52.1,52.13,52.095,52.12,209058
2021-08-03 14:55:00,52.125,52.145,52.1139,52.125,172896
2021-08-03 15:00:00,52.12,52.16,52.12,52.15,400508
2021-08-03 15:05:00,52.15,52.17,52.145,52.17,167467
2021-08-03 15:10:00,52.165,52.18,52.14,52.165,179809
2021-08-03 15:15:00,52.165,52.18,52.16,52.17,85120
2021-08-03 15:20:00,52.17,52.19,52.16,52.19,119443
2021-08-03 15:25:00,52.185,52.2,52.17,52.195,233168
2021-08-03 15:30:00,52.195,52.21,52.18,52.2,188444
2021-08-03 15:35:00,52.2,52.205,52.17,52.175,247476
2021-08-03 15:40:00,52.175,52.196,52.16,52.17,217227
2021-08-03 15:45:00,52.17,52.185,52.17,52.18,235751
2021-08-03 15:50:00,52.18,52.19,52.16,52.18,793172
2021-08-03 15:55:00,52.18,52.22,52.17,52.21,1900183
2021-08-03 16:00:00,52.21,52.21,52.14,52.14,1765532
2021-08-03 16:05:00,52.14,52.21,52.12,52.12,331130
2021-08-03 16:10:00,52.19,52.19,52.12,52.12,6508
2021-08-03 16:15:00,52.12,52.12,52.12,52.12,432
2021-08-03 16:25:00,52.12,52.12,52.11,52.11,1018
2021-08-03 16:35:00,52.16,52.16,52.16,52.16,1900
2021-08-03 16:40:00,52.16,52.16,52.16,52.16,3893
2021-08-03 16:50:00,52.19,52.19,52.19,52.19,146900
2021-08-03 16:55:00,52.11,52.11,52.1,52.1,1190
2021-08-03 18:05:00,52.14,52.14,52.14,52.14,989
2021-08-03 19:10:00,52.14,52.14,52.14,52.14,400
2021-08-03 19:55:00,52.18,52.18,52.18,52.18,200
2021-08-04 04:00:00,52.62,52.62,52.62,52.62,1000
2021-08-04 04:05:00,52.6,52.6,52.6,52.6,1086
2021-08-04 04:10:00,52.59,52.6,52.59,52.6,3700
2021-08-04 04:40:00,52.6,52.6,52.6,52.6,214
2021-08-04 05:30:00,52.6,52.6,52.6,52.6,400
2021-08-04 05:35:00,52.6,52.6,52.6,52.6,1000
2021-08-04 07:00:00,52.64,52.64,52.51,52.6,9405
2021-08-04 07:15:00,52.59,52.59,52.59,52.59,500
2021-08-04 07:25:00,52.59,52.59,52.59,52.59,100
2021-08-04 07:30:00,52.6,52.6,52.6,52.6,100
2021-08-04 07:35:00,52.59,52.59,52.59,52.59,100
2021-08-04 07:40:00,52.58,52.58,52.55,52.55,1229
2021-08-04 07:50:00,52.55,52.55,52.55,52.55,400
2021-08-04 07:55:00,52.555,52.56,52.54,52.55,6562
2021-08-04 08:00:00,52.54,52.54,52.52,52.54,3564
2021-08-04 08:10:00,52.53,52.53,52.53,52.53,1200
2021-08-04 08:15:00,52.55,52.55,52.55,52.55,500
2021-08-04 08:20:00,52.54,52.54,52.53,52.53,8863
2021-08-04 08:25:00,52.52,52.54,52.52,52.52,31062
2021-08-04 08:30:00,52.53,52.54,52.53,52.54,3755
2021-08-04 08:35:00,52.56,52.56,52.56,52.56,5000
2021-08-04 08:45:00,52.58,52.58,52.52,52.52,2262
2021-08-04 08:50:00,52.49,52.49,52.49,52.49,100
2021-08-04 08:55:00,52.51,52.54,52.51,52.54,600
2021-08-04 09:00:00,52.5499,52.5499,52.5499,52.5499,100
2021-08-04 09:10:00,52.53,52.53,52.53,52.53,500
2021-08-04 09:15:00,52.53,52.53,52.53,52.53,350
2021-08-04 09:20:00,52.52,52.52,52.51,52.51,14650
2021-08-04 09:25:00,52.57,52.6,52.57,52.58,14690
2021-08-04 09:30:00,52.58,52.695,52.54,52.69,2317544
2021-08-04 09:35:00,52.69,52.73,52.67,52.7,1096476
2021-08-04 09:40:00,52.7,52.76,52.69,52.76,722812
2021-08-04 09:45:00,52.76,52.78,52.75,52.77,971059
2021-08-04 09:50:00,52.77,52.79,52.745,52.76,800300
2021-08-04 09:55:00,52.77,52.775,52.725,52.75,622836
2021-08-04 10:00:00,52.74,52.75,52.61,52.66,631825
2021-08-04 10:05:00,52.65,52.66,52.61,52.655,545962
2021-08-04 10:10:00,52.66,52.68,52.645,52.66,433498
2021-08-04 10:15:00,52.66,52.66,52.6,52.61,150067
2021-08-04 10:20:00,52.6,52.6068,52.53,52.55,212881
2021-08-04 10:25:00,52.55,52.57,52.52,52.54,881331
2021-08-04 10:30:00,52.54,52.54,52.44,52.51,423945
2021-08-04 10:35:00,52.52,52.53,52.4801,52.51,293920
2021-08-04 10:40:00,52.51,52.56,52.5,52.54,116101
2021-08-04 10:45:00,52.54,52.57,52.53,52.55,121305
2021-08-04 10:50:00,52.55,52.55,52.52,52.52,109530
2021-08-04 10:55:00,52.52,52.54,52.49,52.535,1161325
2021-08-04 11:00:00,52.535,52.54,52.49,52.505,457910
2021-08-04 11:05:00,52.5,52.52,52.49,52.51,378172
2021-08-04 11:10:00,52.505,52.525,52.47,52.49,238333
2021-08-04 11:15:00,52.49,52.49,52.455,52.46,124256
2021-08-04 11:20:00,52.46,52.46,52.425,52.43,129311
2021-08-04 11:25:00,52.43,52.44,52.41,52.425,191347
2021-08-04 11:30:00,52.43,52.435,52.4,52.43,579096
2021-08-04 11:35:00,52.43,52.435,52.38,52.385,272540
2021-08-04 11:40:00,52.39,52.395,52.345,52.38,933038
2021-08-04 11:45:00,52.37,52.41,52.37,52.405,139257
2021-08-04 11:50:00,52.41,52.42,52.365,52.385,184031
2021-08-04 11:55:00,52.385,52.425,52.38,52.42,383313
2021-08-04 12:00:00,52.42,52.42,52.395,52.4,66344
2021-08-04 12:05:00,52.41,52.43,52.4,52.42,157203
2021-08-04 12:10:00,52.42,52.445,52.415,52.44,64370
2021-08-04 12:15:00,52.4337,52.445,52.405,52.41,295506
2021-08-04 12:20:00,52.41,52.425,52.4,52.42,114452
2021-08-04 12:25:00,52.42,52.43,52.4108,52.43,67334
2021-08-04 12:30:00,52.43,52.44,52.4147,52.42,49837
2021-08-04 12:35:00,52.41,52.445,52.41,52.445,22651
2021-08-04 12:40:00,52.44,52.44,52.415,52.43,51939
2021-08-04 12:45:00,52.435,52.45,52.4322,52.445,54361
2021-08-04 12:50:00,52.445,52.445,52.425,52.44,184441
2021-08-04 12:55:00,52.44,52.46,52.43,52.46,63310
2021-08-04 13:00:00,52.46,52.48,52.45,52.48,403049
2021-08-04 13:05:00,52.48,52.5,52.475,52.495,166595
2021-08-04 13:10:00,52.495,52.495,52.475,52.475,94225
2021-08-04 13:15:00,52.475,52.495,52.465,52.49,38985
2021-08-04 13:20:00,52.49,52.495,52.485,52.495,19378
2021-08-04 13:25:00,52.49,52.51,52.49,52.505,21682
2021-08-04 13:30:00,52.51,52.53,52.5,52.53,228983
2021-08-04 13:35:00,52.53,52.53,52.5006,52.505,61005
2021-08-04 13:40:00,52.5,52.53,52.5,52.525,738642
2021-08-04 13:45:00,52.525,52.555,52.52,52.555,749104
2021-08-04 13:50:00,52.555,52.555,52.54,52.55,69214
2021-08-04 13:55:00,52.55,52.555,52.54,52.54,159983
2021-08-04 14:00:00,52.55,52.555,52.53,52.53,57568
2021-08-04 14:05:00,52.53,52.5558,52.52,52.55,58529
2021-08-04 14:10:00,52.55,52.58,52.54,52.575,40997
2021-08-04 14:15:00,52.57,52.575,52.545,52.55,115636
2021-08-04 14:20:00,52.545,52.56,52.54,52.55,111073
2021-08-04 14:25:00,52.55,52.565,52.54,52.545,45036
2021-08-04 14:30:00,52.54,52.55,52.525,52.5325,77634
2021-08-04 14:35:00,52.535,52.55,52.525,52.54,103453
2021-08-04 14:40:00,52.54,52.55,52.53,52.545,72677
2021-08-04 14:45:00,52.545,52.545,52.5,52.5,70985
2021-08-04 14:50:00,52.5,52.505,52.48,52.49,177778
2021-08-04 14:55:00,52.49,52.51,52.48,52.4921,119084
2021-08-04 15:00:00,52.5,52.51,52.485,52.5099,73235
2021-08-04 15:05:00,52.5048,52.52,52.49,52.49,117135
2021-08-04 15:10:00,52.5,52.5,52.47,52.49,176582
2021-08-04 15:15:00,52.49,52.49,52.47,52.48,124531
2021-08-04 15:20:00,52.49,52.515,52.4847,52.505,249919
2021-08-04 15:25:00,52.51,52.53,52.51,52.525,92611
2021-08-04 15:30:00,52.52,52.55,52.515,52.55,152849
2021-08-04 15:35:00,52.55,52.55,52.53,52.53,146329
2021-08-04 15:40:00,52.53,52.535,52.51,52.53,472387
2021-08-04 15:45:00,52.53,52.54,52.5101,52.515,450122
2021-08-04 15:50:00,52.52,52.53,52.51,52.525,829465
2021-08-04 15:55:00,52.525,52.53,52.46,52.46,2536764
2021-08-04 16:00:00,52.46,52.51,52.3,52.51,1541051
2021-08-04 16:05:00,52.51,52.51,52.47,52.47,39420
2021-08-04 16:10:00,52.46,52.46,52.45,52.45,17100
2021-08-04 16:25:00,52.46,52.46,52.46,52.46,36303
2021-08-04 16:30:00,52.42,52.42,52.42,52.42,200
2021-08-04 17:55:00,52.43,52.43,52.43,52.43,850
2021-08-04 18:15:00,52.43,52.43,52.43,52.43,400
2021-08-04 18:30:00,52.46,52.49,52.46,52.49,5300
2021-08-04 18:35:00,52.49,52.49,52.49,52.49,100
2021-08-04 19:55:00,52.46,52.46,52.46,52.46,223
2021-08-05 04:05:00,52.36,52.36,52.35,52.35,400
2021-08-05 05:35:00,52.42,52.42,52.42,52.42,3500
2021-08-05 06:55:00,52.42,52.42,52.42,52.42,100
2021-08-05 07:00:00,52.42,52.42,52.42,52.42,4000
2021-08-05 07:05:00,52.38,52.38,52.38,52.38,500
2021-08-05 07:20:00,52.36,52.36,52.36,52.36,200
2021-08-05 07:45:00,52.39,52.39,52.39,52.39,200
2021-08-05 07:55:00,52.38,52.38,52.38,52.38,100
2021-08-05 08:00:00,52.39,52.41,52.34,52.41,1200
2021-08-05 08:05:00,52.41,52.42,52.41,52.42,8600
2021-08-05 08:10:00,52.17,52.17,52.17,52.17,8291
2021-08-05 08:15:00,52.4,52.4,52.39,52.39,5200
2021-08-05 08:20:00,52.38,52.38,52.38,52.38,100
2021-08-05 08:35:00,52.37,52.37,52.37,52.37,7775
2021-08-05 08:40:00,52.37,52.37,52.33,52.33,7875
2021-08-05 08:45:00,52.33,52.34,52.33,52.34,16725
2021-08-05 08:50:00,52.32,52.32,52.32,52.32,100
2021-08-05 08:55:00,52.3,52.33,52.3,52.33,9945
2021-08-05 09:00:00,52.3301,52.34,52.3301,52.34,200
2021-08-05 09:05:00,52.36,52.36,52.36,52.36,100
2021-08-05 09:15:00,52.39,52.39,52.39,52.39,199
2021-08-05 09:20:00,52.35,52.35,52.35,52.35,300
2021-08-05 09:25:00,52.35,52.4,52.35,52.39,6477
2021-08-05 09:30:00,52.38,52.43,52.34,52.37,855467
2021-08-05 09:35:00,52.36,52.43,52.36,52.4101,578779
2021-08-05 09:40:00,52.42,52.43,52.375,52.41,239160
2021-08-05 09:45:00,52.41,52.41,52.365,52.38,389819
2021-08-05 09:50:00,52.38,52.42,52.36,52.4,342196
2021-08-05 09:55:00,52.4,52.43,52.37,52.425,135787
2021-08-05 10:00:00,52.43,52.44,52.39,52.44,208752
2021-08-05 10:05:00,52.4348,52.46,52.415,52.42,300236
2021-08-05 10:10:00,52.42,52.46,52.41,52.46,246053
2021-08-05 10:15:00,52.46,52.465,52.44,52.46,279030
2021-08-05 10:20:00,52.455,52.47,52.43,52.45,211977
2021-08-05 10:25:00,52.45,52.5,52.45,52.485,159663
2021-08-05 10:30:00,52.48,52.525,52.48,52.51,231420
2021-08-05 10:35:00,52.51,52.52,52.48,52.49,70120
2021-08-05 10:40:00,52.481,52.485,52.45,52.45,74368
2021-08-05 10:45:00,52.45,52.5,52.44,52.5,115685
2021-08-05 10:50:00,52.5,52.55,52.49,52.55,167811
2021-08-05 10:55:00,52.54,52.54,52.5,52.52,84321
2021-08-05 11:00:00,52.515,52.5599,52.515,52.555,183065
2021-08-05 11:05:00,52.555,52.56,52.54,52.549,93030
2021-08-05 11:10:00,52.55,52.56,52.52,52.53,125529
2021-08-05 11:15:00,52.53,52.54,52.51,52.53,106388
2021-08-05 11:20:00,52.529,52.54,52.49,52.505,91937
2021-08-05 11:25:00,52.51,52.53,52.51,52.52,93249
2021-08-05 11:30:00,52.52,52.55,52.515,52.55,96312
2021-08-05 11:35:00,52.545,52.55,52.5,52.505,106869
2021-08-05 11:40:00,52.5,52.51,52.49,52.505,104797
2021-08-05 11:45:00,52.505,52.51,52.49,52.4938,63053
2021-08-05 11:50:00,52.495,52.505,52.48,52.5,48374
2021-08-05 11:55:00,52.5,52.505,52.48,52.485,29973
2021-08-05 12:00:00,52.49,52.5,52.445,52.446,166647
2021-08-05 12:05:00,52.45,52.47,52.44,52.47,146306
2021-08-05 12:10:00,52.465,52.48,52.455,52.47,42449
2021-08-05 12:15:00,52.47,52.48,52.45,52.47,60375
2021-08-05 12:20:00,52.465,52.47,52.445,52.455,46235
2021-08-05 12:25:00,52.46,52.465,52.445,52.455,140489
2021-08-05 12:30:00,52.455,52.475,52.453,52.475,52415
2021-08-05 12:35:00,52.475,52.475,52.45,52.45,131049
2021-08-05 12:40:00,52.455,52.47,52.45,52.4625,70735
2021-08-05 12:45:00,52.465,52.47,52.455,52.47,33567
2021-08-05 12:50:00,52.48,52.48,52.45,52.465,24504
2021-08-05 12:55:00,52.47,52.475,52.46,52.465,37472
2021-08-05 13:00:00,52.47,52.47,52.445,52.455,75290
2021-08-05 13:05:00,52.45,52.4599,52.43,52.45,119597
2021-08-05 13:10:00,52.45,52.45,52.44,52.445,70337
2021-08-05 13:15:00,52.445,52.45,52.43,52.43,15780
2021-08-05 13:20:00,52.43,52.4425,52.425,52.44,49005
2021-08-05 13:25:00,52.435,52.45,52.4324,52.445,127231
2021-08-05 13:30:00,52.445,52.45,52.43,52.45,76491
2021-08-05 13:35:00,52.45,52.45,52.4342,52.45,54499
2021-08-05 13:40:00,52.449,52.45,52.435,52.445,32402
2021-08-05 13:45:00,52.44,52.445,52.42,52.435,126785
2021-08-05 13:50:00,52.431,52.44,52.4233,52.435,35816
2021-08-05 13:55:00,52.4378,52.44,52.42,52.4399,154731
2021-08-05 14:00:00,52.435,52.455,52.435,52.44,157451
2021-08-05 14:05:00,52.445,52.45,52.415,52.43,41078
2021-08-05 14:10:00,52.43,52.435,52.42,52.435,45327
2021-08-05 14:15:00,52.43,52.435,52.42,52.425,54369
2021-08-05 14:20:00,52.425,52.43,52.405,52.42,75444
2021-08-05 14:25:00,52.425,52.43,52.41,52.41,127034
2021-08-05 14:30:00,52.41,52.42,52.4,52.405,259313
2021-08-05 14:35:00,52.4036,52.41,52.39,52.39,43337
2021-08-05 14:40:00,52.395,52.41,52.3941,52.4,101591
2021-08-05 14:45:00,52.395,52.41,52.395,52.41,24241
2021-08-05 14:50:00,52.405,52.41,52.4,52.4,39643
2021-08-05 14:55:00,52.405,52.42,52.4,52.415,78672
2021-08-05 15:00:00,52.415,52.435,52.4145,52.435,93016
2021-08-05 15:05:00,52.435,52.44,52.42,52.425,94756
2021-08-05 15:10:00,52.42,52.43,52.4,52.405,224566
2021-08-05 15:15:00,52.4,52.405,52.35,52.37,343574
2021-08-05 15:20:00,52.365,52.38,52.3601,52.37,92322
2021-08-05 15:25:00,52.37,52.38,52.36,52.38,101380
2021-08-05 15:30:00,52.375,52.385,52.365,52.38,132472
2021-08-05 15:35:00,52.375,52.39,52.37,52.385,115924
2021-08-05 15:40:00,52.385,52.4,52.38,52.395,292030
2021-08-05 15:45:00,52.39,52.395,52.36,52.37,404232
2021-08-05 15:50:00,52.37,52.395,52.36,52.395,489964
2021-08-05 15:55:00,52.39,52.4,52.36,52.36,1032528
2021-08-05 16:00:00,52.38,52.38,52.35,52.35,501915
2021-08-05 16:05:00,52.35,52.35,52.35,52.35,14968
2021-08-05 16:10:00,52.38,52.38,52.36,52.38,5106
2021-08-05 16:15:00,52.36,52.36,52.36,52.36,500
2021-08-05 16:20:00,52.36,52.37,52.36,52.37,1100
2021-08-05 16:25:00,52.36,52.36,52.36,52.36,152
2021-08-05 16:30:00,52.37,52.37,52.37,52.37,206
2021-08-05 16:45:00,52.38,52.38,52.38,52.38,500000
2021-08-05 16:55:00,52.37,52.37,52.37,52.37,600
2021-08-06 04:00:00,52.13,52.13,52.13,52.13,214
2021-08-06 04:15:00,52.1,52.11,52.1,52.1,4630
2021-08-06 07:15:00,52.2,52.2,52.2,52.2,400
2021-08-06 07:50:00,52.21,52.21,52.21,52.21,300
2021-08-06 07:55:00,52.22,52.23,52.22,52.23,300
2021-08-06 08:00:00,52.18,52.22,52.18,52.21,800
2021-08-06 08:05:00,52.23,52.23,52.23,52.23,100
2021-08-06 08:10:00,52.18,52.18,52.18,52.18,74619
2021-08-06 08:15:00,52.25,52.25,52.25,52.25,100
2021-08-06 08:25:00,52.25,52.25,52.24,52.24,300
2021-08-06 08:30:00,52.2,52.2,52.16,52.16,250
2021-08-06 08:35:00,52.18,52.18,52.18,52.18,100
2021-08-06 08:40:00,52.15,52.17,52.15,52.16,11950
2021-08-06 08:45:00,52.1,52.1,52.09,52.09,2950
2021-08-06 08:50:00,52.05,52.05,52.0,52.0,3695
2021-08-06 08:55:00,52.1,52.1,52.1,52.1,2842
2021-08-06 09:00:00,52.08,52.09,52.08,52.09,900
2021-08-06 09:05:00,52.12,52.12,52.1,52.1,5200
2021-08-06 09:15:00,52.13,52.13,52.13,52.13,2000
2021-08-06 09:20:00,52.14,52.2,52.14,52.18,8115
2021-08-06 09:25:00,52.17,52.19,52.17,52.19,17830
2021-08-06 09:30:00,52.17,52.19,52.1,52.125,739594
2021-08-06 09:35:00,52.13,52.14,52.06,52.11,472999
2021-08-06 09:40:00,52.115,52.125,52.07,52.095,350018
2021-08-06 09:45:00,52.095,52.105,52.015,52.02,469469
2021-08-06 09:50:00,52.02,52.03,51.96,52.01,711326
2021-08-06 09:55:00,52.01,52.055,51.995,52.055,648014
2021-08-06 10:00:00,52.055,52.075,52.03,52.065,310214
2021-08-06 10:05:00,52.07,52.085,52.04,52.045,1320571
2021-08-06 10:10:00,52.04,52.07,52.03,52.04,315245
2021-08-06 10:15:00,52.04,52.05,52.005,52.01,1392181
2021-08-06 10:20:00,52.01,52.015,51.95,51.995,777311
2021-08-06 10:25:00,51.995,52.0,51.945,51.945,956507
2021-08-06 10:30:00,51.94,51.99,51.93,51.985,614803
2021-08-06 10:35:00,51.98,51.985,51.94,51.97,266433
2021-08-06 10:40:00,51.97,52.01,51.97,52.005,283756
2021-08-06 10:45:00,52.0,52.005,51.915,51.915,329819
2021-08-06 10:50:00,51.91,51.955,51.91,51.93,703965
2021-08-06 10:55:00,51.93,51.955,51.9,51.905,567040
2021-08-06 11:00:00,51.905,51.93,51.89,51.89,363872
2021-08-06 11:05:00,51.885,51.9,51.85,51.875,420568
2021-08-06 11:10:00,51.88,51.88,51.835,51.865,363702
2021-08-06 11:15:00,51.865,51.8659,51.84,51.855,568836
2021-08-06 11:20:00,51.855,51.905,51.855,51.89,439000
2021-08-06 11:25:00,51.89,51.895,51.86,51.87,440435
2021-08-06 11:30:00,51.87,51.895,51.865,51.885,379287
2021-08-06 11:35:00,51.88,51.895,51.86,51.875,487478
2021-08-06 11:40:00,51.88,51.885,51.86,51.86,291226
2021-08-06 11:45:00,51.87,51.875,51.845,51.87,262484
2021-08-06 11:50:00,51.865,51.875,51.86,51.875,163346
2021-08-06 11:55:00,51.875,51.88,51.86,51.87,229602
2021-08-06 12:00:00,51.88,51.88,51.85,51.865,124313
2021-08-06 12:05:00,51.87,51.875,51.84,51.85,961614
2021-08-06 12:10:00,51.85,51.85,51.79,51.8039,677613
2021-08-06 12:15:00,51.805,51.82,51.8,51.813,133940
2021-08-06 12:20:00,51.81,51.83,51.81,51.815,267896
2021-08-06 12:25:00,51.815,51.83,51.8043,51.825,303677
2021-08-06 12:30:00,51.825,51.83,51.815,51.83,260301
2021-08-06 12:35:00,51.83,51.85,51.83,51.83,178288
2021-08-06 12:40:00,51.83,51.84,51.82,51.825,193346
2021-08-06 12:45:00,51.825,51.83,51.81,51.83,166348
2021-08-06 12:50:00,51.825,51.86,51.825,51.855,200253
2021-08-06 12:55:00,51.85,51.855,51.8339,51.845,195842
2021-08-06 13:00:00,51.845,51.86,51.8405,51.86,147026
2021-08-06 13:05:00,51.855,51.865,51.845,51.865,211701
2021-08-06 13:10:00,51.86,51.89,51.86,51.88,161852
2021-08-06 13:15:00,51.885,51.89,51.88,51.89,137045
2021-08-06 13:20:00,51.89,51.9,51.88,51.89,309099
2021-08-06 13:25:00,51.885,51.9,51.88,51.895,163988
2021-08-06 13:30:00,51.895,51.9,51.875,51.885,181883
2021-08-06 13:35:00,51.89,51.89,51.88,51.883,255469
2021-08-06 13:40:00,51.8871,51.8899,51.88,51.88,84330
2021-08-06 13:45:00,51.883,51.9,51.875,51.89,321364
2021-08-06 13:50:00,51.89,51.9,51.88,51.89,122373
2021-08-06 13:55:00,51.9,51.91,51.885,51.89,382000
2021-08-06 14:00:00,51.89,51.92,51.89,51.9101,240041
2021-08-06 14:05:00,51.915,51.94,51.915,51.94,90811
2021-08-06 14:10:00,51.94,51.95,51.8997,51.9,287761
2021-08-06 14:15:00,51.895,51.915,51.89,51.915,81133
2021-08-06 14:20:00,51.915,51.92,51.88,51.895,170472
2021-08-06 14:25:00,51.895,51.9,51.883,51.895,88918
2021-08-06 14:30:00,51.895,51.92,51.895,51.91,110955
2021-08-06 14:35:00,51.905,51.915,51.89,51.91,107392
2021-08-06 14:40:00,51.91,51.915,51.9047,51.91,86043
2021-08-06 14:45:00,51.91,51.91,51.89,51.895,227151
2021-08-06 14:50:00,51.895,51.915,51.89,51.895,140434
2021-08-06 14:55:00,51.895,51.8999,51.88,51.88,61204
2021-08-06 15:00:00,51.885,51.885,51.865,51.87,109542
2021-08-06 15:05:00,51.875,51.9,51.87,51.9,85388
2021-08-06 15:10:00,51.895,51.905,51.89,51.895,91889
2021-08-06 15:15:00,51.89,51.9,51.87,51.89,135189
2021-08-06 15:20:00,51.89,51.905,51.885,51.905,281320
2021-08-06 15:25:00,51.905,51.92,51.9,51.91,367762
2021-08-06 15:30:00,51.915,51.93,51.905,51.92,379620
2021-08-06 15:35:00,51.92,51.93,51.91,51.9199,155480
2021-08-06 15:40:00,51.915,51.92,51.9,51.9,556258
2021-08-06 15:45:00,51.905,51.91,51.88,51.9,385821
2021-08-06 15:50:00,51.895,51.92,51.88,51.915,1609498
2021-08-06 15:55:00,51.91,51.94,51.9,51.915,2627773
2021-08-06 16:00:00,51.94,51.94,51.92,51.93,3128757
2021-08-06 16:05:00,51.92,51.93,51.92,51.92,5784
2021-08-06 16:10:00,51.94,51.94,51.92,51.92,10013
2021-08-06 16:25:00,51.93,51.93,51.93,51.93,470
2021-08-06 17:00:00,51.94,51.94,51.94,51.94,485533
2021-08-06 17:05:00,51.94,51.94,51.94,51.94,30000
2021-08-06 18:50:00,51.98,51.98,51.98,51.98,658
2021-08-06 19:20:00,51.98,51.98,51.98,51.98,880
2021-08-06 19:30:00,52.0,52.0,52.0,52.0,400
2021-08-09 07:05:00,52.1,52.1,52.1,52.1,200
2021-08-09 07:15:00,52.12,52.12,52.12,52.12,100
2021-08-09 07:20:00,52.14,52.14,52.14,52.14,200
2021-08-09 07:40:00,52.18,52.19,52.18,52.19,300
2021-08-09 07:45:00,52.2,52.2,52.2,52.2,990
2021-08-09 07:50:00,52.18,52.18,52.18,52.18,200
2021-08-09 07:55:00,52.16,52.16,52.16,52.16,100
2021-08-09 08:00:00,52.16,52.16,52.13,52.13,400
2021-08-09 08:05:00,52.13,52.13,52.11,52.11,200
2021-08-09 08:15:00,52.12,52.12,52.12,52.12,100
2021-08-09 08:20:00,52.1,52.1,52.1,52.1,1100
2021-08-09 08:25:00,52.09,52.09,52.09,52.09,100
2021-08-09 08:30:00,52.09,52.1,52.09,52.1,200
2021-08-09 08:40:00,52.09,52.09,52.09,52.09,100
2021-08-09 08:45:00,52.11,52.12,52.11,52.12,200
2021-08-09 09:00:00,52.12,52.12,52.12,52.12,100
2021-08-09 09:05:00,52.12,52.12,52.12,52.12,200
2021-08-09 09:10:00,52.14,52.14,52.12,52.12,800
2021-08-09 09:15:00,52.13,52.13,52.13,52.13,300
2021-08-09 09:20:00,52.16,52.16,52.15,52.15,1645
2021-08-09 09:25:00,52.16,52.16,52.14,52.16,6595
2021-08-09 09:30:00,52.165,52.17,52.08,52.08,774753
2021-08-09 09:35:00,52.07,52.12,52.05,52.09,657428
2021-08-09 09:40:00,52.08,52.155,52.08,52.15,578619
2021-08-09 09:45:00,52.15,52.205,52.14,52.175,336729
2021-08-09 09:50:00,52.18,52.2,52.16,52.18,244341
2021-08-09 09:55:00,52.175,52.25,52.17,52.23,572562
2021-08-09 10:00:00,52.23,52.25,52.17,52.18,328855
2021-08-09 10:05:00,52.18,52.22,52.175,52.19,246490
2021-08-09 10:10:00,52.2,52.245,52.19,52.19,257276
2021-08-09 10:15:00,52.19,52.19,52.15,52.155,187255
2021-08-09 10:20:00,52.155,52.175,52.15,52.16,218440
2021-08-09 10:25:00,52.16,52.2475,52.15,52.24,281759
2021-08-09 10:30:00,52.24,52.27,52.23,52.26,344296
2021-08-09 10:35:00,52.27,52.28,52.24,52.25,446928
2021-08-09 10:40:00,52.25,52.27,52.22,52.22,249337
2021-08-09 10:45:00,52.22,52.235,52.21,52.21,194273
2021-08-09 10:50:00,52.21,52.21,52.16,52.1708,178706
2021-08-09 10:55:00,52.175,52.18,52.14,52.1451,172630
2021-08-09 11:00:00,52.15,52.18,52.13,52.15,103606
2021-08-09 11:05:00,52.15,52.175,52.13,52.16,185461
2021-08-09 11:10:00,52.17,52.19,52.16,52.18,84133
2021-08-09 11:15:00,52.1895,52.2153,52.18,52.21,175958
2021-08-09 11:20:00,52.21,52.235,52.2,52.21,121507
2021-08-09 11:25:00,52.21,52.245,52.205,52.24,115126
2021-08-09 11:30:00,52.24,52.245,52.205,52.21,211165
2021-08-09 11:35:00,52.21,52.215,52.2,52.201,103740
2021-08-09 11:40:00,52.2,52.22,52.195,52.22,135784
2021-08-09 11:45:00,52.22,52.24,52.21,52.24,70325
2021-08-09 11:50:00,52.235,52.26,52.235,52.2599,74521
2021-08-09 11:55:00,52.26,52.2699,52.25,52.2653,76418
2021-08-09 12:00:00,52.27,52.29,52.265,52.275,100909
2021-08-09 12:05:00,52.28,52.3,52.275,52.295,109484
2021-08-09 12:10:00,52.3,52.3,52.28,52.285,198036
2021-08-09 12:15:00,52.28,52.29,52.2701,52.275,95104
2021-08-09 12:20:00,52.275,52.28,52.245,52.265,183443
2021-08-09 12:25:00,52.265,52.285,52.2636,52.28,189765
2021-08-09 12:30:00,52.285,52.29,52.27,52.275,170169
2021-08-09 12:35:00,52.275,52.275,52.255,52.265,130717
2021-08-09 12:40:00,52.265,52.267,52.23,52.23,185566
2021-08-09 12:45:00,52.235,52.2499,52.23,52.24,80225
2021-08-09 12:50:00,52.24,52.25,52.23,52.23,111869
2021-08-09 12:55:00,52.2329,52.26,52.23,52.245,299667
2021-08-09 13:00:00,52.24,52.245,52.22,52.225,332512
2021-08-09 13:05:00,52.23,52.255,52.23,52.255,89334
2021-08-09 13:10:00,52.255,52.26,52.235,52.24,80668
2021-08-09 13:15:00,52.235,52.24,52.22,52.23,137785
2021-08-09 13:20:00,52.23,52.23,52.21,52.21,100953
2021-08-09 13:25:00,52.21,52.215,52.18,52.19,200709
2021-08-09 13:30:00,52.195,52.22,52.192,52.215,60458
2021-08-09 13:35:00,52.2187,52.23,52.21,52.22,62984
2021-08-09 13:40:00,52.23,52.26,52.2248,52.26,92896
2021-08-09 13:45:00,52.26,52.27,52.255,52.265,36223
2021-08-09 13:50:00,52.2614,52.275,52.25,52.27,49928
2021-08-09 13:55:00,52.27,52.28,52.26,52.26,72342
2021-08-09 14:00:00,52.26,52.27,52.25,52.2605,62755
2021-08-09 14:05:00,52.26,52.27,52.25,52.265,93608
2021-08-09 14:10:00,52.265,52.265,52.24,52.2514,170160
2021-08-09 14:15:00,52.25,52.255,52.22,52.225,87819
2021-08-09 14:20:00,52.22,52.24,52.22,52.23,104130
2021-08-09 14:25:00,52.235,52.25,52.23,52.249,41877
2021-08-09 14:30:00,52.25,52.28,52.245,52.275,171416
2021-08-09 14:35:00,52.278,52.28,52.27,52.28,33233
2021-08-09 14:40:00,52.275,52.275,52.24,52.245,142727
2021-08-09 14:45:00,52.25,52.25,52.235,52.25,46212
2021-08-09 14:50:00,52.24,52.2479,52.23,52.245,27327
2021-08-09 14:55:00,52.245,52.249,52.23,52.2353,128843
2021-08-09 15:00:00,52.23,52.24,52.215,52.215,137819
2021-08-09 15:05:00,52.21,52.22,52.205,52.2161,106699
2021-08-09 15:10:00,52.21,52.215,52.19,52.207,219193
2021-08-09 15:15:00,52.21,52.21,52.19,52.2,207371
2021-08-09 15:20:00,52.2,52.2,52.18,52.18,249575
2021-08-09 15:25:00,52.185,52.19,52.18,52.18,42603
2021-08-09 15:30:00,52.18,52.19,52.17,52.18,195942
2021-08-09 15:35:00,52.18,52.2,52.17,52.195,215036
2021-08-09 15:40:00,52.195,52.195,52.18,52.185,120613
2021-08-09 15:45:00,52.185,52.1864,52.145,52.15,612406
2021-08-09 15:50:00,52.14,52.17,52.13,52.14,1140928
2021-08-09 15:55:00,52.145,52.15,52.1,52.12,2180432
2021-08-09 16:00:00,52.11,52.14,52.11,52.13,5457558
2021-08-09 16:10:00,52.11,52.14,52.11,52.13,523
2021-08-09 16:25:00,52.13,52.13,52.13,52.13,300
2021-08-09 16:30:00,52.14,52.14,52.11,52.11,612
2021-08-09 16:35:00,52.11,52.11,52.1,52.1,577
2021-08-09 16:40:00,52.11,52.11,52.11,52.11,44000
2021-08-09 16:45:00,52.0,52.0,52.0,52.0,366
2021-08-09 17:40:00,52.0,52.0,52.0,52.0,100
2021-08-09 18:00:00,52.0,52.0,52.0,52.0,100
2021-08-10 04:10:00,52.39,52.4,52.39,52.4,1200
2021-08-10 05:00:00,52.4,52.4,52.4,52.4,235
2021-08-10 06:10:00,52.4,52.4,52.4,52.4,2000
2021-08-10 07:45:00,52.36,52.36,52.36,52.36,100
2021-08-10 07:50:00,52.37,52.37,52.37,52.37,100
2021-08-10 08:00:00,52.4,52.4,52.4,52.4,1200
2021-08-10 08:15:00,52.34,52.34,52.34,52.34,200
2021-08-10 08:25:00,52.33,52.33,52.33,52.33,100
2021-08-10 08:55:00,52.36,52.36,52.36,52.36,100
2021-08-10 09:00:00,52.36,52.37,52.36,52.37,200
2021-08-10 09:05:00,52.37,52.37,52.34,52.34,3830
2021-08-10 09:10:00,52.34,52.36,52.34,52.36,400
2021-08-10 09:25:00,52.34,52.34,52.34,52.34,1810
2021-08-10 09:30:00,52.33,52.36,52.27,52.33,652090
2021-08-10 09:35:00,52.33,52.3399,52.235,52.255,277084
2021-08-10 09:40:00,52.26,52.3,52.25,52.26,296453
2021-08-10 09:45:00,52.25,52.295,52.21,52.29,298195
2021-08-10 09:50:00,52.29,52.33,52.285,52.315,140863
2021-08-10 09:55:00,52.32,52.34,52.31,52.32,123204
2021-08-10 10:00:00,52.3148,52.32,52.27,52.28,287798
2021-08-10 10:05:00,52.27,52.3,52.25,52.275,94559
2021-08-10 10:10:00,52.275,52.295,52.255,52.26,194524
2021-08-10 10:15:00,52.26,52.285,52.25,52.25,297147
2021-08-10 10:20:00,52.255,52.31,52.255,52.31,215078
2021-08-10 10:25:00,52.31,52.32,52.24,52.24,412115
2021-08-10 10:30:00,52.24,52.25,52.17,52.195,186129
2021-08-10 10:35:00,52.19,52.215,52.1725,52.2,374260
2021-08-10 10:40:00,52.19,52.2,52.12,52.15,313384
2021-08-10 10:45:00,52.15,52.19,52.1405,52.175,125889
2021-08-10 10:50:00,52.18,52.19,52.11,52.1348,175253
2021-08-10 10:55:00,52.13,52.14,52.105,52.135,161589
2021-08-10 11:00:00,52.14,52.145,52.105,52.135,889331
2021-08-10 11:05:00,52.14,52.15,52.11,52.13,85250
2021-08-10 11:10:00,52.13,52.1465,52.11,52.115,199921
2021-08-10 11:15:00,52.12,52.14,52.105,52.13,233619
2021-08-10 11:20:00,52.13,52.175,52.125,52.175,221612
2021-08-10 11:25:00,52.175,52.185,52.1601,52.17,120582
2021-08-10 11:30:00,52.175,52.18,52.15,52.175,129230
2021-08-10 11:35:00,52.175,52.2,52.17,52.1899,72153
2021-08-10 11:40:00,52.19,52.2,52.18,52.19,64717
2021-08-10 11:45:00,52.19,52.2,52.18,52.19,69223
2021-08-10 11:50:00,52.19,52.19,52.17,52.1813,53580
2021-08-10 11:55:00,52.185,52.19,52.16,52.16,203567
2021-08-10 12:00:00,52.17,52.19,52.16,52.18,89305
2021-08-10 12:05:00,52.18,52.195,52.18,52.185,22444
2021-08-10 12:10:00,52.19,52.2,52.185,52.19,60130
2021-08-10 12:15:00,52.19,52.23,52.185,52.23,77930
2021-08-10 12:20:00,52.2299,52.23,52.21,52.215,25056
2021-08-10 12:25:00,52.22,52.24,52.21,52.21,74787
2021-08-10 12:30:00,52.21,52.215,52.19,52.1975,280170
2021-08-10 12:35:00,52.2,52.21,52.195,52.205,23074
2021-08-10 12:40:00,52.2,52.205,52.19,52.2,49200
2021-08-10 12:45:00,52.2,52.21,52.175,52.185,46255
2021-08-10 12:50:00,52.19,52.2,52.17,52.19,398437
2021-08-10 12:55:00,52.185,52.19,52.17,52.175,67164
2021-08-10 13:00:00,52.18,52.18,52.16,52.175,30489
2021-08-10 13:05:00,52.18,52.2,52.18,52.1999,105909
2021-08-10 13:10:00,52.2,52.21,52.19,52.205,39961
2021-08-10 13:15:00,52.2,52.22,52.2,52.21,50706
2021-08-10 13:20:00,52.2,52.21,52.189,52.2,46994
2021-08-10 13:25:00,52.1999,52.2053,52.185,52.195,35612
2021-08-10 13:30:00,52.195,52.2,52.183,52.2,173219
2021-08-10 13:35:00,52.193,52.2,52.16,52.16,110922
2021-08-10 13:40:00,52.165,52.18,52.16,52.175,161260
2021-08-10 13:45:00,52.17,52.17,52.15,52.16,96986
2021-08-10 13:50:00,52.15,52.165,52.145,52.16,26822
2021-08-10 13:55:00,52.165,52.175,52.16,52.17,31465
2021-08-10 14:00:00,52.17,52.18,52.15,52.15,118504
2021-08-10 14:05:00,52.15,52.16,52.1316,52.14,36232
2021-08-10 14:10:00,52.14,52.14,52.12,52.13,65337
2021-08-10 14:15:00,52.12,52.14,52.11,52.135,86390
2021-08-10 14:20:00,52.135,52.1499,52.12,52.1499,67801
2021-08-10 14:25:00,52.15,52.165,52.14,52.16,154602
2021-08-10 14:30:00,52.16,52.175,52.1503,52.1741,97501
2021-08-10 14:35:00,52.18,52.19,52.1749,52.185,112845
2021-08-10 14:40:00,52.18,52.19,52.176,52.19,59140
2021-08-10 14:45:00,52.185,52.2,52.18,52.19,131717
2021-08-10 14:50:00,52.18,52.195,52.17,52.1925,316622
2021-08-10 14:55:00,52.195,52.21,52.185,52.205,61119
2021-08-10 15:00:00,52.205,52.21,52.185,52.195,83727
2021-08-10 15:05:00,52.195,52.195,52.1841,52.19,51418
2021-08-10 15:10:00,52.19,52.19,52.1819,52.19,62187
2021-08-10 15:15:00,52.19,52.2,52.1804,52.2,74459
2021-08-10 15:20:00,52.1948,52.22,52.192,52.215,64929
2021-08-10 15:25:00,52.22,52.225,52.2099,52.21,150315
2021-08-10 15:30:00,52.21,52.22,52.2048,52.21,86880
2021-08-10 15:35:00,52.21,52.215,52.2,52.2,138684
2021-08-10 15:40:00,52.2,52.21,52.19,52.195,137683
2021-08-10 15:45:00,52.195,52.2,52.17,52.18,163263
2021-08-10 15:50:00,52.18,52.19,52.17,52.17,333021
2021-08-10 15:55:00,52.17,52.21,52.16,52.21,1074009
2021-08-10 16:00:00,52.18,52.2,52.18,52.19,1707162
2021-08-10 16:05:00,52.19,52.19,52.19,52.19,13781
2021-08-10 16:10:00,52.18,52.18,52.18,52.18,2000
2021-08-10 16:25:00,52.18,52.2,52.18,52.2,26000
2021-08-10 17:20:00,52.1,52.1,52.1,52.1,168
2021-08-11 06:10:00,52.18,52.18,52.18,52.18,2480
2021-08-11 06:15:00,52.17,52.17,52.15,52.15,2400
2021-08-11 06:20:00,52.15,52.15,52.15,52.15,1000
2021-08-11 07:15:00,52.2,52.2,52.2,52.2,200
2021-08-11 07:25:00,52.21,52.22,52.18,52.19,4400
2021-08-11 07:35:00,52.21,52.21,52.21,52.21,452
2021-08-11 08:00:00,52.19,52.19,52.19,52.19,500
2021-08-11 08:20:00,52.13,52.13,52.13,52.13,1300
2021-08-11 08:30:00,52.37,52.39,52.35,52.39,1500
2021-08-11 08:35:00,52.42,52.49,52.42,52.49,9071
2021-08-11 08:40:00,52.53,52.55,52.53,52.55,300
2021-08-11 08:45:00,52.57,52.58,52.57,52.58,6600
2021-08-11 08:50:00,52.46,52.46,52.46,52.46,500
2021-08-11 08:55:00,52.46,52.47,52.46,52.47,400
2021-08-11 09:05:00,52.45,52.45,52.42,52.44,600
2021-08-11 09:10:00,52.46,52.46,52.45,52.45,1200
2021-08-11 09:15:00,52.48,52.48,52.48,52.48,200
2021-08-11 09:20:00,52.49,52.5,52.49,52.5,361
2021-08-11 09:25:00,52.51,52.52,52.5,52.5,12535
2021-08-11 09:30:00,52.5,52.5,52.36,52.4,3157294
2021-08-11 09:35:00,52.4,52.42,52.34,52.37,941409
2021-08-11 09:40:00,52.36,52.375,52.28,52.3,349141
2021-08-11 09:45:00,52.305,52.335,52.255,52.28,404119
2021-08-11 09:50:00,52.28,52.295,52.26,52.27,222866
2021-08-11 09:55:00,52.26,52.28,52.2432,52.25,188744
2021-08-11 10:00:00,52.25,52.26,52.23,52.25,305228
2021-08-11 10:05:00,52.25,52.27,52.2,52.2,203811
2021-08-11 10:10:00,52.2,52.21,52.16,52.17,227713
2021-08-11 10:15:00,52.17,52.205,52.16,52.19,314014
2021-08-11 10:20:00,52.19,52.21,52.18,52.2,141636
2021-08-11 10:25:00,52.21,52.24,52.205,52.235,187745
2021-08-11 10:30:00,52.24,52.25,52.195,52.215,126599
2021-08-11 10:35:00,52.215,52.2206,52.19,52.2,100423
2021-08-11 10:40:00,52.2,52.2356,52.195,52.235,100818
2021-08-11 10:45:00,52.235,52.235,52.205,52.205,113049
2021-08-11 10:50:00,52.205,52.235,52.2,52.225,111596
2021-08-11 10:55:00,52.22,52.223,52.2,52.2,93555
2021-08-11 11:00:00,52.21,52.21,52.15,52.17,113097
2021-08-11 11:05:00,52.16,52.171,52.14,52.145,86450
2021-08-11 11:10:00,52.15,52.16,52.12,52.125,145627
2021-08-11 11:15:00,52.12,52.13,52.085,52.11,162816
2021-08-11 11:20:00,52.105,52.185,52.105,52.18,236040
2021-08-11 11:25:00,52.185,52.22,52.17,52.2,264495
2021-08-11 11:30:00,52.19,52.205,52.17,52.185,350993
2021-08-11 11:35:00,52.1878,52.195,52.17,52.18,132439
2021-08-11 11:40:00,52.18,52.18,52.14,52.14,104536
2021-08-11 11:45:00,52.14,52.16,52.13,52.15,148944
2021-08-11 11:50:00,52.14,52.15,52.12,52.12,80540
2021-08-11 11:55:00,52.125,52.16,52.125,52.15,99027
2021-08-11 12:00:00,52.1599,52.195,52.15,52.195,111426
2021-08-11 12:05:00,52.2,52.21,52.18,52.18,58559
2021-08-11 12:10:00,52.18,52.18,52.16,52.175,55571
2021-08-11 12:15:00,52.18,52.195,52.17,52.185,69269
2021-08-11 12:20:00,52.185,52.21,52.18,52.2,39416
2021-08-11 12:25:00,52.21,52.23,52.205,52.22,54232
2021-08-11 12:30:00,52.2262,52.25,52.22,52.24,55103
2021-08-11 12:35:00,52.25,52.26,52.24,52.25,78097
2021-08-11 12:40:00,52.25,52.255,52.23,52.235,389443
2021-08-11 12:45:00,52.24,52.27,52.235,52.27,132008
2021-08-11 12:50:00,52.27,52.27,52.26,52.265,31830
2021-08-11 12:55:00,52.265,52.28,52.25,52.28,113296
2021-08-11 13:00:00,52.275,52.36,52.27,52.33,443153
2021-08-11 13:05:00,52.33,52.35,52.32,52.34,187823
2021-08-11 13:10:00,52.34,52.355,52.33,52.335,179740
2021-08-11 13:15:00,52.335,52.34,52.2945,52.3084,166725
2021-08-11 13:20:00,52.31,52.31,52.3,52.305,51791
2021-08-11 13:25:00,52.31,52.32,52.29,52.29,108468
2021-08-11 13:30:00,52.2954,52.2954,52.27,52.275,114243
2021-08-11 13:35:00,52.27,52.28,52.215,52.215,181602
2021-08-11 13:40:00,52.22,52.25,52.215,52.23,174206
2021-08-11 13:45:00,52.23,52.25,52.22,52.23,49642
2021-08-11 13:50:00,52.23,52.23,52.19,52.205,85217
2021-08-11 13:55:00,52.21,52.2299,52.205,52.22,69315
2021-08-11 14:00:00,52.215,52.23,52.19,52.23,56136
2021-08-11 14:05:00,52.23,52.265,52.225,52.26,28667
2021-08-11 14:10:00,52.26,52.265,52.25,52.26,148148
2021-08-11 14:15:00,52.26,52.265,52.235,52.235,72293
2021-08-11 14:20:00,52.24,52.25,52.225,52.24,45648
2021-08-11 14:25:00,52.245,52.25,52.235,52.25,101961
2021-08-11 14:30:00,52.26,52.27,52.255,52.26,51753
2021-08-11 14:35:00,52.27,52.27,52.26,52.27,18381
2021-08-11 14:40:00,52.265,52.28,52.265,52.28,40471
2021-08-11 14:45:00,52.28,52.28,52.26,52.2648,55767
2021-08-11 14:50:00,52.265,52.2799,52.26,52.27,64171
2021-08-11 14:55:00,52.275,52.3,52.275,52.29,99601
2021-08-11 15:00:00,52.29,52.32,52.29,52.315,94347
2021-08-11 15:05:00,52.31,52.32,52.3,52.32,71884
2021-08-11 15:10:00,52.33,52.34,52.32,52.335,82975
2021-08-11 15:15:00,52.335,52.335,52.3,52.31,253943
2021-08-11 15:20:00,52.31,52.3156,52.3,52.315,89137
2021-08-11 15:25:00,52.315,52.33,52.31,52.32,115938
2021-08-11 15:30:00,52.3217,52.33,52.31,52.33,46458
2021-08-11 15:35:00,52.33,52.335,52.3115,52.315,70669
2021-08-11 15:40:00,52.315,52.32,52.305,52.32,171964
2021-08-11 15:45:00,52.32,52.335,52.3,52.305,370655
2021-08-11 15:50:00,52.3,52.33,52.3,52.3274,364761
2021-08-11 15:55:00,52.325,52.34,52.32,52.33,1162573
2021-08-11 16:00:00,52.32,52.33,52.32,52.33,1256114
2021-08-11 16:05:00,52.34,52.34,52.34,52.34,1282
2021-08-11 16:10:00,52.32,52.33,52.32,52.33,3297
2021-08-11 16:35:00,52.32,52.32,52.32,52.32,22000
2021-08-11 16:55:00,52.28,52.28,52.28,52.28,1200
2021-08-11 18:30:00,52.32,52.32,52.28,52.28,100
2021-08-12 04:00:00,51.8,51.8,51.8,51.8,100
2021-08-12 07:00:00,52.05,52.05,52.05,52.05,350
2021-08-12 07:05:00,52.01,52.01,52.01,52.01,200
2021-08-12 07:10:00,52.01,52.01,52.01,52.01,500
2021-08-12 07:15:00,52.03,52.03,52.01,52.01,1150
2021-08-12 07:20:00,52.01,52.01,52.01,52.01,190
2021-08-12 07:30:00,52.01,52.01,52.01,52.01,510
2021-08-12 07:35:00,52.01,52.01,52.01,52.01,1000
2021-08-12 07:40:00,52.0,52.01,52.0,52.01,8100
2021-08-12 07:45:00,52.0,52.0,52.0,52.0,500
2021-08-12 07:50:00,51.99,51.99,51.99,51.99,100
2021-08-12 08:00:00,52.0,52.01,52.0,52.01,250
2021-08-12 08:10:00,51.99,51.99,51.99,51.99,100
2021-08-12 08:20:00,51.98,51.98,51.98,51.98,100
2021-08-12 08:30:00,51.93,51.93,51.91,51.93,1840
2021-08-12 08:35:00,51.93,51.95,51.93,51.95,5200
2021-08-12 08:40:00,51.92,51.92,51.92,51.92,1000
2021-08-12 08:55:00,51.9,51.9,51.9,51.9,5000
2021-08-12 09:00:00,51.9,51.9,51.9,51.9,100
2021-08-12 09:05:00,51.88,51.9,51.88,51.9,4200
2021-08-12 09:15:00,51.87,51.87,51.87,51.87,1200
2021-08-12 09:20:00,51.89,51.89,51.88,51.88,760
2021-08-12 09:25:00,51.87,51.88,51.87,51.88,4500
2021-08-12 09:30:00,51.88,51.9,51.74,51.765,2559860
2021-08-12 09:35:00,51.76,51.76,51.68,51.71,1163648
2021-08-12 09:40:00,51.72,51.74,51.685,51.74,466156
2021-08-12 09:45:00,51.73,51.745,51.71,51.735,378094
2021-08-12 09:50:00,51.735,51.735,51.66,51.66,403737
2021-08-12 09:55:00,51.66,51.755,51.66,51.73,510446
2021-08-12 10:00:00,51.73,51.735,51.6645,51.7,369048
2021-08-12 10:05:00,51.695,51.7,51.66,51.67,128287
2021-08-12 10:10:00,51.67,51.71,51.65,51.695,210938
2021-08-12 10:15:00,51.69,51.705,51.66,51.695,569018
2021-08-12 10:20:00,51.7,51.715,51.665,51.7,725827
2021-08-12 10:25:00,51.7,51.72,51.68,51.7147,197243
2021-08-12 10:30:00,51.72,51.72,51.665,51.68,280243
2021-08-12 10:35:00,51.685,51.705,51.685,51.69,190456
2021-08-12 10:40:00,51.69,51.7,51.66,51.66,254814
2021-08-12 10:45:00,51.66,51.71,51.65,51.71,523041
2021-08-12 10:50:00,51.72,51.745,51.715,51.725,714119
2021-08-12 10:55:00,51.725,51.735,51.7,51.73,563919
2021-08-12 11:00:00,51.73,51.735,51.69,51.7,238602
2021-08-12 11:05:00,51.7,51.73,51.695,51.71,75074
2021-08-12 11:10:00,51.705,51.74,51.7,51.725,68080
2021-08-12 11:15:00,51.73,51.78,51.7,51.77,102612
2021-08-12 11:20:00,51.775,51.79,51.771,51.7847,79705
2021-08-12 11:25:00,51.785,51.825,51.78,51.825,187508
2021-08-12 11:30:00,51.82,51.835,51.795,51.825,141165
2021-08-12 11:35:00,51.82,51.835,51.81,51.83,134472
2021-08-12 11:40:00,51.8301,51.835,51.8,51.8,147015
2021-08-12 11:45:00,51.8,51.805,51.7839,51.79,219469
2021-08-12 11:50:00,51.79,51.825,51.78,51.825,378206
2021-08-12 11:55:00,51.825,51.825,51.79,51.795,330569
2021-08-12 12:00:00,51.8,51.83,51.79,51.805,87387
2021-08-12 12:05:00,51.81,51.85,51.805,51.85,132249
2021-08-12 12:10:00,51.845,51.88,51.84,51.86,224132
2021-08-12 12:15:00,51.865,51.8701,51.85,51.86,80717
2021-08-12 12:20:00,51.86,51.86,51.835,51.84,79400
2021-08-12 12:25:00,51.85,51.855,51.8301,51.835,45048
2021-08-12 12:30:00,51.835,51.855,51.83,51.84,153104
2021-08-12 12:35:00,51.84,51.845,51.83,51.83,103976
2021-08-12 12:40:00,51.83,51.839,51.785,51.79,158976
2021-08-12 12:45:00,51.79,51.81,51.785,51.805,153766
2021-08-12 12:50:00,51.805,51.81,51.79,51.795,504547
2021-08-12 12:55:00,51.795,51.8,51.78,51.785,359772
2021-08-12 13:00:00,51.785,51.79,51.765,51.7844,187676
2021-08-12 13:05:00,51.78,51.79,51.7748,51.78,63289
2021-08-12 13:10:00,51.789,51.789,51.775,51.785,30441
2021-08-12 13:15:00,51.78,51.8,51.78,51.78,71240
2021-08-12 13:20:00,51.785,51.7852,51.76,51.765,48060
2021-08-12 13:25:00,51.76,51.775,51.76,51.76,62975
2021-08-12 13:30:00,51.7601,51.785,51.76,51.785,43266
2021-08-12 13:35:00,51.78,51.8,51.78,51.785,164999
2021-08-12 13:40:00,51.785,51.795,51.785,51.79,82965
2021-08-12 13:45:00,51.79,51.79,51.7831,51.785,12011
2021-08-12 13:50:00,51.785,51.79,51.78,51.79,206691
2021-08-12 13:55:00,51.785,51.81,51.785,51.8,67939
2021-08-12 14:00:00,51.8,51.81,51.78,51.8,92302
2021-08-12 14:05:00,51.8,51.81,51.79,51.805,42386
2021-08-12 14:10:00,51.81,51.82,51.805,51.805,42151
2021-08-12 14:15:00,51.805,51.805,51.79,51.805,26519
2021-08-12 14:20:00,51.805,51.82,51.8009,51.815,26718
2021-08-12 14:25:00,51.81,51.815,51.79,51.8002,166277
2021-08-12 14:30:00,51.81,51.82,51.8007,51.82,34441
2021-08-12 14:35:00,51.81,51.815,51.7821,51.7863,136184
2021-08-12 14:40:00,51.785,51.795,51.775,51.795,68534
2021-08-12 14:45:00,51.795,51.795,51.77,51.77,327699
2021-08-12 14:50:00,51.77,51.785,51.76,51.78,509133
2021-08-12 14:55:00,51.79,51.8,51.78,51.785,61354
2021-08-12 15:00:00,51.785,51.82,51.7801,51.8,95567
2021-08-12 15:05:00,51.8,51.81,51.8,51.805,114192
2021-08-12 15:10:00,51.805,51.81,51.8,51.805,27954
2021-08-12 15:15:00,51.81,51.82,51.8,51.805,70824
2021-08-12 15:20:00,51.8,51.805,51.79,51.8,164373
2021-08-12 15:25:00,51.8,51.81,51.7839,51.81,163373
2021-08-12 15:30:00,51.805,51.835,51.8,51.835,127914
2021-08-12 15:35:00,51.835,51.845,51.82,51.84,225026
2021-08-12 15:40:00,51.84,51.85,51.83,51.835,386265
2021-08-12 15:45:00,51.84,51.85,51.82,51.85,510380
2021-08-12 15:50:00,51.845,51.85,51.82,51.845,1199342
2021-08-12 15:55:00,51.845,51.86,51.81,51.85,1786684
2021-08-12 16:00:00,51.86,51.86,51.83,51.83,2185729
2021-08-12 16:05:00,51.84,51.84,51.82,51.82,13503
2021-08-12 16:10:00,51.86,51.86,51.82,51.82,539
2021-08-12 16:15:00,51.83,51.83,51.83,51.83,333
2021-08-12 16:55:00,51.86,51.86,51.86,51.86,36500
2021-08-12 18:50:00,51.86,51.86,51.86,51.86,22000
2021-08-13 04:05:00,51.59,51.59,51.59,51.59,3700
2021-08-13 07:00:00,51.55,51.61,51.55,51.61,800
2021-08-13 07:35:00,51.53,51.53,51.53,51.53,2680
2021-08-13 08:00:00,51.55,51.55,51.53,51.53,450
2021-08-13 08:10:00,51.42,51.42,51.42,51.42,8295
2021-08-13 08:15:00,51.55,51.55,51.55,51.55,100
2021-08-13 08:20:00,51.57,51.59,51.57,51.58,699
2021-08-13 08:35:00,51.62,51.62,51.62,51.62,300
2021-08-13 09:10:00,51.67,51.67,51.66,51.66,1240
2021-08-13 09:15:00,51.6601,51.68,51.6601,51.68,1320
2021-08-13 09:20:00,51.68,51.68,51.68,51.68,1700
2021-08-13 09:25:00,51.64,51.64,51.64,51.64,1200
2021-08-13 09:30:00,51.64,51.66,51.505,51.535,1314423
2021-08-13 09:35:00,51.54,51.555,51.47,51.47,696399
2021-08-13 09:40:00,51.475,51.51,51.46,51.475,1303475
2021-08-13 09:45:00,51.48,51.51,51.475,51.495,702561
2021-08-13 09:50:00,51.49,51.49,51.4,51.41,260108
2021-08-13 09:55:00,51.4,51.45,51.39,51.43,196208
2021-08-13 10:00:00,51.43,51.495,51.425,51.455,416764
2021-08-13 10:05:00,51.46,51.555,51.46,51.545,356350
2021-08-13 10:10:00,51.55,51.59,51.54,51.56,291822
2021-08-13 10:15:00,51.56,51.635,51.56,51.605,842236
2021-08-13 10:20:00,51.61,51.645,51.6,51.605,712380
2021-08-13 10:25:00,51.6,51.65,51.53,51.535,1116962
2021-08-13 10:30:00,51.54,51.57,51.535,51.555,394782
2021-08-13 10:35:00,51.55,51.575,51.535,51.55,295536
2021-08-13 10:40:00,51.545,51.5552,51.51,51.51,201114
2021-08-13 10:45:00,51.52,51.57,51.515,51.555,121765
2021-08-13 10:50:00,51.555,51.575,51.55,51.55,360833
2021-08-13 10:55:00,51.55,51.57,51.54,51.565,110652
2021-08-13 11:00:00,51.565,51.59,51.56,51.585,119963
2021-08-13 11:05:00,51.59,51.6,51.57,51.5747,1175342
2021-08-13 11:10:00,51.58,51.63,51.575,51.615,293686
2021-08-13 11:15:00,51.615,51.62,51.59,51.6,327616
2021-08-13 11:20:00,51.605,51.62,51.59,51.61,253795
2021-08-13 11:25:00,51.61,51.64,51.6045,51.64,357499
2021-08-13 11:30:00,51.64,51.68,51.635,51.67,359771
2021-08-13 11:35:00,51.67,51.67,51.64,51.64,305671
2021-08-13 11:40:00,51.64,51.66,51.63,51.645,141080
2021-08-13 11:45:00,51.645,51.655,51.64,51.64,233051
2021-08-13 11:50:00,51.64,51.66,51.64,51.64,244409
2021-08-13 11:55:00,51.65,51.66,51.64,51.65,477623
2021-08-13 12:00:00,51.655,51.67,51.62,51.625,465583
2021-08-13 12:05:00,51.63,51.65,51.625,51.635,210443
2021-08-13 12:10:00,51.64,51.67,51.635,51.67,102795
2021-08-13 12:15:00,51.66,51.685,51.655,51.655,221637
2021-08-13 12:20:00,51.66,51.66,51.64,51.66,393576
2021-08-13 12:25:00,51.655,51.665,51.65,51.66,220576
2021-08-13 12:30:00,51.655,51.66,51.62,51.625,164548
2021-08-13 12:35:00,51.625,51.64,51.6201,51.6201,226634
2021-08-13 12:40:00,51.625,51.66,51.625,51.655,151166
2021-08-13 12:45:00,51.66,51.67,51.65,51.655,159875
2021-08-13 12:50:00,51.66,51.66,51.64,51.64,193861
2021-08-13 12:55:00,51.65,51.665,51.645,51.65,70187
2021-08-13 13:00:00,51.655,51.66,51.64,51.655,100866
2021-08-13 13:05:00,51.655,51.66,51.63,51.635,65711
2021-08-13 13:10:00,51.635,51.67,51.635,51.665,73235
2021-08-13 13:15:00,51.665,51.69,51.66,51.685,149830
2021-08-13 13:20:00,51.68,51.685,51.67,51.67,71481
2021-08-13 13:25:00,51.67,51.68,51.655,51.66,146890
2021-08-13 13:30:00,51.66,51.665,51.65,51.65,57608
2021-08-13 13:35:00,51.65,51.67,51.65,51.665,109372
2021-08-13 13:40:00,51.665,51.69,51.665,51.675,141802
2021-08-13 13:45:00,51.68,51.69,51.67,51.675,165586
2021-08-13 13:50:00,51.675,51.68,51.67,51.675,114017
2021-08-13 13:55:00,51.68,51.68,51.65,51.66,335259
2021-08-13 14:00:00,51.66,51.67,51.6521,51.66,78939
2021-08-13 14:05:00,51.66,51.67,51.655,51.67,215997
2021-08-13 14:10:00,51.67,51.675,51.6621,51.665,52790
2021-08-13 14:15:00,51.67,51.68,51.6287,51.665,134527
2021-08-13 14:20:00,51.67,51.67,51.65,51.65,81974
2021-08-13 14:25:00,51.651,51.66,51.65,51.65,94027
2021-08-13 14:30:00,51.65,51.65,51.63,51.645,275485
2021-08-13 14:35:00,51.65,51.66,51.645,51.65,94324
2021-08-13 14:40:00,51.65,51.66,51.635,51.6548,142749
2021-08-13 14:45:00,51.655,51.67,51.6529,51.66,189325
2021-08-13 14:50:00,51.665,51.67,51.65,51.65,111339
2021-08-13 14:55:00,51.65,51.675,51.65,51.665,119246
2021-08-13 15:00:00,51.665,51.68,51.66,51.67,335495
2021-08-13 15:05:00,51.675,51.69,51.67,51.69,77852
2021-08-13 15:10:00,51.685,51.7,51.68,51.7,232542
2021-08-13 15:15:00,51.6917,51.7,51.69,51.69,131672
2021-08-13 15:20:00,51.695,51.71,51.695,51.705,121583
2021-08-13 15:25:00,51.705,51.71,51.68,51.69,255390
2021-08-13 15:30:00,51.69,51.695,51.68,51.6835,127738
2021-08-13 15:35:00,51.685,51.71,51.68,51.685,462942
2021-08-13 15:40:00,51.68,51.69,51.67,51.6785,211508
2021-08-13 15:45:00,51.675,51.71,51.675,51.695,437527
2021-08-13 15:50:00,51.695,51.7,51.67,51.7,309360
2021-08-13 15:55:00,51.7,51.73,51.69,51.72,1369577
2021-08-13 16:00:00,51.73,51.73,51.71,51.71,1348203
2021-08-13 16:10:00,51.73,51.73,51.73,51.73,182000
2021-08-13 16:15:00,51.71,51.73,51.71,51.73,5800
2021-08-13 16:25:00,51.73,51.73,51.73,51.73,2100
2021-08-13 17:10:00,51.73,51.73,51.73,51.73,40500
