2021-08-02 04:00:00,440.6,441.3,440.6,441.1,24989
2021-08-02 05:00:00,441.08,441.27,440.99,441.21,2768
2021-08-02 06:00:00,441.02,441.09,440.01,440.03,61680
2021-08-02 07:00:00,439.99,440.51,439.75,440.48,178663
2021-08-02 08:00:00,440.03,441.35,439.86,440.19,175346
2021-08-02 09:00:00,440.2,440.93,439.96,440.23,6240561
2021-08-02 10:00:00,440.22,440.76,439.68,439.98,6836774
2021-08-02 11:00:00,439.985,440.4,438.77,438.8411,4616858
2021-08-02 12:00:00,438.84,439.16,438.19,438.815,6337822
2021-08-02 13:00:00,438.82,439.22,438.16,438.56,4431084
2021-08-02 14:00:00,438.56,438.97,438.4,438.7799,3868960
2021-08-02 15:00:00,438.78,438.9,437.21,437.58,11719729
2021-08-02 16:00:00,437.59,437.97,437.53,437.94,2043448
2021-08-02 17:00:00,437.94,437.97,437.83,437.91,85437
2021-08-02 18:00:00,437.91,438.34,437.59,438.24,88835
2021-08-02 19:00:00,438.24,438.27,437.94,438.17,42698
2021-08-03 04:00:00,438.25,439.11,438.25,438.95,43557
2021-08-03 05:00:00,439.05,439.17,438.69,439.07,10077
2021-08-03 06:00:00,439.07,439.26,439.06,439.18,17893
2021-08-03 07:00:00,439.19,439.24,438.94,439.16,71020
2021-08-03 08:00:00,439.0101,439.2,438.1,438.72,305237
2021-08-03 09:00:00,438.69,438.72,436.32,436.4,5521960
2021-08-03 10:00:00,436.4,438.14,436.1,437.4611,8689444
2021-08-03 11:00:00,437.46,439.84,437.04,439.7481,8189372
2021-08-03 12:00:00,439.745,439.84,439.063,439.8,4148212
2021-08-03 13:00:00,439.8,440.29,439.795,440.2,3003499
2021-08-03 14:00:00,440.2,440.64,439.86,440.4608,4169254
2021-08-03 15:00:00,440.46,441.28,440.46,441.12,11649195
2021-08-03 16:00:00,441.11,441.17,440.45,440.48,2559831
2021-08-03 17:00:00,440.55,441.15,440.4,440.53,83278
2021-08-03 18:00:00,440.53,441.15,440.53,440.57,74720
2021-08-03 19:00:00,440.5,440.52,440.35,440.4,29387
2021-08-04 04:00:00,440.56,440.7,440.38,440.7,3014
2021-08-04 05:00:00,440.74,440.9,440.66,440.8,5080
2021-08-04 06:00:00,440.79,441.0,440.72,440.82,6266
2021-08-04 07:00:00,440.83,440.84,440.27,440.28,110256
2021-08-04 08:00:00,440.7499,440.84,439.39,439.75,540696
2021-08-04 09:00:00,439.7,440.196,439.41,439.91,5642077
2021-08-04 10:00:00,439.93,440.405,439.04,439.42,6603602
2021-08-04 11:00:00,439.42,439.91,438.73,439.4199,4857543
2021-08-04 12:00:00,439.41,439.719,439.2,439.57,3109711
2021-08-04 13:00:00,439.57,440.12,439.56,439.83,2687615
2021-08-04 14:00:00,439.84,440.28,439.6,439.6943,3946184
2021-08-04 15:00:00,439.7,439.91,438.97,439.01,7546639
2021-08-04 16:00:00,439.02,439.27,438.97,439.22,2090244
2021-08-04 17:00:00,439.44,439.44,439.03,439.18,122149
2021-08-04 18:00:00,439.18,439.49,438.98,439.45,112390
2021-08-04 19:00:00,439.41,439.41,439.25,439.33,26500
2021-08-05 04:00:00,439.8,439.97,439.59,439.88,23415
2021-08-05 05:00:00,439.98,440.47,439.98,440.38,13649
2021-08-05 06:00:00,440.39,440.39,439.86,439.95,52248
2021-08-05 07:00:00,439.94,440.22,439.8,440.15,221057
2021-08-05 08:00:00,439.8801,440.27,439.73,439.84,220016
2021-08-05 09:00:00,439.86,440.81,439.79,440.795,4868714
2021-08-05 10:00:00,440.8,441.075,440.33,440.975,4266839
2021-08-05 11:00:00,440.98,441.13,440.775,440.8831,2923603
2021-08-05 12:00:00,440.89,441.02,440.44,440.45,2330254
2021-08-05 13:00:00,440.455,441.0,440.41,440.98,2040521
2021-08-05 14:00:00,440.99,441.14,440.67,440.74,3188218
2021-08-05 15:00:00,440.74,441.85,440.65,441.76,7930920
2021-08-05 16:00:00,441.77,441.77,439.1133,441.68,2438021
2021-08-05 17:00:00,441.7,441.74,441.59,441.6,59728
2021-08-05 18:00:00,441.6,441.76,441.43,441.46,48904
2021-08-05 19:00:00,441.46,441.46,441.31,441.31,33297
2021-08-06 04:00:00,441.41,441.93,441.4,441.88,8325
2021-08-06 05:00:00,441.85,441.9,441.81,441.89,5682
2021-08-06 06:00:00,441.87,442.07,441.83,441.93,37561
2021-08-06 07:00:00,441.94,442.11,441.93,441.95,60183
2021-08-06 08:00:00,441.9501,442.6,441.36,441.85,860505
2021-08-06 09:00:00,441.86,442.94,441.81,442.04,4948687
2021-08-06 10:00:00,442.05,442.64,441.8,442.11,6145916
2021-08-06 11:00:00,442.1,442.57,441.8511,442.55,4593227
2021-08-06 12:00:00,442.55,442.79,442.3201,442.76,1965191
2021-08-06 13:00:00,442.76,442.83,442.5,442.65,2337119
2021-08-06 14:00:00,442.65,442.73,442.06,442.0611,2977724
2021-08-06 15:00:00,442.06,442.67,441.945,442.53,8967039
2021-08-06 16:00:00,442.52,442.67,442.3375,442.63,2696127
2021-08-06 17:00:00,442.52,442.69,442.52,442.62,64248
2021-08-06 18:00:00,442.62,442.68,442.31,442.39,54949
2021-08-06 19:00:00,442.49,442.54,442.2,442.37,205017
2021-08-09 04:00:00,441.67,441.89,441.4,441.88,23135
2021-08-09 05:00:00,441.8,441.88,441.64,441.85,11640
2021-08-09 06:00:00,442.06,442.09,441.68,441.77,24433
2021-08-09 07:00:00,441.72,442.01,441.61,441.93,190855
2021-08-09 08:00:00,441.93,442.1699,441.63,442.09,183161
2021-08-09 09:00:00,442.1,442.795,441.31,441.75,5010855
2021-08-09 10:00:00,441.75,442.28,441.4532,441.83,5016073
2021-08-09 11:00:00,441.83,442.36,441.72,442.35,2875960
2021-08-09 12:00:00,442.349,442.36,442.03,442.18,2021406
2021-08-09 13:00:00,442.18,442.33,442.063,442.24,1838217
2021-08-09 14:00:00,442.2469,442.77,442.24,442.49,2397947
2021-08-09 15:00:00,442.48,442.65,441.98,442.14,5489265
2021-08-09 16:00:00,442.15,442.49,442.13,442.34,1874577
2021-08-09 17:00:00,442.39,442.7,442.31,442.39,175930
2021-08-09 18:00:00,442.37,442.43,442.11,442.13,60397
2021-08-09 19:00:00,442.13,442.15,441.84,442.1,274833
2021-08-10 04:00:00,442.15,442.3,442.0,442.11,11454
2021-08-10 05:00:00,442.15,442.16,442.08,442.1,4750
2021-08-10 06:00:00,442.09,442.19,442.0,442.16,12659
2021-08-10 07:00:00,442.05,442.28,442.05,442.19,43069
2021-08-10 08:00:00,442.2399,442.511,441.63,442.25,85593
2021-08-10 09:00:00,442.28,443.03,442.23,442.8924,3355775
2021-08-10 10:00:00,442.895,443.44,441.88,442.33,8949009
2021-08-10 11:00:00,442.335,443.045,441.92,443.04,4033402
2021-08-10 12:00:00,443.03,443.31,442.76,442.895,2402747
2021-08-10 13:00:00,442.895,443.0,442.5021,442.965,2238600
2021-08-10 14:00:00,442.96,443.07,442.4,442.84,3591190
2021-08-10 15:00:00,442.85,442.89,442.21,442.66,6673962
2021-08-10 16:00:00,442.67,442.68,442.28,442.57,2958843
2021-08-10 17:00:00,442.5,442.59,442.44,442.53,29065
2021-08-10 18:00:00,442.53,442.68,442.36,442.4,51992
2021-08-10 19:00:00,442.39,442.48,442.31,442.4,24031
2021-08-11 04:00:00,441.95,442.16,441.95,442.06,11404
2021-08-11 05:00:00,442.12,442.12,441.83,442.1,11481
2021-08-11 06:00:00,442.11,442.38,442.06,442.3,27572
2021-08-11 07:00:00,442.4,442.41,442.03,442.15,48390
2021-08-11 08:00:00,442.2801,443.5,442.02,443.28,819428
2021-08-11 09:00:00,443.33,443.94,443.24,443.56,4591151
2021-08-11 10:00:00,443.55,443.8,443.27,443.358,4932630
2021-08-11 11:00:00,443.36,443.38,442.62,442.78,4846529
2021-08-11 12:00:00,442.78,443.26,442.74,443.2499,2514576
2021-08-11 13:00:00,443.245,443.49,443.15,443.3712,3020831
2021-08-11 14:00:00,443.375,443.5,443.12,443.39,2621874
2021-08-11 15:00:00,443.399,443.79,443.38,443.74,7874961
2021-08-11 16:00:00,443.74,443.8,443.505,443.75,2604343
2021-08-11 17:00:00,443.8,443.8,443.6,443.69,42507
2021-08-11 18:00:00,443.66,443.78,443.59,443.59,33753
2021-08-11 19:00:00,443.59,443.67,443.55,443.57,19889
2021-08-12 04:00:00,443.66,443.78,443.53,443.78,5003
2021-08-12 05:00:00,443.78,443.83,443.66,443.83,1862
2021-08-12 06:00:00,443.8,444.04,443.76,443.93,30463
2021-08-12 07:00:00,443.92,444.04,443.88,443.9,62472
2021-08-12 08:00:00,443.91,444.072,443.44,443.53,237995
2021-08-12 09:00:00,443.51,443.75,442.89,443.135,4246636
2021-08-12 10:00:00,443.14,443.77,442.66,443.75,5107871
2021-08-12 11:00:00,443.75,444.11,443.38,443.8858,3606778
2021-08-12 12:00:00,443.88,444.45,443.88,444.335,3177418
2021-08-12 13:00:00,444.33,444.5,444.12,444.358,1906673
2021-08-12 14:00:00,444.355,444.9,444.27,444.8518,2789867
2021-08-12 15:00:00,444.85,445.2572,444.78,445.07,7920934
2021-08-12 16:00:00,445.07,445.23,444.8429,445.2,2170288
2021-08-12 17:00:00,445.17,445.26,445.09,445.15,52155
2021-08-12 18:00:00,445.15,445.15,444.96,445.02,15567
2021-08-12 19:00:00,445.0,445.03,444.87,444.9,22925
2021-08-13 04:00:00,445.37,445.43,445.26,445.41,3900
2021-08-13 05:00:00,445.59,445.59,445.38,445.43,3050
2021-08-13 06:00:00,445.47,445.48,445.32,445.32,61925
2021-08-13 07:00:00,445.33,445.36,445.22,445.22,85339
2021-08-13 08:00:00,445.35,445.53,445.22,445.53,78120
2021-08-13 09:00:00,445.54,445.85,445.14,445.505,3437086
2021-08-13 10:00:00,445.5,445.82,445.07,445.4454,4892410
2021-08-13 11:00:00,445.45,445.689,445.35,445.5199,2151274
2021-08-13 12:00:00,445.5199,445.62,445.36,445.5499,1820505
2021-08-13 13:00:00,445.545,445.8,445.4,445.725,1913463
2021-08-13 14:00:00,445.725,445.76,445.2,445.4273,2544306
2021-08-13 15:00:00,445.435,445.93,445.33,445.9,8522045
2021-08-13 16:00:00,445.89,445.95,445.62,445.62,2246442
2021-08-13 17:00:00,445.51,445.7,445.5,445.5,56893
2021-08-13 18:00:00,445.58,445.92,445.34,445.35,15926
2021-08-13 19:00:00,445.38,445.45,445.31,445.45,53456
