[[  0.  31.   2.]
 [  0.  26.   2.]
 [  0.  38.   1.]]
cf_score, 25.0
nv_score, -5.0
ratio, 0.272727272727
[[  3.  13.  16.]
 [ 11.  13.  10.]
 [  5.   5.  24.]]
cf_score, 19.0
nv_score, -18.0
ratio, 0.40404040404
[[ 11.   7.  17.]
 [ 18.   7.   7.]
 [  4.   5.  24.]]
cf_score, 21.0
nv_score, -17.0
ratio, 0.424242424242
[[  9.  12.   5.]
 [ 20.   6.  11.]
 [  7.   3.  27.]]
cf_score, 30.0
nv_score, 6.0
ratio, 0.424242424242
[[ 14.   7.   8.]
 [ 16.  12.   6.]
 [  9.   6.  22.]]
cf_score, 31.0
nv_score, 0.0
ratio, 0.484848484848
[[ 14.   5.  11.]
 [ 18.   4.  15.]
 [  5.  12.  16.]]
cf_score, 18.0
nv_score, -21.0
ratio, 0.343434343434
[[ 16.   5.  11.]
 [ 25.   1.  11.]
 [  9.   5.  17.]]
cf_score, 14.0
nv_score, -16.0
ratio, 0.343434343434
[[ 15.   1.  14.]
 [ 21.   4.   7.]
 [ 18.   1.  19.]]
cf_score, 6.0
nv_score, -16.0
ratio, 0.383838383838
[[ 12.   0.  14.]
 [ 22.   2.   9.]
 [ 11.   5.  25.]]
cf_score, 14.0
nv_score, -12.0
ratio, 0.393939393939
[[ 14.   0.  24.]
 [ 22.   4.   6.]
 [ 16.   4.  10.]]
cf_score, -12.0
nv_score, -44.0
ratio, 0.282828282828
[[ 17.   1.  15.]
 [ 28.   2.   7.]
 [ 13.   3.  14.]]
cf_score, 5.0
nv_score, -23.0
ratio, 0.333333333333
[[ 13.   2.  18.]
 [ 21.   3.   8.]
 [ 15.   4.  16.]]
cf_score, -1.0
nv_score, -28.0
ratio, 0.323232323232
[[ 24.   0.   7.]
 [ 30.   0.   2.]
 [ 24.   0.  13.]]
cf_score, 6.0
nv_score, -3.0
ratio, 0.373737373737
[[ 25.   0.   4.]
 [ 26.   0.  10.]
 [ 17.   0.  18.]]
cf_score, 22.0
nv_score, 0.0
ratio, 0.434343434343
[[ 34.   0.   6.]
 [ 19.   0.   6.]
 [ 17.   0.  18.]]
cf_score, 29.0
nv_score, 0.0
ratio, 0.525252525253
[[ 27.   0.   8.]
 [ 29.   0.   7.]
 [ 13.   0.  16.]]
cf_score, 22.0
nv_score, -7.0
ratio, 0.434343434343
[[ 29.   0.   5.]
 [ 25.   0.   7.]
 [ 23.   0.  11.]]
cf_score, 12.0
nv_score, -6.0
ratio, 0.40404040404
[[ 20.   0.  10.]
 [ 32.   0.   8.]
 [ 20.   0.  10.]]
cf_score, 0.0
nv_score, -18.0
ratio, 0.30303030303
[[ 21.   0.   9.]
 [ 29.   0.   5.]
 [ 25.   0.  11.]]
cf_score, -2.0
nv_score, -12.0
ratio, 0.323232323232
[[ 25.   0.   3.]
 [ 25.   0.   5.]
 [ 28.   0.  14.]]
cf_score, 8.0
nv_score, 3.0
ratio, 0.393939393939
[[ 28.   0.   6.]
 [ 25.   0.   6.]
 [ 21.   0.  14.]]
cf_score, 15.0
nv_score, -4.0
ratio, 0.424242424242
[[ 22.   0.   7.]
 [ 27.   0.  10.]
 [ 24.   0.  10.]]
cf_score, 1.0
nv_score, -14.0
ratio, 0.323232323232
[[ 23.   0.   3.]
 [ 32.   0.   8.]
 [ 22.   0.  12.]]
cf_score, 10.0
nv_score, -2.0
ratio, 0.353535353535
[[ 28.   0.   6.]
 [ 22.   0.   7.]
 [ 24.   0.  13.]]
cf_score, 11.0
nv_score, -6.0
ratio, 0.414141414141
[[ 18.   0.   5.]
 [ 38.   0.   8.]
 [ 22.   0.   9.]]
cf_score, 0.0
nv_score, -9.0
ratio, 0.272727272727
[[ 23.   0.   8.]
 [ 33.   0.   3.]
 [ 25.   0.   8.]]
cf_score, -2.0
nv_score, -11.0
ratio, 0.313131313131
[[ 29.   0.   8.]
 [ 29.   0.   5.]
 [ 17.   0.  12.]]
cf_score, 16.0
nv_score, -9.0
ratio, 0.414141414141
[[ 33.   0.   2.]
 [ 32.   0.   4.]
 [ 21.   0.   8.]]
cf_score, 18.0
nv_score, 0.0
ratio, 0.414141414141
[[ 24.   0.  12.]
 [ 22.   0.   5.]
 [ 29.   0.   8.]]
cf_score, -9.0
nv_score, -21.0
ratio, 0.323232323232
[[ 23.   0.  11.]
 [ 28.   0.   9.]
 [ 16.   0.  13.]]
cf_score, 9.0
nv_score, -18.0
ratio, 0.363636363636
[[ 27.   0.   4.]
 [ 28.   0.   9.]
 [ 24.   0.   8.]]
cf_score, 7.0
nv_score, -9.0
ratio, 0.353535353535
[[ 33.   0.   3.]
 [ 27.   0.   6.]
 [ 22.   0.   9.]]
cf_score, 17.0
nv_score, -3.0
ratio, 0.424242424242
[[ 32.   0.   3.]
 [ 29.   0.   3.]
 [ 25.   0.   8.]]
cf_score, 12.0
nv_score, -1.0
ratio, 0.40404040404
[[ 27.   0.   2.]
 [ 27.   0.   4.]
 [ 28.   0.  12.]]
cf_score, 9.0
nv_score, 4.0
ratio, 0.393939393939
[[ 32.   0.   2.]
 [ 34.   0.   7.]
 [ 14.   0.  11.]]
cf_score, 27.0
nv_score, 0.0
ratio, 0.434343434343
[[ 36.   0.   3.]
 [ 20.   0.   6.]
 [ 18.   0.  17.]]
cf_score, 32.0
nv_score, 5.0
ratio, 0.535353535354
[[ 23.   0.   2.]
 [ 25.   0.  13.]
 [ 17.   0.  20.]]
cf_score, 24.0
nv_score, 3.0
ratio, 0.434343434343
[[ 32.   0.   5.]
 [ 26.   0.   5.]
 [ 17.   0.  15.]]
cf_score, 25.0
nv_score, 0.0
ratio, 0.474747474747
[[ 26.   0.   8.]
 [ 25.   0.   6.]
 [ 25.   0.  10.]]
cf_score, 3.0
nv_score, -12.0
ratio, 0.363636363636
[[ 28.   0.   8.]
 [ 23.   0.   6.]
 [ 20.   0.  15.]]
cf_score, 15.0
nv_score, -7.0
ratio, 0.434343434343
[[ 28.   0.   2.]
 [ 23.   0.  10.]
 [ 23.   0.  14.]]
cf_score, 17.0
nv_score, 0.0
ratio, 0.424242424242
[[ 30.   0.   2.]
 [ 24.   0.   6.]
 [ 26.   0.  12.]]
cf_score, 14.0
nv_score, 2.0
ratio, 0.424242424242
[[ 26.   0.   5.]
 [ 22.   0.   8.]
 [ 27.   0.  12.]]
cf_score, 6.0
nv_score, -6.0
ratio, 0.383838383838
[[ 29.   0.   1.]
 [ 26.   0.   6.]
 [ 18.   0.  20.]]
cf_score, 30.0
nv_score, 12.0
ratio, 0.494949494949
[[ 33.   0.   3.]
 [ 27.   0.   9.]
 [ 21.   0.   7.]]
cf_score, 16.0
nv_score, -8.0
ratio, 0.40404040404
[[ 27.   0.   6.]
 [ 23.   0.   6.]
 [ 28.   0.  10.]]
cf_score, 3.0
nv_score, -8.0
ratio, 0.373737373737
[[ 30.   0.   3.]
 [ 33.   0.   2.]
 [ 24.   0.   8.]]
cf_score, 11.0
nv_score, 0.0
ratio, 0.383838383838
[[ 34.   0.   4.]
 [ 25.   0.   3.]
 [ 25.   0.   9.]]
cf_score, 14.0
nv_score, -2.0
ratio, 0.434343434343
[[ 28.   0.   2.]
 [ 31.   0.   7.]
 [ 21.   0.  11.]]
cf_score, 16.0
nv_score, 0.0
ratio, 0.393939393939
[[ 29.   0.   4.]
 [ 29.   0.   3.]
 [ 21.   0.  14.]]
cf_score, 18.0
nv_score, 3.0
ratio, 0.434343434343
