[[  0.   0.  40.]
 [  0.   0.  39.]
 [  0.   0.  21.]]
cf_score, -19.0
nv_score, -98.0
ratio, 0.212121212121
[[  0.   0.  40.]
 [  0.   0.  29.]
 [  0.   0.  31.]]
cf_score, -9.0
nv_score, -78.0
ratio, 0.313131313131
[[  0.   0.  30.]
 [  0.   0.  38.]
 [  0.   0.  32.]]
cf_score, 2.0
nv_score, -66.0
ratio, 0.323232323232
[[  0.   0.  36.]
 [  0.   0.  36.]
 [  0.   0.  28.]]
cf_score, -8.0
nv_score, -80.0
ratio, 0.282828282828
[[  0.   0.  31.]
 [  0.   0.  37.]
 [  0.   0.  32.]]
cf_score, 1.0
nv_score, -67.0
ratio, 0.323232323232
[[  0.   0.  40.]
 [  0.   0.  33.]
 [  0.   0.  27.]]
cf_score, -13.0
nv_score, -86.0
ratio, 0.272727272727
[[  0.   0.  28.]
 [  0.   0.  41.]
 [  0.   0.  31.]]
cf_score, 3.0
nv_score, -66.0
ratio, 0.313131313131
[[  0.   0.  36.]
 [  0.   0.  47.]
 [  0.   0.  17.]]
cf_score, -19.0
nv_score, -102.0
ratio, 0.171717171717
[[  0.   0.  39.]
 [  0.   0.  40.]
 [  0.   0.  21.]]
cf_score, -18.0
nv_score, -97.0
ratio, 0.212121212121
[[  0.   0.  38.]
 [  0.   0.  42.]
 [  0.   0.  20.]]
cf_score, -18.0
nv_score, -98.0
ratio, 0.20202020202
[[  0.   0.  40.]
 [  0.   0.  38.]
 [  0.   0.  22.]]
cf_score, -18.0
nv_score, -96.0
ratio, 0.222222222222
[[  0.   0.  33.]
 [  0.   0.  41.]
 [  0.   0.  26.]]
cf_score, -7.0
nv_score, -81.0
ratio, 0.262626262626
[[  0.   0.  37.]
 [  0.   0.  42.]
 [  0.   0.  21.]]
cf_score, -16.0
nv_score, -95.0
ratio, 0.212121212121
[[  0.   0.  31.]
 [  0.   0.  44.]
 [  0.   0.  25.]]
cf_score, -6.0
nv_score, -81.0
ratio, 0.252525252525
[[  0.   0.  35.]
 [  0.   0.  48.]
 [  0.   0.  17.]]
cf_score, -18.0
nv_score, -101.0
ratio, 0.171717171717
[[  0.   0.  30.]
 [  0.   0.  43.]
 [  0.   0.  27.]]
cf_score, -3.0
nv_score, -76.0
ratio, 0.272727272727
[[  0.   0.  33.]
 [  0.   0.  36.]
 [  0.   0.  31.]]
cf_score, -2.0
nv_score, -71.0
ratio, 0.313131313131
[[  0.   0.  30.]
 [  0.   0.  53.]
 [  0.   0.  17.]]
cf_score, -13.0
nv_score, -96.0
ratio, 0.171717171717
[[  0.   0.  40.]
 [  0.   0.  35.]
 [  0.   0.  25.]]
cf_score, -15.0
nv_score, -90.0
ratio, 0.252525252525
[[  0.   0.  44.]
 [  0.   0.  40.]
 [  0.   0.  16.]]
cf_score, -28.0
nv_score, -112.0
ratio, 0.161616161616
[[  0.   0.  37.]
 [  0.   0.  39.]
 [  0.   0.  24.]]
cf_score, -13.0
nv_score, -89.0
ratio, 0.242424242424
[[  0.   0.  27.]
 [  0.   0.  53.]
 [  0.   0.  20.]]
cf_score, -7.0
nv_score, -87.0
ratio, 0.20202020202
[[  0.   0.  41.]
 [  0.   0.  35.]
 [  0.   0.  24.]]
cf_score, -17.0
nv_score, -93.0
ratio, 0.242424242424
[[  0.   0.  34.]
 [  0.   0.  37.]
 [  0.   0.  29.]]
cf_score, -5.0
nv_score, -76.0
ratio, 0.292929292929
[[  0.   0.  43.]
 [  0.   0.  38.]
 [  0.   0.  19.]]
cf_score, -24.0
nv_score, -105.0
ratio, 0.191919191919
[[  0.   0.  23.]
 [  0.   0.  46.]
 [  0.   0.  31.]]
cf_score, 8.0
nv_score, -61.0
ratio, 0.313131313131
[[  0.   0.  41.]
 [  0.   0.  38.]
 [  0.   0.  21.]]
cf_score, -20.0
nv_score, -99.0
ratio, 0.212121212121
[[  0.   0.  35.]
 [  0.   0.  36.]
 [  0.   0.  29.]]
cf_score, -6.0
nv_score, -77.0
ratio, 0.292929292929
[[  0.   0.  37.]
 [  0.   0.  43.]
 [  0.   0.  20.]]
cf_score, -17.0
nv_score, -97.0
ratio, 0.20202020202
[[  0.   0.  35.]
 [  0.   0.  50.]
 [  0.   0.  15.]]
cf_score, -20.0
nv_score, -105.0
ratio, 0.151515151515
[[  0.   0.  35.]
 [  0.   0.  38.]
 [  0.   0.  27.]]
cf_score, -8.0
nv_score, -81.0
ratio, 0.272727272727
[[  0.   0.  32.]
 [  0.   0.  38.]
 [  0.   0.  30.]]
cf_score, -2.0
nv_score, -72.0
ratio, 0.30303030303
[[  0.   0.  33.]
 [  0.   0.  47.]
 [  0.   0.  20.]]
cf_score, -13.0
nv_score, -93.0
ratio, 0.20202020202
[[  0.   0.  27.]
 [  0.   0.  46.]
 [  0.   0.  27.]]
cf_score, 0.0
nv_score, -73.0
ratio, 0.272727272727
[[  0.   0.  32.]
 [  0.   0.  43.]
 [  0.   0.  25.]]
cf_score, -7.0
nv_score, -82.0
ratio, 0.252525252525
[[  0.   0.  30.]
 [  0.   0.  43.]
 [  0.   0.  27.]]
cf_score, -3.0
nv_score, -76.0
ratio, 0.272727272727
[[  0.   0.  37.]
 [  0.   0.  38.]
 [  0.   0.  25.]]
cf_score, -12.0
nv_score, -87.0
ratio, 0.252525252525
[[  0.   0.  36.]
 [  0.   0.  40.]
 [  0.   0.  24.]]
cf_score, -12.0
nv_score, -88.0
ratio, 0.242424242424
[[  0.   0.  26.]
 [  0.   0.  46.]
 [  0.   0.  28.]]
cf_score, 2.0
nv_score, -70.0
ratio, 0.282828282828
[[  0.   0.  36.]
 [  0.   0.  34.]
 [  0.   0.  30.]]
cf_score, -6.0
nv_score, -76.0
ratio, 0.30303030303
[[  0.   0.  30.]
 [  0.   0.  45.]
 [  0.   0.  25.]]
cf_score, -5.0
nv_score, -80.0
ratio, 0.252525252525
[[  0.   0.  41.]
 [  0.   0.  33.]
 [  0.   0.  26.]]
cf_score, -15.0
nv_score, -89.0
ratio, 0.262626262626
[[  0.   0.  32.]
 [  0.   0.  51.]
 [  0.   0.  17.]]
cf_score, -15.0
nv_score, -98.0
ratio, 0.171717171717
[[ 25.   0.   5.]
 [ 28.   2.  18.]
 [  8.   0.  14.]]
cf_score, 28.0
nv_score, -14.0
ratio, 0.414141414141
[[ 25.   0.   6.]
 [ 33.   0.  10.]
 [ 13.   0.  13.]]
cf_score, 19.0
nv_score, -9.0
ratio, 0.383838383838
[[ 25.   0.   8.]
 [ 28.   0.  11.]
 [ 12.   0.  16.]]
cf_score, 21.0
nv_score, -11.0
ratio, 0.414141414141
[[ 28.   0.  10.]
 [ 18.   0.  14.]
 [ 12.   0.  18.]]
cf_score, 24.0
nv_score, -16.0
ratio, 0.464646464646
[[ 38.   0.   3.]
 [ 28.   0.   5.]
 [ 14.   0.  12.]]
cf_score, 33.0
nv_score, 1.0
ratio, 0.505050505051
[[ 19.   0.   9.]
 [ 33.   0.  11.]
 [ 17.   0.  11.]]
cf_score, 4.0
nv_score, -18.0
ratio, 0.30303030303
[[ 24.   0.   9.]
 [ 29.   0.  14.]
 [ 14.   0.  10.]]
cf_score, 11.0
nv_score, -22.0
ratio, 0.343434343434
