[[  9.  23.   0.]
 [  1.  40.   0.]
 [  7.  20.   0.]]
cf_score, 42.0
nv_score, 0.0
ratio, 0.494949494949
[[  8.  28.   2.]
 [  1.  21.   2.]
 [ 11.  26.   1.]]
cf_score, 17.0
nv_score, -5.0
ratio, 0.30303030303
[[  1.  33.   4.]
 [  2.  30.   1.]
 [  7.  18.   4.]]
cf_score, 24.0
nv_score, -5.0
ratio, 0.353535353535
[[  9.  26.   5.]
 [  4.  28.   2.]
 [  5.  17.   4.]]
cf_score, 31.0
nv_score, -8.0
ratio, 0.414141414141
[[  7.  28.   3.]
 [  0.  29.   4.]
 [  6.  14.   9.]]
cf_score, 36.0
nv_score, -1.0
ratio, 0.454545454545
[[  3.  26.   8.]
 [  1.  26.   4.]
 [  3.  20.   9.]]
cf_score, 27.0
nv_score, -11.0
ratio, 0.383838383838
[[  3.  25.   4.]
 [  0.  28.   4.]
 [  5.  22.   9.]]
cf_score, 31.0
nv_score, -3.0
ratio, 0.40404040404
[[  6.  22.  14.]
 [  0.  25.   4.]
 [  1.  19.   9.]]
cf_score, 25.0
nv_score, -23.0
ratio, 0.40404040404
[[  6.  25.   9.]
 [  0.  27.   3.]
 [  6.  17.   7.]]
cf_score, 25.0
nv_score, -14.0
ratio, 0.40404040404
[[  5.  19.   9.]
 [  0.  24.   8.]
 [  5.  19.  11.]]
cf_score, 26.0
nv_score, -15.0
ratio, 0.40404040404
[[  4.  24.   8.]
 [  0.  23.   3.]
 [  4.  25.   9.]]
cf_score, 24.0
nv_score, -10.0
ratio, 0.363636363636
[[  2.  22.  11.]
 [  1.  23.   6.]
 [  3.  22.  10.]]
cf_score, 21.0
nv_score, -18.0
ratio, 0.353535353535
[[  6.  16.  16.]
 [  0.  29.   2.]
 [  4.  13.  14.]]
cf_score, 29.0
nv_score, -20.0
ratio, 0.494949494949
[[  6.  27.  10.]
 [  1.  22.   3.]
 [  4.  20.   7.]]
cf_score, 21.0
nv_score, -16.0
ratio, 0.353535353535
[[ 11.  23.   6.]
 [  1.  23.   4.]
 [  6.  14.  12.]]
cf_score, 34.0
nv_score, -4.0
ratio, 0.464646464646
[[  5.  20.   4.]
 [  0.  24.   8.]
 [ 11.  17.  11.]]
cf_score, 25.0
nv_score, -5.0
ratio, 0.40404040404
[[  5.  25.  10.]
 [  2.  24.   3.]
 [  4.  18.   9.]]
cf_score, 24.0
nv_score, -14.0
ratio, 0.383838383838
[[  5.  29.   7.]
 [  1.  20.   8.]
 [  7.  15.   8.]]
cf_score, 19.0
nv_score, -14.0
ratio, 0.333333333333
[[  9.  23.  11.]
 [  2.  20.   8.]
 [  4.  18.   5.]]
cf_score, 19.0
nv_score, -25.0
ratio, 0.343434343434
[[  4.  17.   9.]
 [  2.  21.   5.]
 [  3.  22.  17.]]
cf_score, 30.0
nv_score, -6.0
ratio, 0.424242424242
[[  3.  24.  10.]
 [  1.  28.   4.]
 [  5.  13.  12.]]
cf_score, 28.0
nv_score, -12.0
ratio, 0.434343434343
[[  3.  22.   6.]
 [  0.  22.  15.]
 [  4.  15.  13.]]
cf_score, 28.0
nv_score, -14.0
ratio, 0.383838383838
[[ 14.  16.   7.]
 [  1.  14.   3.]
 [  5.  29.  11.]]
cf_score, 27.0
nv_score, -6.0
ratio, 0.393939393939
[[  6.  26.   6.]
 [  1.  24.   8.]
 [  8.  11.  10.]]
cf_score, 26.0
nv_score, -10.0
ratio, 0.40404040404
[[  4.  25.   6.]
 [  2.  22.  11.]
 [  3.  14.  13.]]
cf_score, 30.0
nv_score, -10.0
ratio, 0.393939393939
[[  5.  27.  12.]
 [  1.  19.   5.]
 [  2.  21.   8.]]
cf_score, 18.0
nv_score, -21.0
ratio, 0.323232323232
[[  5.  29.  11.]
 [  0.  21.   6.]
 [  5.  17.   6.]]
cf_score, 16.0
nv_score, -22.0
ratio, 0.323232323232
[[  2.  22.   4.]
 [  1.  24.   7.]
 [  4.  23.  13.]]
cf_score, 31.0
nv_score, -2.0
ratio, 0.393939393939
[[  1.  21.  12.]
 [  1.  22.   4.]
 [  7.  20.  12.]]
cf_score, 16.0
nv_score, -16.0
ratio, 0.353535353535
[[  3.  28.  11.]
 [  2.  21.   4.]
 [  5.  17.   9.]]
cf_score, 17.0
nv_score, -17.0
ratio, 0.333333333333
[[  8.  23.  10.]
 [  0.  22.   6.]
 [  4.  16.  11.]]
cf_score, 27.0
nv_score, -15.0
ratio, 0.414141414141
[[  4.  23.   7.]
 [  3.  30.   5.]
 [  3.  12.  13.]]
cf_score, 37.0
nv_score, -6.0
ratio, 0.474747474747
[[  1.  19.  11.]
 [  0.  27.   4.]
 [  3.  22.  13.]]
cf_score, 27.0
nv_score, -13.0
ratio, 0.414141414141
[[  7.  19.  18.]
 [  2.  24.   6.]
 [  3.  14.   7.]]
cf_score, 17.0
nv_score, -35.0
ratio, 0.383838383838
[[  7.  21.   9.]
 [  2.  24.   8.]
 [  4.  12.  13.]]
cf_score, 31.0
nv_score, -13.0
ratio, 0.444444444444
[[  7.  21.  13.]
 [  0.  24.   8.]
 [  5.   7.  15.]]
cf_score, 28.0
nv_score, -19.0
ratio, 0.464646464646
[[  4.  24.  14.]
 [  0.  15.  11.]
 [  1.  12.  19.]]
cf_score, 23.0
nv_score, -20.0
ratio, 0.383838383838
[[  4.  20.  18.]
 [  0.  19.   8.]
 [  8.  14.   9.]]
cf_score, 6.0
nv_score, -35.0
ratio, 0.323232323232
[[  6.  19.  11.]
 [  0.  20.  11.]
 [  2.  16.  15.]]
cf_score, 28.0
nv_score, -18.0
ratio, 0.414141414141
[[  6.  21.   9.]
 [  0.  27.   7.]
 [  1.  17.  12.]]
cf_score, 35.0
nv_score, -13.0
ratio, 0.454545454545
[[  2.  22.  15.]
 [  0.  19.   9.]
 [  5.  14.  14.]]
cf_score, 15.0
nv_score, -25.0
ratio, 0.353535353535
[[  5.  25.  18.]
 [  0.  25.   6.]
 [  2.   8.  11.]]
cf_score, 21.0
nv_score, -31.0
ratio, 0.414141414141
[[  6.  20.   9.]
 [  0.  22.   8.]
 [  4.  20.  11.]]
cf_score, 26.0
nv_score, -15.0
ratio, 0.393939393939
[[  6.  16.   7.]
 [  0.  24.   6.]
 [  5.  22.  14.]]
cf_score, 32.0
nv_score, -6.0
ratio, 0.444444444444
[[  5.  13.  23.]
 [  0.  23.   7.]
 [  2.  10.  17.]]
cf_score, 20.0
nv_score, -36.0
ratio, 0.454545454545
[[  7.  25.   9.]
 [  0.  20.   4.]
 [  4.  14.  17.]]
cf_score, 31.0
nv_score, -5.0
ratio, 0.444444444444
[[  7.  19.  18.]
 [  0.  15.  11.]
 [  4.  12.  14.]]
cf_score, 14.0
nv_score, -33.0
ratio, 0.363636363636
[[  4.  21.  19.]
 [  0.  14.  11.]
 [  3.  19.   9.]]
cf_score, 5.0
nv_score, -40.0
ratio, 0.272727272727
[[  5.  18.  18.]
 [  0.  20.   5.]
 [  4.  16.  14.]]
cf_score, 17.0
nv_score, -27.0
ratio, 0.393939393939
[[  3.  17.  21.]
 [  0.  26.   8.]
 [  1.  14.  10.]]
cf_score, 17.0
nv_score, -40.0
ratio, 0.393939393939
