[[ 21.   4.   7.]
 [ 18.   0.  10.]
 [ 25.   0.  15.]]
cf_score, 4.0
nv_score, -9.0
ratio, 0.363636363636
[[ 16.   7.   6.]
 [ 21.   1.  13.]
 [ 17.   2.  17.]]
cf_score, 11.0
nv_score, -8.0
ratio, 0.343434343434
[[ 23.   7.   7.]
 [ 16.   3.  11.]
 [ 16.   3.  14.]]
cf_score, 17.0
nv_score, -11.0
ratio, 0.40404040404
[[ 18.   9.   3.]
 [ 22.   8.   9.]
 [ 13.   7.  11.]]
cf_score, 21.0
nv_score, -4.0
ratio, 0.373737373737
[[ 23.   6.   9.]
 [ 19.   5.   9.]
 [ 15.   3.  11.]]
cf_score, 15.0
nv_score, -16.0
ratio, 0.393939393939
[[ 25.  10.   6.]
 [ 15.   5.  11.]
 [ 14.   5.   9.]]
cf_score, 19.0
nv_score, -14.0
ratio, 0.393939393939
[[ 13.  10.   8.]
 [ 17.   9.  12.]
 [ 10.   9.  12.]]
cf_score, 16.0
nv_score, -16.0
ratio, 0.343434343434
[[ 10.   8.   7.]
 [ 17.  12.   9.]
 [ 15.  12.  10.]]
cf_score, 10.0
nv_score, -13.0
ratio, 0.323232323232
[[ 17.  12.   7.]
 [ 17.  10.   7.]
 [ 10.   7.  13.]]
cf_score, 23.0
nv_score, -8.0
ratio, 0.40404040404
[[  6.  11.   7.]
 [ 23.  14.   2.]
 [ 16.  12.   9.]]
cf_score, 6.0
nv_score, -7.0
ratio, 0.292929292929
[[  8.  16.   4.]
 [ 16.  15.   6.]
 [ 10.  10.  15.]]
cf_score, 24.0
nv_score, 1.0
ratio, 0.383838383838
[[ 18.   8.   9.]
 [ 14.   6.  10.]
 [ 14.  14.   7.]]
cf_score, 8.0
nv_score, -21.0
ratio, 0.313131313131
[[ 14.  12.   9.]
 [ 13.  17.   7.]
 [  6.  14.   8.]]
cf_score, 24.0
nv_score, -17.0
ratio, 0.393939393939
[[ 19.  13.   3.]
 [ 12.  13.   7.]
 [ 10.  13.  10.]]
cf_score, 29.0
nv_score, -3.0
ratio, 0.424242424242
[[ 18.   7.   4.]
 [ 17.  11.   5.]
 [ 12.  19.   7.]]
cf_score, 20.0
nv_score, -6.0
ratio, 0.363636363636
[[ 21.  14.   3.]
 [ 10.   9.   9.]
 [  9.  11.  14.]]
cf_score, 32.0
nv_score, -1.0
ratio, 0.444444444444
[[ 16.  19.   6.]
 [ 22.   4.   2.]
 [ 12.  10.   9.]]
cf_score, 11.0
nv_score, -5.0
ratio, 0.292929292929
[[  9.  14.  13.]
 [ 10.   9.   3.]
 [  7.  22.  13.]]
cf_score, 11.0
nv_score, -16.0
ratio, 0.313131313131
[[ 17.  11.   8.]
 [ 14.   9.  11.]
 [  8.  13.   9.]]
cf_score, 19.0
nv_score, -18.0
ratio, 0.353535353535
[[ 13.  19.   8.]
 [ 15.  11.   7.]
 [  6.  11.  10.]]
cf_score, 20.0
nv_score, -13.0
ratio, 0.343434343434
[[ 12.  12.   6.]
 [  9.  17.   8.]
 [  7.  12.  17.]]
cf_score, 33.0
nv_score, -3.0
ratio, 0.464646464646
[[ 16.  13.   3.]
 [ 12.  16.   6.]
 [  9.  17.   8.]]
cf_score, 28.0
nv_score, -4.0
ratio, 0.40404040404
[[ 14.  17.   6.]
 [ 13.  13.   7.]
 [  5.  15.  10.]]
cf_score, 26.0
nv_score, -9.0
ratio, 0.373737373737
[[ 17.  16.   8.]
 [ 11.   6.  11.]
 [ 10.  13.   8.]]
cf_score, 13.0
nv_score, -19.0
ratio, 0.313131313131
[[ 16.  14.   0.]
 [ 15.  13.   7.]
 [ 13.  11.  11.]]
cf_score, 27.0
nv_score, 4.0
ratio, 0.40404040404
[[ 19.  14.  10.]
 [  9.   8.   3.]
 [  6.  23.   8.]]
cf_score, 19.0
nv_score, -15.0
ratio, 0.353535353535
[[ 14.  12.   8.]
 [ 13.  18.   7.]
 [  9.  13.   6.]]
cf_score, 21.0
nv_score, -17.0
ratio, 0.383838383838
[[ 22.  12.   6.]
 [ 13.  11.   6.]
 [  8.  14.   8.]]
cf_score, 27.0
nv_score, -10.0
ratio, 0.414141414141
[[ 23.  19.  10.]
 [  6.   9.   5.]
 [  7.  11.  10.]]
cf_score, 25.0
nv_score, -15.0
ratio, 0.424242424242
[[ 13.  12.   2.]
 [ 13.  12.  10.]
 [ 15.  15.   8.]]
cf_score, 16.0
nv_score, -6.0
ratio, 0.333333333333
[[ 10.  16.   7.]
 [  6.  10.   8.]
 [ 11.  19.  13.]]
cf_score, 15.0
nv_score, -9.0
ratio, 0.333333333333
[[ 16.  12.   3.]
 [ 11.  13.   5.]
 [ 15.  14.  11.]]
cf_score, 22.0
nv_score, 0.0
ratio, 0.40404040404
[[ 19.  18.   8.]
 [  9.   8.   6.]
 [ 10.  14.   8.]]
cf_score, 17.0
nv_score, -14.0
ratio, 0.353535353535
[[ 13.  11.   4.]
 [ 13.  13.   4.]
 [ 11.  17.  14.]]
cf_score, 25.0
nv_score, 2.0
ratio, 0.40404040404
[[ 15.  14.   9.]
 [ 12.  14.   2.]
 [ 14.  13.   7.]]
cf_score, 13.0
nv_score, -13.0
ratio, 0.363636363636
[[ 12.  15.   9.]
 [ 11.  12.   5.]
 [ 14.  14.   8.]]
cf_score, 9.0
nv_score, -15.0
ratio, 0.323232323232
[[ 15.  15.   5.]
 [ 13.  13.   5.]
 [ 10.  16.   8.]]
cf_score, 21.0
nv_score, -7.0
ratio, 0.363636363636
[[ 16.  12.   3.]
 [ 11.  19.   5.]
 [ 12.  11.  11.]]
cf_score, 31.0
nv_score, 0.0
ratio, 0.464646464646
[[ 10.  11.   6.]
 [ 11.  14.   6.]
 [ 12.  11.  19.]]
cf_score, 25.0
nv_score, 1.0
ratio, 0.434343434343
[[ 10.   9.   5.]
 [ 17.  21.   8.]
 [  9.   9.  12.]]
cf_score, 29.0
nv_score, -6.0
ratio, 0.434343434343
[[  9.  19.   2.]
 [ 11.  18.  10.]
 [  6.  16.   9.]]
cf_score, 28.0
nv_score, -5.0
ratio, 0.363636363636
[[ 16.  19.   6.]
 [  9.  14.   3.]
 [  8.  15.  10.]]
cf_score, 26.0
nv_score, -5.0
ratio, 0.40404040404
[[ 22.   9.   4.]
 [ 13.  18.   2.]
 [ 12.  13.   7.]]
cf_score, 31.0
nv_score, -3.0
ratio, 0.474747474747
[[ 18.   6.   3.]
 [  7.  15.  11.]
 [ 15.  16.   9.]]
cf_score, 24.0
nv_score, -8.0
ratio, 0.424242424242
[[ 20.   4.  11.]
 [  9.  24.   7.]
 [  6.   8.  11.]]
cf_score, 38.0
nv_score, -18.0
ratio, 0.555555555556
[[ 10.   9.   4.]
 [ 18.  20.   9.]
 [ 13.   7.  10.]]
cf_score, 23.0
nv_score, -7.0
ratio, 0.40404040404
[[ 17.  11.   9.]
 [  5.  17.   6.]
 [ 13.  17.   5.]]
cf_score, 17.0
nv_score, -19.0
ratio, 0.393939393939
[[ 14.  11.   4.]
 [ 14.  13.   6.]
 [ 13.  15.  10.]]
cf_score, 20.0
nv_score, -4.0
ratio, 0.373737373737
[[ 20.  14.   4.]
 [  9.  14.   5.]
 [ 13.  14.   7.]]
cf_score, 24.0
nv_score, -6.0
ratio, 0.414141414141
[[ 14.  14.   8.]
 [  5.  16.   4.]
 [ 15.  13.  11.]]
cf_score, 18.0
nv_score, -9.0
ratio, 0.414141414141
