[[ 27.   2.   5.]
 [ 15.   4.  12.]
 [ 15.   4.  16.]]
cf_score, 27.0
nv_score, -6.0
ratio, 0.474747474747
[[ 25.   4.   5.]
 [ 18.   6.  10.]
 [ 16.   4.  12.]]
cf_score, 22.0
nv_score, -8.0
ratio, 0.434343434343
[[ 20.   2.   3.]
 [ 24.   3.  11.]
 [ 21.   3.  13.]]
cf_score, 12.0
nv_score, -4.0
ratio, 0.363636363636
[[ 20.   2.   5.]
 [ 23.   2.  13.]
 [ 20.   2.  13.]]
cf_score, 10.0
nv_score, -10.0
ratio, 0.353535353535
[[ 29.   4.   5.]
 [ 15.   3.   7.]
 [ 15.   2.  20.]]
cf_score, 32.0
nv_score, 3.0
ratio, 0.525252525253
[[ 15.   3.  12.]
 [ 15.   5.  16.]
 [ 16.   4.  14.]]
cf_score, 6.0
nv_score, -26.0
ratio, 0.343434343434
[[ 17.   6.   9.]
 [ 19.   5.  12.]
 [ 11.   6.  15.]]
cf_score, 17.0
nv_score, -15.0
ratio, 0.373737373737
[[ 18.  13.   8.]
 [ 11.   7.  11.]
 [  8.  10.  14.]]
cf_score, 23.0
nv_score, -13.0
ratio, 0.393939393939
[[ 18.   7.  12.]
 [ 23.   8.   7.]
 [ 13.   3.   9.]]
cf_score, 10.0
nv_score, -22.0
ratio, 0.353535353535
[[ 24.   3.   2.]
 [ 22.   2.   8.]
 [ 18.   3.  18.]]
cf_score, 24.0
nv_score, 6.0
ratio, 0.444444444444
[[ 14.   6.  11.]
 [ 14.  10.   7.]
 [ 12.   8.  18.]]
cf_score, 19.0
nv_score, -11.0
ratio, 0.424242424242
[[ 24.   4.   3.]
 [ 22.   6.   7.]
 [ 15.   9.  10.]]
cf_score, 22.0
nv_score, -3.0
ratio, 0.40404040404
[[ 28.   5.   3.]
 [ 14.   5.  10.]
 [ 11.   8.  16.]]
cf_score, 35.0
nv_score, 0.0
ratio, 0.494949494949
[[ 22.   2.   6.]
 [ 19.   6.   6.]
 [ 19.   8.  12.]]
cf_score, 15.0
nv_score, -6.0
ratio, 0.40404040404
[[ 25.   4.   7.]
 [ 13.   5.   7.]
 [ 21.   6.  12.]]
cf_score, 14.0
nv_score, -9.0
ratio, 0.424242424242
[[ 16.   7.   3.]
 [ 16.   7.  12.]
 [ 19.   6.  14.]]
cf_score, 15.0
nv_score, -4.0
ratio, 0.373737373737
[[ 20.   7.   7.]
 [ 18.   6.  15.]
 [ 14.   2.  11.]]
cf_score, 16.0
nv_score, -18.0
ratio, 0.373737373737
[[ 16.   5.  12.]
 [ 18.   9.  13.]
 [ 11.   8.   8.]]
cf_score, 10.0
nv_score, -29.0
ratio, 0.333333333333
[[ 24.   3.   4.]
 [ 15.   4.  16.]
 [ 16.   4.  14.]]
cf_score, 22.0
nv_score, -10.0
ratio, 0.424242424242
[[ 20.   5.  11.]
 [ 12.   3.  17.]
 [ 11.   3.  18.]]
cf_score, 19.0
nv_score, -21.0
ratio, 0.414141414141
[[ 15.   8.   6.]
 [ 16.   8.   9.]
 [ 10.   6.  22.]]
cf_score, 29.0
nv_score, 1.0
ratio, 0.454545454545
[[ 22.   8.   7.]
 [ 15.   8.  11.]
 [  6.   9.  14.]]
cf_score, 31.0
nv_score, -11.0
ratio, 0.444444444444
[[ 20.   3.  10.]
 [ 10.  11.  13.]
 [ 12.   5.  16.]]
cf_score, 25.0
nv_score, -17.0
ratio, 0.474747474747
[[ 20.   4.   9.]
 [ 23.   7.   6.]
 [ 14.   6.  11.]]
cf_score, 15.0
nv_score, -13.0
ratio, 0.383838383838
[[ 24.   6.   7.]
 [ 14.   5.   7.]
 [ 12.  12.  13.]]
cf_score, 23.0
nv_score, -8.0
ratio, 0.424242424242
[[ 14.   8.   9.]
 [  7.  15.   9.]
 [ 12.   7.  19.]]
cf_score, 27.0
nv_score, -8.0
ratio, 0.484848484848
[[ 12.   5.   7.]
 [ 19.   6.  10.]
 [ 20.   8.  13.]]
cf_score, 4.0
nv_score, -11.0
ratio, 0.313131313131
[[ 17.   5.   9.]
 [ 15.   8.  14.]
 [ 12.   3.  17.]]
cf_score, 21.0
nv_score, -15.0
ratio, 0.424242424242
[[ 16.   9.   9.]
 [ 16.   6.  12.]
 [ 14.   6.  12.]]
cf_score, 11.0
nv_score, -18.0
ratio, 0.343434343434
[[ 17.   6.   6.]
 [ 16.   6.  16.]
 [ 12.   7.  14.]]
cf_score, 19.0
nv_score, -14.0
ratio, 0.373737373737
[[ 17.  10.  11.]
 [  8.   4.  18.]
 [  9.   7.  16.]]
cf_score, 17.0
nv_score, -24.0
ratio, 0.373737373737
[[ 20.   7.   4.]
 [ 14.   7.   7.]
 [ 14.  12.  15.]]
cf_score, 24.0
nv_score, 0.0
ratio, 0.424242424242
[[ 22.   5.   5.]
 [ 17.   5.   8.]
 [ 12.   8.  18.]]
cf_score, 28.0
nv_score, 0.0
ratio, 0.454545454545
[[ 24.   7.   4.]
 [ 22.   4.  11.]
 [ 17.   3.   8.]]
cf_score, 15.0
nv_score, -11.0
ratio, 0.363636363636
[[ 23.   4.   5.]
 [ 21.   5.  11.]
 [  8.   6.  17.]]
cf_score, 32.0
nv_score, -4.0
ratio, 0.454545454545
[[ 18.  11.   5.]
 [ 12.   7.  15.]
 [ 14.   7.  11.]]
cf_score, 17.0
nv_score, -14.0
ratio, 0.363636363636
[[ 18.   9.   5.]
 [ 20.   6.  14.]
 [ 10.   4.  14.]]
cf_score, 23.0
nv_score, -10.0
ratio, 0.383838383838
[[ 25.   3.   2.]
 [ 15.   7.  10.]
 [ 20.   5.  13.]]
cf_score, 23.0
nv_score, -1.0
ratio, 0.454545454545
[[ 21.   7.   6.]
 [ 17.   7.   8.]
 [  8.   9.  17.]]
cf_score, 31.0
nv_score, -3.0
ratio, 0.454545454545
[[ 28.   6.   3.]
 [ 12.   8.  13.]
 [  6.   7.  17.]]
cf_score, 44.0
nv_score, -2.0
ratio, 0.535353535354
[[ 22.   5.   8.]
 [ 14.   9.  16.]
 [  8.   5.  13.]]
cf_score, 28.0
nv_score, -19.0
ratio, 0.444444444444
[[ 20.   5.   7.]
 [ 10.   8.   9.]
 [ 19.  12.  10.]]
cf_score, 12.0
nv_score, -13.0
ratio, 0.383838383838
[[ 14.   3.   9.]
 [ 17.   7.  16.]
 [ 11.   4.  19.]]
cf_score, 20.0
nv_score, -15.0
ratio, 0.40404040404
[[ 24.   6.   5.]
 [ 14.   3.   8.]
 [ 13.  12.  15.]]
cf_score, 24.0
nv_score, -3.0
ratio, 0.424242424242
[[ 17.   7.  13.]
 [  7.   6.  14.]
 [ 11.   6.  19.]]
cf_score, 18.0
nv_score, -21.0
ratio, 0.424242424242
[[ 17.   7.   8.]
 [ 11.  10.  13.]
 [ 14.  11.   9.]]
cf_score, 14.0
nv_score, -20.0
ratio, 0.363636363636
[[ 15.   5.   6.]
 [ 12.   7.  13.]
 [ 14.  12.  16.]]
cf_score, 18.0
nv_score, -9.0
ratio, 0.383838383838
[[ 24.   3.  11.]
 [ 14.   9.   9.]
 [ 13.   2.  15.]]
cf_score, 24.0
nv_score, -16.0
ratio, 0.484848484848
[[ 19.   3.   5.]
 [ 28.   3.  12.]
 [ 13.   2.  15.]]
cf_score, 19.0
nv_score, -7.0
ratio, 0.373737373737
[[ 25.   7.  10.]
 [ 23.   4.   6.]
 [ 11.   6.   8.]]
cf_score, 16.0
nv_score, -18.0
ratio, 0.373737373737
