[[  0.  38.   0.]
 [  0.  30.   0.]
 [  0.  32.   0.]]
cf_score, 30.0
ratio, 0.30303030303
[[  0.  40.   0.]
 [  0.  30.   0.]
 [  0.  30.   0.]]
cf_score, 30.0
ratio, 0.30303030303
[[  0.  46.   0.]
 [  0.  22.   0.]
 [  0.  32.   0.]]
cf_score, 22.0
ratio, 0.222222222222
[[  0.  39.   0.]
 [  0.  29.   0.]
 [  0.  32.   0.]]
cf_score, 29.0
ratio, 0.292929292929
[[  0.  26.  16.]
 [  0.  23.   4.]
 [  0.  17.  14.]]
cf_score, 21.0
ratio, 0.373737373737
[[  0.  22.  19.]
 [  0.  16.  11.]
 [  0.  11.  21.]]
cf_score, 18.0
ratio, 0.373737373737
[[  0.  29.  13.]
 [  0.  15.  12.]
 [  0.  14.  17.]]
cf_score, 19.0
ratio, 0.323232323232
[[  0.  17.  17.]
 [  0.  20.  16.]
 [  0.  15.  15.]]
cf_score, 18.0
ratio, 0.353535353535
[[  0.  24.  17.]
 [  0.  16.   9.]
 [  0.  14.  20.]]
cf_score, 19.0
ratio, 0.363636363636
[[  0.  20.  16.]
 [  0.  19.  10.]
 [  0.  11.  24.]]
cf_score, 27.0
ratio, 0.434343434343
[[  0.  17.  13.]
 [  0.  26.   6.]
 [  0.  16.  22.]]
cf_score, 35.0
ratio, 0.484848484848
[[  0.  21.  24.]
 [  0.  16.   5.]
 [  0.   9.  25.]]
cf_score, 17.0
ratio, 0.414141414141
[[  0.  20.  13.]
 [  0.  23.  11.]
 [  0.  13.  20.]]
cf_score, 30.0
ratio, 0.434343434343
[[  0.  15.  25.]
 [  0.  16.   6.]
 [  0.  13.  25.]]
cf_score, 16.0
ratio, 0.414141414141
[[  0.  21.  15.]
 [  0.  19.   9.]
 [  2.  15.  19.]]
cf_score, 21.0
ratio, 0.383838383838
[[  1.  20.  15.]
 [  0.  19.   9.]
 [  2.  18.  16.]]
cf_score, 19.0
ratio, 0.363636363636
[[  2.  22.  12.]
 [  0.  19.  10.]
 [  4.  11.  20.]]
cf_score, 25.0
ratio, 0.414141414141
[[  2.  18.  11.]
 [  0.  20.   9.]
 [  4.  16.  20.]]
cf_score, 27.0
ratio, 0.424242424242
[[  3.  19.   8.]
 [  0.  23.  10.]
 [  2.  10.  25.]]
cf_score, 41.0
ratio, 0.515151515152
[[  4.  16.  22.]
 [  2.  21.   4.]
 [  2.  14.  15.]]
cf_score, 16.0
ratio, 0.40404040404
[[  4.  29.  14.]
 [  1.  14.   7.]
 [  1.  15.  15.]]
cf_score, 18.0
ratio, 0.333333333333
[[  4.  38.  12.]
 [  1.  14.   3.]
 [  2.  15.  11.]]
cf_score, 15.0
ratio, 0.292929292929
[[  1.  24.  11.]
 [  1.  24.   4.]
 [  2.  20.  13.]]
cf_score, 25.0
ratio, 0.383838383838
[[  2.  23.  10.]
 [  2.   7.   9.]
 [  0.  15.  32.]]
cf_score, 31.0
ratio, 0.414141414141
[[  3.  31.  18.]
 [  0.  15.  10.]
 [  1.   5.  17.]]
cf_score, 16.0
ratio, 0.353535353535
[[  4.  23.  20.]
 [  3.   9.   7.]
 [  4.  13.  17.]]
cf_score, 6.0
ratio, 0.30303030303
[[  2.  22.  12.]
 [  2.  11.  10.]
 [  2.  21.  18.]]
cf_score, 17.0
ratio, 0.313131313131
[[  3.  28.  16.]
 [  0.  11.  13.]
 [  3.  12.  14.]]
cf_score, 9.0
ratio, 0.282828282828
[[  4.  20.  14.]
 [  0.  21.   8.]
 [  3.  10.  20.]]
cf_score, 28.0
ratio, 0.454545454545
[[  2.  21.  14.]
 [  3.  11.   9.]
 [  8.  16.  16.]]
cf_score, 7.0
ratio, 0.292929292929
[[  3.  21.   7.]
 [  2.  18.  12.]
 [  6.  13.  18.]]
cf_score, 26.0
ratio, 0.393939393939
[[  7.  19.  10.]
 [  2.  17.  12.]
 [  1.  11.  21.]]
cf_score, 34.0
ratio, 0.454545454545
[[  7.  18.  10.]
 [  2.  16.   7.]
 [  3.  13.  24.]]
cf_score, 34.0
ratio, 0.474747474747
[[  9.  21.   8.]
 [  1.  15.   7.]
 [  1.  15.  23.]]
cf_score, 38.0
ratio, 0.474747474747
[[ 10.  27.  12.]
 [  0.  13.   4.]
 [  3.  16.  15.]]
cf_score, 23.0
ratio, 0.383838383838
[[  7.  30.  10.]
 [  1.  14.  10.]
 [  5.  13.  10.]]
cf_score, 16.0
ratio, 0.313131313131
[[  7.  20.  13.]
 [  2.  13.   6.]
 [  5.  13.  21.]]
cf_score, 23.0
ratio, 0.414141414141
[[  9.  23.   7.]
 [  1.  18.   4.]
 [  2.  13.  23.]]
cf_score, 41.0
ratio, 0.505050505051
[[ 10.  34.   9.]
 [  1.   8.   4.]
 [  5.   9.  20.]]
cf_score, 24.0
ratio, 0.383838383838
[[  8.  18.   9.]
 [  1.  18.   6.]
 [  3.  13.  24.]]
cf_score, 38.0
ratio, 0.505050505051
[[ 13.  14.   5.]
 [  0.  21.  14.]
 [  3.  14.  16.]]
cf_score, 42.0
ratio, 0.505050505051
[[ 12.  27.   8.]
 [  3.  17.   4.]
 [  5.  10.  14.]]
cf_score, 30.0
ratio, 0.434343434343
[[  6.  17.   7.]
 [  3.  22.   8.]
 [  6.  12.  19.]]
cf_score, 34.0
ratio, 0.474747474747
[[  9.  15.  17.]
 [  1.  16.  10.]
 [  4.  11.  17.]]
cf_score, 21.0
ratio, 0.424242424242
[[ 13.  19.  11.]
 [  2.  17.   7.]
 [  2.  17.  12.]]
cf_score, 29.0
ratio, 0.424242424242
[[  3.  19.   9.]
 [  2.  24.   3.]
 [  2.  18.  20.]]
cf_score, 36.0
ratio, 0.474747474747
[[  7.  23.   7.]
 [  3.  13.   4.]
 [  7.  16.  20.]]
cf_score, 26.0
ratio, 0.40404040404
[[  6.  17.  12.]
 [  4.  19.  10.]
 [  5.  10.  17.]]
cf_score, 25.0
ratio, 0.424242424242
[[  9.  22.   5.]
 [  9.  15.   9.]
 [  4.  13.  14.]]
cf_score, 29.0
ratio, 0.383838383838
[[  4.  17.   8.]
 [  7.  15.   4.]
 [  4.  18.  23.]]
cf_score, 30.0
ratio, 0.424242424242
[[  6.  21.   9.]
 [  2.  18.   9.]
 [  4.  15.  16.]]
cf_score, 27.0
ratio, 0.40404040404
[[  4.  16.   8.]
 [  9.  13.  10.]
 [  2.  18.  20.]]
cf_score, 27.0
ratio, 0.373737373737
[[ 13.  21.  12.]
 [  2.  15.   4.]
 [  5.  13.  15.]]
cf_score, 26.0
ratio, 0.434343434343
[[ 12.  19.   8.]
 [  9.  18.   6.]
 [  4.  11.  13.]]
cf_score, 31.0
ratio, 0.434343434343
[[  5.  25.   7.]
 [  1.  17.   9.]
 [  4.  10.  22.]]
cf_score, 33.0
ratio, 0.444444444444
[[ 11.  20.   8.]
 [  1.  15.   6.]
 [ 10.  11.  18.]]
cf_score, 26.0
ratio, 0.444444444444
[[  6.  13.  22.]
 [  6.  14.   7.]
 [  4.  10.  18.]]
cf_score, 12.0
ratio, 0.383838383838
[[ 12.  20.  10.]
 [  4.  21.   4.]
 [  6.  12.  11.]]
cf_score, 28.0
ratio, 0.444444444444
[[  8.  26.   6.]
 [  2.  13.  12.]
 [  2.  12.  19.]]
cf_score, 32.0
ratio, 0.40404040404
[[  3.  26.   5.]
 [ 10.  15.   7.]
 [  6.   8.  20.]]
cf_score, 27.0
ratio, 0.383838383838
[[  9.  23.  10.]
 [  1.  18.   5.]
 [  8.  12.  14.]]
cf_score, 23.0
ratio, 0.414141414141
[[  9.  22.  11.]
 [  8.  11.   7.]
 [  1.  14.  17.]]
cf_score, 25.0
ratio, 0.373737373737
[[  4.  18.  11.]
 [  5.  10.   6.]
 [ 13.  11.  22.]]
cf_score, 12.0
ratio, 0.363636363636
[[ 10.  27.  12.]
 [  2.  16.   9.]
 [  8.   8.   8.]]
cf_score, 14.0
ratio, 0.343434343434
[[  9.  19.   7.]
 [  6.  12.   3.]
 [  4.  17.  23.]]
cf_score, 33.0
ratio, 0.444444444444
[[ 14.  25.   4.]
 [  3.  15.   4.]
 [  7.   8.  20.]]
cf_score, 38.0
ratio, 0.494949494949
[[ 10.  20.   8.]
 [  3.  22.   3.]
 [  7.  11.  16.]]
cf_score, 33.0
ratio, 0.484848484848
[[ 11.  17.  10.]
 [  7.  15.   6.]
 [  6.  10.  18.]]
cf_score, 28.0
ratio, 0.444444444444
[[  9.  14.  11.]
 [  4.  15.  10.]
 [  8.  13.  16.]]
cf_score, 21.0
ratio, 0.40404040404
[[  9.  16.  14.]
 [  4.  18.   6.]
 [ 10.  11.  12.]]
cf_score, 15.0
ratio, 0.393939393939
[[  9.  21.   9.]
 [  4.  16.   5.]
 [ 10.  14.  12.]]
cf_score, 18.0
ratio, 0.373737373737
[[  8.  21.   7.]
 [  4.  18.   7.]
 [  4.  12.  19.]]
cf_score, 34.0
ratio, 0.454545454545
[[  7.  26.  13.]
 [  3.  18.   3.]
 [  8.   9.  13.]]
cf_score, 17.0
ratio, 0.383838383838
[[  6.  16.  11.]
 [  4.  14.   5.]
 [ 10.  14.  20.]]
cf_score, 19.0
ratio, 0.40404040404
[[  8.  25.  11.]
 [  3.  14.   3.]
 [  8.   9.  19.]]
cf_score, 22.0
ratio, 0.414141414141
[[ 13.  16.  12.]
 [  1.  20.   4.]
 [  8.  11.  15.]]
cf_score, 28.0
ratio, 0.484848484848
[[  8.  12.  12.]
 [  4.  15.   7.]
 [ 10.  16.  16.]]
cf_score, 17.0
ratio, 0.393939393939
[[ 11.  23.   8.]
 [  1.  16.   3.]
 [  8.  12.  18.]]
cf_score, 29.0
ratio, 0.454545454545
[[ 10.  16.   8.]
 [  3.  23.   9.]
 [ 10.   8.  13.]]
cf_score, 28.0
ratio, 0.464646464646
[[ 11.  18.  13.]
 [  3.  12.   5.]
 [  3.  14.  21.]]
cf_score, 28.0
ratio, 0.444444444444
[[  7.  18.   8.]
 [  8.  16.   4.]
 [ 13.  15.  11.]]
cf_score, 13.0
ratio, 0.343434343434
[[ 13.  16.   7.]
 [  4.  18.   6.]
 [  9.  16.  11.]]
cf_score, 26.0
ratio, 0.424242424242
[[ 11.  20.  10.]
 [  9.  22.   5.]
 [  4.   8.  11.]]
cf_score, 30.0
ratio, 0.444444444444
[[ 18.  15.   9.]
 [  5.  16.   3.]
 [ 14.  13.   7.]]
cf_score, 18.0
ratio, 0.414141414141
[[  6.  20.   6.]
 [  4.  19.  10.]
 [  8.   6.  21.]]
cf_score, 32.0
ratio, 0.464646464646
[[  9.  18.   7.]
 [ 13.  12.   5.]
 [  5.  13.  18.]]
cf_score, 27.0
ratio, 0.393939393939
[[ 10.  21.   8.]
 [  5.  17.   8.]
 [  6.  13.  12.]]
cf_score, 25.0
ratio, 0.393939393939
[[  8.  21.   7.]
 [  8.  15.   5.]
 [ 10.  11.  15.]]
cf_score, 21.0
ratio, 0.383838383838
[[ 13.  17.   7.]
 [  7.  19.   5.]
 [ 11.  10.  11.]]
cf_score, 25.0
ratio, 0.434343434343
[[ 14.  24.   4.]
 [  6.  12.   5.]
 [  9.  13.  13.]]
cf_score, 26.0
ratio, 0.393939393939
[[  9.  26.   4.]
 [  7.  12.   6.]
 [  7.  15.  14.]]
cf_score, 24.0
ratio, 0.353535353535
[[ 10.  15.   5.]
 [  7.  19.   4.]
 [ 10.  14.  16.]]
cf_score, 30.0
ratio, 0.454545454545
[[ 10.  22.   5.]
 [  5.  15.   5.]
 [  5.  20.  13.]]
cf_score, 28.0
ratio, 0.383838383838
[[ 13.  25.  10.]
 [  6.   9.   2.]
 [  8.  12.  15.]]
cf_score, 19.0
ratio, 0.373737373737
[[ 11.  27.   4.]
 [  8.  13.   3.]
 [  5.  16.  13.]]
cf_score, 28.0
ratio, 0.373737373737
[[  8.  22.   4.]
 [ 10.  11.   4.]
 [  5.  21.  15.]]
cf_score, 25.0
ratio, 0.343434343434
[[ 11.  18.   6.]
 [  9.  13.   2.]
 [  9.  13.  19.]]
cf_score, 28.0
ratio, 0.434343434343
[[ 16.  22.   6.]
 [  6.  13.   5.]
 [  9.  12.  11.]]
cf_score, 25.0
ratio, 0.40404040404
[[ 10.  17.   8.]
 [  9.  13.   4.]
 [  4.  17.  18.]]
cf_score, 29.0
ratio, 0.414141414141
[[ 14.  24.   5.]
 [  5.  17.   3.]
 [  4.  14.  14.]]
cf_score, 36.0
ratio, 0.454545454545
