[[  0.  17.  18.]
 [  4.  24.   6.]
 [  1.  12.  18.]]
cf_score, 23.0
nv_score, -24.0
ratio, 0.424242424242
[[  2.  16.  15.]
 [  1.  24.   6.]
 [  0.  12.  24.]]
cf_score, 35.0
nv_score, -12.0
ratio, 0.505050505051
[[  4.  13.  12.]
 [  2.  27.   2.]
 [  3.  12.  25.]]
cf_score, 41.0
nv_score, -1.0
ratio, 0.565656565657
[[  4.  19.  15.]
 [  7.  26.   2.]
 [  1.   7.  19.]]
cf_score, 33.0
nv_score, -13.0
ratio, 0.494949494949
[[  6.  16.  12.]
 [ 10.  15.   9.]
 [  4.   7.  21.]]
cf_score, 26.0
nv_score, -12.0
ratio, 0.424242424242
[[  4.  12.   7.]
 [ 10.  22.  10.]
 [  8.   7.  20.]]
cf_score, 31.0
nv_score, -4.0
ratio, 0.464646464646
[[  5.  13.  10.]
 [  6.  32.   8.]
 [  6.   4.  16.]]
cf_score, 37.0
nv_score, -12.0
ratio, 0.535353535354
[[  4.  17.  12.]
 [  4.  22.   2.]
 [  7.   9.  23.]]
cf_score, 30.0
nv_score, -3.0
ratio, 0.494949494949
[[ 12.  16.   8.]
 [  8.  22.   2.]
 [ 10.   8.  14.]]
cf_score, 30.0
nv_score, -4.0
ratio, 0.484848484848
[[  6.  20.   4.]
 [  8.  24.   4.]
 [ 10.   8.  16.]]
cf_score, 32.0
nv_score, 4.0
ratio, 0.464646464646
[[  5.  17.   4.]
 [ 15.  24.   5.]
 [  4.   6.  20.]]
cf_score, 41.0
nv_score, 7.0
ratio, 0.494949494949
[[ 19.  17.   4.]
 [  4.  30.   3.]
 [  1.   5.  17.]]
cf_score, 61.0
nv_score, 6.0
ratio, 0.666666666667
[[ 14.  17.   6.]
 [  9.  18.   7.]
 [  4.   5.  20.]]
cf_score, 42.0
nv_score, 1.0
ratio, 0.525252525253
[[ 17.  13.   7.]
 [  4.  18.   4.]
 [  5.  10.  22.]]
cf_score, 45.0
nv_score, 4.0
ratio, 0.575757575758
[[ 12.   9.  10.]
 [ 13.  16.   9.]
 [ 12.   6.  13.]]
cf_score, 19.0
nv_score, -16.0
ratio, 0.414141414141
[[ 11.  16.   3.]
 [  9.  31.   2.]
 [  6.   7.  15.]]
cf_score, 48.0
nv_score, 7.0
ratio, 0.575757575758
[[  8.  15.   4.]
 [ 16.  20.   8.]
 [  8.   6.  15.]]
cf_score, 31.0
nv_score, -1.0
ratio, 0.434343434343
[[  9.  16.   8.]
 [  4.  23.   4.]
 [  8.   8.  20.]]
cf_score, 36.0
nv_score, 0.0
ratio, 0.525252525253
[[ 13.  11.   9.]
 [  7.  21.   0.]
 [  6.   6.  27.]]
cf_score, 46.0
nv_score, 9.0
ratio, 0.616161616162
[[ 10.  14.   4.]
 [ 11.  22.   8.]
 [  4.   7.  20.]]
cf_score, 44.0
nv_score, 4.0
ratio, 0.525252525253
[[ 17.  12.   5.]
 [  7.  18.   4.]
 [ 10.   9.  18.]]
cf_score, 38.0
nv_score, 4.0
ratio, 0.535353535354
[[ 12.  12.   9.]
 [ 10.  20.   5.]
 [  8.   6.  18.]]
cf_score, 33.0
nv_score, -5.0
ratio, 0.505050505051
[[  9.  20.   6.]
 [ 10.  21.   2.]
 [  6.   8.  18.]]
cf_score, 36.0
nv_score, 4.0
ratio, 0.484848484848
[[ 12.  17.   6.]
 [  8.  32.   1.]
 [  7.   4.  13.]]
cf_score, 44.0
nv_score, 0.0
ratio, 0.575757575758
[[ 14.  11.   7.]
 [  7.  19.   6.]
 [  6.   7.  23.]]
cf_score, 43.0
nv_score, 3.0
ratio, 0.565656565657
[[  8.  22.   9.]
 [ 13.  14.   5.]
 [  6.   4.  19.]]
cf_score, 26.0
nv_score, -4.0
ratio, 0.414141414141
[[ 16.  14.   6.]
 [  9.  19.   3.]
 [ 10.   7.  16.]]
cf_score, 35.0
nv_score, 1.0
ratio, 0.515151515152
[[  5.  15.   4.]
 [ 13.  22.   5.]
 [ 10.  11.  15.]]
cf_score, 28.0
nv_score, 2.0
ratio, 0.424242424242
[[ 15.  14.   7.]
 [  9.  17.   7.]
 [  5.   7.  19.]]
cf_score, 39.0
nv_score, -2.0
ratio, 0.515151515152
[[ 14.  12.  11.]
 [ 14.  11.   4.]
 [  5.  11.  18.]]
cf_score, 27.0
nv_score, -8.0
ratio, 0.434343434343
[[ 12.  13.   4.]
 [  7.  26.   2.]
 [  9.   7.  20.]]
cf_score, 45.0
nv_score, 10.0
ratio, 0.585858585859
[[ 16.  12.   4.]
 [  8.  22.   5.]
 [  6.   7.  20.]]
cf_score, 48.0
nv_score, 7.0
ratio, 0.585858585859
[[ 12.  11.   5.]
 [ 19.  14.   4.]
 [  9.   7.  19.]]
cf_score, 31.0
nv_score, 5.0
ratio, 0.454545454545
[[  9.  15.   3.]
 [  6.  22.   4.]
 [ 11.  10.  20.]]
cf_score, 37.0
nv_score, 10.0
ratio, 0.515151515152
[[  9.  21.   2.]
 [ 11.  23.   4.]
 [  8.   6.  16.]]
cf_score, 38.0
nv_score, 8.0
ratio, 0.484848484848
[[ 14.  22.   4.]
 [  9.  23.   4.]
 [  3.   3.  18.]]
cf_score, 48.0
nv_score, 6.0
ratio, 0.555555555556
[[ 11.  16.   5.]
 [  9.  23.   4.]
 [  6.   7.  19.]]
cf_score, 42.0
nv_score, 5.0
ratio, 0.535353535354
[[ 11.  18.   5.]
 [ 10.  22.   5.]
 [  6.   6.  17.]]
cf_score, 39.0
nv_score, 2.0
ratio, 0.505050505051
[[ 11.  14.  11.]
 [  8.  14.   7.]
 [  7.   7.  21.]]
cf_score, 28.0
nv_score, -8.0
ratio, 0.464646464646
[[ 15.  18.   3.]
 [  9.  20.   7.]
 [  1.  10.  17.]]
cf_score, 48.0
nv_score, 4.0
ratio, 0.525252525253
[[  8.  19.   9.]
 [  5.  26.   3.]
 [  7.   6.  17.]]
cf_score, 35.0
nv_score, -4.0
ratio, 0.515151515152
[[ 11.  19.   8.]
 [ 11.  21.   2.]
 [  8.   5.  15.]]
cf_score, 31.0
nv_score, -3.0
ratio, 0.474747474747
[[ 15.   7.   6.]
 [  8.  22.   1.]
 [  8.  10.  23.]]
cf_score, 46.0
nv_score, 10.0
ratio, 0.606060606061
[[  8.  15.  11.]
 [ 10.  18.   2.]
 [  4.   8.  24.]]
cf_score, 35.0
nv_score, 0.0
ratio, 0.505050505051
[[ 15.  18.   4.]
 [  8.  22.   6.]
 [  5.   5.  17.]]
cf_score, 45.0
nv_score, 3.0
ratio, 0.545454545455
[[  9.  13.   2.]
 [  9.  24.   3.]
 [  7.   9.  24.]]
cf_score, 48.0
nv_score, 17.0
ratio, 0.575757575758
[[  9.  18.   3.]
 [ 12.  26.   1.]
 [  9.   9.  13.]]
cf_score, 36.0
nv_score, 6.0
ratio, 0.484848484848
[[ 10.  13.   6.]
 [ 16.  19.   5.]
 [  9.   4.  18.]]
cf_score, 32.0
nv_score, 1.0
ratio, 0.474747474747
[[ 24.  12.   8.]
 [ 10.  18.   7.]
 [  5.   5.  11.]]
cf_score, 40.0
nv_score, -12.0
ratio, 0.535353535354
[[  8.  13.   5.]
 [ 13.  16.   3.]
 [  8.   7.  27.]]
cf_score, 38.0
nv_score, 14.0
ratio, 0.515151515152
