[[  0.  27.   0.]
 [  0.  32.   0.]
 [  0.  41.   0.]]
cf_score, 32.0
ratio, 0.323232323232
[[  0.  29.   0.]
 [  0.  34.   0.]
 [  0.  37.   0.]]
cf_score, 34.0
ratio, 0.343434343434
[[  0.  21.   0.]
 [  0.  40.   0.]
 [  0.  39.   0.]]
cf_score, 40.0
ratio, 0.40404040404
[[  0.  37.   0.]
 [  0.  32.   0.]
 [  0.  31.   0.]]
cf_score, 32.0
ratio, 0.323232323232
[[  0.  36.   0.]
 [  0.  25.   0.]
 [  0.  39.   0.]]
cf_score, 25.0
ratio, 0.252525252525
[[  0.  30.   0.]
 [  0.  31.   0.]
 [  0.  39.   0.]]
cf_score, 31.0
ratio, 0.313131313131
[[ 30.   0.   0.]
 [ 36.   0.   0.]
 [ 34.   0.   0.]]
cf_score, -4.0
ratio, 0.30303030303
[[  0.  32.   0.]
 [  0.  33.   0.]
 [  0.  35.   0.]]
cf_score, 33.0
ratio, 0.333333333333
[[  0.  32.   0.]
 [  0.  28.   0.]
 [  0.  40.   0.]]
cf_score, 28.0
ratio, 0.282828282828
[[  0.  31.   0.]
 [  0.  40.   0.]
 [  0.  29.   0.]]
cf_score, 40.0
ratio, 0.40404040404
[[ 32.   0.   0.]
 [ 38.   0.   0.]
 [ 30.   0.   0.]]
cf_score, 2.0
ratio, 0.323232323232
[[  0.  36.   0.]
 [  0.  34.   0.]
 [  0.  30.   0.]]
cf_score, 34.0
ratio, 0.343434343434
[[ 25.   0.   0.]
 [ 34.   0.   0.]
 [ 41.   0.   0.]]
cf_score, -16.0
ratio, 0.252525252525
[[ 23.   0.   0.]
 [ 31.   0.   0.]
 [ 46.   0.   0.]]
cf_score, -23.0
ratio, 0.232323232323
[[ 32.   0.   0.]
 [ 29.   0.   0.]
 [ 39.   0.   0.]]
cf_score, -7.0
ratio, 0.323232323232
[[ 33.   0.   0.]
 [ 30.   0.   0.]
 [ 37.   0.   0.]]
cf_score, -4.0
ratio, 0.333333333333
[[  0.  30.   0.]
 [  0.  36.   0.]
 [  0.  34.   0.]]
cf_score, 36.0
ratio, 0.363636363636
[[ 32.   0.   0.]
 [ 27.   0.   0.]
 [ 41.   0.   0.]]
cf_score, -9.0
ratio, 0.323232323232
[[ 29.   0.   0.]
 [ 36.   0.   0.]
 [ 35.   0.   0.]]
cf_score, -6.0
ratio, 0.292929292929
[[  0.  30.   0.]
 [  0.  35.   0.]
 [  0.  35.   0.]]
cf_score, 35.0
ratio, 0.353535353535
[[  0.  28.   0.]
 [  0.  31.   0.]
 [  0.  41.   0.]]
cf_score, 31.0
ratio, 0.313131313131
[[ 31.   0.   0.]
 [ 38.   0.   0.]
 [ 31.   0.   0.]]
cf_score, 0.0
ratio, 0.313131313131
[[ 24.   0.   0.]
 [ 42.   0.   0.]
 [ 34.   0.   0.]]
cf_score, -10.0
ratio, 0.242424242424
[[  0.  31.   0.]
 [  0.  33.   0.]
 [  0.  36.   0.]]
cf_score, 33.0
ratio, 0.333333333333
[[ 21.   0.   0.]
 [ 40.   0.   0.]
 [ 39.   0.   0.]]
cf_score, -18.0
ratio, 0.212121212121
[[ 33.   0.   0.]
 [ 34.   0.   0.]
 [ 33.   0.   0.]]
cf_score, 0.0
ratio, 0.333333333333
[[ 30.   0.   0.]
 [ 34.   0.   0.]
 [ 36.   0.   0.]]
cf_score, -6.0
ratio, 0.30303030303
[[ 24.   0.   0.]
 [ 31.   0.   0.]
 [ 45.   0.   0.]]
cf_score, -21.0
ratio, 0.242424242424
[[ 28.   0.   0.]
 [ 37.   0.   0.]
 [ 35.   0.   0.]]
cf_score, -7.0
ratio, 0.282828282828
[[ 29.   0.   0.]
 [ 33.   0.   0.]
 [ 38.   0.   0.]]
cf_score, -9.0
ratio, 0.292929292929
[[  0.  25.   0.]
 [  0.  36.   0.]
 [  0.  39.   0.]]
cf_score, 36.0
ratio, 0.363636363636
[[ 30.   0.   0.]
 [ 28.   0.   0.]
 [ 42.   0.   0.]]
cf_score, -12.0
ratio, 0.30303030303
[[  0.  35.   0.]
 [  0.  34.   0.]
 [  0.  31.   0.]]
cf_score, 34.0
ratio, 0.343434343434
[[ 32.   0.   0.]
 [ 30.   0.   0.]
 [ 38.   0.   0.]]
cf_score, -6.0
ratio, 0.323232323232
[[ 26.   0.   0.]
 [ 31.   0.   0.]
 [ 43.   0.   0.]]
cf_score, -17.0
ratio, 0.262626262626
[[  0.  39.   0.]
 [  0.  26.   0.]
 [  0.  35.   0.]]
cf_score, 26.0
ratio, 0.262626262626
[[ 33.   0.   0.]
 [ 29.   0.   0.]
 [ 38.   0.   0.]]
cf_score, -5.0
ratio, 0.333333333333
[[ 33.   0.   0.]
 [ 36.   0.   0.]
 [ 31.   0.   0.]]
cf_score, 2.0
ratio, 0.333333333333
[[ 30.   0.   0.]
 [ 36.   0.   0.]
 [ 34.   0.   0.]]
cf_score, -4.0
ratio, 0.30303030303
[[ 31.   0.   0.]
 [ 37.   0.   0.]
 [ 32.   0.   0.]]
cf_score, -1.0
ratio, 0.313131313131
[[ 25.   0.   0.]
 [ 38.   0.   0.]
 [ 37.   0.   0.]]
cf_score, -12.0
ratio, 0.252525252525
[[ 26.   0.   0.]
 [ 43.   0.   0.]
 [ 31.   0.   0.]]
cf_score, -5.0
ratio, 0.262626262626
[[ 38.   0.   0.]
 [ 26.   0.   0.]
 [ 36.   0.   0.]]
cf_score, 2.0
ratio, 0.383838383838
[[ 25.   0.   0.]
 [ 30.   0.   0.]
 [ 45.   0.   0.]]
cf_score, -20.0
ratio, 0.252525252525
[[ 33.   0.   0.]
 [ 28.   0.   0.]
 [ 39.   0.   0.]]
cf_score, -6.0
ratio, 0.333333333333
[[  0.  35.   0.]
 [  0.  28.   0.]
 [  0.  37.   0.]]
cf_score, 28.0
ratio, 0.282828282828
[[ 32.   0.   0.]
 [ 34.   0.   0.]
 [ 34.   0.   0.]]
cf_score, -2.0
ratio, 0.323232323232
[[  0.  29.   0.]
 [  0.  37.   0.]
 [  0.  34.   0.]]
cf_score, 37.0
ratio, 0.373737373737
[[ 30.   0.   0.]
 [ 33.   0.   0.]
 [ 37.   0.   0.]]
cf_score, -7.0
ratio, 0.30303030303
[[ 42.   0.   0.]
 [ 30.   0.   0.]
 [ 28.   0.   0.]]
cf_score, 14.0
ratio, 0.424242424242
[[ 35.   0.   0.]
 [ 34.   0.   0.]
 [ 31.   0.   0.]]
cf_score, 4.0
ratio, 0.353535353535
[[  0.  34.   0.]
 [  0.  24.   0.]
 [  0.  42.   0.]]
cf_score, 24.0
ratio, 0.242424242424
[[  0.  25.   0.]
 [  0.  34.   0.]
 [  0.  41.   0.]]
cf_score, 34.0
ratio, 0.343434343434
[[ 28.   0.   0.]
 [ 25.   0.   0.]
 [ 47.   0.   0.]]
cf_score, -19.0
ratio, 0.282828282828
[[  0.  22.   0.]
 [  0.  27.   0.]
 [  0.  51.   0.]]
cf_score, 27.0
ratio, 0.272727272727
[[  0.  29.   0.]
 [  0.  30.   0.]
 [  0.  41.   0.]]
cf_score, 30.0
ratio, 0.30303030303
[[  0.  39.   0.]
 [  0.  26.   0.]
 [  0.  35.   0.]]
cf_score, 26.0
ratio, 0.262626262626
[[ 36.   0.   0.]
 [ 32.   0.   0.]
 [ 32.   0.   0.]]
cf_score, 4.0
ratio, 0.363636363636
[[ 32.   0.   0.]
 [ 31.   0.   0.]
 [ 37.   0.   0.]]
cf_score, -5.0
ratio, 0.323232323232
[[  0.  29.   0.]
 [  0.  33.   0.]
 [  0.  38.   0.]]
cf_score, 33.0
ratio, 0.333333333333
[[  0.  30.   0.]
 [  0.  32.   0.]
 [  0.  38.   0.]]
cf_score, 32.0
ratio, 0.323232323232
[[  0.  37.   0.]
 [  0.  30.   0.]
 [  0.  33.   0.]]
cf_score, 30.0
ratio, 0.30303030303
[[ 36.   0.   0.]
 [ 30.   0.   0.]
 [ 34.   0.   0.]]
cf_score, 2.0
ratio, 0.363636363636
[[ 28.   0.   0.]
 [ 42.   0.   0.]
 [ 30.   0.   0.]]
cf_score, -2.0
ratio, 0.282828282828
[[  0.  36.   0.]
 [  0.  37.   0.]
 [  0.  27.   0.]]
cf_score, 37.0
ratio, 0.373737373737
[[ 20.   0.   0.]
 [ 48.   0.   0.]
 [ 32.   0.   0.]]
cf_score, -12.0
ratio, 0.20202020202
[[  0.  35.   0.]
 [  0.  26.   0.]
 [  0.  39.   0.]]
cf_score, 26.0
ratio, 0.262626262626
[[  0.  26.   0.]
 [  0.  36.   0.]
 [  0.  38.   0.]]
cf_score, 36.0
ratio, 0.363636363636
[[ 31.   0.   0.]
 [ 38.   0.   0.]
 [ 31.   0.   0.]]
cf_score, 0.0
ratio, 0.313131313131
[[  0.  32.   0.]
 [  0.  29.   0.]
 [  0.  39.   0.]]
cf_score, 29.0
ratio, 0.292929292929
[[  0.  36.   0.]
 [  0.  27.   0.]
 [  0.  37.   0.]]
cf_score, 27.0
ratio, 0.272727272727
[[ 29.   0.   0.]
 [ 36.   0.   0.]
 [ 35.   0.   0.]]
cf_score, -6.0
ratio, 0.292929292929
[[ 35.   0.   0.]
 [ 28.   0.   0.]
 [ 37.   0.   0.]]
cf_score, -2.0
ratio, 0.353535353535
[[  0.  26.   0.]
 [  0.  38.   0.]
 [  0.  36.   0.]]
cf_score, 38.0
ratio, 0.383838383838
[[ 28.   0.   0.]
 [ 34.   0.   0.]
 [ 38.   0.   0.]]
cf_score, -10.0
ratio, 0.282828282828
[[ 29.   0.   0.]
 [ 35.   0.   0.]
 [ 36.   0.   0.]]
cf_score, -7.0
ratio, 0.292929292929
[[ 21.   0.   0.]
 [ 37.   0.   0.]
 [ 42.   0.   0.]]
cf_score, -21.0
ratio, 0.212121212121
[[  0.  31.   0.]
 [  0.  35.   0.]
 [  0.  34.   0.]]
cf_score, 35.0
ratio, 0.353535353535
[[  0.  40.   0.]
 [  0.  28.   0.]
 [  0.  32.   0.]]
cf_score, 28.0
ratio, 0.282828282828
[[  0.  30.   0.]
 [  0.  32.   0.]
 [  0.  38.   0.]]
cf_score, 32.0
ratio, 0.323232323232
[[  0.  35.   0.]
 [  0.  26.   0.]
 [  0.  39.   0.]]
cf_score, 26.0
ratio, 0.262626262626
[[  0.  38.   0.]
 [  0.  38.   0.]
 [  0.  24.   0.]]
cf_score, 38.0
ratio, 0.383838383838
[[ 30.   0.   0.]
 [ 32.   0.   0.]
 [ 38.   0.   0.]]
cf_score, -8.0
ratio, 0.30303030303
[[  0.  26.   0.]
 [  0.  38.   0.]
 [  0.  36.   0.]]
cf_score, 38.0
ratio, 0.383838383838
[[ 26.   0.   0.]
 [ 39.   0.   0.]
 [ 35.   0.   0.]]
cf_score, -9.0
ratio, 0.262626262626
[[ 23.   0.   0.]
 [ 41.   0.   0.]
 [ 36.   0.   0.]]
cf_score, -13.0
ratio, 0.232323232323
[[  0.  34.   0.]
 [  0.  35.   0.]
 [  0.  31.   0.]]
cf_score, 35.0
ratio, 0.353535353535
[[  0.  20.   0.]
 [  0.  41.   0.]
 [  0.  39.   0.]]
cf_score, 41.0
ratio, 0.414141414141
[[ 28.   0.   0.]
 [ 31.   0.   0.]
 [ 41.   0.   0.]]
cf_score, -13.0
ratio, 0.282828282828
[[ 37.   0.   0.]
 [ 27.   0.   0.]
 [ 36.   0.   0.]]
cf_score, 1.0
ratio, 0.373737373737
[[  0.  21.   0.]
 [  0.  27.   0.]
 [  0.  52.   0.]]
cf_score, 27.0
ratio, 0.272727272727
[[ 34.   0.   0.]
 [ 34.   0.   0.]
 [ 32.   0.   0.]]
cf_score, 2.0
ratio, 0.343434343434
[[  0.  29.   0.]
 [  0.  32.   0.]
 [  0.  39.   0.]]
cf_score, 32.0
ratio, 0.323232323232
[[ 32.   0.   0.]
 [ 36.   0.   0.]
 [ 32.   0.   0.]]
cf_score, 0.0
ratio, 0.323232323232
[[ 27.   0.   0.]
 [ 33.   0.   0.]
 [ 40.   0.   0.]]
cf_score, -13.0
ratio, 0.272727272727
[[ 26.   0.   0.]
 [ 35.   0.   0.]
 [ 39.   0.   0.]]
cf_score, -13.0
ratio, 0.262626262626
[[ 35.   0.   0.]
 [ 27.   0.   0.]
 [ 38.   0.   0.]]
cf_score, -3.0
ratio, 0.353535353535
[[  0.  32.   0.]
 [  0.  30.   0.]
 [  0.  38.   0.]]
cf_score, 30.0
ratio, 0.30303030303
[[  0.  23.   0.]
 [  0.  34.   0.]
 [  0.  43.   0.]]
cf_score, 34.0
ratio, 0.343434343434
[[  0.  29.   0.]
 [  0.  47.   0.]
 [  0.  24.   0.]]
cf_score, 47.0
ratio, 0.474747474747
