[[  0.   0.  32.]
 [  0.   0.  37.]
 [  0.   0.  31.]]
cf_score, -1.0
ratio, 0.313131313131
[[  0.  32.   0.]
 [  0.  33.   0.]
 [  0.  35.   0.]]
cf_score, 33.0
ratio, 0.333333333333
[[  0.   0.  30.]
 [  0.   0.  38.]
 [  0.   0.  32.]]
cf_score, 2.0
ratio, 0.323232323232
[[  0.   0.  37.]
 [  0.   0.  32.]
 [  0.   0.  31.]]
cf_score, -6.0
ratio, 0.313131313131
[[  0.  33.   0.]
 [  0.  30.   0.]
 [  0.  37.   0.]]
cf_score, 30.0
ratio, 0.30303030303
[[ 33.   0.   0.]
 [ 29.   0.   0.]
 [ 38.   0.   0.]]
cf_score, -5.0
ratio, 0.333333333333
[[  0.   0.  39.]
 [  0.   0.  29.]
 [  0.   0.  32.]]
cf_score, -7.0
ratio, 0.323232323232
[[  0.   0.  32.]
 [  0.   0.  36.]
 [  0.   0.  32.]]
cf_score, 0.0
ratio, 0.323232323232
[[  0.   0.  44.]
 [  0.   0.  30.]
 [  0.   0.  26.]]
cf_score, -18.0
ratio, 0.262626262626
[[  0.  29.   0.]
 [  0.  36.   0.]
 [  0.  35.   0.]]
cf_score, 36.0
ratio, 0.363636363636
[[  0.   0.  40.]
 [  0.   0.  28.]
 [  0.   0.  32.]]
cf_score, -8.0
ratio, 0.323232323232
[[  0.   0.  34.]
 [  0.   0.  37.]
 [  0.   0.  29.]]
cf_score, -5.0
ratio, 0.292929292929
[[  0.   0.  34.]
 [  0.   0.  35.]
 [  0.   0.  31.]]
cf_score, -3.0
ratio, 0.313131313131
[[  0.   0.  34.]
 [  0.   0.  32.]
 [  0.   0.  34.]]
cf_score, 0.0
ratio, 0.343434343434
[[  0.   0.  32.]
 [  0.   0.  33.]
 [  0.   0.  35.]]
cf_score, 3.0
ratio, 0.353535353535
[[  0.   0.  34.]
 [  0.   0.  29.]
 [  0.   0.  37.]]
cf_score, 3.0
ratio, 0.373737373737
[[ 19.  13.   2.]
 [ 18.  18.   1.]
 [  6.  20.   3.]]
cf_score, 32.0
ratio, 0.40404040404
[[ 23.   0.   8.]
 [ 12.   0.  24.]
 [ 11.   0.  22.]]
cf_score, 26.0
ratio, 0.454545454545
[[ 21.   0.  13.]
 [ 10.   0.  19.]
 [  8.   3.  26.]]
cf_score, 26.0
ratio, 0.474747474747
[[ 14.   1.  27.]
 [  4.   1.  18.]
 [  6.   0.  29.]]
cf_score, 11.0
ratio, 0.444444444444
[[ 23.   1.  14.]
 [ 11.   0.  26.]
 [ 10.   1.  14.]]
cf_score, 13.0
ratio, 0.373737373737
[[ 19.   3.  17.]
 [  7.   2.  24.]
 [  5.   3.  20.]]
cf_score, 19.0
ratio, 0.414141414141
[[ 11.   3.  14.]
 [  9.   3.  25.]
 [  5.   1.  29.]]
cf_score, 24.0
ratio, 0.434343434343
[[ 19.   3.  24.]
 [  9.   2.  12.]
 [ 12.   1.  18.]]
cf_score, 3.0
ratio, 0.393939393939
[[ 19.   2.   9.]
 [ 14.   4.  16.]
 [  6.   0.  30.]]
cf_score, 38.0
ratio, 0.535353535354
[[ 23.   1.  10.]
 [ 23.   2.   5.]
 [ 15.   3.  18.]]
cf_score, 18.0
ratio, 0.434343434343
[[ 19.   4.   9.]
 [ 17.   2.  13.]
 [ 11.   6.  19.]]
cf_score, 20.0
ratio, 0.40404040404
[[ 25.   1.  13.]
 [ 15.   1.   8.]
 [ 13.   2.  22.]]
cf_score, 22.0
ratio, 0.484848484848
[[ 18.   0.  18.]
 [ 17.   0.  12.]
 [ 11.   0.  24.]]
cf_score, 13.0
ratio, 0.424242424242
[[ 29.   3.  15.]
 [  9.   5.   8.]
 [ 12.   4.  15.]]
cf_score, 22.0
ratio, 0.494949494949
[[ 25.   4.   8.]
 [ 13.   7.  10.]
 [ 13.   4.  16.]]
cf_score, 27.0
ratio, 0.484848484848
[[ 13.   6.  15.]
 [ 13.   9.  10.]
 [  9.   7.  18.]]
cf_score, 16.0
ratio, 0.40404040404
[[ 17.   4.  16.]
 [  9.  13.   9.]
 [  8.   6.  18.]]
cf_score, 24.0
ratio, 0.484848484848
[[ 12.   6.  13.]
 [ 18.   5.  20.]
 [  8.   5.  13.]]
cf_score, 9.0
ratio, 0.30303030303
[[ 20.   7.   7.]
 [ 11.   7.   7.]
 [  9.   7.  25.]]
cf_score, 36.0
ratio, 0.525252525253
[[ 27.   7.   6.]
 [ 13.   5.  10.]
 [ 11.   4.  17.]]
cf_score, 32.0
ratio, 0.494949494949
[[ 24.   3.   9.]
 [ 18.   4.  11.]
 [ 11.   2.  18.]]
cf_score, 26.0
ratio, 0.464646464646
[[ 22.   5.   6.]
 [ 18.   5.  10.]
 [  8.   4.  22.]]
cf_score, 35.0
ratio, 0.494949494949
[[ 15.   6.   8.]
 [ 10.  10.  18.]
 [  9.   5.  19.]]
cf_score, 27.0
ratio, 0.444444444444
[[ 20.   5.  11.]
 [ 21.   6.  12.]
 [ 10.   3.  12.]]
cf_score, 17.0
ratio, 0.383838383838
[[ 15.   9.  17.]
 [ 13.   7.   6.]
 [  9.   3.  21.]]
cf_score, 17.0
ratio, 0.434343434343
[[ 14.   3.  13.]
 [ 16.   5.  16.]
 [ 13.   2.  18.]]
cf_score, 11.0
ratio, 0.373737373737
[[ 20.   8.   8.]
 [ 14.  16.   7.]
 [  7.   7.  13.]]
cf_score, 34.0
ratio, 0.494949494949
[[ 21.   5.   9.]
 [ 17.  10.   8.]
 [  2.   3.  25.]]
cf_score, 45.0
ratio, 0.565656565657
[[ 26.   2.  11.]
 [ 16.   7.  14.]
 [  8.   3.  13.]]
cf_score, 27.0
ratio, 0.464646464646
[[ 12.   5.  14.]
 [ 19.   7.  11.]
 [  5.   5.  22.]]
cf_score, 22.0
ratio, 0.414141414141
[[ 18.   8.  17.]
 [ 12.   9.  10.]
 [  5.   6.  15.]]
cf_score, 20.0
ratio, 0.424242424242
[[ 12.   7.  13.]
 [ 17.   9.   8.]
 [  9.   3.  22.]]
cf_score, 21.0
ratio, 0.434343434343
[[ 11.   9.   8.]
 [ 21.  10.   4.]
 [ 17.   4.  16.]]
cf_score, 12.0
ratio, 0.373737373737
[[ 10.   9.   8.]
 [ 19.   6.  13.]
 [ 11.   1.  23.]]
cf_score, 20.0
ratio, 0.393939393939
