[[ 28.   0.   7.]
 [ 25.   0.   6.]
 [ 22.   0.  12.]]
cf_score, 11.0
nv_score, -8.0
ratio, 0.40404040404
[[ 18.   0.  15.]
 [ 17.   0.  23.]
 [  6.   0.  21.]]
cf_score, 18.0
nv_score, -32.0
ratio, 0.393939393939
[[ 20.   0.  18.]
 [ 18.   0.  13.]
 [  7.   0.  24.]]
cf_score, 19.0
nv_score, -25.0
ratio, 0.444444444444
[[ 17.   0.  14.]
 [ 12.   0.  24.]
 [  8.   0.  25.]]
cf_score, 20.0
nv_score, -27.0
ratio, 0.424242424242
[[ 11.   0.  11.]
 [ 15.   0.  33.]
 [  5.   0.  25.]]
cf_score, 20.0
nv_score, -30.0
ratio, 0.363636363636
[[ 21.   0.  11.]
 [ 20.   0.  18.]
 [ 13.   0.  17.]]
cf_score, 14.0
nv_score, -23.0
ratio, 0.383838383838
[[ 25.   0.  10.]
 [ 19.   0.  16.]
 [ 17.   0.  13.]]
cf_score, 11.0
nv_score, -23.0
ratio, 0.383838383838
[[ 14.   0.  14.]
 [ 22.   0.  24.]
 [  6.   0.  20.]]
cf_score, 14.0
nv_score, -32.0
ratio, 0.343434343434
[[ 18.   0.   8.]
 [ 12.   0.  16.]
 [ 11.   0.  35.]]
cf_score, 34.0
nv_score, 3.0
ratio, 0.535353535354
[[ 17.   0.  14.]
 [ 12.   0.  23.]
 [  7.   0.  27.]]
cf_score, 23.0
nv_score, -24.0
ratio, 0.444444444444
[[ 17.   0.   8.]
 [ 26.   0.  14.]
 [ 13.   0.  22.]]
cf_score, 18.0
nv_score, -8.0
ratio, 0.393939393939
[[ 21.   0.  16.]
 [ 15.   0.  24.]
 [  9.   0.  15.]]
cf_score, 11.0
nv_score, -41.0
ratio, 0.363636363636
[[ 13.   0.  17.]
 [ 10.   0.  21.]
 [  6.   0.  33.]]
cf_score, 23.0
nv_score, -22.0
ratio, 0.464646464646
[[ 21.   0.   6.]
 [ 31.   0.   8.]
 [ 19.   0.  15.]]
cf_score, 11.0
nv_score, -5.0
ratio, 0.363636363636
[[ 18.   0.   7.]
 [ 20.   0.  15.]
 [ 19.   0.  21.]]
cf_score, 13.0
nv_score, -8.0
ratio, 0.393939393939
[[ 15.   0.   9.]
 [ 26.   0.  21.]
 [ 10.   0.  19.]]
cf_score, 15.0
nv_score, -20.0
ratio, 0.343434343434
[[ 11.   0.  14.]
 [ 12.   0.  29.]
 [  4.   0.  30.]]
cf_score, 23.0
nv_score, -27.0
ratio, 0.414141414141
[[ 11.   0.  22.]
 [ 17.   0.  18.]
 [  9.   0.  23.]]
cf_score, 3.0
nv_score, -39.0
ratio, 0.343434343434
[[ 24.   0.   3.]
 [ 19.   0.  16.]
 [ 21.   0.  17.]]
cf_score, 17.0
nv_score, -5.0
ratio, 0.414141414141
[[ 28.   0.   5.]
 [ 15.   0.  17.]
 [ 19.   0.  16.]]
cf_score, 20.0
nv_score, -11.0
ratio, 0.444444444444
[[ 12.   0.  18.]
 [ 17.   0.  21.]
 [  6.   0.  26.]]
cf_score, 14.0
nv_score, -31.0
ratio, 0.383838383838
[[ 18.   0.  11.]
 [ 27.   0.  14.]
 [ 14.   0.  16.]]
cf_score, 9.0
nv_score, -20.0
ratio, 0.343434343434
[[ 13.   0.   9.]
 [ 11.   0.  29.]
 [  7.   0.  31.]]
cf_score, 28.0
nv_score, -16.0
ratio, 0.444444444444
[[ 12.   0.  23.]
 [ 16.   0.  22.]
 [  4.   0.  23.]]
cf_score, 8.0
nv_score, -45.0
ratio, 0.353535353535
[[  9.   0.  25.]
 [ 15.   0.  23.]
 [  3.   0.  25.]]
cf_score, 6.0
nv_score, -48.0
ratio, 0.343434343434
[[ 16.   0.  11.]
 [ 24.   0.  22.]
 [ 12.   0.  15.]]
cf_score, 8.0
nv_score, -29.0
ratio, 0.313131313131
[[ 22.   0.  11.]
 [ 15.   0.  14.]
 [ 15.   0.  23.]]
cf_score, 19.0
nv_score, -13.0
ratio, 0.454545454545
[[ 13.   0.  20.]
 [ 21.   0.  19.]
 [  5.   0.  22.]]
cf_score, 10.0
nv_score, -37.0
ratio, 0.353535353535
[[  9.   0.  17.]
 [ 13.   0.  27.]
 [  9.   0.  25.]]
cf_score, 8.0
nv_score, -36.0
ratio, 0.343434343434
[[ 17.   0.  14.]
 [ 16.   0.  24.]
 [  9.   0.  20.]]
cf_score, 14.0
nv_score, -32.0
ratio, 0.373737373737
[[ 16.   0.  13.]
 [ 20.   0.  30.]
 [  5.   0.  16.]]
cf_score, 14.0
nv_score, -40.0
ratio, 0.323232323232
[[ 15.   0.  12.]
 [ 21.   0.  24.]
 [  7.   0.  21.]]
cf_score, 17.0
nv_score, -27.0
ratio, 0.363636363636
[[ 22.   0.   8.]
 [ 20.   0.  22.]
 [  8.   0.  20.]]
cf_score, 26.0
nv_score, -18.0
ratio, 0.424242424242
[[ 21.   0.   7.]
 [ 17.   0.  18.]
 [ 16.   0.  21.]]
cf_score, 19.0
nv_score, -11.0
ratio, 0.424242424242
[[ 17.   0.   9.]
 [ 21.   0.  15.]
 [ 18.   0.  20.]]
cf_score, 10.0
nv_score, -13.0
ratio, 0.373737373737
[[ 17.   0.  16.]
 [ 16.   0.  23.]
 [ 10.   0.  18.]]
cf_score, 9.0
nv_score, -37.0
ratio, 0.353535353535
[[ 16.   0.  16.]
 [ 11.   0.  20.]
 [  7.   0.  30.]]
cf_score, 23.0
nv_score, -22.0
ratio, 0.464646464646
[[ 19.   0.  16.]
 [ 14.   0.  11.]
 [ 12.   0.  28.]]
cf_score, 19.0
nv_score, -15.0
ratio, 0.474747474747
[[ 16.   0.  23.]
 [  9.   0.  20.]
 [  6.   0.  26.]]
cf_score, 13.0
nv_score, -40.0
ratio, 0.424242424242
[[ 16.   0.  15.]
 [ 14.   0.  20.]
 [ 10.   0.  25.]]
cf_score, 16.0
nv_score, -25.0
ratio, 0.414141414141
[[ 18.   0.   9.]
 [ 26.   0.  16.]
 [ 11.   0.  20.]]
cf_score, 18.0
nv_score, -14.0
ratio, 0.383838383838
[[ 20.   0.  15.]
 [ 11.   0.  28.]
 [ 10.   0.  16.]]
cf_score, 11.0
nv_score, -42.0
ratio, 0.363636363636
[[ 26.   0.  12.]
 [ 19.   0.  10.]
 [ 15.   0.  18.]]
cf_score, 17.0
nv_score, -16.0
ratio, 0.444444444444
[[ 10.   0.   9.]
 [ 16.   0.  28.]
 [  4.   0.  33.]]
cf_score, 30.0
nv_score, -13.0
ratio, 0.434343434343
[[ 14.   0.  13.]
 [ 15.   0.  24.]
 [  6.   0.  28.]]
cf_score, 23.0
nv_score, -22.0
ratio, 0.424242424242
[[ 15.   0.  14.]
 [ 21.   0.  14.]
 [ 16.   0.  20.]]
cf_score, 5.0
nv_score, -22.0
ratio, 0.353535353535
[[ 16.   0.   7.]
 [ 20.   0.  26.]
 [  4.   0.  27.]]
cf_score, 32.0
nv_score, -13.0
ratio, 0.434343434343
[[ 11.   0.  16.]
 [ 15.   0.  25.]
 [ 11.   0.  22.]]
cf_score, 6.0
nv_score, -35.0
ratio, 0.333333333333
[[ 14.   0.  17.]
 [  8.   0.  26.]
 [  5.   0.  30.]]
cf_score, 22.0
nv_score, -30.0
ratio, 0.444444444444
[[ 32.   0.   4.]
 [ 23.   0.  16.]
 [ 11.   0.  14.]]
cf_score, 31.0
nv_score, -10.0
ratio, 0.464646464646
