[[  0.  30.   0.]
 [  0.  35.   0.]
 [  0.  35.   0.]]
cf_score, 35.0
nv_score, 0.0
ratio, 0.353535353535
[[  0.  34.   0.]
 [  0.  32.   0.]
 [  0.  34.   0.]]
cf_score, 32.0
nv_score, 0.0
ratio, 0.323232323232
[[  0.  28.   0.]
 [  0.  34.   0.]
 [  0.  38.   0.]]
cf_score, 34.0
nv_score, 0.0
ratio, 0.343434343434
[[  0.   0.  30.]
 [  0.   0.  38.]
 [  0.   0.  32.]]
cf_score, 2.0
nv_score, -66.0
ratio, 0.323232323232
[[  0.  33.   0.]
 [  0.  30.   0.]
 [  0.  37.   0.]]
cf_score, 30.0
nv_score, 0.0
ratio, 0.30303030303
[[  0.  31.   0.]
 [  0.  36.   0.]
 [  0.  33.   0.]]
cf_score, 36.0
nv_score, 0.0
ratio, 0.363636363636
[[  0.  41.   0.]
 [  0.  33.   0.]
 [  0.  26.   0.]]
cf_score, 33.0
nv_score, 0.0
ratio, 0.333333333333
[[  0.  36.   0.]
 [  0.  25.   0.]
 [  0.  39.   0.]]
cf_score, 25.0
nv_score, 0.0
ratio, 0.252525252525
[[  0.   0.  29.]
 [  0.   0.  36.]
 [  0.   0.  35.]]
cf_score, 6.0
nv_score, -59.0
ratio, 0.353535353535
[[  0.  31.   0.]
 [  0.  32.   0.]
 [  0.  37.   0.]]
cf_score, 32.0
nv_score, 0.0
ratio, 0.323232323232
[[  0.  31.   0.]
 [  0.  30.   0.]
 [  0.  39.   0.]]
cf_score, 30.0
nv_score, 0.0
ratio, 0.30303030303
[[  0.   0.  32.]
 [  0.   0.  29.]
 [  0.   0.  39.]]
cf_score, 7.0
nv_score, -54.0
ratio, 0.393939393939
[[  0.  31.   0.]
 [  0.  25.   0.]
 [  0.  44.   0.]]
cf_score, 25.0
nv_score, 0.0
ratio, 0.252525252525
[[  0.  34.   0.]
 [  0.  34.   0.]
 [  0.  32.   0.]]
cf_score, 34.0
nv_score, 0.0
ratio, 0.343434343434
[[  0.   0.  32.]
 [  0.   0.  28.]
 [  0.   0.  40.]]
cf_score, 8.0
nv_score, -52.0
ratio, 0.40404040404
[[  0.  27.   0.]
 [  0.  30.   0.]
 [  0.  43.   0.]]
cf_score, 30.0
nv_score, 0.0
ratio, 0.30303030303
[[  0.  27.   0.]
 [  0.  37.   0.]
 [  0.  36.   0.]]
cf_score, 37.0
nv_score, 0.0
ratio, 0.373737373737
[[  0.  36.   0.]
 [  0.  28.   0.]
 [  0.  36.   0.]]
cf_score, 28.0
nv_score, 0.0
ratio, 0.282828282828
[[  0.  28.   0.]
 [  0.  40.   0.]
 [  0.  32.   0.]]
cf_score, 40.0
nv_score, 0.0
ratio, 0.40404040404
[[  0.  26.   0.]
 [  0.  32.   0.]
 [  0.  42.   0.]]
cf_score, 32.0
nv_score, 0.0
ratio, 0.323232323232
[[  0.  24.   0.]
 [  0.  35.   0.]
 [  0.  41.   0.]]
cf_score, 35.0
nv_score, 0.0
ratio, 0.353535353535
[[  0.  36.   0.]
 [  0.  31.   0.]
 [  0.  33.   0.]]
cf_score, 31.0
nv_score, 0.0
ratio, 0.313131313131
[[ 33.   0.   0.]
 [ 32.   0.   0.]
 [ 35.   0.   0.]]
cf_score, -2.0
nv_score, 0.0
ratio, 0.333333333333
[[ 32.   0.   0.]
 [ 26.   0.   0.]
 [ 42.   0.   0.]]
cf_score, -10.0
nv_score, 0.0
ratio, 0.323232323232
[[  0.  27.   0.]
 [  0.  38.   0.]
 [  0.  35.   0.]]
cf_score, 38.0
nv_score, 0.0
ratio, 0.383838383838
[[  0.  45.   0.]
 [  0.  24.   0.]
 [  0.  31.   0.]]
cf_score, 24.0
nv_score, 0.0
ratio, 0.242424242424
[[  0.   0.  32.]
 [  0.   0.  30.]
 [  0.   0.  38.]]
cf_score, 6.0
nv_score, -56.0
ratio, 0.383838383838
[[ 35.   0.   0.]
 [ 41.   0.   0.]
 [ 24.   0.   0.]]
cf_score, 11.0
nv_score, 0.0
ratio, 0.353535353535
[[  0.  34.   0.]
 [  0.  28.   0.]
 [  0.  38.   0.]]
cf_score, 28.0
nv_score, 0.0
ratio, 0.282828282828
[[  0.  26.   0.]
 [  0.  38.   0.]
 [  0.  36.   0.]]
cf_score, 38.0
nv_score, 0.0
ratio, 0.383838383838
[[ 25.   0.   0.]
 [ 32.   0.   0.]
 [ 43.   0.   0.]]
cf_score, -18.0
nv_score, 0.0
ratio, 0.252525252525
[[ 31.   0.   0.]
 [ 40.   0.   0.]
 [ 29.   0.   0.]]
cf_score, 2.0
nv_score, 0.0
ratio, 0.313131313131
[[  0.  32.   0.]
 [  0.  33.   0.]
 [  0.  35.   0.]]
cf_score, 33.0
nv_score, 0.0
ratio, 0.333333333333
[[  0.  34.   0.]
 [  0.  35.   0.]
 [  0.  31.   0.]]
cf_score, 35.0
nv_score, 0.0
ratio, 0.353535353535
[[  0.   0.  34.]
 [  0.   0.  37.]
 [  0.   0.  29.]]
cf_score, -5.0
nv_score, -76.0
ratio, 0.292929292929
[[  0.  36.   0.]
 [  0.  27.   0.]
 [  0.  37.   0.]]
cf_score, 27.0
nv_score, 0.0
ratio, 0.272727272727
[[  0.   0.  33.]
 [  0.   0.  35.]
 [  0.   0.  32.]]
cf_score, -1.0
nv_score, -69.0
ratio, 0.323232323232
[[  0.  38.   0.]
 [  0.  32.   0.]
 [  0.  30.   0.]]
cf_score, 32.0
nv_score, 0.0
ratio, 0.323232323232
[[ 23.   0.   0.]
 [ 46.   0.   0.]
 [ 31.   0.   0.]]
cf_score, -8.0
nv_score, 0.0
ratio, 0.232323232323
[[  0.  33.   0.]
 [  0.  35.   0.]
 [  0.  32.   0.]]
cf_score, 35.0
nv_score, 0.0
ratio, 0.353535353535
[[  0.  38.   0.]
 [  0.  28.   0.]
 [  0.  34.   0.]]
cf_score, 28.0
nv_score, 0.0
ratio, 0.282828282828
[[  0.  38.   0.]
 [  0.  32.   0.]
 [  0.  30.   0.]]
cf_score, 32.0
nv_score, 0.0
ratio, 0.323232323232
[[  0.  29.   0.]
 [  0.  30.   0.]
 [  0.  41.   0.]]
cf_score, 30.0
nv_score, 0.0
ratio, 0.30303030303
[[  0.   0.  42.]
 [  0.   0.  32.]
 [  0.   0.  26.]]
cf_score, -16.0
nv_score, -90.0
ratio, 0.262626262626
[[  0.  25.   0.]
 [  0.  36.   0.]
 [  0.  39.   0.]]
cf_score, 36.0
nv_score, 0.0
ratio, 0.363636363636
[[  0.  29.   0.]
 [  0.  29.   0.]
 [  0.  42.   0.]]
cf_score, 29.0
nv_score, 0.0
ratio, 0.292929292929
[[ 37.   0.   0.]
 [ 40.   0.   0.]
 [ 23.   0.   0.]]
cf_score, 14.0
nv_score, 0.0
ratio, 0.373737373737
[[  0.  38.   0.]
 [  0.  26.   0.]
 [  0.  36.   0.]]
cf_score, 26.0
nv_score, 0.0
ratio, 0.262626262626
[[ 29.   0.   0.]
 [ 39.   0.   0.]
 [ 32.   0.   0.]]
cf_score, -3.0
nv_score, 0.0
ratio, 0.292929292929
[[ 35.   0.   0.]
 [ 31.   0.   0.]
 [ 34.   0.   0.]]
cf_score, 1.0
nv_score, 0.0
ratio, 0.353535353535
