[[  0.   0.   0.]
 [  0.  74.   0.]
 [  0.  26.   0.]]
cf_score, 74.0
nv_score, 0.0
ratio, 0.747474747475
[[  0.   0.   0.]
 [  0.  71.   0.]
 [  0.  29.   0.]]
cf_score, 71.0
nv_score, 0.0
ratio, 0.717171717172
[[  0.   0.   0.]
 [  0.  68.   0.]
 [  0.  32.   0.]]
cf_score, 68.0
nv_score, 0.0
ratio, 0.686868686869
[[  0.   0.   0.]
 [  0.  73.   0.]
 [  0.  27.   0.]]
cf_score, 73.0
nv_score, 0.0
ratio, 0.737373737374
[[  0.   0.   0.]
 [  0.  71.   6.]
 [  0.  17.   6.]]
cf_score, 77.0
nv_score, 0.0
ratio, 0.777777777778
[[  0.   0.   0.]
 [  0.  58.  12.]
 [  0.  18.  12.]]
cf_score, 70.0
nv_score, 0.0
ratio, 0.707070707071
[[  0.   0.   0.]
 [  0.  67.   8.]
 [  0.  17.   8.]]
cf_score, 75.0
nv_score, 0.0
ratio, 0.757575757576
[[  0.   0.   0.]
 [  0.  55.  10.]
 [  0.  22.  13.]]
cf_score, 68.0
nv_score, 3.0
ratio, 0.686868686869
[[  0.   0.   0.]
 [  0.  56.  11.]
 [  0.  19.  14.]]
cf_score, 70.0
nv_score, 3.0
ratio, 0.707070707071
[[  0.   0.   0.]
 [  0.  57.  16.]
 [  0.  20.   7.]]
cf_score, 64.0
nv_score, -9.0
ratio, 0.646464646465
[[  0.   0.   0.]
 [  0.  55.  17.]
 [  0.  13.  15.]]
cf_score, 70.0
nv_score, -2.0
ratio, 0.707070707071
[[  0.   0.   0.]
 [  0.  60.  11.]
 [  0.  16.  13.]]
cf_score, 73.0
nv_score, 2.0
ratio, 0.737373737374
[[  0.   0.   0.]
 [  0.  68.  10.]
 [  0.  12.  10.]]
cf_score, 78.0
nv_score, 0.0
ratio, 0.787878787879
[[  0.   0.   0.]
 [  0.  62.   8.]
 [  0.  17.  13.]]
cf_score, 75.0
nv_score, 5.0
ratio, 0.757575757576
[[  0.   0.   0.]
 [  0.  57.  13.]
 [  0.  22.   8.]]
cf_score, 65.0
nv_score, -5.0
ratio, 0.656565656566
[[  0.   0.   0.]
 [  0.  68.   7.]
 [  0.  16.   9.]]
cf_score, 77.0
nv_score, 2.0
ratio, 0.777777777778
[[  0.   0.   0.]
 [  0.  58.  11.]
 [  0.  19.  12.]]
cf_score, 70.0
nv_score, 1.0
ratio, 0.707070707071
[[  0.   0.   0.]
 [  0.  60.   6.]
 [  0.  19.  15.]]
cf_score, 75.0
nv_score, 9.0
ratio, 0.757575757576
[[  0.   0.   0.]
 [  0.  65.   6.]
 [  0.  18.  11.]]
cf_score, 76.0
nv_score, 5.0
ratio, 0.767676767677
[[  0.   0.   0.]
 [  0.  62.   8.]
 [  0.  17.  13.]]
cf_score, 75.0
nv_score, 5.0
ratio, 0.757575757576
[[  0.   0.   0.]
 [  0.  57.  12.]
 [  0.  22.   9.]]
cf_score, 66.0
nv_score, -3.0
ratio, 0.666666666667
[[  0.   0.   0.]
 [  0.  63.   6.]
 [  0.  18.  13.]]
cf_score, 76.0
nv_score, 7.0
ratio, 0.767676767677
[[  0.   0.   0.]
 [  0.  64.   4.]
 [  0.  14.  18.]]
cf_score, 82.0
nv_score, 14.0
ratio, 0.828282828283
[[  0.   0.   0.]
 [  0.  61.  12.]
 [  0.  14.  13.]]
cf_score, 74.0
nv_score, 1.0
ratio, 0.747474747475
[[  0.   0.   0.]
 [  0.  52.  23.]
 [  0.  16.   9.]]
cf_score, 61.0
nv_score, -14.0
ratio, 0.616161616162
[[  0.   0.   0.]
 [  0.  65.   6.]
 [  0.  13.  16.]]
cf_score, 81.0
nv_score, 10.0
ratio, 0.818181818182
[[  0.   0.   0.]
 [  0.  55.  14.]
 [  0.  16.  15.]]
cf_score, 70.0
nv_score, 1.0
ratio, 0.707070707071
[[  0.   0.   0.]
 [  0.  54.  10.]
 [  0.  20.  16.]]
cf_score, 70.0
nv_score, 6.0
ratio, 0.707070707071
[[  0.   0.   0.]
 [  0.  55.  11.]
 [  0.  23.  11.]]
cf_score, 66.0
nv_score, 0.0
ratio, 0.666666666667
[[  0.   0.   0.]
 [  0.  67.   5.]
 [  0.  20.   8.]]
cf_score, 75.0
nv_score, 3.0
ratio, 0.757575757576
[[  0.   0.   0.]
 [  0.  53.  13.]
 [  0.  20.  14.]]
cf_score, 67.0
nv_score, 1.0
ratio, 0.676767676768
[[  0.   0.   0.]
 [  0.  59.   8.]
 [  0.  21.  12.]]
cf_score, 71.0
nv_score, 4.0
ratio, 0.717171717172
[[  0.   0.   0.]
 [  0.  61.  10.]
 [  0.  24.   5.]]
cf_score, 66.0
nv_score, -5.0
ratio, 0.666666666667
[[  0.   0.   0.]
 [  0.  62.  10.]
 [  0.  15.  13.]]
cf_score, 75.0
nv_score, 3.0
ratio, 0.757575757576
[[  0.   0.   0.]
 [  0.  59.  18.]
 [  0.  14.   9.]]
cf_score, 68.0
nv_score, -9.0
ratio, 0.686868686869
[[  0.   0.   0.]
 [  0.  62.   5.]
 [  0.  18.  15.]]
cf_score, 77.0
nv_score, 10.0
ratio, 0.777777777778
[[  0.   0.   0.]
 [  0.  62.  12.]
 [  0.  15.  11.]]
cf_score, 73.0
nv_score, -1.0
ratio, 0.737373737374
[[  0.   0.   0.]
 [  0.  65.   7.]
 [  0.  17.  11.]]
cf_score, 76.0
nv_score, 4.0
ratio, 0.767676767677
[[  0.   0.   0.]
 [  0.  55.  12.]
 [  0.  14.  19.]]
cf_score, 74.0
nv_score, 7.0
ratio, 0.747474747475
[[  0.   0.   0.]
 [  0.  61.   6.]
 [  0.  21.  12.]]
cf_score, 73.0
nv_score, 6.0
ratio, 0.737373737374
[[  0.   0.   0.]
 [  0.  56.  15.]
 [  0.  18.  11.]]
cf_score, 67.0
nv_score, -4.0
ratio, 0.676767676768
[[  0.   0.   0.]
 [  0.  62.  12.]
 [  0.  14.  12.]]
cf_score, 74.0
nv_score, 0.0
ratio, 0.747474747475
[[  0.   0.   0.]
 [  0.  64.   8.]
 [  0.  20.   8.]]
cf_score, 72.0
nv_score, 0.0
ratio, 0.727272727273
[[  0.   0.   0.]
 [  0.  57.  13.]
 [  0.  19.  11.]]
cf_score, 68.0
nv_score, -2.0
ratio, 0.686868686869
[[  0.   0.   0.]
 [  0.  61.  12.]
 [  0.  18.   9.]]
cf_score, 70.0
nv_score, -3.0
ratio, 0.707070707071
[[  0.   0.   0.]
 [  0.  60.  12.]
 [  0.  18.  10.]]
cf_score, 70.0
nv_score, -2.0
ratio, 0.707070707071
[[  0.   0.   0.]
 [  0.  58.   8.]
 [  0.  19.  15.]]
cf_score, 73.0
nv_score, 7.0
ratio, 0.737373737374
[[  0.   0.   0.]
 [  0.  65.  10.]
 [  0.  17.   8.]]
cf_score, 73.0
nv_score, -2.0
ratio, 0.737373737374
[[  0.   0.   0.]
 [  0.  60.   9.]
 [  0.  22.   9.]]
cf_score, 69.0
nv_score, 0.0
ratio, 0.69696969697
[[  0.   0.   0.]
 [  0.  60.  11.]
 [  0.  12.  17.]]
cf_score, 77.0
nv_score, 6.0
ratio, 0.777777777778
