[[  7.  14.  13.]
 [  0.  15.  21.]
 [  1.  14.  15.]]
cf_score, 23.0
ratio, 0.373737373737
[[  2.  22.  11.]
 [  2.  22.  14.]
 [  1.  12.  14.]]
cf_score, 26.0
ratio, 0.383838383838
[[  1.  24.  17.]
 [  4.  16.  14.]
 [  2.  15.   7.]]
cf_score, 5.0
ratio, 0.242424242424
[[  0.  19.  11.]
 [  0.  26.  10.]
 [  0.  15.  19.]]
cf_score, 34.0
ratio, 0.454545454545
[[  1.  18.  18.]
 [  1.  17.  10.]
 [  1.  18.  16.]]
cf_score, 15.0
ratio, 0.343434343434
[[  0.  22.  19.]
 [  0.  18.  11.]
 [  1.  14.  15.]]
cf_score, 13.0
ratio, 0.333333333333
[[  1.  18.  17.]
 [  1.  17.  10.]
 [  6.  14.  16.]]
cf_score, 11.0
ratio, 0.343434343434
[[  0.  29.  10.]
 [  0.  22.   7.]
 [  0.  18.  14.]]
cf_score, 26.0
ratio, 0.363636363636
[[  1.  18.  11.]
 [  2.  22.  15.]
 [  0.  16.  15.]]
cf_score, 27.0
ratio, 0.383838383838
[[  1.  21.  10.]
 [  8.  21.  11.]
 [  4.   7.  17.]]
cf_score, 25.0
ratio, 0.393939393939
[[  2.  21.   9.]
 [  7.  16.  10.]
 [  7.  10.  18.]]
cf_score, 20.0
ratio, 0.363636363636
[[  0.  21.  12.]
 [  1.  21.  13.]
 [  0.  16.  16.]]
cf_score, 25.0
ratio, 0.373737373737
[[  0.  29.   7.]
 [  0.  22.   7.]
 [  1.  19.  15.]]
cf_score, 29.0
ratio, 0.373737373737
[[  0.  28.   9.]
 [  0.  22.  12.]
 [  0.  14.  15.]]
cf_score, 28.0
ratio, 0.373737373737
[[  4.  25.   9.]
 [  0.  26.   9.]
 [  0.  11.  16.]]
cf_score, 37.0
ratio, 0.464646464646
[[  1.  13.  10.]
 [  1.  27.  11.]
 [  1.  17.  19.]]
cf_score, 36.0
ratio, 0.474747474747
[[  7.  24.  11.]
 [  7.  14.   6.]
 [  5.  16.  10.]]
cf_score, 15.0
ratio, 0.313131313131
[[  0.  19.  12.]
 [  7.  20.  13.]
 [  3.  10.  16.]]
cf_score, 21.0
ratio, 0.363636363636
[[  5.  22.   6.]
 [  4.  26.   7.]
 [  4.   8.  18.]]
cf_score, 39.0
ratio, 0.494949494949
[[  0.  22.  14.]
 [  0.  21.   7.]
 [  0.  17.  19.]]
cf_score, 26.0
ratio, 0.40404040404
[[  0.  27.  12.]
 [  1.  22.  11.]
 [  0.  18.   9.]]
cf_score, 19.0
ratio, 0.313131313131
[[  6.  19.  11.]
 [  3.  20.  10.]
 [  4.   8.  19.]]
cf_score, 30.0
ratio, 0.454545454545
[[  1.  26.   8.]
 [  0.  20.  12.]
 [  0.  18.  15.]]
cf_score, 28.0
ratio, 0.363636363636
[[  0.  28.  10.]
 [  0.  14.  14.]
 [  0.  18.  16.]]
cf_score, 20.0
ratio, 0.30303030303
[[  1.  14.  16.]
 [  1.  17.  17.]
 [  4.  14.  16.]]
cf_score, 14.0
ratio, 0.343434343434
[[  0.  27.   9.]
 [  0.  23.   8.]
 [  0.  17.  16.]]
cf_score, 30.0
ratio, 0.393939393939
[[  0.  28.   9.]
 [  0.  27.  11.]
 [  0.  14.  11.]]
cf_score, 29.0
ratio, 0.383838383838
[[  5.  12.  11.]
 [  3.  21.  16.]
 [  8.  11.  13.]]
cf_score, 20.0
ratio, 0.393939393939
[[  1.  16.  10.]
 [  7.  10.  16.]
 [  6.  13.  21.]]
cf_score, 16.0
ratio, 0.323232323232
[[  0.  27.  14.]
 [  0.  26.  11.]
 [  0.  12.  10.]]
cf_score, 22.0
ratio, 0.363636363636
[[  1.  30.  16.]
 [  0.  20.   5.]
 [  0.  17.  11.]]
cf_score, 16.0
ratio, 0.323232323232
[[  1.  19.  10.]
 [  1.  22.  15.]
 [  0.   9.  23.]]
cf_score, 36.0
ratio, 0.464646464646
[[  0.  25.  11.]
 [  0.  17.  10.]
 [  0.  12.  25.]]
cf_score, 31.0
ratio, 0.424242424242
[[  1.  21.  11.]
 [  2.  24.  14.]
 [  7.   9.  11.]]
cf_score, 18.0
ratio, 0.363636363636
[[  0.  21.   6.]
 [  1.  18.  11.]
 [  0.  18.  25.]]
cf_score, 37.0
ratio, 0.434343434343
[[  0.  17.  14.]
 [  0.  17.  21.]
 [  0.   6.  25.]]
cf_score, 28.0
ratio, 0.424242424242
[[  0.  21.   9.]
 [  0.  23.  11.]
 [  0.  11.  25.]]
cf_score, 39.0
ratio, 0.484848484848
[[  0.  19.   8.]
 [  0.  36.  11.]
 [  0.  15.  11.]]
cf_score, 39.0
ratio, 0.474747474747
[[  0.  22.   6.]
 [  0.  25.  17.]
 [  0.  16.  14.]]
cf_score, 33.0
ratio, 0.393939393939
[[  0.  18.  17.]
 [  0.  17.  20.]
 [  0.   9.  19.]]
cf_score, 19.0
ratio, 0.363636363636
[[  2.  28.  10.]
 [  0.  18.  10.]
 [  3.  14.  15.]]
cf_score, 22.0
ratio, 0.353535353535
[[  7.  13.  20.]
 [ 13.   2.  12.]
 [  5.   5.  23.]]
cf_score, 7.0
ratio, 0.323232323232
[[  5.  16.   9.]
 [  8.  18.  14.]
 [  9.  12.   9.]]
cf_score, 14.0
ratio, 0.323232323232
[[  0.  13.  18.]
 [  0.  23.  10.]
 [  0.  11.  25.]]
cf_score, 30.0
ratio, 0.484848484848
[[  1.  27.   5.]
 [  5.  24.   7.]
 [  0.  14.  17.]]
cf_score, 37.0
ratio, 0.424242424242
[[  0.  20.  17.]
 [  0.  16.  17.]
 [  0.  12.  18.]]
cf_score, 17.0
ratio, 0.343434343434
[[  0.  26.  12.]
 [  0.  20.  13.]
 [  0.  13.  16.]]
cf_score, 24.0
ratio, 0.363636363636
[[  0.  22.  13.]
 [  0.  21.  17.]
 [  4.   9.  14.]]
cf_score, 18.0
ratio, 0.353535353535
[[  0.  21.  18.]
 [  0.  25.  10.]
 [  0.   8.  18.]]
cf_score, 25.0
ratio, 0.434343434343
[[  0.  28.  14.]
 [  0.  19.  14.]
 [  0.  10.  15.]]
cf_score, 20.0
ratio, 0.343434343434
[[  0.  23.  12.]
 [  0.  17.   9.]
 [  0.  17.  22.]]
cf_score, 27.0
ratio, 0.393939393939
[[  0.  23.  11.]
 [  0.  13.  18.]
 [  0.  14.  21.]]
cf_score, 23.0
ratio, 0.343434343434
[[ 11.  11.   9.]
 [ 10.  10.  13.]
 [ 12.  10.  14.]]
cf_score, 14.0
ratio, 0.353535353535
[[  0.  24.  12.]
 [  0.  26.  10.]
 [  0.   9.  19.]]
cf_score, 33.0
ratio, 0.454545454545
[[  0.  20.  13.]
 [  0.  20.  10.]
 [  0.  15.  22.]]
cf_score, 29.0
ratio, 0.424242424242
[[  4.  25.   7.]
 [  6.  20.  13.]
 [  3.  10.  12.]]
cf_score, 26.0
ratio, 0.363636363636
[[  0.  28.   8.]
 [  0.  28.  12.]
 [  0.  13.  11.]]
cf_score, 31.0
ratio, 0.393939393939
[[  0.  19.   9.]
 [  0.  38.  12.]
 [  0.  11.  11.]]
cf_score, 40.0
ratio, 0.494949494949
[[  0.  24.   5.]
 [  0.  22.  10.]
 [  0.  17.  22.]]
cf_score, 39.0
ratio, 0.444444444444
[[  0.  24.   8.]
 [  0.  16.  12.]
 [  0.  20.  20.]]
cf_score, 28.0
ratio, 0.363636363636
[[  0.  23.  12.]
 [  0.  16.  14.]
 [  0.  14.  21.]]
cf_score, 25.0
ratio, 0.373737373737
[[  0.  26.   9.]
 [  0.  26.  12.]
 [  0.  14.  13.]]
cf_score, 30.0
ratio, 0.393939393939
[[  7.  11.   9.]
 [ 15.  14.   9.]
 [  8.   6.  21.]]
cf_score, 25.0
ratio, 0.424242424242
[[  0.  26.   7.]
 [  0.  19.  15.]
 [  0.  19.  14.]]
cf_score, 26.0
ratio, 0.333333333333
[[  8.  18.   8.]
 [ 10.  15.  13.]
 [  8.   7.  13.]]
cf_score, 20.0
ratio, 0.363636363636
[[  0.  29.   9.]
 [  0.  17.  12.]
 [  0.  15.  18.]]
cf_score, 26.0
ratio, 0.353535353535
[[  0.  27.  14.]
 [  0.  20.  11.]
 [  0.  15.  13.]]
cf_score, 19.0
ratio, 0.333333333333
[[  0.  27.  11.]
 [  0.  23.  12.]
 [  0.  10.  17.]]
cf_score, 29.0
ratio, 0.40404040404
[[ 14.  15.   7.]
 [ 12.   7.  15.]
 [ 11.   8.  11.]]
cf_score, 14.0
ratio, 0.323232323232
[[  0.  17.  10.]
 [  0.  28.  11.]
 [  0.  11.  23.]]
cf_score, 41.0
ratio, 0.515151515152
[[  0.  22.  17.]
 [  0.  17.  15.]
 [  0.  13.  16.]]
cf_score, 16.0
ratio, 0.333333333333
[[  0.  24.   8.]
 [  0.  19.  12.]
 [  0.  16.  21.]]
cf_score, 32.0
ratio, 0.40404040404
[[ 18.  13.  15.]
 [ 14.   7.  10.]
 [  5.   3.  15.]]
cf_score, 20.0
ratio, 0.40404040404
[[  0.  25.  10.]
 [  0.  23.  10.]
 [  0.  14.  18.]]
cf_score, 31.0
ratio, 0.414141414141
[[  0.  25.   7.]
 [  0.  18.  13.]
 [  0.  21.  16.]]
cf_score, 27.0
ratio, 0.343434343434
[[  0.  23.  12.]
 [  0.  20.  19.]
 [  0.   5.  21.]]
cf_score, 29.0
ratio, 0.414141414141
[[  0.  26.   8.]
 [  0.  18.  18.]
 [  0.  16.  14.]]
cf_score, 24.0
ratio, 0.323232323232
[[  0.  27.   9.]
 [  0.  18.  11.]
 [  0.  15.  20.]]
cf_score, 29.0
ratio, 0.383838383838
[[  0.  21.   7.]
 [  0.  23.  11.]
 [  0.  22.  16.]]
cf_score, 32.0
ratio, 0.393939393939
[[  0.  25.   8.]
 [  0.  16.  13.]
 [  0.  23.  15.]]
cf_score, 23.0
ratio, 0.313131313131
[[  0.  27.   9.]
 [  0.  26.   5.]
 [  0.  16.  17.]]
cf_score, 34.0
ratio, 0.434343434343
[[  0.  33.   8.]
 [  0.  20.  10.]
 [  0.  14.  15.]]
cf_score, 27.0
ratio, 0.353535353535
[[  0.  28.   9.]
 [  0.  23.  10.]
 [  0.  16.  14.]]
cf_score, 28.0
ratio, 0.373737373737
[[  0.  25.   8.]
 [  0.  25.  15.]
 [  0.  14.  13.]]
cf_score, 30.0
ratio, 0.383838383838
[[  0.  22.  10.]
 [  0.  19.  14.]
 [  0.  14.  21.]]
cf_score, 30.0
ratio, 0.40404040404
[[  9.  16.   5.]
 [  5.  14.  12.]
 [  8.   6.  25.]]
cf_score, 35.0
ratio, 0.484848484848
[[  0.  30.   3.]
 [  0.  20.   9.]
 [  0.  17.  21.]]
cf_score, 38.0
ratio, 0.414141414141
[[  0.  21.   8.]
 [  0.  29.   8.]
 [  0.  16.  18.]]
cf_score, 39.0
ratio, 0.474747474747
[[  0.  23.  10.]
 [  0.  23.  17.]
 [  0.   7.  20.]]
cf_score, 33.0
ratio, 0.434343434343
[[  0.  25.   9.]
 [  0.  19.  13.]
 [  0.  16.  18.]]
cf_score, 28.0
ratio, 0.373737373737
[[  0.  20.  12.]
 [  0.  17.   8.]
 [  0.  23.  20.]]
cf_score, 25.0
ratio, 0.373737373737
[[  0.  27.   4.]
 [  0.  22.   8.]
 [  0.  19.  20.]]
cf_score, 38.0
ratio, 0.424242424242
[[  0.  25.  14.]
 [  0.  21.   9.]
 [  0.  20.  11.]]
cf_score, 18.0
ratio, 0.323232323232
[[  0.  22.  17.]
 [  0.  22.  11.]
 [  0.   8.  20.]]
cf_score, 25.0
ratio, 0.424242424242
[[  0.  31.  10.]
 [  0.  21.  13.]
 [  0.  10.  15.]]
cf_score, 26.0
ratio, 0.363636363636
[[ 10.  23.  13.]
 [  9.   7.   9.]
 [  1.  14.  14.]]
cf_score, 17.0
ratio, 0.313131313131
[[  0.  22.  11.]
 [  0.  23.  13.]
 [  0.  10.  21.]]
cf_score, 33.0
ratio, 0.444444444444
[[  0.  23.   9.]
 [  0.  15.  13.]
 [  0.  19.  21.]]
cf_score, 27.0
ratio, 0.363636363636
[[ 27.   0.   7.]
 [ 28.   0.   9.]
 [ 16.   0.  13.]]
cf_score, 17.0
ratio, 0.40404040404
[[  0.  26.   8.]
 [  0.  14.  18.]
 [  0.  19.  15.]]
cf_score, 21.0
ratio, 0.292929292929
