[[  0.  27.  14.]
 [  0.  18.   8.]
 [  0.  14.  19.]]
cf_score, 23.0
nv_score, -17.0
ratio, 0.373737373737
[[  1.  21.  15.]
 [  1.  21.  12.]
 [  0.   9.  20.]]
cf_score, 27.0
nv_score, -22.0
ratio, 0.424242424242
[[  0.  22.  12.]
 [  0.  24.   9.]
 [  0.  15.  18.]]
cf_score, 30.0
nv_score, -15.0
ratio, 0.424242424242
[[  0.  26.  10.]
 [  0.  23.  11.]
 [  0.   9.  21.]]
cf_score, 34.0
nv_score, -10.0
ratio, 0.444444444444
[[  0.  22.   7.]
 [  0.  22.  10.]
 [  0.  12.  27.]]
cf_score, 42.0
nv_score, 3.0
ratio, 0.494949494949
[[  0.  17.  13.]
 [  0.  29.  12.]
 [  0.  12.  17.]]
cf_score, 33.0
nv_score, -21.0
ratio, 0.464646464646
[[  0.  24.  10.]
 [  0.  31.   5.]
 [  0.  14.  16.]]
cf_score, 37.0
nv_score, -9.0
ratio, 0.474747474747
[[ 10.  16.   7.]
 [  6.  22.   7.]
 [  0.  14.  18.]]
cf_score, 43.0
nv_score, -3.0
ratio, 0.505050505051
[[  8.  21.  10.]
 [  6.   8.   5.]
 [  2.   8.  32.]]
cf_score, 36.0
nv_score, 7.0
ratio, 0.484848484848
[[  8.   8.   7.]
 [  7.  21.   7.]
 [  5.   8.  29.]]
cf_score, 46.0
nv_score, 8.0
ratio, 0.585858585859
[[  9.  15.   8.]
 [ 15.  10.   8.]
 [  0.   6.  29.]]
cf_score, 40.0
nv_score, 5.0
ratio, 0.484848484848
[[ 11.  11.  11.]
 [ 11.  18.   6.]
 [  3.   7.  22.]]
cf_score, 37.0
nv_score, -6.0
ratio, 0.515151515152
[[  6.  10.  11.]
 [ 12.  11.  12.]
 [  3.   9.  26.]]
cf_score, 29.0
nv_score, -8.0
ratio, 0.434343434343
[[ 12.  16.  12.]
 [  9.  12.   8.]
 [  1.   8.  22.]]
cf_score, 33.0
nv_score, -10.0
ratio, 0.464646464646
[[ 13.  16.  17.]
 [ 14.   9.   6.]
 [  1.  12.  12.]]
cf_score, 16.0
nv_score, -28.0
ratio, 0.343434343434
[[  8.  12.   5.]
 [ 18.  15.  12.]
 [  3.   2.  25.]]
cf_score, 40.0
nv_score, 3.0
ratio, 0.484848484848
[[ 13.  10.   7.]
 [ 14.   9.  10.]
 [  6.  11.  20.]]
cf_score, 29.0
nv_score, -4.0
ratio, 0.424242424242
[[ 12.  15.  10.]
 [  9.  14.  10.]
 [  1.   6.  23.]]
cf_score, 38.0
nv_score, -7.0
ratio, 0.494949494949
[[ 15.  13.  10.]
 [ 12.   8.  14.]
 [  0.  11.  17.]]
cf_score, 30.0
nv_score, -17.0
ratio, 0.40404040404
[[ 19.  10.   6.]
 [ 10.   9.   5.]
 [  5.  12.  24.]]
cf_score, 41.0
nv_score, 7.0
ratio, 0.525252525253
[[ 12.   9.   8.]
 [ 18.   7.   8.]
 [  1.   7.  30.]]
cf_score, 40.0
nv_score, 6.0
ratio, 0.494949494949
[[ 13.  12.  13.]
 [  9.  14.  11.]
 [  2.   7.  19.]]
cf_score, 31.0
nv_score, -18.0
ratio, 0.464646464646
[[ 19.   8.   8.]
 [ 14.   5.  13.]
 [  6.   9.  18.]]
cf_score, 28.0
nv_score, -11.0
ratio, 0.424242424242
[[ 16.  11.   7.]
 [ 23.  13.   4.]
 [  5.   3.  18.]]
cf_score, 35.0
nv_score, 0.0
ratio, 0.474747474747
[[ 17.   6.   4.]
 [ 24.   7.   6.]
 [  8.  10.  18.]]
cf_score, 30.0
nv_score, 4.0
ratio, 0.424242424242
[[ 20.  13.   8.]
 [ 10.  12.   5.]
 [  5.   4.  23.]]
cf_score, 42.0
nv_score, 2.0
ratio, 0.555555555556
[[ 12.  17.   7.]
 [ 12.  11.   5.]
 [  9.  12.  15.]]
cf_score, 22.0
nv_score, -4.0
ratio, 0.383838383838
[[ 15.   9.   5.]
 [ 15.  12.   6.]
 [  4.  11.  23.]]
cf_score, 41.0
nv_score, 7.0
ratio, 0.505050505051
[[ 12.  11.   7.]
 [ 10.  11.   6.]
 [  5.   8.  30.]]
cf_score, 41.0
nv_score, 10.0
ratio, 0.535353535354
[[ 24.   6.   4.]
 [ 19.   8.   7.]
 [  3.   9.  20.]]
cf_score, 45.0
nv_score, 5.0
ratio, 0.525252525253
[[ 19.  10.   7.]
 [ 14.  12.   5.]
 [  4.   8.  21.]]
cf_score, 41.0
nv_score, 2.0
ratio, 0.525252525253
[[ 14.  13.   6.]
 [ 14.   7.   9.]
 [  4.  12.  21.]]
cf_score, 32.0
nv_score, 0.0
ratio, 0.424242424242
[[ 13.   9.  10.]
 [  7.  15.  12.]
 [  6.   7.  21.]]
cf_score, 33.0
nv_score, -11.0
ratio, 0.494949494949
[[ 15.  12.  10.]
 [  7.   9.   7.]
 [  7.  11.  22.]]
cf_score, 29.0
nv_score, -5.0
ratio, 0.464646464646
[[ 16.  14.   3.]
 [ 19.  15.   9.]
 [  7.   4.  13.]]
cf_score, 34.0
nv_score, -2.0
ratio, 0.444444444444
[[ 13.  13.   8.]
 [ 16.  11.   5.]
 [  9.   5.  20.]]
cf_score, 27.0
nv_score, -1.0
ratio, 0.444444444444
[[ 10.  11.   8.]
 [ 10.  13.   9.]
 [  6.  14.  19.]]
cf_score, 28.0
nv_score, -6.0
ratio, 0.424242424242
[[ 19.  13.   8.]
 [ 10.  13.   9.]
 [  3.   6.  19.]]
cf_score, 40.0
nv_score, -6.0
ratio, 0.515151515152
[[ 22.   9.   7.]
 [ 15.   9.   6.]
 [  4.   6.  22.]]
cf_score, 42.0
nv_score, 2.0
ratio, 0.535353535354
[[ 12.  14.   7.]
 [ 11.  13.   8.]
 [  8.   6.  21.]]
cf_score, 31.0
nv_score, -1.0
ratio, 0.464646464646
[[ 12.  16.   1.]
 [ 12.  10.   6.]
 [  7.  19.  17.]]
cf_score, 31.0
nv_score, 9.0
ratio, 0.393939393939
[[ 14.  14.   5.]
 [  8.  14.   9.]
 [  6.   6.  24.]]
cf_score, 41.0
nv_score, 5.0
ratio, 0.525252525253
[[ 14.  13.   7.]
 [ 17.  14.   6.]
 [  4.  10.  15.]]
cf_score, 32.0
nv_score, -5.0
ratio, 0.434343434343
[[ 17.  10.   8.]
 [ 17.  10.   4.]
 [  4.  11.  19.]]
cf_score, 34.0
nv_score, -1.0
ratio, 0.464646464646
[[ 11.  10.   8.]
 [  8.  17.   5.]
 [  8.   7.  26.]]
cf_score, 38.0
nv_score, 5.0
ratio, 0.545454545455
[[ 19.  18.   6.]
 [ 13.  10.   6.]
 [  5.   7.  16.]]
cf_score, 34.0
nv_score, -2.0
ratio, 0.454545454545
[[ 24.   9.   6.]
 [ 14.   9.   2.]
 [ 11.   9.  16.]]
cf_score, 32.0
nv_score, 2.0
ratio, 0.494949494949
[[ 16.  16.   4.]
 [  9.  17.   8.]
 [  9.   5.  16.]]
cf_score, 36.0
nv_score, 0.0
ratio, 0.494949494949
[[ 19.  12.   4.]
 [ 11.  14.   6.]
 [ 10.   9.  15.]]
cf_score, 34.0
nv_score, 1.0
ratio, 0.484848484848
[[  9.  17.   8.]
 [  7.  26.   3.]
 [  3.  11.  16.]]
cf_score, 40.0
nv_score, -3.0
ratio, 0.515151515152
