[[  4.  20.   8.]
 [  0.  22.   8.]
 [  2.  16.  20.]]
cf_score, 36.0
nv_score, -4.0
ratio, 0.464646464646
[[  0.  26.   8.]
 [  0.  28.   4.]
 [  6.  21.   7.]]
cf_score, 21.0
nv_score, -13.0
ratio, 0.353535353535
[[  2.  27.   3.]
 [  2.  24.   5.]
 [  9.  16.  12.]]
cf_score, 26.0
nv_score, 1.0
ratio, 0.383838383838
[[ 23.   0.   5.]
 [ 26.   0.   7.]
 [ 33.   0.   6.]]
cf_score, -9.0
nv_score, -11.0
ratio, 0.292929292929
[[ 26.   1.   8.]
 [ 23.   0.   9.]
 [ 17.   1.  15.]]
cf_score, 16.0
nv_score, -10.0
ratio, 0.414141414141
[[ 25.   0.   9.]
 [ 25.   0.   7.]
 [ 21.   0.  13.]]
cf_score, 8.0
nv_score, -12.0
ratio, 0.383838383838
[[ 14.   0.   6.]
 [ 25.   0.  10.]
 [ 21.   0.  24.]]
cf_score, 11.0
nv_score, 2.0
ratio, 0.383838383838
[[ 27.   1.   5.]
 [ 27.   0.   9.]
 [ 15.   1.  15.]]
cf_score, 22.0
nv_score, -4.0
ratio, 0.424242424242
[[ 27.   0.   6.]
 [ 21.   0.   9.]
 [ 15.   0.  22.]]
cf_score, 28.0
nv_score, 1.0
ratio, 0.494949494949
[[ 30.   0.   9.]
 [ 21.   0.   8.]
 [ 15.   0.  17.]]
cf_score, 23.0
nv_score, -9.0
ratio, 0.474747474747
[[ 32.   0.   5.]
 [ 18.   0.   8.]
 [ 22.   0.  15.]]
cf_score, 20.0
nv_score, -3.0
ratio, 0.474747474747
[[ 30.   0.   6.]
 [ 26.   0.  12.]
 [ 18.   0.   8.]]
cf_score, 14.0
nv_score, -16.0
ratio, 0.383838383838
[[ 24.   0.   4.]
 [ 34.   0.   3.]
 [ 21.   0.  14.]]
cf_score, 13.0
nv_score, 3.0
ratio, 0.383838383838
[[ 21.   0.   6.]
 [ 25.   0.   8.]
 [ 25.   0.  15.]]
cf_score, 5.0
nv_score, -5.0
ratio, 0.363636363636
[[ 30.   0.  11.]
 [ 21.   0.   6.]
 [ 16.   0.  16.]]
cf_score, 19.0
nv_score, -12.0
ratio, 0.464646464646
[[ 22.   0.   3.]
 [ 27.   0.   9.]
 [ 17.   0.  22.]]
cf_score, 24.0
nv_score, 7.0
ratio, 0.444444444444
[[ 28.   0.   3.]
 [ 30.   0.   1.]
 [ 20.   0.  18.]]
cf_score, 23.0
nv_score, 11.0
ratio, 0.464646464646
[[ 29.   1.   1.]
 [ 22.   3.   6.]
 [ 20.   1.  17.]]
cf_score, 28.0
nv_score, 9.0
ratio, 0.494949494949
[[ 19.   3.   7.]
 [ 19.   4.   9.]
 [ 17.   4.  18.]]
cf_score, 17.0
nv_score, -5.0
ratio, 0.414141414141
[[ 11.   7.   9.]
 [ 18.   6.  11.]
 [ 12.   3.  23.]]
cf_score, 19.0
nv_score, -6.0
ratio, 0.40404040404
[[ 15.   3.   9.]
 [ 26.   5.   7.]
 [ 16.   4.  15.]]
cf_score, 10.0
nv_score, -10.0
ratio, 0.353535353535
[[ 26.   5.   8.]
 [ 15.   7.   8.]
 [ 16.   5.  10.]]
cf_score, 19.0
nv_score, -14.0
ratio, 0.434343434343
[[ 12.   7.   2.]
 [ 16.   5.  12.]
 [ 13.   9.  24.]]
cf_score, 26.0
nv_score, 8.0
ratio, 0.414141414141
[[ 23.   6.   3.]
 [ 18.   8.   7.]
 [  9.   5.  21.]]
cf_score, 40.0
nv_score, 8.0
ratio, 0.525252525253
[[ 18.  14.   6.]
 [ 10.  13.   4.]
 [  8.   9.  18.]]
cf_score, 35.0
nv_score, 2.0
ratio, 0.494949494949
[[ 17.   7.   5.]
 [ 15.   5.   9.]
 [ 13.  11.  18.]]
cf_score, 22.0
nv_score, -1.0
ratio, 0.40404040404
[[ 19.  12.   3.]
 [ 17.   7.   8.]
 [  8.  11.  15.]]
cf_score, 30.0
nv_score, 1.0
ratio, 0.414141414141
[[ 16.  12.   7.]
 [ 10.  11.   9.]
 [ 11.  11.  13.]]
cf_score, 22.0
nv_score, -10.0
ratio, 0.40404040404
[[ 18.  15.   4.]
 [ 10.  11.   7.]
 [  9.  14.  12.]]
cf_score, 28.0
nv_score, -3.0
ratio, 0.414141414141
[[ 19.   9.   5.]
 [  8.  16.   8.]
 [  4.  11.  20.]]
cf_score, 46.0
nv_score, 2.0
ratio, 0.555555555556
[[ 10.  11.   8.]
 [ 10.  14.  10.]
 [ 10.  12.  15.]]
cf_score, 21.0
nv_score, -11.0
ratio, 0.393939393939
[[ 16.  16.   5.]
 [  5.  13.  11.]
 [  5.  14.  15.]]
cf_score, 34.0
nv_score, -6.0
ratio, 0.444444444444
[[  9.  14.   5.]
 [  9.  19.   9.]
 [  7.  12.  16.]]
cf_score, 32.0
nv_score, -3.0
ratio, 0.444444444444
[[ 14.   6.   3.]
 [ 12.  17.   4.]
 [  7.  16.  21.]]
cf_score, 42.0
nv_score, 11.0
ratio, 0.525252525253
[[ 13.  17.   6.]
 [ 15.  17.   9.]
 [  2.  10.  11.]]
cf_score, 33.0
nv_score, -10.0
ratio, 0.414141414141
[[ 18.   6.   7.]
 [ 18.  11.   3.]
 [  6.  13.  18.]]
cf_score, 34.0
nv_score, 1.0
ratio, 0.474747474747
[[ 12.   6.   5.]
 [ 11.  17.  11.]
 [ 11.  18.   9.]]
cf_score, 22.0
nv_score, -12.0
ratio, 0.383838383838
[[ 16.  12.   8.]
 [ 15.  12.   5.]
 [ 10.  10.  12.]]
cf_score, 22.0
nv_score, -9.0
ratio, 0.40404040404
[[  8.  14.   2.]
 [  5.  16.  11.]
 [  7.  15.  22.]]
cf_score, 37.0
nv_score, 7.0
ratio, 0.464646464646
[[ 18.   6.   2.]
 [ 15.  16.   5.]
 [ 14.   8.  16.]]
cf_score, 34.0
nv_score, 7.0
ratio, 0.505050505051
[[ 13.  10.   4.]
 [  8.  18.  11.]
 [  7.  14.  15.]]
cf_score, 35.0
nv_score, -4.0
ratio, 0.464646464646
[[ 11.  11.   5.]
 [  7.  14.   7.]
 [  6.  17.  22.]]
cf_score, 36.0
nv_score, 5.0
ratio, 0.474747474747
[[ 18.   9.   5.]
 [ 12.  15.   7.]
 [ 10.   9.  15.]]
cf_score, 33.0
nv_score, -2.0
ratio, 0.484848484848
[[ 10.  15.   3.]
 [  8.  21.  12.]
 [ 10.  10.  11.]]
cf_score, 29.0
nv_score, -7.0
ratio, 0.424242424242
[[ 15.   7.   4.]
 [  8.  15.  10.]
 [  9.  13.  19.]]
cf_score, 36.0
nv_score, 1.0
ratio, 0.494949494949
[[ 13.  16.   3.]
 [ 11.  16.  10.]
 [  6.  12.  13.]]
cf_score, 33.0
nv_score, -3.0
ratio, 0.424242424242
[[ 17.  13.   4.]
 [ 12.  14.   4.]
 [  7.  12.  17.]]
cf_score, 37.0
nv_score, 5.0
ratio, 0.484848484848
[[ 19.  12.   4.]
 [ 11.   9.   9.]
 [ 10.  17.   9.]]
cf_score, 23.0
nv_score, -8.0
ratio, 0.373737373737
[[ 13.  19.   6.]
 [ 13.  11.   8.]
 [  8.   6.  16.]]
cf_score, 26.0
nv_score, -4.0
ratio, 0.40404040404
[[ 14.  12.   6.]
 [ 12.   9.   7.]
 [ 11.  13.  16.]]
cf_score, 22.0
nv_score, -3.0
ratio, 0.393939393939
