[[ 25.   2.   7.]
 [ 23.   0.   6.]
 [ 25.   1.  11.]]
cf_score, 4.0
ratio, 0.363636363636
[[ 25.   2.  11.]
 [ 16.   3.  11.]
 [ 12.   2.  18.]]
cf_score, 23.0
ratio, 0.464646464646
[[ 21.   7.   9.]
 [ 17.   1.  12.]
 [ 22.   2.   9.]]
cf_score, 0.0
ratio, 0.313131313131
[[ 25.   1.   5.]
 [ 18.   1.  11.]
 [ 22.   5.  12.]]
cf_score, 11.0
ratio, 0.383838383838
[[ 22.   2.  12.]
 [ 21.   2.  11.]
 [ 17.   4.   9.]]
cf_score, 4.0
ratio, 0.333333333333
[[ 20.   2.   6.]
 [ 20.   5.  11.]
 [ 14.   5.  17.]]
cf_score, 22.0
ratio, 0.424242424242
[[ 19.   5.   7.]
 [ 22.   2.   8.]
 [ 22.   9.   6.]]
cf_score, -2.0
ratio, 0.272727272727
[[ 16.   7.   9.]
 [ 21.   9.  12.]
 [ 16.   5.   5.]]
cf_score, 5.0
ratio, 0.30303030303
[[ 17.   5.   1.]
 [ 23.  13.   3.]
 [ 12.  11.  15.]]
cf_score, 32.0
ratio, 0.454545454545
[[ 18.  11.   7.]
 [ 15.   5.   5.]
 [ 14.  12.  13.]]
cf_score, 15.0
ratio, 0.363636363636
[[ 20.   8.   8.]
 [ 16.  11.   9.]
 [ 10.   7.  11.]]
cf_score, 24.0
ratio, 0.424242424242
[[ 15.  12.   7.]
 [ 24.   9.   8.]
 [ 12.   7.   6.]]
cf_score, 11.0
ratio, 0.30303030303
[[ 13.   6.   8.]
 [ 20.  12.   4.]
 [ 11.  11.  15.]]
cf_score, 21.0
ratio, 0.40404040404
[[  6.  13.  15.]
 [  9.   9.  19.]
 [  5.   3.  21.]]
cf_score, 16.0
ratio, 0.363636363636
[[  8.   7.  13.]
 [ 21.  10.   8.]
 [ 12.   9.  12.]]
cf_score, 5.0
ratio, 0.30303030303
[[ 19.   5.   9.]
 [ 10.  13.  11.]
 [  6.   6.  21.]]
cf_score, 38.0
ratio, 0.535353535354
[[ 12.   9.   6.]
 [ 19.  18.   5.]
 [ 10.  13.   8.]]
cf_score, 22.0
ratio, 0.383838383838
[[ 11.   8.   7.]
 [ 15.  11.   8.]
 [ 11.  11.  18.]]
cf_score, 22.0
ratio, 0.40404040404
[[ 26.   8.   4.]
 [ 16.  11.   4.]
 [ 15.  10.   6.]]
cf_score, 24.0
ratio, 0.434343434343
[[ 16.  13.   4.]
 [ 18.  12.   6.]
 [  9.   5.  17.]]
cf_score, 32.0
ratio, 0.454545454545
[[ 23.   9.   3.]
 [ 16.   9.  11.]
 [  7.   7.  15.]]
cf_score, 37.0
ratio, 0.474747474747
[[ 13.  11.   4.]
 [ 22.   9.   4.]
 [ 14.  12.  11.]]
cf_score, 15.0
ratio, 0.333333333333
[[ 20.  10.   3.]
 [ 11.  11.   6.]
 [ 10.  13.  16.]]
cf_score, 34.0
ratio, 0.474747474747
[[ 19.  10.   9.]
 [ 15.  11.   4.]
 [ 13.   8.  11.]]
cf_score, 19.0
ratio, 0.414141414141
[[ 13.  13.   8.]
 [ 16.  13.   7.]
 [  5.   7.  18.]]
cf_score, 31.0
ratio, 0.444444444444
[[ 15.  15.   9.]
 [  6.  13.   6.]
 [ 11.   9.  16.]]
cf_score, 24.0
ratio, 0.444444444444
[[ 14.   8.  12.]
 [  8.  13.   9.]
 [  3.  13.  20.]]
cf_score, 32.0
ratio, 0.474747474747
[[ 16.   9.  10.]
 [  5.  16.   5.]
 [  9.   9.  21.]]
cf_score, 34.0
ratio, 0.535353535354
[[ 18.  12.  12.]
 [ 15.   6.   2.]
 [  4.  12.  19.]]
cf_score, 27.0
ratio, 0.434343434343
[[ 23.  10.   4.]
 [ 12.   6.   4.]
 [ 20.   7.  14.]]
cf_score, 19.0
ratio, 0.434343434343
[[ 13.  15.   9.]
 [  6.  15.   6.]
 [  8.  17.  11.]]
cf_score, 22.0
ratio, 0.393939393939
[[ 17.  20.   6.]
 [ 12.   6.   3.]
 [  6.  15.  15.]]
cf_score, 26.0
ratio, 0.383838383838
[[ 13.   8.   7.]
 [ 16.  16.   3.]
 [ 11.   7.  19.]]
cf_score, 30.0
ratio, 0.484848484848
[[ 10.  10.   8.]
 [ 13.  11.  10.]
 [  2.  14.  22.]]
cf_score, 33.0
ratio, 0.434343434343
[[ 13.  10.   9.]
 [ 15.  16.  14.]
 [  4.  13.   6.]]
cf_score, 22.0
ratio, 0.353535353535
[[ 15.  12.   8.]
 [ 17.   8.  12.]
 [  6.  14.   8.]]
cf_score, 17.0
ratio, 0.313131313131
[[ 11.  10.   5.]
 [ 14.  12.   7.]
 [  8.  13.  20.]]
cf_score, 30.0
ratio, 0.434343434343
[[ 14.  12.   9.]
 [ 17.  14.   4.]
 [ 11.   9.  10.]]
cf_score, 18.0
ratio, 0.383838383838
[[ 13.   9.   8.]
 [ 12.  11.   8.]
 [  6.  13.  20.]]
cf_score, 30.0
ratio, 0.444444444444
[[ 15.   8.   5.]
 [ 18.  11.   4.]
 [ 12.  13.  14.]]
cf_score, 23.0
ratio, 0.40404040404
[[ 11.  16.   5.]
 [  9.   9.   8.]
 [ 12.  11.  19.]]
cf_score, 22.0
ratio, 0.393939393939
[[ 19.  13.  10.]
 [ 13.   8.  12.]
 [  7.   5.  13.]]
cf_score, 23.0
ratio, 0.40404040404
[[ 17.  15.   6.]
 [ 10.  13.   8.]
 [  8.   8.  15.]]
cf_score, 31.0
ratio, 0.454545454545
[[ 14.  16.   9.]
 [ 13.   6.   4.]
 [  9.  13.  16.]]
cf_score, 18.0
ratio, 0.363636363636
[[ 18.  11.   5.]
 [ 15.   8.   5.]
 [ 10.  15.  13.]]
cf_score, 24.0
ratio, 0.393939393939
[[ 14.  17.   7.]
 [  9.  13.   3.]
 [ 11.   8.  18.]]
cf_score, 27.0
ratio, 0.454545454545
[[ 19.   9.   1.]
 [ 19.  13.   7.]
 [  7.   7.  18.]]
cf_score, 42.0
ratio, 0.505050505051
[[ 13.  12.  10.]
 [ 17.  10.   6.]
 [  6.  12.  14.]]
cf_score, 21.0
ratio, 0.373737373737
[[  9.  13.   9.]
 [ 16.  15.   5.]
 [  6.  11.  16.]]
cf_score, 25.0
ratio, 0.40404040404
[[ 19.  10.  10.]
 [ 12.   4.   6.]
 [ 13.   6.  20.]]
cf_score, 20.0
ratio, 0.434343434343
[[ 15.  12.   4.]
 [ 15.  10.   6.]
 [  8.   7.  23.]]
cf_score, 36.0
ratio, 0.484848484848
[[  9.  15.  10.]
 [  4.  19.  13.]
 [  0.   9.  21.]]
cf_score, 39.0
ratio, 0.494949494949
[[ 19.  11.   6.]
 [ 22.   9.   8.]
 [ 13.   5.   7.]]
cf_score, 16.0
ratio, 0.353535353535
[[ 16.   7.   8.]
 [ 15.   8.  10.]
 [  3.  17.  16.]]
cf_score, 29.0
ratio, 0.40404040404
[[ 15.   9.   1.]
 [ 12.  16.   6.]
 [ 13.  12.  16.]]
cf_score, 33.0
ratio, 0.474747474747
[[  9.  15.   3.]
 [ 15.  17.   0.]
 [ 13.   9.  19.]]
cf_score, 29.0
ratio, 0.454545454545
[[ 14.   8.   3.]
 [ 20.  11.   8.]
 [ 11.  13.  12.]]
cf_score, 23.0
ratio, 0.373737373737
[[ 24.   6.   7.]
 [ 21.  12.   5.]
 [ 13.   7.   5.]]
cf_score, 21.0
ratio, 0.414141414141
[[ 20.   7.   3.]
 [ 15.  14.   2.]
 [ 11.  11.  17.]]
cf_score, 37.0
ratio, 0.515151515152
[[ 13.   9.   7.]
 [ 11.  18.   4.]
 [ 13.   8.  17.]]
cf_score, 28.0
ratio, 0.484848484848
[[ 15.   7.  15.]
 [ 13.  12.   9.]
 [  5.   8.  16.]]
cf_score, 23.0
ratio, 0.434343434343
[[ 16.  12.  11.]
 [ 11.  16.   7.]
 [  9.   5.  13.]]
cf_score, 25.0
ratio, 0.454545454545
[[ 22.  12.   3.]
 [ 13.   7.   7.]
 [ 14.   7.  15.]]
cf_score, 27.0
ratio, 0.444444444444
[[ 13.  12.   9.]
 [ 20.  16.   5.]
 [  6.   9.  10.]]
cf_score, 24.0
ratio, 0.393939393939
[[ 16.  14.   6.]
 [ 18.   9.   2.]
 [ 10.  12.  13.]]
cf_score, 22.0
ratio, 0.383838383838
[[ 22.   9.   4.]
 [ 21.  12.   4.]
 [  5.  10.  13.]]
cf_score, 38.0
ratio, 0.474747474747
[[ 19.  10.   6.]
 [ 14.   8.  10.]
 [  8.  10.  15.]]
cf_score, 28.0
ratio, 0.424242424242
[[ 13.  12.   6.]
 [  8.  14.  10.]
 [ 13.   8.  16.]]
cf_score, 24.0
ratio, 0.434343434343
[[ 17.  11.   8.]
 [ 15.   9.   8.]
 [ 10.   6.  16.]]
cf_score, 24.0
ratio, 0.424242424242
[[  8.  11.   6.]
 [ 13.  18.   5.]
 [  8.  15.  16.]]
cf_score, 28.0
ratio, 0.424242424242
[[ 13.   9.   9.]
 [ 14.   9.   4.]
 [  7.  17.  18.]]
cf_score, 24.0
ratio, 0.40404040404
[[ 17.   9.   7.]
 [ 15.  16.   3.]
 [  9.  12.  12.]]
cf_score, 29.0
ratio, 0.454545454545
[[ 13.   7.   8.]
 [ 18.  18.   6.]
 [  1.  14.  15.]]
cf_score, 37.0
ratio, 0.464646464646
[[ 13.   9.   8.]
 [ 20.   8.   7.]
 [  8.  12.  15.]]
cf_score, 20.0
ratio, 0.363636363636
[[ 21.  17.   6.]
 [  9.   7.   5.]
 [ 15.   5.  15.]]
cf_score, 22.0
ratio, 0.434343434343
[[  5.   8.  11.]
 [  8.  22.   9.]
 [  3.  10.  24.]]
cf_score, 37.0
ratio, 0.515151515152
[[  7.  11.   5.]
 [ 20.  13.   9.]
 [  8.  10.  17.]]
cf_score, 24.0
ratio, 0.373737373737
[[  8.  11.  10.]
 [  7.  12.   6.]
 [  6.  11.  29.]]
cf_score, 33.0
ratio, 0.494949494949
[[ 15.  14.   7.]
 [ 18.   8.   6.]
 [ 12.  11.   9.]]
cf_score, 13.0
ratio, 0.323232323232
[[ 13.  18.   5.]
 [  9.  10.   9.]
 [  6.  12.  18.]]
cf_score, 30.0
ratio, 0.414141414141
[[ 12.  10.   6.]
 [ 13.  18.   9.]
 [  7.   7.  18.]]
cf_score, 35.0
ratio, 0.484848484848
[[ 21.  11.   6.]
 [ 22.   8.   5.]
 [  9.   4.  14.]]
cf_score, 28.0
ratio, 0.434343434343
[[ 12.  18.   9.]
 [  9.  13.   5.]
 [ 14.  11.   9.]]
cf_score, 11.0
ratio, 0.343434343434
[[ 14.  12.   4.]
 [ 17.  13.   3.]
 [  9.  12.  16.]]
cf_score, 30.0
ratio, 0.434343434343
[[ 18.  10.   7.]
 [ 20.  16.   2.]
 [ 11.   7.   9.]]
cf_score, 25.0
ratio, 0.434343434343
[[ 13.   8.   4.]
 [ 19.  11.   5.]
 [ 12.   8.  20.]]
cf_score, 28.0
ratio, 0.444444444444
[[  8.  10.   9.]
 [ 12.  16.   9.]
 [  4.  16.  16.]]
cf_score, 27.0
ratio, 0.40404040404
[[ 15.   9.   1.]
 [ 14.  16.   4.]
 [ 11.  13.  17.]]
cf_score, 36.0
ratio, 0.484848484848
[[ 19.   6.   5.]
 [ 12.  11.   9.]
 [  3.  14.  21.]]
cf_score, 43.0
ratio, 0.515151515152
[[  6.  16.   8.]
 [ 11.   9.   9.]
 [  9.  17.  15.]]
cf_score, 13.0
ratio, 0.30303030303
[[ 10.  10.   2.]
 [ 23.  10.   6.]
 [  9.  12.  18.]]
cf_score, 27.0
ratio, 0.383838383838
[[ 18.  13.   4.]
 [ 15.  10.   7.]
 [ 11.  10.  12.]]
cf_score, 25.0
ratio, 0.40404040404
[[ 26.  12.   3.]
 [ 16.   7.   3.]
 [ 12.  16.   5.]]
cf_score, 23.0
ratio, 0.383838383838
[[ 27.   8.   4.]
 [ 11.  11.   2.]
 [ 12.  13.  12.]]
cf_score, 34.0
ratio, 0.505050505051
[[ 28.   8.   4.]
 [ 19.  11.   4.]
 [  8.   7.  11.]]
cf_score, 38.0
ratio, 0.505050505051
[[ 11.  11.  11.]
 [ 11.  17.   5.]
 [  4.  11.  19.]]
cf_score, 32.0
ratio, 0.474747474747
[[ 11.  10.  14.]
 [ 14.  10.  10.]
 [  7.  10.  14.]]
cf_score, 14.0
ratio, 0.353535353535
[[  7.   7.   6.]
 [  9.   9.   4.]
 [ 13.  17.  28.]]
cf_score, 25.0
ratio, 0.444444444444
[[ 18.  13.   5.]
 [ 12.   8.  10.]
 [ 12.  10.  12.]]
cf_score, 21.0
ratio, 0.383838383838
[[ 25.   8.   6.]
 [ 18.   7.   8.]
 [  7.   9.  12.]]
cf_score, 31.0
ratio, 0.444444444444
