[[  0.   0.  42.]
 [  0.   0.  38.]
 [  0.   0.  20.]]
cf_score, -22.0
ratio, 0.20202020202
[[  0.   0.  43.]
 [  0.   0.  36.]
 [  0.   0.  21.]]
cf_score, -22.0
ratio, 0.212121212121
[[  0.   0.  42.]
 [  0.   0.  38.]
 [  0.   0.  20.]]
cf_score, -22.0
ratio, 0.20202020202
[[  0.   0.  44.]
 [  0.   0.  30.]
 [  0.   0.  26.]]
cf_score, -18.0
ratio, 0.262626262626
[[  0.   0.  42.]
 [  0.   0.  34.]
 [  0.   0.  24.]]
cf_score, -18.0
ratio, 0.242424242424
[[  0.   0.  28.]
 [  0.   0.  41.]
 [  0.   0.  31.]]
cf_score, 3.0
ratio, 0.313131313131
[[ 21.   1.  21.]
 [ 19.   0.  13.]
 [  6.   3.  16.]]
cf_score, 10.0
ratio, 0.373737373737
[[ 28.   5.  20.]
 [ 17.   4.   9.]
 [  9.   1.   7.]]
cf_score, 10.0
ratio, 0.393939393939
[[ 19.   7.  21.]
 [ 22.   3.  10.]
 [  9.   0.   9.]]
cf_score, 1.0
ratio, 0.313131313131
[[ 17.   6.  17.]
 [ 27.  13.   2.]
 [  9.   2.   7.]]
cf_score, 11.0
ratio, 0.373737373737
[[ 27.   4.  13.]
 [ 17.  19.   2.]
 [ 11.   2.   5.]]
cf_score, 27.0
ratio, 0.515151515152
[[ 34.   3.  12.]
 [ 21.   1.   4.]
 [ 15.   2.   8.]]
cf_score, 16.0
ratio, 0.434343434343
[[ 27.   0.  12.]
 [ 23.   5.  11.]
 [ 13.   4.   5.]]
cf_score, 12.0
ratio, 0.373737373737
[[ 31.   2.  11.]
 [ 32.   2.   5.]
 [  9.   2.   6.]]
cf_score, 19.0
ratio, 0.393939393939
[[ 38.   0.  11.]
 [ 28.   2.   5.]
 [ 13.   0.   3.]]
cf_score, 19.0
ratio, 0.434343434343
[[ 12.  18.  12.]
 [ 12.  14.   3.]
 [  5.   9.  15.]]
cf_score, 24.0
ratio, 0.414141414141
[[ 11.  17.  13.]
 [ 28.  11.   4.]
 [ 10.   4.   2.]]
cf_score, 1.0
ratio, 0.242424242424
[[ 18.  15.   9.]
 [ 11.  18.   8.]
 [  5.   8.   8.]]
cf_score, 30.0
ratio, 0.444444444444
[[ 13.  16.   9.]
 [  8.  21.   8.]
 [ 11.   8.   6.]]
cf_score, 20.0
ratio, 0.40404040404
[[ 12.  19.  10.]
 [ 12.  20.   2.]
 [  7.  11.   7.]]
cf_score, 22.0
ratio, 0.393939393939
[[ 15.  24.   8.]
 [ 13.  18.   4.]
 [  4.   8.   6.]]
cf_score, 27.0
ratio, 0.393939393939
[[ 14.  27.   9.]
 [  6.  21.   1.]
 [  6.  11.   5.]]
cf_score, 25.0
ratio, 0.40404040404
[[  7.  11.  13.]
 [  8.  31.   6.]
 [  4.   9.  11.]]
cf_score, 32.0
ratio, 0.494949494949
[[ 11.  25.  14.]
 [  3.  20.   6.]
 [  3.   8.  10.]]
cf_score, 24.0
ratio, 0.414141414141
[[  8.  27.  13.]
 [ 10.  24.   3.]
 [  5.   6.   4.]]
cf_score, 18.0
ratio, 0.363636363636
[[  4.  26.  12.]
 [  5.  24.   5.]
 [  5.  10.   9.]]
cf_score, 20.0
ratio, 0.373737373737
[[  5.  32.   9.]
 [  4.  21.   5.]
 [  4.  10.  10.]]
cf_score, 23.0
ratio, 0.363636363636
[[  8.  22.   8.]
 [  8.  22.   9.]
 [  3.  16.   4.]]
cf_score, 23.0
ratio, 0.343434343434
[[ 10.  32.   8.]
 [  2.  23.   5.]
 [  6.   7.   7.]]
cf_score, 26.0
ratio, 0.40404040404
[[  9.  24.  13.]
 [  6.  29.   3.]
 [  0.   8.   8.]]
cf_score, 33.0
ratio, 0.464646464646
[[  4.  25.  10.]
 [  9.  20.   5.]
 [  2.  16.   9.]]
cf_score, 21.0
ratio, 0.333333333333
[[ 12.  28.   8.]
 [  4.  18.   4.]
 [  4.  14.   8.]]
cf_score, 26.0
ratio, 0.383838383838
[[  7.  33.   9.]
 [  4.  23.   4.]
 [  1.   9.  10.]]
cf_score, 30.0
ratio, 0.40404040404
[[ 11.  14.  13.]
 [  9.  26.   2.]
 [  3.  12.  10.]]
cf_score, 31.0
ratio, 0.474747474747
[[  7.  25.   8.]
 [  6.  25.   7.]
 [  1.  12.   9.]]
cf_score, 32.0
ratio, 0.414141414141
[[  9.  25.  11.]
 [  7.  27.   5.]
 [  0.  11.   5.]]
cf_score, 30.0
ratio, 0.414141414141
[[  8.  31.  10.]
 [  1.  24.   4.]
 [  0.  15.   7.]]
cf_score, 29.0
ratio, 0.393939393939
[[  8.  31.   6.]
 [  4.  19.   6.]
 [  3.  18.   5.]]
cf_score, 23.0
ratio, 0.323232323232
[[  6.  30.  16.]
 [  5.  24.   2.]
 [  1.  10.   6.]]
cf_score, 19.0
ratio, 0.363636363636
[[  7.  28.  11.]
 [  7.  21.   5.]
 [  4.  11.   6.]]
cf_score, 19.0
ratio, 0.343434343434
[[  7.  28.   9.]
 [  4.  26.   6.]
 [  0.  12.   8.]]
cf_score, 32.0
ratio, 0.414141414141
[[ 10.  20.  14.]
 [  4.  24.   1.]
 [  1.  16.  10.]]
cf_score, 29.0
ratio, 0.444444444444
[[  9.  29.   9.]
 [  5.  26.   2.]
 [  1.  13.   6.]]
cf_score, 31.0
ratio, 0.414141414141
[[  4.  30.   8.]
 [  5.  27.   6.]
 [  1.  11.   8.]]
cf_score, 30.0
ratio, 0.393939393939
[[  5.  29.   7.]
 [  4.  30.   0.]
 [  2.  14.   9.]]
cf_score, 35.0
ratio, 0.444444444444
[[  8.  29.   7.]
 [  6.  29.   2.]
 [  1.  15.   3.]]
cf_score, 32.0
ratio, 0.40404040404
[[ 11.  21.  11.]
 [  3.  27.   5.]
 [  1.  13.   8.]]
cf_score, 34.0
ratio, 0.464646464646
[[  9.  16.  10.]
 [  1.  33.   8.]
 [  0.  14.   9.]]
cf_score, 41.0
ratio, 0.515151515152
[[  3.  21.  11.]
 [  8.  30.   3.]
 [  0.  17.   7.]]
cf_score, 29.0
ratio, 0.40404040404
[[  7.  17.   5.]
 [  3.  38.   4.]
 [  3.  12.  11.]]
cf_score, 48.0
ratio, 0.565656565657
[[  4.  28.  11.]
 [  4.  33.   6.]
 [  1.   8.   5.]]
cf_score, 30.0
ratio, 0.424242424242
[[  7.  30.   6.]
 [  3.  32.   4.]
 [  4.   7.   7.]]
cf_score, 36.0
ratio, 0.464646464646
[[  7.  33.   9.]
 [  2.  23.   3.]
 [  0.  17.   6.]]
cf_score, 27.0
ratio, 0.363636363636
[[  5.  31.   9.]
 [  3.  31.   2.]
 [  1.   7.  11.]]
cf_score, 37.0
ratio, 0.474747474747
[[  6.  24.  12.]
 [  4.  28.   4.]
 [  1.  13.   8.]]
cf_score, 29.0
ratio, 0.424242424242
[[ 11.  21.  17.]
 [  5.  29.   4.]
 [  2.   6.   5.]]
cf_score, 26.0
ratio, 0.454545454545
[[ 10.  24.  12.]
 [  6.  25.   2.]
 [  1.  12.   8.]]
cf_score, 30.0
ratio, 0.434343434343
[[  9.  24.  11.]
 [  2.  28.   2.]
 [  2.  11.  11.]]
cf_score, 35.0
ratio, 0.484848484848
[[  3.  19.  14.]
 [  3.  31.   6.]
 [  0.  15.   9.]]
cf_score, 29.0
ratio, 0.434343434343
[[  8.  25.   6.]
 [  7.  25.   2.]
 [  2.  16.   9.]]
cf_score, 34.0
ratio, 0.424242424242
[[  7.  22.  10.]
 [  4.  28.   5.]
 [  1.  12.  11.]]
cf_score, 35.0
ratio, 0.464646464646
[[  8.  28.  13.]
 [  7.  23.   1.]
 [  3.  11.   6.]]
cf_score, 21.0
ratio, 0.373737373737
[[  8.  31.   8.]
 [  3.  28.   2.]
 [  1.  14.   5.]]
cf_score, 32.0
ratio, 0.414141414141
[[ 12.  22.   7.]
 [  9.  21.   6.]
 [  3.  11.   9.]]
cf_score, 32.0
ratio, 0.424242424242
[[  9.  29.  12.]
 [  3.  27.   4.]
 [  2.  10.   4.]]
cf_score, 26.0
ratio, 0.40404040404
[[  6.  35.   7.]
 [  2.  21.   5.]
 [  4.   7.  13.]]
cf_score, 29.0
ratio, 0.40404040404
[[ 11.  27.  14.]
 [  7.  19.   1.]
 [  2.  11.   8.]]
cf_score, 22.0
ratio, 0.383838383838
[[ 10.  21.  13.]
 [  6.  17.   6.]
 [  0.  10.  17.]]
cf_score, 31.0
ratio, 0.444444444444
[[ 16.  28.  10.]
 [  2.  21.   7.]
 [  1.  13.   2.]]
cf_score, 28.0
ratio, 0.393939393939
[[  8.  19.  19.]
 [  3.  18.   6.]
 [  2.  20.   5.]]
cf_score, 10.0
ratio, 0.313131313131
[[  8.  19.  18.]
 [  3.  23.   8.]
 [  0.  15.   6.]]
cf_score, 19.0
ratio, 0.373737373737
[[  4.  17.  17.]
 [  1.  25.  10.]
 [  1.  16.   9.]]
cf_score, 20.0
ratio, 0.383838383838
[[  0.  28.  17.]
 [  1.  25.  10.]
 [  1.  15.   3.]]
cf_score, 10.0
ratio, 0.282828282828
[[  3.  39.  14.]
 [  4.  19.   6.]
 [  0.   5.  10.]]
cf_score, 18.0
ratio, 0.323232323232
[[  5.  26.  17.]
 [  4.  19.  11.]
 [  1.   8.   9.]]
cf_score, 15.0
ratio, 0.333333333333
[[  4.  22.  16.]
 [  3.  23.   5.]
 [  3.  16.   8.]]
cf_score, 16.0
ratio, 0.353535353535
[[  4.  28.  14.]
 [  2.  22.   9.]
 [  1.  11.   9.]]
cf_score, 20.0
ratio, 0.353535353535
[[  1.  20.  17.]
 [  5.  20.  14.]
 [  2.  12.   9.]]
cf_score, 11.0
ratio, 0.30303030303
[[  9.  31.  19.]
 [  4.  16.   4.]
 [  0.   7.  10.]]
cf_score, 16.0
ratio, 0.353535353535
[[  7.  22.  17.]
 [  4.  29.   6.]
 [  0.  11.   4.]]
cf_score, 23.0
ratio, 0.40404040404
[[  1.  23.  22.]
 [  2.  17.  13.]
 [  0.  17.   5.]]
cf_score, 1.0
ratio, 0.232323232323
[[  3.  18.  23.]
 [  3.  30.   4.]
 [  1.  15.   3.]]
cf_score, 12.0
ratio, 0.363636363636
[[  4.  23.  17.]
 [  0.  27.   8.]
 [  3.  11.   7.]]
cf_score, 18.0
ratio, 0.383838383838
[[  4.  24.  16.]
 [  1.  29.   8.]
 [  0.  10.   8.]]
cf_score, 25.0
ratio, 0.414141414141
[[  3.  30.  14.]
 [  2.  24.   6.]
 [  0.  15.   6.]]
cf_score, 19.0
ratio, 0.333333333333
[[  5.  32.  11.]
 [  2.  20.   9.]
 [  2.   5.  14.]]
cf_score, 26.0
ratio, 0.393939393939
[[  3.  27.  13.]
 [  4.  29.  10.]
 [  2.   4.   8.]]
cf_score, 25.0
ratio, 0.40404040404
[[  3.  21.  16.]
 [  3.  25.   8.]
 [  6.  12.   6.]]
cf_score, 12.0
ratio, 0.343434343434
[[  3.  26.   5.]
 [  1.  27.  12.]
 [  2.  11.  13.]]
cf_score, 36.0
ratio, 0.434343434343
[[  8.  27.   7.]
 [  5.  25.   3.]
 [  2.  16.   7.]]
cf_score, 31.0
ratio, 0.40404040404
[[  5.  27.   9.]
 [  4.  27.   3.]
 [  4.   9.  12.]]
cf_score, 31.0
ratio, 0.444444444444
[[  3.  34.  10.]
 [  1.  25.   3.]
 [  3.  10.  11.]]
cf_score, 26.0
ratio, 0.393939393939
[[ 10.  17.  10.]
 [  2.  32.   5.]
 [  4.  14.   6.]]
cf_score, 34.0
ratio, 0.484848484848
[[  5.  35.  13.]
 [  3.  22.   2.]
 [  0.  13.   7.]]
cf_score, 21.0
ratio, 0.343434343434
[[  8.  25.   9.]
 [  3.  34.   5.]
 [  1.  11.   4.]]
cf_score, 36.0
ratio, 0.464646464646
[[  5.  25.  12.]
 [  2.  25.   5.]
 [  1.  15.  10.]]
cf_score, 27.0
ratio, 0.40404040404
[[  5.  35.   8.]
 [  4.  23.   3.]
 [  1.  10.  11.]]
cf_score, 30.0
ratio, 0.393939393939
[[  4.  25.   9.]
 [  3.  29.   8.]
 [  2.  13.   7.]]
cf_score, 29.0
ratio, 0.40404040404
[[  6.  31.   5.]
 [  4.  29.   4.]
 [  1.  14.   6.]]
cf_score, 35.0
ratio, 0.414141414141
[[  7.  32.   8.]
 [  4.  24.   3.]
 [  2.  17.   3.]]
cf_score, 24.0
ratio, 0.343434343434
