[[  0.  33.   4.]
 [  0.  31.   3.]
 [  0.  24.   5.]]
cf_score, 32.0
nv_score, -6.0
ratio, 0.363636363636
[[ 23.   7.   3.]
 [ 19.   4.   8.]
 [ 12.   4.  20.]]
cf_score, 32.0
nv_score, 6.0
ratio, 0.474747474747
[[ 20.   5.  10.]
 [  9.  12.   8.]
 [  7.   6.  23.]]
cf_score, 38.0
nv_score, -5.0
ratio, 0.555555555556
[[ 24.   4.   9.]
 [ 14.   6.   9.]
 [  9.   5.  20.]]
cf_score, 32.0
nv_score, -7.0
ratio, 0.505050505051
[[ 15.   6.  16.]
 [ 13.   3.   9.]
 [  7.   7.  24.]]
cf_score, 19.0
nv_score, -17.0
ratio, 0.424242424242
[[ 21.   3.   5.]
 [ 12.   8.   6.]
 [ 13.  10.  22.]]
cf_score, 33.0
nv_score, 6.0
ratio, 0.515151515152
[[ 31.   5.   9.]
 [ 10.   5.   8.]
 [ 13.   8.  11.]]
cf_score, 25.0
nv_score, -15.0
ratio, 0.474747474747
[[ 20.   6.   8.]
 [ 12.  15.   9.]
 [ 12.   2.  16.]]
cf_score, 31.0
nv_score, -9.0
ratio, 0.515151515152
[[ 10.  15.  15.]
 [  8.   5.  16.]
 [  7.   6.  18.]]
cf_score, 11.0
nv_score, -28.0
ratio, 0.333333333333
[[ 15.   8.   9.]
 [  8.   8.   9.]
 [ 10.   6.  27.]]
cf_score, 31.0
nv_score, 0.0
ratio, 0.505050505051
[[ 25.   9.   8.]
 [  9.  11.   7.]
 [  8.   7.  16.]]
cf_score, 36.0
nv_score, -7.0
ratio, 0.525252525253
[[ 26.   4.   8.]
 [ 16.   8.  10.]
 [ 12.   6.  10.]]
cf_score, 24.0
nv_score, -16.0
ratio, 0.444444444444
[[ 27.   9.   8.]
 [ 14.   7.   7.]
 [  7.  11.  10.]]
cf_score, 29.0
nv_score, -13.0
ratio, 0.444444444444
[[ 13.  16.   8.]
 [  8.  11.   8.]
 [  7.   6.  23.]]
cf_score, 32.0
nv_score, -1.0
ratio, 0.474747474747
[[ 11.  18.  13.]
 [  6.   7.   7.]
 [ 13.  10.  15.]]
cf_score, 7.0
nv_score, -18.0
ratio, 0.333333333333
[[ 19.  11.  12.]
 [ 12.  15.   4.]
 [  2.   9.  16.]]
cf_score, 36.0
nv_score, -12.0
ratio, 0.505050505051
[[ 11.   6.   9.]
 [ 12.  10.  15.]
 [ 12.  10.  15.]]
cf_score, 15.0
nv_score, -18.0
ratio, 0.363636363636
[[ 16.  12.  15.]
 [  6.  13.   9.]
 [  3.   9.  17.]]
cf_score, 28.0
nv_score, -22.0
ratio, 0.464646464646
[[ 14.  15.  15.]
 [ 13.  10.  10.]
 [  7.   5.  11.]]
cf_score, 13.0
nv_score, -29.0
ratio, 0.353535353535
[[  7.  15.  11.]
 [  7.  12.   7.]
 [  5.  13.  23.]]
cf_score, 26.0
nv_score, -6.0
ratio, 0.424242424242
[[ 10.  16.   6.]
 [ 11.  10.  10.]
 [  8.   7.  22.]]
cf_score, 28.0
nv_score, 0.0
ratio, 0.424242424242
[[ 10.  23.  10.]
 [  5.   7.   8.]
 [  8.  12.  17.]]
cf_score, 16.0
nv_score, -11.0
ratio, 0.343434343434
[[ 11.  15.  16.]
 [  8.  11.  12.]
 [  4.   6.  17.]]
cf_score, 19.0
nv_score, -27.0
ratio, 0.393939393939
[[ 14.  13.   8.]
 [ 15.  10.   6.]
 [  6.   5.  23.]]
cf_score, 33.0
nv_score, 1.0
ratio, 0.474747474747
[[ 14.  12.  11.]
 [ 14.  19.   4.]
 [  2.   4.  20.]]
cf_score, 40.0
nv_score, -6.0
ratio, 0.535353535354
[[ 13.  10.   8.]
 [ 10.  11.  14.]
 [  4.  12.  18.]]
cf_score, 30.0
nv_score, -12.0
ratio, 0.424242424242
[[ 14.   7.  10.]
 [ 12.  13.   7.]
 [  4.  13.  20.]]
cf_score, 33.0
nv_score, -7.0
ratio, 0.474747474747
[[ 16.  10.  16.]
 [ 12.  11.   6.]
 [  5.   8.  16.]]
cf_score, 22.0
nv_score, -22.0
ratio, 0.434343434343
[[ 22.  11.  10.]
 [  7.  16.   9.]
 [  5.   9.  11.]]
cf_score, 34.0
nv_score, -18.0
ratio, 0.494949494949
[[ 16.  12.   4.]
 [ 14.  16.   5.]
 [ 10.   7.  16.]]
cf_score, 34.0
nv_score, 3.0
ratio, 0.484848484848
[[ 14.  10.  16.]
 [  7.  11.  10.]
 [  5.   7.  20.]]
cf_score, 24.0
nv_score, -22.0
ratio, 0.454545454545
[[ 16.  13.  14.]
 [ 10.  10.  10.]
 [  8.   5.  14.]]
cf_score, 18.0
nv_score, -24.0
ratio, 0.40404040404
[[ 25.   9.   7.]
 [  8.  13.   8.]
 [  4.   8.  18.]]
cf_score, 45.0
nv_score, -4.0
ratio, 0.565656565657
[[ 18.  12.  10.]
 [  8.   7.  15.]
 [ 11.   4.  15.]]
cf_score, 19.0
nv_score, -20.0
ratio, 0.40404040404
[[ 15.  16.   7.]
 [ 13.  14.   7.]
 [ 10.   6.  12.]]
cf_score, 24.0
nv_score, -9.0
ratio, 0.414141414141
[[ 16.  11.   5.]
 [ 10.   9.   9.]
 [  5.  13.  22.]]
cf_score, 37.0
nv_score, 3.0
ratio, 0.474747474747
[[ 12.  12.   9.]
 [ 13.  15.  10.]
 [  5.   7.  17.]]
cf_score, 30.0
nv_score, -11.0
ratio, 0.444444444444
[[ 12.  13.  12.]
 [  4.  14.   6.]
 [  8.   8.  23.]]
cf_score, 29.0
nv_score, -7.0
ratio, 0.494949494949
[[ 15.  13.   7.]
 [  8.  14.  11.]
 [  3.  11.  18.]]
cf_score, 37.0
nv_score, -7.0
ratio, 0.474747474747
[[ 14.  13.   6.]
 [  7.  15.   8.]
 [ 11.   9.  17.]]
cf_score, 29.0
nv_score, -3.0
ratio, 0.464646464646
[[ 11.  17.   5.]
 [  7.  16.  10.]
 [  7.   5.  22.]]
cf_score, 37.0
nv_score, 2.0
ratio, 0.494949494949
[[ 20.  10.  10.]
 [ 12.  15.   9.]
 [  2.   9.  13.]]
cf_score, 36.0
nv_score, -16.0
ratio, 0.484848484848
[[ 17.  21.   5.]
 [  7.  14.   7.]
 [  4.   5.  20.]]
cf_score, 42.0
nv_score, 3.0
ratio, 0.515151515152
[[ 23.   6.   7.]
 [ 11.   9.   4.]
 [  9.  10.  21.]]
cf_score, 37.0
nv_score, 3.0
ratio, 0.535353535354
[[ 20.  13.  10.]
 [ 12.   7.   7.]
 [  1.  10.  20.]]
cf_score, 36.0
nv_score, -7.0
ratio, 0.474747474747
[[ 17.  17.  11.]
 [  7.  10.  16.]
 [  3.   5.  14.]]
cf_score, 27.0
nv_score, -24.0
ratio, 0.414141414141
[[ 10.  14.  15.]
 [ 11.   5.  10.]
 [  5.   8.  22.]]
cf_score, 17.0
nv_score, -18.0
ratio, 0.373737373737
[[  9.   9.   8.]
 [ 13.  20.  14.]
 [  4.   9.  14.]]
cf_score, 31.0
nv_score, -16.0
ratio, 0.434343434343
[[ 24.  11.   9.]
 [  6.   9.   9.]
 [  7.   9.  16.]]
cf_score, 33.0
nv_score, -11.0
ratio, 0.494949494949
[[ 16.   8.   6.]
 [ 10.  11.   8.]
 [  4.  12.  25.]]
cf_score, 42.0
nv_score, 5.0
ratio, 0.525252525253
