[[ 33.   0.   0.]
 [ 33.   0.   0.]
 [ 34.   0.   0.]]
cf_score, -1.0
nv_score, 0.0
ratio, 0.333333333333
[[ 32.   0.   0.]
 [ 33.   0.   0.]
 [ 35.   0.   0.]]
cf_score, -3.0
nv_score, 0.0
ratio, 0.323232323232
[[ 25.   0.   0.]
 [ 41.   0.   0.]
 [ 34.   0.   0.]]
cf_score, -9.0
nv_score, 0.0
ratio, 0.252525252525
[[ 37.   0.   0.]
 [ 31.   0.   0.]
 [ 32.   0.   0.]]
cf_score, 5.0
nv_score, 0.0
ratio, 0.373737373737
[[ 33.   0.   0.]
 [ 39.   0.   0.]
 [ 28.   0.   0.]]
cf_score, 5.0
nv_score, 0.0
ratio, 0.333333333333
[[ 26.   0.   0.]
 [ 40.   0.   0.]
 [ 34.   0.   0.]]
cf_score, -8.0
nv_score, 0.0
ratio, 0.262626262626
[[ 22.   0.   8.]
 [ 27.   3.   8.]
 [ 14.   1.  17.]]
cf_score, 20.0
nv_score, -7.0
ratio, 0.424242424242
[[ 20.   3.  11.]
 [ 17.   2.  14.]
 [  4.   6.  23.]]
cf_score, 30.0
nv_score, -13.0
ratio, 0.454545454545
[[ 21.   3.   8.]
 [ 18.   3.   9.]
 [ 12.   5.  21.]]
cf_score, 25.0
nv_score, -4.0
ratio, 0.454545454545
[[ 13.   5.   7.]
 [ 23.   5.  10.]
 [  9.   8.  20.]]
cf_score, 22.0
nv_score, -4.0
ratio, 0.383838383838
[[ 23.   2.   8.]
 [ 21.   6.  11.]
 [  5.   9.  15.]]
cf_score, 31.0
nv_score, -12.0
ratio, 0.444444444444
[[ 22.   4.   9.]
 [ 11.   5.  13.]
 [  6.   3.  27.]]
cf_score, 39.0
nv_score, -4.0
ratio, 0.545454545455
[[ 23.   3.  12.]
 [  7.   8.  14.]
 [  5.   7.  21.]]
cf_score, 35.0
nv_score, -17.0
ratio, 0.525252525253
[[ 19.   8.   5.]
 [ 18.   5.  14.]
 [ 10.   3.  18.]]
cf_score, 27.0
nv_score, -6.0
ratio, 0.424242424242
[[ 17.   3.   7.]
 [ 22.   8.  15.]
 [  9.   6.  13.]]
cf_score, 22.0
nv_score, -16.0
ratio, 0.383838383838
[[ 21.   7.   5.]
 [ 18.   4.  12.]
 [  7.   4.  22.]]
cf_score, 35.0
nv_score, 0.0
ratio, 0.474747474747
[[ 16.   6.   6.]
 [ 16.   4.  12.]
 [  8.   5.  27.]]
cf_score, 33.0
nv_score, 3.0
ratio, 0.474747474747
[[ 25.   7.   3.]
 [ 20.   8.  10.]
 [  7.   6.  14.]]
cf_score, 37.0
nv_score, -2.0
ratio, 0.474747474747
[[ 29.   3.   7.]
 [ 14.   7.   7.]
 [  7.   4.  22.]]
cf_score, 44.0
nv_score, 1.0
ratio, 0.585858585859
[[ 17.  10.   2.]
 [ 19.   3.  18.]
 [  9.   5.  17.]]
cf_score, 26.0
nv_score, -5.0
ratio, 0.373737373737
[[ 17.   5.   6.]
 [ 21.   3.  17.]
 [  9.   3.  19.]]
cf_score, 24.0
nv_score, -10.0
ratio, 0.393939393939
[[ 22.   2.   2.]
 [ 22.   5.  12.]
 [  6.   6.  23.]]
cf_score, 42.0
nv_score, 7.0
ratio, 0.505050505051
[[ 18.   9.   8.]
 [ 15.   8.   7.]
 [  8.   2.  25.]]
cf_score, 35.0
nv_score, 2.0
ratio, 0.515151515152
[[ 24.   5.   5.]
 [ 21.   3.   9.]
 [ 12.   5.  16.]]
cf_score, 26.0
nv_score, -3.0
ratio, 0.434343434343
[[ 26.   3.   4.]
 [ 16.   5.  12.]
 [ 10.   6.  18.]]
cf_score, 35.0
nv_score, -2.0
ratio, 0.494949494949
[[ 13.   7.   8.]
 [ 18.   6.   8.]
 [ 12.   9.  19.]]
cf_score, 18.0
nv_score, -5.0
ratio, 0.383838383838
[[ 18.   3.   8.]
 [ 14.   9.   7.]
 [  7.   5.  29.]]
cf_score, 41.0
nv_score, 6.0
ratio, 0.565656565657
[[ 16.   5.   6.]
 [ 16.  13.  15.]
 [  8.   3.  18.]]
cf_score, 33.0
nv_score, -9.0
ratio, 0.474747474747
[[ 16.  13.   2.]
 [ 16.   6.   7.]
 [  8.   6.  26.]]
cf_score, 38.0
nv_score, 15.0
ratio, 0.484848484848
[[ 20.   6.   5.]
 [ 20.  12.   7.]
 [ 10.   7.  13.]]
cf_score, 30.0
nv_score, -4.0
ratio, 0.454545454545
[[ 15.   5.   9.]
 [ 17.   9.  12.]
 [  5.   6.  22.]]
cf_score, 32.0
nv_score, -8.0
ratio, 0.464646464646
[[ 18.   6.   4.]
 [ 17.   8.  11.]
 [  7.   4.  25.]]
cf_score, 40.0
nv_score, 6.0
ratio, 0.515151515152
[[ 22.   5.   6.]
 [ 16.   6.  13.]
 [  7.   8.  17.]]
cf_score, 32.0
nv_score, -8.0
ratio, 0.454545454545
[[ 12.   5.   3.]
 [ 21.   9.  11.]
 [  6.   7.  26.]]
cf_score, 38.0
nv_score, 9.0
ratio, 0.474747474747
[[ 24.   5.   5.]
 [ 20.   7.  11.]
 [  4.   4.  20.]]
cf_score, 42.0
nv_score, -1.0
ratio, 0.515151515152
[[ 15.   7.   4.]
 [ 14.  10.  10.]
 [  9.   8.  23.]]
cf_score, 35.0
nv_score, 5.0
ratio, 0.484848484848
[[ 20.   2.   2.]
 [ 22.   9.   7.]
 [  6.  11.  21.]]
cf_score, 42.0
nv_score, 10.0
ratio, 0.505050505051
[[ 13.   5.   5.]
 [ 15.  12.  10.]
 [ 12.   7.  21.]]
cf_score, 29.0
nv_score, 1.0
ratio, 0.464646464646
[[ 21.   7.  10.]
 [ 11.   9.  13.]
 [  5.   6.  18.]]
cf_score, 33.0
nv_score, -15.0
ratio, 0.484848484848
[[ 19.   8.   4.]
 [ 18.  10.  10.]
 [  6.   4.  21.]]
cf_score, 40.0
nv_score, 3.0
ratio, 0.505050505051
[[ 20.   4.   6.]
 [ 15.   7.   7.]
 [  7.  16.  18.]]
cf_score, 32.0
nv_score, -1.0
ratio, 0.454545454545
[[ 18.  10.   6.]
 [ 18.   6.   7.]
 [ 12.   8.  15.]]
cf_score, 21.0
nv_score, -4.0
ratio, 0.393939393939
[[ 15.   1.   4.]
 [ 24.  10.   6.]
 [  9.   5.  26.]]
cf_score, 38.0
nv_score, 12.0
ratio, 0.515151515152
[[ 11.  13.   4.]
 [ 13.  13.   9.]
 [  2.  10.  25.]]
cf_score, 43.0
nv_score, 8.0
ratio, 0.494949494949
[[ 11.  10.   7.]
 [  7.   8.  15.]
 [  8.  10.  24.]]
cf_score, 28.0
nv_score, -5.0
ratio, 0.434343434343
[[ 18.   7.   2.]
 [ 21.  11.  15.]
 [  8.   4.  14.]]
cf_score, 33.0
nv_score, -5.0
ratio, 0.434343434343
[[ 14.  10.   6.]
 [ 19.   6.   6.]
 [ 10.   5.  24.]]
cf_score, 28.0
nv_score, 6.0
ratio, 0.444444444444
[[ 20.   5.   3.]
 [ 20.  13.   9.]
 [  6.   6.  18.]]
cf_score, 42.0
nv_score, 3.0
ratio, 0.515151515152
[[ 17.   4.   3.]
 [ 24.   5.   9.]
 [  3.  13.  22.]]
cf_score, 38.0
nv_score, 7.0
ratio, 0.444444444444
[[ 18.   4.   2.]
 [ 25.  12.   3.]
 [  5.   8.  23.]]
cf_score, 46.0
nv_score, 16.0
ratio, 0.535353535354
