[[  2.  20.  13.]
 [  1.  17.   6.]
 [  2.  19.  20.]]
cf_score, 24.0
nv_score, -12.0
ratio, 0.393939393939
[[  9.  17.  11.]
 [  3.  25.   6.]
 [  3.  11.  15.]]
cf_score, 35.0
nv_score, -13.0
ratio, 0.494949494949
[[  5.  16.  11.]
 [  9.  20.   6.]
 [  6.  12.  15.]]
cf_score, 23.0
nv_score, -13.0
ratio, 0.40404040404
[[ 10.  14.   7.]
 [ 10.  14.   9.]
 [ 14.   5.  17.]]
cf_score, 20.0
nv_score, -6.0
ratio, 0.414141414141
[[ 24.  15.   5.]
 [  9.  14.   2.]
 [  6.   8.  17.]]
cf_score, 44.0
nv_score, 5.0
ratio, 0.555555555556
[[ 18.   7.   6.]
 [ 14.   6.   5.]
 [ 19.   9.  16.]]
cf_score, 15.0
nv_score, -1.0
ratio, 0.40404040404
[[ 11.  11.  15.]
 [ 13.   6.   8.]
 [ 14.   4.  18.]]
cf_score, 6.0
nv_score, -20.0
ratio, 0.353535353535
[[ 12.   4.  18.]
 [ 13.   5.   9.]
 [ 16.   5.  18.]]
cf_score, 1.0
nv_score, -27.0
ratio, 0.353535353535
[[ 14.   4.  12.]
 [ 13.  15.   2.]
 [ 21.   5.  14.]]
cf_score, 10.0
nv_score, -12.0
ratio, 0.434343434343
[[ 20.   9.   3.]
 [ 14.  11.   9.]
 [ 12.   6.  16.]]
cf_score, 32.0
nv_score, 1.0
ratio, 0.474747474747
[[ 24.   3.   7.]
 [ 12.   6.  10.]
 [ 21.   5.  12.]]
cf_score, 14.0
nv_score, -12.0
ratio, 0.424242424242
[[ 15.   8.   8.]
 [ 18.   9.   5.]
 [ 17.   4.  16.]]
cf_score, 15.0
nv_score, -5.0
ratio, 0.40404040404
[[ 21.   5.   9.]
 [ 20.   5.   9.]
 [  7.   2.  22.]]
cf_score, 32.0
nv_score, -5.0
ratio, 0.484848484848
[[ 23.   6.   5.]
 [ 18.   8.   8.]
 [ 14.   3.  15.]]
cf_score, 27.0
nv_score, -3.0
ratio, 0.464646464646
[[ 15.   4.   6.]
 [ 19.   7.   6.]
 [ 13.   3.  27.]]
cf_score, 30.0
nv_score, 9.0
ratio, 0.494949494949
[[ 20.   8.   4.]
 [ 11.  10.  10.]
 [ 16.   7.  14.]]
cf_score, 24.0
nv_score, -4.0
ratio, 0.444444444444
[[ 24.   9.  12.]
 [ 13.   8.   9.]
 [  8.   3.  14.]]
cf_score, 26.0
nv_score, -19.0
ratio, 0.464646464646
[[ 20.   5.   9.]
 [ 15.  12.  12.]
 [ 11.   2.  14.]]
cf_score, 26.0
nv_score, -16.0
ratio, 0.464646464646
[[  9.   7.  11.]
 [ 12.   8.  17.]
 [ 15.   4.  17.]]
cf_score, 8.0
nv_score, -22.0
ratio, 0.343434343434
[[ 17.   7.   5.]
 [ 13.   8.   9.]
 [ 14.   6.  21.]]
cf_score, 27.0
nv_score, 2.0
ratio, 0.464646464646
[[  6.   3.   8.]
 [ 22.  13.   5.]
 [ 13.   5.  25.]]
cf_score, 23.0
nv_score, 4.0
ratio, 0.444444444444
[[ 18.   9.   7.]
 [ 18.   8.   7.]
 [ 11.   2.  20.]]
cf_score, 28.0
nv_score, -1.0
ratio, 0.464646464646
[[ 18.   5.   4.]
 [ 15.  13.  10.]
 [ 14.   2.  19.]]
cf_score, 32.0
nv_score, 1.0
ratio, 0.505050505051
[[ 19.   6.   8.]
 [ 17.   8.   7.]
 [ 16.   7.  12.]]
cf_score, 15.0
nv_score, -11.0
ratio, 0.393939393939
[[ 20.   4.  10.]
 [ 17.  15.   5.]
 [ 14.   3.  12.]]
cf_score, 23.0
nv_score, -13.0
ratio, 0.474747474747
[[ 22.   6.   9.]
 [ 12.   6.   7.]
 [ 19.   3.  16.]]
cf_score, 16.0
nv_score, -9.0
ratio, 0.444444444444
[[ 25.  12.   8.]
 [  4.  14.   6.]
 [  9.   7.  15.]]
cf_score, 37.0
nv_score, -7.0
ratio, 0.545454545455
[[ 19.   7.   9.]
 [ 13.   9.   7.]
 [ 10.   7.  19.]]
cf_score, 28.0
nv_score, -6.0
ratio, 0.474747474747
[[ 19.   8.   5.]
 [ 15.  10.   9.]
 [ 16.   2.  16.]]
cf_score, 24.0
nv_score, -3.0
ratio, 0.454545454545
[[ 16.   7.  11.]
 [ 17.   4.   9.]
 [ 19.   2.  15.]]
cf_score, 5.0
nv_score, -16.0
ratio, 0.353535353535
[[ 18.   3.   8.]
 [ 20.   8.  10.]
 [ 15.   4.  14.]]
cf_score, 17.0
nv_score, -12.0
ratio, 0.40404040404
[[ 14.   8.   8.]
 [ 17.   9.  13.]
 [ 12.   8.  11.]]
cf_score, 14.0
nv_score, -18.0
ratio, 0.343434343434
[[ 19.   6.  11.]
 [ 15.   8.   8.]
 [ 11.   4.  18.]]
cf_score, 23.0
nv_score, -12.0
ratio, 0.454545454545
[[ 17.   6.   8.]
 [ 15.   4.   7.]
 [ 20.   3.  20.]]
cf_score, 13.0
nv_score, -3.0
ratio, 0.414141414141
[[ 13.   7.   5.]
 [ 13.   7.   8.]
 [ 18.  10.  19.]]
cf_score, 16.0
nv_score, 1.0
ratio, 0.393939393939
[[ 14.   4.   9.]
 [ 16.   7.  13.]
 [ 17.   7.  13.]]
cf_score, 8.0
nv_score, -18.0
ratio, 0.343434343434
[[ 19.   7.   6.]
 [ 18.   5.   8.]
 [ 14.   7.  16.]]
cf_score, 20.0
nv_score, -4.0
ratio, 0.40404040404
[[ 14.   8.   7.]
 [ 16.   9.   4.]
 [  9.   3.  30.]]
cf_score, 37.0
nv_score, 12.0
ratio, 0.535353535354
[[ 16.  11.  10.]
 [ 15.  10.  12.]
 [ 10.   3.  13.]]
cf_score, 19.0
nv_score, -19.0
ratio, 0.393939393939
[[ 17.   4.   9.]
 [ 14.   6.  13.]
 [ 14.   5.  18.]]
cf_score, 18.0
nv_score, -13.0
ratio, 0.414141414141
[[ 13.   6.  12.]
 [ 17.   4.   8.]
 [ 25.   2.  13.]]
cf_score, -7.0
nv_score, -19.0
ratio, 0.30303030303
[[ 21.   8.   7.]
 [ 15.   7.  13.]
 [ 13.   3.  13.]]
cf_score, 21.0
nv_score, -14.0
ratio, 0.414141414141
[[ 12.   6.   6.]
 [ 24.  12.   6.]
 [ 11.   3.  20.]]
cf_score, 27.0
nv_score, 2.0
ratio, 0.444444444444
[[ 17.   4.  12.]
 [ 17.   8.   9.]
 [ 14.   4.  15.]]
cf_score, 14.0
nv_score, -18.0
ratio, 0.40404040404
[[ 15.   6.   9.]
 [ 17.   2.  13.]
 [  9.   6.  23.]]
cf_score, 22.0
nv_score, -8.0
ratio, 0.40404040404
[[ 24.   6.  10.]
 [ 13.   5.  10.]
 [ 14.   2.  16.]]
cf_score, 21.0
nv_score, -14.0
ratio, 0.454545454545
[[ 19.   9.  10.]
 [ 14.  11.   7.]
 [ 17.   1.  12.]]
cf_score, 15.0
nv_score, -15.0
ratio, 0.424242424242
[[ 21.   5.   9.]
 [ 10.   9.   5.]
 [ 18.   8.  15.]]
cf_score, 18.0
nv_score, -8.0
ratio, 0.454545454545
[[ 17.   5.  11.]
 [ 19.   5.  16.]
 [ 15.   2.  10.]]
cf_score, 6.0
nv_score, -28.0
ratio, 0.323232323232
[[ 18.   9.  13.]
 [  8.   7.   6.]
 [ 15.   9.  15.]]
cf_score, 12.0
nv_score, -17.0
ratio, 0.40404040404
