2021-08-02 04:00:00,3358.2,3358.2,3358.2,3358.2,117
2021-08-02 04:20:00,3352.0,3352.0,3352.0,3352.0,100
2021-08-02 04:50:00,3354.9,3357.0,3354.9,3357.0,290
2021-08-02 05:25:00,3352.0,3353.0,3352.0,3353.0,315
2021-08-02 05:45:00,3354.69,3354.69,3354.69,3354.69,100
2021-08-02 05:50:00,3355.25,3355.25,3352.0,3352.0,584
2021-08-02 06:00:00,3351.0,3351.0,3351.0,3351.0,500
2021-08-02 06:10:00,3351.0,3351.0,3351.0,3351.0,200
2021-08-02 06:25:00,3351.9,3352.56,3351.9,3352.56,409
2021-08-02 06:45:00,3348.24,3348.24,3348.24,3348.24,103
2021-08-02 06:50:00,3348.69,3348.69,3348.69,3348.69,171
2021-08-02 06:55:00,3349.0,3349.0,3348.5,3348.5,200
2021-08-02 07:00:00,3349.0,3353.51,3345.0,3345.16,1231
2021-08-02 07:05:00,3344.0,3345.5,3344.0,3345.5,431
2021-08-02 07:10:00,3345.5,3349.0,3345.5,3348.98,824
2021-08-02 07:15:00,3348.0,3348.0,3348.0,3348.0,371
2021-08-02 07:20:00,3347.65,3347.65,3346.22,3346.22,326
2021-08-02 07:25:00,3344.21,3344.21,3343.24,3343.4,300
2021-08-02 07:30:00,3342.5,3344.0,3342.0,3344.0,1580
2021-08-02 07:40:00,3343.75,3343.75,3343.75,3343.75,100
2021-08-02 07:45:00,3344.65,3344.65,3344.65,3344.65,191
2021-08-02 07:50:00,3344.5,3344.5,3344.0,3344.0,470
2021-08-02 07:55:00,3344.65,3344.65,3344.65,3344.65,100
2021-08-02 08:00:00,3344.0002,3348.0,3341.02,3344.0386,4084
2021-08-02 08:05:00,3343.57,3344.12,3343.57,3344.02,1005
2021-08-02 08:10:00,3345.65,3346.0,3345.65,3346.0,200
2021-08-02 08:15:00,3345.0,3345.0,3344.0,3344.0,238
2021-08-02 08:20:00,3344.0,3344.0,3342.0,3342.0,460
2021-08-02 08:25:00,3342.0,3342.0,3341.98,3341.98,200
2021-08-02 08:30:00,3342.0,3345.0,3342.0,3345.0,410
2021-08-02 08:40:00,3344.73,3345.0,3344.73,3345.0,300
2021-08-02 08:45:00,3344.301,3345.0,3344.301,3345.0,600
2021-08-02 08:50:00,3345.0,3346.0,3345.0,3346.0,687
2021-08-02 08:55:00,3347.98,3349.0,3347.0,3349.0,977
2021-08-02 09:00:00,3349.92,3352.8,3349.92,3352.5,1389
2021-08-02 09:05:00,3352.52,3353.48,3350.0,3351.69,2609
2021-08-02 09:10:00,3352.0,3352.0,3350.0,3350.0,631
2021-08-02 09:15:00,3349.25,3351.84,3349.25,3351.84,1604
2021-08-02 09:20:00,3352.0,3352.0,3348.9,3348.9,1390
2021-08-02 09:25:00,3349.5,3357.74,3349.11,3350.0,11127
2021-08-02 09:30:00,3353.54,3358.92,3340.0,3345.84,158994
2021-08-02 09:35:00,3345.0,3345.0,3330.825,3334.25,68919
2021-08-02 09:40:00,3334.0,3338.74,3330.0,3334.5,55690
2021-08-02 09:45:00,3332.045,3338.96,3325.52,3330.0,56302
2021-08-02 09:50:00,3330.51,3336.96,3324.01,3335.965,34468
2021-08-02 09:55:00,3335.95,3338.77,3330.87,3332.52,35079
2021-08-02 10:00:00,3332.075,3340.0,3330.91,3335.4392,43398
2021-08-02 10:05:00,3335.675,3338.56,3325.25,3328.6,20111
2021-08-02 10:10:00,3327.3872,3335.8,3324.12,3335.304,26370
2021-08-02 10:15:00,3336.82,3342.0,3334.405,3342.0,15029
2021-08-02 10:20:00,3341.595,3343.4934,3330.635,3331.565,23187
2021-08-02 10:25:00,3331.565,3340.0,3330.33,3332.37,17598
2021-08-02 10:30:00,3333.12,3336.6,3328.885,3330.76,19938
2021-08-02 10:35:00,3329.86,3333.0,3328.41,3331.869,12796
2021-08-02 10:40:00,3332.35,3337.03,3329.99,3333.435,14764
2021-08-02 10:45:00,3329.79,3333.0,3326.99,3331.33,21563
2021-08-02 10:50:00,3332.0,3333.0,3326.38,3329.89,23570
2021-08-02 10:55:00,3330.23,3331.0,3325.36,3327.09,15271
2021-08-02 11:00:00,3328.89,3334.7,3327.337,3334.0,12685
2021-08-02 11:05:00,3333.83,3335.55,3331.81,3333.8,9525
2021-08-02 11:10:00,3333.8,3335.55,3327.0,3330.63,15042
2021-08-02 11:15:00,3331.0,3338.45,3331.0,3336.78,13362
2021-08-02 11:20:00,3335.37,3341.345,3331.7,3333.49,27741
2021-08-02 11:25:00,3334.21,3334.5906,3329.275,3333.18,8040
2021-08-02 11:30:00,3334.99,3334.99,3330.41,3330.545,3868
2021-08-02 11:35:00,3331.31,3335.0,3330.9202,3331.0,5791
2021-08-02 11:40:00,3331.21,3332.97,3328.0,3329.1,6785
2021-08-02 11:45:00,3329.26,3330.99,3326.68,3330.57,9319
2021-08-02 11:50:00,3330.47,3333.155,3328.08,3329.936,5110
2021-08-02 11:55:00,3330.1,3331.805,3322.0,3324.355,12109
2021-08-02 12:00:00,3323.9,3325.245,3320.38,3323.6038,17295
2021-08-02 12:05:00,3322.84,3323.283,3317.0,3318.67,16188
2021-08-02 12:10:00,3318.22,3325.0,3318.07,3324.438,10922
2021-08-02 12:15:00,3324.21,3326.5,3323.88,3326.185,9885
2021-08-02 12:20:00,3325.61,3326.0,3322.0,3323.8282,12797
2021-08-02 12:25:00,3323.08,3324.4656,3321.01,3323.21,6560
2021-08-02 12:30:00,3323.42,3330.41,3323.37,3329.085,11802
2021-08-02 12:35:00,3328.67,3331.7,3328.67,3329.88,5378
2021-08-02 12:40:00,3329.705,3331.2514,3326.815,3328.6,4061
2021-08-02 12:45:00,3329.41,3329.41,3325.65,3327.21,5607
2021-08-02 12:50:00,3327.24,3334.315,3326.04,3332.23,18729
2021-08-02 12:55:00,3330.18,3331.71,3326.0,3330.83,4344
2021-08-02 13:00:00,3330.25,3334.0,3328.67,3332.25,5838
2021-08-02 13:05:00,3332.28,3333.0,3330.0,3331.86,5395
2021-08-02 13:10:00,3330.57,3333.96,3330.45,3331.23,4731
2021-08-02 13:15:00,3331.04,3336.84,3331.04,3335.91,7196
2021-08-02 13:20:00,3335.54,3336.17,3331.8702,3334.67,7081
2021-08-02 13:25:00,3334.25,3334.39,3329.503,3332.79,7808
2021-08-02 13:30:00,3332.75,3338.0,3332.295,3336.46,12954
2021-08-02 13:35:00,3336.22,3337.5,3334.45,3336.25,3625
2021-08-02 13:40:00,3337.5,3340.18,3335.0,3335.19,9725
2021-08-02 13:45:00,3335.515,3336.48,3332.49,3332.49,4265
2021-08-02 13:50:00,3332.75,3334.565,3331.48,3332.12,7758
2021-08-02 13:55:00,3331.625,3332.8198,3329.38,3329.38,9139
2021-08-02 14:00:00,3329.675,3331.345,3328.04,3328.62,10824
2021-08-02 14:05:00,3329.145,3332.4302,3327.02,3331.75,8347
2021-08-02 14:10:00,3331.1,3331.41,3329.225,3330.0,4079
2021-08-02 14:15:00,3329.98,3334.0,3329.304,3334.0,4431
2021-08-02 14:20:00,3334.0,3336.0,3333.45,3334.09,6536
2021-08-02 14:25:00,3334.475,3336.0,3333.57,3334.5416,5606
2021-08-02 14:30:00,3334.96,3336.47,3334.87,3335.367,4070
2021-08-02 14:35:00,3334.75,3336.6,3334.01,3335.82,4331
2021-08-02 14:40:00,3336.7,3336.7,3333.52,3335.6872,4486
2021-08-02 14:45:00,3334.94,3334.94,3331.01,3333.865,6546
2021-08-02 14:50:00,3333.7404,3336.053,3332.295,3333.12,9444
2021-08-02 14:55:00,3334.18,3335.29,3333.0,3333.81,4945
2021-08-02 15:00:00,3335.0,3337.5,3330.82,3337.49,6722
2021-08-02 15:05:00,3335.55,3337.6,3335.21,3337.6,10640
2021-08-02 15:10:00,3337.685,3339.85,3335.16,3337.24,11834
2021-08-02 15:15:00,3336.27,3339.585,3333.89,3338.0,13025
2021-08-02 15:20:00,3336.7144,3336.7144,3333.27,3334.0,8413
2021-08-02 15:25:00,3334.14,3338.39,3331.51,3337.955,16004
2021-08-02 15:30:00,3337.46,3337.46,3333.15,3333.72,6807
2021-08-02 15:35:00,3334.36,3334.36,3328.62,3328.62,10052
2021-08-02 15:40:00,3327.995,3330.0,3325.76,3325.76,8778
2021-08-02 15:45:00,3326.48,3327.79,3323.33,3324.595,10462
2021-08-02 15:50:00,3324.0,3331.47,3324.0,3331.28,18266
2021-08-02 15:55:00,3329.74,3333.6,3328.03,3331.69,43585
2021-08-02 16:00:00,3331.48,3332.5,3331.48,3331.48,119891
2021-08-02 16:05:00,3331.77,3333.0,3331.53,3333.0,632
2021-08-02 16:10:00,3331.48,3331.5,3331.48,3331.5,495
2021-08-02 16:15:00,3331.5,3331.5,3331.0,3331.0,1876
2021-08-02 16:20:00,3330.7,3330.7,3330.7,3330.7,218
2021-08-02 16:40:00,3331.25,3331.25,3330.09,3330.09,400
2021-08-02 16:50:00,3330.08,3330.08,3330.08,3330.08,109
2021-08-02 16:55:00,3328.75,3328.75,3328.75,3328.75,100
2021-08-02 18:15:00,3328.0,3328.0,3328.0,3328.0,108
2021-08-02 18:45:00,3329.0,3329.0,3329.0,3329.0,100
2021-08-02 19:55:00,3327.87,3329.0,3327.87,3329.0,209
2021-08-03 04:05:00,3335.67,3335.67,3335.39,3335.39,200
2021-08-03 05:00:00,3340.0,3340.0,3340.0,3340.0,139
2021-08-03 07:00:00,3335.25,3335.35,3335.25,3335.35,601
2021-08-03 07:20:00,3335.0,3335.0,3335.0,3335.0,100
2021-08-03 07:35:00,3336.0,3336.0,3336.0,3336.0,107
2021-08-03 07:50:00,3338.38,3338.38,3338.38,3338.38,113
2021-08-03 07:55:00,3338.56,3339.0,3338.56,3339.0,344
2021-08-03 08:00:00,3334.0,3339.808,3334.0,3339.808,1459
2021-08-03 08:15:00,3336.0314,3336.0314,3336.0314,3336.0314,200
2021-08-03 08:30:00,3336.94,3336.94,3336.94,3336.94,100
2021-08-03 08:55:00,3336.9,3336.9,3336.9,3336.9,200
2021-08-03 09:00:00,3338.45,3339.0,3338.45,3339.0,245
2021-08-03 09:05:00,3336.69,3336.69,3336.69,3336.69,100
2021-08-03 09:10:00,3337.0,3337.0,3337.0,3337.0,200
2021-08-03 09:15:00,3337.0,3337.0,3335.5,3335.5,925
2021-08-03 09:20:00,3336.0,3336.0,3336.0,3336.0,100
2021-08-03 09:25:00,3339.95,3345.0,3336.0,3343.99,1477
2021-08-03 09:30:00,3340.72,3343.57,3325.2002,3330.99,110836
2021-08-03 09:35:00,3330.358,3335.9084,3327.1,3333.7866,24654
2021-08-03 09:40:00,3334.5,3335.86,3327.221,3327.5242,16230
2021-08-03 09:45:00,3329.07,3343.5604,3328.285,3336.79,27979
2021-08-03 09:50:00,3336.0,3338.095,3324.85,3326.67,25438
2021-08-03 09:55:00,3325.0,3328.71,3322.15,3322.97,37031
2021-08-03 10:00:00,3322.97,3326.64,3320.0,3324.7534,21703
2021-08-03 10:05:00,3323.68,3324.11,3311.4002,3311.4002,18017
2021-08-03 10:10:00,3311.88,3313.45,3307.29,3308.0,23532
2021-08-03 10:15:00,3308.17,3313.05,3303.361,3312.28,38001
2021-08-03 10:20:00,3312.4046,3317.97,3308.82,3314.75,19528
2021-08-03 10:25:00,3315.55,3316.16,3309.5,3309.5,13291
2021-08-03 10:30:00,3309.743,3311.5,3307.25,3308.165,12459
2021-08-03 10:35:00,3308.035,3308.035,3302.73,3306.09,19283
2021-08-03 10:40:00,3305.15,3309.65,3303.2102,3305.0,14332
2021-08-03 10:45:00,3304.4,3310.695,3301.0,3310.4062,17682
2021-08-03 10:50:00,3309.44,3312.255,3302.03,3303.82,21113
2021-08-03 10:55:00,3303.51,3305.69,3301.4,3305.0,8738
2021-08-03 11:00:00,3304.87,3306.94,3301.51,3304.0,8045
2021-08-03 11:05:00,3305.57,3305.57,3300.0,3303.73,20359
2021-08-03 11:10:00,3303.4,3305.99,3299.77,3301.915,38195
2021-08-03 11:15:00,3301.76,3307.0,3300.02,3301.65,18941
2021-08-03 11:20:00,3301.755,3307.275,3301.755,3305.51,11717
2021-08-03 11:25:00,3304.52,3313.04,3301.82,3312.3,21445
2021-08-03 11:30:00,3312.93,3319.83,3312.3,3318.46,23942
2021-08-03 11:35:00,3318.89,3318.89,3311.11,3317.265,24217
2021-08-03 11:40:00,3316.45,3326.81,3316.45,3325.65,26399
2021-08-03 11:45:00,3325.435,3337.12,3325.277,3336.0,30304
2021-08-03 11:50:00,3337.0,3340.76,3335.0,3337.64,22390
2021-08-03 11:55:00,3337.5,3349.69,3337.5,3348.29,40655
2021-08-03 12:00:00,3350.0,3353.8732,3344.5,3349.95,39384
2021-08-03 12:05:00,3349.849,3349.849,3342.0,3348.21,22670
2021-08-03 12:10:00,3347.805,3350.95,3346.0,3349.22,12026
2021-08-03 12:15:00,3349.42,3353.65,3346.95,3348.0,22328
2021-08-03 12:20:00,3348.0,3351.0,3346.71,3346.75,14972
2021-08-03 12:25:00,3347.218,3350.0,3345.3,3348.876,9159
2021-08-03 12:30:00,3349.0,3363.665,3349.0,3363.4432,29114
2021-08-03 12:35:00,3364.0,3373.0,3363.085,3372.92,49150
2021-08-03 12:40:00,3372.5904,3376.245,3366.0288,3370.0,24067
2021-08-03 12:45:00,3371.0,3375.0,3368.0,3369.73,14250
2021-08-03 12:50:00,3369.38,3372.0,3367.09,3370.18,18005
2021-08-03 12:55:00,3370.0,3375.96,3370.0,3375.04,20412
2021-08-03 13:00:00,3373.74,3377.69,3372.0,3374.0,17923
2021-08-03 13:05:00,3373.98,3377.177,3373.98,3374.29,9140
2021-08-03 13:10:00,3373.76,3377.0,3373.65,3374.104,10676
2021-08-03 13:15:00,3375.0,3387.07,3375.0,3384.67,31320
2021-08-03 13:20:00,3384.61,3391.0,3377.11,3379.845,44008
2021-08-03 13:25:00,3380.81,3384.25,3378.554,3380.4288,15003
2021-08-03 13:30:00,3380.805,3384.7248,3379.85,3382.67,14398
2021-08-03 13:35:00,3382.99,3383.8232,3376.5108,3378.915,10660
2021-08-03 13:40:00,3379.056,3382.969,3378.41,3379.17,8080
2021-08-03 13:45:00,3379.6,3380.39,3371.285,3373.835,18602
2021-08-03 13:50:00,3374.45,3376.56,3371.0,3372.7324,17988
2021-08-03 13:55:00,3373.51,3375.7488,3372.06,3373.0,8862
2021-08-03 14:00:00,3373.24,3373.815,3363.77,3368.9,21576
2021-08-03 14:05:00,3368.905,3375.0,3367.92,3374.55,16437
2021-08-03 14:10:00,3373.68,3379.12,3372.99,3375.115,15307
2021-08-03 14:15:00,3375.12,3379.0,3374.455,3379.0,11121
2021-08-03 14:20:00,3379.236,3382.0728,3378.035,3378.83,9717
2021-08-03 14:25:00,3378.3,3381.0,3377.0,3378.515,6351
2021-08-03 14:30:00,3377.89,3378.32,3372.012,3373.0124,7280
2021-08-03 14:35:00,3374.18,3377.7556,3372.87,3374.415,3715
2021-08-03 14:40:00,3373.825,3374.59,3368.96,3371.62,7172
2021-08-03 14:45:00,3373.09,3373.09,3360.1,3361.05,12655
2021-08-03 14:50:00,3361.3,3368.1272,3361.18,3366.94,8214
2021-08-03 14:55:00,3366.47,3369.88,3364.72,3364.72,5265
2021-08-03 15:00:00,3364.725,3366.0,3360.3132,3361.97,6890
2021-08-03 15:05:00,3361.36,3365.72,3357.06,3359.0,11803
2021-08-03 15:10:00,3359.16,3360.42,3356.705,3357.365,18045
2021-08-03 15:15:00,3356.97,3361.785,3356.0,3360.6,12287
2021-08-03 15:20:00,3360.975,3361.83,3355.72,3356.92,14121
2021-08-03 15:25:00,3357.23,3362.98,3356.4744,3361.97,11965
2021-08-03 15:30:00,3361.46,3366.66,3360.09,3365.565,13409
2021-08-03 15:35:00,3365.535,3369.11,3364.5,3365.015,13435
2021-08-03 15:40:00,3364.735,3368.91,3364.2,3364.68,14494
2021-08-03 15:45:00,3363.36,3365.5,3360.0,3360.76,9797
2021-08-03 15:50:00,3361.0,3363.0,3358.8,3362.33,15495
2021-08-03 15:55:00,3362.45,3368.88,3361.8,3366.91,52188
2021-08-03 16:00:00,3366.24,3372.93,3366.24,3369.01,123863
2021-08-03 16:05:00,3366.24,3369.16,3366.24,3366.24,4886
2021-08-03 16:10:00,3365.27,3365.27,3365.27,3365.27,100
2021-08-03 16:15:00,3366.24,3366.25,3366.24,3366.25,2586
2021-08-03 16:20:00,3367.7,3367.7,3367.7,3367.7,100
2021-08-03 16:25:00,3368.0,3368.0,3368.0,3368.0,144
2021-08-03 16:50:00,3367.06,3367.06,3367.06,3367.06,100
2021-08-03 18:00:00,3366.34,3366.34,3366.0,3366.0,885
2021-08-03 18:05:00,3367.64,3367.64,3367.64,3367.64,100
2021-08-03 18:15:00,3365.01,3365.01,3365.01,3365.01,100
2021-08-03 18:25:00,3365.01,3365.01,3364.94,3364.94,300
2021-08-03 18:30:00,3364.1,3364.1,3364.05,3364.05,300
2021-08-03 18:40:00,3361.1,3361.1,3361.1,3361.1,150
2021-08-03 18:55:00,3361.25,3361.25,3361.25,3361.25,250
2021-08-03 19:10:00,3360.0,3360.0,3360.0,3360.0,200
2021-08-03 19:15:00,3357.17,3357.17,3357.17,3357.17,100
2021-08-03 19:20:00,3359.75,3359.75,3359.75,3359.75,100
2021-08-03 19:35:00,3358.47,3358.47,3358.47,3358.47,102
2021-08-03 19:50:00,3359.0,3359.0,3359.0,3359.0,500
2021-08-04 04:00:00,3375.0,3375.0,3375.0,3375.0,232
2021-08-04 04:40:00,3378.0,3378.0,3378.0,3378.0,100
2021-08-04 04:45:00,3374.0,3375.0,3374.0,3375.0,200
2021-08-04 06:35:00,3373.0,3373.0,3373.0,3373.0,130
2021-08-04 07:10:00,3372.0,3372.0,3372.0,3372.0,166
2021-08-04 07:25:00,3370.0,3370.0,3369.5,3369.5,209
2021-08-04 07:30:00,3369.61,3369.61,3368.0,3368.0,473
2021-08-04 07:35:00,3369.8,3369.8,3369.0,3369.0,569
2021-08-04 07:45:00,3369.69,3369.86,3369.69,3369.86,401
2021-08-04 08:00:00,3370.016,3374.655,3366.24,3367.59,976
2021-08-04 08:10:00,3370.0,3370.0,3369.0,3369.0,200
2021-08-04 08:15:00,3370.3,3372.96,3370.2,3372.8,2155
2021-08-04 08:20:00,3372.5,3372.5,3370.0,3370.0,1073
2021-08-04 08:25:00,3370.52,3370.52,3368.256,3369.0,669
2021-08-04 08:30:00,3369.0,3369.0,3367.0,3367.0,1946
2021-08-04 08:35:00,3369.38,3369.38,3369.38,3369.38,100
2021-08-04 08:50:00,3368.1,3368.1,3368.1,3368.1,100
2021-08-04 08:55:00,3367.0,3368.0,3367.0,3368.0,335
2021-08-04 09:00:00,3368.5,3368.56,3368.5,3368.56,222
2021-08-04 09:15:00,3367.3,3367.56,3367.0,3367.0,1962
2021-08-04 09:25:00,3369.4,3380.06,3368.0,3379.75,2762
2021-08-04 09:30:00,3379.75,3388.88,3367.0,3377.0976,83296
2021-08-04 09:35:00,3377.96,3386.51,3370.4632,3380.75,29610
2021-08-04 09:40:00,3379.15,3381.99,3365.14,3369.0,25372
2021-08-04 09:45:00,3370.0,3376.35,3369.53,3371.03,24705
2021-08-04 09:50:00,3373.02,3375.364,3358.725,3360.21,20986
2021-08-04 09:55:00,3361.875,3365.3728,3358.3772,3363.0,16381
2021-08-04 10:00:00,3363.0,3363.37,3352.85,3357.15,13116
2021-08-04 10:05:00,3356.96,3357.81,3353.5996,3356.4568,9747
2021-08-04 10:10:00,3357.17,3359.375,3352.22,3353.51,11116
2021-08-04 10:15:00,3356.08,3356.08,3348.945,3353.88,14338
2021-08-04 10:20:00,3353.175,3353.88,3349.26,3352.2464,14767
2021-08-04 10:25:00,3352.22,3358.5,3351.7204,3357.76,16440
2021-08-04 10:30:00,3358.5,3365.42,3355.51,3363.85,18434
2021-08-04 10:35:00,3363.79,3365.0,3356.27,3357.8724,7584
2021-08-04 10:40:00,3356.68,3363.0,3356.68,3357.0,6631
2021-08-04 10:45:00,3357.82,3360.9,3356.36,3357.32,7849
2021-08-04 10:50:00,3357.47,3357.47,3352.29,3353.14,8016
2021-08-04 10:55:00,3354.43,3354.54,3352.14,3353.11,6031
2021-08-04 11:00:00,3354.58,3358.6176,3353.86,3356.7,7617
2021-08-04 11:05:00,3356.285,3359.3336,3354.63,3356.07,8468
2021-08-04 11:10:00,3356.19,3356.19,3352.52,3353.405,3785
2021-08-04 11:15:00,3351.64,3353.65,3349.01,3350.0,9529
2021-08-04 11:20:00,3349.72,3350.6198,3346.0,3347.8626,6929
2021-08-04 11:25:00,3347.32,3351.29,3345.56,3350.67,6843
2021-08-04 11:30:00,3351.35,3355.0,3350.2,3353.01,7321
2021-08-04 11:35:00,3353.26,3354.42,3347.95,3349.105,7090
2021-08-04 11:40:00,3350.98,3353.0,3350.0,3352.31,5462
2021-08-04 11:45:00,3352.07,3359.0,3351.56,3358.25,11738
2021-08-04 11:50:00,3357.79,3360.0,3356.9,3358.0,8064
2021-08-04 11:55:00,3359.05,3362.5,3358.88,3361.56,7358
2021-08-04 12:00:00,3362.21,3363.0,3356.44,3357.9928,6274
2021-08-04 12:05:00,3357.58,3362.48,3357.1988,3362.48,3492
2021-08-04 12:10:00,3363.11,3363.15,3360.61,3361.15,4204
2021-08-04 12:15:00,3360.575,3362.065,3360.19,3361.35,3111
2021-08-04 12:20:00,3362.3728,3363.13,3357.648,3357.648,8310
2021-08-04 12:25:00,3358.22,3360.0,3356.0,3356.515,5137
2021-08-04 12:30:00,3356.155,3356.155,3353.0,3354.94,5387
2021-08-04 12:35:00,3354.31,3356.17,3352.52,3355.03,5033
2021-08-04 12:40:00,3353.97,3355.0,3352.85,3353.75,4168
2021-08-04 12:45:00,3354.97,3359.0,3354.6074,3357.66,7648
2021-08-04 12:50:00,3358.41,3358.41,3356.26,3357.78,2424
2021-08-04 12:55:00,3357.395,3359.5,3356.54,3357.985,5356
2021-08-04 13:00:00,3358.0,3365.58,3358.0,3365.2,11728
2021-08-04 13:05:00,3365.81,3365.81,3362.12,3365.0,5596
2021-08-04 13:10:00,3365.35,3367.565,3363.11,3366.87,11721
2021-08-04 13:15:00,3365.9148,3369.19,3364.74,3368.9,11162
2021-08-04 13:20:00,3368.86,3369.33,3365.6092,3365.78,6236
2021-08-04 13:25:00,3365.9704,3366.39,3362.1,3364.3,6084
2021-08-04 13:30:00,3364.83,3366.035,3358.11,3361.446,12844
2021-08-04 13:35:00,3362.515,3362.5328,3360.0,3360.72,7268
2021-08-04 13:40:00,3361.77,3364.0336,3360.7904,3361.64,4052
2021-08-04 13:45:00,3361.96,3361.96,3357.13,3361.075,4773
2021-08-04 13:50:00,3360.495,3364.52,3358.3176,3364.52,3922
2021-08-04 13:55:00,3364.12,3364.81,3361.1376,3361.1376,3800
2021-08-04 14:00:00,3362.44,3363.97,3361.145,3363.25,5404
2021-08-04 14:05:00,3363.99,3366.0,3360.36,3360.37,11601
2021-08-04 14:10:00,3360.5,3365.06,3360.5,3363.3,5393
2021-08-04 14:15:00,3364.175,3364.175,3361.725,3363.34,1520
2021-08-04 14:20:00,3363.295,3364.96,3361.77,3363.95,6379
2021-08-04 14:25:00,3363.74,3364.275,3362.0,3364.25,3701
2021-08-04 14:30:00,3363.98,3365.06,3362.0,3364.26,5331
2021-08-04 14:35:00,3364.75,3367.035,3364.0,3366.729,8529
2021-08-04 14:40:00,3367.36,3367.8,3363.32,3363.51,7638
2021-08-04 14:45:00,3363.95,3363.95,3361.06,3362.36,5489
2021-08-04 14:50:00,3362.295,3362.295,3357.33,3358.31,6640
2021-08-04 14:55:00,3357.88,3358.15,3355.24,3356.5,5692
2021-08-04 15:00:00,3356.66,3357.5404,3355.28,3356.65,4640
2021-08-04 15:05:00,3357.495,3358.42,3356.9,3357.11,3982
2021-08-04 15:10:00,3356.495,3357.09,3353.82,3355.4402,9269
2021-08-04 15:15:00,3354.8,3357.0,3354.03,3354.03,7524
2021-08-04 15:20:00,3354.57,3359.75,3354.15,3357.01,9000
2021-08-04 15:25:00,3357.39,3358.99,3356.5848,3358.3844,7945
2021-08-04 15:30:00,3357.3,3358.425,3355.92,3357.42,6923
2021-08-04 15:35:00,3357.01,3359.225,3356.74,3357.94,6691
2021-08-04 15:40:00,3357.475,3359.59,3356.6,3358.86,7882
2021-08-04 15:45:00,3358.82,3358.82,3355.515,3357.18,9553
2021-08-04 15:50:00,3359.0,3360.64,3357.49,3358.99,19107
2021-08-04 15:55:00,3357.62,3358.23,3354.6,3354.71,35881
2021-08-04 16:00:00,3354.72,3354.72,3354.51,3354.72,146674
2021-08-04 16:05:00,3354.72,3354.72,3354.72,3354.72,586
2021-08-04 16:15:00,3353.0,3353.0,3353.0,3353.0,424
2021-08-04 16:25:00,3354.72,3354.72,3353.9,3353.9,1453
2021-08-04 16:50:00,3352.95,3352.95,3352.95,3352.95,421
2021-08-04 17:55:00,3351.55,3351.55,3351.55,3351.55,148
2021-08-04 18:05:00,3351.0,3351.0,3351.0,3351.0,300
2021-08-04 18:10:00,3352.0,3352.0,3352.0,3352.0,200
2021-08-05 06:05:00,3362.62,3362.62,3362.62,3362.62,100
2021-08-05 07:05:00,3361.0,3361.0,3360.5,3360.5,597
2021-08-05 07:10:00,3360.25,3360.25,3358.25,3358.25,272
2021-08-05 07:55:00,3360.91,3360.91,3360.91,3360.91,100
2021-08-05 08:00:00,3361.0,3361.0,3361.0,3361.0,100
2021-08-05 08:05:00,3363.106,3363.106,3363.106,3363.106,120
2021-08-05 08:10:00,3360.9,3360.9,3360.89,3360.89,202
2021-08-05 08:15:00,3358.8,3358.8,3358.8,3358.8,200
2021-08-05 08:30:00,3358.8,3358.8,3358.64,3358.64,665
2021-08-05 08:35:00,3360.0,3360.0,3360.0,3360.0,100
2021-08-05 09:05:00,3355.0,3355.3,3355.0,3355.3,348
2021-08-05 09:10:00,3356.0,3356.0,3356.0,3356.0,100
2021-08-05 09:15:00,3354.0,3354.0,3354.0,3354.0,100
2021-08-05 09:25:00,3358.0,3360.91,3358.0,3360.0,385
2021-08-05 09:30:00,3356.22,3362.5,3349.09,3356.3336,46033
2021-08-05 09:35:00,3355.63,3355.63,3343.39,3345.46,14902
2021-08-05 09:40:00,3345.126,3351.27,3340.92,3348.96,18472
2021-08-05 09:45:00,3348.03,3366.0,3347.53,3361.29,29581
2021-08-05 09:50:00,3361.84,3363.36,3352.46,3356.06,17720
2021-08-05 09:55:00,3356.74,3362.79,3352.0,3359.71,15368
2021-08-05 10:00:00,3360.57,3365.515,3358.115,3363.12,10753
2021-08-05 10:05:00,3362.86,3379.99,3362.64,3379.19,33140
2021-08-05 10:10:00,3378.1384,3380.0,3374.05,3377.94,13572
2021-08-05 10:15:00,3379.46,3382.85,3375.45,3375.45,15904
2021-08-05 10:20:00,3376.215,3378.25,3370.157,3373.01,13006
2021-08-05 10:25:00,3373.98,3379.45,3368.2636,3378.25,11227
2021-08-05 10:30:00,3378.83,3386.11,3378.83,3386.11,22697
2021-08-05 10:35:00,3385.35,3386.74,3374.97,3376.61,14307
2021-08-05 10:40:00,3377.0,3382.8252,3377.0,3380.1736,9953
2021-08-05 10:45:00,3379.73,3381.84,3378.5,3380.31,10682
2021-08-05 10:50:00,3380.99,3388.8924,3379.7,3387.02,29662
2021-08-05 10:55:00,3386.6,3389.0,3376.0,3376.18,27821
2021-08-05 11:00:00,3376.7608,3384.8964,3375.24,3384.4828,9067
2021-08-05 11:05:00,3384.49,3384.86,3379.605,3379.605,4431
2021-08-05 11:10:00,3379.0836,3380.055,3372.82,3378.715,13410
2021-08-05 11:15:00,3378.33,3378.945,3374.0,3376.43,7325
2021-08-05 11:20:00,3376.305,3379.79,3376.0,3378.3,4416
2021-08-05 11:25:00,3377.69,3377.9,3374.146,3374.146,8725
2021-08-05 11:30:00,3374.675,3377.0,3374.675,3375.56,4421
2021-08-05 11:35:00,3375.43,3377.48,3374.0,3376.0916,7380
2021-08-05 11:40:00,3375.55,3378.96,3374.0,3375.49,5493
2021-08-05 11:45:00,3376.32,3378.895,3376.32,3378.1,4066
2021-08-05 11:50:00,3377.705,3379.0,3375.01,3378.02,6195
2021-08-05 11:55:00,3377.49,3379.0,3376.01,3377.82,4901
2021-08-05 12:00:00,3378.105,3379.155,3376.5,3376.7,6056
2021-08-05 12:05:00,3376.22,3378.88,3375.09,3376.0,6805
2021-08-05 12:10:00,3375.775,3375.85,3372.21,3372.89,3673
2021-08-05 12:15:00,3374.0,3375.7712,3373.48,3373.48,6111
2021-08-05 12:20:00,3373.87,3374.63,3373.0,3374.04,2758
2021-08-05 12:25:00,3373.69,3374.54,3372.18,3374.49,4394
2021-08-05 12:30:00,3374.59,3376.285,3374.49,3374.985,4571
2021-08-05 12:35:00,3374.6,3378.0,3373.25,3377.4,7292
2021-08-05 12:40:00,3378.23,3379.0,3376.91,3377.275,2040
2021-08-05 12:45:00,3376.72,3383.0,3376.25,3383.0,8231
2021-08-05 12:50:00,3382.055,3383.0,3381.14,3381.95,3788
2021-08-05 12:55:00,3381.39,3383.14,3380.86,3381.34,4893
2021-08-05 13:00:00,3381.0,3381.0,3376.885,3379.0,2674
2021-08-05 13:05:00,3380.04,3380.51,3376.9544,3376.9544,4416
2021-08-05 13:10:00,3377.38,3377.86,3375.365,3377.65,2877
2021-08-05 13:15:00,3377.68,3378.63,3377.68,3377.71,1733
2021-08-05 13:20:00,3378.55,3380.47,3378.11,3380.47,2781
2021-08-05 13:25:00,3380.87,3382.0,3379.94,3382.0,2910
2021-08-05 13:30:00,3381.34,3383.11,3381.19,3382.71,4368
2021-08-05 13:35:00,3382.95,3384.04,3382.03,3383.715,3500
2021-08-05 13:40:00,3383.5,3385.28,3383.32,3383.89,4992
2021-08-05 13:45:00,3382.815,3383.725,3380.0,3380.7,4642
2021-08-05 13:50:00,3380.94,3380.94,3379.56,3379.99,2778
2021-08-05 13:55:00,3380.1,3382.3,3380.1,3381.705,3146
2021-08-05 14:00:00,3382.1,3382.39,3380.54,3381.0,5343
2021-08-05 14:05:00,3380.595,3381.47,3379.74,3380.9956,6605
2021-08-05 14:10:00,3381.195,3382.31,3378.4572,3378.4572,6780
2021-08-05 14:15:00,3378.385,3380.7,3378.35,3380.4416,3721
2021-08-05 14:20:00,3380.3,3381.0,3378.5,3378.5,5576
2021-08-05 14:25:00,3379.46,3379.46,3375.0,3375.5324,5731
2021-08-05 14:30:00,3375.0,3376.96,3374.25,3375.57,5768
2021-08-05 14:35:00,3374.66,3377.64,3373.645,3375.44,5848
2021-08-05 14:40:00,3375.64,3375.64,3372.04,3373.88,7718
2021-08-05 14:45:00,3373.92,3374.25,3372.0,3372.0,5002
2021-08-05 14:50:00,3372.07,3372.7,3371.12,3371.84,4899
2021-08-05 14:55:00,3372.0,3373.79,3371.166,3373.79,8032
2021-08-05 15:00:00,3373.4896,3376.07,3373.4896,3374.04,6249
2021-08-05 15:05:00,3374.515,3376.54,3374.45,3375.955,4554
2021-08-05 15:10:00,3376.47,3377.11,3375.2,3376.4,5235
2021-08-05 15:15:00,3375.87,3375.87,3372.4,3372.9852,4830
2021-08-05 15:20:00,3372.2,3376.56,3372.2,3374.81,3704
2021-08-05 15:25:00,3376.3,3376.68,3374.91,3375.08,3346
2021-08-05 15:30:00,3374.86,3376.16,3373.25,3374.23,3434
2021-08-05 15:35:00,3374.5264,3375.48,3371.6,3372.49,5697
2021-08-05 15:40:00,3371.8,3373.71,3371.01,3373.64,5107
2021-08-05 15:45:00,3373.55,3374.99,3371.8152,3374.215,6850
2021-08-05 15:50:00,3374.03,3374.06,3370.26,3372.18,26169
2021-08-05 15:55:00,3373.09,3376.83,3372.67,3376.1,43235
2021-08-05 16:00:00,3375.99,3375.99,3375.48,3375.99,202588
2021-08-05 16:05:00,3375.99,3375.99,3374.86,3374.86,1064
2021-08-05 16:10:00,3375.99,3375.99,3375.99,3375.99,822
2021-08-05 16:15:00,3375.99,3375.99,3375.99,3375.99,170
2021-08-05 17:05:00,3372.01,3372.01,3372.01,3372.01,100
2021-08-05 17:40:00,3373.0,3373.0,3373.0,3373.0,299
2021-08-05 18:20:00,3373.82,3373.82,3373.82,3373.82,100
2021-08-05 19:35:00,3373.0,3373.0,3373.0,3373.0,380
2021-08-05 19:50:00,3374.37,3374.37,3374.37,3374.37,100
2021-08-05 19:55:00,3373.13,3373.13,3373.13,3373.13,200
2021-08-06 07:55:00,3379.86,3379.86,3378.85,3378.85,538
2021-08-06 08:00:00,3376.1,3384.429,3376.1,3384.429,1424
2021-08-06 08:25:00,3378.08,3378.08,3378.08,3378.08,103
2021-08-06 08:30:00,3378.0,3380.02,3370.43,3370.43,1998
2021-08-06 08:35:00,3365.0,3368.12,3365.0,3368.0,849
2021-08-06 08:40:00,3370.0,3370.12,3365.15,3367.0,1047
2021-08-06 08:45:00,3368.0,3368.0,3365.0,3365.2,1400
2021-08-06 08:50:00,3363.33,3364.65,3362.0,3364.65,1390
2021-08-06 08:55:00,3366.8,3367.0,3366.8,3367.0,717
2021-08-06 09:00:00,3365.5,3367.0,3365.0,3365.0,3588
2021-08-06 09:05:00,3365.07,3365.2,3363.0,3363.0,600
2021-08-06 09:20:00,3367.0,3367.0,3367.0,3367.0,297
2021-08-06 09:25:00,3372.6,3374.89,3369.48,3372.91,500
2021-08-06 09:30:00,3374.86,3375.0,3362.51,3368.655,77599
2021-08-06 09:35:00,3370.8,3372.71,3365.39,3365.39,23439
2021-08-06 09:40:00,3363.53,3364.27,3358.0,3360.92,24344
2021-08-06 09:45:00,3360.93,3366.6036,3359.48,3360.3,25583
2021-08-06 09:50:00,3360.57,3361.43,3356.57,3356.99,14574
2021-08-06 09:55:00,3356.85,3361.56,3355.89,3357.45,13372
2021-08-06 10:00:00,3358.42,3359.66,3353.53,3354.1,18603
2021-08-06 10:05:00,3353.91,3358.113,3351.26,3358.113,12093
2021-08-06 10:10:00,3357.5,3359.32,3351.05,3351.84,13659
2021-08-06 10:15:00,3351.19,3353.96,3349.0108,3349.53,16804
2021-08-06 10:20:00,3349.23,3351.46,3346.61,3351.2,14674
2021-08-06 10:25:00,3351.6,3351.6,3346.16,3349.7002,9125
2021-08-06 10:30:00,3349.41,3355.697,3349.41,3353.63,13454
2021-08-06 10:35:00,3353.4,3355.0,3351.6028,3353.63,8499
2021-08-06 10:40:00,3353.385,3355.49,3353.0,3354.7,4919
2021-08-06 10:45:00,3353.88,3353.99,3345.0,3347.35,22161
2021-08-06 10:50:00,3346.92,3346.92,3340.55,3342.0,15196
2021-08-06 10:55:00,3342.83,3342.83,3338.0,3340.05,24228
2021-08-06 11:00:00,3341.17,3341.17,3330.57,3331.59,23179
2021-08-06 11:05:00,3330.7,3334.36,3329.0374,3334.305,20559
2021-08-06 11:10:00,3333.63,3336.96,3332.1,3336.49,28140
2021-08-06 11:15:00,3335.73,3339.189,3334.44,3338.1,37295
2021-08-06 11:20:00,3337.66,3338.68,3334.0,3335.02,26067
2021-08-06 11:25:00,3336.63,3338.29,3335.0,3338.235,10319
2021-08-06 11:30:00,3337.7,3340.28,3337.55,3337.88,8730
2021-08-06 11:35:00,3337.87,3338.77,3335.0,3336.13,9711
2021-08-06 11:40:00,3335.38,3335.815,3332.0,3332.59,10960
2021-08-06 11:45:00,3332.5,3335.87,3331.45,3335.11,9177
2021-08-06 11:50:00,3335.86,3337.2,3334.84,3336.06,7093
2021-08-06 11:55:00,3336.0,3339.9,3335.5,3339.38,12158
2021-08-06 12:00:00,3340.0,3340.06,3336.822,3337.935,8973
2021-08-06 12:05:00,3338.02,3339.0,3335.9,3335.9,4944
2021-08-06 12:10:00,3335.83,3337.48,3334.02,3335.33,4781
2021-08-06 12:15:00,3334.02,3338.0,3333.8,3336.67,7746
2021-08-06 12:20:00,3336.15,3339.38,3335.0,3338.58,9177
2021-08-06 12:25:00,3338.62,3339.49,3338.045,3339.18,8605
2021-08-06 12:30:00,3339.46,3342.42,3338.74,3340.26,13022
2021-08-06 12:35:00,3339.835,3340.49,3336.69,3336.69,5178
2021-08-06 12:40:00,3336.16,3337.3602,3335.5,3335.825,6637
2021-08-06 12:45:00,3335.79,3336.51,3335.0,3335.65,5769
2021-08-06 12:50:00,3335.97,3338.43,3335.96,3337.0,6011
2021-08-06 12:55:00,3337.34,3338.61,3337.0,3337.68,5493
2021-08-06 13:00:00,3338.07,3340.484,3337.78,3340.46,5150
2021-08-06 13:05:00,3340.19,3340.19,3337.75,3338.71,2599
2021-08-06 13:10:00,3338.12,3341.15,3338.065,3341.125,4525
2021-08-06 13:15:00,3341.64,3342.549,3339.285,3340.29,6263
2021-08-06 13:20:00,3339.63,3339.63,3334.6582,3334.6582,7038
2021-08-06 13:25:00,3335.0,3335.52,3334.25,3335.5,7394
2021-08-06 13:30:00,3335.17,3336.46,3334.9,3335.885,4412
2021-08-06 13:35:00,3335.71,3336.87,3335.5,3335.96,5223
2021-08-06 13:40:00,3335.88,3336.48,3335.0,3336.21,6615
2021-08-06 13:45:00,3336.26,3336.9,3334.65,3334.65,6631
2021-08-06 13:50:00,3334.2,3335.165,3333.735,3333.96,8334
2021-08-06 13:55:00,3333.92,3334.41,3332.68,3334.41,8309
2021-08-06 14:00:00,3334.155,3337.66,3334.155,3336.7,17819
2021-08-06 14:05:00,3336.2,3337.44,3335.56,3336.75,3579
2021-08-06 14:10:00,3336.5,3337.035,3334.8,3336.19,6383
2021-08-06 14:15:00,3335.02,3336.25,3334.34,3335.88,5658
2021-08-06 14:20:00,3335.28,3335.28,3333.75,3334.615,6373
2021-08-06 14:25:00,3334.59,3335.66,3334.25,3334.95,9427
2021-08-06 14:30:00,3334.67,3336.375,3334.67,3335.79,5516
2021-08-06 14:35:00,3335.34,3336.59,3334.51,3336.59,6269
2021-08-06 14:40:00,3336.7,3339.56,3335.37,3338.03,16034
2021-08-06 14:45:00,3337.8002,3337.8002,3335.15,3335.5,7187
2021-08-06 14:50:00,3335.16,3337.24,3335.15,3336.0,6673
2021-08-06 14:55:00,3335.59,3337.24,3335.0,3336.57,6449
2021-08-06 15:00:00,3336.95,3338.74,3335.94,3335.94,9281
2021-08-06 15:05:00,3336.66,3337.72,3335.77,3337.7144,8879
2021-08-06 15:10:00,3337.745,3338.49,3336.86,3336.86,6073
2021-08-06 15:15:00,3336.71,3337.7,3335.97,3337.7,6058
2021-08-06 15:20:00,3337.95,3340.83,3337.725,3340.5698,14275
2021-08-06 15:25:00,3340.52,3342.1,3340.34,3341.02,14200
2021-08-06 15:30:00,3341.51,3342.5,3339.31,3341.54,13454
2021-08-06 15:35:00,3341.576,3342.3,3340.32,3341.5,12140
2021-08-06 15:40:00,3341.28,3342.17,3340.4,3341.13,13318
2021-08-06 15:45:00,3341.015,3341.25,3339.84,3340.11,14873
2021-08-06 15:50:00,3339.72,3342.59,3338.66,3341.24,41101
2021-08-06 15:55:00,3342.37,3346.93,3341.99,3344.83,68461
2021-08-06 16:00:00,3344.94,3344.94,3342.25,3342.25,159345
2021-08-06 16:05:00,3344.94,3344.94,3342.16,3342.16,351
2021-08-06 16:10:00,3342.11,3342.11,3342.11,3342.11,162
2021-08-06 16:15:00,3342.47,3344.94,3342.47,3342.47,761
2021-08-06 16:25:00,3341.5,3341.5,3341.5,3341.5,100
2021-08-06 16:30:00,3341.5,3341.5,3341.5,3341.5,100
2021-08-06 16:35:00,3344.94,3344.94,3344.94,3344.94,1440
2021-08-06 16:45:00,3340.52,3340.91,3340.52,3340.5202,599
2021-08-06 16:50:00,3340.52,3340.52,3339.8,3339.8,779
2021-08-06 16:55:00,3340.0,3340.0,3340.0,3340.0,300
2021-08-06 17:10:00,3342.0,3342.0,3342.0,3342.0,600
2021-08-06 17:15:00,3339.1,3344.94,3339.1,3344.94,31107
2021-08-06 17:30:00,3340.75,3340.75,3340.75,3340.75,100
2021-08-06 17:50:00,3340.48,3340.48,3340.48,3340.48,150
2021-08-06 19:05:00,3341.0,3341.0,3341.0,3341.0,100
2021-08-06 19:50:00,3339.5,3339.5,3339.5,3339.5,134
2021-08-06 19:55:00,3339.5,3339.5,3339.5,3339.5,100
2021-08-09 04:00:00,3344.9,3344.9,3344.9,3344.9,100
2021-08-09 05:30:00,3349.0,3349.0,3349.0,3349.0,100
2021-08-09 07:20:00,3348.0,3349.0,3348.0,3349.0,225
2021-08-09 07:40:00,3349.0,3349.0,3349.0,3349.0,100
2021-08-09 08:00:00,3348.0,3351.01,3348.0,3351.0,1147
2021-08-09 08:05:00,3349.0,3349.0,3348.5,3348.5,207
2021-08-09 08:10:00,3348.0,3348.0,3348.0,3348.0,109
2021-08-09 08:15:00,3347.0,3347.0,3347.0,3347.0,184
2021-08-09 08:20:00,3347.78,3347.78,3345.0,3345.0,208
2021-08-09 08:30:00,3346.25,3346.25,3346.25,3346.25,200
2021-08-09 08:50:00,3346.99,3347.8,3344.94,3344.94,6004
2021-08-09 09:00:00,3348.0,3348.0,3348.0,3348.0,572
2021-08-09 09:05:00,3344.32,3344.32,3344.32,3344.32,401
2021-08-09 09:25:00,3343.0,3343.0,3343.0,3343.0,764
2021-08-09 09:30:00,3343.61,3352.97,3332.52,3333.69,65654
2021-08-09 09:35:00,3333.52,3335.69,3328.6,3330.3,30625
2021-08-09 09:40:00,3329.21,3335.16,3328.52,3334.96,14774
2021-08-09 09:45:00,3334.97,3341.04,3331.43,3338.94,20069
2021-08-09 09:50:00,3339.14,3341.74,3336.7012,3339.04,9913
2021-08-09 09:55:00,3339.855,3340.0,3333.51,3334.785,9589
2021-08-09 10:00:00,3334.52,3335.385,3329.365,3330.55,14416
2021-08-09 10:05:00,3331.03,3334.6,3329.0,3333.605,14448
2021-08-09 10:10:00,3334.14,3341.47,3333.435,3338.98,12214
2021-08-09 10:15:00,3338.32,3339.0,3333.78,3335.175,8214
2021-08-09 10:20:00,3335.18,3337.11,3333.0,3333.775,9374
2021-08-09 10:25:00,3334.25,3345.786,3334.25,3344.83,19681
2021-08-09 10:30:00,3344.83,3352.2076,3344.83,3349.36,29948
2021-08-09 10:35:00,3348.68,3354.88,3348.68,3350.42,38196
2021-08-09 10:40:00,3350.23,3353.5,3350.08,3351.26,19704
2021-08-09 10:45:00,3350.12,3350.17,3342.05,3342.1,21769
2021-08-09 10:50:00,3342.655,3346.11,3341.0,3346.11,25511
2021-08-09 10:55:00,3346.01,3347.8698,3339.5878,3342.0,15977
2021-08-09 11:00:00,3341.995,3347.25,3340.37,3342.0,3766
2021-08-09 11:05:00,3342.87,3343.58,3339.01,3343.58,7296
2021-08-09 11:10:00,3343.62,3343.62,3338.0,3338.0,4394
2021-08-09 11:15:00,3336.72,3340.94,3336.72,3338.6,9300
2021-08-09 11:20:00,3338.0,3340.265,3336.64,3339.0,6361
2021-08-09 11:25:00,3338.77,3344.444,3337.94,3343.025,5391
2021-08-09 11:30:00,3343.08,3343.08,3339.62,3342.42,4592
2021-08-09 11:35:00,3342.28,3343.711,3339.0,3339.21,6312
2021-08-09 11:40:00,3339.21,3339.51,3336.06,3339.1352,8206
2021-08-09 11:45:00,3340.03,3340.42,3337.25,3338.0,3091
2021-08-09 11:50:00,3337.2,3340.0,3337.2,3339.56,3155
2021-08-09 11:55:00,3338.52,3342.5,3338.52,3342.5,7135
2021-08-09 12:00:00,3341.77,3342.21,3340.06,3341.625,4243
2021-08-09 12:05:00,3342.17,3342.6,3340.71,3342.26,5709
2021-08-09 12:10:00,3342.045,3343.265,3339.81,3340.37,10351
2021-08-09 12:15:00,3340.5,3341.76,3337.6,3337.75,5839
2021-08-09 12:20:00,3337.38,3339.05,3336.01,3336.02,12456
2021-08-09 12:25:00,3335.86,3336.37,3334.21,3334.63,5071
2021-08-09 12:30:00,3335.5,3336.2624,3333.03,3336.2624,4703
2021-08-09 12:35:00,3335.7998,3337.5,3335.7998,3337.5,2993
2021-08-09 12:40:00,3338.1812,3338.1812,3334.0,3334.0,5715
2021-08-09 12:45:00,3333.8,3341.5726,3333.8,3338.62,9881
2021-08-09 12:50:00,3339.2942,3339.9,3338.7,3339.05,2934
2021-08-09 12:55:00,3338.7,3339.86,3338.7,3339.23,3100
2021-08-09 13:00:00,3339.575,3339.575,3336.365,3336.5,6221
2021-08-09 13:05:00,3336.8,3338.3,3336.5,3337.65,3937
2021-08-09 13:10:00,3337.515,3339.72,3337.515,3338.35,4400
2021-08-09 13:15:00,3338.3986,3339.76,3337.535,3337.535,4752
2021-08-09 13:20:00,3337.505,3339.0,3336.0,3338.485,6057
2021-08-09 13:25:00,3338.48,3338.48,3336.0,3336.2,5108
2021-08-09 13:30:00,3336.125,3338.71,3335.77,3337.86,5113
2021-08-09 13:35:00,3337.69,3342.4,3337.44,3341.02,6632
2021-08-09 13:40:00,3341.22,3341.945,3339.8,3340.92,5243
2021-08-09 13:45:00,3341.12,3343.95,3340.1844,3342.49,5717
2021-08-09 13:50:00,3342.41,3342.7876,3340.7378,3341.39,3916
2021-08-09 13:55:00,3341.39,3343.31,3340.74,3341.335,5069
2021-08-09 14:00:00,3341.545,3342.64,3340.565,3340.565,9274
2021-08-09 14:05:00,3340.0,3340.9,3338.6746,3339.35,5276
2021-08-09 14:10:00,3339.86,3340.75,3337.07,3338.374,6278
2021-08-09 14:15:00,3338.52,3340.49,3338.52,3338.71,4508
2021-08-09 14:20:00,3338.91,3342.225,3338.91,3341.55,3150
2021-08-09 14:25:00,3342.935,3345.9,3341.63,3345.34,11045
2021-08-09 14:30:00,3346.01,3348.0,3344.988,3345.785,15132
2021-08-09 14:35:00,3346.325,3346.325,3340.18,3341.56,5112
2021-08-09 14:40:00,3341.87,3342.85,3339.55,3339.89,4035
2021-08-09 14:45:00,3340.0,3340.96,3338.93,3340.51,3086
2021-08-09 14:50:00,3339.73,3339.73,3337.6,3338.49,6245
2021-08-09 14:55:00,3338.498,3340.87,3337.84,3339.37,4101
2021-08-09 15:00:00,3338.89,3340.0,3337.85,3338.005,3994
2021-08-09 15:05:00,3337.53,3340.0,3337.53,3339.7256,4905
2021-08-09 15:10:00,3339.44,3339.7,3337.63,3338.4294,3803
2021-08-09 15:15:00,3338.5,3338.5,3336.5,3337.34,4300
2021-08-09 15:20:00,3337.6,3337.6,3335.35,3335.6962,6051
2021-08-09 15:25:00,3335.6,3337.49,3335.37,3336.97,6030
2021-08-09 15:30:00,3336.93,3339.0,3336.84,3337.82,10492
2021-08-09 15:35:00,3337.7,3339.56,3337.445,3339.2,9124
2021-08-09 15:40:00,3339.205,3343.27,3339.205,3343.27,11301
2021-08-09 15:45:00,3343.22,3343.61,3341.64,3343.18,10462
2021-08-09 15:50:00,3342.94,3346.615,3341.2,3341.38,21524
2021-08-09 15:55:00,3341.7676,3345.6,3341.33,3341.33,25006
2021-08-09 16:00:00,3341.87,3341.87,3341.7,3341.87,215819
2021-08-09 16:05:00,3341.87,3341.87,3341.0,3341.0442,584
2021-08-09 16:15:00,3341.78,3341.78,3341.78,3341.78,100
2021-08-09 16:50:00,3338.5,3338.5,3336.25,3336.25,377
2021-08-09 16:55:00,3340.91,3340.91,3340.91,3340.91,290
2021-08-09 17:05:00,3339.0,3339.0,3339.0,3339.0,100
2021-08-09 18:05:00,3340.0,3340.0,3340.0,3340.0,100
2021-08-09 18:55:00,3339.99,3339.99,3339.99,3339.99,160
2021-08-09 19:55:00,3338.5,3338.5,3338.5,3338.5,300
2021-08-10 07:00:00,3344.3,3344.3,3344.3,3344.3,100
2021-08-10 07:30:00,3344.0,3344.0,3344.0,3344.0,100
2021-08-10 08:00:00,3344.0,3344.0,3344.0,3344.0,100
2021-08-10 08:15:00,3346.0,3346.0,3346.0,3346.0,185
2021-08-10 08:50:00,3346.0,3346.0,3346.0,3346.0,100
2021-08-10 08:55:00,3346.0,3346.0,3346.0,3346.0,244
2021-08-10 09:00:00,3344.0,3344.0,3344.0,3344.0,500
2021-08-10 09:10:00,3347.5,3347.5,3347.5,3347.5,125
2021-08-10 09:20:00,3347.96,3347.96,3347.96,3347.96,150
2021-08-10 09:25:00,3348.88,3348.88,3348.21,3348.21,424
2021-08-10 09:30:00,3345.01,3349.46,3338.5,3343.63,51198
2021-08-10 09:35:00,3344.85,3348.3,3342.13,3343.5,18165
2021-08-10 09:40:00,3344.2,3352.79,3344.2,3352.36,19533
2021-08-10 09:45:00,3352.29,3356.24,3350.31,3352.8,18453
2021-08-10 09:50:00,3352.64,3358.0,3351.35,3355.35,22229
2021-08-10 09:55:00,3354.89,3355.0,3351.0,3351.905,9974
2021-08-10 10:00:00,3352.82,3357.52,3346.915,3346.955,18782
2021-08-10 10:05:00,3347.08,3350.12,3345.0168,3347.24,11733
2021-08-10 10:10:00,3347.16,3349.0,3340.755,3341.1774,9563
2021-08-10 10:15:00,3341.386,3344.03,3337.64,3338.035,20918
2021-08-10 10:20:00,3338.73,3342.39,3338.41,3341.25,6031
2021-08-10 10:25:00,3341.5,3341.5,3334.58,3334.58,11231
2021-08-10 10:30:00,3334.35,3334.35,3326.822,3330.23,28357
2021-08-10 10:35:00,3329.1702,3330.7268,3325.95,3330.15,11478
2021-08-10 10:40:00,3330.11,3330.11,3320.0,3321.54,16195
2021-08-10 10:45:00,3321.0,3328.11,3320.9,3326.41,15790
2021-08-10 10:50:00,3326.01,3327.705,3319.0,3324.095,13025
2021-08-10 10:55:00,3323.32,3327.435,3320.0,3326.845,15786
2021-08-10 11:00:00,3326.18,3328.83,3321.8526,3324.54,15271
2021-08-10 11:05:00,3324.8,3325.27,3320.3926,3320.945,8770
2021-08-10 11:10:00,3320.1,3324.205,3316.15,3316.15,13095
2021-08-10 11:15:00,3316.15,3320.73,3315.0,3317.5,15524
2021-08-10 11:20:00,3317.47,3323.0,3317.0,3321.2928,15525
2021-08-10 11:25:00,3321.17,3322.84,3319.62,3319.66,11466
2021-08-10 11:30:00,3320.09,3325.42,3317.7,3325.42,20961
2021-08-10 11:35:00,3325.49,3325.6268,3323.12,3324.745,6122
2021-08-10 11:40:00,3324.7,3326.01,3321.51,3324.21,7714
2021-08-10 11:45:00,3323.79,3327.17,3323.79,3325.96,5138
2021-08-10 11:50:00,3325.7,3327.83,3324.82,3326.62,6011
2021-08-10 11:55:00,3325.1,3326.7014,3323.2512,3323.2512,6354
2021-08-10 12:00:00,3323.29,3331.925,3322.51,3330.51,10616
2021-08-10 12:05:00,3330.2806,3331.8046,3328.72,3329.98,5637
2021-08-10 12:10:00,3328.87,3329.28,3325.9,3327.04,4333
2021-08-10 12:15:00,3325.44,3327.11,3325.295,3326.5,5191
2021-08-10 12:20:00,3325.845,3326.73,3324.435,3325.05,3826
2021-08-10 12:25:00,3325.05,3325.305,3323.02,3323.02,3844
2021-08-10 12:30:00,3322.77,3323.42,3320.0,3322.2,8277
2021-08-10 12:35:00,3322.81,3324.1774,3322.01,3323.145,7881
2021-08-10 12:40:00,3324.282,3324.282,3322.7244,3323.63,3300
2021-08-10 12:45:00,3323.46,3323.9948,3322.1878,3323.9948,3811
2021-08-10 12:50:00,3324.32,3326.265,3321.91,3322.35,3438
2021-08-10 12:55:00,3322.13,3322.13,3319.56,3320.7398,5835
2021-08-10 13:00:00,3320.55,3323.7,3320.55,3322.7424,3227
2021-08-10 13:05:00,3322.0,3323.457,3321.46,3321.67,3192
2021-08-10 13:10:00,3321.48,3326.01,3320.95,3325.0298,5756
2021-08-10 13:15:00,3324.215,3325.95,3323.75,3324.2348,3345
2021-08-10 13:20:00,3322.83,3322.83,3320.5,3320.5,4968
2021-08-10 13:25:00,3320.0,3322.99,3319.98,3322.0,5489
2021-08-10 13:30:00,3320.805,3320.805,3319.0,3320.0,3927
2021-08-10 13:35:00,3319.0,3319.26,3317.0,3318.04,8478
2021-08-10 13:40:00,3319.39,3321.31,3318.08,3318.2334,4365
2021-08-10 13:45:00,3318.1,3320.5,3317.51,3320.34,5658
2021-08-10 13:50:00,3320.0,3322.44,3320.0,3321.855,3561
2021-08-10 13:55:00,3321.375,3322.54,3320.76,3322.14,3297
2021-08-10 14:00:00,3321.42,3321.72,3316.87,3316.895,10926
2021-08-10 14:05:00,3317.15,3319.18,3316.53,3318.41,4789
2021-08-10 14:10:00,3317.92,3317.96,3316.0,3316.0,4308
2021-08-10 14:15:00,3316.73,3319.19,3316.31,3318.62,4578
2021-08-10 14:20:00,3319.105,3319.48,3316.82,3318.55,7106
2021-08-10 14:25:00,3318.065,3318.55,3317.3,3318.0,4202
2021-08-10 14:30:00,3317.8376,3318.19,3317.25,3317.8458,2908
2021-08-10 14:35:00,3319.57,3319.57,3317.3574,3318.485,2471
2021-08-10 14:40:00,3319.0,3319.0,3317.22,3317.22,3304
2021-08-10 14:45:00,3318.28,3320.44,3318.005,3320.4292,5733
2021-08-10 14:50:00,3320.14,3320.18,3318.25,3319.08,3183
2021-08-10 14:55:00,3318.6,3321.135,3317.65,3321.13,4317
2021-08-10 15:00:00,3321.175,3322.0,3319.72,3320.58,4515
2021-08-10 15:05:00,3320.21,3320.21,3318.46,3319.18,2445
2021-08-10 15:10:00,3318.89,3320.48,3318.78,3320.48,4195
2021-08-10 15:15:00,3320.19,3321.36,3317.975,3318.8,6840
2021-08-10 15:20:00,3318.97,3321.45,3317.355,3321.26,6595
2021-08-10 15:25:00,3321.21,3323.47,3320.7812,3322.765,4594
2021-08-10 15:30:00,3323.2,3323.85,3320.58,3321.03,9110
2021-08-10 15:35:00,3321.57,3322.57,3320.08,3320.08,4719
2021-08-10 15:40:00,3320.46,3320.9,3318.1902,3320.26,6635
2021-08-10 15:45:00,3320.42,3322.37,3319.0,3320.66,10292
2021-08-10 15:50:00,3320.01,3320.01,3317.51,3318.61,16663
2021-08-10 15:55:00,3318.19,3321.48,3318.0,3321.32,36507
2021-08-10 16:00:00,3320.68,3320.68,3320.68,3320.68,152273
2021-08-10 16:05:00,3320.68,3320.68,3320.68,3320.68,1209
2021-08-10 16:10:00,3321.0,3321.0,3321.0,3321.0,100
2021-08-10 16:15:00,3319.5,3319.5,3319.5,3319.5,400
2021-08-10 16:20:00,3319.0,3319.0,3318.75,3319.0,300
2021-08-10 16:30:00,3319.0,3319.0,3319.0,3319.0,740
2021-08-10 16:45:00,3319.5,3319.5,3319.5,3319.5,172
2021-08-10 17:25:00,3319.01,3319.01,3319.01,3319.01,100
2021-08-10 17:35:00,3319.5,3319.5,3319.5,3319.5,100
2021-08-10 18:35:00,3317.0,3317.0,3317.0,3317.0,100
2021-08-10 18:50:00,3317.25,3317.25,3317.0,3317.0,257
2021-08-10 19:05:00,3317.75,3317.75,3317.75,3317.75,400
2021-08-10 19:25:00,3318.0,3318.0,3318.0,3318.0,100
2021-08-10 19:40:00,3317.77,3317.77,3317.77,3317.77,100
2021-08-10 19:50:00,3318.99,3318.99,3318.99,3318.99,145
2021-08-10 19:55:00,3319.33,3320.0,3319.33,3320.0,487
2021-08-11 06:15:00,3313.98,3313.98,3313.98,3313.98,100
2021-08-11 07:05:00,3318.0,3318.0,3318.0,3318.0,100
2021-08-11 07:10:00,3318.1,3318.1,3318.0,3318.0,247
2021-08-11 07:45:00,3318.0,3318.0,3318.0,3318.0,171
2021-08-11 08:00:00,3318.0,3318.0,3318.0,3318.0,100
2021-08-11 08:05:00,3317.1,3317.1,3317.1,3317.1,150
2021-08-11 08:30:00,3326.8,3326.8,3326.8,3326.8,100
2021-08-11 08:35:00,3326.4,3328.8,3326.4,3328.8,1732
2021-08-11 08:40:00,3327.0,3327.0,3326.0,3326.5,1312
2021-08-11 08:45:00,3326.99,3328.8,3326.99,3328.8,500
2021-08-11 08:50:00,3329.5,3329.5,3327.77,3327.88,900
2021-08-11 09:00:00,3329.93,3330.0,3328.0,3330.0,651
2021-08-11 09:05:00,3333.0,3333.0,3329.0,3329.0,1240
2021-08-11 09:15:00,3333.1,3333.1,3332.0,3332.0,500
2021-08-11 09:20:00,3333.4,3333.4,3330.01,3330.01,880
2021-08-11 09:25:00,3332.5,3332.5,3331.75,3331.75,400
2021-08-11 09:30:00,3331.01,3337.7,3325.0,3332.8002,88287
2021-08-11 09:35:00,3332.1602,3333.45,3321.01,3325.1,35467
2021-08-11 09:40:00,3325.83,3329.335,3318.11,3319.0,20289
2021-08-11 09:45:00,3318.51,3319.73,3313.0,3313.07,27012
2021-08-11 09:50:00,3313.78,3320.72,3311.43,3320.72,23957
2021-08-11 09:55:00,3320.0,3320.96,3312.35,3313.1,16237
2021-08-11 10:00:00,3313.47,3319.96,3312.74,3319.03,16741
2021-08-11 10:05:00,3318.49,3320.83,3312.75,3314.68,16772
2021-08-11 10:10:00,3314.8494,3314.8494,3307.53,3310.01,16376
2021-08-11 10:15:00,3310.6,3311.92,3308.101,3308.27,10544
2021-08-11 10:20:00,3309.6298,3314.07,3307.84,3313.22,11648
2021-08-11 10:25:00,3312.5,3312.5,3307.87,3307.87,9475
2021-08-11 10:30:00,3308.6,3309.16,3303.45,3304.77,26686
2021-08-11 10:35:00,3305.05,3306.87,3303.0,3304.11,16170
2021-08-11 10:40:00,3303.57,3307.3,3303.55,3305.15,15470
2021-08-11 10:45:00,3305.0,3306.21,3302.245,3303.775,12818
2021-08-11 10:50:00,3304.4,3305.93,3302.37,3304.21,10905
2021-08-11 10:55:00,3303.66,3304.97,3301.15,3302.75,19145
2021-08-11 11:00:00,3301.9,3303.85,3296.89,3297.58,29036
2021-08-11 11:05:00,3297.36,3298.33,3293.33,3294.5,21044
2021-08-11 11:10:00,3294.1208,3297.885,3292.0,3293.86,16972
2021-08-11 11:15:00,3293.0,3293.0,3286.0,3288.26,34166
2021-08-11 11:20:00,3288.0,3295.0,3288.0,3294.763,16325
2021-08-11 11:25:00,3294.17,3297.1146,3293.13,3296.17,6261
2021-08-11 11:30:00,3295.11,3296.7268,3293.97,3296.25,7612
2021-08-11 11:35:00,3296.34,3297.32,3291.1402,3297.32,7700
2021-08-11 11:40:00,3297.805,3297.805,3294.1302,3295.575,14442
2021-08-11 11:45:00,3296.17,3296.9,3291.63,3291.63,10233
2021-08-11 11:50:00,3292.0,3292.37,3289.37,3290.0,14780
2021-08-11 11:55:00,3289.16,3291.0,3287.26,3288.2,9748
2021-08-11 12:00:00,3287.97,3297.355,3287.35,3297.355,17572
2021-08-11 12:05:00,3297.365,3299.4,3294.42,3294.42,13024
2021-08-11 12:10:00,3294.34,3294.863,3292.01,3293.85,5217
2021-08-11 12:15:00,3293.1312,3294.33,3289.6224,3291.6922,9469
2021-08-11 12:20:00,3291.6,3293.12,3288.74,3291.57,9713
2021-08-11 12:25:00,3292.8098,3294.72,3291.45,3294.0974,6167
2021-08-11 12:30:00,3294.02,3296.43,3293.44,3295.69,9039
2021-08-11 12:35:00,3295.75,3296.73,3291.835,3292.03,5240
2021-08-11 12:40:00,3292.84,3292.89,3289.431,3290.56,5427
2021-08-11 12:45:00,3290.89,3292.699,3290.24,3291.37,5532
2021-08-11 12:50:00,3291.74,3292.23,3288.06,3289.6496,8313
2021-08-11 12:55:00,3289.53,3291.54,3288.73,3290.778,9220
2021-08-11 13:00:00,3291.416,3296.99,3289.0,3295.0,14949
2021-08-11 13:05:00,3294.51,3295.0,3292.34,3293.055,5096
2021-08-11 13:10:00,3293.27,3295.0,3290.12,3291.67,11925
2021-08-11 13:15:00,3291.665,3291.665,3287.36,3289.54,16168
2021-08-11 13:20:00,3289.4,3292.13,3288.0,3291.89,9399
2021-08-11 13:25:00,3291.77,3292.5,3289.8,3289.89,4621
2021-08-11 13:30:00,3289.981,3290.48,3287.05,3288.5,6543
2021-08-11 13:35:00,3288.96,3289.07,3281.0,3281.475,18082
2021-08-11 13:40:00,3281.02,3281.8514,3279.03,3280.58,22795
2021-08-11 13:45:00,3281.0,3282.95,3280.81,3281.6166,8688
2021-08-11 13:50:00,3280.89,3281.62,3277.79,3280.49,15378
2021-08-11 13:55:00,3280.5,3281.05,3278.43,3279.95,7991
2021-08-11 14:00:00,3279.91,3284.0,3278.011,3283.02,15018
2021-08-11 14:05:00,3283.69,3284.83,3281.96,3282.1,10128
2021-08-11 14:10:00,3282.2696,3283.1162,3281.18,3282.46,5133
2021-08-11 14:15:00,3283.48,3283.77,3279.34,3280.585,10560
2021-08-11 14:20:00,3281.0998,3281.29,3278.4,3280.275,9066
2021-08-11 14:25:00,3280.59,3280.8,3279.83,3279.83,5045
2021-08-11 14:30:00,3280.05,3283.79,3279.88,3281.69,9379
2021-08-11 14:35:00,3281.88,3282.63,3280.6924,3281.07,4470
2021-08-11 14:40:00,3282.1,3283.03,3281.26,3281.45,5049
2021-08-11 14:45:00,3281.17,3283.4218,3281.07,3283.4218,6074
2021-08-11 14:50:00,3283.73,3284.15,3279.8504,3280.66,8480
2021-08-11 14:55:00,3280.23,3281.6462,3279.24,3280.4602,8111
2021-08-11 15:00:00,3281.38,3281.42,3279.0,3280.73,3894
2021-08-11 15:05:00,3280.51,3285.24,3279.925,3284.5598,8921
2021-08-11 15:10:00,3284.52,3286.42,3284.03,3284.03,15235
2021-08-11 15:15:00,3283.66,3284.48,3281.705,3283.075,6602
2021-08-11 15:20:00,3283.49,3286.415,3283.2,3285.91,7605
2021-08-11 15:25:00,3285.7,3286.71,3285.05,3285.74,6658
2021-08-11 15:30:00,3285.07,3285.7944,3284.01,3285.23,5873
2021-08-11 15:35:00,3284.34,3285.44,3283.075,3284.11,9032
2021-08-11 15:40:00,3284.07,3285.8,3283.55,3284.175,11351
2021-08-11 15:45:00,3284.84,3295.15,3284.39,3293.38,29396
2021-08-11 15:50:00,3292.0,3299.68,3291.86,3295.04,46666
2021-08-11 15:55:00,3294.91,3295.82,3291.2,3292.22,67080
2021-08-11 16:00:00,3292.11,3292.11,3291.89,3291.89,116876
2021-08-11 16:05:00,3292.11,3292.11,3291.25,3292.11,4236
2021-08-11 16:10:00,3292.11,3292.11,3291.0,3291.0,300
2021-08-11 16:15:00,3292.0,3292.0,3290.76,3290.76,399
2021-08-11 16:20:00,3290.4,3290.4,3290.4,3290.4,150
2021-08-11 16:25:00,3290.5,3290.5,3290.5,3290.5,400
2021-08-11 16:30:00,3291.47,3291.47,3291.47,3291.47,100
2021-08-11 16:35:00,3290.3068,3290.3068,3290.3068,3290.3068,100
2021-08-11 16:40:00,3290.2,3290.2,3290.2,3290.2,100
2021-08-11 16:45:00,3290.73,3290.77,3290.73,3290.77,200
2021-08-11 17:15:00,3291.89,3291.89,3291.74,3291.74,232
2021-08-11 17:20:00,3291.9,3291.9,3291.9,3291.9,100
2021-08-11 17:40:00,3291.89,3291.89,3291.89,3291.89,100
2021-08-11 18:00:00,3290.63,3290.63,3290.63,3290.63,100
2021-08-11 18:10:00,3291.09,3291.09,3291.09,3291.09,100
2021-08-11 18:15:00,3290.98,3290.98,3290.98,3290.98,100
2021-08-11 18:45:00,3290.97,3290.97,3290.97,3290.97,119
2021-08-11 19:05:00,3290.6,3290.6,3290.3,3290.53,761
2021-08-11 19:40:00,3290.63,3290.63,3290.63,3290.63,100
2021-08-11 19:45:00,3290.3,3290.3,3290.3,3290.3,311
2021-08-12 04:15:00,3294.11,3294.11,3294.11,3294.11,106
2021-08-12 04:55:00,3299.11,3299.11,3299.11,3299.11,100
2021-08-12 05:10:00,3300.0,3300.0,3300.0,3300.0,100
2021-08-12 06:50:00,3304.16,3304.16,3304.16,3304.16,102
2021-08-12 07:00:00,3299.82,3299.99,3299.01,3299.01,325
2021-08-12 07:10:00,3297.29,3297.29,3297.29,3297.29,182
2021-08-12 07:20:00,3298.0,3298.0,3298.0,3298.0,110
2021-08-12 07:30:00,3300.0,3300.0,3299.0,3299.0,578
2021-08-12 08:00:00,3295.5,3300.0,3295.5,3300.0,615
2021-08-12 08:05:00,3300.0,3300.0,3300.0,3300.0,100
2021-08-12 08:30:00,3299.8,3299.8,3299.8,3299.8,100
2021-08-12 08:40:00,3294.2,3294.2,3294.1,3294.1,387
2021-08-12 08:50:00,3292.25,3292.25,3291.0,3291.0,400
2021-08-12 08:55:00,3291.0,3291.0,3291.0,3291.0,163
2021-08-12 09:05:00,3291.0,3291.0,3291.0,3291.0,100
2021-08-12 09:10:00,3292.0,3292.0,3292.0,3292.0,130
2021-08-12 09:20:00,3286.54,3286.54,3286.54,3286.54,200
2021-08-12 09:30:00,3290.0,3293.35,3279.6,3286.71,48002
2021-08-12 09:35:00,3286.695,3286.695,3275.69,3282.0,24795
2021-08-12 09:40:00,3281.9,3282.5508,3273.76,3275.73,18135
2021-08-12 09:45:00,3274.55,3280.96,3270.39,3278.87,32388
2021-08-12 09:50:00,3279.0,3280.94,3272.28,3272.85,11821
2021-08-12 09:55:00,3271.78,3279.43,3271.78,3277.04,16365
2021-08-12 10:00:00,3278.02,3284.71,3274.62,3276.1,18774
2021-08-12 10:05:00,3275.0,3275.0,3269.67,3273.705,18591
2021-08-12 10:10:00,3274.7,3282.575,3274.2036,3282.15,21796
2021-08-12 10:15:00,3281.53,3290.0,3280.72,3289.695,22156
2021-08-12 10:20:00,3288.5,3294.18,3287.645,3290.73,20876
2021-08-12 10:25:00,3290.725,3291.44,3287.57,3290.3,17600
2021-08-12 10:30:00,3290.88,3295.95,3290.6902,3295.0,20954
2021-08-12 10:35:00,3295.0,3296.52,3288.06,3288.85,11729
2021-08-12 10:40:00,3288.74,3292.22,3287.51,3288.68,8633
2021-08-12 10:45:00,3289.02,3290.9,3288.4534,3288.97,8605
2021-08-12 10:50:00,3290.87,3297.11,3289.72,3297.11,10368
2021-08-12 10:55:00,3297.705,3302.0,3295.33,3301.54,13218
2021-08-12 11:00:00,3302.36,3309.0,3302.2488,3303.9004,28207
2021-08-12 11:05:00,3303.52,3307.5776,3300.03,3301.8,14522
2021-08-12 11:10:00,3301.75,3305.48,3301.06,3302.59,7230
2021-08-12 11:15:00,3301.555,3302.76,3297.57,3297.57,6643
2021-08-12 11:20:00,3298.0,3302.24,3297.6048,3302.24,5890
2021-08-12 11:25:00,3302.165,3302.55,3298.1,3298.1,7307
2021-08-12 11:30:00,3297.81,3302.83,3297.05,3302.335,9212
2021-08-12 11:35:00,3302.0,3303.215,3301.38,3302.34,10059
2021-08-12 11:40:00,3302.07,3306.6,3302.05,3304.23,6257
2021-08-12 11:45:00,3303.93,3305.97,3303.58,3303.58,4845
2021-08-12 11:50:00,3304.0,3308.07,3303.35,3307.97,8760
2021-08-12 11:55:00,3308.14,3308.14,3304.41,3305.39,5271
2021-08-12 12:00:00,3305.3194,3305.3194,3300.08,3300.08,7395
2021-08-12 12:05:00,3300.1998,3303.0,3299.1748,3302.755,4680
2021-08-12 12:10:00,3301.91,3306.1878,3301.91,3305.54,5849
2021-08-12 12:15:00,3305.09,3305.5,3301.6,3302.67,4803
2021-08-12 12:20:00,3302.5,3302.505,3298.44,3298.44,7226
2021-08-12 12:25:00,3299.09,3299.97,3298.5,3298.89,3801
2021-08-12 12:30:00,3299.6,3301.23,3298.5,3301.23,3891
2021-08-12 12:35:00,3299.11,3300.71,3299.01,3299.01,2442
2021-08-12 12:40:00,3298.375,3299.3298,3295.1224,3298.085,4475
2021-08-12 12:45:00,3297.2,3299.13,3297.0,3298.45,2618
2021-08-12 12:50:00,3298.44,3298.44,3296.55,3297.0,2886
2021-08-12 12:55:00,3296.74,3297.18,3293.24,3294.715,6117
2021-08-12 13:00:00,3293.8498,3294.89,3291.93,3293.08,7518
2021-08-12 13:05:00,3293.88,3296.14,3292.81,3295.39,10101
2021-08-12 13:10:00,3294.9,3295.6784,3293.46,3295.6784,6669
2021-08-12 13:15:00,3295.33,3295.88,3289.3,3289.97,8649
2021-08-12 13:20:00,3289.3216,3291.95,3288.57,3289.4,5115
2021-08-12 13:25:00,3289.355,3291.86,3289.26,3291.86,3945
2021-08-12 13:30:00,3292.1,3296.94,3292.0,3296.63,7758
2021-08-12 13:35:00,3296.84,3299.87,3296.84,3299.43,7623
2021-08-12 13:40:00,3299.31,3300.86,3296.54,3296.54,6922
2021-08-12 13:45:00,3296.77,3298.77,3296.1302,3297.0,4790
2021-08-12 13:50:00,3297.52,3298.28,3296.13,3297.9748,3899
2021-08-12 13:55:00,3297.49,3298.155,3293.5,3293.5,6242
2021-08-12 14:00:00,3293.27,3296.08,3293.27,3295.73,4894
2021-08-12 14:05:00,3295.2002,3297.55,3294.87,3297.55,2488
2021-08-12 14:10:00,3296.57,3299.06,3296.57,3299.05,5718
2021-08-12 14:15:00,3298.89,3301.0,3298.34,3298.34,4752
2021-08-12 14:20:00,3298.805,3298.805,3296.0,3297.67,4627
2021-08-12 14:25:00,3297.2308,3299.4252,3296.465,3299.4252,3196
2021-08-12 14:30:00,3299.4634,3303.99,3298.87,3300.93,9670
2021-08-12 14:35:00,3300.945,3302.22,3299.1666,3299.6,7489
2021-08-12 14:40:00,3299.11,3301.21,3299.11,3301.21,1856
2021-08-12 14:45:00,3300.975,3300.985,3297.7864,3297.7864,3940
2021-08-12 14:50:00,3298.69,3301.115,3298.275,3299.35,5654
2021-08-12 14:55:00,3299.4,3300.24,3298.295,3298.81,6219
2021-08-12 15:00:00,3298.73,3301.7686,3298.73,3301.68,5300
2021-08-12 15:05:00,3301.615,3303.17,3300.515,3302.39,5487
2021-08-12 15:10:00,3302.065,3302.7208,3299.07,3299.6102,9047
2021-08-12 15:15:00,3300.02,3302.01,3299.9,3301.79,3008
2021-08-12 15:20:00,3302.015,3307.38,3301.59,3305.597,10873
2021-08-12 15:25:00,3305.57,3312.63,3305.57,3312.56,11527
2021-08-12 15:30:00,3312.375,3313.0,3307.3602,3308.67,13472
2021-08-12 15:35:00,3309.17,3310.9974,3308.36,3310.99,4358
2021-08-12 15:40:00,3311.15,3312.5,3309.84,3312.0,12919
2021-08-12 15:45:00,3311.96,3314.51,3310.48,3314.195,19609
2021-08-12 15:50:00,3313.89,3314.505,3307.565,3310.96,36078
2021-08-12 15:55:00,3310.48,3310.48,3302.38,3302.7,46222
2021-08-12 16:00:00,3302.51,3303.5,3300.0,3302.0,213751
2021-08-12 16:05:00,3303.5,3303.5,3303.5,3303.5,413
2021-08-12 16:10:00,3303.5,3303.5,3302.16,3302.64,595
2021-08-12 16:15:00,3302.0,3302.0,3302.0,3302.0,100
2021-08-12 16:20:00,3302.0,3302.0,3302.0,3302.0,100
2021-08-12 16:30:00,3302.0,3302.0,3302.0,3302.0,129
2021-08-12 17:30:00,3304.47,3304.47,3304.47,3304.47,100
2021-08-12 17:40:00,3303.37,3303.37,3303.37,3303.37,165
2021-08-12 18:10:00,3302.0,3302.0,3302.0,3302.0,200
2021-08-12 18:50:00,3303.0,3303.0,3302.63,3302.63,200
2021-08-12 19:40:00,3301.77,3301.77,3301.77,3301.77,170
2021-08-12 19:45:00,3301.01,3301.01,3301.01,3301.01,100
2021-08-12 19:50:00,3301.7,3301.7,3301.7,3301.7,100
2021-08-12 19:55:00,3301.98,3301.98,3301.98,3301.98,200
2021-08-13 08:00:00,3301.35,3301.35,3301.35,3301.35,100
2021-08-13 08:10:00,3302.0,3303.0,3302.0,3303.0,290
2021-08-13 08:55:00,3305.0,3305.0,3305.0,3305.0,300
2021-08-13 09:05:00,3304.2,3304.3,3304.2,3304.3,350
2021-08-13 09:25:00,3308.0,3308.0,3308.0,3308.0,285
2021-08-13 09:30:00,3306.02,3306.065,3292.8956,3297.405,53826
2021-08-13 09:35:00,3296.53,3297.5498,3290.81,3291.515,25108
2021-08-13 09:40:00,3292.255,3297.4,3289.02,3292.4246,26302
2021-08-13 09:45:00,3292.63,3297.07,3286.0,3289.39,32912
2021-08-13 09:50:00,3289.98,3292.22,3286.72,3292.06,23179
2021-08-13 09:55:00,3292.8,3295.65,3288.9366,3293.52,14922
2021-08-13 10:00:00,3293.96,3296.54,3290.0004,3293.0,12842
2021-08-13 10:05:00,3292.96,3297.59,3291.955,3295.255,10941
2021-08-13 10:10:00,3295.0808,3296.13,3291.68,3294.1064,13543
2021-08-13 10:15:00,3293.645,3301.095,3293.645,3298.98,14385
2021-08-13 10:20:00,3299.42,3300.47,3295.35,3295.56,12740
2021-08-13 10:25:00,3295.55,3297.92,3292.337,3292.72,12300
2021-08-13 10:30:00,3293.61,3294.7,3290.44,3292.13,14043
2021-08-13 10:35:00,3292.02,3293.77,3290.63,3291.82,8303
2021-08-13 10:40:00,3291.93,3291.93,3288.54,3290.32,9256
2021-08-13 10:45:00,3290.05,3292.01,3289.33,3291.35,15953
2021-08-13 10:50:00,3291.055,3291.905,3288.58,3288.95,8326
2021-08-13 10:55:00,3289.45,3292.99,3288.62,3291.82,8363
2021-08-13 11:00:00,3292.235,3294.0,3291.55,3293.25,9372
2021-08-13 11:05:00,3293.52,3293.85,3290.027,3293.355,3907
2021-08-13 11:10:00,3293.355,3296.0,3293.26,3293.9952,7140
2021-08-13 11:15:00,3294.799,3295.41,3292.09,3292.09,4217
2021-08-13 11:20:00,3292.163,3292.34,3289.01,3289.49,8251
2021-08-13 11:25:00,3290.205,3290.653,3289.4394,3289.91,5655
2021-08-13 11:30:00,3289.54,3289.54,3288.0,3288.12,5939
2021-08-13 11:35:00,3288.0,3290.295,3286.78,3288.85,6935
2021-08-13 11:40:00,3288.48,3290.16,3287.655,3287.655,4025
2021-08-13 11:45:00,3288.765,3288.765,3287.01,3287.25,7518
2021-08-13 11:50:00,3287.38,3287.82,3283.025,3283.025,18167
2021-08-13 11:55:00,3283.025,3285.96,3283.0,3285.5,8250
2021-08-13 12:00:00,3285.19,3287.73,3284.99,3287.73,6252
2021-08-13 12:05:00,3288.36,3289.9,3287.03,3288.25,8085
2021-08-13 12:10:00,3287.715,3288.05,3285.8854,3287.03,6580
2021-08-13 12:15:00,3286.62,3287.63,3286.15,3286.8804,33797
2021-08-13 12:20:00,3286.98,3289.14,3286.7,3288.4,6400
2021-08-13 12:25:00,3288.985,3291.6,3288.44,3290.41,8721
2021-08-13 12:30:00,3290.445,3291.5,3288.64,3288.65,9673
2021-08-13 12:35:00,3288.9,3289.65,3286.81,3287.71,3423
2021-08-13 12:40:00,3287.7,3289.93,3286.9,3289.93,5192
2021-08-13 12:45:00,3289.805,3291.4,3289.805,3290.96,3100
2021-08-13 12:50:00,3291.03,3292.53,3290.497,3292.53,6915
2021-08-13 12:55:00,3292.742,3296.0,3292.41,3294.2212,8936
2021-08-13 13:00:00,3294.46,3294.85,3293.27,3294.425,2782
2021-08-13 13:05:00,3294.02,3294.06,3291.67,3291.67,4730
2021-08-13 13:10:00,3291.91,3295.12,3291.65,3295.12,4304
2021-08-13 13:15:00,3294.62,3295.13,3293.31,3293.75,7712
2021-08-13 13:20:00,3293.52,3294.26,3291.5,3292.105,4500
2021-08-13 13:25:00,3292.17,3292.72,3291.56,3292.5,4226
2021-08-13 13:30:00,3292.23,3293.48,3288.815,3289.79,8453
2021-08-13 13:35:00,3290.13,3290.455,3287.829,3290.05,6357
2021-08-13 13:40:00,3290.01,3290.74,3289.5056,3289.53,4301
2021-08-13 13:45:00,3289.79,3290.03,3286.81,3287.54,7638
2021-08-13 13:50:00,3287.65,3288.59,3287.15,3287.24,1850
2021-08-13 13:55:00,3288.14,3289.3,3287.33,3288.545,3930
2021-08-13 14:00:00,3288.93,3289.99,3288.9006,3289.99,5238
2021-08-13 14:05:00,3290.12,3290.12,3287.77,3288.41,3473
2021-08-13 14:10:00,3289.09,3289.99,3288.764,3289.42,4067
2021-08-13 14:15:00,3289.83,3290.12,3289.51,3290.0,4923
2021-08-13 14:20:00,3289.93,3289.93,3287.42,3288.1,2642
2021-08-13 14:25:00,3288.7932,3288.7932,3287.44,3288.08,6418
2021-08-13 14:30:00,3288.37,3288.47,3287.01,3287.58,5016
2021-08-13 14:35:00,3287.51,3287.77,3285.1,3285.1,9131
2021-08-13 14:40:00,3284.925,3286.16,3284.645,3286.03,8500
2021-08-13 14:45:00,3286.0,3286.22,3284.54,3284.54,7596
2021-08-13 14:50:00,3284.54,3286.48,3284.41,3285.94,4597
2021-08-13 14:55:00,3286.37,3287.0,3285.46,3286.35,5920
2021-08-13 15:00:00,3286.27,3286.66,3284.6,3285.43,3476
2021-08-13 15:05:00,3286.21,3286.605,3285.78,3286.01,6692
2021-08-13 15:10:00,3286.01,3287.39,3285.53,3287.0,9060
2021-08-13 15:15:00,3287.18,3287.59,3286.57,3287.58,5526
2021-08-13 15:20:00,3287.26,3289.38,3287.26,3288.915,9716
2021-08-13 15:25:00,3288.5386,3288.81,3286.36,3286.885,7239
2021-08-13 15:30:00,3286.76,3287.42,3285.01,3287.42,13601
2021-08-13 15:35:00,3287.62,3289.36,3286.63,3287.88,5980
2021-08-13 15:40:00,3287.14,3289.24,3287.14,3288.46,8526
2021-08-13 15:45:00,3288.68,3290.11,3287.14,3288.24,15511
2021-08-13 15:50:00,3289.0,3292.185,3287.34,3290.54,36616
2021-08-13 15:55:00,3291.36,3294.02,3291.13,3293.96,49306
2021-08-13 16:00:00,3293.97,3294.0,3292.45,3292.65,105135
2021-08-13 16:05:00,3293.97,3293.97,3293.97,3293.97,1089
2021-08-13 16:10:00,3291.77,3292.75,3291.77,3292.64,1289
2021-08-13 16:15:00,3292.75,3293.97,3292.33,3293.97,686
2021-08-13 16:20:00,3291.39,3291.39,3291.39,3291.39,100
2021-08-13 16:30:00,3290.25,3291.79,3290.25,3291.79,488
2021-08-13 16:35:00,3291.75,3291.75,3291.75,3291.75,667
2021-08-13 16:40:00,3291.0,3291.0,3291.0,3291.0,100
2021-08-13 16:45:00,3290.93,3290.93,3289.99,3290.4,673
2021-08-13 16:50:00,3289.6,3289.6,3289.6,3289.6,418
2021-08-13 16:55:00,3289.55,3289.55,3289.0,3289.0,1151
2021-08-13 17:35:00,3289.0,3289.0,3289.0,3289.0,100
2021-08-13 18:05:00,3291.0,3291.0,3291.0,3291.0,100
2021-08-13 19:30:00,3288.0,3288.0,3288.0,3288.0,100
2021-08-13 19:35:00,3287.5,3287.5,3287.5,3287.5,120
2021-08-13 19:50:00,3287.22,3287.5,3287.22,3287.22,400
2021-08-13 19:55:00,3288.0,3289.65,3288.0,3289.65,320
