2021-08-02 04:00:00,286.7,286.7,286.5,286.5,428
2021-08-02 04:05:00,286.77,286.9,286.77,286.79,599
2021-08-02 04:15:00,286.98,286.98,286.98,286.98,100
2021-08-02 04:20:00,286.53,286.53,286.53,286.53,100
2021-08-02 05:15:00,286.84,286.85,286.5,286.5,1846
2021-08-02 05:45:00,286.7,286.7,286.7,286.7,127
2021-08-02 05:50:00,286.7,286.7,286.7,286.7,341
2021-08-02 06:00:00,286.55,286.55,286.5,286.5,650
2021-08-02 06:05:00,286.4,286.5,286.4,286.5,300
2021-08-02 06:10:00,286.3,286.3,286.3,286.3,499
2021-08-02 06:35:00,286.37,286.37,286.37,286.37,116
2021-08-02 06:40:00,286.28,286.28,286.28,286.28,127
2021-08-02 07:00:00,285.75,285.81,285.75,285.81,842
2021-08-02 07:05:00,285.9,285.9,285.9,285.9,900
2021-08-02 07:10:00,286.0,286.0,285.94,285.94,3503
2021-08-02 07:15:00,285.83,285.9,285.82,285.9,395
2021-08-02 07:25:00,285.92,285.92,285.77,285.77,300
2021-08-02 07:30:00,285.77,285.77,285.77,285.77,100
2021-08-02 07:35:00,285.9,286.14,285.9,285.93,5041
2021-08-02 07:40:00,285.95,285.95,285.92,285.93,520
2021-08-02 07:45:00,285.97,285.99,285.97,285.99,1150
2021-08-02 07:55:00,286.05,286.05,286.05,286.05,100
2021-08-02 08:00:00,286.0,286.12,285.51,286.12,6158
2021-08-02 08:05:00,285.99,286.1,285.99,286.1,2518
2021-08-02 08:10:00,286.01,286.01,286.01,286.01,606
2021-08-02 08:15:00,286.1,286.1,286.1,286.1,163
2021-08-02 08:20:00,285.9999,285.9999,285.9,285.9,310
2021-08-02 08:25:00,285.92,285.92,285.75,285.75,2961
2021-08-02 08:30:00,285.9,285.9,285.9,285.9,111
2021-08-02 08:35:00,285.9,285.9,285.8,285.8,1640
2021-08-02 08:40:00,285.78,285.78,285.78,285.78,100
2021-08-02 08:45:00,285.85,285.85,285.75,285.75,3500
2021-08-02 08:50:00,285.83,285.83,285.83,285.83,300
2021-08-02 09:00:00,285.83,285.86,285.75,285.86,1774
2021-08-02 09:05:00,285.75,285.8,285.54,285.79,5343
2021-08-02 09:10:00,285.57,285.85,285.52,285.78,4721
2021-08-02 09:15:00,285.64,285.64,285.64,285.64,125
2021-08-02 09:20:00,285.7,285.7,285.65,285.65,816
2021-08-02 09:25:00,285.68,286.5,285.68,286.37,16779
2021-08-02 09:30:00,286.3,286.775,285.38,285.44,648416
2021-08-02 09:35:00,285.4,285.48,284.5,285.06,484679
2021-08-02 09:40:00,285.07,285.11,284.07,284.12,319310
2021-08-02 09:45:00,284.14,284.585,283.74,284.15,279574
2021-08-02 09:50:00,284.15,284.77,283.84,284.695,249549
2021-08-02 09:55:00,284.71,284.95,284.63,284.795,153435
2021-08-02 10:00:00,284.79,284.91,284.4602,284.4602,169556
2021-08-02 10:05:00,284.5,285.01,284.095,284.9,200554
2021-08-02 10:10:00,284.91,285.47,284.87,285.4,203378
2021-08-02 10:15:00,285.42,285.75,285.34,285.73,129040
2021-08-02 10:20:00,285.74,285.79,285.3116,285.34,160296
2021-08-02 10:25:00,285.36,285.62,284.91,285.52,159808
2021-08-02 10:30:00,285.54,285.6198,285.04,285.05,104920
2021-08-02 10:35:00,285.06,285.1403,284.78,284.88,110523
2021-08-02 10:40:00,284.89,285.22,284.84,285.03,105138
2021-08-02 10:45:00,285.0694,285.38,284.89,285.32,94866
2021-08-02 10:50:00,285.31,285.48,285.23,285.4,101449
2021-08-02 10:55:00,285.41,285.45,285.02,285.149,194109
2021-08-02 11:00:00,285.16,285.24,284.74,285.01,216596
2021-08-02 11:05:00,285.0062,285.35,285.0,285.276,146104
2021-08-02 11:10:00,285.29,285.5915,285.28,285.58,148620
2021-08-02 11:15:00,285.59,285.8,285.45,285.8,138126
2021-08-02 11:20:00,285.7951,286.07,285.71,286.0369,117853
2021-08-02 11:25:00,286.04,286.19,285.88,286.18,117719
2021-08-02 11:30:00,286.17,286.22,286.07,286.19,75473
2021-08-02 11:35:00,286.2,286.34,286.09,286.1416,100953
2021-08-02 11:40:00,286.14,286.43,286.13,286.4,87205
2021-08-02 11:45:00,286.41,286.42,286.17,286.18,86254
2021-08-02 11:50:00,286.2,286.26,285.9803,286.13,94790
2021-08-02 11:55:00,286.15,286.2898,285.67,285.73,125802
2021-08-02 12:00:00,285.73,285.73,285.3,285.69,220917
2021-08-02 12:05:00,285.69,285.7,285.14,285.1849,144990
2021-08-02 12:10:00,285.2,285.54,285.1915,285.48,121771
2021-08-02 12:15:00,285.49,285.52,285.36,285.47,74210
2021-08-02 12:20:00,285.46,285.72,285.44,285.67,110915
2021-08-02 12:25:00,285.68,285.78,285.56,285.67,113065
2021-08-02 12:30:00,285.7,285.85,285.584,285.72,70200
2021-08-02 12:35:00,285.73,285.95,285.66,285.915,45213
2021-08-02 12:40:00,285.9015,285.9421,285.73,285.77,65415
2021-08-02 12:45:00,285.78,285.82,285.63,285.68,46311
2021-08-02 12:50:00,285.72,285.76,285.56,285.56,64727
2021-08-02 12:55:00,285.55,285.61,285.32,285.52,94041
2021-08-02 13:00:00,285.52,285.73,285.45,285.6,110925
2021-08-02 13:05:00,285.6,285.84,285.52,285.82,74448
2021-08-02 13:10:00,285.82,285.93,285.79,285.86,68329
2021-08-02 13:15:00,285.86,286.09,285.8517,285.94,68224
2021-08-02 13:20:00,285.95,286.08,285.89,286.04,81511
2021-08-02 13:25:00,286.035,286.13,285.95,286.04,77917
2021-08-02 13:30:00,286.045,286.1399,285.78,286.0501,118492
2021-08-02 13:35:00,286.055,286.07,285.66,285.7328,65294
2021-08-02 13:40:00,285.74,285.93,285.7399,285.786,48334
2021-08-02 13:45:00,285.8,285.805,285.56,285.63,58517
2021-08-02 13:50:00,285.62,285.755,285.46,285.7,81874
2021-08-02 13:55:00,285.705,285.78,285.66,285.74,44790
2021-08-02 14:00:00,285.7425,285.85,285.61,285.64,64853
2021-08-02 14:05:00,285.63,285.78,285.46,285.56,88473
2021-08-02 14:10:00,285.55,285.75,285.54,285.68,46125
2021-08-02 14:15:00,285.7,285.83,285.6498,285.82,41671
2021-08-02 14:20:00,285.835,285.8586,285.6438,285.68,50206
2021-08-02 14:25:00,285.695,285.735,285.6,285.705,57028
2021-08-02 14:30:00,285.71,285.88,285.67,285.77,64218
2021-08-02 14:35:00,285.78,285.84,285.71,285.78,43515
2021-08-02 14:40:00,285.78,285.85,285.71,285.8,40229
2021-08-02 14:45:00,285.82,285.85,285.69,285.84,61334
2021-08-02 14:50:00,285.85,285.91,285.8,285.81,60456
2021-08-02 14:55:00,285.83,285.8444,285.75,285.79,40224
2021-08-02 15:00:00,285.81,285.89,285.73,285.81,55546
2021-08-02 15:05:00,285.83,285.83,285.55,285.73,93427
2021-08-02 15:10:00,285.74,285.7778,285.6245,285.66,69247
2021-08-02 15:15:00,285.65,285.73,285.55,285.58,68266
2021-08-02 15:20:00,285.59,285.59,285.23,285.25,139845
2021-08-02 15:25:00,285.2412,285.25,285.05,285.05,151612
2021-08-02 15:30:00,285.0527,285.33,284.86,285.33,157840
2021-08-02 15:35:00,285.32,285.38,285.01,285.05,100627
2021-08-02 15:40:00,285.05,285.1,284.89,284.92,142230
2021-08-02 15:45:00,284.91,284.99,284.7,284.81,106625
2021-08-02 15:50:00,284.83,285.1,284.63,284.74,252121
2021-08-02 15:55:00,284.73,285.0199,284.65,284.83,453112
2021-08-02 16:00:00,284.82,284.88,284.71,284.71,2083203
2021-08-02 16:05:00,284.82,284.82,284.71,284.71,648
2021-08-02 16:10:00,284.75,284.82,284.75,284.82,1688
2021-08-02 16:15:00,284.83,284.85,284.82,284.82,4292
2021-08-02 16:20:00,284.82,284.82,284.82,284.82,100
2021-08-02 16:30:00,284.78,284.78,284.52,284.52,688
2021-08-02 16:35:00,284.54,284.54,284.54,284.54,222
2021-08-02 16:45:00,284.65,284.65,284.65,284.65,200
2021-08-02 16:55:00,284.62,284.62,284.62,284.62,700
2021-08-02 17:10:00,284.61,284.61,284.6,284.6,400
2021-08-02 17:20:00,284.63,284.63,284.55,284.55,828
2021-08-02 17:40:00,284.53,284.55,284.53,284.55,1045
2021-08-02 18:00:00,284.6,284.6,284.6,284.6,124
2021-08-02 18:05:00,284.65,284.76,284.65,284.76,995
2021-08-02 18:10:00,284.7,284.7,284.62,284.62,300
2021-08-02 18:15:00,284.62,284.62,284.61,284.61,268
2021-08-02 18:25:00,284.61,284.61,284.61,284.61,109
2021-08-02 18:30:00,284.6,284.6,284.6,284.6,100
2021-08-02 18:45:00,284.7,284.76,284.7,284.76,689
2021-08-02 18:50:00,284.75,284.8,284.65,284.65,1096
2021-08-02 19:25:00,284.7399,284.7399,284.7399,284.7399,150
2021-08-02 19:30:00,284.65,284.65,284.65,284.65,100
2021-08-02 19:35:00,284.7,284.7,284.65,284.65,551
2021-08-02 19:40:00,284.6,284.7,284.5,284.5,908
2021-08-02 19:45:00,284.5,284.5,284.5,284.5,100
2021-08-02 19:55:00,284.69,284.69,284.69,284.69,126
2021-08-03 04:00:00,284.97,285.06,284.97,285.06,233
2021-08-03 04:10:00,285.0,285.0,285.0,285.0,100
2021-08-03 04:25:00,285.38,285.44,285.38,285.44,224
2021-08-03 05:05:00,285.54,285.54,285.54,285.54,100
2021-08-03 05:15:00,285.35,285.35,285.1,285.3,454
2021-08-03 05:20:00,285.25,285.25,285.25,285.25,128
2021-08-03 05:25:00,285.6,285.6,285.6,285.6,250
2021-08-03 05:45:00,285.4,285.4,285.4,285.4,288
2021-08-03 06:00:00,285.27,285.27,285.25,285.25,300
2021-08-03 06:25:00,285.4,285.4,285.4,285.4,760
2021-08-03 06:40:00,285.35,285.35,285.35,285.35,100
2021-08-03 07:00:00,285.33,285.37,285.33,285.37,553
2021-08-03 07:05:00,285.15,285.15,285.1,285.1,1227
2021-08-03 07:10:00,285.22,285.22,285.22,285.22,101
2021-08-03 07:15:00,285.2,285.2,285.12,285.12,500
2021-08-03 07:20:00,285.06,285.06,284.9,284.9,407
2021-08-03 07:30:00,284.82,284.82,284.82,284.82,150
2021-08-03 07:35:00,284.77,284.77,284.77,284.77,196
2021-08-03 07:40:00,284.76,284.76,284.76,284.76,108
2021-08-03 08:00:00,285.0,285.3895,284.76,284.8,2385
2021-08-03 08:10:00,284.78,284.85,284.75,284.75,396
2021-08-03 08:15:00,284.77,284.77,284.75,284.75,445
2021-08-03 08:20:00,284.75,284.85,284.75,284.79,1380
2021-08-03 08:30:00,284.99,284.99,284.8,284.8,580
2021-08-03 08:40:00,284.82,285.0,284.82,284.99,101150
2021-08-03 08:45:00,284.99,285.18,284.99,285.07,5088
2021-08-03 08:50:00,285.2,285.29,285.19,285.19,639
2021-08-03 08:55:00,285.3,285.3,285.2,285.3,1252
2021-08-03 09:00:00,285.4,285.42,285.19,285.2,1281
2021-08-03 09:05:00,285.3,285.3,285.26,285.26,758
2021-08-03 09:10:00,285.3,285.32,285.03,285.32,3869
2021-08-03 09:15:00,285.4,285.4,285.25,285.25,376
2021-08-03 09:20:00,285.41,285.44,285.12,285.42,2467
2021-08-03 09:25:00,285.83,286.0,285.42,285.6,8128
2021-08-03 09:30:00,285.51,285.645,284.54,285.02,476321
2021-08-03 09:35:00,285.01,285.96,284.54,285.96,218615
2021-08-03 09:40:00,285.97,286.25,285.5,285.86,251077
2021-08-03 09:45:00,285.855,286.89,285.855,286.595,277770
2021-08-03 09:50:00,286.61,286.62,285.45,285.46,181796
2021-08-03 09:55:00,285.42,285.47,284.89,284.93,282472
2021-08-03 10:00:00,284.915,285.3,284.64,284.84,239954
2021-08-03 10:05:00,284.86,285.1,284.5,284.57,171846
2021-08-03 10:10:00,284.6,284.9997,284.5696,284.69,192903
2021-08-03 10:15:00,284.69,285.14,284.51,285.13,227604
2021-08-03 10:20:00,285.1289,285.82,284.991,285.715,205803
2021-08-03 10:25:00,285.7,285.79,285.35,285.52,105639
2021-08-03 10:30:00,285.52,285.56,284.705,284.72,171727
2021-08-03 10:35:00,284.74,284.89,284.45,284.89,171441
2021-08-03 10:40:00,284.84,285.13,284.42,284.42,136763
2021-08-03 10:45:00,284.4888,284.9492,284.21,284.92,147422
2021-08-03 10:50:00,284.93,285.21,284.9,284.9398,141833
2021-08-03 10:55:00,284.95,285.21,284.935,285.1,110131
2021-08-03 11:00:00,285.09,285.44,285.01,285.14,144362
2021-08-03 11:05:00,285.2,285.24,284.95,284.95,134894
2021-08-03 11:10:00,284.94,285.214,284.63,284.71,122607
2021-08-03 11:15:00,284.73,284.969,284.56,284.64,100235
2021-08-03 11:20:00,284.65,284.81,284.6,284.67,87092
2021-08-03 11:25:00,284.7,284.85,284.25,284.78,144038
2021-08-03 11:30:00,284.78,285.33,284.72,285.2501,155874
2021-08-03 11:35:00,285.279,285.4,285.08,285.16,132706
2021-08-03 11:40:00,285.17,286.31,285.16,286.16,310685
2021-08-03 11:45:00,286.13,286.36,286.05,286.35,191229
2021-08-03 11:50:00,286.38,286.65,286.3,286.415,184989
2021-08-03 11:55:00,286.436,286.84,286.38,286.68,132522
2021-08-03 12:00:00,286.68,287.05,286.67,287.01,203325
2021-08-03 12:05:00,287.0,287.0344,286.77,286.83,187103
2021-08-03 12:10:00,286.83,286.9032,286.68,286.7,116143
2021-08-03 12:15:00,286.7499,286.976,286.51,286.56,132396
2021-08-03 12:20:00,286.55,286.7,286.51,286.54,96500
2021-08-03 12:25:00,286.53,286.6,286.37,286.59,77627
2021-08-03 12:30:00,286.5963,286.78,286.57,286.72,67688
2021-08-03 12:35:00,286.72,286.83,286.64,286.78,67691
2021-08-03 12:40:00,286.78,286.87,286.59,286.6565,76922
2021-08-03 12:45:00,286.67,286.74,286.54,286.725,67067
2021-08-03 12:50:00,286.71,286.7499,286.55,286.61,55381
2021-08-03 12:55:00,286.65,286.952,286.53,286.952,56512
2021-08-03 13:00:00,286.96,287.1,286.9,287.0,103644
2021-08-03 13:05:00,286.99,287.08,286.905,286.91,68360
2021-08-03 13:10:00,286.9,287.0413,286.82,286.97,95073
2021-08-03 13:15:00,286.97,287.04,286.875,286.91,111490
2021-08-03 13:20:00,286.89,286.99,286.7,286.753,75765
2021-08-03 13:25:00,286.74,286.76,286.56,286.63,106187
2021-08-03 13:30:00,286.635,286.7251,286.54,286.63,77390
2021-08-03 13:35:00,286.615,286.65,286.42,286.5165,78684
2021-08-03 13:40:00,286.53,286.57,286.3,286.3,57037
2021-08-03 13:45:00,286.31,286.5,286.28,286.48,71315
2021-08-03 13:50:00,286.4766,286.49,286.28,286.32,52700
2021-08-03 13:55:00,286.31,286.36,286.17,286.31,76582
2021-08-03 14:00:00,286.325,286.46,286.065,286.46,94265
2021-08-03 14:05:00,286.46,286.72,286.4,286.625,92392
2021-08-03 14:10:00,286.62,286.98,286.62,286.95,121781
2021-08-03 14:15:00,286.92,287.0315,286.8801,287.025,73332
2021-08-03 14:20:00,287.03,287.07,286.68,286.71,106127
2021-08-03 14:25:00,286.72,286.75,286.6438,286.7,71579
2021-08-03 14:30:00,286.71,286.755,286.535,286.55,114597
2021-08-03 14:35:00,286.57,286.7,286.54,286.69,72665
2021-08-03 14:40:00,286.69,286.71,286.58,286.64,75534
2021-08-03 14:45:00,286.65,286.75,286.48,286.49,109372
2021-08-03 14:50:00,286.51,286.64,286.51,286.55,57495
2021-08-03 14:55:00,286.55,286.79,286.55,286.71,62745
2021-08-03 15:00:00,286.72,286.84,286.65,286.69,95474
2021-08-03 15:05:00,286.685,286.95,286.6721,286.74,97371
2021-08-03 15:10:00,286.745,286.755,286.53,286.65,86906
2021-08-03 15:15:00,286.655,286.84,286.655,286.81,93287
2021-08-03 15:20:00,286.8,286.945,286.765,286.92,80203
2021-08-03 15:25:00,286.91,287.135,286.86,286.95,156782
2021-08-03 15:30:00,286.93,287.0299,286.88,287.01,91786
2021-08-03 15:35:00,287.0,287.0,286.7144,286.75,104848
2021-08-03 15:40:00,286.78,286.8665,286.61,286.63,104927
2021-08-03 15:45:00,286.595,286.705,286.44,286.51,183319
2021-08-03 15:50:00,286.51,286.96,286.315,286.86,304173
2021-08-03 15:55:00,286.865,287.23,286.69,287.12,576231
2021-08-03 16:00:00,287.12,287.18,286.81,287.18,1808527
2021-08-03 16:05:00,287.0,287.19,287.0,287.12,6562
2021-08-03 16:10:00,287.12,287.1499,287.12,287.1499,335
2021-08-03 16:15:00,287.15,287.2,287.12,287.19,23158
2021-08-03 16:20:00,287.12,287.12,287.12,287.12,125431
2021-08-03 16:25:00,287.13,287.13,287.12,287.12,250500
2021-08-03 16:30:00,287.12,287.12,287.12,287.12,572
2021-08-03 16:35:00,287.15,287.18,287.05,287.18,2619
2021-08-03 16:40:00,287.18,287.18,287.18,287.18,545
2021-08-03 16:45:00,287.1,287.1,287.05,287.06,950
2021-08-03 16:50:00,287.05,287.05,287.05,287.05,944
2021-08-03 17:05:00,287.1,287.1,287.1,287.1,674
2021-08-03 17:15:00,287.1,287.1,287.05,287.05,300
2021-08-03 17:20:00,287.1,287.1,287.1,287.1,206
2021-08-03 17:40:00,287.05,287.05,287.05,287.05,587
2021-08-03 17:50:00,287.0,287.0,287.0,287.0,100
2021-08-03 17:55:00,286.92,286.92,286.9,286.9,245
2021-08-03 18:00:00,286.9,287.0,286.9,287.0,1080
2021-08-03 18:10:00,287.0,287.03,287.0,287.03,213
2021-08-03 18:15:00,287.0,287.0,287.0,287.0,100
2021-08-03 18:20:00,287.02,287.02,287.0,287.0,369
2021-08-03 18:30:00,286.9,286.9,286.9,286.9,500
2021-08-03 18:35:00,286.81,286.81,286.7,286.7,397
2021-08-03 18:40:00,286.56,286.6,286.56,286.6,569
2021-08-03 18:45:00,286.57,286.75,286.56,286.56,585
2021-08-03 18:50:00,286.75,286.79,286.75,286.79,794
2021-08-03 19:00:00,286.65,286.65,286.65,286.65,100
2021-08-03 19:05:00,286.5,286.53,286.42,286.42,350
2021-08-03 19:10:00,286.5,286.5,286.3,286.3,330
2021-08-03 19:15:00,286.35,286.35,286.35,286.35,100
2021-08-03 19:25:00,286.5,286.5,286.5,286.5,300
2021-08-03 19:40:00,286.7,286.7,286.7,286.7,902
2021-08-03 19:45:00,286.7,286.7,286.7,286.7,100
2021-08-03 19:50:00,286.45,286.45,286.3,286.3,2035
2021-08-03 19:55:00,286.5,286.5,286.3,286.3,3685
2021-08-04 04:05:00,287.19,287.19,287.19,287.19,111
2021-08-04 04:25:00,287.01,287.01,287.01,287.01,100
2021-08-04 04:35:00,286.9,286.9,286.9,286.9,700
2021-08-04 05:05:00,287.12,287.15,287.12,287.15,855
2021-08-04 05:15:00,286.92,286.92,286.92,286.92,145
2021-08-04 05:35:00,287.0,287.0,287.0,287.0,176
2021-08-04 05:40:00,287.17,287.31,287.17,287.31,694
2021-08-04 05:55:00,287.2,287.2,287.2,287.2,293
2021-08-04 06:30:00,287.25,287.25,287.25,287.25,125
2021-08-04 06:45:00,287.3,287.3,287.3,287.3,100
2021-08-04 06:50:00,287.3,287.3,287.25,287.25,756
2021-08-04 06:55:00,287.17,287.17,287.17,287.17,377
2021-08-04 07:05:00,287.2,287.2,286.96,287.0,1441
2021-08-04 07:15:00,287.06,287.06,286.96,286.96,911
2021-08-04 07:20:00,286.96,286.96,286.96,286.96,750
2021-08-04 07:25:00,286.97,286.97,286.97,286.97,547
2021-08-04 07:30:00,286.9,286.97,286.77,286.97,2256
2021-08-04 07:40:00,286.8,286.8,286.8,286.8,100
2021-08-04 07:50:00,286.78,286.78,286.77,286.77,443
2021-08-04 07:55:00,286.77,286.77,286.6,286.6,350
2021-08-04 08:00:00,287.12,287.4799,286.55,286.55,5552
2021-08-04 08:05:00,286.55,286.7,286.55,286.7,1058
2021-08-04 08:15:00,286.65,287.41,286.65,287.41,817
2021-08-04 08:20:00,287.25,287.25,287.25,287.25,1000
2021-08-04 08:25:00,286.84,286.84,286.63,286.63,640
2021-08-04 08:30:00,286.66,286.66,286.48,286.5,2160
2021-08-04 08:35:00,286.54,286.54,286.5201,286.5201,345
2021-08-04 08:40:00,286.68,286.68,286.65,286.65,300
2021-08-04 08:45:00,286.6,286.63,286.5,286.5,1258
2021-08-04 08:50:00,286.51,286.55,286.25,286.25,1308
2021-08-04 08:55:00,286.21,286.33,286.2,286.33,300
2021-08-04 09:00:00,286.25,286.25,286.12,286.214,1559
2021-08-04 09:05:00,286.4,286.4,286.15,286.15,824
2021-08-04 09:10:00,286.15,286.3,286.1,286.23,2411
2021-08-04 09:20:00,286.34,286.34,286.15,286.15,1006
2021-08-04 09:25:00,286.1,286.1,285.54,285.98,7331
2021-08-04 09:30:00,286.0,287.2126,285.8,286.42,629205
2021-08-04 09:35:00,286.4,286.7594,286.09,286.41,283836
2021-08-04 09:40:00,286.4,286.89,286.28,286.61,227890
2021-08-04 09:45:00,286.6,286.94,286.11,286.2,197878
2021-08-04 09:50:00,286.17,286.37,285.8,286.16,230151
2021-08-04 09:55:00,286.2269,286.96,286.15,286.795,215413
2021-08-04 10:00:00,286.805,286.88,286.3,286.35,178039
2021-08-04 10:05:00,286.35,286.37,285.77,285.89,200531
2021-08-04 10:10:00,285.89,286.12,285.12,285.38,297990
2021-08-04 10:15:00,285.39,285.51,285.16,285.345,198439
2021-08-04 10:20:00,285.33,285.33,284.65,285.02,269981
2021-08-04 10:25:00,285.0,285.25,284.7,284.78,166313
2021-08-04 10:30:00,284.775,285.518,284.65,285.34,188252
2021-08-04 10:35:00,285.35,285.55,285.03,285.06,134712
2021-08-04 10:40:00,285.08,285.57,285.03,285.1499,123946
2021-08-04 10:45:00,285.16,285.52,285.09,285.47,100272
2021-08-04 10:50:00,285.48,285.62,284.89,285.18,184878
2021-08-04 10:55:00,285.21,285.44,284.93,285.02,105606
2021-08-04 11:00:00,285.03,285.39,284.97,285.2201,92110
2021-08-04 11:05:00,285.23,285.51,285.1,285.45,96621
2021-08-04 11:10:00,285.45,285.544,285.21,285.42,97479
2021-08-04 11:15:00,285.425,285.52,285.15,285.27,81931
2021-08-04 11:20:00,285.25,285.27,284.99,285.19,106995
2021-08-04 11:25:00,285.2038,285.4,285.05,285.251,72089
2021-08-04 11:30:00,285.23,285.68,285.22,285.65,104758
2021-08-04 11:35:00,285.66,285.7001,285.07,285.18,99871
2021-08-04 11:40:00,285.23,285.29,285.12,285.29,80194
2021-08-04 11:45:00,285.2899,285.58,285.25,285.54,74424
2021-08-04 11:50:00,285.56,286.0899,285.49,286.03,176875
2021-08-04 11:55:00,286.04,286.48,286.02,286.45,120003
2021-08-04 12:00:00,286.44,286.44,286.12,286.15,80405
2021-08-04 12:05:00,286.16,286.295,286.12,286.29,92404
2021-08-04 12:10:00,286.28,286.725,286.2132,286.56,168461
2021-08-04 12:15:00,286.53,286.725,286.48,286.6,66133
2021-08-04 12:20:00,286.606,286.62,286.299,286.36,81768
2021-08-04 12:25:00,286.42,286.5351,286.24,286.32,64286
2021-08-04 12:30:00,286.33,286.415,286.19,286.28,57719
2021-08-04 12:35:00,286.29,286.33,286.135,286.21,65977
2021-08-04 12:40:00,286.22,286.285,286.14,286.22,60392
2021-08-04 12:45:00,286.21,286.45,286.2,286.39,57202
2021-08-04 12:50:00,286.41,286.44,286.28,286.435,35987
2021-08-04 12:55:00,286.45,286.55,286.33,286.48,40303
2021-08-04 13:00:00,286.49,286.68,286.49,286.665,50110
2021-08-04 13:05:00,286.68,286.84,286.66,286.8,123392
2021-08-04 13:10:00,286.82,286.88,286.66,286.66,100025
2021-08-04 13:15:00,286.69,286.8,286.6,286.73,98874
2021-08-04 13:20:00,286.7481,287.03,286.73,286.935,123121
2021-08-04 13:25:00,286.94,286.945,286.6483,286.742,90808
2021-08-04 13:30:00,286.77,286.8,286.43,286.51,104867
2021-08-04 13:35:00,286.52,286.57,286.37,286.48,74992
2021-08-04 13:40:00,286.4999,286.58,286.41,286.49,70394
2021-08-04 13:45:00,286.5,286.57,286.33,286.5538,57823
2021-08-04 13:50:00,286.5682,286.73,286.46,286.72,64358
2021-08-04 13:55:00,286.72,286.72,286.39,286.41,66375
2021-08-04 14:00:00,286.45,286.635,286.4,286.635,74236
2021-08-04 14:05:00,286.64,286.81,286.63,286.68,99621
2021-08-04 14:10:00,286.67,286.98,286.56,286.9799,148982
2021-08-04 14:15:00,286.98,286.99,286.78,286.87,56550
2021-08-04 14:20:00,286.88,287.02,286.8502,286.96,66555
2021-08-04 14:25:00,286.9649,287.12,286.91,287.0999,116383
2021-08-04 14:30:00,287.09,287.17,286.91,287.02,109115
2021-08-04 14:35:00,287.03,287.5797,287.02,287.5523,283540
2021-08-04 14:40:00,287.56,287.5883,287.295,287.36,79122
2021-08-04 14:45:00,287.34,287.34,287.03,287.08,103030
2021-08-04 14:50:00,287.09,287.12,286.83,287.12,159578
2021-08-04 14:55:00,287.13,287.13,286.87,286.96,130014
2021-08-04 15:00:00,286.98,287.02,286.87,286.94,48969
2021-08-04 15:05:00,286.95,287.0999,286.87,286.91,77727
2021-08-04 15:10:00,286.91,287.07,286.75,287.0499,72708
2021-08-04 15:15:00,287.03,287.03,286.87,286.94,60349
2021-08-04 15:20:00,286.93,287.1165,286.93,287.05,82572
2021-08-04 15:25:00,287.05,287.09,286.9,286.9369,57125
2021-08-04 15:30:00,286.9415,286.96,286.79,286.89,89209
2021-08-04 15:35:00,286.88,286.955,286.82,286.945,80347
2021-08-04 15:40:00,286.97,287.015,286.82,286.975,80113
2021-08-04 15:45:00,286.99,287.025,286.89,286.945,105981
2021-08-04 15:50:00,286.95,287.22,286.94,287.21,325878
2021-08-04 15:55:00,287.2,287.2,286.39,286.46,492721
2021-08-04 16:00:00,286.51,286.75,286.51,286.7,2435720
2021-08-04 16:05:00,286.51,286.55,286.51,286.51,3108
2021-08-04 16:10:00,286.53,286.53,286.33,286.33,1245
2021-08-04 16:15:00,286.35,286.4,286.31,286.31,1518
2021-08-04 16:20:00,286.3,286.3,286.3,286.3,100
2021-08-04 16:25:00,286.235,286.235,286.235,286.235,100
2021-08-04 16:30:00,286.24,286.24,286.23,286.24,2497
2021-08-04 16:35:00,286.47,286.47,286.47,286.47,286
2021-08-04 16:50:00,286.48,286.48,286.48,286.48,200
2021-08-04 17:15:00,286.42,286.51,286.37,286.43,949
2021-08-04 17:20:00,286.51,286.51,286.51,286.51,214690
2021-08-04 17:35:00,286.51,286.51,286.4,286.4,1325
2021-08-04 18:15:00,286.51,286.51,286.51,286.51,1000
2021-08-04 18:25:00,286.4,286.4,286.4,286.4,229
2021-08-04 18:50:00,286.49,286.49,286.49,286.49,100
2021-08-04 18:55:00,286.45,286.5099,286.45,286.5099,500
2021-08-04 19:00:00,286.5099,286.5099,286.5099,286.5099,125
2021-08-04 19:35:00,286.6,286.6,286.6,286.6,100
2021-08-04 19:40:00,286.45,286.45,286.45,286.45,143
2021-08-04 19:45:00,286.69,286.78,286.69,286.78,3175
2021-08-05 04:00:00,287.14,287.14,287.14,287.14,100
2021-08-05 04:05:00,286.87,286.87,286.87,286.87,126
2021-08-05 04:15:00,286.5,286.5,286.5,286.5,104
2021-08-05 04:50:00,286.5,286.5,286.5,286.5,103
2021-08-05 05:10:00,286.15,286.15,286.15,286.15,105
2021-08-05 05:15:00,286.15,286.15,286.15,286.15,100
2021-08-05 05:20:00,286.16,286.2,286.16,286.2,226
2021-08-05 05:25:00,286.51,286.51,286.51,286.51,207
2021-08-05 05:30:00,286.51,286.51,286.42,286.42,407
2021-08-05 06:10:00,286.75,286.75,286.75,286.75,100
2021-08-05 06:20:00,286.95,286.95,286.95,286.95,170
2021-08-05 06:25:00,286.86,286.86,286.86,286.86,100
2021-08-05 06:30:00,287.0,287.0,287.0,287.0,100
2021-08-05 07:00:00,287.0,287.0,287.0,287.0,769
2021-08-05 07:05:00,286.79,286.79,286.79,286.79,100
2021-08-05 07:10:00,286.79,286.81,286.79,286.81,200
2021-08-05 07:15:00,286.76,286.8,286.66,286.8,2547
2021-08-05 07:20:00,287.0,287.0,287.0,287.0,100
2021-08-05 07:30:00,286.95,287.05,286.9,287.05,1533
2021-08-05 07:45:00,287.25,287.25,287.25,287.25,980
2021-08-05 07:50:00,287.2,287.21,287.2,287.2,1054
2021-08-05 07:55:00,287.15,287.15,287.15,287.15,698
2021-08-05 08:00:00,286.955,287.2001,286.713,287.07,3125
2021-08-05 08:05:00,287.1,287.1,286.85,286.85,925
2021-08-05 08:10:00,286.84,286.85,286.68,286.85,1126
2021-08-05 08:15:00,286.9,286.9,286.85,286.85,300
2021-08-05 08:20:00,286.78,286.9,286.78,286.9,878
2021-08-05 08:25:00,286.9,286.9,286.85,286.85,386
2021-08-05 08:30:00,286.7,286.78,286.7,286.78,411
2021-08-05 08:35:00,286.7,286.8,286.7,286.8,593
2021-08-05 08:45:00,286.65,286.65,286.6001,286.6001,648
2021-08-05 08:50:00,286.65,286.65,286.65,286.65,5368
2021-08-05 08:55:00,286.66,286.73,286.66,286.73,599
2021-08-05 09:00:00,286.79,286.79,286.65,286.65,200
2021-08-05 09:10:00,286.75,286.75,286.65,286.72,1774
2021-08-05 09:15:00,286.71,286.71,286.71,286.71,529
2021-08-05 09:20:00,286.65,286.7,286.6,286.62,2332
2021-08-05 09:25:00,287.0,287.36,286.73,286.73,3412
2021-08-05 09:30:00,286.87,287.15,286.1,286.72,445649
2021-08-05 09:35:00,286.7,287.58,286.7,286.95,195896
2021-08-05 09:40:00,286.98,287.21,286.32,287.1,227130
2021-08-05 09:45:00,287.1,287.7669,286.92,287.3,203805
2021-08-05 09:50:00,287.35,287.72,287.35,287.5899,103295
2021-08-05 09:55:00,287.57,287.8299,287.38,287.7239,172190
2021-08-05 10:00:00,287.7,288.0,287.57,287.8,177021
2021-08-05 10:05:00,287.81,288.05,287.7,288.035,229675
2021-08-05 10:10:00,288.02,288.0898,287.6,287.96,180976
2021-08-05 10:15:00,288.0,288.28,287.975,288.22,132464
2021-08-05 10:20:00,288.24,288.27,287.84,287.86,136507
2021-08-05 10:25:00,287.86,288.2,287.58,288.2,155416
2021-08-05 10:30:00,288.22,288.38,288.05,288.162,128034
2021-08-05 10:35:00,288.145,288.175,287.87,288.09,111138
2021-08-05 10:40:00,288.11,288.35,288.05,288.3,93225
2021-08-05 10:45:00,288.29,288.3328,288.11,288.22,108669
2021-08-05 10:50:00,288.21,288.61,288.17,288.47,131761
2021-08-05 10:55:00,288.47,288.53,288.26,288.4465,89557
2021-08-05 11:00:00,288.4584,288.82,288.34,288.72,157351
2021-08-05 11:05:00,288.72,288.75,288.3801,288.4,93153
2021-08-05 11:10:00,288.4101,288.47,288.31,288.385,105149
2021-08-05 11:15:00,288.37,288.465,288.15,288.3163,112231
2021-08-05 11:20:00,288.295,288.34,288.08,288.11,120434
2021-08-05 11:25:00,288.1,288.41,288.0,288.14,154100
2021-08-05 11:30:00,288.16,288.4,288.02,288.37,75966
2021-08-05 11:35:00,288.355,288.37,288.19,288.2,71710
2021-08-05 11:40:00,288.205,288.35,288.07,288.31,120798
2021-08-05 11:45:00,288.3,288.35,288.16,288.28,59135
2021-08-05 11:50:00,288.29,288.43,288.26,288.3999,99663
2021-08-05 11:55:00,288.395,288.405,288.08,288.2,119466
2021-08-05 12:00:00,288.21,288.215,287.98,287.99,151583
2021-08-05 12:05:00,288.0,288.19,287.95,288.07,75974
2021-08-05 12:10:00,288.05,288.2,288.04,288.16,49526
2021-08-05 12:15:00,288.17,288.23,288.09,288.21,68905
2021-08-05 12:20:00,288.21,288.28,288.1,288.28,62358
2021-08-05 12:25:00,288.29,288.29,288.13,288.265,41005
2021-08-05 12:30:00,288.25,288.345,288.25,288.3158,65201
2021-08-05 12:35:00,288.33,288.49,288.24,288.44,98120
2021-08-05 12:40:00,288.43,288.44,288.17,288.176,75740
2021-08-05 12:45:00,288.17,288.185,288.07,288.15,49715
2021-08-05 12:50:00,288.16,288.23,288.1,288.19,48249
2021-08-05 12:55:00,288.18,288.29,288.09,288.12,58194
2021-08-05 13:00:00,288.115,288.18,288.04,288.18,46802
2021-08-05 13:05:00,288.1901,288.225,288.1,288.21,36655
2021-08-05 13:10:00,288.22,288.37,288.22,288.35,63321
2021-08-05 13:15:00,288.341,288.51,288.27,288.51,56635
2021-08-05 13:20:00,288.5,288.63,288.39,288.63,84983
2021-08-05 13:25:00,288.62,288.64,288.56,288.6,63277
2021-08-05 13:30:00,288.5985,288.65,288.51,288.64,80906
2021-08-05 13:35:00,288.65,288.71,288.57,288.575,78633
2021-08-05 13:40:00,288.565,288.63,288.47,288.59,71868
2021-08-05 13:45:00,288.6,288.6794,288.6,288.62,57612
2021-08-05 13:50:00,288.62,288.69,288.57,288.57,71406
2021-08-05 13:55:00,288.58,288.6,288.41,288.6,80693
2021-08-05 14:00:00,288.6,288.85,288.59,288.76,107005
2021-08-05 14:05:00,288.76,288.93,288.73,288.85,106482
2021-08-05 14:10:00,288.85,288.88,288.75,288.76,61224
2021-08-05 14:15:00,288.75,288.83,288.72,288.785,60166
2021-08-05 14:20:00,288.8,288.98,288.77,288.92,71163
2021-08-05 14:25:00,288.925,289.03,288.825,288.85,106385
2021-08-05 14:30:00,288.84,288.84,288.67,288.73,78830
2021-08-05 14:35:00,288.72,288.8389,288.71,288.7775,59331
2021-08-05 14:40:00,288.78,288.9354,288.7799,288.91,74823
2021-08-05 14:45:00,288.91,288.94,288.81,288.84,77420
2021-08-05 14:50:00,288.84,288.995,288.8,288.99,69639
2021-08-05 14:55:00,288.99,289.06,288.905,288.95,117250
2021-08-05 15:00:00,288.96,288.96,288.835,288.845,65539
2021-08-05 15:05:00,288.84,288.875,288.64,288.685,120576
2021-08-05 15:10:00,288.7,288.9,288.7,288.87,63547
2021-08-05 15:15:00,288.87,289.02,288.79,288.79,118046
2021-08-05 15:20:00,288.79,288.88,288.74,288.8286,99444
2021-08-05 15:25:00,288.83,288.92,288.73,288.76,66657
2021-08-05 15:30:00,288.755,288.93,288.7139,288.9068,64857
2021-08-05 15:35:00,288.9041,288.94,288.81,288.88,91609
2021-08-05 15:40:00,288.87,289.035,288.84,288.95,98769
2021-08-05 15:45:00,288.95,289.06,288.86,288.985,152326
2021-08-05 15:50:00,289.0,289.54,288.99,289.48,385409
2021-08-05 15:55:00,289.48,289.63,289.365,289.55,562919
2021-08-05 16:00:00,289.52,289.605,289.4,289.53,1907859
2021-08-05 16:05:00,289.5201,289.5201,289.52,289.52,5429
2021-08-05 16:10:00,289.52,289.66,289.52,289.66,24534
2021-08-05 16:15:00,289.51,289.6,289.51,289.6,4493
2021-08-05 16:20:00,289.6,289.6,289.6,289.6,825
2021-08-05 16:25:00,289.6,289.6,289.6,289.6,500
2021-08-05 16:30:00,289.6,289.6,289.6,289.6,405
2021-08-05 16:35:00,289.62,289.62,289.62,289.62,420
2021-08-05 16:40:00,289.64,289.66,289.64,289.66,1100
2021-08-05 16:45:00,289.66,289.66,289.65,289.65,680
2021-08-05 16:50:00,289.6,289.65,289.6,289.65,224
2021-08-05 16:55:00,289.6,289.66,289.45,289.6,1037
2021-08-05 17:00:00,289.6,289.6,289.6,289.6,326
2021-08-05 17:10:00,289.65,289.65,289.65,289.65,1034
2021-08-05 17:15:00,289.66,289.66,289.65,289.65,835
2021-08-05 17:20:00,289.65,289.74,289.65,289.74,2890
2021-08-05 17:25:00,289.64,289.64,289.64,289.64,493
2021-08-05 17:30:00,289.68,289.68,289.68,289.68,482
2021-08-05 17:40:00,289.63,289.63,289.56,289.6,768
2021-08-05 17:45:00,289.6001,289.6001,289.6001,289.6001,133
2021-08-05 17:50:00,289.7399,289.7399,289.6,289.6,743
2021-08-05 17:55:00,289.6,289.6,289.6,289.6,344
2021-08-05 18:00:00,289.6,289.6,289.6,289.6,100
2021-08-05 18:05:00,289.55,289.6,289.55,289.6,624
2021-08-05 18:10:00,289.73,289.73,289.73,289.73,308
2021-08-05 18:20:00,289.52,289.52,289.43,289.515,300
2021-08-05 18:25:00,289.56,289.56,289.56,289.56,100
2021-08-05 18:35:00,289.42,289.42,289.42,289.42,100
2021-08-05 18:45:00,289.5,289.5,289.5,289.5,250
2021-08-05 19:00:00,289.5,289.5,289.5,289.5,297
2021-08-05 19:05:00,289.6,289.6,289.6,289.6,279
2021-08-05 19:35:00,289.35,289.35,289.35,289.35,400
2021-08-05 19:50:00,289.35,289.35,289.31,289.31,1746
2021-08-05 19:55:00,289.34,289.34,289.34,289.34,259
2021-08-06 04:00:00,289.8,289.8,289.5,289.52,2669
2021-08-06 04:05:00,289.53,289.53,289.5,289.5,1443
2021-08-06 04:10:00,289.5,289.7,289.5,289.7,1443
2021-08-06 04:15:00,289.69,289.69,289.69,289.69,100
2021-08-06 04:20:00,289.7,289.7,289.7,289.7,600
2021-08-06 04:25:00,289.79,289.97,289.79,289.97,2466
2021-08-06 04:30:00,289.85,289.85,289.85,289.85,100
2021-08-06 04:35:00,289.9,289.9,289.9,289.9,2016
2021-08-06 04:40:00,289.97,290.0,289.92,290.0,1140
2021-08-06 04:55:00,290.02,290.02,290.02,290.02,406
2021-08-06 05:00:00,290.09,290.18,290.09,290.18,900
2021-08-06 05:05:00,290.1,290.1,290.1,290.1,200
2021-08-06 05:10:00,289.92,289.92,289.91,289.91,352
2021-08-06 05:15:00,290.09,290.09,290.09,290.09,1861
2021-08-06 05:20:00,289.92,289.92,289.92,289.92,132
2021-08-06 05:30:00,289.99,290.0,289.99,290.0,2098
2021-08-06 05:35:00,290.03,290.04,290.03,290.04,819
2021-08-06 05:40:00,290.13,290.3,290.13,290.3,1232
2021-08-06 06:05:00,290.06,290.06,290.04,290.04,839
2021-08-06 06:10:00,290.04,290.04,290.04,290.04,100
2021-08-06 06:20:00,289.91,289.91,289.55,289.6,4278
2021-08-06 06:45:00,289.8,289.8,289.8,289.8,849
2021-08-06 06:55:00,289.61,289.61,289.61,289.61,532
2021-08-06 07:00:00,289.79,289.79,289.6,289.77,924
2021-08-06 07:05:00,289.61,289.61,289.61,289.61,250
2021-08-06 07:10:00,289.65,289.65,289.64,289.64,200
2021-08-06 07:15:00,289.62,289.71,289.62,289.65,1629
2021-08-06 07:20:00,289.62,289.62,289.62,289.62,291
2021-08-06 07:25:00,289.62,289.62,289.6,289.6,1349
2021-08-06 07:30:00,289.58,289.58,289.58,289.58,100
2021-08-06 07:35:00,289.57,289.57,289.57,289.57,100
2021-08-06 07:40:00,289.58,289.58,289.58,289.58,100
2021-08-06 07:55:00,289.45,289.51,289.45,289.51,822
2021-08-06 08:00:00,289.6001,290.243,289.45,289.45,3443
2021-08-06 08:15:00,289.55,289.57,289.55,289.57,400
2021-08-06 08:20:00,289.58,289.58,289.52,289.52,400
2021-08-06 08:25:00,289.45,289.46,289.17,289.17,1256
2021-08-06 08:30:00,289.15,289.21,288.5,288.5,11341
2021-08-06 08:35:00,288.5,288.67,288.25,288.43,13748
2021-08-06 08:40:00,288.443,288.62,288.3,288.35,7087
2021-08-06 08:45:00,288.48,288.48,288.32,288.39,6461
2021-08-06 08:50:00,288.39,288.39,288.06,288.33,10533
2021-08-06 08:55:00,288.2501,288.68,288.2501,288.5,1922
2021-08-06 09:00:00,288.5,288.75,288.3,288.5,4165
2021-08-06 09:05:00,288.52,288.65,288.43,288.6,3275
2021-08-06 09:10:00,288.52,288.55,288.52,288.55,1797
2021-08-06 09:15:00,288.65,288.757,288.6,288.6,10046
2021-08-06 09:20:00,288.6,288.8,288.6,288.8,993
2021-08-06 09:25:00,288.9,289.37,288.05,288.16,13868
2021-08-06 09:30:00,288.16,289.2,288.16,289.2,515498
2021-08-06 09:35:00,289.18,289.5,288.63,288.93,234984
2021-08-06 09:40:00,288.95,289.2,288.4399,288.78,229042
2021-08-06 09:45:00,288.78,288.8916,288.14,288.51,206323
2021-08-06 09:50:00,288.53,288.89,288.28,288.73,223258
2021-08-06 09:55:00,288.77,289.05,288.47,288.5499,184895
2021-08-06 10:00:00,288.54,288.66,288.04,288.23,226276
2021-08-06 10:05:00,288.23,288.79,288.05,288.75,140258
2021-08-06 10:10:00,288.75,288.92,288.33,288.33,146637
2021-08-06 10:15:00,288.36,288.55,288.33,288.39,93248
2021-08-06 10:20:00,288.36,288.62,288.19,288.57,115801
2021-08-06 10:25:00,288.57,288.79,288.49,288.61,91528
2021-08-06 10:30:00,288.65,288.83,288.56,288.62,96226
2021-08-06 10:35:00,288.62,288.7634,288.45,288.638,84103
2021-08-06 10:40:00,288.6542,288.73,288.47,288.58,71826
2021-08-06 10:45:00,288.58,288.58,288.12,288.2017,116542
2021-08-06 10:50:00,288.19,288.21,287.895,287.9361,134528
2021-08-06 10:55:00,287.93,287.97,287.6238,287.91,144377
2021-08-06 11:00:00,287.93,288.1638,287.77,287.8462,113762
2021-08-06 11:05:00,287.85,287.93,287.71,287.92,89931
2021-08-06 11:10:00,287.9,288.22,287.78,288.06,101537
2021-08-06 11:15:00,288.09,288.305,287.91,288.28,85054
2021-08-06 11:20:00,288.275,288.3,288.06,288.22,82944
2021-08-06 11:25:00,288.23,288.36,288.1,288.31,79467
2021-08-06 11:30:00,288.3,288.45,288.2602,288.39,76769
2021-08-06 11:35:00,288.38,288.38,288.12,288.149,80496
2021-08-06 11:40:00,288.14,288.16,287.92,287.93,60657
2021-08-06 11:45:00,287.92,288.13,287.91,288.09,68393
2021-08-06 11:50:00,288.12,288.21,287.9303,287.98,74400
2021-08-06 11:55:00,287.9999,288.4299,287.94,288.415,83879
2021-08-06 12:00:00,288.42,288.5182,288.35,288.4428,59137
2021-08-06 12:05:00,288.4499,288.4599,288.22,288.22,66277
2021-08-06 12:10:00,288.22,288.2964,288.03,288.09,66359
2021-08-06 12:15:00,288.1,288.2077,287.98,288.025,69313
2021-08-06 12:20:00,288.02,288.14,287.97,288.11,37814
2021-08-06 12:25:00,288.11,288.34,288.08,288.33,50204
2021-08-06 12:30:00,288.33,288.45,288.21,288.235,54281
2021-08-06 12:35:00,288.2301,288.25,288.08,288.08,44399
2021-08-06 12:40:00,288.08,288.17,288.04,288.08,52707
2021-08-06 12:45:00,288.085,288.26,288.04,288.16,75538
2021-08-06 12:50:00,288.15,288.21,288.09,288.12,43486
2021-08-06 12:55:00,288.12,288.36,288.12,288.33,41486
2021-08-06 13:00:00,288.34,288.47,288.333,288.41,49294
2021-08-06 13:05:00,288.41,288.4479,288.34,288.34,38067
2021-08-06 13:10:00,288.32,288.3594,288.27,288.32,37568
2021-08-06 13:15:00,288.32,288.32,288.1599,288.255,57936
2021-08-06 13:20:00,288.25,288.2556,288.09,288.13,56756
2021-08-06 13:25:00,288.13,288.19,288.1,288.147,34384
2021-08-06 13:30:00,288.145,288.21,288.09,288.175,41392
2021-08-06 13:35:00,288.18,288.32,288.14,288.28,46398
2021-08-06 13:40:00,288.28,288.325,288.16,288.2292,58773
2021-08-06 13:45:00,288.23,288.3549,288.23,288.24,59234
2021-08-06 13:50:00,288.24,288.285,288.19,288.23,45961
2021-08-06 13:55:00,288.22,288.26,288.16,288.25,36217
2021-08-06 14:00:00,288.27,288.44,288.26,288.43,75190
2021-08-06 14:05:00,288.42,288.48,288.35,288.36,57027
2021-08-06 14:10:00,288.36,288.3904,288.255,288.255,49148
2021-08-06 14:15:00,288.26,288.27,288.185,288.24,67140
2021-08-06 14:20:00,288.24,288.26,288.06,288.12,96792
2021-08-06 14:25:00,288.135,288.17,288.03,288.1101,76341
2021-08-06 14:30:00,288.11,288.23,288.1,288.205,55215
2021-08-06 14:35:00,288.215,288.23,288.08,288.15,63111
2021-08-06 14:40:00,288.15,288.19,288.05,288.1,42184
2021-08-06 14:45:00,288.12,288.12,288.025,288.1033,56723
2021-08-06 14:50:00,288.105,288.245,288.08,288.145,73800
2021-08-06 14:55:00,288.16,288.23,288.1,288.1599,83410
2021-08-06 15:00:00,288.14,288.22,288.08,288.1,58535
2021-08-06 15:05:00,288.11,288.205,288.06,288.1966,68157
2021-08-06 15:10:00,288.2,288.44,288.185,288.3672,93446
2021-08-06 15:15:00,288.36,288.54,288.321,288.51,96925
2021-08-06 15:20:00,288.51,288.6462,288.4234,288.44,166452
2021-08-06 15:25:00,288.45,288.65,288.41,288.65,75342
2021-08-06 15:30:00,288.64,288.92,288.61,288.91,136862
2021-08-06 15:35:00,288.9101,288.96,288.71,288.71,107247
2021-08-06 15:40:00,288.72,288.8301,288.685,288.69,93149
2021-08-06 15:45:00,288.7,288.83,288.62,288.77,140864
2021-08-06 15:50:00,288.76,289.09,288.7,289.01,397556
2021-08-06 15:55:00,289.0,289.49,288.99,289.46,622507
2021-08-06 16:00:00,289.46,289.46,289.22,289.25,2432005
2021-08-06 16:05:00,289.39,289.46,289.28,289.46,3641
2021-08-06 16:10:00,289.11,289.29,289.01,289.21,5785
2021-08-06 16:15:00,289.21,289.46,289.14,289.46,12308
2021-08-06 16:30:00,289.32,289.39,289.31,289.37,899
2021-08-06 16:35:00,289.31,289.46,289.31,289.46,3059
2021-08-06 16:45:00,289.35,289.35,289.26,289.26,1721
2021-08-06 16:50:00,289.21,289.21,289.21,289.21,837
2021-08-06 16:55:00,289.23,289.23,289.0,289.23,3956
2021-08-06 17:00:00,289.12,289.12,289.12,289.12,100
2021-08-06 17:05:00,289.25,289.25,289.25,289.25,900
2021-08-06 17:10:00,289.29,289.29,289.29,289.29,100
2021-08-06 17:15:00,289.27,289.28,289.27,289.28,300
2021-08-06 17:20:00,289.29,289.29,289.29,289.29,439
2021-08-06 17:30:00,289.3,289.3,289.3,289.3,2423
2021-08-06 17:35:00,289.3,289.3,289.3,289.3,2100
2021-08-06 17:40:00,289.3,289.3,289.3,289.3,1000
2021-08-06 17:55:00,289.25,289.25,289.25,289.25,101
2021-08-06 18:00:00,289.3,289.3,289.3,289.3,928
2021-08-06 18:05:00,289.3,289.3,289.3,289.3,1100
2021-08-06 18:10:00,289.3,289.3,289.3,289.3,1046
2021-08-06 18:25:00,289.3,289.3,289.3,289.3,1205
2021-08-06 18:40:00,289.2,289.2,289.2,289.2,333
2021-08-06 18:50:00,289.25,289.25,289.25,289.25,100
2021-08-06 19:25:00,289.15,289.15,289.15,289.15,165
2021-08-06 19:35:00,289.12,289.12,289.12,289.12,355
2021-08-06 19:50:00,289.25,289.25,289.25,289.25,500
2021-08-06 19:55:00,289.12,289.12,289.12,289.12,200
2021-08-09 04:00:00,289.2,289.2,289.2,289.2,3372
2021-08-09 04:05:00,289.36,289.36,289.35,289.36,624
2021-08-09 04:10:00,289.23,289.23,289.23,289.23,256
2021-08-09 04:15:00,289.44,289.5,289.44,289.5,200
2021-08-09 04:20:00,289.51,289.55,289.51,289.55,226
2021-08-09 04:30:00,289.7,290.66,289.7,290.06,1830
2021-08-09 04:35:00,290.06,290.56,290.06,290.4,2815
2021-08-09 04:45:00,290.4,290.67,290.4,290.66,1531
2021-08-09 04:50:00,290.51,290.51,290.5,290.5,2228
2021-08-09 05:00:00,290.21,290.21,290.21,290.21,212
2021-08-09 05:15:00,290.37,290.38,290.37,290.38,354
2021-08-09 05:30:00,290.29,290.29,290.29,290.29,100
2021-08-09 05:45:00,290.14,290.14,290.14,290.14,171
2021-08-09 05:55:00,290.08,290.09,290.08,290.08,557
2021-08-09 06:05:00,290.37,290.38,290.37,290.38,1953
2021-08-09 06:40:00,290.0,290.01,290.0,290.01,600
2021-08-09 06:55:00,290.28,290.28,290.28,290.28,400
2021-08-09 07:00:00,290.02,290.38,289.95,289.95,2076
2021-08-09 07:05:00,289.96,290.0,289.96,290.0,739
2021-08-09 07:10:00,290.01,290.01,289.93,289.93,671
2021-08-09 07:15:00,290.09,290.15,290.09,290.15,438
2021-08-09 07:20:00,290.14,290.24,290.14,290.24,875
2021-08-09 07:25:00,290.31,290.31,290.31,290.31,100
2021-08-09 07:30:00,290.26,290.26,290.26,290.26,300
2021-08-09 07:35:00,290.26,290.26,290.24,290.25,525
2021-08-09 07:45:00,290.27,290.28,290.27,290.28,200
2021-08-09 07:50:00,290.26,290.3,290.26,290.3,364
2021-08-09 08:00:00,289.9601,290.36,289.88,290.2401,11226
2021-08-09 08:05:00,290.24,290.24,290.02,290.1,3022
2021-08-09 08:10:00,290.0,290.05,290.0,290.05,944
2021-08-09 08:15:00,290.08,290.08,289.86,289.9,2101
2021-08-09 08:20:00,289.9,289.97,289.8301,289.97,1730
2021-08-09 08:25:00,289.8501,290.0,289.8501,289.96,1933
2021-08-09 08:30:00,289.99,289.99,289.9,289.9,300
2021-08-09 08:35:00,289.9,289.92,289.9,289.91,2844
2021-08-09 08:40:00,289.9444,289.9444,289.85,289.85,850
2021-08-09 08:45:00,289.97,289.9895,289.97,289.985,460
2021-08-09 08:50:00,289.98,290.0201,289.98,290.0201,1900
2021-08-09 08:55:00,289.92,289.9787,289.91,289.91,1676
2021-08-09 09:00:00,289.95,289.95,289.8,289.8,2878
2021-08-09 09:05:00,289.7,289.7,289.5,289.62,2895
2021-08-09 09:10:00,289.53,289.64,289.5,289.64,973
2021-08-09 09:20:00,289.75,289.97,289.6509,289.97,6053
2021-08-09 09:25:00,289.7501,289.9799,289.7501,289.77,1216
2021-08-09 09:30:00,289.77,291.55,289.63,291.1429,734546
2021-08-09 09:35:00,291.12,291.15,288.85,289.12,346977
2021-08-09 09:40:00,289.13,289.58,288.8098,289.24,249259
2021-08-09 09:45:00,289.29,289.726,289.16,289.29,192405
2021-08-09 09:50:00,289.3,289.753,289.09,289.753,182995
2021-08-09 09:55:00,289.75,289.806,289.14,289.33,177474
2021-08-09 10:00:00,289.35,289.38,288.97,289.11,234192
2021-08-09 10:05:00,289.1,289.317,288.92,289.2,132406
2021-08-09 10:10:00,289.205,289.6,289.19,289.5,123401
2021-08-09 10:15:00,289.51,289.5165,288.96,289.21,125633
2021-08-09 10:20:00,289.2222,289.27,289.035,289.2001,103727
2021-08-09 10:25:00,289.22,289.39,289.1765,289.27,85229
2021-08-09 10:30:00,289.27,289.6061,289.27,289.4,111687
2021-08-09 10:35:00,289.395,289.65,289.28,289.4399,110784
2021-08-09 10:40:00,289.44,289.54,288.92,289.3101,147382
2021-08-09 10:45:00,289.32,289.32,288.88,288.95,199114
2021-08-09 10:50:00,288.96,289.12,288.76,288.93,211719
2021-08-09 10:55:00,288.93,288.97,288.54,288.8,239366
2021-08-09 11:00:00,288.8001,289.02,288.7,288.814,106449
2021-08-09 11:05:00,288.83,288.84,288.5,288.58,125934
2021-08-09 11:10:00,288.59,288.6201,288.22,288.22,165386
2021-08-09 11:15:00,288.24,288.45,288.2,288.41,106760
2021-08-09 11:20:00,288.4,288.56,288.35,288.52,78169
2021-08-09 11:25:00,288.53,288.68,288.48,288.64,90511
2021-08-09 11:30:00,288.64,288.7,288.44,288.59,87009
2021-08-09 11:35:00,288.6,288.65,288.31,288.36,100504
2021-08-09 11:40:00,288.37,288.5,288.28,288.45,67658
2021-08-09 11:45:00,288.44,288.52,288.25,288.34,82907
2021-08-09 11:50:00,288.33,288.46,288.29,288.41,47178
2021-08-09 11:55:00,288.425,288.5,288.36,288.46,61391
2021-08-09 12:00:00,288.47,288.6,288.42,288.48,75408
2021-08-09 12:05:00,288.48,288.53,288.245,288.29,71674
2021-08-09 12:10:00,288.285,288.325,288.11,288.18,97736
2021-08-09 12:15:00,288.1854,288.2298,288.1,288.13,86762
2021-08-09 12:20:00,288.13,288.1304,288.01,288.06,89425
2021-08-09 12:25:00,288.06,288.12,287.96,287.98,131467
2021-08-09 12:30:00,287.9809,288.1598,287.9809,288.115,94414
2021-08-09 12:35:00,288.12,288.13,287.9,287.99,80988
2021-08-09 12:40:00,288.0,288.03,287.81,287.871,64250
2021-08-09 12:45:00,287.87,288.13,287.83,288.08,88405
2021-08-09 12:50:00,288.08,288.139,288.03,288.04,54845
2021-08-09 12:55:00,288.035,288.0801,287.87,287.91,89498
2021-08-09 13:00:00,287.92,288.07,287.92,288.0237,65909
2021-08-09 13:05:00,288.035,288.1,288.02,288.04,51289
2021-08-09 13:10:00,288.06,288.15,288.06,288.14,60248
2021-08-09 13:15:00,288.13,288.2,288.03,288.05,59429
2021-08-09 13:20:00,288.075,288.1514,288.005,288.115,53562
2021-08-09 13:25:00,288.115,288.12,288.0299,288.07,63901
2021-08-09 13:30:00,288.072,288.115,288.02,288.09,63789
2021-08-09 13:35:00,288.085,288.21,288.04,288.16,102580
2021-08-09 13:40:00,288.18,288.24,288.04,288.18,75901
2021-08-09 13:45:00,288.18,288.19,288.0799,288.1,55054
2021-08-09 13:50:00,288.105,288.11,288.01,288.024,55516
2021-08-09 13:55:00,288.022,288.16,288.015,288.145,67011
2021-08-09 14:00:00,288.14,288.16,288.03,288.06,69099
2021-08-09 14:05:00,288.07,288.1899,288.0444,288.1499,56693
2021-08-09 14:10:00,288.1399,288.23,288.105,288.21,65069
2021-08-09 14:15:00,288.21,288.295,288.17,288.27,70609
2021-08-09 14:20:00,288.27,288.3,288.225,288.2648,51224
2021-08-09 14:25:00,288.27,288.46,288.27,288.46,72268
2021-08-09 14:30:00,288.45,288.575,288.44,288.56,81398
2021-08-09 14:35:00,288.5599,288.56,288.445,288.45,76709
2021-08-09 14:40:00,288.44,288.46,288.2,288.36,90034
2021-08-09 14:45:00,288.36,288.56,288.34,288.5499,65850
2021-08-09 14:50:00,288.545,288.5575,288.4519,288.53,57679
2021-08-09 14:55:00,288.53,288.55,288.355,288.385,66315
2021-08-09 15:00:00,288.38,288.45,288.3501,288.36,58352
2021-08-09 15:05:00,288.355,288.376,288.32,288.34,47772
2021-08-09 15:10:00,288.335,288.34,288.28,288.334,64502
2021-08-09 15:15:00,288.335,288.345,288.21,288.225,59999
2021-08-09 15:20:00,288.23,288.235,288.13,288.19,66221
2021-08-09 15:25:00,288.1981,288.25,288.13,288.225,80517
2021-08-09 15:30:00,288.22,288.325,288.2,288.305,93791
2021-08-09 15:35:00,288.3,288.4299,288.285,288.385,79249
2021-08-09 15:40:00,288.39,288.455,288.31,288.425,76604
2021-08-09 15:45:00,288.42,288.42,288.165,288.24,108435
2021-08-09 15:50:00,288.23,288.48,288.17,288.41,283271
2021-08-09 15:55:00,288.41,288.5773,288.33,288.36,466980
2021-08-09 16:00:00,288.33,288.35,288.17,288.33,2738209
2021-08-09 16:05:00,288.4,288.41,288.33,288.41,5664
2021-08-09 16:10:00,288.35,288.35,288.35,288.35,450
2021-08-09 16:15:00,288.3,288.3,288.25,288.25,1252
2021-08-09 16:20:00,288.3,288.3,288.3,288.3,1094
2021-08-09 16:25:00,288.25,288.3,288.25,288.3,1101
2021-08-09 16:35:00,288.21,288.21,288.21,288.21,387
2021-08-09 16:40:00,288.32,288.32,288.32,288.32,495
2021-08-09 16:45:00,288.32,288.32,288.3,288.3,1000
2021-08-09 16:50:00,288.3,288.3,288.28,288.28,886
2021-08-09 16:55:00,288.24,288.24,288.24,288.24,306
2021-08-09 17:00:00,288.3,288.3499,288.3,288.3499,1123
2021-08-09 17:05:00,288.3451,288.3451,288.3451,288.3451,192
2021-08-09 17:10:00,288.44,288.44,288.44,288.44,200
2021-08-09 17:15:00,288.41,288.41,288.3,288.3,300
2021-08-09 18:00:00,288.39,288.39,288.39,288.39,377
2021-08-09 18:05:00,288.38,288.38,288.35,288.35,1648
2021-08-09 18:10:00,288.35,288.35,288.35,288.35,112
2021-08-09 18:30:00,288.35,288.35,288.35,288.35,479
2021-08-09 18:35:00,288.21,288.21,288.21,288.21,693
2021-08-09 19:00:00,288.3299,288.33,288.3,288.3,1526
2021-08-09 19:05:00,288.35,288.35,288.35,288.35,100
2021-08-09 19:10:00,288.3001,288.3001,288.3001,288.3001,500
2021-08-09 19:25:00,288.2701,288.2701,288.2701,288.2701,2000
2021-08-09 19:45:00,288.33,288.33,288.33,288.33,264
2021-08-09 19:50:00,288.18,288.18,288.18,288.18,233
2021-08-09 19:55:00,288.28,288.28,288.25,288.28,948
2021-08-10 04:00:00,288.3,288.9,288.3,288.9,1022
2021-08-10 04:05:00,288.87,288.87,288.8,288.8,417
2021-08-10 04:10:00,288.75,288.75,288.6,288.6,1200
2021-08-10 04:20:00,288.7,288.7,288.7,288.7,100
2021-08-10 04:25:00,288.74,288.74,288.74,288.74,163
2021-08-10 04:45:00,288.85,288.85,288.85,288.85,250
2021-08-10 05:00:00,288.81,288.88,288.81,288.88,1246
2021-08-10 05:05:00,288.88,289.0,288.88,289.0,1053
2021-08-10 05:30:00,289.0,289.0,289.0,289.0,100
2021-08-10 05:35:00,289.1,289.1,289.1,289.1,800
2021-08-10 05:40:00,289.11,289.2,289.11,289.2,511
2021-08-10 05:55:00,289.3,289.3,289.3,289.3,700
2021-08-10 06:00:00,289.21,289.21,289.2,289.2,464
2021-08-10 06:15:00,289.45,289.5,289.45,289.5,466
2021-08-10 06:20:00,289.48,289.48,289.32,289.32,200
2021-08-10 06:50:00,289.25,289.25,289.2,289.2,200
2021-08-10 07:00:00,289.2,289.35,289.11,289.27,3354
2021-08-10 07:05:00,289.26,289.26,289.12,289.15,1478
2021-08-10 07:10:00,289.1,289.1,289.1,289.1,245
2021-08-10 07:15:00,289.12,289.12,289.12,289.12,100
2021-08-10 07:20:00,289.11,289.11,289.1,289.11,1424
2021-08-10 07:25:00,289.01,289.01,288.92,288.92,831
2021-08-10 07:30:00,288.92,288.92,288.92,288.92,625
2021-08-10 07:35:00,288.9,288.92,288.9,288.92,600
2021-08-10 07:40:00,288.83,288.83,288.74,288.74,244
2021-08-10 07:45:00,288.7,288.7,288.7,288.7,100
2021-08-10 07:50:00,288.8,288.95,288.8,288.95,529
2021-08-10 08:00:00,289.3427,289.3427,288.8,288.8701,5571
2021-08-10 08:05:00,288.88,288.88,288.88,288.88,100
2021-08-10 08:15:00,288.93,288.93,288.93,288.93,100
2021-08-10 08:30:00,288.9,288.98,288.9,288.98,2076
2021-08-10 08:45:00,288.91,288.91,288.88,288.88,200
2021-08-10 08:50:00,288.91,288.91,288.89,288.89,300
2021-08-10 08:55:00,288.89,288.9,288.89,288.9,802
2021-08-10 09:00:00,288.86,288.89,288.84,288.85,1446
2021-08-10 09:05:00,288.89,288.9,288.89,288.9,364
2021-08-10 09:10:00,288.8,288.8,288.69,288.76,4982
2021-08-10 09:15:00,288.81,288.81,288.76,288.76,300
2021-08-10 09:20:00,288.81,288.81,288.81,288.81,100
2021-08-10 09:25:00,288.77,288.77,288.77,288.77,200
2021-08-10 09:30:00,288.76,288.96,288.05,288.48,450616
2021-08-10 09:35:00,288.49,288.59,288.14,288.2097,112678
2021-08-10 09:40:00,288.23,288.7247,288.14,288.705,153390
2021-08-10 09:45:00,288.715,289.21,288.715,288.81,217832
2021-08-10 09:50:00,288.84,289.15,288.585,288.59,196379
2021-08-10 09:55:00,288.59,288.97,288.37,288.9,177008
2021-08-10 10:00:00,288.93,289.25,288.57,288.6361,174598
2021-08-10 10:05:00,288.633,288.76,288.5101,288.55,127258
2021-08-10 10:10:00,288.56,289.13,288.49,288.575,169286
2021-08-10 10:15:00,288.525,288.7,288.25,288.34,144249
2021-08-10 10:20:00,288.32,288.57,288.32,288.52,86158
2021-08-10 10:25:00,288.5,288.61,287.995,287.9987,146273
2021-08-10 10:30:00,287.99,287.99,286.99,287.14,270798
2021-08-10 10:35:00,287.16,287.348,286.9201,286.95,147389
2021-08-10 10:40:00,286.93,286.97,285.85,286.215,250260
2021-08-10 10:45:00,286.22,286.83,286.12,286.66,115576
2021-08-10 10:50:00,286.65,286.68,286.17,286.57,128155
2021-08-10 10:55:00,286.57,286.57,286.13,286.39,104451
2021-08-10 11:00:00,286.37,286.37,285.78,286.16,174023
2021-08-10 11:05:00,286.2201,286.33,285.67,285.68,173412
2021-08-10 11:10:00,285.68,285.99,285.35,285.41,155772
2021-08-10 11:15:00,285.43,285.54,285.23,285.27,129042
2021-08-10 11:20:00,285.26,285.86,285.2,285.855,150952
2021-08-10 11:25:00,285.85,285.88,285.64,285.7435,85796
2021-08-10 11:30:00,285.7284,285.94,285.63,285.9,104331
2021-08-10 11:35:00,285.9112,286.04,285.8,285.97,84438
2021-08-10 11:40:00,285.98,286.08,285.76,285.855,71675
2021-08-10 11:45:00,285.86,286.08,285.81,285.96,111519
2021-08-10 11:50:00,285.94,286.145,285.86,285.91,79871
2021-08-10 11:55:00,285.905,285.98,285.8,285.8301,64719
2021-08-10 12:00:00,285.83,286.4,285.83,286.3042,104579
2021-08-10 12:05:00,286.3,286.409,286.12,286.14,78467
2021-08-10 12:10:00,286.14,286.2382,286.06,286.21,101724
2021-08-10 12:15:00,286.21,286.44,286.115,286.39,100560
2021-08-10 12:20:00,286.42,286.5275,286.315,286.44,73542
2021-08-10 12:25:00,286.445,286.4786,286.18,286.2,54966
2021-08-10 12:30:00,286.2,286.36,286.12,286.26,73531
2021-08-10 12:35:00,286.255,286.31,286.1282,286.14,49362
2021-08-10 12:40:00,286.12,286.29,286.12,286.275,52749
2021-08-10 12:45:00,286.27,286.33,286.14,286.23,56538
2021-08-10 12:50:00,286.23,286.25,286.02,286.05,53724
2021-08-10 12:55:00,286.05,286.06,285.905,285.95,71182
2021-08-10 13:00:00,285.9576,286.14,285.905,286.06,64242
2021-08-10 13:05:00,286.04,286.08,285.85,285.8622,62728
2021-08-10 13:10:00,285.86,285.97,285.79,285.825,104900
2021-08-10 13:15:00,285.82,285.8668,285.74,285.78,71367
2021-08-10 13:20:00,285.7783,285.79,285.58,285.6,118803
2021-08-10 13:25:00,285.6014,285.715,285.5,285.6,104656
2021-08-10 13:30:00,285.6,285.765,285.48,285.6418,139477
2021-08-10 13:35:00,285.6559,285.8,285.61,285.7806,71997
2021-08-10 13:40:00,285.78,285.85,285.73,285.798,53483
2021-08-10 13:45:00,285.81,285.84,285.58,285.74,96190
2021-08-10 13:50:00,285.74,285.855,285.7,285.82,69541
2021-08-10 13:55:00,285.8,285.96,285.8,285.9099,92573
2021-08-10 14:00:00,285.91,285.95,285.5448,285.57,88557
2021-08-10 14:05:00,285.58,285.62,285.47,285.59,111799
2021-08-10 14:10:00,285.6,285.6,285.405,285.52,72788
2021-08-10 14:15:00,285.5267,285.68,285.47,285.67,95329
2021-08-10 14:20:00,285.66,285.89,285.6,285.845,54126
2021-08-10 14:25:00,285.858,286.02,285.84,286.0,80177
2021-08-10 14:30:00,286.01,286.09,285.95,286.021,63865
2021-08-10 14:35:00,286.03,286.2299,286.03,286.22,71147
2021-08-10 14:40:00,286.22,286.225,285.98,286.03,82288
2021-08-10 14:45:00,286.06,286.245,286.0099,286.1869,62014
2021-08-10 14:50:00,286.18,286.2369,286.09,286.13,60326
2021-08-10 14:55:00,286.1277,286.28,286.0895,286.275,66172
2021-08-10 15:00:00,286.275,286.37,286.12,286.13,81741
2021-08-10 15:05:00,286.14,286.1499,286.03,286.03,81628
2021-08-10 15:10:00,286.02,286.05,285.935,286.03,68872
2021-08-10 15:15:00,286.0262,286.08,285.9,285.9657,96457
2021-08-10 15:20:00,285.965,286.08,285.9,286.06,79677
2021-08-10 15:25:00,286.069,286.069,285.9999,286.0301,44765
2021-08-10 15:30:00,286.0301,286.07,285.9,285.98,105063
2021-08-10 15:35:00,285.98,286.09,285.91,285.96,76940
2021-08-10 15:40:00,285.97,286.15,285.94,286.07,104983
2021-08-10 15:45:00,286.075,286.0982,285.85,285.99,88730
2021-08-10 15:50:00,285.97,285.99,285.69,285.895,256905
2021-08-10 15:55:00,285.89,286.5,285.885,286.49,569348
2021-08-10 16:00:00,286.44,286.44,285.9309,286.25,3276726
2021-08-10 16:05:00,286.35,286.44,286.35,286.4,13197
2021-08-10 16:10:00,286.4,286.44,286.4,286.44,3399
2021-08-10 16:15:00,286.42,286.42,286.42,286.42,1000
2021-08-10 16:30:00,286.36,286.36,286.35,286.35,866
2021-08-10 16:35:00,286.38,286.4,286.38,286.4,510
2021-08-10 16:45:00,286.47,286.47,286.47,286.47,122
2021-08-10 16:50:00,286.46,286.46,286.46,286.46,119
2021-08-10 16:55:00,286.44,286.44,286.44,286.44,745
2021-08-10 17:00:00,286.44,286.44,286.44,286.44,1104
2021-08-10 17:15:00,286.44,286.44,286.44,286.44,295
2021-08-10 17:20:00,286.44,286.44,286.44,286.44,140
2021-08-10 17:25:00,286.48,286.48,286.48,286.48,500
2021-08-10 17:30:00,286.46,286.46,286.46,286.46,114
2021-08-10 17:35:00,286.46,286.46,286.44,286.44,313
2021-08-10 17:45:00,286.44,286.44,286.44,286.44,200
2021-08-10 18:00:00,286.42,286.42,286.42,286.42,150
2021-08-10 18:05:00,286.42,286.42,286.42,286.42,120
2021-08-10 18:15:00,286.35,286.35,286.35,286.35,1650
2021-08-10 18:25:00,286.25,286.25,286.25,286.25,766
2021-08-10 18:50:00,286.38,286.38,286.35,286.35,306
2021-08-10 19:05:00,286.37,286.4,286.37,286.4,949
2021-08-10 19:20:00,286.35,286.35,286.3,286.3,230
2021-08-10 19:25:00,286.3,286.3,286.3,286.3,150
2021-08-10 19:35:00,286.25,286.25,286.25,286.25,147
2021-08-10 19:45:00,286.3,286.3,286.3,286.3,100
2021-08-10 19:50:00,286.3,286.3,286.25,286.3,1442
2021-08-10 19:55:00,286.3,286.6,286.3,286.6,6740
2021-08-11 04:10:00,286.11,286.11,286.03,286.03,400
2021-08-11 04:15:00,285.82,285.82,285.82,285.82,100
2021-08-11 04:25:00,285.73,285.73,285.73,285.73,100
2021-08-11 04:30:00,285.76,285.76,285.75,285.75,300
2021-08-11 05:15:00,285.71,285.71,285.29,285.29,1350
2021-08-11 05:30:00,285.29,285.29,285.29,285.29,378
2021-08-11 06:00:00,285.3,285.3,285.3,285.3,589
2021-08-11 06:15:00,285.73,285.73,285.73,285.73,400
2021-08-11 06:25:00,285.64,285.64,285.64,285.64,874
2021-08-11 06:35:00,285.95,285.97,285.95,285.97,300
2021-08-11 06:40:00,286.08,286.08,286.08,286.08,100
2021-08-11 06:50:00,286.4,286.53,286.4,286.53,306
2021-08-11 07:00:00,286.2,286.2,286.15,286.2,1406
2021-08-11 07:05:00,286.16,286.16,286.16,286.16,100
2021-08-11 07:10:00,286.16,286.16,286.16,286.16,100
2021-08-11 07:15:00,286.19,286.19,286.19,286.19,100
2021-08-11 07:20:00,286.04,286.05,286.04,286.04,787
2021-08-11 07:25:00,286.04,286.04,286.0,286.0,984
2021-08-11 07:35:00,286.08,286.08,286.08,286.08,133
2021-08-11 07:40:00,285.95,285.95,285.95,285.95,393
2021-08-11 08:00:00,286.04,287.156,286.0,286.0,600
2021-08-11 08:05:00,285.96,285.96,285.96,285.96,262
2021-08-11 08:20:00,286.05,286.05,286.05,286.05,100
2021-08-11 08:25:00,286.05,286.05,286.05,286.05,100
2021-08-11 08:30:00,286.1,287.07,286.1,286.89,10678
2021-08-11 08:35:00,287.0,287.25,286.96,287.18,3393
2021-08-11 08:40:00,287.1999,287.39,287.1999,287.31,4947
2021-08-11 08:45:00,287.25,287.85,287.2,287.85,6404
2021-08-11 08:50:00,287.65,287.67,287.34,287.34,1250
2021-08-11 08:55:00,287.28,287.4,287.28,287.28,3401
2021-08-11 09:00:00,287.29,287.29,287.15,287.29,1292
2021-08-11 09:05:00,287.18,287.2,287.0,287.0,2099
2021-08-11 09:10:00,287.0,287.36,287.0,287.36,2248
2021-08-11 09:15:00,286.44,287.28,286.44,287.22,6446
2021-08-11 09:20:00,287.33,287.4,287.33,287.39,1573
2021-08-11 09:25:00,287.33,287.33,287.18,287.18,1725
2021-08-11 09:30:00,287.18,288.66,287.11,288.24,645676
2021-08-11 09:35:00,288.29,288.468,287.45,287.79,163864
2021-08-11 09:40:00,287.81,288.19,287.28,287.465,257049
2021-08-11 09:45:00,287.48,287.53,287.02,287.17,196861
2021-08-11 09:50:00,287.2,287.56,287.06,287.5355,146413
2021-08-11 09:55:00,287.54,288.01,287.44,287.4599,184224
2021-08-11 10:00:00,287.47,287.96,287.42,287.87,196377
2021-08-11 10:05:00,287.88,288.05,287.57,287.7,172315
2021-08-11 10:10:00,287.68,287.77,286.92,287.02,196392
2021-08-11 10:15:00,287.01,287.12,286.9,286.9,157804
2021-08-11 10:20:00,286.9,287.06,286.74,286.99,111173
2021-08-11 10:25:00,286.976,287.1199,286.88,286.94,87020
2021-08-11 10:30:00,286.93,287.11,286.545,286.7755,154094
2021-08-11 10:35:00,286.789,287.07,286.56,286.74,133451
2021-08-11 10:40:00,286.74,287.07,286.65,286.82,105753
2021-08-11 10:45:00,286.83,286.889,286.66,286.69,120949
2021-08-11 10:50:00,286.685,286.88,286.38,286.4442,140744
2021-08-11 10:55:00,286.44,286.72,286.35,286.35,124667
2021-08-11 11:00:00,286.36,286.4586,285.98,286.145,162064
2021-08-11 11:05:00,286.14,286.4,286.01,286.18,93760
2021-08-11 11:10:00,286.18,286.33,285.86,286.24,113527
2021-08-11 11:15:00,286.2079,286.41,285.94,286.13,133780
2021-08-11 11:20:00,286.12,286.39,286.11,286.25,107640
2021-08-11 11:25:00,286.25,286.3599,286.14,286.3,76873
2021-08-11 11:30:00,286.32,286.47,286.12,286.27,113987
2021-08-11 11:35:00,286.26,286.4036,286.13,286.34,80854
2021-08-11 11:40:00,286.36,286.36,286.04,286.17,107526
2021-08-11 11:45:00,286.18,286.38,285.99,285.99,75280
2021-08-11 11:50:00,286.02,286.32,285.98,286.23,82431
2021-08-11 11:55:00,286.2136,286.35,286.16,286.31,86722
2021-08-11 12:00:00,286.3,286.77,286.27,286.75,111456
2021-08-11 12:05:00,286.7689,286.9,286.69,286.77,115546
2021-08-11 12:10:00,286.79,286.84,286.58,286.81,86373
2021-08-11 12:15:00,286.82,286.8299,286.56,286.63,48642
2021-08-11 12:20:00,286.61,286.763,286.57,286.73,58598
2021-08-11 12:25:00,286.75,286.93,286.73,286.87,61398
2021-08-11 12:30:00,286.89,287.07,286.85,287.05,72100
2021-08-11 12:35:00,287.06,287.0999,286.93,287.0,59608
2021-08-11 12:40:00,287.01,287.08,286.96,286.9899,38980
2021-08-11 12:45:00,286.99,287.17,286.9643,287.15,69429
2021-08-11 12:50:00,287.1617,287.1617,286.84,286.85,61754
2021-08-11 12:55:00,286.84,286.9,286.73,286.86,45439
2021-08-11 13:00:00,286.87,287.22,286.75,287.03,139860
2021-08-11 13:05:00,287.035,287.035,286.7901,286.91,70409
2021-08-11 13:10:00,286.9,287.11,286.9,287.1001,93356
2021-08-11 13:15:00,287.1,287.11,286.86,286.94,60975
2021-08-11 13:20:00,286.94,286.945,286.83,286.8901,49816
2021-08-11 13:25:00,286.9,286.935,286.84,286.91,48266
2021-08-11 13:30:00,286.93,286.96,286.76,286.86,47285
2021-08-11 13:35:00,286.86,286.89,286.63,286.67,69716
2021-08-11 13:40:00,286.66,286.66,286.48,286.5,91913
2021-08-11 13:45:00,286.53,286.61,286.5,286.53,50733
2021-08-11 13:50:00,286.53,286.69,286.47,286.68,42725
2021-08-11 13:55:00,286.69,286.74,286.6,286.69,51658
2021-08-11 14:00:00,286.69,286.82,286.636,286.76,48734
2021-08-11 14:05:00,286.774,286.88,286.77,286.85,58099
2021-08-11 14:10:00,286.85,286.85,286.72,286.7797,43924
2021-08-11 14:15:00,286.77,286.775,286.57,286.58,41236
2021-08-11 14:20:00,286.57,286.625,286.44,286.59,61673
2021-08-11 14:25:00,286.59,286.72,286.58,286.69,64971
2021-08-11 14:30:00,286.675,286.8098,286.635,286.69,41387
2021-08-11 14:35:00,286.69,286.885,286.6816,286.8301,59127
2021-08-11 14:40:00,286.83,286.9535,286.82,286.88,63297
2021-08-11 14:45:00,286.88,286.95,286.84,286.89,61739
2021-08-11 14:50:00,286.88,286.94,286.81,286.88,49422
2021-08-11 14:55:00,286.904,286.9421,286.79,286.88,47744
2021-08-11 15:00:00,286.89,286.95,286.71,286.7899,54671
2021-08-11 15:05:00,286.78,286.89,286.71,286.83,54267
2021-08-11 15:10:00,286.834,286.91,286.75,286.77,65197
2021-08-11 15:15:00,286.77,286.78,286.6,286.68,50682
2021-08-11 15:20:00,286.69,286.99,286.66,286.96,123126
2021-08-11 15:25:00,286.95,287.03,286.865,286.865,81390
2021-08-11 15:30:00,286.87,286.965,286.8393,286.935,54995
2021-08-11 15:35:00,286.915,286.9599,286.84,286.848,93058
2021-08-11 15:40:00,286.845,286.87,286.68,286.75,78357
2021-08-11 15:45:00,286.75,286.99,286.74,286.9401,126991
2021-08-11 15:50:00,286.95,287.13,286.76,286.795,282367
2021-08-11 15:55:00,286.79,287.0721,286.71,286.98,384941
2021-08-11 16:00:00,286.97,287.0,286.8996,287.0,2135736
2021-08-11 16:05:00,286.97,286.97,286.95,286.95,6077
2021-08-11 16:10:00,286.94,286.95,286.94,286.95,2003
2021-08-11 16:15:00,286.95,286.95,286.95,286.95,1686
2021-08-11 16:20:00,286.95,286.95,286.89,286.89,1795
2021-08-11 16:25:00,286.89,286.95,286.89,286.95,2949
2021-08-11 16:30:00,286.89,286.9,286.89,286.9,800
2021-08-11 16:35:00,286.9,286.9,286.9,286.9,298
2021-08-11 16:40:00,286.9499,286.9499,286.9499,286.9499,100
2021-08-11 16:45:00,286.95,286.95,286.88,286.88,200
2021-08-11 17:05:00,286.8,286.8,286.8,286.8,300
2021-08-11 17:15:00,286.8,286.8,286.8,286.8,100
2021-08-11 17:20:00,286.8,286.8,286.8,286.8,100
2021-08-11 17:30:00,286.8,286.8,286.8,286.8,1000
2021-08-11 17:40:00,286.8,286.8,286.8,286.8,934
2021-08-11 17:45:00,286.8,286.8,286.8,286.8,359
2021-08-11 18:00:00,286.81,286.81,286.8,286.8,1139
2021-08-11 18:05:00,286.8,286.8,286.8,286.8,313
2021-08-11 18:15:00,286.7,286.7,286.7,286.7,100
2021-08-11 18:25:00,286.83,286.88,286.83,286.88,500
2021-08-11 19:10:00,286.62,286.62,286.6,286.6,1100
2021-08-11 19:55:00,286.5,286.66,286.43,286.6,621
2021-08-12 04:00:00,286.38,286.38,286.32,286.32,200
2021-08-12 04:25:00,286.32,286.32,286.32,286.32,200
2021-08-12 05:05:00,286.22,286.4,286.22,286.4,287
2021-08-12 05:10:00,286.4,286.4,286.4,286.4,100
2021-08-12 05:45:00,286.41,286.41,286.41,286.41,383
2021-08-12 06:00:00,286.47,286.5,286.47,286.5,1441
2021-08-12 06:35:00,286.85,286.85,286.85,286.85,100
2021-08-12 07:00:00,286.86,286.86,286.86,286.86,101
2021-08-12 07:10:00,286.91,286.95,286.91,286.95,200
2021-08-12 07:15:00,286.98,287.0,286.98,287.0,3068
2021-08-12 07:35:00,287.19,287.19,287.19,287.19,157
2021-08-12 07:55:00,287.2,287.2,287.2,287.2,100
2021-08-12 08:00:00,286.86,287.2,286.82,287.05,7636
2021-08-12 08:05:00,287.0,287.0,286.985,286.985,275
2021-08-12 08:10:00,287.0682,287.07,287.01,287.07,1094
2021-08-12 08:15:00,287.01,287.01,287.01,287.01,200
2021-08-12 08:20:00,287.05,287.05,287.0,287.0,2006
2021-08-12 08:25:00,287.0,287.07,287.0,287.07,817
2021-08-12 08:30:00,286.94,286.94,286.6,286.86,3276
2021-08-12 08:35:00,286.95,286.95,286.9,286.9,400
2021-08-12 08:40:00,286.85,286.85,286.71,286.71,842
2021-08-12 08:45:00,286.7,286.7,286.2444,286.3475,3084
2021-08-12 08:50:00,286.4991,286.5,286.2,286.2,2165
2021-08-12 08:55:00,286.4,286.42,286.3999,286.42,1799
2021-08-12 09:00:00,286.35,286.35,286.25,286.3,707
2021-08-12 09:05:00,286.38,286.5,286.34,286.34,2549
2021-08-12 09:10:00,286.38,286.5519,286.33,286.35,763
2021-08-12 09:15:00,286.35,286.37,286.32,286.37,1114
2021-08-12 09:20:00,286.22,286.22,286.2,286.2,2086
2021-08-12 09:25:00,286.42,287.07,286.2,286.5,12242
2021-08-12 09:30:00,286.62,287.4,286.34,287.08,422310
2021-08-12 09:35:00,287.05,287.05,286.35,286.8,171887
2021-08-12 09:40:00,286.8,287.01,286.38,286.83,155566
2021-08-12 09:45:00,286.83,287.7,286.54,287.58,197770
2021-08-12 09:50:00,287.59,288.0,287.51,287.725,169653
2021-08-12 09:55:00,287.6707,288.08,287.63,287.68,170705
2021-08-12 10:00:00,287.67,287.79,286.95,287.27,152396
2021-08-12 10:05:00,287.28,287.5894,287.2,287.575,119379
2021-08-12 10:10:00,287.56,288.155,287.56,288.15,154390
2021-08-12 10:15:00,288.15,288.56,287.88,288.4799,197054
2021-08-12 10:20:00,288.4701,288.68,288.33,288.3721,137854
2021-08-12 10:25:00,288.38,288.55,288.25,288.42,145381
2021-08-12 10:30:00,288.43,288.92,288.43,288.85,159394
2021-08-12 10:35:00,288.86,289.09,288.69,288.7397,157760
2021-08-12 10:40:00,288.7,288.99,288.68,288.9484,112750
2021-08-12 10:45:00,288.95,289.17,288.88,289.1333,143371
2021-08-12 10:50:00,289.13,289.66,289.13,289.65,213161
2021-08-12 10:55:00,289.65,289.74,289.29,289.52,185017
2021-08-12 11:00:00,289.5,289.57,289.25,289.25,91490
2021-08-12 11:05:00,289.2236,289.51,289.22,289.49,99402
2021-08-12 11:10:00,289.47,289.6,289.12,289.14,100858
2021-08-12 11:15:00,289.13,289.4,289.13,289.3115,68472
2021-08-12 11:20:00,289.31,289.485,289.2,289.27,102313
2021-08-12 11:25:00,289.28,289.37,289.11,289.13,81377
2021-08-12 11:30:00,289.13,289.45,289.08,289.36,146322
2021-08-12 11:35:00,289.36,289.41,289.2,289.24,63244
2021-08-12 11:40:00,289.25,289.32,289.11,289.12,87466
2021-08-12 11:45:00,289.15,289.27,289.05,289.11,86914
2021-08-12 11:50:00,289.11,289.35,289.1,289.35,60152
2021-08-12 11:55:00,289.36,289.36,289.0442,289.0442,73187
2021-08-12 12:00:00,289.04,289.15,288.79,288.79,104305
2021-08-12 12:05:00,288.78,288.94,288.75,288.89,70788
2021-08-12 12:10:00,288.89,289.14,288.821,289.0567,66405
2021-08-12 12:15:00,289.045,289.06,288.86,288.89,54083
2021-08-12 12:20:00,288.91,288.91,288.73,288.77,64542
2021-08-12 12:25:00,288.76,288.89,288.75,288.85,54387
2021-08-12 12:30:00,288.855,289.03,288.84,289.02,62333
2021-08-12 12:35:00,289.04,289.045,288.94,288.96,47760
2021-08-12 12:40:00,288.96,289.03,288.88,288.91,53843
2021-08-12 12:45:00,288.91,289.13,288.87,289.07,60686
2021-08-12 12:50:00,289.05,289.1084,288.98,289.05,46656
2021-08-12 12:55:00,289.05,289.0899,288.88,288.94,50984
2021-08-12 13:00:00,288.945,289.04,288.785,288.96,69224
2021-08-12 13:05:00,288.96,289.12,288.925,289.12,46721
2021-08-12 13:10:00,289.11,289.19,289.0,289.15,61805
2021-08-12 13:15:00,289.16,289.27,289.03,289.11,92504
2021-08-12 13:20:00,289.1,289.32,289.095,289.28,60814
2021-08-12 13:25:00,289.28,289.38,289.27,289.3653,65211
2021-08-12 13:30:00,289.3612,289.49,289.36,289.44,72624
2021-08-12 13:35:00,289.4599,289.55,289.37,289.43,80134
2021-08-12 13:40:00,289.435,289.54,289.29,289.39,104875
2021-08-12 13:45:00,289.38,289.51,289.36,289.46,48132
2021-08-12 13:50:00,289.455,289.56,289.45,289.5399,70830
2021-08-12 13:55:00,289.55,289.6,289.46,289.46,58481
2021-08-12 14:00:00,289.47,289.56,289.4226,289.51,42438
2021-08-12 14:05:00,289.505,289.58,289.46,289.52,52353
2021-08-12 14:10:00,289.54,289.62,289.51,289.565,73312
2021-08-12 14:15:00,289.54,289.61,289.5152,289.58,73927
2021-08-12 14:20:00,289.57,289.64,289.55,289.5875,77510
2021-08-12 14:25:00,289.57,289.65,289.5152,289.63,69397
2021-08-12 14:30:00,289.6216,289.7,289.601,289.69,83013
2021-08-12 14:35:00,289.68,289.83,289.68,289.77,121276
2021-08-12 14:40:00,289.76,289.78,289.62,289.68,79349
2021-08-12 14:45:00,289.6899,289.72,289.6,289.615,62372
2021-08-12 14:50:00,289.615,289.77,289.61,289.77,58936
2021-08-12 14:55:00,289.77,289.8138,289.705,289.72,77263
2021-08-12 15:00:00,289.72,289.7857,289.72,289.7204,66573
2021-08-12 15:05:00,289.72,289.8,289.7,289.735,80601
2021-08-12 15:10:00,289.74,289.85,289.64,289.65,115929
2021-08-12 15:15:00,289.65,289.71,289.625,289.69,77232
2021-08-12 15:20:00,289.6818,289.76,289.61,289.65,109009
2021-08-12 15:25:00,289.6479,289.67,289.5,289.67,95100
2021-08-12 15:30:00,289.67,289.73,289.61,289.655,82694
2021-08-12 15:35:00,289.66,289.81,289.65,289.75,105316
2021-08-12 15:40:00,289.75,289.79,289.52,289.5371,152747
2021-08-12 15:45:00,289.5319,289.66,289.4518,289.65,160346
2021-08-12 15:50:00,289.65,289.97,289.445,289.93,392574
2021-08-12 15:55:00,289.93,289.96,289.55,289.65,373790
2021-08-12 16:00:00,289.81,289.81,289.53,289.68,2968143
2021-08-12 16:05:00,289.81,289.81,289.66,289.78,16011
2021-08-12 16:10:00,289.74,289.81,289.73,289.73,7487
2021-08-12 16:15:00,289.78,289.78,289.78,289.78,100
2021-08-12 16:20:00,289.78,289.78,289.76,289.76,309
2021-08-12 16:25:00,289.73,289.77,289.73,289.77,596
2021-08-12 16:30:00,289.77,289.78,289.75,289.78,1029
2021-08-12 16:35:00,289.77,289.77,289.77,289.77,331
2021-08-12 16:40:00,289.77,289.78,289.77,289.78,200
2021-08-12 16:50:00,289.78,289.78,289.73,289.78,1900
2021-08-12 16:55:00,289.73,289.73,289.73,289.73,500
2021-08-12 17:00:00,289.76,289.76,289.76,289.76,100
2021-08-12 17:05:00,289.73,289.73,289.73,289.73,172
2021-08-12 17:10:00,289.73,289.73,289.73,289.73,816
2021-08-12 17:15:00,289.72,289.72,289.72,289.72,248
2021-08-12 17:20:00,289.69,289.69,289.66,289.66,1931
2021-08-12 17:30:00,289.7766,289.78,289.66,289.66,1772
2021-08-12 17:35:00,289.77,289.78,289.77,289.78,2597
2021-08-12 17:40:00,289.66,289.78,289.66,289.78,900
2021-08-12 17:45:00,289.78,289.8,289.66,289.8,1541
2021-08-12 17:50:00,289.7889,289.7889,289.7889,289.7889,100
2021-08-12 18:00:00,289.66,289.66,289.66,289.66,100
2021-08-12 18:25:00,289.65,289.65,289.65,289.65,100
2021-08-12 18:30:00,289.75,289.77,289.75,289.77,1345
2021-08-12 18:40:00,289.66,289.66,289.65,289.65,1491
2021-08-12 18:45:00,289.71,289.71,289.71,289.71,550
2021-08-12 18:50:00,289.71,289.72,289.71,289.72,641
2021-08-12 18:55:00,289.75,289.75,289.72,289.72,1700
2021-08-12 19:15:00,289.69,289.69,289.69,289.69,100
2021-08-12 19:25:00,289.71,289.71,289.68,289.68,1190
2021-08-12 19:35:00,289.7,289.7,289.7,289.7,256
2021-08-12 19:55:00,289.71,289.71,289.71,289.71,100
2021-08-13 04:35:00,289.79,289.8,289.79,289.8,1657
2021-08-13 04:40:00,289.8,289.8,289.8,289.8,184
2021-08-13 04:55:00,289.82,289.82,289.82,289.82,100
2021-08-13 05:20:00,289.82,289.82,289.71,289.71,767
2021-08-13 05:25:00,289.7,289.71,289.7,289.71,1182
2021-08-13 06:05:00,289.63,289.63,289.6,289.6,1074
2021-08-13 06:15:00,289.56,289.56,289.56,289.56,100
2021-08-13 07:00:00,289.42,289.42,289.4,289.4,1034
2021-08-13 07:10:00,289.55,289.55,289.55,289.55,200
2021-08-13 07:15:00,289.5,289.5,289.5,289.5,235
2021-08-13 07:20:00,289.52,289.52,289.4,289.4,425
2021-08-13 07:35:00,289.33,289.33,289.17,289.17,300
2021-08-13 07:40:00,289.07,289.07,288.65,288.65,906
2021-08-13 07:50:00,289.0,289.0,288.79,288.79,1012
2021-08-13 07:55:00,288.82,288.82,288.82,288.82,217
2021-08-13 08:00:00,288.81,289.61,288.81,288.98,4676
2021-08-13 08:05:00,288.97,288.97,288.97,288.97,100
2021-08-13 08:15:00,289.0,289.0,288.99,288.99,500
2021-08-13 08:25:00,288.97,288.97,288.97,288.97,144
2021-08-13 08:40:00,289.05,289.05,289.05,289.05,100
2021-08-13 08:45:00,289.03,289.14,288.97,289.14,2161
2021-08-13 08:50:00,289.23,289.23,289.22,289.22,200
2021-08-13 08:55:00,289.25,289.25,289.25,289.25,100
2021-08-13 09:00:00,289.39,289.39,289.34,289.34,321
2021-08-13 09:05:00,289.34,289.49,289.34,289.48,3831
2021-08-13 09:10:00,289.5,289.5,289.47,289.47,1189
2021-08-13 09:15:00,289.58,289.6899,289.58,289.6899,300
2021-08-13 09:20:00,289.68,289.68,289.47,289.47,5168
2021-08-13 09:25:00,289.47,289.5,289.47,289.5,372
2021-08-13 09:30:00,289.51,290.6,289.3,290.145,571317
2021-08-13 09:35:00,290.14,290.35,289.69,289.79,239695
2021-08-13 09:40:00,289.805,290.42,289.555,290.0033,207498
2021-08-13 09:45:00,290.01,290.64,290.01,290.615,251411
2021-08-13 09:50:00,290.62,290.94,290.5773,290.88,234196
2021-08-13 09:55:00,290.88,290.91,290.395,290.615,174044
2021-08-13 10:00:00,290.63,290.87,290.2,290.7999,192157
2021-08-13 10:05:00,290.79,291.25,290.79,291.0827,189452
2021-08-13 10:10:00,291.09,291.405,290.835,291.38,180049
2021-08-13 10:15:00,291.39,291.83,291.39,291.8,248917
2021-08-13 10:20:00,291.7957,292.11,291.7901,292.07,321687
2021-08-13 10:25:00,292.06,292.18,291.364,291.48,192905
2021-08-13 10:30:00,291.475,291.8599,291.47,291.8,160417
2021-08-13 10:35:00,291.81,291.84,291.49,291.58,125292
2021-08-13 10:40:00,291.6,291.6,291.19,291.27,111759
2021-08-13 10:45:00,291.3,291.61,291.23,291.5499,131369
2021-08-13 10:50:00,291.56,291.8294,291.45,291.69,108091
2021-08-13 10:55:00,291.72,291.82,291.55,291.6832,109109
2021-08-13 11:00:00,291.69,291.96,291.6,291.89,107518
2021-08-13 11:05:00,291.92,291.93,291.52,291.77,99193
2021-08-13 11:10:00,291.7737,291.82,291.67,291.73,60715
2021-08-13 11:15:00,291.74,291.7864,291.43,291.5,143606
2021-08-13 11:20:00,291.51,291.6,291.31,291.415,117049
2021-08-13 11:25:00,291.41,291.6,291.303,291.6,67493
2021-08-13 11:30:00,291.62,291.64,291.45,291.4562,63034
2021-08-13 11:35:00,291.45,291.57,291.311,291.41,101986
2021-08-13 11:40:00,291.4,291.55,291.3616,291.41,64984
2021-08-13 11:45:00,291.38,291.405,291.05,291.0865,159986
2021-08-13 11:50:00,291.0848,291.21,291.0383,291.091,62260
2021-08-13 11:55:00,291.073,291.1126,290.87,291.01,100472
2021-08-13 12:00:00,291.0,291.1352,290.96,291.099,76801
2021-08-13 12:05:00,291.0918,291.38,291.07,291.365,86838
2021-08-13 12:10:00,291.37,291.46,291.35,291.43,63998
2021-08-13 12:15:00,291.44,291.46,291.3,291.3,48726
2021-08-13 12:20:00,291.2992,291.5,291.2625,291.37,67657
2021-08-13 12:25:00,291.36,291.42,291.272,291.37,57657
2021-08-13 12:30:00,291.37,291.37,291.17,291.2174,55475
2021-08-13 12:35:00,291.2,291.2115,291.03,291.06,59959
2021-08-13 12:40:00,291.07,291.2184,291.03,291.215,64498
2021-08-13 12:45:00,291.22,291.32,291.2,291.29,56955
2021-08-13 12:50:00,291.295,291.4782,291.29,291.4782,59028
2021-08-13 12:55:00,291.4501,291.6599,291.4501,291.6,87206
2021-08-13 13:00:00,291.595,291.71,291.57,291.685,75375
2021-08-13 13:05:00,291.69,291.695,291.59,291.62,53347
2021-08-13 13:10:00,291.63,291.71,291.6,291.63,41297
2021-08-13 13:15:00,291.62,291.69,291.59,291.64,34846
2021-08-13 13:20:00,291.6485,291.6501,291.55,291.595,49932
2021-08-13 13:25:00,291.6,291.69,291.585,291.64,33233
2021-08-13 13:30:00,291.63,291.699,291.52,291.59,50296
2021-08-13 13:35:00,291.58,291.83,291.58,291.8282,75562
2021-08-13 13:40:00,291.83,291.86,291.75,291.7943,49141
2021-08-13 13:45:00,291.79,291.92,291.74,291.797,91982
2021-08-13 13:50:00,291.79,291.83,291.73,291.77,78958
2021-08-13 13:55:00,291.775,291.8399,291.69,291.8283,58103
2021-08-13 14:00:00,291.82,291.82,291.7,291.7865,39821
2021-08-13 14:05:00,291.79,291.915,291.78,291.9,58901
2021-08-13 14:10:00,291.9001,291.9499,291.74,291.77,65242
2021-08-13 14:15:00,291.76,291.84,291.722,291.785,52300
2021-08-13 14:20:00,291.81,291.825,291.72,291.795,60854
2021-08-13 14:25:00,291.7995,291.885,291.76,291.885,98729
2021-08-13 14:30:00,291.89,291.92,291.81,291.905,62503
2021-08-13 14:35:00,291.9,291.96,291.82,291.835,64131
2021-08-13 14:40:00,291.8342,291.89,291.78,291.88,89650
2021-08-13 14:45:00,291.86,292.01,291.8,291.935,102202
2021-08-13 14:50:00,291.945,291.98,291.9,291.9732,55464
2021-08-13 14:55:00,291.9719,292.035,291.95,292.03,83540
2021-08-13 15:00:00,292.03,292.05,291.94,291.95,59871
2021-08-13 15:05:00,291.9517,292.12,291.95,292.08,92428
2021-08-13 15:10:00,292.08,292.15,292.05,292.055,89198
2021-08-13 15:15:00,292.05,292.115,291.96,292.03,93504
2021-08-13 15:20:00,292.02,292.1,292.01,292.095,57795
2021-08-13 15:25:00,292.09,292.17,292.06,292.17,76751
2021-08-13 15:30:00,292.15,292.28,292.1499,292.16,117997
2021-08-13 15:35:00,292.15,292.32,292.15,292.3199,123000
2021-08-13 15:40:00,292.315,292.39,292.285,292.335,145497
2021-08-13 15:45:00,292.33,292.6399,292.32,292.6399,215111
2021-08-13 15:50:00,292.64,292.74,292.4794,292.68,428847
2021-08-13 15:55:00,292.7,292.9,292.5201,292.86,702091
2021-08-13 16:00:00,292.85,292.89,292.8,292.8,1678249
2021-08-13 16:05:00,292.8,292.85,292.73,292.73,24424
2021-08-13 16:10:00,292.72,292.73,292.71,292.72,6294
2021-08-13 16:15:00,292.72,292.91,292.72,292.85,167144
2021-08-13 16:20:00,292.88,292.99,292.85,292.8601,5867
2021-08-13 16:25:00,292.86,292.97,292.86,292.95,1100
2021-08-13 16:30:00,292.98,293.0,292.89,293.0,7017
2021-08-13 16:35:00,292.96,293.24,292.96,293.24,200
2021-08-13 16:40:00,293.2,293.2,292.97,292.97,1596
2021-08-13 16:45:00,293.0,293.0,293.0,293.0,3118
2021-08-13 16:50:00,293.09,293.09,293.09,293.09,200
2021-08-13 16:55:00,293.02,293.02,293.0,293.0,3118
2021-08-13 17:00:00,292.97,293.05,292.85,292.87,1926
2021-08-13 17:10:00,292.88,292.88,292.88,292.88,515
2021-08-13 17:15:00,292.9,292.9,292.9,292.9,399
2021-08-13 17:20:00,292.92,292.92,292.92,292.92,125
2021-08-13 17:25:00,292.9,292.9,292.9,292.9,124
2021-08-13 17:30:00,292.97,292.97,292.97,292.97,200
2021-08-13 17:35:00,292.95,292.95,292.95,292.95,796
2021-08-13 17:40:00,292.95,292.95,292.95,292.95,100
2021-08-13 17:50:00,292.95,292.95,292.95,292.95,300
2021-08-13 17:55:00,292.96,292.96,292.96,292.96,100
2021-08-13 18:00:00,292.9501,292.9501,292.9501,292.9501,100
2021-08-13 18:05:00,292.92,292.93,292.92,292.93,400
2021-08-13 18:20:00,292.9501,292.98,292.9501,292.97,651
2021-08-13 18:25:00,292.96,292.96,292.96,292.96,122
2021-08-13 18:30:00,292.96,292.96,292.95,292.95,207
2021-08-13 18:40:00,292.91,292.91,292.9,292.9,900
2021-08-13 18:50:00,292.9,292.9,292.9,292.9,500
2021-08-13 18:55:00,292.9001,292.9001,292.9,292.9001,706
2021-08-13 19:10:00,292.95,292.95,292.95,292.95,674
2021-08-13 19:15:00,292.89,292.99,292.89,292.99,200
2021-08-13 19:20:00,292.89,292.89,292.89,292.89,200
2021-08-13 19:25:00,292.99,292.99,292.91,292.91,571
2021-08-13 19:30:00,292.99,293.0,292.99,292.99,928
2021-08-13 19:35:00,292.99,293.0,292.99,293.0,398
2021-08-13 19:40:00,293.08,293.19,293.08,293.19,700
2021-08-13 19:45:00,293.1,293.1,293.1,293.1,500
2021-08-13 19:50:00,293.1,293.11,293.1,293.1,5113
2021-08-13 19:55:00,293.1,293.15,293.1,293.1,2002
