Loading Model: level_list/m1_100/tick_list/AGM/class/models/model.h5
history_filename: history_recent/AGM/history.json
Yesterday        : 2017-09-22: OHLCV: 69.7400, 70.7700, 69.4300, 70.4300, 37350
UberYesterday    : 2017-09-21: OHLCV: 69.1000, 70.0000, 68.6500, 69.8100, 69298
[u'69.7400', u'70.7700', u'69.4300', u'70.4300', u'37350']
[u'69.1000', u'70.0000', u'68.6500', u'69.8100', u'69298']
question_base :[69.1, 70.0, 68.65, 69.81, 69.74, 70.77, 69.43, 70.43]
63.387: [69.100, 70.000, 68.650, 69.810, 69.740, 70.770, 69.430, 70.430, 63.387][0.194, 0.197, 0.609]
63.73915: [69.100, 70.000, 68.650, 69.810, 69.740, 70.770, 69.430, 70.430, 63.739][0.194, 0.197, 0.609]
64.0913: [69.100, 70.000, 68.650, 69.810, 69.740, 70.770, 69.430, 70.430, 64.091][0.194, 0.197, 0.609]
64.44345: [69.100, 70.000, 68.650, 69.810, 69.740, 70.770, 69.430, 70.430, 64.443][0.194, 0.197, 0.609]
64.7956: [69.100, 70.000, 68.650, 69.810, 69.740, 70.770, 69.430, 70.430, 64.796][0.194, 0.197, 0.609]
65.14775: [69.100, 70.000, 68.650, 69.810, 69.740, 70.770, 69.430, 70.430, 65.148][0.194, 0.197, 0.609]
65.4999: [69.100, 70.000, 68.650, 69.810, 69.740, 70.770, 69.430, 70.430, 65.500][0.194, 0.197, 0.609]
65.85205: [69.100, 70.000, 68.650, 69.810, 69.740, 70.770, 69.430, 70.430, 65.852][0.194, 0.198, 0.609]
66.2042: [69.100, 70.000, 68.650, 69.810, 69.740, 70.770, 69.430, 70.430, 66.204][0.194, 0.198, 0.609]
66.55635: [69.100, 70.000, 68.650, 69.810, 69.740, 70.770, 69.430, 70.430, 66.556][0.194, 0.198, 0.608]
66.9085: [69.100, 70.000, 68.650, 69.810, 69.740, 70.770, 69.430, 70.430, 66.908][0.194, 0.198, 0.608]
67.26065: [69.100, 70.000, 68.650, 69.810, 69.740, 70.770, 69.430, 70.430, 67.261][0.194, 0.199, 0.607]
67.6128: [69.100, 70.000, 68.650, 69.810, 69.740, 70.770, 69.430, 70.430, 67.613][0.195, 0.202, 0.603]
67.96495: [69.100, 70.000, 68.650, 69.810, 69.740, 70.770, 69.430, 70.430, 67.965][0.198, 0.222, 0.580]
68.3171: [69.100, 70.000, 68.650, 69.810, 69.740, 70.770, 69.430, 70.430, 68.317][0.279, 0.340, 0.381]
68.66925: [69.100, 70.000, 68.650, 69.810, 69.740, 70.770, 69.430, 70.430, 68.669][0.356, 0.393, 0.251]
69.0214: [69.100, 70.000, 68.650, 69.810, 69.740, 70.770, 69.430, 70.430, 69.021][0.343, 0.401, 0.256]
69.37355: [69.100, 70.000, 68.650, 69.810, 69.740, 70.770, 69.430, 70.430, 69.374][0.357, 0.395, 0.248]
69.7257: [69.100, 70.000, 68.650, 69.810, 69.740, 70.770, 69.430, 70.430, 69.726][0.391, 0.378, 0.231]
70.07785: [69.100, 70.000, 68.650, 69.810, 69.740, 70.770, 69.430, 70.430, 70.078][0.449, 0.344, 0.207]
70.43: [69.100, 70.000, 68.650, 69.810, 69.740, 70.770, 69.430, 70.430, 70.430][0.528, 0.295, 0.178]
70.78215: [69.100, 70.000, 68.650, 69.810, 69.740, 70.770, 69.430, 70.430, 70.782][0.611, 0.241, 0.148]
71.1343: [69.100, 70.000, 68.650, 69.810, 69.740, 70.770, 69.430, 70.430, 71.134][0.680, 0.197, 0.123]
71.48645: [69.100, 70.000, 68.650, 69.810, 69.740, 70.770, 69.430, 70.430, 71.486][0.729, 0.166, 0.105]
71.8386: [69.100, 70.000, 68.650, 69.810, 69.740, 70.770, 69.430, 70.430, 71.839][0.760, 0.146, 0.094]
72.19075: [69.100, 70.000, 68.650, 69.810, 69.740, 70.770, 69.430, 70.430, 72.191][0.780, 0.133, 0.086]
72.5429: [69.100, 70.000, 68.650, 69.810, 69.740, 70.770, 69.430, 70.430, 72.543][0.793, 0.126, 0.081]
72.89505: [69.100, 70.000, 68.650, 69.810, 69.740, 70.770, 69.430, 70.430, 72.895][0.801, 0.121, 0.079]
73.2472: [69.100, 70.000, 68.650, 69.810, 69.740, 70.770, 69.430, 70.430, 73.247][0.806, 0.118, 0.077]
73.59935: [69.100, 70.000, 68.650, 69.810, 69.740, 70.770, 69.430, 70.430, 73.599][0.809, 0.116, 0.076]
73.9515: [69.100, 70.000, 68.650, 69.810, 69.740, 70.770, 69.430, 70.430, 73.951][0.811, 0.115, 0.075]
74.30365: [69.100, 70.000, 68.650, 69.810, 69.740, 70.770, 69.430, 70.430, 74.304][0.812, 0.114, 0.074]
74.6558: [69.100, 70.000, 68.650, 69.810, 69.740, 70.770, 69.430, 70.430, 74.656][0.812, 0.113, 0.074]
75.00795: [69.100, 70.000, 68.650, 69.810, 69.740, 70.770, 69.430, 70.430, 75.008][0.813, 0.113, 0.074]
75.3601: [69.100, 70.000, 68.650, 69.810, 69.740, 70.770, 69.430, 70.430, 75.360][0.813, 0.113, 0.074]
75.71225: [69.100, 70.000, 68.650, 69.810, 69.740, 70.770, 69.430, 70.430, 75.712][0.813, 0.113, 0.074]
76.0644: [69.100, 70.000, 68.650, 69.810, 69.740, 70.770, 69.430, 70.430, 76.064][0.814, 0.113, 0.074]
76.41655: [69.100, 70.000, 68.650, 69.810, 69.740, 70.770, 69.430, 70.430, 76.417][0.814, 0.113, 0.074]
76.7687: [69.100, 70.000, 68.650, 69.810, 69.740, 70.770, 69.430, 70.430, 76.769][0.814, 0.113, 0.074]
77.12085: [69.100, 70.000, 68.650, 69.810, 69.740, 70.770, 69.430, 70.430, 77.121][0.814, 0.113, 0.074]
77.473: [69.100, 70.000, 68.650, 69.810, 69.740, 70.770, 69.430, 70.430, 77.473][0.814, 0.113, 0.074]
