Loading Model: level_list/m1_100/tick_list/APOG/class/models/model.h5
history_filename: history_recent/APOG/history.json
Yesterday        : 2017-09-22: OHLCV: 46.0900, 46.8300, 45.6100, 46.5100, 452578
UberYesterday    : 2017-09-21: OHLCV: 44.8300, 46.4500, 44.5000, 46.0900, 380636
[u'46.0900', u'46.8300', u'45.6100', u'46.5100', u'452578']
[u'44.8300', u'46.4500', u'44.5000', u'46.0900', u'380636']
question_base :[44.83, 46.45, 44.5, 46.09, 46.09, 46.83, 45.61, 46.51]
41.859: [44.830, 46.450, 44.500, 46.090, 46.090, 46.830, 45.610, 46.510, 41.859][0.011, 0.006, 0.983]
42.09155: [44.830, 46.450, 44.500, 46.090, 46.090, 46.830, 45.610, 46.510, 42.092][0.011, 0.006, 0.983]
42.3241: [44.830, 46.450, 44.500, 46.090, 46.090, 46.830, 45.610, 46.510, 42.324][0.011, 0.006, 0.982]
42.55665: [44.830, 46.450, 44.500, 46.090, 46.090, 46.830, 45.610, 46.510, 42.557][0.011, 0.006, 0.982]
42.7892: [44.830, 46.450, 44.500, 46.090, 46.090, 46.830, 45.610, 46.510, 42.789][0.012, 0.007, 0.982]
43.02175: [44.830, 46.450, 44.500, 46.090, 46.090, 46.830, 45.610, 46.510, 43.022][0.012, 0.007, 0.981]
43.2543: [44.830, 46.450, 44.500, 46.090, 46.090, 46.830, 45.610, 46.510, 43.254][0.013, 0.007, 0.980]
43.48685: [44.830, 46.450, 44.500, 46.090, 46.090, 46.830, 45.610, 46.510, 43.487][0.014, 0.008, 0.978]
43.7194: [44.830, 46.450, 44.500, 46.090, 46.090, 46.830, 45.610, 46.510, 43.719][0.016, 0.010, 0.974]
43.95195: [44.830, 46.450, 44.500, 46.090, 46.090, 46.830, 45.610, 46.510, 43.952][0.019, 0.013, 0.967]
44.1845: [44.830, 46.450, 44.500, 46.090, 46.090, 46.830, 45.610, 46.510, 44.185][0.029, 0.023, 0.948]
44.41705: [44.830, 46.450, 44.500, 46.090, 46.090, 46.830, 45.610, 46.510, 44.417][0.058, 0.062, 0.879]
44.6496: [44.830, 46.450, 44.500, 46.090, 46.090, 46.830, 45.610, 46.510, 44.650][0.143, 0.234, 0.623]
44.88215: [44.830, 46.450, 44.500, 46.090, 46.090, 46.830, 45.610, 46.510, 44.882][0.243, 0.464, 0.293]
45.1147: [44.830, 46.450, 44.500, 46.090, 46.090, 46.830, 45.610, 46.510, 45.115][0.412, 0.440, 0.147]
45.34725: [44.830, 46.450, 44.500, 46.090, 46.090, 46.830, 45.610, 46.510, 45.347][0.522, 0.375, 0.102]
45.5798: [44.830, 46.450, 44.500, 46.090, 46.090, 46.830, 45.610, 46.510, 45.580][0.550, 0.357, 0.093]
45.81235: [44.830, 46.450, 44.500, 46.090, 46.090, 46.830, 45.610, 46.510, 45.812][0.557, 0.352, 0.091]
46.0449: [44.830, 46.450, 44.500, 46.090, 46.090, 46.830, 45.610, 46.510, 46.045][0.560, 0.351, 0.090]
46.27745: [44.830, 46.450, 44.500, 46.090, 46.090, 46.830, 45.610, 46.510, 46.277][0.560, 0.350, 0.090]
46.51: [44.830, 46.450, 44.500, 46.090, 46.090, 46.830, 45.610, 46.510, 46.510][0.561, 0.350, 0.090]
46.74255: [44.830, 46.450, 44.500, 46.090, 46.090, 46.830, 45.610, 46.510, 46.743][0.561, 0.350, 0.090]
46.9751: [44.830, 46.450, 44.500, 46.090, 46.090, 46.830, 45.610, 46.510, 46.975][0.561, 0.349, 0.089]
47.20765: [44.830, 46.450, 44.500, 46.090, 46.090, 46.830, 45.610, 46.510, 47.208][0.561, 0.349, 0.089]
47.4402: [44.830, 46.450, 44.500, 46.090, 46.090, 46.830, 45.610, 46.510, 47.440][0.561, 0.349, 0.089]
47.67275: [44.830, 46.450, 44.500, 46.090, 46.090, 46.830, 45.610, 46.510, 47.673][0.561, 0.349, 0.089]
47.9053: [44.830, 46.450, 44.500, 46.090, 46.090, 46.830, 45.610, 46.510, 47.905][0.561, 0.349, 0.089]
48.13785: [44.830, 46.450, 44.500, 46.090, 46.090, 46.830, 45.610, 46.510, 48.138][0.561, 0.349, 0.089]
48.3704: [44.830, 46.450, 44.500, 46.090, 46.090, 46.830, 45.610, 46.510, 48.370][0.561, 0.349, 0.089]
48.60295: [44.830, 46.450, 44.500, 46.090, 46.090, 46.830, 45.610, 46.510, 48.603][0.561, 0.349, 0.089]
48.8355: [44.830, 46.450, 44.500, 46.090, 46.090, 46.830, 45.610, 46.510, 48.836][0.561, 0.349, 0.089]
49.06805: [44.830, 46.450, 44.500, 46.090, 46.090, 46.830, 45.610, 46.510, 49.068][0.561, 0.349, 0.089]
49.3006: [44.830, 46.450, 44.500, 46.090, 46.090, 46.830, 45.610, 46.510, 49.301][0.561, 0.349, 0.089]
49.53315: [44.830, 46.450, 44.500, 46.090, 46.090, 46.830, 45.610, 46.510, 49.533][0.561, 0.349, 0.089]
49.7657: [44.830, 46.450, 44.500, 46.090, 46.090, 46.830, 45.610, 46.510, 49.766][0.561, 0.349, 0.089]
49.99825: [44.830, 46.450, 44.500, 46.090, 46.090, 46.830, 45.610, 46.510, 49.998][0.561, 0.349, 0.089]
50.2308: [44.830, 46.450, 44.500, 46.090, 46.090, 46.830, 45.610, 46.510, 50.231][0.561, 0.349, 0.089]
50.46335: [44.830, 46.450, 44.500, 46.090, 46.090, 46.830, 45.610, 46.510, 50.463][0.561, 0.349, 0.089]
50.6959: [44.830, 46.450, 44.500, 46.090, 46.090, 46.830, 45.610, 46.510, 50.696][0.561, 0.349, 0.089]
50.92845: [44.830, 46.450, 44.500, 46.090, 46.090, 46.830, 45.610, 46.510, 50.928][0.561, 0.349, 0.089]
