Loading Model: level_list/m1_100/tick_list/ATW/class/models/model.h5
history_filename: history_recent/ATW/history.json
Yesterday        : 2017-09-22: OHLCV: 7.6500, 8.4100, 7.6500, 8.1100, 18833945
UberYesterday    : 2017-09-21: OHLCV: 8.5800, 8.6700, 7.9000, 8.0500, 5566126
[u'7.6500', u'8.4100', u'7.6500', u'8.1100', u'18833945']
[u'8.5800', u'8.6700', u'7.9000', u'8.0500', u'5566126']
question_base :[8.58, 8.67, 7.9, 8.05, 7.65, 8.41, 7.65, 8.11]
7.299: [8.580, 8.670, 7.900, 8.050, 7.650, 8.410, 7.650, 8.110, 7.299][0.059, 0.124, 0.817]
7.33955: [8.580, 8.670, 7.900, 8.050, 7.650, 8.410, 7.650, 8.110, 7.340][0.059, 0.124, 0.817]
7.3801: [8.580, 8.670, 7.900, 8.050, 7.650, 8.410, 7.650, 8.110, 7.380][0.059, 0.125, 0.816]
7.42065: [8.580, 8.670, 7.900, 8.050, 7.650, 8.410, 7.650, 8.110, 7.421][0.059, 0.125, 0.816]
7.4612: [8.580, 8.670, 7.900, 8.050, 7.650, 8.410, 7.650, 8.110, 7.461][0.059, 0.125, 0.816]
7.50175: [8.580, 8.670, 7.900, 8.050, 7.650, 8.410, 7.650, 8.110, 7.502][0.059, 0.125, 0.815]
7.5423: [8.580, 8.670, 7.900, 8.050, 7.650, 8.410, 7.650, 8.110, 7.542][0.060, 0.126, 0.815]
7.58285: [8.580, 8.670, 7.900, 8.050, 7.650, 8.410, 7.650, 8.110, 7.583][0.060, 0.126, 0.814]
7.6234: [8.580, 8.670, 7.900, 8.050, 7.650, 8.410, 7.650, 8.110, 7.623][0.060, 0.127, 0.813]
7.66395: [8.580, 8.670, 7.900, 8.050, 7.650, 8.410, 7.650, 8.110, 7.664][0.060, 0.127, 0.813]
7.7045: [8.580, 8.670, 7.900, 8.050, 7.650, 8.410, 7.650, 8.110, 7.704][0.060, 0.128, 0.812]
7.74505: [8.580, 8.670, 7.900, 8.050, 7.650, 8.410, 7.650, 8.110, 7.745][0.061, 0.128, 0.811]
7.7856: [8.580, 8.670, 7.900, 8.050, 7.650, 8.410, 7.650, 8.110, 7.786][0.061, 0.129, 0.810]
7.82615: [8.580, 8.670, 7.900, 8.050, 7.650, 8.410, 7.650, 8.110, 7.826][0.061, 0.129, 0.810]
7.8667: [8.580, 8.670, 7.900, 8.050, 7.650, 8.410, 7.650, 8.110, 7.867][0.061, 0.130, 0.809]
7.90725: [8.580, 8.670, 7.900, 8.050, 7.650, 8.410, 7.650, 8.110, 7.907][0.062, 0.131, 0.807]
7.9478: [8.580, 8.670, 7.900, 8.050, 7.650, 8.410, 7.650, 8.110, 7.948][0.062, 0.132, 0.806]
7.98835: [8.580, 8.670, 7.900, 8.050, 7.650, 8.410, 7.650, 8.110, 7.988][0.062, 0.133, 0.805]
8.0289: [8.580, 8.670, 7.900, 8.050, 7.650, 8.410, 7.650, 8.110, 8.029][0.063, 0.134, 0.804]
8.06945: [8.580, 8.670, 7.900, 8.050, 7.650, 8.410, 7.650, 8.110, 8.069][0.063, 0.135, 0.802]
8.11: [8.580, 8.670, 7.900, 8.050, 7.650, 8.410, 7.650, 8.110, 8.110][0.064, 0.136, 0.801]
8.15055: [8.580, 8.670, 7.900, 8.050, 7.650, 8.410, 7.650, 8.110, 8.151][0.064, 0.137, 0.799]
8.1911: [8.580, 8.670, 7.900, 8.050, 7.650, 8.410, 7.650, 8.110, 8.191][0.065, 0.138, 0.797]
8.23165: [8.580, 8.670, 7.900, 8.050, 7.650, 8.410, 7.650, 8.110, 8.232][0.065, 0.140, 0.795]
8.2722: [8.580, 8.670, 7.900, 8.050, 7.650, 8.410, 7.650, 8.110, 8.272][0.066, 0.141, 0.793]
8.31275: [8.580, 8.670, 7.900, 8.050, 7.650, 8.410, 7.650, 8.110, 8.313][0.067, 0.143, 0.790]
8.3533: [8.580, 8.670, 7.900, 8.050, 7.650, 8.410, 7.650, 8.110, 8.353][0.068, 0.145, 0.787]
8.39385: [8.580, 8.670, 7.900, 8.050, 7.650, 8.410, 7.650, 8.110, 8.394][0.069, 0.147, 0.785]
8.4344: [8.580, 8.670, 7.900, 8.050, 7.650, 8.410, 7.650, 8.110, 8.434][0.070, 0.149, 0.781]
8.47495: [8.580, 8.670, 7.900, 8.050, 7.650, 8.410, 7.650, 8.110, 8.475][0.071, 0.151, 0.778]
8.5155: [8.580, 8.670, 7.900, 8.050, 7.650, 8.410, 7.650, 8.110, 8.515][0.072, 0.154, 0.774]
8.55605: [8.580, 8.670, 7.900, 8.050, 7.650, 8.410, 7.650, 8.110, 8.556][0.073, 0.156, 0.770]
8.5966: [8.580, 8.670, 7.900, 8.050, 7.650, 8.410, 7.650, 8.110, 8.597][0.075, 0.159, 0.766]
8.63715: [8.580, 8.670, 7.900, 8.050, 7.650, 8.410, 7.650, 8.110, 8.637][0.076, 0.162, 0.761]
8.6777: [8.580, 8.670, 7.900, 8.050, 7.650, 8.410, 7.650, 8.110, 8.678][0.078, 0.166, 0.756]
8.71825: [8.580, 8.670, 7.900, 8.050, 7.650, 8.410, 7.650, 8.110, 8.718][0.080, 0.169, 0.751]
8.7588: [8.580, 8.670, 7.900, 8.050, 7.650, 8.410, 7.650, 8.110, 8.759][0.082, 0.173, 0.745]
8.79935: [8.580, 8.670, 7.900, 8.050, 7.650, 8.410, 7.650, 8.110, 8.799][0.084, 0.177, 0.739]
8.8399: [8.580, 8.670, 7.900, 8.050, 7.650, 8.410, 7.650, 8.110, 8.840][0.086, 0.181, 0.732]
8.88045: [8.580, 8.670, 7.900, 8.050, 7.650, 8.410, 7.650, 8.110, 8.880][0.089, 0.186, 0.725]
8.921: [8.580, 8.670, 7.900, 8.050, 7.650, 8.410, 7.650, 8.110, 8.921][0.092, 0.191, 0.717]
