Loading Model: level_list/m1_100/tick_list/FLIR/class/models/model.h5
history_filename: history_recent/FLIR/history.json
Yesterday        : 2017-09-22: OHLCV: 39.5100, 39.5100, 39.1700, 39.2100, 988443
UberYesterday    : 2017-09-21: OHLCV: 39.7400, 39.8000, 39.1400, 39.5100, 1162712
[u'39.5100', u'39.5100', u'39.1700', u'39.2100', u'988443']
[u'39.7400', u'39.8000', u'39.1400', u'39.5100', u'1162712']
question_base :[39.74, 39.8, 39.14, 39.51, 39.51, 39.51, 39.17, 39.21]
35.289: [39.740, 39.800, 39.140, 39.510, 39.510, 39.510, 39.170, 39.210, 35.289][0.150, 0.313, 0.536]
35.48505: [39.740, 39.800, 39.140, 39.510, 39.510, 39.510, 39.170, 39.210, 35.485][0.150, 0.313, 0.537]
35.6811: [39.740, 39.800, 39.140, 39.510, 39.510, 39.510, 39.170, 39.210, 35.681][0.150, 0.312, 0.538]
35.87715: [39.740, 39.800, 39.140, 39.510, 39.510, 39.510, 39.170, 39.210, 35.877][0.149, 0.312, 0.539]
36.0732: [39.740, 39.800, 39.140, 39.510, 39.510, 39.510, 39.170, 39.210, 36.073][0.149, 0.310, 0.541]
36.26925: [39.740, 39.800, 39.140, 39.510, 39.510, 39.510, 39.170, 39.210, 36.269][0.148, 0.309, 0.542]
36.4653: [39.740, 39.800, 39.140, 39.510, 39.510, 39.510, 39.170, 39.210, 36.465][0.148, 0.308, 0.545]
36.66135: [39.740, 39.800, 39.140, 39.510, 39.510, 39.510, 39.170, 39.210, 36.661][0.147, 0.305, 0.548]
36.8574: [39.740, 39.800, 39.140, 39.510, 39.510, 39.510, 39.170, 39.210, 36.857][0.146, 0.303, 0.552]
37.05345: [39.740, 39.800, 39.140, 39.510, 39.510, 39.510, 39.170, 39.210, 37.053][0.144, 0.300, 0.556]
37.2495: [39.740, 39.800, 39.140, 39.510, 39.510, 39.510, 39.170, 39.210, 37.249][0.143, 0.296, 0.561]
37.44555: [39.740, 39.800, 39.140, 39.510, 39.510, 39.510, 39.170, 39.210, 37.446][0.141, 0.293, 0.566]
37.6416: [39.740, 39.800, 39.140, 39.510, 39.510, 39.510, 39.170, 39.210, 37.642][0.141, 0.291, 0.569]
37.83765: [39.740, 39.800, 39.140, 39.510, 39.510, 39.510, 39.170, 39.210, 37.838][0.142, 0.293, 0.565]
38.0337: [39.740, 39.800, 39.140, 39.510, 39.510, 39.510, 39.170, 39.210, 38.034][0.149, 0.306, 0.545]
38.22975: [39.740, 39.800, 39.140, 39.510, 39.510, 39.510, 39.170, 39.210, 38.230][0.171, 0.344, 0.485]
38.4258: [39.740, 39.800, 39.140, 39.510, 39.510, 39.510, 39.170, 39.210, 38.426][0.218, 0.416, 0.366]
38.62185: [39.740, 39.800, 39.140, 39.510, 39.510, 39.510, 39.170, 39.210, 38.622][0.281, 0.461, 0.258]
38.8179: [39.740, 39.800, 39.140, 39.510, 39.510, 39.510, 39.170, 39.210, 38.818][0.349, 0.440, 0.211]
39.01395: [39.740, 39.800, 39.140, 39.510, 39.510, 39.510, 39.170, 39.210, 39.014][0.396, 0.412, 0.192]
39.21: [39.740, 39.800, 39.140, 39.510, 39.510, 39.510, 39.170, 39.210, 39.210][0.408, 0.404, 0.188]
39.40605: [39.740, 39.800, 39.140, 39.510, 39.510, 39.510, 39.170, 39.210, 39.406][0.404, 0.408, 0.189]
39.6021: [39.740, 39.800, 39.140, 39.510, 39.510, 39.510, 39.170, 39.210, 39.602][0.396, 0.414, 0.191]
39.79815: [39.740, 39.800, 39.140, 39.510, 39.510, 39.510, 39.170, 39.210, 39.798][0.389, 0.418, 0.192]
39.9942: [39.740, 39.800, 39.140, 39.510, 39.510, 39.510, 39.170, 39.210, 39.994][0.384, 0.422, 0.194]
40.19025: [39.740, 39.800, 39.140, 39.510, 39.510, 39.510, 39.170, 39.210, 40.190][0.380, 0.425, 0.195]
40.3863: [39.740, 39.800, 39.140, 39.510, 39.510, 39.510, 39.170, 39.210, 40.386][0.378, 0.427, 0.196]
40.58235: [39.740, 39.800, 39.140, 39.510, 39.510, 39.510, 39.170, 39.210, 40.582][0.376, 0.428, 0.196]
40.7784: [39.740, 39.800, 39.140, 39.510, 39.510, 39.510, 39.170, 39.210, 40.778][0.375, 0.429, 0.196]
40.97445: [39.740, 39.800, 39.140, 39.510, 39.510, 39.510, 39.170, 39.210, 40.974][0.374, 0.430, 0.197]
41.1705: [39.740, 39.800, 39.140, 39.510, 39.510, 39.510, 39.170, 39.210, 41.170][0.373, 0.430, 0.197]
41.36655: [39.740, 39.800, 39.140, 39.510, 39.510, 39.510, 39.170, 39.210, 41.367][0.373, 0.430, 0.197]
41.5626: [39.740, 39.800, 39.140, 39.510, 39.510, 39.510, 39.170, 39.210, 41.563][0.372, 0.431, 0.197]
41.75865: [39.740, 39.800, 39.140, 39.510, 39.510, 39.510, 39.170, 39.210, 41.759][0.372, 0.431, 0.197]
41.9547: [39.740, 39.800, 39.140, 39.510, 39.510, 39.510, 39.170, 39.210, 41.955][0.372, 0.431, 0.197]
42.15075: [39.740, 39.800, 39.140, 39.510, 39.510, 39.510, 39.170, 39.210, 42.151][0.372, 0.431, 0.197]
42.3468: [39.740, 39.800, 39.140, 39.510, 39.510, 39.510, 39.170, 39.210, 42.347][0.372, 0.431, 0.197]
42.54285: [39.740, 39.800, 39.140, 39.510, 39.510, 39.510, 39.170, 39.210, 42.543][0.371, 0.431, 0.197]
42.7389: [39.740, 39.800, 39.140, 39.510, 39.510, 39.510, 39.170, 39.210, 42.739][0.371, 0.431, 0.197]
42.93495: [39.740, 39.800, 39.140, 39.510, 39.510, 39.510, 39.170, 39.210, 42.935][0.371, 0.431, 0.197]
43.131: [39.740, 39.800, 39.140, 39.510, 39.510, 39.510, 39.170, 39.210, 43.131][0.371, 0.431, 0.197]
