Loading Model: level_list/m1_100/tick_list/INSY/class/models/model.h5
history_filename: history_recent/INSY/history.json
Yesterday        : 2017-09-22: OHLCV: 8.8600, 9.0000, 8.7200, 8.8100, 381956
UberYesterday    : 2017-09-21: OHLCV: 8.9000, 9.0400, 8.8100, 8.8700, 236854
[u'8.8600', u'9.0000', u'8.7200', u'8.8100', u'381956']
[u'8.9000', u'9.0400', u'8.8100', u'8.8700', u'236854']
question_base :[8.9, 9.04, 8.81, 8.87, 8.86, 9.0, 8.72, 8.81]
7.929: [8.900, 9.040, 8.810, 8.870, 8.860, 9.000, 8.720, 8.810, 7.929][0.333, 0.400, 0.267]
7.97305: [8.900, 9.040, 8.810, 8.870, 8.860, 9.000, 8.720, 8.810, 7.973][0.333, 0.400, 0.267]
8.0171: [8.900, 9.040, 8.810, 8.870, 8.860, 9.000, 8.720, 8.810, 8.017][0.333, 0.400, 0.267]
8.06115: [8.900, 9.040, 8.810, 8.870, 8.860, 9.000, 8.720, 8.810, 8.061][0.333, 0.400, 0.267]
8.1052: [8.900, 9.040, 8.810, 8.870, 8.860, 9.000, 8.720, 8.810, 8.105][0.333, 0.400, 0.267]
8.14925: [8.900, 9.040, 8.810, 8.870, 8.860, 9.000, 8.720, 8.810, 8.149][0.333, 0.400, 0.267]
8.1933: [8.900, 9.040, 8.810, 8.870, 8.860, 9.000, 8.720, 8.810, 8.193][0.333, 0.400, 0.267]
8.23735: [8.900, 9.040, 8.810, 8.870, 8.860, 9.000, 8.720, 8.810, 8.237][0.333, 0.400, 0.267]
8.2814: [8.900, 9.040, 8.810, 8.870, 8.860, 9.000, 8.720, 8.810, 8.281][0.333, 0.400, 0.267]
8.32545: [8.900, 9.040, 8.810, 8.870, 8.860, 9.000, 8.720, 8.810, 8.325][0.333, 0.400, 0.267]
8.3695: [8.900, 9.040, 8.810, 8.870, 8.860, 9.000, 8.720, 8.810, 8.370][0.333, 0.400, 0.267]
8.41355: [8.900, 9.040, 8.810, 8.870, 8.860, 9.000, 8.720, 8.810, 8.414][0.333, 0.400, 0.267]
8.4576: [8.900, 9.040, 8.810, 8.870, 8.860, 9.000, 8.720, 8.810, 8.458][0.333, 0.400, 0.267]
8.50165: [8.900, 9.040, 8.810, 8.870, 8.860, 9.000, 8.720, 8.810, 8.502][0.333, 0.400, 0.267]
8.5457: [8.900, 9.040, 8.810, 8.870, 8.860, 9.000, 8.720, 8.810, 8.546][0.333, 0.400, 0.267]
8.58975: [8.900, 9.040, 8.810, 8.870, 8.860, 9.000, 8.720, 8.810, 8.590][0.333, 0.400, 0.267]
8.6338: [8.900, 9.040, 8.810, 8.870, 8.860, 9.000, 8.720, 8.810, 8.634][0.333, 0.400, 0.267]
8.67785: [8.900, 9.040, 8.810, 8.870, 8.860, 9.000, 8.720, 8.810, 8.678][0.333, 0.400, 0.267]
8.7219: [8.900, 9.040, 8.810, 8.870, 8.860, 9.000, 8.720, 8.810, 8.722][0.333, 0.400, 0.267]
8.76595: [8.900, 9.040, 8.810, 8.870, 8.860, 9.000, 8.720, 8.810, 8.766][0.333, 0.400, 0.267]
8.81: [8.900, 9.040, 8.810, 8.870, 8.860, 9.000, 8.720, 8.810, 8.810][0.333, 0.400, 0.267]
8.85405: [8.900, 9.040, 8.810, 8.870, 8.860, 9.000, 8.720, 8.810, 8.854][0.333, 0.400, 0.267]
8.8981: [8.900, 9.040, 8.810, 8.870, 8.860, 9.000, 8.720, 8.810, 8.898][0.333, 0.400, 0.267]
8.94215: [8.900, 9.040, 8.810, 8.870, 8.860, 9.000, 8.720, 8.810, 8.942][0.333, 0.400, 0.267]
8.9862: [8.900, 9.040, 8.810, 8.870, 8.860, 9.000, 8.720, 8.810, 8.986][0.333, 0.400, 0.267]
9.03025: [8.900, 9.040, 8.810, 8.870, 8.860, 9.000, 8.720, 8.810, 9.030][0.333, 0.400, 0.267]
9.0743: [8.900, 9.040, 8.810, 8.870, 8.860, 9.000, 8.720, 8.810, 9.074][0.333, 0.400, 0.267]
9.11835: [8.900, 9.040, 8.810, 8.870, 8.860, 9.000, 8.720, 8.810, 9.118][0.333, 0.400, 0.267]
9.1624: [8.900, 9.040, 8.810, 8.870, 8.860, 9.000, 8.720, 8.810, 9.162][0.333, 0.400, 0.267]
9.20645: [8.900, 9.040, 8.810, 8.870, 8.860, 9.000, 8.720, 8.810, 9.206][0.333, 0.400, 0.267]
9.2505: [8.900, 9.040, 8.810, 8.870, 8.860, 9.000, 8.720, 8.810, 9.251][0.333, 0.400, 0.267]
9.29455: [8.900, 9.040, 8.810, 8.870, 8.860, 9.000, 8.720, 8.810, 9.295][0.333, 0.400, 0.267]
9.3386: [8.900, 9.040, 8.810, 8.870, 8.860, 9.000, 8.720, 8.810, 9.339][0.333, 0.400, 0.267]
9.38265: [8.900, 9.040, 8.810, 8.870, 8.860, 9.000, 8.720, 8.810, 9.383][0.333, 0.400, 0.267]
9.4267: [8.900, 9.040, 8.810, 8.870, 8.860, 9.000, 8.720, 8.810, 9.427][0.333, 0.400, 0.267]
9.47075: [8.900, 9.040, 8.810, 8.870, 8.860, 9.000, 8.720, 8.810, 9.471][0.333, 0.400, 0.267]
9.5148: [8.900, 9.040, 8.810, 8.870, 8.860, 9.000, 8.720, 8.810, 9.515][0.333, 0.400, 0.267]
9.55885: [8.900, 9.040, 8.810, 8.870, 8.860, 9.000, 8.720, 8.810, 9.559][0.333, 0.400, 0.267]
9.6029: [8.900, 9.040, 8.810, 8.870, 8.860, 9.000, 8.720, 8.810, 9.603][0.333, 0.400, 0.267]
9.64695: [8.900, 9.040, 8.810, 8.870, 8.860, 9.000, 8.720, 8.810, 9.647][0.333, 0.400, 0.267]
