Loading Model: level_list/m1_100/tick_list/XONE/class/models/model.h5
history_filename: history_recent/XONE/history.json
Yesterday        : 2017-09-22: OHLCV: 10.2500, 10.3600, 10.1600, 10.2800, 116483
UberYesterday    : 2017-09-21: OHLCV: 10.3300, 10.3400, 9.9900, 10.2900, 135872
[u'10.2500', u'10.3600', u'10.1600', u'10.2800', u'116483']
[u'10.3300', u'10.3400', u'9.9900', u'10.2900', u'135872']
question_base :[10.33, 10.34, 9.99, 10.29, 10.25, 10.36, 10.16, 10.28]
9.252: [10.330, 10.340, 9.990, 10.290, 10.250, 10.360, 10.160, 10.280, 9.252][0.119, 0.170, 0.712]
9.3034: [10.330, 10.340, 9.990, 10.290, 10.250, 10.360, 10.160, 10.280, 9.303][0.119, 0.170, 0.712]
9.3548: [10.330, 10.340, 9.990, 10.290, 10.250, 10.360, 10.160, 10.280, 9.355][0.119, 0.170, 0.712]
9.4062: [10.330, 10.340, 9.990, 10.290, 10.250, 10.360, 10.160, 10.280, 9.406][0.119, 0.170, 0.712]
9.4576: [10.330, 10.340, 9.990, 10.290, 10.250, 10.360, 10.160, 10.280, 9.458][0.119, 0.170, 0.712]
9.509: [10.330, 10.340, 9.990, 10.290, 10.250, 10.360, 10.160, 10.280, 9.509][0.119, 0.170, 0.712]
9.5604: [10.330, 10.340, 9.990, 10.290, 10.250, 10.360, 10.160, 10.280, 9.560][0.119, 0.170, 0.712]
9.6118: [10.330, 10.340, 9.990, 10.290, 10.250, 10.360, 10.160, 10.280, 9.612][0.118, 0.170, 0.712]
9.6632: [10.330, 10.340, 9.990, 10.290, 10.250, 10.360, 10.160, 10.280, 9.663][0.118, 0.170, 0.712]
9.7146: [10.330, 10.340, 9.990, 10.290, 10.250, 10.360, 10.160, 10.280, 9.715][0.118, 0.170, 0.712]
9.766: [10.330, 10.340, 9.990, 10.290, 10.250, 10.360, 10.160, 10.280, 9.766][0.117, 0.173, 0.710]
9.8174: [10.330, 10.340, 9.990, 10.290, 10.250, 10.360, 10.160, 10.280, 9.817][0.110, 0.191, 0.700]
9.8688: [10.330, 10.340, 9.990, 10.290, 10.250, 10.360, 10.160, 10.280, 9.869][0.080, 0.335, 0.585]
9.9202: [10.330, 10.340, 9.990, 10.290, 10.250, 10.360, 10.160, 10.280, 9.920][0.072, 0.584, 0.344]
9.9716: [10.330, 10.340, 9.990, 10.290, 10.250, 10.360, 10.160, 10.280, 9.972][0.134, 0.557, 0.309]
10.023: [10.330, 10.340, 9.990, 10.290, 10.250, 10.360, 10.160, 10.280, 10.023][0.216, 0.477, 0.307]
10.0744: [10.330, 10.340, 9.990, 10.290, 10.250, 10.360, 10.160, 10.280, 10.074][0.280, 0.420, 0.300]
10.1258: [10.330, 10.340, 9.990, 10.290, 10.250, 10.360, 10.160, 10.280, 10.126][0.323, 0.384, 0.293]
10.1772: [10.330, 10.340, 9.990, 10.290, 10.250, 10.360, 10.160, 10.280, 10.177][0.350, 0.362, 0.288]
10.2286: [10.330, 10.340, 9.990, 10.290, 10.250, 10.360, 10.160, 10.280, 10.229][0.368, 0.348, 0.284]
10.28: [10.330, 10.340, 9.990, 10.290, 10.250, 10.360, 10.160, 10.280, 10.280][0.380, 0.339, 0.281]
10.3314: [10.330, 10.340, 9.990, 10.290, 10.250, 10.360, 10.160, 10.280, 10.331][0.389, 0.332, 0.279]
10.3828: [10.330, 10.340, 9.990, 10.290, 10.250, 10.360, 10.160, 10.280, 10.383][0.395, 0.327, 0.278]
10.4342: [10.330, 10.340, 9.990, 10.290, 10.250, 10.360, 10.160, 10.280, 10.434][0.400, 0.324, 0.276]
10.4856: [10.330, 10.340, 9.990, 10.290, 10.250, 10.360, 10.160, 10.280, 10.486][0.403, 0.321, 0.275]
10.537: [10.330, 10.340, 9.990, 10.290, 10.250, 10.360, 10.160, 10.280, 10.537][0.406, 0.319, 0.275]
10.5884: [10.330, 10.340, 9.990, 10.290, 10.250, 10.360, 10.160, 10.280, 10.588][0.409, 0.317, 0.274]
10.6398: [10.330, 10.340, 9.990, 10.290, 10.250, 10.360, 10.160, 10.280, 10.640][0.411, 0.316, 0.274]
10.6912: [10.330, 10.340, 9.990, 10.290, 10.250, 10.360, 10.160, 10.280, 10.691][0.412, 0.315, 0.273]
10.7426: [10.330, 10.340, 9.990, 10.290, 10.250, 10.360, 10.160, 10.280, 10.743][0.414, 0.313, 0.273]
10.794: [10.330, 10.340, 9.990, 10.290, 10.250, 10.360, 10.160, 10.280, 10.794][0.415, 0.313, 0.272]
10.8454: [10.330, 10.340, 9.990, 10.290, 10.250, 10.360, 10.160, 10.280, 10.845][0.416, 0.312, 0.272]
10.8968: [10.330, 10.340, 9.990, 10.290, 10.250, 10.360, 10.160, 10.280, 10.897][0.417, 0.311, 0.272]
10.9482: [10.330, 10.340, 9.990, 10.290, 10.250, 10.360, 10.160, 10.280, 10.948][0.418, 0.311, 0.272]
10.9996: [10.330, 10.340, 9.990, 10.290, 10.250, 10.360, 10.160, 10.280, 11.000][0.418, 0.310, 0.272]
11.051: [10.330, 10.340, 9.990, 10.290, 10.250, 10.360, 10.160, 10.280, 11.051][0.419, 0.310, 0.271]
11.1024: [10.330, 10.340, 9.990, 10.290, 10.250, 10.360, 10.160, 10.280, 11.102][0.419, 0.309, 0.271]
11.1538: [10.330, 10.340, 9.990, 10.290, 10.250, 10.360, 10.160, 10.280, 11.154][0.420, 0.309, 0.271]
11.2052: [10.330, 10.340, 9.990, 10.290, 10.250, 10.360, 10.160, 10.280, 11.205][0.420, 0.309, 0.271]
11.2566: [10.330, 10.340, 9.990, 10.290, 10.250, 10.360, 10.160, 10.280, 11.257][0.421, 0.308, 0.271]
11.308: [10.330, 10.340, 9.990, 10.290, 10.250, 10.360, 10.160, 10.280, 11.308][0.421, 0.308, 0.271]
