[[  0.  13.  16.]
 [  0.  22.  14.]
 [  0.   5.  30.]]
cf_score, 36.0
nv_score, -16.0
ratio, 0.525252525253
[[  7.  10.  18.]
 [  5.   6.  18.]
 [  3.   4.  29.]]
cf_score, 21.0
nv_score, -25.0
ratio, 0.424242424242
[[  9.   5.  10.]
 [ 19.  12.  12.]
 [  5.   8.  20.]]
cf_score, 26.0
nv_score, -12.0
ratio, 0.414141414141
[[  5.  11.  15.]
 [  8.   9.  15.]
 [  4.  13.  20.]]
cf_score, 15.0
nv_score, -25.0
ratio, 0.343434343434
[[ 14.  12.  10.]
 [ 14.  12.  11.]
 [  6.   8.  13.]]
cf_score, 23.0
nv_score, -18.0
ratio, 0.393939393939
[[  6.   8.  17.]
 [ 15.   8.  13.]
 [  5.  13.  15.]]
cf_score, 7.0
nv_score, -32.0
ratio, 0.292929292929
[[  6.  11.  13.]
 [  7.  15.  10.]
 [  2.  19.  17.]]
cf_score, 23.0
nv_score, -19.0
ratio, 0.383838383838
[[  6.  11.  15.]
 [  6.  10.  17.]
 [  2.  16.  17.]]
cf_score, 16.0
nv_score, -30.0
ratio, 0.333333333333
[[ 15.   8.  11.]
 [ 12.  10.  14.]
 [  4.   7.  19.]]
cf_score, 29.0
nv_score, -17.0
ratio, 0.444444444444
[[  9.  10.  13.]
 [  9.  12.  18.]
 [  4.   6.  19.]]
cf_score, 23.0
nv_score, -25.0
ratio, 0.40404040404
[[  5.  15.  11.]
 [  7.  19.  15.]
 [  9.   5.  14.]]
cf_score, 18.0
nv_score, -23.0
ratio, 0.383838383838
[[  8.  15.   9.]
 [ 10.  13.  10.]
 [  0.  13.  22.]]
cf_score, 34.0
nv_score, -6.0
ratio, 0.434343434343
[[ 10.   9.   6.]
 [ 12.  17.  16.]
 [  3.  12.  15.]]
cf_score, 33.0
nv_score, -13.0
ratio, 0.424242424242
[[  5.  21.  10.]
 [  5.  13.  14.]
 [  5.   8.  19.]]
cf_score, 22.0
nv_score, -15.0
ratio, 0.373737373737
[[ 11.  12.  11.]
 [  6.  15.  14.]
 [  6.  15.  10.]]
cf_score, 19.0
nv_score, -26.0
ratio, 0.363636363636
[[ 11.  11.   7.]
 [ 15.  14.   7.]
 [  4.   9.  22.]]
cf_score, 36.0
nv_score, 1.0
ratio, 0.474747474747
[[  9.  14.   9.]
 [ 12.  10.  14.]
 [  1.  16.  15.]]
cf_score, 24.0
nv_score, -17.0
ratio, 0.343434343434
[[  4.  12.  10.]
 [  8.  15.  14.]
 [  2.  11.  24.]]
cf_score, 31.0
nv_score, -10.0
ratio, 0.434343434343
[[  5.  19.  13.]
 [ 10.  13.  12.]
 [  3.   8.  17.]]
cf_score, 19.0
nv_score, -21.0
ratio, 0.353535353535
[[  2.  10.  14.]
 [  4.  14.  19.]
 [  7.   7.  23.]]
cf_score, 18.0
nv_score, -24.0
ratio, 0.393939393939
[[  7.  10.  10.]
 [  8.  14.  14.]
 [  5.   8.  24.]]
cf_score, 30.0
nv_score, -10.0
ratio, 0.454545454545
[[  4.  14.  14.]
 [  6.  18.  17.]
 [  2.   7.  18.]]
cf_score, 24.0
nv_score, -27.0
ratio, 0.40404040404
[[  7.  13.   8.]
 [  9.  10.  16.]
 [  6.  13.  18.]]
cf_score, 21.0
nv_score, -14.0
ratio, 0.353535353535
[[  7.  13.  14.]
 [  7.  11.  11.]
 [  1.  15.  21.]]
cf_score, 24.0
nv_score, -18.0
ratio, 0.393939393939
[[  7.   9.  16.]
 [  7.  12.  14.]
 [  7.   8.  20.]]
cf_score, 16.0
nv_score, -26.0
ratio, 0.393939393939
[[  6.   8.  17.]
 [  6.  18.   9.]
 [  4.  10.  22.]]
cf_score, 25.0
nv_score, -21.0
ratio, 0.464646464646
[[  6.  12.  15.]
 [  3.  12.  15.]
 [  5.   6.  26.]]
cf_score, 24.0
nv_score, -19.0
ratio, 0.444444444444
[[  8.  14.  15.]
 [  5.  11.  17.]
 [  6.   8.  16.]]
cf_score, 14.0
nv_score, -31.0
ratio, 0.353535353535
[[ 10.  17.  11.]
 [ 10.  11.   8.]
 [  4.  14.  15.]]
cf_score, 21.0
nv_score, -15.0
ratio, 0.363636363636
[[ 15.  11.  13.]
 [ 12.   6.  14.]
 [  2.  10.  17.]]
cf_score, 23.0
nv_score, -23.0
ratio, 0.383838383838
[[ 14.   6.  11.]
 [ 14.   8.  19.]
 [  2.   9.  17.]]
cf_score, 26.0
nv_score, -24.0
ratio, 0.393939393939
[[  6.  14.  12.]
 [ 10.  14.  12.]
 [  3.  10.  19.]]
cf_score, 24.0
nv_score, -17.0
ratio, 0.393939393939
[[  9.   8.  14.]
 [ 13.  10.  14.]
 [  5.   5.  22.]]
cf_score, 22.0
nv_score, -20.0
ratio, 0.414141414141
[[ 13.  12.  15.]
 [ 12.  11.  12.]
 [  2.  10.  13.]]
cf_score, 20.0
nv_score, -29.0
ratio, 0.373737373737
[[  8.  12.  11.]
 [  7.  12.  18.]
 [  2.   7.  23.]]
cf_score, 30.0
nv_score, -17.0
ratio, 0.434343434343
[[ 14.   8.   6.]
 [ 13.  11.  11.]
 [  9.   7.  21.]]
cf_score, 31.0
nv_score, -2.0
ratio, 0.464646464646
[[  6.   9.   7.]
 [  4.  17.  14.]
 [ 10.  15.  18.]]
cf_score, 24.0
nv_score, -10.0
ratio, 0.414141414141
[[ 15.   7.  12.]
 [ 13.   8.  13.]
 [  8.  13.  11.]]
cf_score, 14.0
nv_score, -26.0
ratio, 0.343434343434
[[ 10.  11.  10.]
 [ 12.  10.  17.]
 [  6.   5.  19.]]
cf_score, 23.0
nv_score, -18.0
ratio, 0.393939393939
[[  4.  11.  10.]
 [ 13.  14.  13.]
 [  5.  11.  19.]]
cf_score, 22.0
nv_score, -14.0
ratio, 0.373737373737
[[  6.   4.  10.]
 [  7.  13.  19.]
 [  8.   4.  29.]]
cf_score, 30.0
nv_score, -10.0
ratio, 0.484848484848
[[  9.   5.  19.]
 [ 10.  14.   9.]
 [ 11.   5.  18.]]
cf_score, 11.0
nv_score, -29.0
ratio, 0.414141414141
[[  7.   7.  14.]
 [ 10.  11.  13.]
 [  9.   9.  20.]]
cf_score, 15.0
nv_score, -21.0
ratio, 0.383838383838
[[ 16.   8.   9.]
 [ 11.  15.   8.]
 [  8.   2.  23.]]
cf_score, 37.0
nv_score, -3.0
ratio, 0.545454545455
[[  8.  15.   9.]
 [  6.   9.  17.]
 [  7.  13.  16.]]
cf_score, 17.0
nv_score, -19.0
ratio, 0.333333333333
[[  7.   6.  13.]
 [ 12.   9.  15.]
 [  9.   4.  25.]]
cf_score, 19.0
nv_score, -16.0
ratio, 0.414141414141
[[ 11.  13.   6.]
 [ 17.  13.  12.]
 [  9.   6.  13.]]
cf_score, 22.0
nv_score, -11.0
ratio, 0.373737373737
[[  9.  14.   9.]
 [  7.  15.  14.]
 [  6.   9.  17.]]
cf_score, 26.0
nv_score, -15.0
ratio, 0.414141414141
[[  8.   9.  10.]
 [ 17.  17.  12.]
 [  8.   5.  14.]]
cf_score, 21.0
nv_score, -18.0
ratio, 0.393939393939
[[ 13.  12.  11.]
 [ 11.  12.   8.]
 [ 18.   4.  11.]]
cf_score, 7.0
nv_score, -19.0
ratio, 0.363636363636
