[[ 23.   7.   0.]
 [  8.  27.   0.]
 [ 23.  12.   0.]]
cf_score, 27.0
nv_score, 0.0
ratio, 0.505050505051
[[ 16.   8.   0.]
 [  6.  35.   3.]
 [ 18.  13.   1.]]
cf_score, 34.0
nv_score, -2.0
ratio, 0.525252525253
[[ 21.  10.   3.]
 [ 17.  19.   2.]
 [ 16.   9.   3.]]
cf_score, 24.0
nv_score, -5.0
ratio, 0.434343434343
[[ 21.   3.   3.]
 [ 12.  19.   4.]
 [ 27.   9.   2.]]
cf_score, 12.0
nv_score, -8.0
ratio, 0.424242424242
[[ 27.   4.   5.]
 [ 12.  11.   1.]
 [ 26.  11.   3.]]
cf_score, 10.0
nv_score, -8.0
ratio, 0.414141414141
[[ 22.   4.   2.]
 [  7.  21.   3.]
 [ 24.  11.   6.]]
cf_score, 23.0
nv_score, -1.0
ratio, 0.494949494949
[[ 17.   5.   4.]
 [ 20.  14.   5.]
 [ 24.   8.   3.]]
cf_score, 6.0
nv_score, -10.0
ratio, 0.343434343434
[[ 20.   1.   6.]
 [ 11.  14.   7.]
 [ 26.  10.   5.]]
cf_score, 7.0
nv_score, -14.0
ratio, 0.393939393939
[[ 24.   3.   6.]
 [ 12.  15.   4.]
 [ 24.   8.   4.]]
cf_score, 13.0
nv_score, -12.0
ratio, 0.434343434343
[[ 29.   3.   3.]
 [  6.  17.   5.]
 [ 24.   9.   4.]]
cf_score, 23.0
nv_score, -7.0
ratio, 0.505050505051
[[ 21.   2.   5.]
 [ 10.  23.   6.]
 [ 21.   6.   6.]]
cf_score, 24.0
nv_score, -10.0
ratio, 0.505050505051
[[ 26.   4.   4.]
 [  9.  28.   1.]
 [ 17.   6.   5.]]
cf_score, 38.0
nv_score, -4.0
ratio, 0.59595959596
[[ 26.   3.   4.]
 [  6.  10.   4.]
 [ 33.   9.   5.]]
cf_score, 4.0
nv_score, -7.0
ratio, 0.414141414141
[[ 31.   5.   5.]
 [ 12.  12.   5.]
 [ 21.   7.   2.]]
cf_score, 19.0
nv_score, -13.0
ratio, 0.454545454545
[[ 22.   7.   3.]
 [ 12.  12.   8.]
 [ 22.  11.   3.]]
cf_score, 12.0
nv_score, -11.0
ratio, 0.373737373737
[[ 17.   2.   5.]
 [  8.  24.   3.]
 [ 28.   7.   6.]]
cf_score, 14.0
nv_score, -7.0
ratio, 0.474747474747
[[ 27.   5.   7.]
 [  7.  25.   2.]
 [ 18.   4.   5.]]
cf_score, 32.0
nv_score, -11.0
ratio, 0.575757575758
[[ 20.   1.   8.]
 [  9.  20.   3.]
 [ 23.   6.  10.]]
cf_score, 19.0
nv_score, -9.0
ratio, 0.505050505051
[[ 30.   3.   5.]
 [ 10.  21.   4.]
 [ 18.   6.   3.]]
cf_score, 31.0
nv_score, -11.0
ratio, 0.545454545455
[[ 23.   4.   5.]
 [ 12.  10.   3.]
 [ 25.  11.   7.]]
cf_score, 10.0
nv_score, -6.0
ratio, 0.40404040404
[[ 23.   1.   4.]
 [  8.  18.   5.]
 [ 26.   8.   7.]]
cf_score, 18.0
nv_score, -6.0
ratio, 0.484848484848
[[ 28.   5.   4.]
 [ 11.  16.   4.]
 [ 18.   8.   6.]]
cf_score, 28.0
nv_score, -6.0
ratio, 0.505050505051
[[ 34.   4.   6.]
 [ 10.  13.   4.]
 [ 16.   4.   9.]]
cf_score, 34.0
nv_score, -7.0
ratio, 0.565656565657
[[ 25.   3.   5.]
 [  8.  14.   4.]
 [ 29.   5.   7.]]
cf_score, 12.0
nv_score, -7.0
ratio, 0.464646464646
[[ 21.   2.   4.]
 [ 14.  16.   6.]
 [ 24.   7.   6.]]
cf_score, 15.0
nv_score, -8.0
ratio, 0.434343434343
[[ 25.   4.   4.]
 [  9.  18.   5.]
 [ 22.   4.   9.]]
cf_score, 26.0
nv_score, -4.0
ratio, 0.525252525253
[[ 20.   2.   5.]
 [ 14.  20.   7.]
 [ 21.   7.   4.]]
cf_score, 18.0
nv_score, -13.0
ratio, 0.444444444444
[[ 22.   6.   6.]
 [ 11.  20.   6.]
 [ 26.   2.   1.]]
cf_score, 11.0
nv_score, -17.0
ratio, 0.434343434343
[[ 16.   4.   4.]
 [ 15.  24.   3.]
 [ 18.   8.   8.]]
cf_score, 26.0
nv_score, -3.0
ratio, 0.484848484848
[[ 18.   7.   6.]
 [  9.  15.   5.]
 [ 21.  11.   8.]]
cf_score, 14.0
nv_score, -9.0
ratio, 0.414141414141
[[ 22.   3.   2.]
 [  6.  21.   7.]
 [ 17.  18.   4.]]
cf_score, 28.0
nv_score, -7.0
ratio, 0.474747474747
[[ 18.   5.  10.]
 [  9.  21.   7.]
 [ 18.   6.   6.]]
cf_score, 17.0
nv_score, -21.0
ratio, 0.454545454545
[[ 23.   3.   4.]
 [ 11.  17.   4.]
 [ 21.  13.   4.]]
cf_score, 19.0
nv_score, -8.0
ratio, 0.444444444444
[[ 19.   0.   9.]
 [  8.  20.   6.]
 [ 21.   6.  11.]]
cf_score, 20.0
nv_score, -13.0
ratio, 0.505050505051
[[ 20.   5.   5.]
 [ 13.  16.   7.]
 [ 18.   7.   9.]]
cf_score, 22.0
nv_score, -8.0
ratio, 0.454545454545
[[ 24.   1.  10.]
 [  5.  21.   4.]
 [ 25.   5.   5.]]
cf_score, 15.0
nv_score, -19.0
ratio, 0.505050505051
[[ 18.   6.  12.]
 [ 13.  13.   2.]
 [ 18.  11.   7.]]
cf_score, 8.0
nv_score, -19.0
ratio, 0.383838383838
[[ 23.   2.   8.]
 [  8.  14.   4.]
 [ 27.   8.   6.]]
cf_score, 8.0
nv_score, -14.0
ratio, 0.434343434343
[[ 28.   2.   1.]
 [ 11.  23.   2.]
 [ 22.   6.   5.]]
cf_score, 33.0
nv_score, 1.0
ratio, 0.565656565657
[[ 31.   5.   2.]
 [  5.  14.   6.]
 [ 21.   9.   7.]]
cf_score, 29.0
nv_score, -3.0
ratio, 0.525252525253
[[ 25.   5.   5.]
 [  5.  21.   2.]
 [ 24.  10.   3.]]
cf_score, 20.0
nv_score, -9.0
ratio, 0.494949494949
[[ 21.   2.   4.]
 [ 14.  22.   5.]
 [ 17.   5.  10.]]
cf_score, 32.0
nv_score, -3.0
ratio, 0.535353535354
[[ 27.   6.   6.]
 [ 11.  15.   3.]
 [ 26.   4.   2.]]
cf_score, 12.0
nv_score, -13.0
ratio, 0.444444444444
[[ 20.   6.   1.]
 [  9.  25.   3.]
 [ 19.  11.   6.]]
cf_score, 31.0
nv_score, 1.0
ratio, 0.515151515152
[[ 24.   4.   3.]
 [  7.  17.   9.]
 [ 33.   0.   3.]]
cf_score, 8.0
nv_score, -12.0
ratio, 0.444444444444
[[ 22.   3.   2.]
 [ 15.  23.   4.]
 [ 20.   6.   5.]]
cf_score, 28.0
nv_score, -3.0
ratio, 0.505050505051
[[ 19.   5.   2.]
 [  7.  13.   4.]
 [ 32.   7.  11.]]
cf_score, 9.0
nv_score, 3.0
ratio, 0.434343434343
[[ 27.   5.   2.]
 [  7.  25.   3.]
 [ 23.   3.   5.]]
cf_score, 32.0
nv_score, -2.0
ratio, 0.575757575758
[[ 24.   4.   5.]
 [  5.  11.   6.]
 [ 30.  10.   5.]]
cf_score, 5.0
nv_score, -11.0
ratio, 0.40404040404
[[ 18.   1.   3.]
 [ 15.  20.   3.]
 [ 27.   9.   4.]]
cf_score, 12.0
nv_score, -5.0
ratio, 0.424242424242
