[[  0.   0.  35.]
 [  0.   0.  35.]
 [  0.   0.  30.]]
cf_score, -5.0
ratio, 0.30303030303
[[  0.   0.  31.]
 [  0.   0.  43.]
 [  0.   0.  26.]]
cf_score, -5.0
ratio, 0.262626262626
[[  0.  35.   0.]
 [  0.  42.   0.]
 [  0.  23.   0.]]
cf_score, 42.0
ratio, 0.424242424242
[[  0.   0.  32.]
 [  0.   0.  40.]
 [  0.   0.  28.]]
cf_score, -4.0
ratio, 0.282828282828
[[  0.   0.  41.]
 [  0.   0.  41.]
 [  0.   0.  18.]]
cf_score, -23.0
ratio, 0.181818181818
[[  0.  35.   0.]
 [  0.  37.   0.]
 [  0.  28.   0.]]
cf_score, 37.0
ratio, 0.373737373737
[[  0.   0.  32.]
 [  0.   0.  38.]
 [  0.   0.  30.]]
cf_score, -2.0
ratio, 0.30303030303
[[ 33.   0.   0.]
 [ 38.   0.   0.]
 [ 29.   0.   0.]]
cf_score, 4.0
ratio, 0.333333333333
[[  0.   0.  41.]
 [  0.   0.  33.]
 [  0.   0.  26.]]
cf_score, -15.0
ratio, 0.262626262626
[[  0.   0.  34.]
 [  0.   0.  41.]
 [  0.   0.  25.]]
cf_score, -9.0
ratio, 0.252525252525
[[  0.   0.  33.]
 [  0.   0.  41.]
 [  0.   0.  26.]]
cf_score, -7.0
ratio, 0.262626262626
[[  0.  36.   0.]
 [  0.  32.   0.]
 [  0.  32.   0.]]
cf_score, 32.0
ratio, 0.323232323232
[[  0.   0.  33.]
 [  0.   0.  41.]
 [  0.   0.  26.]]
cf_score, -7.0
ratio, 0.262626262626
[[  0.   0.  32.]
 [  0.   0.  46.]
 [  0.   0.  22.]]
cf_score, -10.0
ratio, 0.222222222222
[[  0.  40.   0.]
 [  0.  34.   0.]
 [  0.  26.   0.]]
cf_score, 34.0
ratio, 0.343434343434
[[  0.   0.  36.]
 [  0.   0.  37.]
 [  0.   0.  27.]]
cf_score, -9.0
ratio, 0.272727272727
[[ 40.   0.   0.]
 [ 33.   0.   0.]
 [ 27.   0.   0.]]
cf_score, 13.0
ratio, 0.40404040404
[[  0.   0.  31.]
 [  0.   0.  40.]
 [  0.   0.  29.]]
cf_score, -2.0
ratio, 0.292929292929
[[  0.   0.  38.]
 [  0.   0.  34.]
 [  0.   0.  28.]]
cf_score, -10.0
ratio, 0.282828282828
[[  0.   0.  34.]
 [  0.   0.  40.]
 [  0.   0.  26.]]
cf_score, -8.0
ratio, 0.262626262626
[[  0.   0.  42.]
 [  0.   0.  37.]
 [  0.   0.  21.]]
cf_score, -21.0
ratio, 0.212121212121
[[  0.   0.  35.]
 [  0.   0.  38.]
 [  0.   0.  27.]]
cf_score, -8.0
ratio, 0.272727272727
[[  0.  36.   0.]
 [  0.  40.   0.]
 [  0.  24.   0.]]
cf_score, 40.0
ratio, 0.40404040404
[[  0.   0.  32.]
 [  0.   0.  45.]
 [  0.   0.  23.]]
cf_score, -9.0
ratio, 0.232323232323
[[  0.   0.  52.]
 [  0.   0.  27.]
 [  0.   0.  21.]]
cf_score, -31.0
ratio, 0.212121212121
[[ 33.   0.   0.]
 [ 34.   0.   0.]
 [ 33.   0.   0.]]
cf_score, 0.0
ratio, 0.333333333333
[[  0.  36.   0.]
 [  0.  46.   0.]
 [  0.  18.   0.]]
cf_score, 46.0
ratio, 0.464646464646
[[  0.   0.  38.]
 [  0.   0.  42.]
 [  0.   0.  20.]]
cf_score, -18.0
ratio, 0.20202020202
[[  0.   0.  36.]
 [  0.   0.  41.]
 [  0.   0.  23.]]
cf_score, -13.0
ratio, 0.232323232323
[[ 33.   0.   0.]
 [ 38.   0.   0.]
 [ 29.   0.   0.]]
cf_score, 4.0
ratio, 0.333333333333
[[  0.   0.  34.]
 [  0.   0.  30.]
 [  0.   0.  36.]]
cf_score, 2.0
ratio, 0.363636363636
[[  0.  24.   0.]
 [  0.  40.   0.]
 [  0.  36.   0.]]
cf_score, 40.0
ratio, 0.40404040404
[[  0.   0.  40.]
 [  0.   0.  35.]
 [  0.   0.  25.]]
cf_score, -15.0
ratio, 0.252525252525
[[  0.   0.  37.]
 [  0.   0.  37.]
 [  0.   0.  26.]]
cf_score, -11.0
ratio, 0.262626262626
[[  0.   0.  34.]
 [  0.   0.  37.]
 [  0.   0.  29.]]
cf_score, -5.0
ratio, 0.292929292929
[[ 45.   0.   0.]
 [ 27.   0.   0.]
 [ 28.   0.   0.]]
cf_score, 17.0
ratio, 0.454545454545
[[ 35.   0.   0.]
 [ 33.   0.   0.]
 [ 32.   0.   0.]]
cf_score, 3.0
ratio, 0.353535353535
[[  0.   0.  27.]
 [  0.   0.  46.]
 [  0.   0.  27.]]
cf_score, 0.0
ratio, 0.272727272727
[[  0.   0.  34.]
 [  0.   0.  41.]
 [  0.   0.  25.]]
cf_score, -9.0
ratio, 0.252525252525
[[  0.   0.  28.]
 [  0.   0.  45.]
 [  0.   0.  27.]]
cf_score, -1.0
ratio, 0.272727272727
[[  0.   0.  31.]
 [  0.   0.  42.]
 [  0.   0.  27.]]
cf_score, -4.0
ratio, 0.272727272727
[[  0.   0.  37.]
 [  0.   0.  41.]
 [  0.   0.  22.]]
cf_score, -15.0
ratio, 0.222222222222
[[  0.   0.  30.]
 [  0.   0.  46.]
 [  0.   0.  24.]]
cf_score, -6.0
ratio, 0.242424242424
[[  0.   0.  35.]
 [  0.   0.  39.]
 [  0.   0.  26.]]
cf_score, -9.0
ratio, 0.262626262626
[[  0.   0.  41.]
 [  0.   0.  38.]
 [  0.   0.  21.]]
cf_score, -20.0
ratio, 0.212121212121
[[  0.   0.  31.]
 [  0.   0.  43.]
 [  0.   0.  26.]]
cf_score, -5.0
ratio, 0.262626262626
[[  0.   0.  39.]
 [  0.   0.  34.]
 [  0.   0.  27.]]
cf_score, -12.0
ratio, 0.272727272727
[[  0.   0.  35.]
 [  0.   0.  38.]
 [  0.   0.  27.]]
cf_score, -8.0
ratio, 0.272727272727
[[  0.   0.  40.]
 [  0.   0.  33.]
 [  0.   0.  27.]]
cf_score, -13.0
ratio, 0.272727272727
[[  0.   0.  36.]
 [  0.   0.  27.]
 [  0.   0.  37.]]
cf_score, 1.0
ratio, 0.373737373737
[[  0.   0.  39.]
 [  0.   0.  37.]
 [  0.   0.  24.]]
cf_score, -15.0
ratio, 0.242424242424
[[  0.  41.   0.]
 [  0.  35.   0.]
 [  0.  24.   0.]]
cf_score, 35.0
ratio, 0.353535353535
[[ 37.   0.   0.]
 [ 40.   0.   0.]
 [ 23.   0.   0.]]
cf_score, 14.0
ratio, 0.373737373737
[[  0.   0.  27.]
 [  0.   0.  39.]
 [  0.   0.  34.]]
cf_score, 7.0
ratio, 0.343434343434
[[  0.   0.  37.]
 [  0.   0.  38.]
 [  0.   0.  25.]]
cf_score, -12.0
ratio, 0.252525252525
[[ 34.   0.   0.]
 [ 42.   0.   0.]
 [ 24.   0.   0.]]
cf_score, 10.0
ratio, 0.343434343434
[[  0.   0.  37.]
 [  0.   0.  38.]
 [  0.   0.  25.]]
cf_score, -12.0
ratio, 0.252525252525
[[  0.   0.  29.]
 [  0.   0.  40.]
 [  0.   0.  31.]]
cf_score, 2.0
ratio, 0.313131313131
[[  0.   0.  36.]
 [  0.   0.  42.]
 [  0.   0.  22.]]
cf_score, -14.0
ratio, 0.222222222222
[[  0.   0.  36.]
 [  0.   0.  38.]
 [  0.   0.  26.]]
cf_score, -10.0
ratio, 0.262626262626
[[  0.   0.  32.]
 [  0.   0.  34.]
 [  0.   0.  34.]]
cf_score, 2.0
ratio, 0.343434343434
[[  0.  32.   0.]
 [  0.  33.   0.]
 [  0.  35.   0.]]
cf_score, 33.0
ratio, 0.333333333333
[[  0.   0.  43.]
 [  0.   0.  26.]
 [  0.   0.  31.]]
cf_score, -12.0
ratio, 0.313131313131
[[  0.   0.  34.]
 [  0.   0.  33.]
 [  0.   0.  33.]]
cf_score, -1.0
ratio, 0.333333333333
[[  0.  35.   0.]
 [  0.  33.   0.]
 [  0.  32.   0.]]
cf_score, 33.0
ratio, 0.333333333333
[[  0.   0.  44.]
 [  0.   0.  33.]
 [  0.   0.  23.]]
cf_score, -21.0
ratio, 0.232323232323
[[  0.   0.  28.]
 [  0.   0.  41.]
 [  0.   0.  31.]]
cf_score, 3.0
ratio, 0.313131313131
[[  0.   0.  33.]
 [  0.   0.  40.]
 [  0.   0.  27.]]
cf_score, -6.0
ratio, 0.272727272727
[[  0.  38.   0.]
 [  0.  33.   0.]
 [  0.  29.   0.]]
cf_score, 33.0
ratio, 0.333333333333
[[  0.   0.  36.]
 [  0.   0.  41.]
 [  0.   0.  23.]]
cf_score, -13.0
ratio, 0.232323232323
[[  0.  31.   3.]
 [  0.  40.   0.]
 [  0.  22.   4.]]
cf_score, 41.0
ratio, 0.444444444444
[[  0.   0.  33.]
 [  0.   0.  36.]
 [  0.   0.  31.]]
cf_score, -2.0
ratio, 0.313131313131
[[  0.   0.  37.]
 [  0.   0.  29.]
 [  0.   0.  34.]]
cf_score, -3.0
ratio, 0.343434343434
[[  0.  29.   0.]
 [  0.  39.   0.]
 [  0.  32.   0.]]
cf_score, 39.0
ratio, 0.393939393939
[[  0.   0.  39.]
 [  0.   0.  34.]
 [  0.   0.  27.]]
cf_score, -12.0
ratio, 0.272727272727
[[  0.   0.  34.]
 [  0.   0.  42.]
 [  0.   0.  24.]]
cf_score, -10.0
ratio, 0.242424242424
[[  0.   0.  34.]
 [  0.   0.  38.]
 [  0.   0.  28.]]
cf_score, -6.0
ratio, 0.282828282828
[[ 39.   0.   0.]
 [ 35.   0.   0.]
 [ 26.   0.   0.]]
cf_score, 13.0
ratio, 0.393939393939
[[  0.   0.  36.]
 [  0.   0.  35.]
 [  0.   0.  29.]]
cf_score, -7.0
ratio, 0.292929292929
[[ 16.   0.  17.]
 [  7.   0.  24.]
 [  8.   0.  28.]]
cf_score, 19.0
ratio, 0.444444444444
[[  0.   0.  39.]
 [  0.   0.  32.]
 [  0.   0.  29.]]
cf_score, -10.0
ratio, 0.292929292929
[[ 35.   0.   0.]
 [ 42.   0.   0.]
 [ 23.   0.   0.]]
cf_score, 12.0
ratio, 0.353535353535
[[  0.   0.  33.]
 [  0.   0.  44.]
 [  0.   0.  23.]]
cf_score, -10.0
ratio, 0.232323232323
[[  0.   0.  38.]
 [  0.   0.  37.]
 [  0.   0.  25.]]
cf_score, -13.0
ratio, 0.252525252525
[[  0.   0.  33.]
 [  0.   0.  46.]
 [  0.   0.  21.]]
cf_score, -12.0
ratio, 0.212121212121
[[  0.   0.  42.]
 [  0.   0.  33.]
 [  0.   0.  25.]]
cf_score, -17.0
ratio, 0.252525252525
[[  0.   0.  32.]
 [  0.   0.  40.]
 [  0.   0.  28.]]
cf_score, -4.0
ratio, 0.282828282828
[[  0.   0.  43.]
 [  0.   0.  37.]
 [  0.   0.  20.]]
cf_score, -23.0
ratio, 0.20202020202
[[  0.  30.   0.]
 [  0.  43.   0.]
 [  0.  27.   0.]]
cf_score, 43.0
ratio, 0.434343434343
[[  2.   0.  24.]
 [  1.   0.  35.]
 [  2.   0.  36.]]
cf_score, 12.0
ratio, 0.383838383838
[[  0.  35.   0.]
 [  0.  41.   0.]
 [  0.  24.   0.]]
cf_score, 41.0
ratio, 0.414141414141
[[  0.   9.  29.]
 [  0.   3.  27.]
 [  0.   2.  30.]]
cf_score, 4.0
ratio, 0.333333333333
[[  0.  28.   9.]
 [  0.  29.   7.]
 [  0.  12.  15.]]
cf_score, 35.0
ratio, 0.444444444444
[[  0.   0.  29.]
 [  0.   0.  39.]
 [  0.   0.  32.]]
cf_score, 3.0
ratio, 0.323232323232
[[  0.   7.  28.]
 [  0.   7.  29.]
 [  0.   3.  26.]]
cf_score, 5.0
ratio, 0.333333333333
[[ 23.  14.   0.]
 [ 18.  12.   0.]
 [ 24.   4.   5.]]
cf_score, 16.0
ratio, 0.40404040404
[[  2.   0.  40.]
 [  0.   0.  42.]
 [  0.   0.  16.]]
cf_score, -22.0
ratio, 0.181818181818
[[  3.  34.   0.]
 [  1.  43.   0.]
 [  2.  16.   1.]]
cf_score, 45.0
ratio, 0.474747474747
[[  5.  27.   2.]
 [  3.  39.   1.]
 [  5.   9.   9.]]
cf_score, 46.0
ratio, 0.535353535354
[[  0.  25.   8.]
 [  0.  21.  19.]
 [  0.  12.  15.]]
cf_score, 28.0
ratio, 0.363636363636
