[[  0.   0.  41.]
 [  0.   0.  37.]
 [  0.   0.  22.]]
cf_score, -19.0
ratio, 0.222222222222
[[  0.   0.  35.]
 [  0.   0.  33.]
 [  0.   0.  32.]]
cf_score, -3.0
ratio, 0.323232323232
[[  0.   0.  29.]
 [  0.   0.  37.]
 [  0.   0.  34.]]
cf_score, 5.0
ratio, 0.343434343434
[[  0.   0.  36.]
 [  0.   0.  24.]
 [  0.   0.  40.]]
cf_score, 4.0
ratio, 0.40404040404
[[  0.  43.   0.]
 [  0.  35.   0.]
 [  0.  22.   0.]]
cf_score, 35.0
ratio, 0.353535353535
[[  0.   0.  28.]
 [  0.   0.  30.]
 [  0.   0.  42.]]
cf_score, 14.0
ratio, 0.424242424242
[[  0.   0.  32.]
 [  0.   0.  35.]
 [  0.   0.  33.]]
cf_score, 1.0
ratio, 0.333333333333
[[  0.   0.  30.]
 [  0.   0.  35.]
 [  0.   0.  35.]]
cf_score, 5.0
ratio, 0.353535353535
[[ 18.   0.  11.]
 [ 21.   0.  10.]
 [ 19.   0.  21.]]
cf_score, 9.0
ratio, 0.393939393939
[[ 22.   1.  12.]
 [ 21.   0.   9.]
 [ 13.   5.  17.]]
cf_score, 14.0
ratio, 0.393939393939
[[ 17.   6.  20.]
 [ 14.   2.  10.]
 [ 13.   0.  18.]]
cf_score, 4.0
ratio, 0.373737373737
[[ 17.   8.  13.]
 [ 15.   5.  11.]
 [ 13.   4.  14.]]
cf_score, 10.0
ratio, 0.363636363636
[[ 14.   7.   6.]
 [ 11.   5.  20.]
 [  9.   5.  23.]]
cf_score, 27.0
ratio, 0.424242424242
[[ 22.   1.   9.]
 [ 13.   7.  15.]
 [  6.   2.  25.]]
cf_score, 39.0
ratio, 0.545454545455
[[ 12.   5.   8.]
 [ 22.   9.   6.]
 [ 12.   4.  22.]]
cf_score, 23.0
ratio, 0.434343434343
[[ 13.   9.   7.]
 [ 13.  10.  14.]
 [ 16.   6.  12.]]
cf_score, 12.0
ratio, 0.353535353535
[[ 14.   9.  14.]
 [ 14.   7.  15.]
 [  7.   6.  14.]]
cf_score, 14.0
ratio, 0.353535353535
[[ 19.   5.   5.]
 [ 23.  10.   7.]
 [  6.  12.  13.]]
cf_score, 31.0
ratio, 0.424242424242
[[ 11.   9.   8.]
 [ 14.  12.   9.]
 [  3.  10.  24.]]
cf_score, 36.0
ratio, 0.474747474747
[[ 19.   6.  13.]
 [ 16.  11.  11.]
 [  4.   6.  14.]]
cf_score, 27.0
ratio, 0.444444444444
[[ 21.  12.   7.]
 [  6.   9.   9.]
 [ 11.   9.  16.]]
cf_score, 28.0
ratio, 0.464646464646
[[ 16.  15.   6.]
 [ 14.   8.   7.]
 [  9.   7.  18.]]
cf_score, 27.0
ratio, 0.424242424242
[[ 10.  12.  14.]
 [ 11.  12.   6.]
 [  3.  12.  20.]]
cf_score, 25.0
ratio, 0.424242424242
[[ 11.  11.  12.]
 [ 20.   8.   6.]
 [ 11.   8.  13.]]
cf_score, 9.0
ratio, 0.323232323232
[[ 15.  10.   7.]
 [ 18.  10.   6.]
 [ 10.   8.  16.]]
cf_score, 24.0
ratio, 0.414141414141
[[ 13.  11.  12.]
 [ 11.  13.  11.]
 [  5.   5.  19.]]
cf_score, 28.0
ratio, 0.454545454545
[[  9.  13.   9.]
 [  6.  11.  16.]
 [  5.   5.  26.]]
cf_score, 32.0
ratio, 0.464646464646
[[  7.  17.   8.]
 [  8.  17.  14.]
 [  4.   5.  20.]]
cf_score, 32.0
ratio, 0.444444444444
[[  7.  14.  10.]
 [ 15.  11.  13.]
 [  4.   9.  17.]]
cf_score, 21.0
ratio, 0.353535353535
[[ 11.   9.   8.]
 [ 13.  16.  10.]
 [  5.   7.  21.]]
cf_score, 35.0
ratio, 0.484848484848
[[ 13.  11.  13.]
 [ 11.   8.  10.]
 [  6.   7.  21.]]
cf_score, 23.0
ratio, 0.424242424242
[[ 12.   8.   8.]
 [ 17.  12.  10.]
 [ 10.   4.  19.]]
cf_score, 25.0
ratio, 0.434343434343
[[ 12.   6.   7.]
 [ 12.  15.  13.]
 [  6.   9.  20.]]
cf_score, 34.0
ratio, 0.474747474747
[[ 11.  15.  12.]
 [ 14.   7.  11.]
 [  8.   8.  14.]]
cf_score, 12.0
ratio, 0.323232323232
[[ 11.  13.  10.]
 [  8.   8.   9.]
 [  5.  14.  22.]]
cf_score, 26.0
ratio, 0.414141414141
[[  7.  13.   9.]
 [ 10.  13.  11.]
 [  5.  13.  19.]]
cf_score, 25.0
ratio, 0.393939393939
[[  6.  11.   9.]
 [ 17.  12.  11.]
 [  7.  16.  11.]]
cf_score, 13.0
ratio, 0.292929292929
[[ 18.  12.   8.]
 [ 20.   7.   4.]
 [  6.   9.  16.]]
cf_score, 27.0
ratio, 0.414141414141
[[ 12.  11.  10.]
 [ 10.  11.   8.]
 [  7.   9.  22.]]
cf_score, 28.0
ratio, 0.454545454545
[[  6.   8.  11.]
 [ 10.  13.  13.]
 [  9.  12.  18.]]
cf_score, 17.0
ratio, 0.373737373737
[[ 10.  11.   7.]
 [ 16.   5.  13.]
 [  7.  11.  20.]]
cf_score, 21.0
ratio, 0.353535353535
[[  6.   7.  14.]
 [  7.  16.  10.]
 [  5.  16.  19.]]
cf_score, 22.0
ratio, 0.414141414141
[[ 11.  10.  14.]
 [  9.  16.  12.]
 [  4.   3.  21.]]
cf_score, 30.0
ratio, 0.484848484848
[[ 11.  12.  10.]
 [ 15.   7.   9.]
 [  9.  12.  15.]]
cf_score, 14.0
ratio, 0.333333333333
[[ 11.  15.  13.]
 [  7.  14.  13.]
 [  1.   6.  20.]]
cf_score, 31.0
ratio, 0.454545454545
[[ 17.  12.   8.]
 [  4.  17.   8.]
 [  4.   6.  24.]]
cf_score, 46.0
ratio, 0.585858585859
[[ 19.  12.   4.]
 [ 12.  17.   6.]
 [ 11.   1.  18.]]
cf_score, 39.0
ratio, 0.545454545455
[[  9.  10.  10.]
 [  8.  11.  15.]
 [  1.  10.  26.]]
cf_score, 35.0
ratio, 0.464646464646
[[ 15.  11.   9.]
 [ 12.  13.  11.]
 [  7.   6.  16.]]
cf_score, 28.0
ratio, 0.444444444444
[[  5.  22.  12.]
 [  7.  12.  10.]
 [  7.   4.  21.]]
cf_score, 19.0
ratio, 0.383838383838
[[  7.  16.  16.]
 [  9.  15.   9.]
 [  0.   7.  21.]]
cf_score, 27.0
ratio, 0.434343434343
[[ 14.  16.   9.]
 [ 12.  10.  10.]
 [  8.   9.  12.]]
cf_score, 19.0
ratio, 0.363636363636
[[ 24.  10.   6.]
 [ 14.  13.   5.]
 [  9.   5.  14.]]
cf_score, 36.0
ratio, 0.515151515152
[[ 10.  11.  11.]
 [  8.  12.  11.]
 [  8.   6.  23.]]
cf_score, 26.0
ratio, 0.454545454545
[[  8.  19.  17.]
 [  6.   8.  11.]
 [  2.   9.  20.]]
cf_score, 17.0
ratio, 0.363636363636
[[ 11.  13.   5.]
 [ 16.  14.   9.]
 [  5.  11.  16.]]
cf_score, 31.0
ratio, 0.414141414141
[[  6.   9.  12.]
 [ 12.  13.  14.]
 [  7.   9.  18.]]
cf_score, 18.0
ratio, 0.373737373737
[[  9.  13.   8.]
 [ 10.  10.   9.]
 [  5.   7.  29.]]
cf_score, 35.0
ratio, 0.484848484848
[[  8.   9.  14.]
 [  9.  11.  12.]
 [  6.  15.  16.]]
cf_score, 15.0
ratio, 0.353535353535
[[ 13.   9.  13.]
 [ 17.  10.   8.]
 [  7.   8.  15.]]
cf_score, 18.0
ratio, 0.383838383838
[[ 12.   8.  12.]
 [  8.  17.   6.]
 [ 10.  10.  17.]]
cf_score, 24.0
ratio, 0.464646464646
[[ 10.   7.  10.]
 [ 15.  15.  12.]
 [  6.  10.  15.]]
cf_score, 24.0
ratio, 0.40404040404
[[ 13.   7.   9.]
 [ 17.   7.   8.]
 [  4.  13.  22.]]
cf_score, 29.0
ratio, 0.424242424242
[[ 14.   9.   8.]
 [ 14.  12.  10.]
 [  6.  11.  16.]]
cf_score, 28.0
ratio, 0.424242424242
[[  8.  11.  10.]
 [ 10.  16.  10.]
 [  6.  10.  19.]]
cf_score, 27.0
ratio, 0.434343434343
[[  8.  12.  10.]
 [ 14.  13.   4.]
 [  6.   6.  27.]]
cf_score, 32.0
ratio, 0.484848484848
[[  6.  19.  19.]
 [  4.  14.   9.]
 [  7.   7.  15.]]
cf_score, 9.0
ratio, 0.353535353535
[[ 16.  11.  12.]
 [  7.  19.   9.]
 [  5.   7.  14.]]
cf_score, 32.0
ratio, 0.494949494949
[[  8.  12.  10.]
 [ 16.  11.  14.]
 [  3.   9.  17.]]
cf_score, 23.0
ratio, 0.363636363636
[[  6.   8.   6.]
 [ 16.   8.  17.]
 [  8.  11.  20.]]
cf_score, 20.0
ratio, 0.343434343434
[[ 20.  13.   5.]
 [ 17.  14.   2.]
 [  7.   6.  16.]]
cf_score, 38.0
ratio, 0.505050505051
[[  5.  11.  10.]
 [  8.  16.  14.]
 [  7.  14.  15.]]
cf_score, 19.0
ratio, 0.363636363636
[[ 11.  10.  14.]
 [ 16.   9.   9.]
 [  4.   9.  18.]]
cf_score, 20.0
ratio, 0.383838383838
[[ 12.  11.   5.]
 [ 18.  12.   4.]
 [  5.  11.  22.]]
cf_score, 36.0
ratio, 0.464646464646
[[ 16.  11.   9.]
 [ 11.   9.   8.]
 [  5.  11.  20.]]
cf_score, 31.0
ratio, 0.454545454545
[[ 15.  14.  10.]
 [  7.  13.  13.]
 [  1.   7.  20.]]
cf_score, 37.0
ratio, 0.484848484848
[[ 20.  14.   2.]
 [ 16.  12.   8.]
 [  9.   4.  15.]]
cf_score, 36.0
ratio, 0.474747474747
[[ 10.   9.   7.]
 [ 14.  15.   6.]
 [  6.  11.  22.]]
cf_score, 34.0
ratio, 0.474747474747
[[ 15.  14.   9.]
 [ 12.  10.  14.]
 [  5.   7.  14.]]
cf_score, 25.0
ratio, 0.393939393939
[[ 18.  11.  11.]
 [ 25.   7.   1.]
 [  8.   8.  11.]]
cf_score, 17.0
ratio, 0.363636363636
[[ 14.  12.   7.]
 [ 19.   9.   7.]
 [ 11.   9.  12.]]
cf_score, 17.0
ratio, 0.353535353535
[[ 19.   9.   6.]
 [ 15.  14.   7.]
 [  9.   9.  12.]]
cf_score, 30.0
ratio, 0.454545454545
[[  8.  13.   7.]
 [ 11.  10.  11.]
 [  8.  11.  21.]]
cf_score, 24.0
ratio, 0.393939393939
[[ 12.  13.   8.]
 [ 16.  14.   4.]
 [  9.   6.  18.]]
cf_score, 27.0
ratio, 0.444444444444
[[ 18.   7.  10.]
 [ 11.  10.   8.]
 [ 10.   8.  18.]]
cf_score, 26.0
ratio, 0.464646464646
[[ 11.  13.   8.]
 [ 13.  12.  12.]
 [ 10.   8.  13.]]
cf_score, 18.0
ratio, 0.363636363636
[[ 13.  12.  10.]
 [  8.  11.   6.]
 [ 10.   7.  23.]]
cf_score, 27.0
ratio, 0.474747474747
[[  4.  14.   7.]
 [  8.  16.  13.]
 [ 10.  10.  18.]]
cf_score, 21.0
ratio, 0.383838383838
[[  9.   3.   7.]
 [ 16.  16.  10.]
 [ 10.   7.  22.]]
cf_score, 30.0
ratio, 0.474747474747
[[ 17.  13.   5.]
 [ 14.  10.   8.]
 [  9.  10.  14.]]
cf_score, 27.0
ratio, 0.414141414141
[[ 13.   8.   9.]
 [ 15.  14.  10.]
 [  3.  10.  18.]]
cf_score, 33.0
ratio, 0.454545454545
[[ 11.   7.  11.]
 [ 11.  13.  12.]
 [  3.  10.  22.]]
cf_score, 32.0
ratio, 0.464646464646
[[  4.   8.  17.]
 [ 12.  11.  10.]
 [  5.  14.  19.]]
cf_score, 12.0
ratio, 0.343434343434
[[ 11.  11.  11.]
 [  6.  11.  10.]
 [  9.   7.  24.]]
cf_score, 26.0
ratio, 0.464646464646
[[ 23.  12.   7.]
 [ 13.   5.   5.]
 [  9.   9.  17.]]
cf_score, 29.0
ratio, 0.454545454545
[[ 10.  12.  11.]
 [ 11.   6.  12.]
 [  8.   4.  26.]]
cf_score, 23.0
ratio, 0.424242424242
[[ 12.  10.   6.]
 [ 13.  13.   8.]
 [  5.  12.  21.]]
cf_score, 35.0
ratio, 0.464646464646
[[ 17.   5.  12.]
 [  9.  12.   8.]
 [  6.   5.  26.]]
cf_score, 37.0
ratio, 0.555555555556
[[ 14.  11.  13.]
 [ 12.  12.   7.]
 [  8.   4.  19.]]
cf_score, 24.0
ratio, 0.454545454545
[[ 14.  10.   5.]
 [ 15.  12.   8.]
 [ 11.   8.  17.]]
cf_score, 27.0
ratio, 0.434343434343
[[ 11.   5.  11.]
 [ 16.   8.   8.]
 [  7.  10.  24.]]
cf_score, 25.0
ratio, 0.434343434343
[[ 13.  12.  10.]
 [ 14.  10.   9.]
 [  8.   6.  18.]]
cf_score, 23.0
ratio, 0.414141414141
[[ 17.  13.   2.]
 [ 19.  12.   9.]
 [  8.   8.  12.]]
cf_score, 31.0
ratio, 0.414141414141
[[ 11.  11.  10.]
 [ 16.   9.   8.]
 [  8.   7.  20.]]
cf_score, 22.0
ratio, 0.40404040404
[[ 13.  10.   6.]
 [ 23.   8.   4.]
 [  8.   7.  21.]]
cf_score, 28.0
ratio, 0.424242424242
[[  8.   8.  12.]
 [ 16.  10.  13.]
 [  9.   9.  15.]]
cf_score, 12.0
ratio, 0.333333333333
[[ 10.   9.  11.]
 [ 11.  13.  12.]
 [ 11.  10.  13.]]
cf_score, 14.0
ratio, 0.363636363636
[[ 10.  11.   9.]
 [  8.  15.  10.]
 [  5.   9.  23.]]
cf_score, 34.0
ratio, 0.484848484848
