[[  0.   1.   0.]
 [  0.  62.   0.]
 [  0.  37.   0.]]
cf_score, 62.0
nv_score, 0.0
ratio, 0.626262626263
[[  0.   0.   0.]
 [  0.  60.   0.]
 [  0.  40.   0.]]
cf_score, 60.0
nv_score, 0.0
ratio, 0.606060606061
[[  0.   0.   0.]
 [  0.  68.   0.]
 [  0.  32.   0.]]
cf_score, 68.0
nv_score, 0.0
ratio, 0.686868686869
[[  0.   0.   0.]
 [  0.  66.   0.]
 [  0.  34.   0.]]
cf_score, 66.0
nv_score, 0.0
ratio, 0.666666666667
[[  0.   1.   0.]
 [  0.  75.   0.]
 [  0.  24.   0.]]
cf_score, 75.0
nv_score, 0.0
ratio, 0.757575757576
[[  0.   1.   0.]
 [  0.  61.   0.]
 [  0.  38.   0.]]
cf_score, 61.0
nv_score, 0.0
ratio, 0.616161616162
[[  0.   0.   0.]
 [  0.  66.   0.]
 [  0.  34.   0.]]
cf_score, 66.0
nv_score, 0.0
ratio, 0.666666666667
[[  0.   0.   0.]
 [  0.  74.   0.]
 [  0.  26.   0.]]
cf_score, 74.0
nv_score, 0.0
ratio, 0.747474747475
[[  0.   0.   0.]
 [  0.  71.   0.]
 [  0.  29.   0.]]
cf_score, 71.0
nv_score, 0.0
ratio, 0.717171717172
[[  0.   0.   0.]
 [  0.  71.   0.]
 [  0.  29.   0.]]
cf_score, 71.0
nv_score, 0.0
ratio, 0.717171717172
[[  0.   0.   0.]
 [  0.  65.   8.]
 [  0.  23.   4.]]
cf_score, 69.0
nv_score, -4.0
ratio, 0.69696969697
[[  0.   0.   0.]
 [  0.  69.   3.]
 [  0.  23.   5.]]
cf_score, 74.0
nv_score, 2.0
ratio, 0.747474747475
[[  0.   0.   0.]
 [  0.  65.   9.]
 [  0.  19.   7.]]
cf_score, 72.0
nv_score, -2.0
ratio, 0.727272727273
[[  0.   0.   0.]
 [  0.  59.   3.]
 [  0.  32.   6.]]
cf_score, 65.0
nv_score, 3.0
ratio, 0.656565656566
[[  0.   0.   0.]
 [  0.  69.   3.]
 [  0.  21.   7.]]
cf_score, 76.0
nv_score, 4.0
ratio, 0.767676767677
[[  0.   0.   0.]
 [  0.  60.   2.]
 [  0.  28.  10.]]
cf_score, 70.0
nv_score, 8.0
ratio, 0.707070707071
[[  0.   0.   0.]
 [  0.  56.   6.]
 [  0.  28.  10.]]
cf_score, 66.0
nv_score, 4.0
ratio, 0.666666666667
[[  0.   0.   0.]
 [  0.  62.   4.]
 [  0.  29.   5.]]
cf_score, 67.0
nv_score, 1.0
ratio, 0.676767676768
[[  0.   0.   0.]
 [  0.  54.  12.]
 [  0.  30.   4.]]
cf_score, 58.0
nv_score, -8.0
ratio, 0.585858585859
[[  0.   1.   0.]
 [  0.  55.   9.]
 [  0.  32.   3.]]
cf_score, 58.0
nv_score, -6.0
ratio, 0.585858585859
[[  0.   1.   0.]
 [  0.  51.  11.]
 [  0.  22.  15.]]
cf_score, 66.0
nv_score, 4.0
ratio, 0.666666666667
[[  0.   1.   0.]
 [  0.  66.   7.]
 [  0.  24.   2.]]
cf_score, 68.0
nv_score, -5.0
ratio, 0.686868686869
[[  0.   0.   0.]
 [  0.  67.   2.]
 [  0.  24.   7.]]
cf_score, 74.0
nv_score, 5.0
ratio, 0.747474747475
[[  0.   0.   0.]
 [  0.  64.   8.]
 [  0.  19.   9.]]
cf_score, 73.0
nv_score, 1.0
ratio, 0.737373737374
[[  0.   0.   0.]
 [  0.  62.  12.]
 [  0.  17.   9.]]
cf_score, 71.0
nv_score, -3.0
ratio, 0.717171717172
[[  0.   0.   0.]
 [  0.  56.   2.]
 [  0.  34.   8.]]
cf_score, 64.0
nv_score, 6.0
ratio, 0.646464646465
[[  0.   0.   0.]
 [  0.  60.   8.]
 [  0.  19.  13.]]
cf_score, 73.0
nv_score, 5.0
ratio, 0.737373737374
[[  0.   0.   0.]
 [  0.  53.   9.]
 [  0.  27.  11.]]
cf_score, 64.0
nv_score, 2.0
ratio, 0.646464646465
[[  0.   0.   0.]
 [  0.  68.   8.]
 [  0.  20.   4.]]
cf_score, 72.0
nv_score, -4.0
ratio, 0.727272727273
[[  0.   0.   0.]
 [  0.  53.  10.]
 [  0.  27.  10.]]
cf_score, 63.0
nv_score, 0.0
ratio, 0.636363636364
[[  0.   0.   0.]
 [  0.  59.   3.]
 [  0.  31.   7.]]
cf_score, 66.0
nv_score, 4.0
ratio, 0.666666666667
[[  0.   0.   0.]
 [  0.  62.   8.]
 [  0.  22.   8.]]
cf_score, 70.0
nv_score, 0.0
ratio, 0.707070707071
[[  0.   0.   0.]
 [  0.  57.   7.]
 [  0.  24.  12.]]
cf_score, 69.0
nv_score, 5.0
ratio, 0.69696969697
[[  0.   0.   0.]
 [  0.  58.   8.]
 [  0.  25.   9.]]
cf_score, 67.0
nv_score, 1.0
ratio, 0.676767676768
[[  0.   1.   0.]
 [  0.  64.   6.]
 [  0.  20.   9.]]
cf_score, 73.0
nv_score, 3.0
ratio, 0.737373737374
[[  0.   0.   0.]
 [  0.  64.   6.]
 [  0.  21.   9.]]
cf_score, 73.0
nv_score, 3.0
ratio, 0.737373737374
[[  0.   0.   0.]
 [  0.  66.   3.]
 [  0.  21.  10.]]
cf_score, 76.0
nv_score, 7.0
ratio, 0.767676767677
[[  0.   1.   0.]
 [  0.  67.   4.]
 [  0.  21.   7.]]
cf_score, 74.0
nv_score, 3.0
ratio, 0.747474747475
[[  0.   0.   0.]
 [  0.  56.   5.]
 [  0.  27.  12.]]
cf_score, 68.0
nv_score, 7.0
ratio, 0.686868686869
[[  0.   0.   0.]
 [  0.  64.   2.]
 [  0.  23.  11.]]
cf_score, 75.0
nv_score, 9.0
ratio, 0.757575757576
[[  0.   0.   0.]
 [  0.  51.  10.]
 [  0.  31.   8.]]
cf_score, 59.0
nv_score, -2.0
ratio, 0.59595959596
[[  0.   0.   0.]
 [  0.  67.  13.]
 [  0.  13.   7.]]
cf_score, 74.0
nv_score, -6.0
ratio, 0.747474747475
[[  0.   0.   0.]
 [  0.  62.   6.]
 [  0.  24.   8.]]
cf_score, 70.0
nv_score, 2.0
ratio, 0.707070707071
[[  0.   1.   0.]
 [  0.  55.   5.]
 [  0.  28.  11.]]
cf_score, 66.0
nv_score, 6.0
ratio, 0.666666666667
[[  0.   0.   0.]
 [  0.  64.   9.]
 [  0.  24.   3.]]
cf_score, 67.0
nv_score, -6.0
ratio, 0.676767676768
[[  0.   0.   0.]
 [  0.  55.  11.]
 [  0.  22.  12.]]
cf_score, 67.0
nv_score, 1.0
ratio, 0.676767676768
[[  0.   0.   0.]
 [  0.  66.   5.]
 [  0.  23.   6.]]
cf_score, 72.0
nv_score, 1.0
ratio, 0.727272727273
[[  0.   1.   0.]
 [  0.  57.   5.]
 [  0.  26.  11.]]
cf_score, 68.0
nv_score, 6.0
ratio, 0.686868686869
[[  0.   0.   0.]
 [  0.  62.   8.]
 [  0.  20.  10.]]
cf_score, 72.0
nv_score, 2.0
ratio, 0.727272727273
[[  0.   0.   0.]
 [  0.  60.   6.]
 [  0.  26.   8.]]
cf_score, 68.0
nv_score, 2.0
ratio, 0.686868686869
