[[  0.  40.   0.]
 [  0.  32.   0.]
 [  0.  28.   0.]]
cf_score, 32.0
nv_score, 0.0
ratio, 0.323232323232
[[  0.   0.  32.]
 [  0.   0.  37.]
 [  0.   0.  31.]]
cf_score, -1.0
nv_score, -70.0
ratio, 0.313131313131
[[  0.  31.   0.]
 [  0.  31.   0.]
 [  0.  38.   0.]]
cf_score, 31.0
nv_score, 0.0
ratio, 0.313131313131
[[  0.  34.   0.]
 [  0.  33.   0.]
 [  0.  33.   0.]]
cf_score, 33.0
nv_score, 0.0
ratio, 0.333333333333
[[  0.  32.   0.]
 [  0.  35.   0.]
 [  0.  33.   0.]]
cf_score, 35.0
nv_score, 0.0
ratio, 0.353535353535
[[  0.  35.   0.]
 [  0.  33.   0.]
 [  0.  32.   0.]]
cf_score, 33.0
nv_score, 0.0
ratio, 0.333333333333
[[  0.   0.  38.]
 [  0.   0.  30.]
 [  0.   0.  32.]]
cf_score, -6.0
nv_score, -74.0
ratio, 0.323232323232
[[  0.  25.   0.]
 [  0.  36.   0.]
 [  0.  39.   0.]]
cf_score, 36.0
nv_score, 0.0
ratio, 0.363636363636
[[  0.   0.  32.]
 [  0.   0.  37.]
 [  0.   0.  31.]]
cf_score, -1.0
nv_score, -70.0
ratio, 0.313131313131
[[  0.  32.   0.]
 [  0.  35.   0.]
 [  0.  33.   0.]]
cf_score, 35.0
nv_score, 0.0
ratio, 0.353535353535
[[  0.   0.  23.]
 [  0.   0.  33.]
 [  0.   0.  44.]]
cf_score, 21.0
nv_score, -35.0
ratio, 0.444444444444
[[  0.   0.  30.]
 [  0.   0.  36.]
 [  0.   0.  34.]]
cf_score, 4.0
nv_score, -62.0
ratio, 0.343434343434
[[  0.  37.   0.]
 [  0.  38.   0.]
 [  0.  25.   0.]]
cf_score, 38.0
nv_score, 0.0
ratio, 0.383838383838
[[  0.   0.  35.]
 [  0.   0.  32.]
 [  0.   0.  33.]]
cf_score, -2.0
nv_score, -69.0
ratio, 0.333333333333
[[  0.   0.  37.]
 [  0.   0.  26.]
 [  0.   0.  37.]]
cf_score, 0.0
nv_score, -63.0
ratio, 0.373737373737
[[  0.   0.  35.]
 [  0.   0.  29.]
 [  0.   0.  36.]]
cf_score, 1.0
nv_score, -63.0
ratio, 0.363636363636
[[  0.  35.   0.]
 [  0.  23.   0.]
 [  0.  42.   0.]]
cf_score, 23.0
nv_score, 0.0
ratio, 0.232323232323
[[  0.  32.   0.]
 [  0.  35.   0.]
 [  0.  33.   0.]]
cf_score, 35.0
nv_score, 0.0
ratio, 0.353535353535
[[  0.   0.  37.]
 [  0.   0.  24.]
 [  0.   0.  39.]]
cf_score, 2.0
nv_score, -59.0
ratio, 0.393939393939
[[  0.  37.   0.]
 [  0.  22.   0.]
 [  0.  41.   0.]]
cf_score, 22.0
nv_score, 0.0
ratio, 0.222222222222
[[  0.   0.  36.]
 [  0.   0.  36.]
 [  0.   0.  28.]]
cf_score, -8.0
nv_score, -80.0
ratio, 0.282828282828
[[  0.  39.   0.]
 [  0.  26.   0.]
 [  0.  35.   0.]]
cf_score, 26.0
nv_score, 0.0
ratio, 0.262626262626
[[  0.   0.  20.]
 [  0.   0.  39.]
 [  0.   0.  41.]]
cf_score, 21.0
nv_score, -38.0
ratio, 0.414141414141
[[  0.   0.  34.]
 [  0.   0.  35.]
 [  0.   0.  31.]]
cf_score, -3.0
nv_score, -72.0
ratio, 0.313131313131
[[  0.  31.   0.]
 [  0.  30.   0.]
 [  0.  39.   0.]]
cf_score, 30.0
nv_score, 0.0
ratio, 0.30303030303
[[  0.  30.   0.]
 [  0.  38.   0.]
 [  0.  32.   0.]]
cf_score, 38.0
nv_score, 0.0
ratio, 0.383838383838
[[  0.  34.   0.]
 [  0.  24.   0.]
 [  0.  42.   0.]]
cf_score, 24.0
nv_score, 0.0
ratio, 0.242424242424
[[  0.  38.   0.]
 [  0.  27.   0.]
 [  0.  35.   0.]]
cf_score, 27.0
nv_score, 0.0
ratio, 0.272727272727
[[  0.   0.  37.]
 [  0.   0.  31.]
 [  0.   0.  32.]]
cf_score, -5.0
nv_score, -73.0
ratio, 0.323232323232
[[  0.  33.   0.]
 [  0.  38.   0.]
 [  0.  29.   0.]]
cf_score, 38.0
nv_score, 0.0
ratio, 0.383838383838
[[  0.  38.   0.]
 [  0.  27.   0.]
 [  0.  35.   0.]]
cf_score, 27.0
nv_score, 0.0
ratio, 0.272727272727
[[  0.   0.  38.]
 [  0.   0.  33.]
 [  0.   0.  29.]]
cf_score, -9.0
nv_score, -80.0
ratio, 0.292929292929
[[  0.  34.   0.]
 [  0.  30.   0.]
 [  0.  36.   0.]]
cf_score, 30.0
nv_score, 0.0
ratio, 0.30303030303
[[  0.   0.  35.]
 [  0.   0.  30.]
 [  0.   0.  35.]]
cf_score, 0.0
nv_score, -65.0
ratio, 0.353535353535
[[  0.  35.   0.]
 [  0.  28.   0.]
 [  0.  37.   0.]]
cf_score, 28.0
nv_score, 0.0
ratio, 0.282828282828
[[  0.  40.   0.]
 [  0.  25.   0.]
 [  0.  35.   0.]]
cf_score, 25.0
nv_score, 0.0
ratio, 0.252525252525
[[  0.  39.   0.]
 [  0.  32.   0.]
 [  0.  29.   0.]]
cf_score, 32.0
nv_score, 0.0
ratio, 0.323232323232
[[  0.  41.   0.]
 [  0.  39.   0.]
 [  0.  20.   0.]]
cf_score, 39.0
nv_score, 0.0
ratio, 0.393939393939
[[  0.  39.   0.]
 [  0.  29.   0.]
 [  0.  32.   0.]]
cf_score, 29.0
nv_score, 0.0
ratio, 0.292929292929
[[  0.   0.  39.]
 [  0.   0.  23.]
 [  0.   0.  38.]]
cf_score, -1.0
nv_score, -63.0
ratio, 0.383838383838
[[  0.  31.   0.]
 [  0.  43.   0.]
 [  0.  26.   0.]]
cf_score, 43.0
nv_score, 0.0
ratio, 0.434343434343
[[  0.  35.   0.]
 [  0.  30.   0.]
 [  0.  35.   0.]]
cf_score, 30.0
nv_score, 0.0
ratio, 0.30303030303
[[  0.   0.  32.]
 [  0.   0.  35.]
 [  0.   0.  33.]]
cf_score, 1.0
nv_score, -66.0
ratio, 0.333333333333
[[  0.  34.   0.]
 [  0.  31.   0.]
 [  0.  35.   0.]]
cf_score, 31.0
nv_score, 0.0
ratio, 0.313131313131
[[  0.  40.   0.]
 [  0.  27.   0.]
 [  0.  33.   0.]]
cf_score, 27.0
nv_score, 0.0
ratio, 0.272727272727
[[  0.  34.   0.]
 [  0.  36.   0.]
 [  0.  30.   0.]]
cf_score, 36.0
nv_score, 0.0
ratio, 0.363636363636
[[  0.  45.   0.]
 [  0.  27.   0.]
 [  0.  28.   0.]]
cf_score, 27.0
nv_score, 0.0
ratio, 0.272727272727
[[  0.  36.   0.]
 [  0.  37.   0.]
 [  0.  27.   0.]]
cf_score, 37.0
nv_score, 0.0
ratio, 0.373737373737
[[  0.   0.  27.]
 [  0.   0.  34.]
 [  0.   0.  39.]]
cf_score, 12.0
nv_score, -49.0
ratio, 0.393939393939
[[  0.  34.   0.]
 [  0.  35.   0.]
 [  0.  31.   0.]]
cf_score, 35.0
nv_score, 0.0
ratio, 0.353535353535
