[[  0.  37.   0.]
 [  0.  27.   0.]
 [  0.  36.   0.]]
cf_score, 27.0
ratio, 0.272727272727
[[  0.  34.   0.]
 [  0.  31.   0.]
 [  0.  35.   0.]]
cf_score, 31.0
ratio, 0.313131313131
[[  0.  29.   0.]
 [  0.  28.   0.]
 [  0.  43.   0.]]
cf_score, 28.0
ratio, 0.282828282828
[[  0.  42.   0.]
 [  0.  33.   0.]
 [  0.  25.   0.]]
cf_score, 33.0
ratio, 0.333333333333
[[ 34.   4.   1.]
 [ 27.   0.   2.]
 [ 22.   0.  10.]]
cf_score, 21.0
ratio, 0.444444444444
[[ 24.   5.   3.]
 [ 22.   5.   8.]
 [ 23.   1.   9.]]
cf_score, 12.0
ratio, 0.383838383838
[[ 32.   3.  12.]
 [ 23.   3.   6.]
 [  4.   3.  14.]]
cf_score, 33.0
ratio, 0.494949494949
[[ 29.   5.   1.]
 [ 12.   9.   6.]
 [ 16.   6.  16.]]
cf_score, 37.0
ratio, 0.545454545455
[[ 22.  10.   4.]
 [ 13.  10.   4.]
 [ 13.   8.  16.]]
cf_score, 31.0
ratio, 0.484848484848
[[ 14.  13.   6.]
 [ 20.   8.   4.]
 [ 12.  12.  11.]]
cf_score, 15.0
ratio, 0.333333333333
[[ 12.  13.   9.]
 [  9.  18.   6.]
 [  5.   7.  21.]]
cf_score, 37.0
ratio, 0.515151515152
[[ 19.  15.   4.]
 [  9.  18.   9.]
 [  6.  11.   9.]]
cf_score, 36.0
ratio, 0.464646464646
[[ 16.  12.   5.]
 [ 11.  17.   1.]
 [ 12.  13.  13.]]
cf_score, 29.0
ratio, 0.464646464646
[[ 16.  17.   3.]
 [ 11.  11.  11.]
 [  5.   9.  17.]]
cf_score, 36.0
ratio, 0.444444444444
[[ 16.  13.   4.]
 [ 13.  16.   3.]
 [  6.   9.  20.]]
cf_score, 42.0
ratio, 0.525252525253
[[ 22.  13.   8.]
 [  7.  17.   3.]
 [ 10.   9.  11.]]
cf_score, 32.0
ratio, 0.505050505051
[[ 20.  11.   3.]
 [ 18.  10.   6.]
 [  6.  12.  14.]]
cf_score, 35.0
ratio, 0.444444444444
[[ 15.  21.  10.]
 [  8.  14.   6.]
 [  6.  12.   8.]]
cf_score, 21.0
ratio, 0.373737373737
[[ 16.  17.   4.]
 [ 16.   9.   7.]
 [  7.  16.   8.]]
cf_score, 22.0
ratio, 0.333333333333
[[ 13.  13.   6.]
 [ 10.  19.   5.]
 [ 10.  10.  14.]]
cf_score, 30.0
ratio, 0.464646464646
[[ 20.   7.   3.]
 [ 14.  12.  11.]
 [ 13.   6.  14.]]
cf_score, 30.0
ratio, 0.464646464646
[[ 20.  14.   4.]
 [ 10.   8.   3.]
 [  5.  17.  19.]]
cf_score, 38.0
ratio, 0.474747474747
[[ 14.  11.   8.]
 [ 13.  11.   9.]
 [  8.  10.  16.]]
cf_score, 25.0
ratio, 0.414141414141
[[ 28.  14.   6.]
 [ 10.   9.   3.]
 [  7.  10.  13.]]
cf_score, 37.0
ratio, 0.505050505051
[[ 21.  11.   5.]
 [ 16.   9.   5.]
 [ 11.   7.  15.]]
cf_score, 29.0
ratio, 0.454545454545
[[ 12.  14.   4.]
 [ 16.  13.   6.]
 [ 11.  10.  14.]]
cf_score, 24.0
ratio, 0.393939393939
[[ 14.  23.   7.]
 [ 11.  10.   6.]
 [  8.   6.  15.]]
cf_score, 24.0
ratio, 0.393939393939
[[ 21.  14.   3.]
 [ 12.  10.   4.]
 [ 11.   8.  17.]]
cf_score, 34.0
ratio, 0.484848484848
[[ 21.  15.   6.]
 [ 18.   9.   6.]
 [  6.  11.   8.]]
cf_score, 26.0
ratio, 0.383838383838
[[ 20.   9.  11.]
 [ 13.  10.  12.]
 [  9.   9.   7.]]
cf_score, 17.0
ratio, 0.373737373737
[[ 18.  14.   6.]
 [ 11.  11.   7.]
 [ 14.   6.  13.]]
cf_score, 22.0
ratio, 0.424242424242
[[ 24.  11.   8.]
 [ 14.  11.   4.]
 [  4.   8.  16.]]
cf_score, 39.0
ratio, 0.515151515152
[[ 16.   8.   8.]
 [  9.   8.  13.]
 [ 13.   9.  16.]]
cf_score, 19.0
ratio, 0.40404040404
[[ 14.  10.   7.]
 [ 10.  14.   6.]
 [ 12.   8.  19.]]
cf_score, 28.0
ratio, 0.474747474747
[[ 18.   8.   9.]
 [ 12.  17.   8.]
 [  6.  10.  12.]]
cf_score, 32.0
ratio, 0.474747474747
[[ 19.  10.   8.]
 [  7.  11.   7.]
 [ 13.  11.  14.]]
cf_score, 23.0
ratio, 0.444444444444
[[ 14.  10.   8.]
 [ 14.  10.  11.]
 [  7.   6.  20.]]
cf_score, 29.0
ratio, 0.444444444444
[[ 16.  12.  13.]
 [ 13.   9.   4.]
 [  6.  12.  15.]]
cf_score, 21.0
ratio, 0.40404040404
[[ 16.  14.   7.]
 [ 19.  12.   7.]
 [  9.   4.  12.]]
cf_score, 24.0
ratio, 0.40404040404
[[ 17.  19.   3.]
 [  6.  14.  10.]
 [ 10.  10.  11.]]
cf_score, 29.0
ratio, 0.424242424242
[[ 10.  15.   8.]
 [  9.  20.   6.]
 [  5.  13.  14.]]
cf_score, 31.0
ratio, 0.444444444444
[[ 11.  20.   2.]
 [ 13.  12.   9.]
 [ 10.  10.  13.]]
cf_score, 24.0
ratio, 0.363636363636
[[ 24.  13.   4.]
 [  9.  19.   2.]
 [  8.  11.  10.]]
cf_score, 41.0
ratio, 0.535353535354
[[ 15.  17.   8.]
 [  7.  18.   5.]
 [  8.   9.  13.]]
cf_score, 30.0
ratio, 0.464646464646
[[ 12.  12.   7.]
 [  8.  25.   7.]
 [  5.  10.  14.]]
cf_score, 39.0
ratio, 0.515151515152
[[ 16.  11.   8.]
 [ 15.   8.   4.]
 [ 12.  12.  14.]]
cf_score, 18.0
ratio, 0.383838383838
[[ 13.  11.  12.]
 [ 10.  10.  14.]
 [  3.   7.  20.]]
cf_score, 28.0
ratio, 0.434343434343
[[ 22.  14.   6.]
 [ 16.   9.   4.]
 [ 14.   7.   8.]]
cf_score, 19.0
ratio, 0.393939393939
[[ 30.   9.  10.]
 [ 12.  12.   5.]
 [  6.   7.   9.]]
cf_score, 35.0
ratio, 0.515151515152
[[ 12.  13.  10.]
 [ 18.  11.   3.]
 [  9.  17.   7.]]
cf_score, 11.0
ratio, 0.30303030303
[[ 17.  14.  10.]
 [ 13.  14.   6.]
 [  5.   7.  14.]]
cf_score, 30.0
ratio, 0.454545454545
[[ 14.  14.   7.]
 [ 17.  11.   8.]
 [  7.  12.  10.]]
cf_score, 21.0
ratio, 0.353535353535
[[ 12.  12.   4.]
 [ 14.  14.   5.]
 [  7.   9.  23.]]
cf_score, 38.0
ratio, 0.494949494949
[[ 15.  11.   7.]
 [  8.  18.   8.]
 [ 11.   7.  15.]]
cf_score, 30.0
ratio, 0.484848484848
[[ 11.  18.  11.]
 [  9.  15.   6.]
 [  5.  11.  14.]]
cf_score, 24.0
ratio, 0.40404040404
[[ 10.  23.   7.]
 [  9.  16.   4.]
 [ 10.  10.  11.]]
cf_score, 20.0
ratio, 0.373737373737
[[ 14.  15.   5.]
 [  4.  14.   8.]
 [ 10.  13.  17.]]
cf_score, 30.0
ratio, 0.454545454545
[[ 17.  14.   5.]
 [ 12.  12.   5.]
 [ 11.  13.  11.]]
cf_score, 24.0
ratio, 0.40404040404
[[ 13.  14.   9.]
 [  8.  10.  11.]
 [ 11.   7.  17.]]
cf_score, 20.0
ratio, 0.40404040404
[[ 21.   9.   8.]
 [ 10.  10.   3.]
 [ 11.  12.  16.]]
cf_score, 28.0
ratio, 0.474747474747
[[ 14.  15.   3.]
 [ 16.  14.   5.]
 [  8.  11.  14.]]
cf_score, 31.0
ratio, 0.424242424242
[[ 11.  14.   8.]
 [  8.  16.   7.]
 [  7.  10.  19.]]
cf_score, 31.0
ratio, 0.464646464646
[[ 15.  11.   4.]
 [ 15.  17.   4.]
 [  9.   8.  17.]]
cf_score, 36.0
ratio, 0.494949494949
[[ 17.   9.   4.]
 [ 14.  17.   6.]
 [ 11.  10.  12.]]
cf_score, 31.0
ratio, 0.464646464646
[[ 21.  15.   5.]
 [ 12.  14.   3.]
 [  6.  15.   9.]]
cf_score, 33.0
ratio, 0.444444444444
[[ 14.  17.   2.]
 [ 12.  11.   6.]
 [  8.  11.  19.]]
cf_score, 34.0
ratio, 0.444444444444
[[ 10.  21.  10.]
 [  6.  12.   7.]
 [  6.  11.  17.]]
cf_score, 23.0
ratio, 0.393939393939
[[ 15.  12.  10.]
 [ 10.  12.   9.]
 [  5.  13.  14.]]
cf_score, 26.0
ratio, 0.414141414141
[[ 21.  16.   5.]
 [ 18.  10.   7.]
 [  7.   4.  12.]]
cf_score, 31.0
ratio, 0.434343434343
[[ 27.   8.   3.]
 [ 18.   9.   7.]
 [  9.   7.  12.]]
cf_score, 36.0
ratio, 0.484848484848
[[ 20.  16.   9.]
 [ 17.  10.  10.]
 [  9.   4.   5.]]
cf_score, 17.0
ratio, 0.353535353535
[[ 22.  17.   5.]
 [ 11.   9.   5.]
 [  7.   6.  18.]]
cf_score, 37.0
ratio, 0.494949494949
[[ 17.  11.   3.]
 [ 12.  15.   2.]
 [ 14.  13.  13.]]
cf_score, 28.0
ratio, 0.454545454545
[[ 17.  13.  10.]
 [  9.  13.   6.]
 [  6.   6.  20.]]
cf_score, 34.0
ratio, 0.505050505051
[[ 20.   9.   8.]
 [ 10.  11.   7.]
 [  8.   9.  18.]]
cf_score, 33.0
ratio, 0.494949494949
[[ 13.  15.   9.]
 [ 11.  22.   6.]
 [  3.   5.  16.]]
cf_score, 39.0
ratio, 0.515151515152
[[  9.  10.  15.]
 [ 11.   8.  11.]
 [  3.  16.  17.]]
cf_score, 16.0
ratio, 0.343434343434
[[ 15.  13.   7.]
 [ 15.   9.   6.]
 [ 10.  10.  15.]]
cf_score, 22.0
ratio, 0.393939393939
[[ 20.   9.   5.]
 [  9.  13.   8.]
 [  7.  14.  15.]]
cf_score, 36.0
ratio, 0.484848484848
[[ 12.  11.   9.]
 [ 18.  13.   5.]
 [  7.  10.  15.]]
cf_score, 24.0
ratio, 0.40404040404
[[ 18.  16.   4.]
 [ 18.  10.   4.]
 [  7.  11.  12.]]
cf_score, 29.0
ratio, 0.40404040404
[[ 15.  15.   6.]
 [ 10.  11.   5.]
 [ 13.   8.  17.]]
cf_score, 24.0
ratio, 0.434343434343
[[  3.  16.   8.]
 [ 17.  17.   5.]
 [  8.   9.  17.]]
cf_score, 21.0
ratio, 0.373737373737
[[ 17.  12.   5.]
 [  9.  14.  10.]
 [  4.   5.  24.]]
cf_score, 46.0
ratio, 0.555555555556
[[ 12.  17.   7.]
 [ 13.  16.  11.]
 [  8.   8.   8.]]
cf_score, 21.0
ratio, 0.363636363636
[[ 21.  11.   4.]
 [ 13.  11.   3.]
 [ 12.   8.  17.]]
cf_score, 33.0
ratio, 0.494949494949
[[ 16.  13.   3.]
 [ 12.  14.   6.]
 [  9.  10.  17.]]
cf_score, 35.0
ratio, 0.474747474747
[[ 22.  13.   3.]
 [ 21.  14.   3.]
 [  5.   7.  12.]]
cf_score, 40.0
ratio, 0.484848484848
[[ 12.  11.   6.]
 [ 17.  12.   5.]
 [  5.  17.  15.]]
cf_score, 28.0
ratio, 0.393939393939
[[ 18.  11.   6.]
 [ 20.   5.   9.]
 [ 11.  11.   9.]]
cf_score, 15.0
ratio, 0.323232323232
[[ 17.  15.   8.]
 [  7.  16.   4.]
 [  8.   4.  21.]]
cf_score, 38.0
ratio, 0.545454545455
[[ 13.  14.   6.]
 [ 18.  13.   3.]
 [  9.  12.  12.]]
cf_score, 23.0
ratio, 0.383838383838
[[ 14.  19.   5.]
 [  6.  13.   4.]
 [ 10.  12.  17.]]
cf_score, 29.0
ratio, 0.444444444444
[[ 11.  14.   9.]
 [  7.  10.   9.]
 [  9.  16.  15.]]
cf_score, 18.0
ratio, 0.363636363636
[[ 17.  16.   3.]
 [ 13.  17.   5.]
 [ 11.   9.   9.]]
cf_score, 29.0
ratio, 0.434343434343
[[ 14.  13.   2.]
 [ 12.  17.   5.]
 [  8.  14.  15.]]
cf_score, 36.0
ratio, 0.464646464646
[[ 16.  20.   3.]
 [  8.  13.   8.]
 [  8.   5.  19.]]
cf_score, 37.0
ratio, 0.484848484848
[[ 21.   9.   5.]
 [ 13.  14.   7.]
 [  7.   9.  15.]]
cf_score, 38.0
ratio, 0.505050505051
[[ 13.  14.   7.]
 [ 14.  17.   5.]
 [  7.  11.  12.]]
cf_score, 28.0
ratio, 0.424242424242
[[  9.  14.   9.]
 [ 18.   8.   4.]
 [  9.   9.  20.]]
cf_score, 19.0
ratio, 0.373737373737
