[[  0.  22.  15.]
 [  0.  28.  13.]
 [  0.  13.   9.]]
cf_score, 22.0
ratio, 0.373737373737
[[  0.  20.  23.]
 [  0.  11.   9.]
 [  0.  13.  24.]]
cf_score, 12.0
ratio, 0.353535353535
[[  0.  30.  15.]
 [  0.  13.  14.]
 [  0.  13.  15.]]
cf_score, 13.0
ratio, 0.282828282828
[[  0.  27.  11.]
 [  0.  18.   7.]
 [  0.  10.  27.]]
cf_score, 34.0
ratio, 0.454545454545
[[  0.  21.   7.]
 [  0.  23.  15.]
 [  0.  17.  17.]]
cf_score, 33.0
ratio, 0.40404040404
[[  0.  22.   9.]
 [  0.  16.  10.]
 [  0.  15.  28.]]
cf_score, 35.0
ratio, 0.444444444444
[[ 17.   2.  11.]
 [ 21.   0.  17.]
 [ 11.   6.  15.]]
cf_score, 10.0
ratio, 0.323232323232
[[ 22.   2.   9.]
 [ 11.   4.  12.]
 [ 15.   4.  21.]]
cf_score, 23.0
ratio, 0.474747474747
[[ 21.   6.   7.]
 [ 22.   2.  14.]
 [ 12.   2.  14.]]
cf_score, 18.0
ratio, 0.373737373737
[[ 28.   2.   9.]
 [ 18.   3.  13.]
 [ 13.   2.  12.]]
cf_score, 21.0
ratio, 0.434343434343
[[ 25.   4.   5.]
 [ 16.   0.  17.]
 [ 15.   3.  15.]]
cf_score, 20.0
ratio, 0.40404040404
[[ 28.   2.   6.]
 [ 12.   1.  13.]
 [ 16.   1.  21.]]
cf_score, 28.0
ratio, 0.505050505051
[[ 35.   1.   5.]
 [ 19.   3.  14.]
 [ 15.   1.   7.]]
cf_score, 25.0
ratio, 0.454545454545
[[ 36.   0.   5.]
 [ 20.   1.  19.]
 [  9.   0.  10.]]
cf_score, 33.0
ratio, 0.474747474747
[[ 32.   0.   6.]
 [ 24.   0.   6.]
 [ 22.   1.   9.]]
cf_score, 13.0
ratio, 0.414141414141
[[ 19.   0.   5.]
 [ 33.   0.  10.]
 [ 21.   0.  12.]]
cf_score, 5.0
ratio, 0.313131313131
[[ 34.   0.   7.]
 [ 22.   0.   6.]
 [ 16.   0.  15.]]
cf_score, 26.0
ratio, 0.494949494949
[[ 24.   1.   8.]
 [ 14.   0.  14.]
 [ 22.   1.  16.]]
cf_score, 10.0
ratio, 0.40404040404
[[ 29.   1.   9.]
 [ 24.   0.   9.]
 [ 17.   1.  10.]]
cf_score, 13.0
ratio, 0.393939393939
[[ 27.   3.   6.]
 [ 22.   1.  11.]
 [ 17.   0.  13.]]
cf_score, 18.0
ratio, 0.414141414141
[[ 26.   2.   1.]
 [ 28.   1.   9.]
 [ 19.   1.  13.]]
cf_score, 20.0
ratio, 0.40404040404
[[ 25.   6.   9.]
 [ 17.   3.   7.]
 [ 19.   1.  13.]]
cf_score, 13.0
ratio, 0.414141414141
[[ 25.   2.   5.]
 [ 21.   1.   6.]
 [ 19.   7.  14.]]
cf_score, 16.0
ratio, 0.40404040404
[[ 26.   4.   4.]
 [ 29.   2.   7.]
 [ 16.   5.   7.]]
cf_score, 15.0
ratio, 0.353535353535
[[ 25.   1.   2.]
 [ 31.   4.  11.]
 [ 14.   4.   8.]]
cf_score, 21.0
ratio, 0.373737373737
[[ 26.   3.   8.]
 [ 17.   5.  12.]
 [ 11.   2.  16.]]
cf_score, 28.0
ratio, 0.474747474747
[[ 20.   8.   7.]
 [  9.   6.  12.]
 [ 14.   8.  16.]]
cf_score, 21.0
ratio, 0.424242424242
[[ 29.   3.   6.]
 [ 25.   4.   9.]
 [ 15.   2.   7.]]
cf_score, 19.0
ratio, 0.40404040404
[[ 32.   3.   5.]
 [ 18.   4.   9.]
 [ 15.   3.  11.]]
cf_score, 27.0
ratio, 0.474747474747
[[ 32.   0.   2.]
 [ 20.   3.   7.]
 [ 18.   7.  11.]]
cf_score, 26.0
ratio, 0.464646464646
[[ 34.   0.   3.]
 [ 21.   4.  13.]
 [ 10.   0.  15.]]
cf_score, 40.0
ratio, 0.535353535354
[[ 25.   0.   4.]
 [ 19.   2.   9.]
 [ 17.   7.  17.]]
cf_score, 23.0
ratio, 0.444444444444
[[ 20.   2.   4.]
 [ 26.   6.   3.]
 [ 19.   6.  14.]]
cf_score, 17.0
ratio, 0.40404040404
[[ 27.   3.   4.]
 [ 17.   5.   9.]
 [ 13.   5.  17.]]
cf_score, 32.0
ratio, 0.494949494949
[[ 29.   2.   5.]
 [ 19.   5.  10.]
 [ 13.   4.  13.]]
cf_score, 29.0
ratio, 0.474747474747
[[ 25.   4.   7.]
 [ 14.   8.  10.]
 [ 20.   5.   7.]]
cf_score, 13.0
ratio, 0.40404040404
[[ 26.   4.   4.]
 [ 18.   6.   6.]
 [ 21.   4.  11.]]
cf_score, 18.0
ratio, 0.434343434343
[[ 29.   1.   5.]
 [ 24.   4.  11.]
 [ 11.   3.  12.]]
cf_score, 29.0
ratio, 0.454545454545
[[ 30.   3.   4.]
 [ 18.   3.  15.]
 [ 17.   0.  10.]]
cf_score, 22.0
ratio, 0.434343434343
[[ 23.   2.   4.]
 [ 24.   5.  10.]
 [ 14.   8.  10.]]
cf_score, 20.0
ratio, 0.383838383838
[[ 30.   1.   4.]
 [ 23.   5.   8.]
 [ 18.   1.  10.]]
cf_score, 23.0
ratio, 0.454545454545
[[ 23.   3.   4.]
 [ 18.   5.  13.]
 [ 15.   5.  14.]]
cf_score, 23.0
ratio, 0.424242424242
[[ 35.   5.   5.]
 [ 16.   4.  10.]
 [  9.   2.  14.]]
cf_score, 39.0
ratio, 0.535353535354
[[ 23.   4.   1.]
 [ 26.  10.   7.]
 [ 15.   5.   9.]]
cf_score, 26.0
ratio, 0.424242424242
[[ 28.   2.   5.]
 [ 20.   3.  10.]
 [ 16.   2.  14.]]
cf_score, 24.0
ratio, 0.454545454545
[[ 26.   2.   2.]
 [ 33.   2.   5.]
 [ 17.   1.  12.]]
cf_score, 21.0
ratio, 0.40404040404
[[ 22.   6.   7.]
 [ 18.   4.   9.]
 [ 21.   4.   9.]]
cf_score, 7.0
ratio, 0.353535353535
[[ 35.   2.   8.]
 [ 18.   4.   8.]
 [ 14.   1.  10.]]
cf_score, 27.0
ratio, 0.494949494949
[[ 27.   6.   3.]
 [ 19.   5.   8.]
 [ 26.   2.   4.]]
cf_score, 7.0
ratio, 0.363636363636
[[ 28.   3.   7.]
 [ 15.   6.  10.]
 [ 14.   3.  14.]]
cf_score, 27.0
ratio, 0.484848484848
[[ 41.   1.   7.]
 [ 11.   2.  10.]
 [ 17.   2.   9.]]
cf_score, 28.0
ratio, 0.525252525253
[[ 28.   4.   1.]
 [ 20.   8.  10.]
 [ 13.   3.  13.]]
cf_score, 35.0
ratio, 0.494949494949
[[ 25.   4.   4.]
 [ 20.   5.   6.]
 [ 19.   2.  15.]]
cf_score, 22.0
ratio, 0.454545454545
[[ 33.   1.   2.]
 [ 23.   4.   6.]
 [ 18.   2.  11.]]
cf_score, 28.0
ratio, 0.484848484848
[[ 34.   2.   3.]
 [ 15.   4.   7.]
 [ 20.   3.  12.]]
cf_score, 27.0
ratio, 0.505050505051
[[ 26.   2.   2.]
 [ 22.   5.  12.]
 [ 16.   1.  14.]]
cf_score, 27.0
ratio, 0.454545454545
[[ 29.   5.   3.]
 [ 13.   0.   8.]
 [ 25.   5.  12.]]
cf_score, 13.0
ratio, 0.414141414141
[[ 23.   5.   6.]
 [ 23.   2.  13.]
 [  9.   5.  14.]]
cf_score, 24.0
ratio, 0.393939393939
[[ 26.   4.   2.]
 [ 24.   4.   5.]
 [ 18.   2.  15.]]
cf_score, 25.0
ratio, 0.454545454545
[[ 26.   5.   3.]
 [ 23.   1.  18.]
 [ 10.   6.   8.]]
cf_score, 22.0
ratio, 0.353535353535
[[ 22.   2.   3.]
 [ 24.   2.  11.]
 [ 17.   7.  12.]]
cf_score, 16.0
ratio, 0.363636363636
[[ 25.   4.   7.]
 [ 19.   3.   8.]
 [ 20.   1.  13.]]
cf_score, 14.0
ratio, 0.414141414141
[[ 32.   2.   6.]
 [ 18.   7.  10.]
 [ 15.   1.   9.]]
cf_score, 27.0
ratio, 0.484848484848
[[ 29.   6.   3.]
 [ 18.   5.  10.]
 [ 15.   3.  11.]]
cf_score, 27.0
ratio, 0.454545454545
[[ 25.   4.   5.]
 [ 20.   2.   8.]
 [ 25.   2.   9.]]
cf_score, 6.0
ratio, 0.363636363636
[[ 20.   4.   3.]
 [ 19.   4.   7.]
 [ 22.   3.  18.]]
cf_score, 17.0
ratio, 0.424242424242
[[ 28.   4.   5.]
 [ 18.   2.  11.]
 [ 15.   4.  13.]]
cf_score, 23.0
ratio, 0.434343434343
[[ 23.   3.   3.]
 [ 16.   6.  10.]
 [ 19.   5.  15.]]
cf_score, 22.0
ratio, 0.444444444444
[[ 24.   4.   8.]
 [ 22.   6.   5.]
 [ 14.   2.  15.]]
cf_score, 23.0
ratio, 0.454545454545
[[ 26.   3.   2.]
 [ 20.   2.  11.]
 [ 16.   8.  12.]]
cf_score, 22.0
ratio, 0.40404040404
[[ 26.   2.   2.]
 [ 25.   5.   7.]
 [ 19.   3.  11.]]
cf_score, 21.0
ratio, 0.424242424242
[[ 25.   4.   3.]
 [ 25.   2.   9.]
 [ 16.   2.  14.]]
cf_score, 22.0
ratio, 0.414141414141
[[ 33.   6.   4.]
 [ 18.   4.   5.]
 [ 15.   4.  11.]]
cf_score, 29.0
ratio, 0.484848484848
[[ 32.   3.   5.]
 [ 20.   2.   9.]
 [ 20.   1.   8.]]
cf_score, 17.0
ratio, 0.424242424242
[[ 26.   6.   7.]
 [ 17.   8.   8.]
 [ 13.   2.  13.]]
cf_score, 27.0
ratio, 0.474747474747
[[ 28.   2.   4.]
 [ 21.   7.   9.]
 [ 16.   2.  11.]]
cf_score, 26.0
ratio, 0.464646464646
[[ 30.   4.   7.]
 [ 20.   2.   9.]
 [ 12.   2.  14.]]
cf_score, 27.0
ratio, 0.464646464646
[[ 25.   3.   4.]
 [ 17.   2.   6.]
 [ 26.   4.  13.]]
cf_score, 10.0
ratio, 0.40404040404
[[ 32.   1.   8.]
 [ 18.   2.   9.]
 [ 20.   3.   7.]]
cf_score, 13.0
ratio, 0.414141414141
[[ 22.   1.   3.]
 [ 20.   5.  12.]
 [ 16.   3.  18.]]
cf_score, 26.0
ratio, 0.454545454545
[[ 26.   5.   3.]
 [ 25.   4.   6.]
 [ 17.   4.  10.]]
cf_score, 20.0
ratio, 0.40404040404
[[ 24.   2.   6.]
 [ 23.   5.   8.]
 [ 16.   1.  15.]]
cf_score, 22.0
ratio, 0.444444444444
[[ 21.   1.   9.]
 [ 24.   5.   6.]
 [ 18.   3.  13.]]
cf_score, 12.0
ratio, 0.393939393939
[[ 30.   4.   9.]
 [ 12.   4.  10.]
 [  5.   5.  21.]]
cf_score, 41.0
ratio, 0.555555555556
[[ 25.   4.   4.]
 [ 31.   4.   4.]
 [ 14.   3.  11.]]
cf_score, 22.0
ratio, 0.40404040404
[[ 37.   1.   9.]
 [ 14.   3.   9.]
 [  9.   5.  13.]]
cf_score, 35.0
ratio, 0.535353535354
[[ 31.   2.   4.]
 [ 17.  10.   7.]
 [ 14.   3.  12.]]
cf_score, 35.0
ratio, 0.535353535354
[[ 24.   4.   5.]
 [ 26.   6.   8.]
 [ 13.   5.   9.]]
cf_score, 21.0
ratio, 0.393939393939
[[ 29.   5.   6.]
 [ 17.   4.  17.]
 [ 12.   2.   8.]]
cf_score, 23.0
ratio, 0.414141414141
[[ 26.   2.   5.]
 [ 19.   6.   9.]
 [ 12.   7.  14.]]
cf_score, 29.0
ratio, 0.464646464646
[[ 36.   3.   2.]
 [ 19.   5.   2.]
 [ 17.   5.  11.]]
cf_score, 33.0
ratio, 0.525252525253
[[ 29.   1.   2.]
 [ 22.   5.  10.]
 [ 12.   5.  14.]]
cf_score, 34.0
ratio, 0.484848484848
[[ 18.   7.   6.]
 [ 17.  10.  11.]
 [ 18.   7.   6.]]
cf_score, 10.0
ratio, 0.343434343434
[[ 27.   0.   4.]
 [ 25.   6.   7.]
 [ 19.   3.   9.]]
cf_score, 19.0
ratio, 0.424242424242
[[ 23.   4.   2.]
 [ 27.   6.   4.]
 [ 19.   1.  14.]]
cf_score, 22.0
ratio, 0.434343434343
[[ 30.   4.   6.]
 [ 16.   6.   9.]
 [ 14.   6.   9.]]
cf_score, 25.0
ratio, 0.454545454545
[[ 27.   3.   7.]
 [ 20.   6.   9.]
 [ 20.   2.   6.]]
cf_score, 12.0
ratio, 0.393939393939
[[ 29.   3.   8.]
 [ 18.  10.   3.]
 [ 14.   6.   9.]]
cf_score, 26.0
ratio, 0.484848484848
[[ 20.   1.   6.]
 [ 32.   6.   9.]
 [ 13.   5.   8.]]
cf_score, 15.0
ratio, 0.343434343434
[[ 22.   9.   6.]
 [ 22.   5.   9.]
 [ 16.   5.   6.]]
cf_score, 11.0
ratio, 0.333333333333
