Loading Model: level_list/m1_100/tick_list/ACFN/class/models/model.h5
history_filename: history_recent/ACFN/history.json
Yesterday        : 2017-08-24: OHLCV: 0.2200, 0.2200, 0.1900, 0.2000, 40989
UberYesterday    : 2017-08-23: OHLCV: 0.1800, 0.2100, 0.1800, 0.2100, 111889
[u'0.2200', u'0.2200', u'0.1900', u'0.2000', u'40989']
[u'0.1800', u'0.2100', u'0.1800', u'0.2100', u'111889']
question_base :[0.18, 0.21, 0.18, 0.21, 0.22, 0.22, 0.19, 0.2]
0.18: [0.180, 0.210, 0.180, 0.210, 0.220, 0.220, 0.190, 0.200, 0.180][0.057, 0.166, 0.777]
0.181: [0.180, 0.210, 0.180, 0.210, 0.220, 0.220, 0.190, 0.200, 0.181][0.058, 0.167, 0.775]
0.182: [0.180, 0.210, 0.180, 0.210, 0.220, 0.220, 0.190, 0.200, 0.182][0.059, 0.169, 0.772]
0.183: [0.180, 0.210, 0.180, 0.210, 0.220, 0.220, 0.190, 0.200, 0.183][0.060, 0.170, 0.770]
0.184: [0.180, 0.210, 0.180, 0.210, 0.220, 0.220, 0.190, 0.200, 0.184][0.061, 0.171, 0.767]
0.185: [0.180, 0.210, 0.180, 0.210, 0.220, 0.220, 0.190, 0.200, 0.185][0.062, 0.173, 0.765]
0.186: [0.180, 0.210, 0.180, 0.210, 0.220, 0.220, 0.190, 0.200, 0.186][0.064, 0.174, 0.762]
0.187: [0.180, 0.210, 0.180, 0.210, 0.220, 0.220, 0.190, 0.200, 0.187][0.065, 0.176, 0.759]
0.188: [0.180, 0.210, 0.180, 0.210, 0.220, 0.220, 0.190, 0.200, 0.188][0.066, 0.177, 0.757]
0.189: [0.180, 0.210, 0.180, 0.210, 0.220, 0.220, 0.190, 0.200, 0.189][0.068, 0.179, 0.754]
0.19: [0.180, 0.210, 0.180, 0.210, 0.220, 0.220, 0.190, 0.200, 0.190][0.069, 0.180, 0.751]
0.191: [0.180, 0.210, 0.180, 0.210, 0.220, 0.220, 0.190, 0.200, 0.191][0.070, 0.182, 0.748]
0.192: [0.180, 0.210, 0.180, 0.210, 0.220, 0.220, 0.190, 0.200, 0.192][0.072, 0.183, 0.745]
0.193: [0.180, 0.210, 0.180, 0.210, 0.220, 0.220, 0.190, 0.200, 0.193][0.074, 0.185, 0.742]
0.194: [0.180, 0.210, 0.180, 0.210, 0.220, 0.220, 0.190, 0.200, 0.194][0.075, 0.186, 0.738]
0.195: [0.180, 0.210, 0.180, 0.210, 0.220, 0.220, 0.190, 0.200, 0.195][0.077, 0.188, 0.735]
0.196: [0.180, 0.210, 0.180, 0.210, 0.220, 0.220, 0.190, 0.200, 0.196][0.079, 0.189, 0.732]
0.197: [0.180, 0.210, 0.180, 0.210, 0.220, 0.220, 0.190, 0.200, 0.197][0.081, 0.191, 0.728]
0.198: [0.180, 0.210, 0.180, 0.210, 0.220, 0.220, 0.190, 0.200, 0.198][0.083, 0.193, 0.725]
0.199: [0.180, 0.210, 0.180, 0.210, 0.220, 0.220, 0.190, 0.200, 0.199][0.085, 0.194, 0.721]
0.2: [0.180, 0.210, 0.180, 0.210, 0.220, 0.220, 0.190, 0.200, 0.200][0.087, 0.196, 0.717]
0.201: [0.180, 0.210, 0.180, 0.210, 0.220, 0.220, 0.190, 0.200, 0.201][0.089, 0.197, 0.714]
0.202: [0.180, 0.210, 0.180, 0.210, 0.220, 0.220, 0.190, 0.200, 0.202][0.092, 0.199, 0.710]
0.203: [0.180, 0.210, 0.180, 0.210, 0.220, 0.220, 0.190, 0.200, 0.203][0.094, 0.200, 0.706]
0.204: [0.180, 0.210, 0.180, 0.210, 0.220, 0.220, 0.190, 0.200, 0.204][0.096, 0.202, 0.701]
0.205: [0.180, 0.210, 0.180, 0.210, 0.220, 0.220, 0.190, 0.200, 0.205][0.099, 0.204, 0.697]
0.206: [0.180, 0.210, 0.180, 0.210, 0.220, 0.220, 0.190, 0.200, 0.206][0.102, 0.205, 0.693]
0.207: [0.180, 0.210, 0.180, 0.210, 0.220, 0.220, 0.190, 0.200, 0.207][0.105, 0.207, 0.689]
0.208: [0.180, 0.210, 0.180, 0.210, 0.220, 0.220, 0.190, 0.200, 0.208][0.108, 0.208, 0.684]
0.209: [0.180, 0.210, 0.180, 0.210, 0.220, 0.220, 0.190, 0.200, 0.209][0.111, 0.210, 0.679]
0.21: [0.180, 0.210, 0.180, 0.210, 0.220, 0.220, 0.190, 0.200, 0.210][0.114, 0.211, 0.675]
0.211: [0.180, 0.210, 0.180, 0.210, 0.220, 0.220, 0.190, 0.200, 0.211][0.117, 0.213, 0.670]
0.212: [0.180, 0.210, 0.180, 0.210, 0.220, 0.220, 0.190, 0.200, 0.212][0.121, 0.214, 0.665]
0.213: [0.180, 0.210, 0.180, 0.210, 0.220, 0.220, 0.190, 0.200, 0.213][0.124, 0.216, 0.660]
0.214: [0.180, 0.210, 0.180, 0.210, 0.220, 0.220, 0.190, 0.200, 0.214][0.128, 0.217, 0.655]
0.215: [0.180, 0.210, 0.180, 0.210, 0.220, 0.220, 0.190, 0.200, 0.215][0.132, 0.218, 0.650]
0.216: [0.180, 0.210, 0.180, 0.210, 0.220, 0.220, 0.190, 0.200, 0.216][0.136, 0.220, 0.645]
0.217: [0.180, 0.210, 0.180, 0.210, 0.220, 0.220, 0.190, 0.200, 0.217][0.140, 0.221, 0.639]
0.218: [0.180, 0.210, 0.180, 0.210, 0.220, 0.220, 0.190, 0.200, 0.218][0.144, 0.222, 0.634]
0.219: [0.180, 0.210, 0.180, 0.210, 0.220, 0.220, 0.190, 0.200, 0.219][0.149, 0.223, 0.628]
