Loading Model: level_list/m1_100/tick_list/AGM/class/models/model.h5
history_filename: history_recent/AGM/history.json
Yesterday        : 2017-08-24: OHLCV: 66.3100, 66.6700, 65.6400, 66.0700, 27203
UberYesterday    : 2017-08-23: OHLCV: 65.9200, 67.0500, 65.8500, 66.1000, 41884
[u'66.3100', u'66.6700', u'65.6400', u'66.0700', u'27203']
[u'65.9200', u'67.0500', u'65.8500', u'66.1000', u'41884']
question_base :[65.92, 67.05, 65.85, 66.1, 66.31, 66.67, 65.64, 66.07]
59.463: [65.920, 67.050, 65.850, 66.100, 66.310, 66.670, 65.640, 66.070, 59.463][0.194, 0.197, 0.609]
59.79335: [65.920, 67.050, 65.850, 66.100, 66.310, 66.670, 65.640, 66.070, 59.793][0.194, 0.197, 0.609]
60.1237: [65.920, 67.050, 65.850, 66.100, 66.310, 66.670, 65.640, 66.070, 60.124][0.194, 0.197, 0.609]
60.45405: [65.920, 67.050, 65.850, 66.100, 66.310, 66.670, 65.640, 66.070, 60.454][0.194, 0.197, 0.609]
60.7844: [65.920, 67.050, 65.850, 66.100, 66.310, 66.670, 65.640, 66.070, 60.784][0.194, 0.197, 0.609]
61.11475: [65.920, 67.050, 65.850, 66.100, 66.310, 66.670, 65.640, 66.070, 61.115][0.194, 0.197, 0.609]
61.4451: [65.920, 67.050, 65.850, 66.100, 66.310, 66.670, 65.640, 66.070, 61.445][0.194, 0.198, 0.609]
61.77545: [65.920, 67.050, 65.850, 66.100, 66.310, 66.670, 65.640, 66.070, 61.775][0.194, 0.198, 0.609]
62.1058: [65.920, 67.050, 65.850, 66.100, 66.310, 66.670, 65.640, 66.070, 62.106][0.194, 0.198, 0.608]
62.43615: [65.920, 67.050, 65.850, 66.100, 66.310, 66.670, 65.640, 66.070, 62.436][0.194, 0.198, 0.608]
62.7665: [65.920, 67.050, 65.850, 66.100, 66.310, 66.670, 65.640, 66.070, 62.767][0.194, 0.199, 0.607]
63.09685: [65.920, 67.050, 65.850, 66.100, 66.310, 66.670, 65.640, 66.070, 63.097][0.195, 0.202, 0.603]
63.4272: [65.920, 67.050, 65.850, 66.100, 66.310, 66.670, 65.640, 66.070, 63.427][0.197, 0.218, 0.585]
63.75755: [65.920, 67.050, 65.850, 66.100, 66.310, 66.670, 65.640, 66.070, 63.758][0.208, 0.388, 0.404]
64.0879: [65.920, 67.050, 65.850, 66.100, 66.310, 66.670, 65.640, 66.070, 64.088][0.369, 0.383, 0.247]
64.41825: [65.920, 67.050, 65.850, 66.100, 66.310, 66.670, 65.640, 66.070, 64.418][0.343, 0.401, 0.257]
64.7486: [65.920, 67.050, 65.850, 66.100, 66.310, 66.670, 65.640, 66.070, 64.749][0.350, 0.398, 0.252]
65.07895: [65.920, 67.050, 65.850, 66.100, 66.310, 66.670, 65.640, 66.070, 65.079][0.375, 0.386, 0.238]
65.4093: [65.920, 67.050, 65.850, 66.100, 66.310, 66.670, 65.640, 66.070, 65.409][0.420, 0.362, 0.218]
65.73965: [65.920, 67.050, 65.850, 66.100, 66.310, 66.670, 65.640, 66.070, 65.740][0.486, 0.321, 0.193]
66.07: [65.920, 67.050, 65.850, 66.100, 66.310, 66.670, 65.640, 66.070, 66.070][0.564, 0.271, 0.165]
66.40035: [65.920, 67.050, 65.850, 66.100, 66.310, 66.670, 65.640, 66.070, 66.400][0.638, 0.224, 0.138]
66.7307: [65.920, 67.050, 65.850, 66.100, 66.310, 66.670, 65.640, 66.070, 66.731][0.697, 0.186, 0.117]
67.06105: [65.920, 67.050, 65.850, 66.100, 66.310, 66.670, 65.640, 66.070, 67.061][0.738, 0.160, 0.102]
67.3914: [65.920, 67.050, 65.850, 66.100, 66.310, 66.670, 65.640, 66.070, 67.391][0.765, 0.143, 0.092]
67.72175: [65.920, 67.050, 65.850, 66.100, 66.310, 66.670, 65.640, 66.070, 67.722][0.782, 0.132, 0.085]
68.0521: [65.920, 67.050, 65.850, 66.100, 66.310, 66.670, 65.640, 66.070, 68.052][0.793, 0.125, 0.081]
68.38245: [65.920, 67.050, 65.850, 66.100, 66.310, 66.670, 65.640, 66.070, 68.382][0.801, 0.121, 0.079]
68.7128: [65.920, 67.050, 65.850, 66.100, 66.310, 66.670, 65.640, 66.070, 68.713][0.805, 0.118, 0.077]
69.04315: [65.920, 67.050, 65.850, 66.100, 66.310, 66.670, 65.640, 66.070, 69.043][0.808, 0.116, 0.076]
69.3735: [65.920, 67.050, 65.850, 66.100, 66.310, 66.670, 65.640, 66.070, 69.373][0.810, 0.115, 0.075]
69.70385: [65.920, 67.050, 65.850, 66.100, 66.310, 66.670, 65.640, 66.070, 69.704][0.811, 0.114, 0.075]
70.0342: [65.920, 67.050, 65.850, 66.100, 66.310, 66.670, 65.640, 66.070, 70.034][0.812, 0.113, 0.074]
70.36455: [65.920, 67.050, 65.850, 66.100, 66.310, 66.670, 65.640, 66.070, 70.365][0.813, 0.113, 0.074]
70.6949: [65.920, 67.050, 65.850, 66.100, 66.310, 66.670, 65.640, 66.070, 70.695][0.813, 0.113, 0.074]
71.02525: [65.920, 67.050, 65.850, 66.100, 66.310, 66.670, 65.640, 66.070, 71.025][0.813, 0.113, 0.074]
71.3556: [65.920, 67.050, 65.850, 66.100, 66.310, 66.670, 65.640, 66.070, 71.356][0.814, 0.113, 0.074]
71.68595: [65.920, 67.050, 65.850, 66.100, 66.310, 66.670, 65.640, 66.070, 71.686][0.814, 0.113, 0.074]
72.0163: [65.920, 67.050, 65.850, 66.100, 66.310, 66.670, 65.640, 66.070, 72.016][0.814, 0.113, 0.074]
72.34665: [65.920, 67.050, 65.850, 66.100, 66.310, 66.670, 65.640, 66.070, 72.347][0.814, 0.113, 0.074]
72.677: [65.920, 67.050, 65.850, 66.100, 66.310, 66.670, 65.640, 66.070, 72.677][0.814, 0.113, 0.074]
