Loading Model: level_list/m1_100/tick_list/APOG/class/models/model.h5
history_filename: history_recent/APOG/history.json
Yesterday        : 2017-08-24: OHLCV: 41.2100, 42.0900, 40.7100, 41.0600, 984595
UberYesterday    : 2017-08-23: OHLCV: 45.6200, 46.3400, 40.0300, 41.0100, 2220834
[u'41.2100', u'42.0900', u'40.7100', u'41.0600', u'984595']
[u'45.6200', u'46.3400', u'40.0300', u'41.0100', u'2220834']
question_base :[45.62, 46.34, 40.03, 41.01, 41.21, 42.09, 40.71, 41.06]
36.954: [45.620, 46.340, 40.030, 41.010, 41.210, 42.090, 40.710, 41.060, 36.954][0.011, 0.006, 0.983]
37.1593: [45.620, 46.340, 40.030, 41.010, 41.210, 42.090, 40.710, 41.060, 37.159][0.011, 0.006, 0.983]
37.3646: [45.620, 46.340, 40.030, 41.010, 41.210, 42.090, 40.710, 41.060, 37.365][0.011, 0.006, 0.983]
37.5699: [45.620, 46.340, 40.030, 41.010, 41.210, 42.090, 40.710, 41.060, 37.570][0.011, 0.006, 0.983]
37.7752: [45.620, 46.340, 40.030, 41.010, 41.210, 42.090, 40.710, 41.060, 37.775][0.011, 0.006, 0.983]
37.9805: [45.620, 46.340, 40.030, 41.010, 41.210, 42.090, 40.710, 41.060, 37.981][0.011, 0.006, 0.983]
38.1858: [45.620, 46.340, 40.030, 41.010, 41.210, 42.090, 40.710, 41.060, 38.186][0.011, 0.006, 0.983]
38.3911: [45.620, 46.340, 40.030, 41.010, 41.210, 42.090, 40.710, 41.060, 38.391][0.011, 0.006, 0.982]
38.5964: [45.620, 46.340, 40.030, 41.010, 41.210, 42.090, 40.710, 41.060, 38.596][0.011, 0.006, 0.982]
38.8017: [45.620, 46.340, 40.030, 41.010, 41.210, 42.090, 40.710, 41.060, 38.802][0.012, 0.007, 0.982]
39.007: [45.620, 46.340, 40.030, 41.010, 41.210, 42.090, 40.710, 41.060, 39.007][0.012, 0.007, 0.981]
39.2123: [45.620, 46.340, 40.030, 41.010, 41.210, 42.090, 40.710, 41.060, 39.212][0.013, 0.007, 0.980]
39.4176: [45.620, 46.340, 40.030, 41.010, 41.210, 42.090, 40.710, 41.060, 39.418][0.013, 0.008, 0.979]
39.6229: [45.620, 46.340, 40.030, 41.010, 41.210, 42.090, 40.710, 41.060, 39.623][0.015, 0.009, 0.976]
39.8282: [45.620, 46.340, 40.030, 41.010, 41.210, 42.090, 40.710, 41.060, 39.828][0.017, 0.011, 0.971]
40.0335: [45.620, 46.340, 40.030, 41.010, 41.210, 42.090, 40.710, 41.060, 40.034][0.022, 0.016, 0.962]
40.2388: [45.620, 46.340, 40.030, 41.010, 41.210, 42.090, 40.710, 41.060, 40.239][0.034, 0.029, 0.937]
40.4441: [45.620, 46.340, 40.030, 41.010, 41.210, 42.090, 40.710, 41.060, 40.444][0.068, 0.077, 0.855]
40.6494: [45.620, 46.340, 40.030, 41.010, 41.210, 42.090, 40.710, 41.060, 40.649][0.148, 0.247, 0.604]
40.8547: [45.620, 46.340, 40.030, 41.010, 41.210, 42.090, 40.710, 41.060, 40.855][0.235, 0.456, 0.308]
41.06: [45.620, 46.340, 40.030, 41.010, 41.210, 42.090, 40.710, 41.060, 41.060][0.378, 0.457, 0.165]
41.2653: [45.620, 46.340, 40.030, 41.010, 41.210, 42.090, 40.710, 41.060, 41.265][0.502, 0.388, 0.110]
41.4706: [45.620, 46.340, 40.030, 41.010, 41.210, 42.090, 40.710, 41.060, 41.471][0.543, 0.362, 0.095]
41.6759: [45.620, 46.340, 40.030, 41.010, 41.210, 42.090, 40.710, 41.060, 41.676][0.555, 0.354, 0.092]
41.8812: [45.620, 46.340, 40.030, 41.010, 41.210, 42.090, 40.710, 41.060, 41.881][0.558, 0.351, 0.090]
42.0865: [45.620, 46.340, 40.030, 41.010, 41.210, 42.090, 40.710, 41.060, 42.087][0.560, 0.350, 0.090]
42.2918: [45.620, 46.340, 40.030, 41.010, 41.210, 42.090, 40.710, 41.060, 42.292][0.560, 0.350, 0.090]
42.4971: [45.620, 46.340, 40.030, 41.010, 41.210, 42.090, 40.710, 41.060, 42.497][0.561, 0.350, 0.090]
42.7024: [45.620, 46.340, 40.030, 41.010, 41.210, 42.090, 40.710, 41.060, 42.702][0.561, 0.350, 0.090]
42.9077: [45.620, 46.340, 40.030, 41.010, 41.210, 42.090, 40.710, 41.060, 42.908][0.561, 0.350, 0.089]
43.113: [45.620, 46.340, 40.030, 41.010, 41.210, 42.090, 40.710, 41.060, 43.113][0.561, 0.349, 0.089]
43.3183: [45.620, 46.340, 40.030, 41.010, 41.210, 42.090, 40.710, 41.060, 43.318][0.561, 0.349, 0.089]
43.5236: [45.620, 46.340, 40.030, 41.010, 41.210, 42.090, 40.710, 41.060, 43.524][0.561, 0.349, 0.089]
43.7289: [45.620, 46.340, 40.030, 41.010, 41.210, 42.090, 40.710, 41.060, 43.729][0.561, 0.349, 0.089]
43.9342: [45.620, 46.340, 40.030, 41.010, 41.210, 42.090, 40.710, 41.060, 43.934][0.561, 0.349, 0.089]
44.1395: [45.620, 46.340, 40.030, 41.010, 41.210, 42.090, 40.710, 41.060, 44.140][0.561, 0.349, 0.089]
44.3448: [45.620, 46.340, 40.030, 41.010, 41.210, 42.090, 40.710, 41.060, 44.345][0.561, 0.349, 0.089]
44.5501: [45.620, 46.340, 40.030, 41.010, 41.210, 42.090, 40.710, 41.060, 44.550][0.561, 0.349, 0.089]
44.7554: [45.620, 46.340, 40.030, 41.010, 41.210, 42.090, 40.710, 41.060, 44.755][0.561, 0.349, 0.089]
44.9607: [45.620, 46.340, 40.030, 41.010, 41.210, 42.090, 40.710, 41.060, 44.961][0.561, 0.349, 0.089]
