Loading Model: level_list/m1_100/tick_list/ATW/class/models/model.h5
history_filename: history_recent/ATW/history.json
Yesterday        : 2017-08-24: OHLCV: 6.5400, 6.7900, 6.5300, 6.6200, 4751315
UberYesterday    : 2017-08-23: OHLCV: 6.3500, 6.6300, 6.2200, 6.5900, 5163681
[u'6.5400', u'6.7900', u'6.5300', u'6.6200', u'4751315']
[u'6.3500', u'6.6300', u'6.2200', u'6.5900', u'5163681']
question_base :[6.35, 6.63, 6.22, 6.59, 6.54, 6.79, 6.53, 6.62]
5.958: [6.350, 6.630, 6.220, 6.590, 6.540, 6.790, 6.530, 6.620, 5.958][0.057, 0.121, 0.821]
5.9911: [6.350, 6.630, 6.220, 6.590, 6.540, 6.790, 6.530, 6.620, 5.991][0.057, 0.121, 0.822]
6.0242: [6.350, 6.630, 6.220, 6.590, 6.540, 6.790, 6.530, 6.620, 6.024][0.057, 0.121, 0.822]
6.0573: [6.350, 6.630, 6.220, 6.590, 6.540, 6.790, 6.530, 6.620, 6.057][0.057, 0.121, 0.822]
6.0904: [6.350, 6.630, 6.220, 6.590, 6.540, 6.790, 6.530, 6.620, 6.090][0.057, 0.121, 0.822]
6.1235: [6.350, 6.630, 6.220, 6.590, 6.540, 6.790, 6.530, 6.620, 6.124][0.057, 0.121, 0.822]
6.1566: [6.350, 6.630, 6.220, 6.590, 6.540, 6.790, 6.530, 6.620, 6.157][0.057, 0.121, 0.822]
6.1897: [6.350, 6.630, 6.220, 6.590, 6.540, 6.790, 6.530, 6.620, 6.190][0.057, 0.121, 0.822]
6.2228: [6.350, 6.630, 6.220, 6.590, 6.540, 6.790, 6.530, 6.620, 6.223][0.057, 0.121, 0.822]
6.2559: [6.350, 6.630, 6.220, 6.590, 6.540, 6.790, 6.530, 6.620, 6.256][0.057, 0.121, 0.822]
6.289: [6.350, 6.630, 6.220, 6.590, 6.540, 6.790, 6.530, 6.620, 6.289][0.057, 0.121, 0.822]
6.3221: [6.350, 6.630, 6.220, 6.590, 6.540, 6.790, 6.530, 6.620, 6.322][0.057, 0.121, 0.822]
6.3552: [6.350, 6.630, 6.220, 6.590, 6.540, 6.790, 6.530, 6.620, 6.355][0.057, 0.121, 0.822]
6.3883: [6.350, 6.630, 6.220, 6.590, 6.540, 6.790, 6.530, 6.620, 6.388][0.057, 0.121, 0.822]
6.4214: [6.350, 6.630, 6.220, 6.590, 6.540, 6.790, 6.530, 6.620, 6.421][0.057, 0.121, 0.822]
6.4545: [6.350, 6.630, 6.220, 6.590, 6.540, 6.790, 6.530, 6.620, 6.455][0.057, 0.121, 0.822]
6.4876: [6.350, 6.630, 6.220, 6.590, 6.540, 6.790, 6.530, 6.620, 6.488][0.057, 0.121, 0.822]
6.5207: [6.350, 6.630, 6.220, 6.590, 6.540, 6.790, 6.530, 6.620, 6.521][0.057, 0.121, 0.822]
6.5538: [6.350, 6.630, 6.220, 6.590, 6.540, 6.790, 6.530, 6.620, 6.554][0.057, 0.121, 0.822]
6.5869: [6.350, 6.630, 6.220, 6.590, 6.540, 6.790, 6.530, 6.620, 6.587][0.057, 0.121, 0.822]
6.62: [6.350, 6.630, 6.220, 6.590, 6.540, 6.790, 6.530, 6.620, 6.620][0.057, 0.121, 0.822]
6.6531: [6.350, 6.630, 6.220, 6.590, 6.540, 6.790, 6.530, 6.620, 6.653][0.057, 0.121, 0.821]
6.6862: [6.350, 6.630, 6.220, 6.590, 6.540, 6.790, 6.530, 6.620, 6.686][0.057, 0.121, 0.821]
6.7193: [6.350, 6.630, 6.220, 6.590, 6.540, 6.790, 6.530, 6.620, 6.719][0.057, 0.121, 0.821]
6.7524: [6.350, 6.630, 6.220, 6.590, 6.540, 6.790, 6.530, 6.620, 6.752][0.058, 0.121, 0.821]
6.7855: [6.350, 6.630, 6.220, 6.590, 6.540, 6.790, 6.530, 6.620, 6.786][0.058, 0.122, 0.821]
6.8186: [6.350, 6.630, 6.220, 6.590, 6.540, 6.790, 6.530, 6.620, 6.819][0.058, 0.122, 0.821]
6.8517: [6.350, 6.630, 6.220, 6.590, 6.540, 6.790, 6.530, 6.620, 6.852][0.058, 0.122, 0.820]
6.8848: [6.350, 6.630, 6.220, 6.590, 6.540, 6.790, 6.530, 6.620, 6.885][0.058, 0.122, 0.820]
6.9179: [6.350, 6.630, 6.220, 6.590, 6.540, 6.790, 6.530, 6.620, 6.918][0.058, 0.122, 0.820]
6.951: [6.350, 6.630, 6.220, 6.590, 6.540, 6.790, 6.530, 6.620, 6.951][0.058, 0.123, 0.819]
6.9841: [6.350, 6.630, 6.220, 6.590, 6.540, 6.790, 6.530, 6.620, 6.984][0.058, 0.123, 0.819]
7.0172: [6.350, 6.630, 6.220, 6.590, 6.540, 6.790, 6.530, 6.620, 7.017][0.058, 0.123, 0.819]
7.0503: [6.350, 6.630, 6.220, 6.590, 6.540, 6.790, 6.530, 6.620, 7.050][0.058, 0.124, 0.818]
7.0834: [6.350, 6.630, 6.220, 6.590, 6.540, 6.790, 6.530, 6.620, 7.083][0.059, 0.124, 0.817]
7.1165: [6.350, 6.630, 6.220, 6.590, 6.540, 6.790, 6.530, 6.620, 7.117][0.059, 0.125, 0.817]
7.1496: [6.350, 6.630, 6.220, 6.590, 6.540, 6.790, 6.530, 6.620, 7.150][0.059, 0.125, 0.816]
7.1827: [6.350, 6.630, 6.220, 6.590, 6.540, 6.790, 6.530, 6.620, 7.183][0.059, 0.126, 0.815]
7.2158: [6.350, 6.630, 6.220, 6.590, 6.540, 6.790, 6.530, 6.620, 7.216][0.059, 0.127, 0.814]
7.2489: [6.350, 6.630, 6.220, 6.590, 6.540, 6.790, 6.530, 6.620, 7.249][0.060, 0.127, 0.813]
