Loading Model: level_list/m1_100/tick_list/DXPE/class/models/model.h5
history_filename: history_recent/DXPE/history.json
Yesterday        : 2017-08-24: OHLCV: 26.2200, 26.3700, 25.8300, 25.9600, 98051
UberYesterday    : 2017-08-23: OHLCV: 25.6900, 26.0400, 25.6700, 25.9600, 68259
[u'26.2200', u'26.3700', u'25.8300', u'25.9600', u'98051']
[u'25.6900', u'26.0400', u'25.6700', u'25.9600', u'68259']
question_base :[25.69, 26.04, 25.67, 25.96, 26.22, 26.37, 25.83, 25.96]
23.364: [25.690, 26.040, 25.670, 25.960, 26.220, 26.370, 25.830, 25.960, 23.364][0.074, 0.665, 0.260]
23.4938: [25.690, 26.040, 25.670, 25.960, 26.220, 26.370, 25.830, 25.960, 23.494][0.074, 0.665, 0.261]
23.6236: [25.690, 26.040, 25.670, 25.960, 26.220, 26.370, 25.830, 25.960, 23.624][0.074, 0.664, 0.262]
23.7534: [25.690, 26.040, 25.670, 25.960, 26.220, 26.370, 25.830, 25.960, 23.753][0.075, 0.663, 0.263]
23.8832: [25.690, 26.040, 25.670, 25.960, 26.220, 26.370, 25.830, 25.960, 23.883][0.075, 0.662, 0.263]
24.013: [25.690, 26.040, 25.670, 25.960, 26.220, 26.370, 25.830, 25.960, 24.013][0.075, 0.661, 0.265]
24.1428: [25.690, 26.040, 25.670, 25.960, 26.220, 26.370, 25.830, 25.960, 24.143][0.075, 0.659, 0.266]
24.2726: [25.690, 26.040, 25.670, 25.960, 26.220, 26.370, 25.830, 25.960, 24.273][0.075, 0.658, 0.267]
24.4024: [25.690, 26.040, 25.670, 25.960, 26.220, 26.370, 25.830, 25.960, 24.402][0.075, 0.657, 0.268]
24.5322: [25.690, 26.040, 25.670, 25.960, 26.220, 26.370, 25.830, 25.960, 24.532][0.075, 0.655, 0.270]
24.662: [25.690, 26.040, 25.670, 25.960, 26.220, 26.370, 25.830, 25.960, 24.662][0.076, 0.653, 0.271]
24.7918: [25.690, 26.040, 25.670, 25.960, 26.220, 26.370, 25.830, 25.960, 24.792][0.076, 0.652, 0.273]
24.9216: [25.690, 26.040, 25.670, 25.960, 26.220, 26.370, 25.830, 25.960, 24.922][0.076, 0.650, 0.274]
25.0514: [25.690, 26.040, 25.670, 25.960, 26.220, 26.370, 25.830, 25.960, 25.051][0.076, 0.648, 0.276]
25.1812: [25.690, 26.040, 25.670, 25.960, 26.220, 26.370, 25.830, 25.960, 25.181][0.076, 0.646, 0.278]
25.311: [25.690, 26.040, 25.670, 25.960, 26.220, 26.370, 25.830, 25.960, 25.311][0.077, 0.644, 0.279]
25.4408: [25.690, 26.040, 25.670, 25.960, 26.220, 26.370, 25.830, 25.960, 25.441][0.077, 0.642, 0.281]
25.5706: [25.690, 26.040, 25.670, 25.960, 26.220, 26.370, 25.830, 25.960, 25.571][0.077, 0.640, 0.283]
25.7004: [25.690, 26.040, 25.670, 25.960, 26.220, 26.370, 25.830, 25.960, 25.700][0.077, 0.638, 0.285]
25.8302: [25.690, 26.040, 25.670, 25.960, 26.220, 26.370, 25.830, 25.960, 25.830][0.078, 0.635, 0.287]
25.96: [25.690, 26.040, 25.670, 25.960, 26.220, 26.370, 25.830, 25.960, 25.960][0.078, 0.633, 0.289]
26.0898: [25.690, 26.040, 25.670, 25.960, 26.220, 26.370, 25.830, 25.960, 26.090][0.078, 0.631, 0.291]
26.2196: [25.690, 26.040, 25.670, 25.960, 26.220, 26.370, 25.830, 25.960, 26.220][0.079, 0.629, 0.293]
26.3494: [25.690, 26.040, 25.670, 25.960, 26.220, 26.370, 25.830, 25.960, 26.349][0.079, 0.626, 0.295]
26.4792: [25.690, 26.040, 25.670, 25.960, 26.220, 26.370, 25.830, 25.960, 26.479][0.079, 0.624, 0.297]
26.609: [25.690, 26.040, 25.670, 25.960, 26.220, 26.370, 25.830, 25.960, 26.609][0.080, 0.622, 0.298]
26.7388: [25.690, 26.040, 25.670, 25.960, 26.220, 26.370, 25.830, 25.960, 26.739][0.080, 0.620, 0.300]
26.8686: [25.690, 26.040, 25.670, 25.960, 26.220, 26.370, 25.830, 25.960, 26.869][0.080, 0.618, 0.302]
26.9984: [25.690, 26.040, 25.670, 25.960, 26.220, 26.370, 25.830, 25.960, 26.998][0.081, 0.616, 0.303]
27.1282: [25.690, 26.040, 25.670, 25.960, 26.220, 26.370, 25.830, 25.960, 27.128][0.081, 0.614, 0.304]
27.258: [25.690, 26.040, 25.670, 25.960, 26.220, 26.370, 25.830, 25.960, 27.258][0.082, 0.613, 0.305]
27.3878: [25.690, 26.040, 25.670, 25.960, 26.220, 26.370, 25.830, 25.960, 27.388][0.082, 0.612, 0.306]
27.5176: [25.690, 26.040, 25.670, 25.960, 26.220, 26.370, 25.830, 25.960, 27.518][0.083, 0.611, 0.307]
27.6474: [25.690, 26.040, 25.670, 25.960, 26.220, 26.370, 25.830, 25.960, 27.647][0.083, 0.610, 0.307]
27.7772: [25.690, 26.040, 25.670, 25.960, 26.220, 26.370, 25.830, 25.960, 27.777][0.084, 0.609, 0.307]
27.907: [25.690, 26.040, 25.670, 25.960, 26.220, 26.370, 25.830, 25.960, 27.907][0.085, 0.609, 0.306]
28.0368: [25.690, 26.040, 25.670, 25.960, 26.220, 26.370, 25.830, 25.960, 28.037][0.086, 0.609, 0.305]
28.1666: [25.690, 26.040, 25.670, 25.960, 26.220, 26.370, 25.830, 25.960, 28.167][0.087, 0.609, 0.304]
28.2964: [25.690, 26.040, 25.670, 25.960, 26.220, 26.370, 25.830, 25.960, 28.296][0.088, 0.610, 0.302]
28.4262: [25.690, 26.040, 25.670, 25.960, 26.220, 26.370, 25.830, 25.960, 28.426][0.089, 0.610, 0.300]
28.556: [25.690, 26.040, 25.670, 25.960, 26.220, 26.370, 25.830, 25.960, 28.556][0.091, 0.611, 0.298]
