Loading Model: level_list/m1_100/tick_list/INSY/class/models/model.h5
history_filename: history_recent/INSY/history.json
Yesterday        : 2017-08-24: OHLCV: 9.1200, 9.6000, 9.0700, 9.4300, 595084
UberYesterday    : 2017-08-23: OHLCV: 8.9900, 9.2200, 8.9700, 9.0700, 270047
[u'9.1200', u'9.6000', u'9.0700', u'9.4300', u'595084']
[u'8.9900', u'9.2200', u'8.9700', u'9.0700', u'270047']
question_base :[8.99, 9.22, 8.97, 9.07, 9.12, 9.6, 9.07, 9.43]
8.487: [8.990, 9.220, 8.970, 9.070, 9.120, 9.600, 9.070, 9.430, 8.487][0.333, 0.400, 0.267]
8.53415: [8.990, 9.220, 8.970, 9.070, 9.120, 9.600, 9.070, 9.430, 8.534][0.333, 0.400, 0.267]
8.5813: [8.990, 9.220, 8.970, 9.070, 9.120, 9.600, 9.070, 9.430, 8.581][0.333, 0.400, 0.267]
8.62845: [8.990, 9.220, 8.970, 9.070, 9.120, 9.600, 9.070, 9.430, 8.628][0.333, 0.400, 0.267]
8.6756: [8.990, 9.220, 8.970, 9.070, 9.120, 9.600, 9.070, 9.430, 8.676][0.333, 0.400, 0.267]
8.72275: [8.990, 9.220, 8.970, 9.070, 9.120, 9.600, 9.070, 9.430, 8.723][0.333, 0.400, 0.267]
8.7699: [8.990, 9.220, 8.970, 9.070, 9.120, 9.600, 9.070, 9.430, 8.770][0.333, 0.400, 0.267]
8.81705: [8.990, 9.220, 8.970, 9.070, 9.120, 9.600, 9.070, 9.430, 8.817][0.333, 0.400, 0.267]
8.8642: [8.990, 9.220, 8.970, 9.070, 9.120, 9.600, 9.070, 9.430, 8.864][0.333, 0.400, 0.267]
8.91135: [8.990, 9.220, 8.970, 9.070, 9.120, 9.600, 9.070, 9.430, 8.911][0.333, 0.400, 0.267]
8.9585: [8.990, 9.220, 8.970, 9.070, 9.120, 9.600, 9.070, 9.430, 8.959][0.333, 0.400, 0.267]
9.00565: [8.990, 9.220, 8.970, 9.070, 9.120, 9.600, 9.070, 9.430, 9.006][0.333, 0.400, 0.267]
9.0528: [8.990, 9.220, 8.970, 9.070, 9.120, 9.600, 9.070, 9.430, 9.053][0.333, 0.400, 0.267]
9.09995: [8.990, 9.220, 8.970, 9.070, 9.120, 9.600, 9.070, 9.430, 9.100][0.333, 0.400, 0.267]
9.1471: [8.990, 9.220, 8.970, 9.070, 9.120, 9.600, 9.070, 9.430, 9.147][0.333, 0.400, 0.267]
9.19425: [8.990, 9.220, 8.970, 9.070, 9.120, 9.600, 9.070, 9.430, 9.194][0.333, 0.400, 0.267]
9.2414: [8.990, 9.220, 8.970, 9.070, 9.120, 9.600, 9.070, 9.430, 9.241][0.333, 0.400, 0.267]
9.28855: [8.990, 9.220, 8.970, 9.070, 9.120, 9.600, 9.070, 9.430, 9.289][0.333, 0.400, 0.267]
9.3357: [8.990, 9.220, 8.970, 9.070, 9.120, 9.600, 9.070, 9.430, 9.336][0.333, 0.400, 0.267]
9.38285: [8.990, 9.220, 8.970, 9.070, 9.120, 9.600, 9.070, 9.430, 9.383][0.333, 0.400, 0.267]
9.43: [8.990, 9.220, 8.970, 9.070, 9.120, 9.600, 9.070, 9.430, 9.430][0.333, 0.400, 0.267]
9.47715: [8.990, 9.220, 8.970, 9.070, 9.120, 9.600, 9.070, 9.430, 9.477][0.333, 0.400, 0.267]
9.5243: [8.990, 9.220, 8.970, 9.070, 9.120, 9.600, 9.070, 9.430, 9.524][0.333, 0.400, 0.267]
9.57145: [8.990, 9.220, 8.970, 9.070, 9.120, 9.600, 9.070, 9.430, 9.571][0.333, 0.400, 0.267]
9.6186: [8.990, 9.220, 8.970, 9.070, 9.120, 9.600, 9.070, 9.430, 9.619][0.333, 0.400, 0.267]
9.66575: [8.990, 9.220, 8.970, 9.070, 9.120, 9.600, 9.070, 9.430, 9.666][0.333, 0.400, 0.267]
9.7129: [8.990, 9.220, 8.970, 9.070, 9.120, 9.600, 9.070, 9.430, 9.713][0.333, 0.400, 0.267]
9.76005: [8.990, 9.220, 8.970, 9.070, 9.120, 9.600, 9.070, 9.430, 9.760][0.333, 0.400, 0.267]
9.8072: [8.990, 9.220, 8.970, 9.070, 9.120, 9.600, 9.070, 9.430, 9.807][0.333, 0.400, 0.267]
9.85435: [8.990, 9.220, 8.970, 9.070, 9.120, 9.600, 9.070, 9.430, 9.854][0.333, 0.400, 0.267]
9.9015: [8.990, 9.220, 8.970, 9.070, 9.120, 9.600, 9.070, 9.430, 9.902][0.333, 0.400, 0.267]
9.94865: [8.990, 9.220, 8.970, 9.070, 9.120, 9.600, 9.070, 9.430, 9.949][0.333, 0.400, 0.267]
9.9958: [8.990, 9.220, 8.970, 9.070, 9.120, 9.600, 9.070, 9.430, 9.996][0.333, 0.400, 0.267]
10.04295: [8.990, 9.220, 8.970, 9.070, 9.120, 9.600, 9.070, 9.430, 10.043][0.333, 0.400, 0.267]
10.0901: [8.990, 9.220, 8.970, 9.070, 9.120, 9.600, 9.070, 9.430, 10.090][0.333, 0.400, 0.267]
10.13725: [8.990, 9.220, 8.970, 9.070, 9.120, 9.600, 9.070, 9.430, 10.137][0.333, 0.400, 0.267]
10.1844: [8.990, 9.220, 8.970, 9.070, 9.120, 9.600, 9.070, 9.430, 10.184][0.333, 0.400, 0.267]
10.23155: [8.990, 9.220, 8.970, 9.070, 9.120, 9.600, 9.070, 9.430, 10.232][0.333, 0.400, 0.267]
10.2787: [8.990, 9.220, 8.970, 9.070, 9.120, 9.600, 9.070, 9.430, 10.279][0.333, 0.400, 0.267]
10.32585: [8.990, 9.220, 8.970, 9.070, 9.120, 9.600, 9.070, 9.430, 10.326][0.333, 0.400, 0.267]
