Loading Model: level_list/m1_100/tick_list/XONE/class/models/model.h5
history_filename: history_recent/XONE/history.json
Yesterday        : 2017-08-24: OHLCV: 8.0100, 8.0200, 7.5900, 7.8400, 211258
UberYesterday    : 2017-08-23: OHLCV: 7.6200, 8.0400, 7.5700, 8.0200, 251272
[u'8.0100', u'8.0200', u'7.5900', u'7.8400', u'211258']
[u'7.6200', u'8.0400', u'7.5700', u'8.0200', u'251272']
question_base :[7.62, 8.04, 7.57, 8.02, 8.01, 8.02, 7.59, 7.84]
7.056: [7.620, 8.040, 7.570, 8.020, 8.010, 8.020, 7.590, 7.840, 7.056][0.119, 0.170, 0.712]
7.0952: [7.620, 8.040, 7.570, 8.020, 8.010, 8.020, 7.590, 7.840, 7.095][0.119, 0.170, 0.712]
7.1344: [7.620, 8.040, 7.570, 8.020, 8.010, 8.020, 7.590, 7.840, 7.134][0.119, 0.170, 0.712]
7.1736: [7.620, 8.040, 7.570, 8.020, 8.010, 8.020, 7.590, 7.840, 7.174][0.119, 0.170, 0.712]
7.2128: [7.620, 8.040, 7.570, 8.020, 8.010, 8.020, 7.590, 7.840, 7.213][0.119, 0.170, 0.712]
7.252: [7.620, 8.040, 7.570, 8.020, 8.010, 8.020, 7.590, 7.840, 7.252][0.118, 0.170, 0.712]
7.2912: [7.620, 8.040, 7.570, 8.020, 8.010, 8.020, 7.590, 7.840, 7.291][0.118, 0.170, 0.712]
7.3304: [7.620, 8.040, 7.570, 8.020, 8.010, 8.020, 7.590, 7.840, 7.330][0.118, 0.170, 0.712]
7.3696: [7.620, 8.040, 7.570, 8.020, 8.010, 8.020, 7.590, 7.840, 7.370][0.118, 0.170, 0.712]
7.4088: [7.620, 8.040, 7.570, 8.020, 8.010, 8.020, 7.590, 7.840, 7.409][0.117, 0.172, 0.711]
7.448: [7.620, 8.040, 7.570, 8.020, 8.010, 8.020, 7.590, 7.840, 7.448][0.113, 0.181, 0.706]
7.4872: [7.620, 8.040, 7.570, 8.020, 8.010, 8.020, 7.590, 7.840, 7.487][0.099, 0.228, 0.673]
7.5264: [7.620, 8.040, 7.570, 8.020, 8.010, 8.020, 7.590, 7.840, 7.526][0.072, 0.412, 0.516]
7.5656: [7.620, 8.040, 7.570, 8.020, 8.010, 8.020, 7.590, 7.840, 7.566][0.072, 0.585, 0.344]
7.6048: [7.620, 8.040, 7.570, 8.020, 8.010, 8.020, 7.590, 7.840, 7.605][0.116, 0.574, 0.310]
7.644: [7.620, 8.040, 7.570, 8.020, 8.010, 8.020, 7.590, 7.840, 7.644][0.178, 0.513, 0.309]
7.6832: [7.620, 8.040, 7.570, 8.020, 8.010, 8.020, 7.590, 7.840, 7.683][0.237, 0.458, 0.305]
7.7224: [7.620, 8.040, 7.570, 8.020, 8.010, 8.020, 7.590, 7.840, 7.722][0.283, 0.417, 0.300]
7.7616: [7.620, 8.040, 7.570, 8.020, 8.010, 8.020, 7.590, 7.840, 7.762][0.316, 0.389, 0.294]
7.8008: [7.620, 8.040, 7.570, 8.020, 8.010, 8.020, 7.590, 7.840, 7.801][0.340, 0.370, 0.290]
7.84: [7.620, 8.040, 7.570, 8.020, 8.010, 8.020, 7.590, 7.840, 7.840][0.357, 0.356, 0.286]
7.8792: [7.620, 8.040, 7.570, 8.020, 8.010, 8.020, 7.590, 7.840, 7.879][0.370, 0.347, 0.284]
7.9184: [7.620, 8.040, 7.570, 8.020, 8.010, 8.020, 7.590, 7.840, 7.918][0.379, 0.340, 0.281]
7.9576: [7.620, 8.040, 7.570, 8.020, 8.010, 8.020, 7.590, 7.840, 7.958][0.386, 0.334, 0.280]
7.9968: [7.620, 8.040, 7.570, 8.020, 8.010, 8.020, 7.590, 7.840, 7.997][0.391, 0.330, 0.278]
8.036: [7.620, 8.040, 7.570, 8.020, 8.010, 8.020, 7.590, 7.840, 8.036][0.396, 0.327, 0.277]
8.0752: [7.620, 8.040, 7.570, 8.020, 8.010, 8.020, 7.590, 7.840, 8.075][0.399, 0.324, 0.276]
8.1144: [7.620, 8.040, 7.570, 8.020, 8.010, 8.020, 7.590, 7.840, 8.114][0.402, 0.322, 0.276]
8.1536: [7.620, 8.040, 7.570, 8.020, 8.010, 8.020, 7.590, 7.840, 8.154][0.405, 0.320, 0.275]
8.1928: [7.620, 8.040, 7.570, 8.020, 8.010, 8.020, 7.590, 7.840, 8.193][0.407, 0.319, 0.275]
8.232: [7.620, 8.040, 7.570, 8.020, 8.010, 8.020, 7.590, 7.840, 8.232][0.409, 0.317, 0.274]
8.2712: [7.620, 8.040, 7.570, 8.020, 8.010, 8.020, 7.590, 7.840, 8.271][0.410, 0.316, 0.274]
8.3104: [7.620, 8.040, 7.570, 8.020, 8.010, 8.020, 7.590, 7.840, 8.310][0.412, 0.315, 0.273]
8.3496: [7.620, 8.040, 7.570, 8.020, 8.010, 8.020, 7.590, 7.840, 8.350][0.413, 0.314, 0.273]
8.3888: [7.620, 8.040, 7.570, 8.020, 8.010, 8.020, 7.590, 7.840, 8.389][0.414, 0.313, 0.273]
8.428: [7.620, 8.040, 7.570, 8.020, 8.010, 8.020, 7.590, 7.840, 8.428][0.415, 0.313, 0.273]
8.4672: [7.620, 8.040, 7.570, 8.020, 8.010, 8.020, 7.590, 7.840, 8.467][0.416, 0.312, 0.272]
8.5064: [7.620, 8.040, 7.570, 8.020, 8.010, 8.020, 7.590, 7.840, 8.506][0.416, 0.312, 0.272]
8.5456: [7.620, 8.040, 7.570, 8.020, 8.010, 8.020, 7.590, 7.840, 8.546][0.417, 0.311, 0.272]
8.5848: [7.620, 8.040, 7.570, 8.020, 8.010, 8.020, 7.590, 7.840, 8.585][0.418, 0.311, 0.272]
8.624: [7.620, 8.040, 7.570, 8.020, 8.010, 8.020, 7.590, 7.840, 8.624][0.418, 0.310, 0.272]
