[[  0.  27.   9.]
 [  0.  27.   2.]
 [  0.  23.  12.]]
cf_score, 30.0
nv_score, -8.0
ratio, 0.393939393939
[[ 11.  22.   2.]
 [ 11.  16.   5.]
 [ 12.  20.   1.]]
cf_score, 14.0
nv_score, -8.0
ratio, 0.282828282828
[[  4.  36.   2.]
 [  6.  19.   0.]
 [  3.  27.   3.]]
cf_score, 21.0
nv_score, -1.0
ratio, 0.262626262626
[[ 17.  16.   0.]
 [ 10.  22.   1.]
 [ 19.  11.   4.]]
cf_score, 24.0
nv_score, 3.0
ratio, 0.434343434343
[[ 12.  20.   5.]
 [ 10.  13.   1.]
 [  8.  27.   4.]]
cf_score, 16.0
nv_score, -7.0
ratio, 0.292929292929
[[ 14.  22.   3.]
 [  8.  14.   4.]
 [  8.  24.   3.]]
cf_score, 20.0
nv_score, -7.0
ratio, 0.313131313131
[[ 10.  23.   5.]
 [  6.  19.   3.]
 [  9.  23.   2.]]
cf_score, 17.0
nv_score, -11.0
ratio, 0.313131313131
[[  8.  26.   3.]
 [  6.  22.   3.]
 [  9.  20.   3.]]
cf_score, 21.0
nv_score, -6.0
ratio, 0.333333333333
[[ 18.  20.   1.]
 [ 11.  13.   2.]
 [ 11.  19.   5.]]
cf_score, 24.0
nv_score, 1.0
ratio, 0.363636363636
[[ 10.  14.   3.]
 [  5.  23.   3.]
 [  5.  25.  12.]]
cf_score, 37.0
nv_score, 3.0
ratio, 0.454545454545
[[ 11.  17.   3.]
 [  6.  17.   4.]
 [  6.  27.   9.]]
cf_score, 28.0
nv_score, -1.0
ratio, 0.373737373737
[[ 10.  19.   6.]
 [  6.  22.   3.]
 [  9.  20.   5.]]
cf_score, 22.0
nv_score, -10.0
ratio, 0.373737373737
[[  9.  19.   5.]
 [  5.  16.   4.]
 [  9.  23.  10.]]
cf_score, 21.0
nv_score, -4.0
ratio, 0.353535353535
[[  8.  25.   3.]
 [  7.  17.   0.]
 [ 10.  25.   5.]]
cf_score, 17.0
nv_score, -1.0
ratio, 0.30303030303
[[ 13.  15.   7.]
 [ 11.  21.   2.]
 [ 12.  13.   6.]]
cf_score, 21.0
nv_score, -10.0
ratio, 0.40404040404
[[ 12.  26.   5.]
 [ 12.  20.   1.]
 [  2.  17.   5.]]
cf_score, 30.0
nv_score, -6.0
ratio, 0.373737373737
[[ 10.  12.  12.]
 [  6.  20.   6.]
 [ 11.  18.   5.]]
cf_score, 12.0
nv_score, -25.0
ratio, 0.353535353535
[[ 11.  19.   8.]
 [  3.  17.   6.]
 [  5.  25.   6.]]
cf_score, 21.0
nv_score, -16.0
ratio, 0.343434343434
[[  7.  12.  11.]
 [  7.  22.   5.]
 [ 10.  18.   8.]]
cf_score, 16.0
nv_score, -19.0
ratio, 0.373737373737
[[  8.  12.   8.]
 [  4.  27.   5.]
 [ 10.  16.  10.]]
cf_score, 27.0
nv_score, -11.0
ratio, 0.454545454545
[[ 20.  13.   8.]
 [  2.  24.   4.]
 [ 10.  12.   7.]]
cf_score, 33.0
nv_score, -13.0
ratio, 0.515151515152
[[ 11.  21.   4.]
 [  6.  21.   4.]
 [  9.  16.   8.]]
cf_score, 27.0
nv_score, -4.0
ratio, 0.40404040404
[[  5.  14.  10.]
 [  7.  21.   7.]
 [ 15.  11.  10.]]
cf_score, 11.0
nv_score, -17.0
ratio, 0.363636363636
[[ 11.  15.   8.]
 [  4.  21.   2.]
 [ 10.  18.  11.]]
cf_score, 25.0
nv_score, -7.0
ratio, 0.434343434343
[[ 10.  20.   5.]
 [  5.  24.   7.]
 [  5.  14.  10.]]
cf_score, 34.0
nv_score, -7.0
ratio, 0.444444444444
[[ 10.  12.   7.]
 [  2.  24.   5.]
 [  8.  21.  11.]]
cf_score, 30.0
nv_score, -8.0
ratio, 0.454545454545
[[ 16.  14.   3.]
 [  6.  24.   2.]
 [  9.  17.   9.]]
cf_score, 37.0
nv_score, 1.0
ratio, 0.494949494949
[[ 11.  17.   3.]
 [  8.  21.   6.]
 [  9.  15.  10.]]
cf_score, 30.0
nv_score, -2.0
ratio, 0.424242424242
[[ 14.   7.   8.]
 [  9.  11.   7.]
 [ 16.  15.  13.]]
cf_score, 14.0
nv_score, -10.0
ratio, 0.383838383838
[[ 15.  14.   5.]
 [  5.  19.   4.]
 [ 11.  19.   8.]]
cf_score, 26.0
nv_score, -6.0
ratio, 0.424242424242
[[  8.  16.   5.]
 [  5.  19.   9.]
 [ 12.  17.   9.]]
cf_score, 19.0
nv_score, -10.0
ratio, 0.363636363636
[[ 10.  15.   3.]
 [  6.  14.   6.]
 [ 17.  16.  13.]]
cf_score, 17.0
nv_score, 1.0
ratio, 0.373737373737
[[ 12.  17.   7.]
 [  5.  20.   9.]
 [  6.  13.  11.]]
cf_score, 30.0
nv_score, -12.0
ratio, 0.434343434343
[[ 13.  17.   6.]
 [  9.  19.   4.]
 [  3.  22.   7.]]
cf_score, 30.0
nv_score, -9.0
ratio, 0.393939393939
[[ 18.  13.   6.]
 [  8.  19.   4.]
 [ 13.  17.   2.]]
cf_score, 20.0
nv_score, -14.0
ratio, 0.393939393939
[[ 11.  22.   4.]
 [  6.  23.   4.]
 [  6.  14.  10.]]
cf_score, 34.0
nv_score, -2.0
ratio, 0.444444444444
[[  6.  17.   5.]
 [  4.  22.   3.]
 [ 12.  21.  10.]]
cf_score, 21.0
nv_score, -3.0
ratio, 0.383838383838
[[ 13.  15.  10.]
 [  8.  18.   6.]
 [ 10.  12.   8.]]
cf_score, 19.0
nv_score, -18.0
ratio, 0.393939393939
[[ 11.  15.   8.]
 [  5.  18.   5.]
 [ 20.  12.   6.]]
cf_score, 7.0
nv_score, -15.0
ratio, 0.353535353535
[[ 14.   9.   5.]
 [  7.  13.   6.]
 [ 19.  18.   9.]]
cf_score, 12.0
nv_score, -7.0
ratio, 0.363636363636
[[  8.  11.   5.]
 [ 12.  19.   1.]
 [ 15.  21.   8.]]
cf_score, 15.0
nv_score, -3.0
ratio, 0.353535353535
[[  2.  19.   2.]
 [  5.  23.   2.]
 [  6.  32.   9.]]
cf_score, 26.0
nv_score, 3.0
ratio, 0.343434343434
[[ 11.  20.   3.]
 [  6.  20.   4.]
 [ 15.  12.   9.]]
cf_score, 22.0
nv_score, -1.0
ratio, 0.40404040404
[[ 12.  11.  10.]
 [  7.  20.   1.]
 [ 13.  18.   8.]]
cf_score, 17.0
nv_score, -13.0
ratio, 0.40404040404
[[ 13.   9.   6.]
 [  4.  25.   9.]
 [ 13.  15.   6.]]
cf_score, 25.0
nv_score, -15.0
ratio, 0.444444444444
[[ 17.  10.   4.]
 [  5.  17.   7.]
 [ 17.  15.   8.]]
cf_score, 21.0
nv_score, -7.0
ratio, 0.424242424242
[[ 13.  13.  13.]
 [  5.  16.   5.]
 [ 13.  13.   9.]]
cf_score, 12.0
nv_score, -22.0
ratio, 0.383838383838
[[ 12.  13.   7.]
 [  4.  20.   5.]
 [ 14.  16.   9.]]
cf_score, 20.0
nv_score, -10.0
ratio, 0.414141414141
[[ 16.  25.   4.]
 [  4.  23.   2.]
 [ 11.  12.   3.]]
cf_score, 27.0
nv_score, -7.0
ratio, 0.424242424242
[[ 13.  18.   4.]
 [  5.  18.   8.]
 [ 11.  16.   7.]]
cf_score, 23.0
nv_score, -9.0
ratio, 0.383838383838
