[[ 18.   2.  24.]
 [ 11.   1.  13.]
 [  3.   0.  28.]]
cf_score, 20.0
ratio, 0.474747474747
[[ 17.   1.  21.]
 [  9.   1.  24.]
 [  3.   2.  22.]]
cf_score, 16.0
ratio, 0.40404040404
[[ 23.   3.   9.]
 [  8.   6.  12.]
 [  5.   4.  30.]]
cf_score, 45.0
ratio, 0.59595959596
[[ 14.   3.  21.]
 [  8.  11.  17.]
 [  7.   3.  16.]]
cf_score, 13.0
ratio, 0.414141414141
[[ 29.  12.  10.]
 [ 16.   4.   8.]
 [  6.   1.  14.]]
cf_score, 31.0
ratio, 0.474747474747
[[  9.  11.  11.]
 [  9.  10.   9.]
 [  5.  10.  26.]]
cf_score, 29.0
ratio, 0.454545454545
[[ 19.  10.   6.]
 [  9.  18.   7.]
 [  7.   7.  17.]]
cf_score, 41.0
ratio, 0.545454545455
[[ 15.  13.   6.]
 [  6.  14.  15.]
 [  6.   8.  17.]]
cf_score, 34.0
ratio, 0.464646464646
[[ 16.  13.   1.]
 [ 15.  17.   5.]
 [  4.  11.  18.]]
cf_score, 46.0
ratio, 0.515151515152
[[ 18.   8.   9.]
 [  8.  16.  15.]
 [  2.   4.  20.]]
cf_score, 43.0
ratio, 0.545454545455
[[ 15.  14.   8.]
 [ 15.  10.   3.]
 [  7.  13.  15.]]
cf_score, 25.0
ratio, 0.40404040404
[[ 17.   8.  13.]
 [  7.  15.  14.]
 [  1.  11.  14.]]
cf_score, 32.0
ratio, 0.464646464646
[[  8.  13.  11.]
 [  7.  19.  15.]
 [  2.   6.  19.]]
cf_score, 33.0
ratio, 0.464646464646
[[ 17.  10.   9.]
 [  7.  13.  14.]
 [  3.   8.  19.]]
cf_score, 37.0
ratio, 0.494949494949
[[ 13.  11.  17.]
 [  8.  10.  13.]
 [  2.   1.  25.]]
cf_score, 29.0
ratio, 0.484848484848
[[ 14.  11.  12.]
 [ 14.   7.  13.]
 [  2.   8.  19.]]
cf_score, 26.0
ratio, 0.40404040404
[[ 14.  11.  13.]
 [  4.  22.  13.]
 [  0.   6.  17.]]
cf_score, 40.0
ratio, 0.535353535354
[[ 15.  16.   7.]
 [  7.  11.  11.]
 [  5.   6.  22.]]
cf_score, 36.0
ratio, 0.484848484848
[[ 10.  21.   6.]
 [  7.  13.  14.]
 [  7.   6.  16.]]
cf_score, 26.0
ratio, 0.393939393939
[[ 16.  12.   7.]
 [ 13.  11.   7.]
 [  2.  10.  22.]]
cf_score, 40.0
ratio, 0.494949494949
[[  9.  17.  15.]
 [  5.  12.  14.]
 [  3.   5.  20.]]
cf_score, 23.0
ratio, 0.414141414141
[[ 17.  12.  15.]
 [ 17.  10.   8.]
 [  4.   6.  11.]]
cf_score, 19.0
ratio, 0.383838383838
[[ 19.  10.   8.]
 [  7.  14.  10.]
 [  5.  10.  17.]]
cf_score, 37.0
ratio, 0.505050505051
[[ 12.  13.  12.]
 [  9.   7.   6.]
 [  3.  15.  23.]]
cf_score, 27.0
ratio, 0.424242424242
[[ 11.  11.  14.]
 [ 14.  11.  16.]
 [  3.   6.  14.]]
cf_score, 19.0
ratio, 0.363636363636
[[ 13.  22.   7.]
 [ 12.  13.   6.]
 [  2.   9.  16.]]
cf_score, 33.0
ratio, 0.424242424242
[[ 25.  12.   8.]
 [  5.  13.   9.]
 [  2.  10.  16.]]
cf_score, 44.0
ratio, 0.545454545455
[[ 14.  14.   8.]
 [  5.  15.  15.]
 [  5.   4.  20.]]
cf_score, 36.0
ratio, 0.494949494949
[[ 22.  17.   4.]
 [ 11.  12.  10.]
 [  3.   8.  13.]]
cf_score, 40.0
ratio, 0.474747474747
[[ 16.  14.   7.]
 [  9.  13.  15.]
 [  2.  10.  14.]]
cf_score, 34.0
ratio, 0.434343434343
[[ 12.  17.  11.]
 [  7.  16.   7.]
 [  3.   4.  23.]]
cf_score, 37.0
ratio, 0.515151515152
[[ 12.  15.   5.]
 [ 12.  10.  12.]
 [  3.  10.  21.]]
cf_score, 35.0
ratio, 0.434343434343
[[ 15.  12.  13.]
 [  4.  18.  12.]
 [  2.   6.  18.]]
cf_score, 36.0
ratio, 0.515151515152
[[ 16.  13.  10.]
 [ 14.  16.   7.]
 [  8.   6.  10.]]
cf_score, 24.0
ratio, 0.424242424242
[[ 13.  12.   9.]
 [  7.  15.  11.]
 [  3.   9.  21.]]
cf_score, 37.0
ratio, 0.494949494949
[[  9.  22.   9.]
 [ 16.   7.   8.]
 [  3.  10.  16.]]
cf_score, 20.0
ratio, 0.323232323232
[[ 14.  15.   7.]
 [  7.  19.   7.]
 [  5.   9.  17.]]
cf_score, 38.0
ratio, 0.505050505051
[[  8.  18.   8.]
 [ 11.  18.   7.]
 [  3.   5.  22.]]
cf_score, 37.0
ratio, 0.484848484848
[[ 27.  10.   6.]
 [ 14.  12.   8.]
 [  3.   8.  12.]]
cf_score, 42.0
ratio, 0.515151515152
[[ 12.  17.   7.]
 [ 17.   8.   8.]
 [  7.   7.  17.]]
cf_score, 23.0
ratio, 0.373737373737
[[ 14.  14.  15.]
 [ 10.  10.   7.]
 [  6.   5.  19.]]
cf_score, 22.0
ratio, 0.434343434343
[[ 16.  14.  11.]
 [  5.  11.   8.]
 [  5.   9.  21.]]
cf_score, 32.0
ratio, 0.484848484848
[[ 16.  11.  10.]
 [  6.  20.  13.]
 [  2.   8.  14.]]
cf_score, 38.0
ratio, 0.505050505051
[[ 14.   9.  12.]
 [ 10.  17.   8.]
 [  3.   6.  21.]]
cf_score, 37.0
ratio, 0.525252525253
[[ 19.  12.   9.]
 [ 11.  12.   7.]
 [  4.   3.  23.]]
cf_score, 41.0
ratio, 0.545454545455
[[ 17.   7.  10.]
 [  9.  13.   8.]
 [  2.   6.  28.]]
cf_score, 46.0
ratio, 0.585858585859
[[ 18.  11.  10.]
 [ 11.  15.  10.]
 [  2.  10.  13.]]
cf_score, 34.0
ratio, 0.464646464646
[[ 19.  13.   6.]
 [ 10.  21.   8.]
 [  5.  11.   7.]]
cf_score, 36.0
ratio, 0.474747474747
[[ 10.  18.   9.]
 [  9.  10.   8.]
 [  5.   8.  23.]]
cf_score, 29.0
ratio, 0.434343434343
[[ 16.  18.   5.]
 [  4.  16.  10.]
 [  5.  14.  12.]]
cf_score, 34.0
ratio, 0.444444444444
[[ 15.  17.   6.]
 [  8.  15.  11.]
 [  7.   5.  16.]]
cf_score, 33.0
ratio, 0.464646464646
[[ 10.   9.  14.]
 [ 15.  18.   7.]
 [  2.   3.  22.]]
cf_score, 34.0
ratio, 0.505050505051
[[ 17.  14.  10.]
 [  7.  15.  11.]
 [  3.  11.  12.]]
cf_score, 31.0
ratio, 0.444444444444
[[ 18.  10.  11.]
 [  8.  14.  14.]
 [  3.   3.  19.]]
cf_score, 37.0
ratio, 0.515151515152
[[  5.  12.  10.]
 [ 15.  17.   8.]
 [  2.  10.  21.]]
cf_score, 31.0
ratio, 0.434343434343
[[ 21.  20.   8.]
 [  9.  10.   9.]
 [  3.   9.  11.]]
cf_score, 31.0
ratio, 0.424242424242
[[ 18.  16.  10.]
 [ 13.   9.   9.]
 [  3.   7.  15.]]
cf_score, 29.0
ratio, 0.424242424242
[[ 14.  11.  11.]
 [ 11.   8.  12.]
 [  2.   7.  24.]]
cf_score, 33.0
ratio, 0.464646464646
[[ 13.  14.  13.]
 [ 10.   9.  17.]
 [  0.   9.  15.]]
cf_score, 24.0
ratio, 0.373737373737
[[ 11.  11.   6.]
 [ 13.  14.  13.]
 [  1.   8.  23.]]
cf_score, 41.0
ratio, 0.484848484848
[[ 13.  16.  10.]
 [  5.  15.   9.]
 [  2.  12.  18.]]
cf_score, 34.0
ratio, 0.464646464646
[[ 18.  11.   7.]
 [ 14.   9.   6.]
 [  4.   8.  23.]]
cf_score, 39.0
ratio, 0.505050505051
[[ 17.  13.   9.]
 [ 10.  16.   9.]
 [  4.   6.  16.]]
cf_score, 36.0
ratio, 0.494949494949
[[ 26.  13.  10.]
 [  9.  14.   8.]
 [  1.   7.  12.]]
cf_score, 41.0
ratio, 0.525252525253
[[ 10.  14.   6.]
 [ 14.  13.   8.]
 [  6.  13.  16.]]
cf_score, 27.0
ratio, 0.393939393939
[[ 11.  11.   8.]
 [ 15.  15.   4.]
 [  6.  11.  19.]]
cf_score, 31.0
ratio, 0.454545454545
[[ 11.  15.  10.]
 [ 10.  14.   9.]
 [  5.   9.  17.]]
cf_score, 27.0
ratio, 0.424242424242
[[  9.  14.  16.]
 [  8.  11.  12.]
 [  6.   9.  15.]]
cf_score, 13.0
ratio, 0.353535353535
[[ 15.  17.   9.]
 [  9.   8.   7.]
 [  5.  11.  19.]]
cf_score, 28.0
ratio, 0.424242424242
[[ 15.  12.   4.]
 [ 13.  15.   7.]
 [  6.  13.  15.]]
cf_score, 35.0
ratio, 0.454545454545
[[ 10.  14.   8.]
 [ 11.  14.  10.]
 [  5.  11.  17.]]
cf_score, 28.0
ratio, 0.414141414141
[[ 12.  16.   8.]
 [ 14.  13.  11.]
 [  5.   8.  13.]]
cf_score, 25.0
ratio, 0.383838383838
[[ 14.   8.  13.]
 [ 11.   9.  13.]
 [  2.   8.  22.]]
cf_score, 30.0
ratio, 0.454545454545
[[ 12.  11.  11.]
 [ 11.   7.  10.]
 [  2.  11.  25.]]
cf_score, 31.0
ratio, 0.444444444444
[[ 14.  10.   5.]
 [  6.  16.  12.]
 [  2.  11.  24.]]
cf_score, 47.0
ratio, 0.545454545455
[[ 14.  15.  13.]
 [  7.  11.   8.]
 [  4.   2.  26.]]
cf_score, 34.0
ratio, 0.515151515152
[[ 12.  14.   8.]
 [  6.  16.  11.]
 [  4.   6.  23.]]
cf_score, 39.0
ratio, 0.515151515152
[[ 12.  13.  10.]
 [  6.  14.  13.]
 [  7.   8.  17.]]
cf_score, 26.0
ratio, 0.434343434343
[[ 10.  13.  10.]
 [  9.  15.   7.]
 [  7.   8.  21.]]
cf_score, 29.0
ratio, 0.464646464646
[[  9.  14.  16.]
 [ 15.  11.   9.]
 [  4.   7.  15.]]
cf_score, 15.0
ratio, 0.353535353535
[[ 14.  10.  11.]
 [  8.  14.   8.]
 [  4.   8.  23.]]
cf_score, 36.0
ratio, 0.515151515152
[[ 18.  18.   6.]
 [ 13.  13.   2.]
 [  5.  16.   9.]]
cf_score, 29.0
ratio, 0.40404040404
[[ 16.  17.  11.]
 [  7.  13.  13.]
 [  8.   4.  11.]]
cf_score, 21.0
ratio, 0.40404040404
[[ 14.  13.  10.]
 [  6.  14.  12.]
 [  2.   5.  24.]]
cf_score, 40.0
ratio, 0.525252525253
[[ 14.  12.   8.]
 [ 10.  15.  13.]
 [  4.   5.  19.]]
cf_score, 36.0
ratio, 0.484848484848
[[ 15.  17.   5.]
 [  8.  14.   9.]
 [  5.   4.  23.]]
cf_score, 42.0
ratio, 0.525252525253
[[ 12.  13.   9.]
 [  6.  18.   6.]
 [  3.   8.  25.]]
cf_score, 43.0
ratio, 0.555555555556
[[ 17.  15.  14.]
 [ 12.  10.  11.]
 [  1.   8.  12.]]
cf_score, 24.0
ratio, 0.393939393939
[[ 14.  17.  11.]
 [  7.  20.   8.]
 [  1.   2.  20.]]
cf_score, 42.0
ratio, 0.545454545455
[[ 12.  12.   5.]
 [ 10.  24.   8.]
 [ 10.   4.  15.]]
cf_score, 36.0
ratio, 0.515151515152
[[ 10.  13.  17.]
 [  9.  11.  10.]
 [  5.   6.  19.]]
cf_score, 18.0
ratio, 0.40404040404
[[ 14.   5.   8.]
 [ 10.  25.   8.]
 [  4.   9.  17.]]
cf_score, 44.0
ratio, 0.565656565657
[[ 15.   9.  16.]
 [  5.  18.  10.]
 [  7.   4.  16.]]
cf_score, 26.0
ratio, 0.494949494949
[[  9.  17.  18.]
 [  5.  10.  11.]
 [  3.   7.  20.]]
cf_score, 18.0
ratio, 0.393939393939
[[ 12.  15.   6.]
 [ 14.  12.   7.]
 [  7.  11.  16.]]
cf_score, 27.0
ratio, 0.40404040404
[[ 11.   7.  12.]
 [  8.  11.  15.]
 [  4.   7.  25.]]
cf_score, 31.0
ratio, 0.474747474747
[[ 16.  13.   5.]
 [  8.  10.  17.]
 [  3.  10.  18.]]
cf_score, 36.0
ratio, 0.444444444444
[[  6.   9.  12.]
 [  9.  14.  17.]
 [  3.   7.  23.]]
cf_score, 28.0
ratio, 0.434343434343
[[ 14.   9.  12.]
 [ 12.  15.  10.]
 [  3.   7.  18.]]
cf_score, 32.0
ratio, 0.474747474747
[[ 18.  14.   8.]
 [  8.  15.   6.]
 [  5.   5.  21.]]
cf_score, 41.0
ratio, 0.545454545455
