[[  6.   0.  22.]
 [ 19.   0.  21.]
 [ 10.   0.  22.]]
cf_score, -4.0
nv_score, -43.0
ratio, 0.282828282828
[[ 21.   0.   6.]
 [ 36.   0.   8.]
 [ 15.   0.  14.]]
cf_score, 14.0
nv_score, -6.0
ratio, 0.353535353535
[[  9.   6.   9.]
 [ 27.   7.  15.]
 [  7.   7.  13.]]
cf_score, 13.0
nv_score, -20.0
ratio, 0.292929292929
[[ 15.   2.  12.]
 [ 23.   1.   8.]
 [ 16.   2.  21.]]
cf_score, 9.0
nv_score, -11.0
ratio, 0.373737373737
[[ 12.   4.  13.]
 [ 21.   5.  16.]
 [ 11.   8.  10.]]
cf_score, 3.0
nv_score, -32.0
ratio, 0.272727272727
[[ 12.  10.  11.]
 [ 20.   6.  11.]
 [ 10.   4.  16.]]
cf_score, 13.0
nv_score, -17.0
ratio, 0.343434343434
[[ 19.  11.   6.]
 [ 14.  10.   8.]
 [  9.   9.  14.]]
cf_score, 28.0
nv_score, -6.0
ratio, 0.434343434343
[[ 12.   6.   7.]
 [ 22.   7.  13.]
 [  9.   7.  17.]]
cf_score, 20.0
nv_score, -10.0
ratio, 0.363636363636
[[ 15.   7.   9.]
 [ 22.   4.  12.]
 [  8.   4.  19.]]
cf_score, 21.0
nv_score, -11.0
ratio, 0.383838383838
[[ 16.   7.   7.]
 [ 16.   5.  11.]
 [ 10.  13.  15.]]
cf_score, 19.0
nv_score, -10.0
ratio, 0.363636363636
[[ 11.   6.   9.]
 [ 25.   8.  11.]
 [  7.   5.  18.]]
cf_score, 21.0
nv_score, -11.0
ratio, 0.373737373737
[[ 16.   9.  15.]
 [ 17.   2.  14.]
 [  9.   4.  14.]]
cf_score, 8.0
nv_score, -30.0
ratio, 0.323232323232
[[ 16.  12.   3.]
 [ 22.   7.  17.]
 [  9.   7.   7.]]
cf_score, 18.0
nv_score, -16.0
ratio, 0.30303030303
[[  4.   9.  17.]
 [ 12.  18.  15.]
 [  4.   3.  18.]]
cf_score, 19.0
nv_score, -31.0
ratio, 0.40404040404
[[ 17.   9.   9.]
 [ 16.  11.  11.]
 [  9.   6.  12.]]
cf_score, 22.0
nv_score, -17.0
ratio, 0.40404040404
[[ 15.  13.  10.]
 [ 11.  11.  12.]
 [  8.   4.  16.]]
cf_score, 24.0
nv_score, -16.0
ratio, 0.424242424242
[[  6.  12.   9.]
 [ 10.  22.   7.]
 [  8.   5.  21.]]
cf_score, 32.0
nv_score, -4.0
ratio, 0.494949494949
[[ 19.  15.   8.]
 [ 13.  15.   6.]
 [  5.   6.  13.]]
cf_score, 34.0
nv_score, -9.0
ratio, 0.474747474747
[[ 16.  11.  12.]
 [  6.  13.  14.]
 [  3.  10.  15.]]
cf_score, 29.0
nv_score, -23.0
ratio, 0.444444444444
[[  9.  17.   5.]
 [ 10.  17.   6.]
 [  5.  17.  14.]]
cf_score, 30.0
nv_score, -2.0
ratio, 0.40404040404
[[ 12.  14.   6.]
 [ 13.  21.   4.]
 [  5.  14.  11.]]
cf_score, 33.0
nv_score, -5.0
ratio, 0.444444444444
[[ 13.  17.  12.]
 [  6.  16.  10.]
 [  2.   6.  18.]]
cf_score, 33.0
nv_score, -16.0
ratio, 0.474747474747
[[  7.  12.  13.]
 [  7.  24.   6.]
 [  2.  14.  15.]]
cf_score, 31.0
nv_score, -17.0
ratio, 0.464646464646
[[ 11.  12.   5.]
 [ 18.  14.   7.]
 [  6.   7.  20.]]
cf_score, 34.0
nv_score, 3.0
ratio, 0.454545454545
[[  9.  12.   6.]
 [  9.  17.  15.]
 [  4.   9.  19.]]
cf_score, 35.0
nv_score, -8.0
ratio, 0.454545454545
[[  7.  15.   6.]
 [  3.  23.  10.]
 [  4.   8.  24.]]
cf_score, 44.0
nv_score, 2.0
ratio, 0.545454545455
[[ 15.  12.   4.]
 [ 19.  11.  10.]
 [ 10.  10.   9.]]
cf_score, 21.0
nv_score, -9.0
ratio, 0.353535353535
[[ 14.  18.   3.]
 [  4.  24.   4.]
 [  8.   7.  18.]]
cf_score, 45.0
nv_score, 8.0
ratio, 0.565656565657
[[ 15.  16.   1.]
 [ 16.  12.  10.]
 [  4.  12.  14.]]
cf_score, 36.0
nv_score, 2.0
ratio, 0.414141414141
[[ 13.  12.   6.]
 [ 10.  19.  13.]
 [  3.  11.  13.]]
cf_score, 36.0
nv_score, -12.0
ratio, 0.454545454545
[[  9.  13.   9.]
 [ 17.  11.   8.]
 [  6.  16.  11.]]
cf_score, 16.0
nv_score, -15.0
ratio, 0.313131313131
[[  4.  12.  10.]
 [ 18.  14.  10.]
 [  4.  14.  14.]]
cf_score, 18.0
nv_score, -16.0
ratio, 0.323232323232
[[  8.  17.  10.]
 [ 10.  16.   8.]
 [  8.   4.  19.]]
cf_score, 25.0
nv_score, -9.0
ratio, 0.434343434343
[[  8.  20.   6.]
 [ 13.  12.  10.]
 [  8.   8.  15.]]
cf_score, 21.0
nv_score, -7.0
ratio, 0.353535353535
[[  8.  28.   4.]
 [  9.  16.   3.]
 [  5.  10.  17.]]
cf_score, 32.0
nv_score, 6.0
ratio, 0.414141414141
[[ 11.  14.   6.]
 [ 17.  17.   8.]
 [  5.   6.  16.]]
cf_score, 33.0
nv_score, -4.0
ratio, 0.444444444444
[[  5.  23.   8.]
 [  8.  14.   9.]
 [  4.  12.  17.]]
cf_score, 24.0
nv_score, -8.0
ratio, 0.363636363636
[[ 12.  14.   4.]
 [ 18.  16.  10.]
 [  9.   7.  10.]]
cf_score, 25.0
nv_score, -8.0
ratio, 0.383838383838
[[ 11.  18.  13.]
 [  4.  19.   3.]
 [  6.   8.  18.]]
cf_score, 29.0
nv_score, -11.0
ratio, 0.484848484848
[[  8.  15.   8.]
 [  8.  18.  12.]
 [  5.   8.  18.]]
cf_score, 31.0
nv_score, -10.0
ratio, 0.444444444444
[[ 10.  13.  13.]
 [  7.  12.   8.]
 [ 12.   7.  18.]]
cf_score, 15.0
nv_score, -16.0
ratio, 0.40404040404
[[ 11.  13.  11.]
 [  5.  18.  14.]
 [  2.  11.  15.]]
cf_score, 31.0
nv_score, -21.0
ratio, 0.444444444444
[[ 12.  12.   5.]
 [ 14.  12.   9.]
 [ 14.   9.  13.]]
cf_score, 18.0
nv_score, -6.0
ratio, 0.373737373737
[[ 20.  12.   7.]
 [ 11.  13.   9.]
 [  6.  10.  12.]]
cf_score, 32.0
nv_score, -11.0
ratio, 0.454545454545
[[ 14.  13.   6.]
 [ 16.  14.   6.]
 [  8.   8.  15.]]
cf_score, 29.0
nv_score, -3.0
ratio, 0.434343434343
[[ 10.  12.   9.]
 [ 13.  12.  10.]
 [  8.  11.  15.]]
cf_score, 20.0
nv_score, -13.0
ratio, 0.373737373737
[[ 14.   8.   4.]
 [ 18.  11.  11.]
 [  9.   9.  16.]]
cf_score, 28.0
nv_score, -3.0
ratio, 0.414141414141
[[ 11.  11.   6.]
 [ 12.  17.   7.]
 [  5.   9.  22.]]
cf_score, 39.0
nv_score, 3.0
ratio, 0.505050505051
[[ 10.  14.   6.]
 [ 11.  25.  11.]
 [  4.   9.  10.]]
cf_score, 35.0
nv_score, -13.0
ratio, 0.454545454545
[[  8.   8.  10.]
 [  4.  19.  10.]
 [ 13.  11.  17.]]
cf_score, 21.0
nv_score, -13.0
ratio, 0.444444444444
