[[ 22.   5.   0.]
 [  7.  20.   0.]
 [ 13.  33.   0.]]
cf_score, 29.0
nv_score, 0.0
ratio, 0.424242424242
[[ 27.   5.   0.]
 [  6.  28.   0.]
 [ 16.  17.   1.]]
cf_score, 40.0
nv_score, 1.0
ratio, 0.565656565657
[[ 23.   8.   0.]
 [  8.  20.   1.]
 [ 22.  17.   1.]]
cf_score, 22.0
nv_score, 0.0
ratio, 0.444444444444
[[ 22.   7.   0.]
 [  7.  22.   2.]
 [ 14.  24.   2.]]
cf_score, 32.0
nv_score, 0.0
ratio, 0.464646464646
[[ 26.   9.   0.]
 [  6.  22.   0.]
 [  8.  29.   0.]]
cf_score, 40.0
nv_score, 0.0
ratio, 0.484848484848
[[ 13.  13.   0.]
 [  6.  28.   0.]
 [ 16.  24.   0.]]
cf_score, 25.0
nv_score, 0.0
ratio, 0.414141414141
[[ 16.  19.   2.]
 [  3.  29.   1.]
 [  5.  21.   4.]]
cf_score, 42.0
nv_score, -1.0
ratio, 0.494949494949
[[ 18.  11.   4.]
 [  5.  24.   2.]
 [  7.  25.   4.]]
cf_score, 35.0
nv_score, -6.0
ratio, 0.464646464646
[[ 20.   6.   1.]
 [ 10.  25.   5.]
 [  6.  21.   6.]]
cf_score, 44.0
nv_score, -1.0
ratio, 0.515151515152
[[ 19.  15.   1.]
 [  4.  17.   3.]
 [  3.  23.  15.]]
cf_score, 47.0
nv_score, 10.0
ratio, 0.515151515152
[[ 20.  12.   4.]
 [  2.  12.   9.]
 [  6.  17.  18.]]
cf_score, 40.0
nv_score, 1.0
ratio, 0.505050505051
[[ 19.   7.  12.]
 [  4.  10.   9.]
 [  6.  20.  13.]]
cf_score, 24.0
nv_score, -20.0
ratio, 0.424242424242
[[ 17.  12.   8.]
 [  2.   8.  13.]
 [ 10.  12.  18.]]
cf_score, 25.0
nv_score, -11.0
ratio, 0.434343434343
[[ 22.   5.   8.]
 [  3.  13.  13.]
 [  5.   7.  24.]]
cf_score, 46.0
nv_score, -5.0
ratio, 0.59595959596
[[ 11.  11.   5.]
 [  2.  17.  23.]
 [  5.  10.  16.]]
cf_score, 34.0
nv_score, -17.0
ratio, 0.444444444444
[[ 22.   8.   4.]
 [  3.  12.   7.]
 [  6.  17.  21.]]
cf_score, 45.0
nv_score, 6.0
ratio, 0.555555555556
[[ 25.   4.   5.]
 [  5.   9.   3.]
 [ 10.  24.  15.]]
cf_score, 34.0
nv_score, 2.0
ratio, 0.494949494949
[[ 14.   7.  10.]
 [  3.  13.  10.]
 [  8.  13.  22.]]
cf_score, 31.0
nv_score, -8.0
ratio, 0.494949494949
[[ 14.  10.   5.]
 [  3.  15.  16.]
 [  9.  14.  14.]]
cf_score, 29.0
nv_score, -12.0
ratio, 0.434343434343
[[ 20.  12.   5.]
 [  2.  11.  17.]
 [  6.   5.  22.]]
cf_score, 42.0
nv_score, -5.0
ratio, 0.535353535354
[[ 18.  10.   5.]
 [  1.  12.  13.]
 [ 12.   6.  23.]]
cf_score, 36.0
nv_score, 0.0
ratio, 0.535353535354
[[ 17.   6.   6.]
 [  7.  18.  11.]
 [  6.  13.  16.]]
cf_score, 39.0
nv_score, -7.0
ratio, 0.515151515152
[[ 17.   8.   6.]
 [  3.  12.  14.]
 [  4.  10.  26.]]
cf_score, 45.0
nv_score, 0.0
ratio, 0.555555555556
[[ 21.   9.   0.]
 [  4.  11.  17.]
 [  6.  13.  19.]]
cf_score, 45.0
nv_score, 2.0
ratio, 0.515151515152
[[ 11.  11.   5.]
 [  4.  12.  11.]
 [  5.  14.  27.]]
cf_score, 40.0
nv_score, 6.0
ratio, 0.505050505051
[[ 23.  11.   3.]
 [  6.  14.  11.]
 [  3.  10.  19.]]
cf_score, 50.0
nv_score, 2.0
ratio, 0.565656565657
[[ 19.   4.   1.]
 [  3.  16.  12.]
 [  8.  11.  26.]]
cf_score, 52.0
nv_score, 12.0
ratio, 0.616161616162
[[ 15.   4.   5.]
 [  3.  17.  13.]
 [  8.  19.  16.]]
cf_score, 35.0
nv_score, -7.0
ratio, 0.484848484848
[[ 19.   8.   3.]
 [  6.   9.  14.]
 [ 10.  14.  17.]]
cf_score, 32.0
nv_score, -3.0
ratio, 0.454545454545
[[ 19.  14.   5.]
 [  3.  11.  10.]
 [  6.  16.  16.]]
cf_score, 35.0
nv_score, -4.0
ratio, 0.464646464646
[[ 25.   8.   4.]
 [  2.  19.  17.]
 [  2.  12.  11.]]
cf_score, 49.0
nv_score, -14.0
ratio, 0.555555555556
[[  8.  18.   5.]
 [  0.  12.  14.]
 [  5.  13.  25.]]
cf_score, 35.0
nv_score, 1.0
ratio, 0.454545454545
[[ 18.  10.   3.]
 [  6.  11.  11.]
 [ 10.  12.  19.]]
cf_score, 35.0
nv_score, 2.0
ratio, 0.484848484848
[[ 10.   7.   6.]
 [  3.  20.  12.]
 [  6.  16.  20.]]
cf_score, 38.0
nv_score, -4.0
ratio, 0.505050505051
[[ 15.  12.   4.]
 [  3.  13.   9.]
 [  9.  15.  20.]]
cf_score, 35.0
nv_score, 3.0
ratio, 0.484848484848
[[ 14.  10.   3.]
 [  1.  13.  14.]
 [  3.  22.  20.]]
cf_score, 41.0
nv_score, 0.0
ratio, 0.474747474747
[[ 17.   7.   5.]
 [  2.  11.  15.]
 [  9.  17.  17.]]
cf_score, 31.0
nv_score, -8.0
ratio, 0.454545454545
[[ 24.   6.   3.]
 [  3.  19.   8.]
 [ 12.   7.  18.]]
cf_score, 46.0
nv_score, 4.0
ratio, 0.616161616162
[[ 15.  12.   5.]
 [  5.  14.   9.]
 [  4.  18.  18.]]
cf_score, 38.0
nv_score, -1.0
ratio, 0.474747474747
[[ 11.  18.   6.]
 [  1.  14.  13.]
 [  4.  13.  20.]]
cf_score, 35.0
nv_score, -5.0
ratio, 0.454545454545
[[ 13.  11.   3.]
 [  1.  19.  13.]
 [  3.  15.  22.]]
cf_score, 48.0
nv_score, 3.0
ratio, 0.545454545455
[[ 10.   9.   5.]
 [  2.  17.  15.]
 [  4.  17.  21.]]
cf_score, 39.0
nv_score, -4.0
ratio, 0.484848484848
[[ 14.   8.   7.]
 [  8.  12.  13.]
 [  4.  12.  22.]]
cf_score, 37.0
nv_score, -5.0
ratio, 0.484848484848
[[ 16.  10.   5.]
 [  3.  14.  12.]
 [  2.  15.  23.]]
cf_score, 46.0
nv_score, 1.0
ratio, 0.535353535354
[[ 19.  10.   5.]
 [  5.  24.  10.]
 [  2.  10.  15.]]
cf_score, 51.0
nv_score, -5.0
ratio, 0.585858585859
[[ 12.  14.   2.]
 [  3.  10.  15.]
 [  6.  17.  21.]]
cf_score, 35.0
nv_score, 2.0
ratio, 0.434343434343
[[ 16.   4.   9.]
 [  3.  11.  14.]
 [  7.  15.  21.]]
cf_score, 32.0
nv_score, -11.0
ratio, 0.484848484848
[[ 19.   5.   6.]
 [  4.  17.  14.]
 [  3.  12.  20.]]
cf_score, 47.0
nv_score, -6.0
ratio, 0.565656565657
[[ 14.  10.   3.]
 [  8.  15.  10.]
 [  3.  21.  16.]]
cf_score, 39.0
nv_score, 0.0
ratio, 0.454545454545
[[ 22.   4.   4.]
 [  3.  15.  11.]
 [  2.  13.  26.]]
cf_score, 57.0
nv_score, 7.0
ratio, 0.636363636364
