[[  6.  20.  15.]
 [  5.  24.  12.]
 [  1.   9.   8.]]
cf_score, 22.0
ratio, 0.383838383838
[[ 23.   0.  11.]
 [ 28.   0.   6.]
 [ 13.   0.  19.]]
cf_score, 18.0
ratio, 0.424242424242
[[  0.  26.   6.]
 [  0.  25.   5.]
 [  0.  26.  12.]]
cf_score, 31.0
ratio, 0.373737373737
[[  0.  22.   8.]
 [  0.  24.  17.]
 [  0.  11.  18.]]
cf_score, 34.0
ratio, 0.424242424242
[[ 31.   0.   7.]
 [ 18.   0.  12.]
 [ 17.   1.  14.]]
cf_score, 21.0
ratio, 0.454545454545
[[ 22.   0.  14.]
 [ 25.   0.  13.]
 [ 10.   0.  16.]]
cf_score, 14.0
ratio, 0.383838383838
[[ 23.   2.  17.]
 [ 15.   2.  18.]
 [  6.   0.  17.]]
cf_score, 19.0
ratio, 0.424242424242
[[ 21.   3.   8.]
 [ 15.   4.  13.]
 [  7.   6.  23.]]
cf_score, 33.0
ratio, 0.484848484848
[[ 24.   5.  10.]
 [ 14.   9.   9.]
 [  3.   5.  21.]]
cf_score, 41.0
ratio, 0.545454545455
[[ 15.   5.  12.]
 [ 15.  14.   6.]
 [  5.   5.  23.]]
cf_score, 35.0
ratio, 0.525252525253
[[ 16.  10.   9.]
 [ 18.   9.  11.]
 [  1.   4.  22.]]
cf_score, 37.0
ratio, 0.474747474747
[[ 22.   8.  11.]
 [ 24.   7.   5.]
 [  7.   3.  13.]]
cf_score, 24.0
ratio, 0.424242424242
[[ 14.   9.   9.]
 [ 21.   6.  12.]
 [  5.   2.  22.]]
cf_score, 28.0
ratio, 0.424242424242
[[ 15.   2.  10.]
 [ 17.   9.  17.]
 [  6.   0.  24.]]
cf_score, 32.0
ratio, 0.484848484848
[[ 19.   8.   3.]
 [ 18.   8.   7.]
 [  8.   8.  21.]]
cf_score, 37.0
ratio, 0.484848484848
[[ 15.   9.   7.]
 [ 13.  10.   4.]
 [  9.   4.  29.]]
cf_score, 38.0
ratio, 0.545454545455
[[ 22.   7.   8.]
 [ 18.   9.   8.]
 [  4.   5.  19.]]
cf_score, 38.0
ratio, 0.505050505051
[[ 24.   7.   4.]
 [ 18.   9.   9.]
 [  9.   4.  16.]]
cf_score, 36.0
ratio, 0.494949494949
[[ 27.   5.   8.]
 [ 12.   7.  13.]
 [  4.   7.  17.]]
cf_score, 39.0
ratio, 0.515151515152
[[ 21.  12.   5.]
 [ 21.   5.  10.]
 [  4.   7.  15.]]
cf_score, 32.0
ratio, 0.414141414141
[[ 17.  10.   4.]
 [ 20.   9.  10.]
 [  5.   3.  22.]]
cf_score, 39.0
ratio, 0.484848484848
[[ 13.   1.   6.]
 [ 14.  13.  14.]
 [  8.  11.  20.]]
cf_score, 32.0
ratio, 0.464646464646
[[ 20.   9.   7.]
 [ 12.  11.  14.]
 [  4.   2.  21.]]
cf_score, 41.0
ratio, 0.525252525253
[[ 16.   4.   5.]
 [ 16.  14.   6.]
 [  6.   8.  25.]]
cf_score, 44.0
ratio, 0.555555555556
[[ 18.  10.   7.]
 [ 10.   9.  14.]
 [  8.   7.  17.]]
cf_score, 29.0
ratio, 0.444444444444
[[ 15.   8.   5.]
 [ 24.   9.   8.]
 [  8.   5.  18.]]
cf_score, 29.0
ratio, 0.424242424242
[[ 12.  10.   5.]
 [ 22.  14.   5.]
 [  3.   9.  20.]]
cf_score, 38.0
ratio, 0.464646464646
[[ 22.  10.   4.]
 [ 17.  11.   8.]
 [  5.   7.  16.]]
cf_score, 40.0
ratio, 0.494949494949
[[ 24.   7.   4.]
 [ 20.   5.  12.]
 [  5.   7.  16.]]
cf_score, 36.0
ratio, 0.454545454545
[[ 24.   6.   6.]
 [ 25.   8.   8.]
 [  7.   2.  14.]]
cf_score, 33.0
ratio, 0.464646464646
[[ 13.   3.   6.]
 [ 25.   8.  11.]
 [  8.   4.  22.]]
cf_score, 29.0
ratio, 0.434343434343
[[ 21.   4.   7.]
 [ 18.   6.  11.]
 [  7.   9.  17.]]
cf_score, 30.0
ratio, 0.444444444444
[[ 20.   8.   8.]
 [ 14.  15.  13.]
 [  2.   7.  13.]]
cf_score, 38.0
ratio, 0.484848484848
[[ 17.  10.   6.]
 [ 10.   7.  10.]
 [  9.   7.  24.]]
cf_score, 33.0
ratio, 0.484848484848
[[ 26.   8.   4.]
 [ 23.   4.   9.]
 [  7.   4.  15.]]
cf_score, 34.0
ratio, 0.454545454545
[[ 28.  11.   2.]
 [ 19.   7.   7.]
 [  5.   5.  16.]]
cf_score, 44.0
ratio, 0.515151515152
[[ 19.   9.   3.]
 [ 14.   4.  12.]
 [  7.  10.  22.]]
cf_score, 35.0
ratio, 0.454545454545
[[ 29.  11.   2.]
 [ 18.   5.   4.]
 [ 10.   9.  12.]]
cf_score, 34.0
ratio, 0.464646464646
[[ 25.   8.   4.]
 [ 21.   8.   8.]
 [  1.   1.  24.]]
cf_score, 52.0
ratio, 0.575757575758
[[ 36.  13.   3.]
 [ 12.   5.   9.]
 [  6.   4.  12.]]
cf_score, 44.0
ratio, 0.535353535354
[[ 23.   4.   3.]
 [ 16.   9.   9.]
 [  9.   7.  20.]]
cf_score, 40.0
ratio, 0.525252525253
[[ 26.   8.   6.]
 [ 10.  10.  11.]
 [  6.   5.  18.]]
cf_score, 42.0
ratio, 0.545454545455
[[ 18.   9.   8.]
 [ 14.   7.   5.]
 [  7.  10.  22.]]
cf_score, 32.0
ratio, 0.474747474747
[[ 30.   5.   7.]
 [ 13.  16.   4.]
 [ 10.   2.  13.]]
cf_score, 42.0
ratio, 0.59595959596
[[ 24.   5.   4.]
 [ 18.   8.  13.]
 [  5.   8.  15.]]
cf_score, 38.0
ratio, 0.474747474747
[[ 38.   2.   2.]
 [ 30.   3.   2.]
 [  9.   4.  10.]]
cf_score, 40.0
ratio, 0.515151515152
[[ 27.   7.   8.]
 [ 16.   8.   7.]
 [  8.   4.  15.]]
cf_score, 34.0
ratio, 0.505050505051
[[ 21.   8.   4.]
 [ 21.   8.   9.]
 [ 12.   1.  16.]]
cf_score, 29.0
ratio, 0.454545454545
[[ 27.   5.   6.]
 [ 25.   4.   3.]
 [ 11.   6.  13.]]
cf_score, 27.0
ratio, 0.444444444444
[[ 23.  12.   3.]
 [ 11.  13.   4.]
 [  9.   8.  17.]]
cf_score, 41.0
ratio, 0.535353535354
