[[ 34.   0.   0.]
 [ 27.   0.   0.]
 [ 39.   0.   0.]]
cf_score, -5.0
nv_score, 0.0
ratio, 0.343434343434
[[ 29.   0.   0.]
 [ 33.   0.   0.]
 [ 38.   0.   0.]]
cf_score, -9.0
nv_score, 0.0
ratio, 0.292929292929
[[  0.  31.   0.]
 [  0.  34.   0.]
 [  0.  35.   0.]]
cf_score, 34.0
nv_score, 0.0
ratio, 0.343434343434
[[ 26.   0.   0.]
 [ 38.   0.   0.]
 [ 36.   0.   0.]]
cf_score, -10.0
nv_score, 0.0
ratio, 0.262626262626
[[  0.  29.   0.]
 [  0.  34.   0.]
 [  0.  37.   0.]]
cf_score, 34.0
nv_score, 0.0
ratio, 0.343434343434
[[ 35.   0.   0.]
 [ 34.   0.   0.]
 [ 31.   0.   0.]]
cf_score, 4.0
nv_score, 0.0
ratio, 0.353535353535
[[  0.  32.   0.]
 [  0.  39.   0.]
 [  0.  29.   0.]]
cf_score, 39.0
nv_score, 0.0
ratio, 0.393939393939
[[ 30.   0.   0.]
 [ 40.   0.   0.]
 [ 30.   0.   0.]]
cf_score, 0.0
nv_score, 0.0
ratio, 0.30303030303
[[ 28.   0.   0.]
 [ 32.   0.   0.]
 [ 40.   0.   0.]]
cf_score, -12.0
nv_score, 0.0
ratio, 0.282828282828
[[ 34.   0.   0.]
 [ 37.   0.   0.]
 [ 29.   0.   0.]]
cf_score, 5.0
nv_score, 0.0
ratio, 0.343434343434
[[  0.   0.  28.]
 [  0.   0.  34.]
 [  0.   0.  38.]]
cf_score, 10.0
nv_score, -52.0
ratio, 0.383838383838
[[ 27.   0.   0.]
 [ 39.   0.   0.]
 [ 34.   0.   0.]]
cf_score, -7.0
nv_score, 0.0
ratio, 0.272727272727
[[  0.   0.  27.]
 [  0.   0.  44.]
 [  0.   0.  29.]]
cf_score, 2.0
nv_score, -69.0
ratio, 0.292929292929
[[ 24.   0.   0.]
 [ 37.   0.   0.]
 [ 39.   0.   0.]]
cf_score, -15.0
nv_score, 0.0
ratio, 0.242424242424
[[ 31.   0.   0.]
 [ 33.   0.   0.]
 [ 36.   0.   0.]]
cf_score, -5.0
nv_score, 0.0
ratio, 0.313131313131
[[ 22.   0.   0.]
 [ 36.   0.   0.]
 [ 42.   0.   0.]]
cf_score, -20.0
nv_score, 0.0
ratio, 0.222222222222
[[ 33.   0.   0.]
 [ 35.   0.   0.]
 [ 32.   0.   0.]]
cf_score, 1.0
nv_score, 0.0
ratio, 0.333333333333
[[ 28.   0.   0.]
 [ 36.   0.   0.]
 [ 36.   0.   0.]]
cf_score, -8.0
nv_score, 0.0
ratio, 0.282828282828
[[  0.   0.  27.]
 [  0.   0.  35.]
 [  0.   0.  38.]]
cf_score, 11.0
nv_score, -51.0
ratio, 0.383838383838
[[ 24.   0.   0.]
 [ 41.   0.   0.]
 [ 35.   0.   0.]]
cf_score, -11.0
nv_score, 0.0
ratio, 0.242424242424
[[  0.   0.  26.]
 [  0.   0.  36.]
 [  0.   0.  38.]]
cf_score, 12.0
nv_score, -50.0
ratio, 0.383838383838
[[ 28.   0.   0.]
 [ 41.   0.   0.]
 [ 31.   0.   0.]]
cf_score, -3.0
nv_score, 0.0
ratio, 0.282828282828
[[ 30.   0.   0.]
 [ 31.   0.   0.]
 [ 39.   0.   0.]]
cf_score, -9.0
nv_score, 0.0
ratio, 0.30303030303
[[ 28.   0.   0.]
 [ 38.   0.   0.]
 [ 34.   0.   0.]]
cf_score, -6.0
nv_score, 0.0
ratio, 0.282828282828
[[ 32.   0.   0.]
 [ 33.   0.   0.]
 [ 35.   0.   0.]]
cf_score, -3.0
nv_score, 0.0
ratio, 0.323232323232
[[  0.   0.  25.]
 [  0.   0.  33.]
 [  0.   0.  42.]]
cf_score, 17.0
nv_score, -41.0
ratio, 0.424242424242
[[ 25.   0.   0.]
 [ 34.   0.   0.]
 [ 41.   0.   0.]]
cf_score, -16.0
nv_score, 0.0
ratio, 0.252525252525
[[ 31.   0.   0.]
 [ 36.   0.   0.]
 [ 33.   0.   0.]]
cf_score, -2.0
nv_score, 0.0
ratio, 0.313131313131
[[ 28.   0.   0.]
 [ 34.   0.   0.]
 [ 38.   0.   0.]]
cf_score, -10.0
nv_score, 0.0
ratio, 0.282828282828
[[ 25.   0.   0.]
 [ 33.   0.   0.]
 [ 42.   0.   0.]]
cf_score, -17.0
nv_score, 0.0
ratio, 0.252525252525
[[ 19.   0.   0.]
 [ 41.   0.   0.]
 [ 40.   0.   0.]]
cf_score, -21.0
nv_score, 0.0
ratio, 0.191919191919
[[ 26.   0.   0.]
 [ 36.   0.   0.]
 [ 38.   0.   0.]]
cf_score, -12.0
nv_score, 0.0
ratio, 0.262626262626
[[ 30.   0.   0.]
 [ 35.   0.   0.]
 [ 35.   0.   0.]]
cf_score, -5.0
nv_score, 0.0
ratio, 0.30303030303
[[ 31.   0.   0.]
 [ 33.   0.   0.]
 [ 36.   0.   0.]]
cf_score, -5.0
nv_score, 0.0
ratio, 0.313131313131
[[  0.   0.  21.]
 [  0.   0.  48.]
 [  0.   0.  31.]]
cf_score, 10.0
nv_score, -59.0
ratio, 0.313131313131
[[ 21.   0.   0.]
 [ 41.   0.   0.]
 [ 38.   0.   0.]]
cf_score, -17.0
nv_score, 0.0
ratio, 0.212121212121
[[ 27.   0.   0.]
 [ 38.   0.   0.]
 [ 35.   0.   0.]]
cf_score, -8.0
nv_score, 0.0
ratio, 0.272727272727
[[ 25.   0.   0.]
 [ 41.   0.   0.]
 [ 34.   0.   0.]]
cf_score, -9.0
nv_score, 0.0
ratio, 0.252525252525
[[ 25.   0.   0.]
 [ 32.   0.   0.]
 [ 43.   0.   0.]]
cf_score, -18.0
nv_score, 0.0
ratio, 0.252525252525
[[ 26.   0.   0.]
 [ 34.   0.   0.]
 [ 40.   0.   0.]]
cf_score, -14.0
nv_score, 0.0
ratio, 0.262626262626
[[  0.  23.   0.]
 [  0.  34.   0.]
 [  0.  43.   0.]]
cf_score, 34.0
nv_score, 0.0
ratio, 0.343434343434
[[ 31.   0.   0.]
 [ 34.   0.   0.]
 [ 35.   0.   0.]]
cf_score, -4.0
nv_score, 0.0
ratio, 0.313131313131
[[ 22.   0.   0.]
 [ 34.   0.   0.]
 [ 44.   0.   0.]]
cf_score, -22.0
nv_score, 0.0
ratio, 0.222222222222
[[ 28.   0.   0.]
 [ 38.   0.   0.]
 [ 34.   0.   0.]]
cf_score, -6.0
nv_score, 0.0
ratio, 0.282828282828
[[ 23.   0.   0.]
 [ 28.   0.   0.]
 [ 49.   0.   0.]]
cf_score, -26.0
nv_score, 0.0
ratio, 0.232323232323
[[ 26.   0.   0.]
 [ 33.   0.   0.]
 [ 41.   0.   0.]]
cf_score, -15.0
nv_score, 0.0
ratio, 0.262626262626
[[ 35.   0.   0.]
 [ 29.   0.   0.]
 [ 36.   0.   0.]]
cf_score, -1.0
nv_score, 0.0
ratio, 0.353535353535
[[  0.  31.   0.]
 [  0.  34.   0.]
 [  0.  35.   0.]]
cf_score, 34.0
nv_score, 0.0
ratio, 0.343434343434
[[  0.  24.   0.]
 [  0.  40.   0.]
 [  0.  36.   0.]]
cf_score, 40.0
nv_score, 0.0
ratio, 0.40404040404
[[ 35.   0.   0.]
 [ 34.   0.   0.]
 [ 31.   0.   0.]]
cf_score, 4.0
nv_score, 0.0
ratio, 0.353535353535
