[[  0.  42.   0.]
 [  0.  22.   0.]
 [  0.  36.   0.]]
cf_score, 22.0
nv_score, 0.0
ratio, 0.222222222222
[[  0.  38.   0.]
 [  0.  20.   0.]
 [  0.  42.   0.]]
cf_score, 20.0
nv_score, 0.0
ratio, 0.20202020202
[[  0.  35.   0.]
 [  0.  26.   0.]
 [  0.  39.   0.]]
cf_score, 26.0
nv_score, 0.0
ratio, 0.262626262626
[[  0.  40.   0.]
 [  0.  21.   0.]
 [  0.  39.   0.]]
cf_score, 21.0
nv_score, 0.0
ratio, 0.212121212121
[[  0.  41.   0.]
 [  0.  25.   0.]
 [  0.  34.   0.]]
cf_score, 25.0
nv_score, 0.0
ratio, 0.252525252525
[[  0.  37.   0.]
 [  0.  23.   0.]
 [  0.  40.   0.]]
cf_score, 23.0
nv_score, 0.0
ratio, 0.232323232323
[[  0.  37.   0.]
 [  0.  25.   0.]
 [  0.  38.   0.]]
cf_score, 25.0
nv_score, 0.0
ratio, 0.252525252525
[[  0.  32.   0.]
 [  0.  28.   0.]
 [  0.  40.   0.]]
cf_score, 28.0
nv_score, 0.0
ratio, 0.282828282828
[[  0.  35.   0.]
 [  0.  27.   0.]
 [  0.  38.   0.]]
cf_score, 27.0
nv_score, 0.0
ratio, 0.272727272727
[[  0.  38.   0.]
 [  0.  25.   0.]
 [  0.  37.   0.]]
cf_score, 25.0
nv_score, 0.0
ratio, 0.252525252525
[[  0.  46.   0.]
 [  0.  19.   0.]
 [  0.  35.   0.]]
cf_score, 19.0
nv_score, 0.0
ratio, 0.191919191919
[[  0.  46.   0.]
 [  0.  12.   0.]
 [  0.  42.   0.]]
cf_score, 12.0
nv_score, 0.0
ratio, 0.121212121212
[[  0.  36.   0.]
 [  0.  20.   0.]
 [  0.  44.   0.]]
cf_score, 20.0
nv_score, 0.0
ratio, 0.20202020202
[[  0.  31.   0.]
 [  0.  27.   0.]
 [  0.  42.   0.]]
cf_score, 27.0
nv_score, 0.0
ratio, 0.272727272727
[[  0.  39.   0.]
 [  0.  21.   0.]
 [  0.  40.   0.]]
cf_score, 21.0
nv_score, 0.0
ratio, 0.212121212121
[[  0.  38.   0.]
 [  0.  23.   0.]
 [  0.  39.   0.]]
cf_score, 23.0
nv_score, 0.0
ratio, 0.232323232323
[[  0.  32.   0.]
 [  0.  30.   0.]
 [  0.  38.   0.]]
cf_score, 30.0
nv_score, 0.0
ratio, 0.30303030303
[[  0.  46.   0.]
 [  0.  19.   0.]
 [  0.  35.   0.]]
cf_score, 19.0
nv_score, 0.0
ratio, 0.191919191919
[[  0.  37.   0.]
 [  0.  22.   0.]
 [  0.  41.   0.]]
cf_score, 22.0
nv_score, 0.0
ratio, 0.222222222222
[[  0.  37.   0.]
 [  0.  24.   0.]
 [  0.  39.   0.]]
cf_score, 24.0
nv_score, 0.0
ratio, 0.242424242424
[[  0.  29.   0.]
 [  0.  34.   0.]
 [  0.  37.   0.]]
cf_score, 34.0
nv_score, 0.0
ratio, 0.343434343434
[[  0.  46.   0.]
 [  0.  14.   0.]
 [  0.  40.   0.]]
cf_score, 14.0
nv_score, 0.0
ratio, 0.141414141414
[[  0.  39.   0.]
 [  0.  21.   0.]
 [  0.  40.   0.]]
cf_score, 21.0
nv_score, 0.0
ratio, 0.212121212121
[[  0.  46.   0.]
 [  0.  19.   0.]
 [  0.  35.   0.]]
cf_score, 19.0
nv_score, 0.0
ratio, 0.191919191919
[[  0.  38.   0.]
 [  0.  17.   0.]
 [  0.  45.   0.]]
cf_score, 17.0
nv_score, 0.0
ratio, 0.171717171717
[[  0.  43.   0.]
 [  0.  19.   0.]
 [  0.  38.   0.]]
cf_score, 19.0
nv_score, 0.0
ratio, 0.191919191919
[[  0.  39.   0.]
 [  0.  19.   0.]
 [  0.  42.   0.]]
cf_score, 19.0
nv_score, 0.0
ratio, 0.191919191919
[[  0.  33.   0.]
 [  0.  19.   0.]
 [  0.  48.   0.]]
cf_score, 19.0
nv_score, 0.0
ratio, 0.191919191919
[[  0.  30.   0.]
 [  0.  29.   0.]
 [  0.  41.   0.]]
cf_score, 29.0
nv_score, 0.0
ratio, 0.292929292929
[[  0.  35.   0.]
 [  0.  21.   0.]
 [  0.  44.   0.]]
cf_score, 21.0
nv_score, 0.0
ratio, 0.212121212121
[[  0.  39.   0.]
 [  0.  22.   0.]
 [  0.  39.   0.]]
cf_score, 22.0
nv_score, 0.0
ratio, 0.222222222222
[[  0.  31.   0.]
 [  0.  31.   0.]
 [  0.  38.   0.]]
cf_score, 31.0
nv_score, 0.0
ratio, 0.313131313131
[[  0.  32.   0.]
 [  0.  26.   0.]
 [  0.  42.   0.]]
cf_score, 26.0
nv_score, 0.0
ratio, 0.262626262626
[[  0.  37.   0.]
 [  0.  24.   0.]
 [  0.  39.   0.]]
cf_score, 24.0
nv_score, 0.0
ratio, 0.242424242424
[[  0.  36.   0.]
 [  0.  27.   0.]
 [  0.  37.   0.]]
cf_score, 27.0
nv_score, 0.0
ratio, 0.272727272727
[[  0.  40.   0.]
 [  0.  25.   0.]
 [  0.  35.   0.]]
cf_score, 25.0
nv_score, 0.0
ratio, 0.252525252525
[[  0.  34.   0.]
 [  0.  26.   0.]
 [  0.  40.   0.]]
cf_score, 26.0
nv_score, 0.0
ratio, 0.262626262626
[[  0.  39.   0.]
 [  0.  22.   0.]
 [  0.  39.   0.]]
cf_score, 22.0
nv_score, 0.0
ratio, 0.222222222222
[[  0.  37.   0.]
 [  0.  34.   0.]
 [  0.  29.   0.]]
cf_score, 34.0
nv_score, 0.0
ratio, 0.343434343434
[[  0.  41.   0.]
 [  0.  24.   0.]
 [  0.  35.   0.]]
cf_score, 24.0
nv_score, 0.0
ratio, 0.242424242424
[[  0.  34.   0.]
 [  0.  26.   0.]
 [  0.  40.   0.]]
cf_score, 26.0
nv_score, 0.0
ratio, 0.262626262626
[[  0.  45.   0.]
 [  0.  20.   0.]
 [  0.  35.   0.]]
cf_score, 20.0
nv_score, 0.0
ratio, 0.20202020202
[[  0.  33.   0.]
 [  0.  26.   0.]
 [  0.  41.   0.]]
cf_score, 26.0
nv_score, 0.0
ratio, 0.262626262626
[[  0.  37.   0.]
 [  0.  27.   0.]
 [  0.  36.   0.]]
cf_score, 27.0
nv_score, 0.0
ratio, 0.272727272727
[[  0.  36.   0.]
 [  0.  14.   0.]
 [  0.  50.   0.]]
cf_score, 14.0
nv_score, 0.0
ratio, 0.141414141414
[[  0.  34.   0.]
 [  0.  21.   0.]
 [  0.  45.   0.]]
cf_score, 21.0
nv_score, 0.0
ratio, 0.212121212121
[[  0.  34.   0.]
 [  0.  31.   0.]
 [  0.  35.   0.]]
cf_score, 31.0
nv_score, 0.0
ratio, 0.313131313131
[[  0.  39.   0.]
 [  0.  16.   0.]
 [  0.  45.   0.]]
cf_score, 16.0
nv_score, 0.0
ratio, 0.161616161616
[[  0.  40.   0.]
 [  0.  19.   0.]
 [  0.  41.   0.]]
cf_score, 19.0
nv_score, 0.0
ratio, 0.191919191919
[[  0.  42.   0.]
 [  0.  30.   0.]
 [  0.  28.   0.]]
cf_score, 30.0
nv_score, 0.0
ratio, 0.30303030303
