[[  0.   0.  43.]
 [  0.   0.  35.]
 [  0.   0.  22.]]
cf_score, -21.0
nv_score, -99.0
ratio, 0.222222222222
[[  0.   0.  47.]
 [  0.   0.  35.]
 [  0.   0.  18.]]
cf_score, -29.0
nv_score, -111.0
ratio, 0.181818181818
[[  0.   0.  35.]
 [  0.   0.  41.]
 [  0.   0.  24.]]
cf_score, -11.0
nv_score, -87.0
ratio, 0.242424242424
[[  0.  25.  11.]
 [  0.  28.  13.]
 [  0.  11.  12.]]
cf_score, 29.0
nv_score, -23.0
ratio, 0.40404040404
[[  6.  15.   4.]
 [  8.  23.  11.]
 [ 15.   9.   9.]]
cf_score, 19.0
nv_score, -10.0
ratio, 0.383838383838
[[ 25.   0.   7.]
 [ 29.   0.  13.]
 [ 16.   0.  10.]]
cf_score, 12.0
nv_score, -17.0
ratio, 0.353535353535
[[ 22.   2.   4.]
 [ 34.   6.  10.]
 [  8.   5.   9.]]
cf_score, 25.0
nv_score, -9.0
ratio, 0.373737373737
[[ 15.   6.  16.]
 [ 20.   2.  13.]
 [  5.  12.  11.]]
cf_score, 7.0
nv_score, -34.0
ratio, 0.282828282828
[[ 15.   9.   6.]
 [ 16.  14.  10.]
 [  7.  11.  12.]]
cf_score, 28.0
nv_score, -10.0
ratio, 0.414141414141
[[ 15.   7.   5.]
 [ 18.  14.   6.]
 [  7.  16.  12.]]
cf_score, 29.0
nv_score, -4.0
ratio, 0.414141414141
[[ 14.   6.   5.]
 [ 24.  10.  13.]
 [  4.  18.   6.]]
cf_score, 21.0
nv_score, -17.0
ratio, 0.30303030303
[[ 14.  11.   7.]
 [ 21.  10.   9.]
 [  6.   7.  15.]]
cf_score, 26.0
nv_score, -8.0
ratio, 0.393939393939
[[ 20.   8.  10.]
 [ 17.  10.  13.]
 [  3.   7.  12.]]
cf_score, 29.0
nv_score, -21.0
ratio, 0.424242424242
[[ 13.  11.   8.]
 [ 12.  15.  14.]
 [  7.  12.   8.]]
cf_score, 21.0
nv_score, -22.0
ratio, 0.363636363636
[[ 15.   9.   5.]
 [ 24.   4.  11.]
 [  9.  18.   5.]]
cf_score, 10.0
nv_score, -16.0
ratio, 0.242424242424
[[ 19.   9.   6.]
 [ 25.   8.  12.]
 [  4.  11.   6.]]
cf_score, 23.0
nv_score, -18.0
ratio, 0.333333333333
[[ 17.   9.   7.]
 [ 22.  11.   9.]
 [  5.   8.  12.]]
cf_score, 28.0
nv_score, -11.0
ratio, 0.40404040404
[[ 12.   8.   5.]
 [ 23.  10.   5.]
 [ 13.  11.  13.]]
cf_score, 17.0
nv_score, -2.0
ratio, 0.353535353535
[[ 21.  12.   5.]
 [ 16.  10.  10.]
 [  8.  12.   6.]]
cf_score, 24.0
nv_score, -14.0
ratio, 0.373737373737
[[ 22.   7.   3.]
 [ 22.   7.   9.]
 [  7.   9.  14.]]
cf_score, 33.0
nv_score, -1.0
ratio, 0.434343434343
[[ 11.   9.   5.]
 [ 20.   6.  18.]
 [  7.  12.  12.]]
cf_score, 17.0
nv_score, -16.0
ratio, 0.292929292929
[[ 13.   7.  13.]
 [ 18.   6.  14.]
 [ 12.   7.  10.]]
cf_score, 4.0
nv_score, -30.0
ratio, 0.292929292929
[[ 16.   7.   7.]
 [ 23.   5.  19.]
 [ 10.   4.   9.]]
cf_score, 13.0
nv_score, -24.0
ratio, 0.30303030303
[[ 20.  15.   6.]
 [ 19.   8.   9.]
 [  8.   6.   9.]]
cf_score, 23.0
nv_score, -12.0
ratio, 0.373737373737
[[ 21.   8.   6.]
 [ 17.   6.   8.]
 [ 13.   8.  13.]]
cf_score, 21.0
nv_score, -7.0
ratio, 0.40404040404
[[ 16.   4.   6.]
 [ 23.   8.  14.]
 [ 11.   9.   9.]]
cf_score, 16.0
nv_score, -17.0
ratio, 0.333333333333
[[ 18.   4.   8.]
 [ 17.  13.  19.]
 [  8.   8.   5.]]
cf_score, 20.0
nv_score, -30.0
ratio, 0.363636363636
[[ 22.   8.   5.]
 [ 23.   1.   9.]
 [  9.  12.  11.]]
cf_score, 20.0
nv_score, -8.0
ratio, 0.343434343434
[[ 16.  10.   3.]
 [ 19.  10.   9.]
 [ 14.  13.   6.]]
cf_score, 15.0
nv_score, -9.0
ratio, 0.323232323232
[[ 19.   6.   3.]
 [ 26.   7.  10.]
 [ 13.   7.   9.]]
cf_score, 19.0
nv_score, -7.0
ratio, 0.353535353535
[[ 12.  12.   2.]
 [ 20.   5.  16.]
 [ 16.   8.   9.]]
cf_score, 8.0
nv_score, -11.0
ratio, 0.262626262626
[[  9.  13.   9.]
 [ 22.   5.  17.]
 [ 11.   2.  12.]]
cf_score, 6.0
nv_score, -23.0
ratio, 0.262626262626
[[  8.  16.   6.]
 [ 17.   7.  19.]
 [  8.   6.  13.]]
cf_score, 14.0
nv_score, -18.0
ratio, 0.282828282828
[[ 13.  15.   7.]
 [ 21.   9.   9.]
 [  8.   6.  12.]]
cf_score, 19.0
nv_score, -11.0
ratio, 0.343434343434
[[ 11.  19.   3.]
 [ 16.   3.  15.]
 [  6.   8.  19.]]
cf_score, 24.0
nv_score, -2.0
ratio, 0.333333333333
[[ 13.  12.   7.]
 [ 23.   5.  17.]
 [  7.   7.   9.]]
cf_score, 13.0
nv_score, -22.0
ratio, 0.272727272727
[[ 13.  10.   0.]
 [ 21.   6.  13.]
 [  6.  15.  16.]]
cf_score, 29.0
nv_score, 3.0
ratio, 0.353535353535
[[  4.  12.   9.]
 [ 15.   8.  17.]
 [  7.  11.  17.]]
cf_score, 13.0
nv_score, -18.0
ratio, 0.292929292929
[[ 11.  11.   5.]
 [ 25.   8.  17.]
 [  6.   6.  11.]]
cf_score, 19.0
nv_score, -16.0
ratio, 0.30303030303
[[ 19.  15.   4.]
 [ 18.   6.  13.]
 [  5.   9.  11.]]
cf_score, 27.0
nv_score, -10.0
ratio, 0.363636363636
[[  7.  15.   4.]
 [ 17.  10.  16.]
 [  9.   9.  13.]]
cf_score, 17.0
nv_score, -11.0
ratio, 0.30303030303
[[ 10.  15.   5.]
 [ 17.  12.  14.]
 [  6.   7.  14.]]
cf_score, 25.0
nv_score, -10.0
ratio, 0.363636363636
[[ 18.  10.   6.]
 [ 18.  10.   6.]
 [  5.  16.  11.]]
cf_score, 28.0
nv_score, -7.0
ratio, 0.393939393939
[[ 15.  14.   5.]
 [ 22.   9.  15.]
 [  4.   9.   7.]]
cf_score, 22.0
nv_score, -18.0
ratio, 0.313131313131
[[ 15.  13.   2.]
 [ 19.   8.  18.]
 [  6.   7.  12.]]
cf_score, 27.0
nv_score, -10.0
ratio, 0.353535353535
[[ 12.   8.  15.]
 [ 21.   7.  16.]
 [  5.   7.   9.]]
cf_score, 8.0
nv_score, -37.0
ratio, 0.282828282828
[[ 13.  10.   6.]
 [ 26.   5.  14.]
 [  8.  11.   7.]]
cf_score, 11.0
nv_score, -19.0
ratio, 0.252525252525
[[ 15.  11.   4.]
 [ 12.  11.  12.]
 [ 13.  11.  11.]]
cf_score, 20.0
nv_score, -9.0
ratio, 0.373737373737
[[ 18.  11.   6.]
 [ 16.  10.  14.]
 [  9.   9.   7.]]
cf_score, 20.0
nv_score, -19.0
ratio, 0.353535353535
[[  9.  12.   5.]
 [ 19.  13.  11.]
 [  7.  11.  13.]]
cf_score, 23.0
nv_score, -8.0
ratio, 0.353535353535
