[[  2.  23.   6.]
 [  1.  23.   7.]
 [  0.  21.  17.]]
cf_score, 36.0
nv_score, -2.0
ratio, 0.424242424242
[[ 16.   0.   7.]
 [ 31.   0.   6.]
 [ 24.   0.  16.]]
cf_score, 1.0
nv_score, -4.0
ratio, 0.323232323232
[[ 25.   0.   5.]
 [ 29.   0.   5.]
 [ 25.   0.  11.]]
cf_score, 6.0
nv_score, -4.0
ratio, 0.363636363636
[[ 22.   0.  13.]
 [ 27.   0.   4.]
 [ 19.   0.  15.]]
cf_score, 5.0
nv_score, -15.0
ratio, 0.373737373737
[[ 33.   0.   3.]
 [ 29.   0.   5.]
 [ 19.   0.  11.]]
cf_score, 22.0
nv_score, 0.0
ratio, 0.444444444444
[[  9.  17.   2.]
 [  5.  26.   6.]
 [  1.  24.  10.]]
cf_score, 42.0
nv_score, 0.0
ratio, 0.454545454545
[[  6.  19.   2.]
 [  1.  27.   6.]
 [  2.  23.  14.]]
cf_score, 43.0
nv_score, 4.0
ratio, 0.474747474747
[[  5.  15.   1.]
 [  3.  39.   3.]
 [  5.  18.  11.]]
cf_score, 49.0
nv_score, 6.0
ratio, 0.555555555556
[[ 11.  13.   2.]
 [  6.  28.   6.]
 [  4.  19.  11.]]
cf_score, 44.0
nv_score, 1.0
ratio, 0.505050505051
[[  5.  21.   0.]
 [  4.  34.   2.]
 [  4.  21.   9.]]
cf_score, 44.0
nv_score, 7.0
ratio, 0.484848484848
[[ 12.  17.   2.]
 [  6.  30.   5.]
 [  1.  17.  10.]]
cf_score, 49.0
nv_score, 1.0
ratio, 0.525252525253
[[  9.  23.   0.]
 [  3.  24.   4.]
 [  4.  27.   6.]]
cf_score, 35.0
nv_score, 2.0
ratio, 0.393939393939
[[  9.  24.   2.]
 [  3.  22.   3.]
 [  7.  27.   3.]]
cf_score, 25.0
nv_score, -4.0
ratio, 0.343434343434
[[  6.  23.   3.]
 [  6.  27.   4.]
 [  3.  16.  12.]]
cf_score, 39.0
nv_score, 2.0
ratio, 0.454545454545
[[  4.  22.   1.]
 [  5.  25.   1.]
 [  8.  25.   9.]]
cf_score, 29.0
nv_score, 6.0
ratio, 0.383838383838
[[ 12.  25.   1.]
 [  3.  29.   2.]
 [  4.  17.   7.]]
cf_score, 43.0
nv_score, 3.0
ratio, 0.484848484848
[[  8.  20.   1.]
 [  7.  27.   7.]
 [  4.  18.   8.]]
cf_score, 38.0
nv_score, -1.0
ratio, 0.434343434343
[[  6.  27.   2.]
 [  6.  26.   3.]
 [  9.  14.   7.]]
cf_score, 28.0
nv_score, 0.0
ratio, 0.393939393939
[[  5.  23.   0.]
 [  1.  27.   1.]
 [  3.  27.  13.]]
cf_score, 42.0
nv_score, 12.0
ratio, 0.454545454545
[[ 11.  29.   4.]
 [  4.  21.   5.]
 [  4.  14.   8.]]
cf_score, 32.0
nv_score, -5.0
ratio, 0.40404040404
[[  4.  26.   3.]
 [  4.  26.   8.]
 [  3.  22.   4.]]
cf_score, 28.0
nv_score, -10.0
ratio, 0.343434343434
[[  5.  25.   0.]
 [  2.  24.   4.]
 [  6.  27.   7.]]
cf_score, 30.0
nv_score, 3.0
ratio, 0.363636363636
[[  6.  16.   2.]
 [  1.  34.   7.]
 [  3.  18.  13.]]
cf_score, 48.0
nv_score, 2.0
ratio, 0.535353535354
[[  9.  17.   0.]
 [  3.  30.   2.]
 [  4.  25.  10.]]
cf_score, 45.0
nv_score, 8.0
ratio, 0.494949494949
[[ 10.  26.   3.]
 [  4.  29.   1.]
 [  4.  14.   9.]]
cf_score, 41.0
nv_score, 2.0
ratio, 0.484848484848
[[  4.  26.   1.]
 [  1.  32.   4.]
 [  1.  17.  14.]]
cf_score, 48.0
nv_score, 8.0
ratio, 0.505050505051
[[  8.  18.   3.]
 [  4.  25.   2.]
 [  9.  23.   8.]]
cf_score, 29.0
nv_score, 0.0
ratio, 0.414141414141
[[  5.  23.   1.]
 [  4.  33.   4.]
 [  4.  17.   9.]]
cf_score, 42.0
nv_score, 3.0
ratio, 0.474747474747
[[  8.  23.   1.]
 [  6.  27.   1.]
 [  2.  19.  13.]]
cf_score, 45.0
nv_score, 10.0
ratio, 0.484848484848
[[ 10.  19.   2.]
 [  5.  29.   6.]
 [  1.  16.  12.]]
cf_score, 48.0
nv_score, 2.0
ratio, 0.515151515152
[[  8.  20.   4.]
 [  3.  28.   2.]
 [  3.  21.  11.]]
cf_score, 40.0
nv_score, 1.0
ratio, 0.474747474747
[[  8.  17.   0.]
 [  2.  33.   1.]
 [  7.  24.   8.]]
cf_score, 42.0
nv_score, 7.0
ratio, 0.494949494949
[[  2.  26.   1.]
 [  3.  28.   6.]
 [  5.  17.  12.]]
cf_score, 36.0
nv_score, 4.0
ratio, 0.424242424242
[[  6.  25.   1.]
 [  3.  24.   2.]
 [  4.  27.   8.]]
cf_score, 33.0
nv_score, 4.0
ratio, 0.383838383838
[[ 10.  18.   1.]
 [  3.  27.   4.]
 [  6.  21.  10.]]
cf_score, 40.0
nv_score, 4.0
ratio, 0.474747474747
[[  7.  26.   1.]
 [  3.  29.   2.]
 [  2.  19.  11.]]
cf_score, 44.0
nv_score, 7.0
ratio, 0.474747474747
[[  5.  13.   3.]
 [  1.  38.   5.]
 [  4.  25.   6.]]
cf_score, 42.0
nv_score, -5.0
ratio, 0.494949494949
[[ 11.   9.   2.]
 [  3.  32.   5.]
 [  7.  23.   8.]]
cf_score, 42.0
nv_score, -1.0
ratio, 0.515151515152
[[  9.  19.   1.]
 [  7.  24.   1.]
 [  8.  19.  12.]]
cf_score, 36.0
nv_score, 9.0
ratio, 0.454545454545
[[  7.  17.   4.]
 [  2.  30.   6.]
 [  6.  16.  12.]]
cf_score, 39.0
nv_score, -2.0
ratio, 0.494949494949
[[  6.  19.   0.]
 [  4.  33.   4.]
 [  5.  19.  10.]]
cf_score, 44.0
nv_score, 6.0
ratio, 0.494949494949
[[  6.  19.   4.]
 [  5.  32.   4.]
 [  7.  13.  10.]]
cf_score, 37.0
nv_score, -2.0
ratio, 0.484848484848
[[  7.  20.   1.]
 [  3.  28.   1.]
 [  2.  29.   9.]]
cf_score, 41.0
nv_score, 6.0
ratio, 0.444444444444
[[  8.  17.   1.]
 [  0.  28.   3.]
 [  4.  22.  17.]]
cf_score, 48.0
nv_score, 12.0
ratio, 0.535353535354
[[ 13.  19.   3.]
 [  3.  31.   3.]
 [  3.  14.  11.]]
cf_score, 49.0
nv_score, 2.0
ratio, 0.555555555556
[[ 11.  26.   6.]
 [  1.  27.   3.]
 [  5.  11.  10.]]
cf_score, 37.0
nv_score, -5.0
ratio, 0.484848484848
[[ 12.  16.   0.]
 [  8.  27.   3.]
 [  6.  19.   9.]]
cf_score, 42.0
nv_score, 6.0
ratio, 0.484848484848
[[  8.  21.   2.]
 [  7.  22.   6.]
 [  3.  26.   5.]]
cf_score, 30.0
nv_score, -5.0
ratio, 0.353535353535
[[  6.  21.   2.]
 [  7.  28.   4.]
 [  0.  25.   7.]]
cf_score, 39.0
nv_score, -1.0
ratio, 0.414141414141
[[  8.  14.   2.]
 [  9.  33.   6.]
 [  3.  20.   5.]]
cf_score, 41.0
nv_score, -5.0
ratio, 0.464646464646
