[[ 13.   1.  16.]
 [  9.   6.  16.]
 [ 12.   5.  22.]]
cf_score, 13.0
ratio, 0.414141414141
[[ 18.   2.  11.]
 [ 12.   2.  15.]
 [ 13.   2.  25.]]
cf_score, 21.0
ratio, 0.454545454545
[[ 17.   6.  15.]
 [  7.   6.  17.]
 [  9.   1.  22.]]
cf_score, 21.0
ratio, 0.454545454545
[[ 12.   2.  22.]
 [  5.   1.  20.]
 [ 12.   5.  21.]]
cf_score, 0.0
ratio, 0.343434343434
[[ 17.   2.  14.]
 [ 19.   0.  18.]
 [  5.   5.  20.]]
cf_score, 18.0
ratio, 0.373737373737
[[ 10.   1.  15.]
 [ 18.   5.  21.]
 [ 10.   1.  19.]]
cf_score, 9.0
ratio, 0.343434343434
[[ 16.   1.  17.]
 [  8.   3.  21.]
 [ 10.   2.  22.]]
cf_score, 14.0
ratio, 0.414141414141
[[ 16.   2.  16.]
 [ 16.   2.  14.]
 [ 11.   1.  22.]]
cf_score, 13.0
ratio, 0.40404040404
[[ 19.   2.  14.]
 [ 18.   2.  15.]
 [  7.   2.  21.]]
cf_score, 21.0
ratio, 0.424242424242
[[ 17.   6.  27.]
 [  9.   4.  14.]
 [ 11.   1.  11.]]
cf_score, -6.0
ratio, 0.323232323232
[[ 15.   4.  19.]
 [  6.   4.  17.]
 [  4.   3.  28.]]
cf_score, 24.0
ratio, 0.474747474747
[[ 16.   5.   5.]
 [ 14.   8.  16.]
 [  9.   1.  26.]]
cf_score, 36.0
ratio, 0.505050505051
[[ 21.   9.  11.]
 [  9.   4.  12.]
 [ 14.   6.  14.]]
cf_score, 14.0
ratio, 0.393939393939
[[ 11.   9.  15.]
 [  9.   9.  19.]
 [  8.   2.  18.]]
cf_score, 15.0
ratio, 0.383838383838
[[ 17.  10.   9.]
 [ 11.   8.  13.]
 [ 13.   0.  19.]]
cf_score, 22.0
ratio, 0.444444444444
[[ 15.  11.   3.]
 [  7.   7.  15.]
 [  8.   2.  32.]]
cf_score, 43.0
ratio, 0.545454545455
[[ 19.   9.  10.]
 [ 11.   8.   9.]
 [ 10.   1.  23.]]
cf_score, 30.0
ratio, 0.505050505051
[[ 13.  11.   9.]
 [ 11.   6.  16.]
 [ 13.   3.  18.]]
cf_score, 15.0
ratio, 0.373737373737
[[ 19.   8.  11.]
 [ 11.   4.  17.]
 [ 10.   6.  14.]]
cf_score, 16.0
ratio, 0.373737373737
[[ 20.   7.  13.]
 [ 11.   2.  10.]
 [ 15.   0.  22.]]
cf_score, 16.0
ratio, 0.444444444444
[[ 14.  14.  13.]
 [  8.   6.  13.]
 [ 12.   2.  18.]]
cf_score, 13.0
ratio, 0.383838383838
[[ 13.  11.   8.]
 [ 12.   9.  13.]
 [  8.   2.  24.]]
cf_score, 30.0
ratio, 0.464646464646
[[ 17.   7.   8.]
 [  8.   9.  19.]
 [  9.   3.  20.]]
cf_score, 29.0
ratio, 0.464646464646
[[  5.   9.  11.]
 [ 15.   5.  10.]
 [ 17.   2.  26.]]
cf_score, 8.0
ratio, 0.363636363636
[[ 18.   8.   6.]
 [ 15.   4.  13.]
 [  9.   9.  18.]]
cf_score, 25.0
ratio, 0.40404040404
[[ 14.   6.  14.]
 [ 16.   5.  10.]
 [ 13.   4.  18.]]
cf_score, 10.0
ratio, 0.373737373737
[[ 19.   8.   7.]
 [ 11.   9.   9.]
 [  8.   9.  20.]]
cf_score, 33.0
ratio, 0.484848484848
[[ 21.   3.   9.]
 [ 16.   3.  16.]
 [ 16.   1.  15.]]
cf_score, 14.0
ratio, 0.393939393939
[[ 22.   3.   8.]
 [ 12.   3.  13.]
 [ 13.   4.  22.]]
cf_score, 26.0
ratio, 0.474747474747
[[ 22.   5.   6.]
 [ 13.  10.  13.]
 [ 11.   2.  18.]]
cf_score, 33.0
ratio, 0.505050505051
[[ 19.   8.   7.]
 [ 18.   1.   7.]
 [ 15.   4.  21.]]
cf_score, 19.0
ratio, 0.414141414141
[[ 24.   5.   3.]
 [ 14.   3.  16.]
 [ 14.   7.  14.]]
cf_score, 24.0
ratio, 0.414141414141
[[ 20.   3.   7.]
 [ 18.   2.  14.]
 [ 10.   7.  19.]]
cf_score, 24.0
ratio, 0.414141414141
[[ 21.   3.   9.]
 [ 12.   3.  12.]
 [ 11.   4.  25.]]
cf_score, 29.0
ratio, 0.494949494949
[[ 23.   3.  10.]
 [ 10.   1.   9.]
 [ 18.   3.  23.]]
cf_score, 19.0
ratio, 0.474747474747
[[ 15.   6.  10.]
 [ 18.   6.   9.]
 [ 16.   2.  18.]]
cf_score, 13.0
ratio, 0.393939393939
[[ 13.   6.  13.]
 [ 18.   8.  12.]
 [  7.   2.  21.]]
cf_score, 22.0
ratio, 0.424242424242
[[ 14.   2.  15.]
 [ 13.   6.  11.]
 [  6.   2.  31.]]
cf_score, 30.0
ratio, 0.515151515152
[[ 22.   3.   6.]
 [ 13.   6.  18.]
 [ 14.   5.  13.]]
cf_score, 21.0
ratio, 0.414141414141
[[ 11.  10.  13.]
 [ 10.   5.  11.]
 [ 13.  10.  17.]]
cf_score, 7.0
ratio, 0.333333333333
[[ 21.   5.   7.]
 [ 17.   4.  10.]
 [ 16.   4.  16.]]
cf_score, 18.0
ratio, 0.414141414141
[[ 27.  10.   6.]
 [ 13.   5.  11.]
 [ 10.   5.  13.]]
cf_score, 29.0
ratio, 0.454545454545
[[ 22.  12.   5.]
 [ 20.  11.   2.]
 [ 10.   2.  16.]]
cf_score, 34.0
ratio, 0.494949494949
[[ 21.   4.  11.]
 [ 15.   8.  12.]
 [ 16.   3.  10.]]
cf_score, 12.0
ratio, 0.393939393939
[[ 16.   6.  10.]
 [  9.  12.  13.]
 [  6.   4.  24.]]
cf_score, 36.0
ratio, 0.525252525253
[[ 17.   8.   6.]
 [ 15.   9.  13.]
 [ 12.   5.  15.]]
cf_score, 23.0
ratio, 0.414141414141
[[ 22.   6.   7.]
 [  9.   7.  14.]
 [ 12.   6.  17.]]
cf_score, 27.0
ratio, 0.464646464646
[[ 20.   6.  11.]
 [ 15.  10.   8.]
 [  6.   4.  20.]]
cf_score, 33.0
ratio, 0.505050505051
[[ 10.   7.   5.]
 [ 17.   4.  12.]
 [ 18.   5.  22.]]
cf_score, 13.0
ratio, 0.363636363636
[[ 19.   7.   8.]
 [ 11.   6.  12.]
 [  9.   5.  23.]]
cf_score, 31.0
ratio, 0.484848484848
