[[  0.  19.  21.]
 [  0.  21.  10.]
 [  0.  14.  15.]]
cf_score, 15.0
nv_score, -37.0
ratio, 0.363636363636
[[  0.  26.  19.]
 [  0.  21.   5.]
 [  0.   8.  21.]]
cf_score, 23.0
nv_score, -22.0
ratio, 0.424242424242
[[  0.  26.  13.]
 [  0.  19.   9.]
 [  0.  11.  22.]]
cf_score, 28.0
nv_score, -13.0
ratio, 0.414141414141
[[  0.  27.   9.]
 [  0.  18.   9.]
 [  0.  25.  12.]]
cf_score, 21.0
nv_score, -15.0
ratio, 0.30303030303
[[  0.  29.   4.]
 [  0.  21.   8.]
 [  0.  24.  14.]]
cf_score, 31.0
nv_score, -2.0
ratio, 0.353535353535
[[  0.  24.  16.]
 [  0.  17.   6.]
 [  0.  19.  18.]]
cf_score, 19.0
nv_score, -20.0
ratio, 0.353535353535
[[  0.  26.  15.]
 [  0.  22.   9.]
 [  0.  13.  15.]]
cf_score, 22.0
nv_score, -24.0
ratio, 0.373737373737
[[  0.  30.  10.]
 [  0.  20.   8.]
 [  0.  16.  16.]]
cf_score, 26.0
nv_score, -12.0
ratio, 0.363636363636
[[  0.  26.  11.]
 [  0.  24.  10.]
 [  0.  15.  14.]]
cf_score, 27.0
nv_score, -18.0
ratio, 0.383838383838
[[  0.  26.   8.]
 [  0.  24.   7.]
 [  0.  13.  22.]]
cf_score, 38.0
nv_score, -1.0
ratio, 0.464646464646
[[  0.  33.   9.]
 [  0.  17.   5.]
 [  0.  16.  20.]]
cf_score, 28.0
nv_score, -3.0
ratio, 0.373737373737
[[  0.  28.   8.]
 [  0.  21.  12.]
 [  0.  19.  12.]]
cf_score, 25.0
nv_score, -16.0
ratio, 0.333333333333
[[ 14.  10.  10.]
 [  8.  14.  13.]
 [  5.  10.  16.]]
cf_score, 29.0
nv_score, -17.0
ratio, 0.444444444444
[[ 16.  15.   8.]
 [ 13.   6.   3.]
 [  8.  14.  17.]]
cf_score, 23.0
nv_score, -2.0
ratio, 0.393939393939
[[ 12.  11.  12.]
 [ 17.  10.   7.]
 [  4.  13.  14.]]
cf_score, 20.0
nv_score, -17.0
ratio, 0.363636363636
[[ 22.   8.  11.]
 [ 12.  10.  10.]
 [  4.   7.  16.]]
cf_score, 33.0
nv_score, -16.0
ratio, 0.484848484848
[[ 14.  12.  15.]
 [ 15.  11.   3.]
 [ 13.   6.  11.]]
cf_score, 8.0
nv_score, -22.0
ratio, 0.363636363636
[[ 22.   3.  10.]
 [ 13.   9.   8.]
 [ 10.   6.  19.]]
cf_score, 30.0
nv_score, -9.0
ratio, 0.505050505051
[[ 22.   7.  13.]
 [ 17.   8.   6.]
 [  7.   9.  11.]]
cf_score, 21.0
nv_score, -21.0
ratio, 0.414141414141
[[ 22.   7.  14.]
 [ 19.   7.   5.]
 [ 12.   2.  12.]]
cf_score, 15.0
nv_score, -21.0
ratio, 0.414141414141
[[ 20.   5.   8.]
 [ 17.   8.   8.]
 [  9.   9.  16.]]
cf_score, 27.0
nv_score, -8.0
ratio, 0.444444444444
[[ 19.   6.  18.]
 [ 13.   6.   8.]
 [ 13.   5.  12.]]
cf_score, 6.0
nv_score, -32.0
ratio, 0.373737373737
[[ 20.  11.   8.]
 [ 13.   7.   8.]
 [  5.  12.  16.]]
cf_score, 30.0
nv_score, -8.0
ratio, 0.434343434343
[[ 19.   7.  12.]
 [ 15.   4.  10.]
 [ 10.   5.  18.]]
cf_score, 19.0
nv_score, -16.0
ratio, 0.414141414141
[[ 23.   7.   6.]
 [ 14.   4.   8.]
 [ 13.   9.  16.]]
cf_score, 24.0
nv_score, -4.0
ratio, 0.434343434343
[[ 16.   7.   5.]
 [ 21.   3.   9.]
 [ 12.   9.  18.]]
cf_score, 20.0
nv_score, -1.0
ratio, 0.373737373737
[[ 18.   9.   9.]
 [ 15.   8.   8.]
 [  9.   3.  21.]]
cf_score, 29.0
nv_score, -5.0
ratio, 0.474747474747
[[ 16.   7.   9.]
 [ 17.   7.   4.]
 [ 11.   7.  22.]]
cf_score, 25.0
nv_score, 0.0
ratio, 0.454545454545
[[ 22.   6.  12.]
 [  7.  10.   5.]
 [ 14.   5.  19.]]
cf_score, 25.0
nv_score, -10.0
ratio, 0.515151515152
[[ 20.   5.   7.]
 [ 24.   8.   7.]
 [ 10.   4.  15.]]
cf_score, 26.0
nv_score, -6.0
ratio, 0.434343434343
[[ 20.  10.   7.]
 [ 18.   5.   4.]
 [ 15.   5.  16.]]
cf_score, 19.0
nv_score, -2.0
ratio, 0.414141414141
[[ 25.   5.   6.]
 [ 13.   8.  11.]
 [  9.   4.  19.]]
cf_score, 37.0
nv_score, -4.0
ratio, 0.525252525253
[[ 20.   8.  10.]
 [ 10.  11.   4.]
 [ 11.   7.  19.]]
cf_score, 29.0
nv_score, -5.0
ratio, 0.505050505051
[[ 19.  11.   8.]
 [ 20.   7.   5.]
 [ 14.   5.  11.]]
cf_score, 15.0
nv_score, -10.0
ratio, 0.373737373737
[[ 17.   4.   6.]
 [ 19.   3.   9.]
 [ 15.  10.  17.]]
cf_score, 16.0
nv_score, -4.0
ratio, 0.373737373737
[[ 21.  11.   6.]
 [ 20.   7.   6.]
 [  9.   2.  18.]]
cf_score, 31.0
nv_score, 0.0
ratio, 0.464646464646
[[ 15.   7.   7.]
 [ 20.   5.   6.]
 [ 13.  10.  17.]]
cf_score, 17.0
nv_score, -3.0
ratio, 0.373737373737
[[ 17.   4.  10.]
 [ 17.  15.   5.]
 [  9.   0.  23.]]
cf_score, 36.0
nv_score, -2.0
ratio, 0.555555555556
[[ 26.   4.   4.]
 [ 15.   4.  12.]
 [ 15.   6.  14.]]
cf_score, 25.0
nv_score, -6.0
ratio, 0.444444444444
[[ 19.  13.   4.]
 [ 21.   4.   3.]
 [ 12.   6.  18.]]
cf_score, 25.0
nv_score, 7.0
ratio, 0.414141414141
[[ 18.   9.   4.]
 [ 17.   7.   7.]
 [  9.   4.  25.]]
cf_score, 37.0
nv_score, 10.0
ratio, 0.505050505051
[[ 26.  15.   3.]
 [ 11.   6.   4.]
 [ 11.   7.  17.]]
cf_score, 35.0
nv_score, 7.0
ratio, 0.494949494949
[[ 20.   3.   8.]
 [ 18.   5.   9.]
 [ 14.   6.  17.]]
cf_score, 20.0
nv_score, -8.0
ratio, 0.424242424242
[[ 26.   6.  10.]
 [ 18.   5.   8.]
 [  3.   2.  22.]]
cf_score, 40.0
nv_score, -6.0
ratio, 0.535353535354
[[ 23.  11.   8.]
 [ 17.   5.   3.]
 [ 12.   9.  12.]]
cf_score, 20.0
nv_score, -7.0
ratio, 0.40404040404
[[ 26.   8.   7.]
 [ 13.   6.   6.]
 [ 14.   4.  16.]]
cf_score, 27.0
nv_score, -4.0
ratio, 0.484848484848
[[ 15.  14.  14.]
 [ 13.   3.   9.]
 [  9.   4.  19.]]
cf_score, 14.0
nv_score, -18.0
ratio, 0.373737373737
[[ 17.   6.   9.]
 [ 11.  11.   7.]
 [  7.  12.  20.]]
cf_score, 32.0
nv_score, -5.0
ratio, 0.484848484848
[[ 19.   7.   7.]
 [ 17.  11.   8.]
 [ 12.   4.  15.]]
cf_score, 26.0
nv_score, -7.0
ratio, 0.454545454545
[[ 22.   8.   8.]
 [ 13.   8.   8.]
 [ 11.   2.  20.]]
cf_score, 31.0
nv_score, -4.0
ratio, 0.505050505051
