[[  0.  24.   7.]
 [  1.  25.  10.]
 [  2.  15.  16.]]
cf_score, 32.0
nv_score, -8.0
ratio, 0.414141414141
[[  1.  19.   9.]
 [  0.  19.   6.]
 [  4.  22.  20.]]
cf_score, 27.0
nv_score, -4.0
ratio, 0.40404040404
[[  0.  16.  10.]
 [  0.  31.   9.]
 [  0.  21.  13.]]
cf_score, 34.0
nv_score, -16.0
ratio, 0.444444444444
[[  0.  17.   7.]
 [  0.  15.  22.]
 [  0.  16.  23.]]
cf_score, 31.0
nv_score, -13.0
ratio, 0.383838383838
[[  1.  12.  15.]
 [  0.  15.  20.]
 [  0.   6.  31.]]
cf_score, 32.0
nv_score, -19.0
ratio, 0.474747474747
[[ 13.  11.  11.]
 [  5.  12.  12.]
 [  5.  13.  18.]]
cf_score, 27.0
nv_score, -16.0
ratio, 0.434343434343
[[  7.  14.  12.]
 [  8.  16.  11.]
 [  1.  13.  18.]]
cf_score, 28.0
nv_score, -17.0
ratio, 0.414141414141
[[  6.  10.  19.]
 [  4.  12.  19.]
 [  3.   7.  20.]]
cf_score, 16.0
nv_score, -37.0
ratio, 0.383838383838
[[  8.   5.  20.]
 [  6.  13.  12.]
 [  5.   7.  24.]]
cf_score, 20.0
nv_score, -28.0
ratio, 0.454545454545
[[ 10.   9.  21.]
 [  6.  16.  14.]
 [  2.   6.  16.]]
cf_score, 19.0
nv_score, -40.0
ratio, 0.424242424242
[[  8.   9.  11.]
 [  3.  26.  17.]
 [  2.   6.  18.]]
cf_score, 39.0
nv_score, -21.0
ratio, 0.525252525253
[[ 10.   5.  10.]
 [  6.  15.  19.]
 [  0.  15.  20.]]
cf_score, 35.0
nv_score, -19.0
ratio, 0.454545454545
[[  8.   7.  15.]
 [  5.  10.  17.]
 [  1.   9.  28.]]
cf_score, 30.0
nv_score, -19.0
ratio, 0.464646464646
[[ 12.   4.  17.]
 [  7.   8.  20.]
 [  2.   7.  23.]]
cf_score, 24.0
nv_score, -31.0
ratio, 0.434343434343
[[ 13.   9.   7.]
 [ 17.  19.  13.]
 [  6.   6.  10.]]
cf_score, 29.0
nv_score, -17.0
ratio, 0.424242424242
[[ 13.  14.  14.]
 [  7.  12.   6.]
 [  6.   9.  19.]]
cf_score, 24.0
nv_score, -15.0
ratio, 0.444444444444
[[  9.   5.  10.]
 [  9.  14.  14.]
 [  8.   9.  22.]]
cf_score, 27.0
nv_score, -12.0
ratio, 0.454545454545
[[ 14.   4.  16.]
 [ 14.  11.  11.]
 [ 11.   8.  11.]]
cf_score, 9.0
nv_score, -32.0
ratio, 0.363636363636
[[  8.  10.   8.]
 [ 15.  14.  13.]
 [  6.   7.  19.]]
cf_score, 27.0
nv_score, -10.0
ratio, 0.414141414141
[[  5.  10.  13.]
 [  6.  15.  12.]
 [  7.   8.  24.]]
cf_score, 24.0
nv_score, -14.0
ratio, 0.444444444444
[[  9.   6.   9.]
 [  7.  12.  23.]
 [  2.   9.  23.]]
cf_score, 33.0
nv_score, -18.0
ratio, 0.444444444444
[[ 11.  10.   8.]
 [ 19.   9.  12.]
 [  8.   7.  16.]]
cf_score, 20.0
nv_score, -12.0
ratio, 0.363636363636
[[  4.   8.  18.]
 [  8.  12.  12.]
 [  5.  15.  18.]]
cf_score, 11.0
nv_score, -30.0
ratio, 0.343434343434
[[ 11.   9.  11.]
 [  9.   6.  14.]
 [  5.  17.  18.]]
cf_score, 19.0
nv_score, -18.0
ratio, 0.353535353535
[[  9.   9.  12.]
 [  8.  13.  17.]
 [  6.   9.  17.]]
cf_score, 21.0
nv_score, -24.0
ratio, 0.393939393939
[[ 17.   8.  14.]
 [ 11.  11.  12.]
 [  3.   4.  20.]]
cf_score, 31.0
nv_score, -20.0
ratio, 0.484848484848
[[ 17.   5.   8.]
 [ 16.   9.   9.]
 [  8.  12.  16.]]
cf_score, 26.0
nv_score, -9.0
ratio, 0.424242424242
[[ 10.  10.  11.]
 [ 18.   6.  10.]
 [  7.   8.  20.]]
cf_score, 18.0
nv_score, -12.0
ratio, 0.363636363636
[[ 16.   9.  12.]
 [ 10.  10.  11.]
 [  6.   9.  17.]]
cf_score, 25.0
nv_score, -18.0
ratio, 0.434343434343
[[ 10.   6.  10.]
 [  7.  17.  14.]
 [ 12.   4.  20.]]
cf_score, 25.0
nv_score, -14.0
ratio, 0.474747474747
[[ 13.   7.  12.]
 [  7.   9.  14.]
 [  7.  11.  20.]]
cf_score, 23.0
nv_score, -18.0
ratio, 0.424242424242
[[  6.   8.   7.]
 [ 12.   7.  20.]
 [  7.  11.  22.]]
cf_score, 21.0
nv_score, -12.0
ratio, 0.353535353535
[[  9.   9.   8.]
 [ 12.   8.  19.]
 [  9.   7.  19.]]
cf_score, 19.0
nv_score, -16.0
ratio, 0.363636363636
[[ 17.   5.   8.]
 [ 15.  13.   9.]
 [  7.   7.  19.]]
cf_score, 34.0
nv_score, -6.0
ratio, 0.494949494949
[[ 21.   6.   5.]
 [ 17.  10.  10.]
 [  8.  14.   9.]]
cf_score, 27.0
nv_score, -11.0
ratio, 0.40404040404
[[ 12.   9.  14.]
 [ 14.   7.   9.]
 [  9.  12.  14.]]
cf_score, 10.0
nv_score, -23.0
ratio, 0.333333333333
[[  5.  12.   5.]
 [  6.  17.  14.]
 [  8.  11.  22.]]
cf_score, 31.0
nv_score, -2.0
ratio, 0.444444444444
[[ 13.   7.  14.]
 [ 11.   9.  14.]
 [  5.   7.  20.]]
cf_score, 23.0
nv_score, -22.0
ratio, 0.424242424242
[[ 12.   6.  11.]
 [ 11.   5.  14.]
 [  3.  16.  22.]]
cf_score, 25.0
nv_score, -14.0
ratio, 0.393939393939
[[  8.   6.  10.]
 [ 10.  17.   8.]
 [ 11.  17.  13.]]
cf_score, 17.0
nv_score, -15.0
ratio, 0.383838383838
[[ 12.   7.  10.]
 [ 10.  15.  12.]
 [  3.   5.  26.]]
cf_score, 40.0
nv_score, -6.0
ratio, 0.535353535354
[[ 11.   8.  16.]
 [  7.   9.  12.]
 [  5.  14.  18.]]
cf_score, 17.0
nv_score, -26.0
ratio, 0.383838383838
[[ 11.   7.  15.]
 [ 13.   8.  16.]
 [  2.   5.  23.]]
cf_score, 25.0
nv_score, -23.0
ratio, 0.424242424242
[[  9.  10.  12.]
 [  8.   9.  15.]
 [  7.   7.  23.]]
cf_score, 22.0
nv_score, -16.0
ratio, 0.414141414141
[[ 13.  11.  13.]
 [ 13.  10.  13.]
 [  6.   9.  12.]]
cf_score, 16.0
nv_score, -27.0
ratio, 0.353535353535
[[ 11.  13.  11.]
 [  8.   9.  17.]
 [  6.  12.  13.]]
cf_score, 16.0
nv_score, -26.0
ratio, 0.333333333333
[[ 10.  10.  16.]
 [  6.   7.  14.]
 [  8.  10.  19.]]
cf_score, 12.0
nv_score, -27.0
ratio, 0.363636363636
[[ 10.   8.  12.]
 [ 13.   8.  16.]
 [  6.  13.  14.]]
cf_score, 14.0
nv_score, -26.0
ratio, 0.323232323232
[[  8.  10.  10.]
 [  9.  15.  14.]
 [ 13.   9.  12.]]
cf_score, 12.0
nv_score, -22.0
ratio, 0.353535353535
[[  6.  12.  16.]
 [  2.  17.  15.]
 [  2.  11.  19.]]
cf_score, 24.0
nv_score, -28.0
ratio, 0.424242424242
