[[ 11.   0.  14.]
 [ 25.   0.  14.]
 [ 21.   0.  15.]]
cf_score, -9.0
ratio, 0.262626262626
[[ 10.   0.  17.]
 [ 17.   0.  21.]
 [ 14.   2.  19.]]
cf_score, -2.0
ratio, 0.292929292929
[[ 20.   2.  14.]
 [ 15.   1.  23.]
 [ 16.   0.   9.]]
cf_score, 0.0
ratio, 0.30303030303
[[ 18.   0.  13.]
 [ 16.   1.  17.]
 [ 18.   0.  17.]]
cf_score, 5.0
ratio, 0.363636363636
[[ 25.   0.  13.]
 [ 11.   0.  19.]
 [ 17.   1.  14.]]
cf_score, 9.0
ratio, 0.393939393939
[[ 17.   0.  18.]
 [ 18.   0.  16.]
 [ 15.   1.  15.]]
cf_score, -1.0
ratio, 0.323232323232
[[ 26.   0.   7.]
 [ 23.   4.   3.]
 [ 33.   1.   3.]]
cf_score, -7.0
ratio, 0.333333333333
[[ 22.   2.   4.]
 [ 27.   5.   2.]
 [ 30.   1.   7.]]
cf_score, 0.0
ratio, 0.343434343434
[[ 31.   6.   4.]
 [ 21.   5.   3.]
 [ 17.   8.   5.]]
cf_score, 20.0
ratio, 0.414141414141
[[ 16.  12.   4.]
 [ 19.  10.   7.]
 [ 18.   6.   8.]]
cf_score, 12.0
ratio, 0.343434343434
[[ 16.  13.   3.]
 [ 13.  11.   6.]
 [ 21.  12.   5.]]
cf_score, 8.0
ratio, 0.323232323232
[[ 20.   9.   5.]
 [ 12.   7.   8.]
 [ 19.  10.  10.]]
cf_score, 13.0
ratio, 0.373737373737
[[ 21.  11.   4.]
 [ 19.  10.   5.]
 [ 17.   8.   5.]]
cf_score, 15.0
ratio, 0.363636363636
[[ 20.  15.   4.]
 [ 12.  12.   8.]
 [ 10.   8.  11.]]
cf_score, 29.0
ratio, 0.434343434343
[[ 18.   8.   6.]
 [ 21.   9.   4.]
 [ 20.   6.   8.]]
cf_score, 9.0
ratio, 0.353535353535
[[ 17.   8.   3.]
 [ 18.  15.   6.]
 [ 16.   9.   8.]]
cf_score, 21.0
ratio, 0.40404040404
[[ 16.  11.   5.]
 [ 21.   9.   6.]
 [ 18.   8.   6.]]
cf_score, 8.0
ratio, 0.313131313131
[[ 20.  15.   2.]
 [ 14.  14.   7.]
 [ 15.   6.   7.]]
cf_score, 24.0
ratio, 0.414141414141
[[ 22.  14.   2.]
 [ 20.   8.   3.]
 [ 15.   7.   9.]]
cf_score, 22.0
ratio, 0.393939393939
[[ 12.   6.   2.]
 [ 19.   8.  12.]
 [ 26.   6.   9.]]
cf_score, 1.0
ratio, 0.292929292929
[[ 19.  11.   5.]
 [ 17.   9.   4.]
 [ 19.   9.   7.]]
cf_score, 11.0
ratio, 0.353535353535
[[ 22.   5.   6.]
 [ 14.  11.   7.]
 [ 18.   8.   9.]]
cf_score, 18.0
ratio, 0.424242424242
[[ 17.   7.   3.]
 [ 21.  11.   3.]
 [ 18.   7.  13.]]
cf_score, 20.0
ratio, 0.414141414141
[[ 18.  11.   4.]
 [ 17.   8.   6.]
 [ 20.  13.   3.]]
cf_score, 5.0
ratio, 0.292929292929
[[ 14.  12.   4.]
 [ 14.  14.   7.]
 [ 13.  16.   6.]]
cf_score, 17.0
ratio, 0.343434343434
[[ 23.  10.   1.]
 [ 22.  15.   3.]
 [ 14.   7.   5.]]
cf_score, 28.0
ratio, 0.434343434343
[[ 12.   5.   9.]
 [ 22.  10.  11.]
 [ 10.  11.  10.]]
cf_score, 13.0
ratio, 0.323232323232
[[ 14.  13.   4.]
 [ 15.  13.   8.]
 [ 13.   8.  12.]]
cf_score, 22.0
ratio, 0.393939393939
[[ 17.  12.   5.]
 [ 16.  15.   6.]
 [ 12.  10.   7.]]
cf_score, 22.0
ratio, 0.393939393939
[[ 19.  13.   4.]
 [ 10.  16.  11.]
 [  9.   8.  10.]]
cf_score, 32.0
ratio, 0.454545454545
[[ 15.  13.   5.]
 [ 19.  10.   7.]
 [ 14.  10.   7.]]
cf_score, 13.0
ratio, 0.323232323232
[[ 20.   9.   4.]
 [ 24.   9.   8.]
 [  7.  11.   8.]]
cf_score, 26.0
ratio, 0.373737373737
[[ 14.  11.   5.]
 [ 17.  10.   7.]
 [ 11.  10.  15.]]
cf_score, 23.0
ratio, 0.393939393939
[[ 13.   7.   8.]
 [ 14.  16.   4.]
 [ 10.  13.  15.]]
cf_score, 26.0
ratio, 0.444444444444
[[ 11.   8.  11.]
 [ 13.  14.   6.]
 [  8.  10.  19.]]
cf_score, 25.0
ratio, 0.444444444444
[[ 12.   8.   8.]
 [ 17.  10.   7.]
 [ 15.  11.  12.]]
cf_score, 11.0
ratio, 0.343434343434
[[ 22.   4.   7.]
 [ 19.  12.   8.]
 [ 10.   6.  12.]]
cf_score, 29.0
ratio, 0.464646464646
[[ 14.   5.   5.]
 [ 22.  12.   3.]
 [ 19.   9.  11.]]
cf_score, 13.0
ratio, 0.373737373737
[[ 21.   6.   4.]
 [ 17.  10.   9.]
 [ 14.   8.  11.]]
cf_score, 24.0
ratio, 0.424242424242
[[ 18.  11.   8.]
 [ 21.   5.   7.]
 [ 15.   8.   7.]]
cf_score, 7.0
ratio, 0.30303030303
[[ 14.  11.  10.]
 [ 15.   5.  10.]
 [ 12.  11.  12.]]
cf_score, 9.0
ratio, 0.313131313131
[[ 21.   8.   6.]
 [ 15.   5.   6.]
 [ 16.   7.  16.]]
cf_score, 20.0
ratio, 0.424242424242
[[ 17.  10.   9.]
 [ 16.  11.  10.]
 [  9.   5.  13.]]
cf_score, 23.0
ratio, 0.414141414141
[[ 20.   4.   6.]
 [ 22.  12.   7.]
 [  9.   7.  13.]]
cf_score, 30.0
ratio, 0.454545454545
[[ 16.   9.   3.]
 [ 14.  11.   5.]
 [ 21.   6.  15.]]
cf_score, 18.0
ratio, 0.424242424242
[[ 18.   6.  11.]
 [ 16.   8.   8.]
 [  7.   9.  17.]]
cf_score, 25.0
ratio, 0.434343434343
[[ 12.   6.  13.]
 [ 17.  11.  11.]
 [  5.   6.  19.]]
cf_score, 24.0
ratio, 0.424242424242
[[ 20.   4.   8.]
 [ 21.  11.   6.]
 [ 10.   5.  15.]]
cf_score, 28.0
ratio, 0.464646464646
[[ 13.  11.   7.]
 [ 17.   7.   8.]
 [ 13.   7.  17.]]
cf_score, 17.0
ratio, 0.373737373737
[[ 16.   5.   8.]
 [ 13.  11.  10.]
 [ 13.   6.  18.]]
cf_score, 24.0
ratio, 0.454545454545
[[ 12.   7.  11.]
 [ 13.   9.   5.]
 [ 14.  11.  18.]]
cf_score, 14.0
ratio, 0.393939393939
[[ 11.   6.   3.]
 [ 23.  17.   6.]
 [ 15.   2.  17.]]
cf_score, 27.0
ratio, 0.454545454545
[[ 11.  10.   7.]
 [ 13.  12.  10.]
 [  7.   7.  23.]]
cf_score, 32.0
ratio, 0.464646464646
[[ 18.   6.   5.]
 [ 17.   6.  15.]
 [ 12.   4.  17.]]
cf_score, 24.0
ratio, 0.414141414141
[[ 21.   4.  13.]
 [ 19.   6.   4.]
 [  8.   6.  19.]]
cf_score, 25.0
ratio, 0.464646464646
[[ 14.   4.   7.]
 [ 17.  10.  19.]
 [  9.   8.  12.]]
cf_score, 20.0
ratio, 0.363636363636
[[ 17.   7.  10.]
 [ 19.   7.   7.]
 [ 12.   4.  17.]]
cf_score, 19.0
ratio, 0.414141414141
[[ 18.  10.   3.]
 [ 16.   9.  12.]
 [  9.   4.  19.]]
cf_score, 34.0
ratio, 0.464646464646
[[ 18.   6.   5.]
 [ 20.   4.  15.]
 [ 13.  12.   7.]]
cf_score, 11.0
ratio, 0.292929292929
[[ 13.   8.   9.]
 [ 15.   8.   7.]
 [ 18.   9.  13.]]
cf_score, 7.0
ratio, 0.343434343434
[[ 17.   4.   8.]
 [ 22.   6.   9.]
 [ 16.   5.  13.]]
cf_score, 12.0
ratio, 0.363636363636
[[ 19.   8.   9.]
 [ 13.   9.   9.]
 [ 10.   9.  14.]]
cf_score, 23.0
ratio, 0.424242424242
[[ 21.   3.  12.]
 [  7.   6.  16.]
 [ 11.   5.  19.]]
cf_score, 23.0
ratio, 0.464646464646
[[ 18.   5.  10.]
 [ 19.   8.   8.]
 [ 13.   6.  13.]]
cf_score, 16.0
ratio, 0.393939393939
[[ 18.   6.   1.]
 [ 20.   8.  11.]
 [ 10.   9.  17.]]
cf_score, 32.0
ratio, 0.434343434343
[[ 12.  10.   7.]
 [ 21.   7.  12.]
 [  8.   7.  16.]]
cf_score, 20.0
ratio, 0.353535353535
[[ 21.   7.   6.]
 [ 15.  15.  11.]
 [  5.   7.  13.]]
cf_score, 38.0
ratio, 0.494949494949
[[ 18.  10.   4.]
 [ 14.  12.  10.]
 [ 13.  10.   9.]]
cf_score, 22.0
ratio, 0.393939393939
[[ 17.   7.  14.]
 [ 12.   9.   8.]
 [ 12.   3.  18.]]
cf_score, 18.0
ratio, 0.444444444444
[[ 21.   4.   5.]
 [ 17.   4.   9.]
 [ 17.   7.  16.]]
cf_score, 19.0
ratio, 0.414141414141
[[ 11.   6.  15.]
 [ 15.  12.   5.]
 [ 14.   6.  16.]]
cf_score, 10.0
ratio, 0.393939393939
[[ 16.  11.  12.]
 [ 14.   8.  12.]
 [ 12.   5.  10.]]
cf_score, 10.0
ratio, 0.343434343434
[[ 17.   6.   7.]
 [ 20.   6.   9.]
 [ 12.  10.  13.]]
cf_score, 17.0
ratio, 0.363636363636
[[  9.  11.   9.]
 [ 21.   6.  14.]
 [ 11.   5.  14.]]
cf_score, 9.0
ratio, 0.292929292929
[[ 19.   7.   9.]
 [ 23.   4.   8.]
 [  8.   8.  14.]]
cf_score, 20.0
ratio, 0.373737373737
[[ 15.   9.   2.]
 [ 13.  10.  17.]
 [  6.   9.  19.]]
cf_score, 36.0
ratio, 0.444444444444
[[ 20.   5.   5.]
 [ 16.  10.  10.]
 [ 10.  10.  14.]]
cf_score, 29.0
ratio, 0.444444444444
[[ 17.   9.   8.]
 [ 16.   5.   9.]
 [ 10.   3.  23.]]
cf_score, 27.0
ratio, 0.454545454545
[[  8.   4.  12.]
 [ 20.   8.  10.]
 [ 10.  12.  16.]]
cf_score, 10.0
ratio, 0.323232323232
[[ 13.   8.  12.]
 [ 15.   8.   8.]
 [ 12.  10.  14.]]
cf_score, 11.0
ratio, 0.353535353535
[[ 15.   9.  16.]
 [  7.   8.  15.]
 [  8.   7.  15.]]
cf_score, 14.0
ratio, 0.383838383838
[[ 17.   5.   8.]
 [ 13.  10.  11.]
 [ 11.   7.  18.]]
cf_score, 26.0
ratio, 0.454545454545
[[ 18.   5.   5.]
 [ 23.  10.   6.]
 [ 18.   5.  10.]]
cf_score, 15.0
ratio, 0.383838383838
[[ 20.   5.   8.]
 [ 18.   6.  10.]
 [ 11.   6.  16.]]
cf_score, 23.0
ratio, 0.424242424242
[[ 21.   4.   5.]
 [ 13.   9.   9.]
 [ 16.   7.  16.]]
cf_score, 25.0
ratio, 0.464646464646
[[ 20.   4.   5.]
 [ 15.   7.  12.]
 [ 15.   6.  16.]]
cf_score, 23.0
ratio, 0.434343434343
[[ 18.   8.  13.]
 [ 13.   9.  11.]
 [  6.   9.  13.]]
cf_score, 21.0
ratio, 0.40404040404
[[ 15.   6.  11.]
 [ 15.  11.  11.]
 [ 14.   8.   9.]]
cf_score, 10.0
ratio, 0.353535353535
[[ 23.  12.   8.]
 [ 11.  10.   7.]
 [ 11.   4.  14.]]
cf_score, 28.0
ratio, 0.474747474747
[[ 16.   8.   7.]
 [ 11.   9.   6.]
 [ 19.   8.  16.]]
cf_score, 15.0
ratio, 0.414141414141
[[ 19.   8.   2.]
 [ 16.  11.   6.]
 [ 14.  10.  14.]]
cf_score, 28.0
ratio, 0.444444444444
[[ 11.  11.  12.]
 [ 17.   5.  12.]
 [ 10.   9.  13.]]
cf_score, 7.0
ratio, 0.292929292929
[[ 16.   4.   9.]
 [ 10.  12.  16.]
 [ 16.   6.  11.]]
cf_score, 14.0
ratio, 0.393939393939
[[ 17.   6.  12.]
 [ 13.   6.  10.]
 [ 13.  10.  13.]]
cf_score, 11.0
ratio, 0.363636363636
[[ 15.  10.  16.]
 [ 10.   6.   6.]
 [  6.   7.  24.]]
cf_score, 23.0
ratio, 0.454545454545
[[ 20.   9.   7.]
 [ 19.   7.   9.]
 [  8.   5.  16.]]
cf_score, 28.0
ratio, 0.434343434343
[[ 12.  10.   8.]
 [ 10.  10.  12.]
 [ 14.   4.  20.]]
cf_score, 20.0
ratio, 0.424242424242
[[ 15.   5.   8.]
 [ 18.   4.   9.]
 [ 15.   9.  17.]]
cf_score, 13.0
ratio, 0.363636363636
[[ 17.   7.   9.]
 [ 12.   8.  12.]
 [ 13.   7.  15.]]
cf_score, 18.0
ratio, 0.40404040404
[[ 19.   8.  14.]
 [ 15.   7.   7.]
 [ 10.   6.  14.]]
cf_score, 16.0
ratio, 0.40404040404
