[[ 24.   0.   8.]
 [ 20.   2.   7.]
 [ 12.   2.  25.]]
cf_score, 31.0
nv_score, 2.0
ratio, 0.515151515152
[[ 29.   3.   4.]
 [ 13.   6.   9.]
 [ 14.   5.  17.]]
cf_score, 34.0
nv_score, 0.0
ratio, 0.525252525253
[[ 20.   3.   6.]
 [ 16.   7.  15.]
 [ 12.   5.  16.]]
cf_score, 25.0
nv_score, -11.0
ratio, 0.434343434343
[[ 23.   6.   2.]
 [ 14.   5.  11.]
 [ 15.   9.  15.]]
cf_score, 26.0
nv_score, 0.0
ratio, 0.434343434343
[[ 18.   4.   1.]
 [ 15.   9.  20.]
 [ 10.   7.  16.]]
cf_score, 32.0
nv_score, -6.0
ratio, 0.434343434343
[[ 28.   4.   2.]
 [ 19.   8.  12.]
 [  9.   9.   9.]]
cf_score, 34.0
nv_score, -7.0
ratio, 0.454545454545
[[ 20.   7.   3.]
 [ 15.   4.  13.]
 [ 12.   5.  21.]]
cf_score, 30.0
nv_score, 2.0
ratio, 0.454545454545
[[ 19.   4.   4.]
 [ 10.  11.  13.]
 [ 12.   7.  20.]]
cf_score, 34.0
nv_score, -1.0
ratio, 0.505050505051
[[ 27.   3.   5.]
 [ 14.   6.  11.]
 [  4.   8.  22.]]
cf_score, 46.0
nv_score, 1.0
ratio, 0.555555555556
[[ 22.   7.   5.]
 [ 20.   5.   9.]
 [ 16.   3.  13.]]
cf_score, 19.0
nv_score, -6.0
ratio, 0.40404040404
[[ 29.   3.   2.]
 [ 11.   5.  17.]
 [  9.  10.  14.]]
cf_score, 37.0
nv_score, -7.0
ratio, 0.484848484848
[[ 27.   3.   5.]
 [  9.   5.   8.]
 [  7.  12.  24.]]
cf_score, 44.0
nv_score, 6.0
ratio, 0.565656565657
[[ 38.   1.   4.]
 [  8.   7.  14.]
 [  6.   3.  19.]]
cf_score, 54.0
nv_score, -3.0
ratio, 0.646464646465
[[ 25.   4.   2.]
 [ 10.   9.  13.]
 [  8.   7.  22.]]
cf_score, 46.0
nv_score, 5.0
ratio, 0.565656565657
[[ 31.   3.   2.]
 [ 12.   7.  13.]
 [ 12.   2.  18.]]
cf_score, 42.0
nv_score, 1.0
ratio, 0.565656565657
[[ 20.   6.   8.]
 [  8.   5.  17.]
 [  7.   6.  23.]]
cf_score, 33.0
nv_score, -10.0
ratio, 0.484848484848
[[ 27.   4.   4.]
 [  8.   8.  19.]
 [ 11.   4.  15.]]
cf_score, 35.0
nv_score, -12.0
ratio, 0.505050505051
[[ 18.   5.   6.]
 [ 17.   9.  21.]
 [  5.   7.  12.]]
cf_score, 28.0
nv_score, -21.0
ratio, 0.393939393939
[[ 29.   4.   1.]
 [ 14.   8.  14.]
 [  6.   5.  19.]]
cf_score, 49.0
nv_score, 3.0
ratio, 0.565656565657
[[ 22.   5.   4.]
 [ 11.   8.  15.]
 [  9.  10.  16.]]
cf_score, 33.0
nv_score, -7.0
ratio, 0.464646464646
[[ 27.   2.   6.]
 [ 11.  10.  14.]
 [  5.   9.  16.]]
cf_score, 42.0
nv_score, -10.0
ratio, 0.535353535354
[[ 18.   5.   4.]
 [ 12.  13.  20.]
 [  3.   7.  18.]]
cf_score, 42.0
nv_score, -10.0
ratio, 0.494949494949
[[ 18.   4.   7.]
 [ 17.   8.  12.]
 [  7.   3.  24.]]
cf_score, 36.0
nv_score, -2.0
ratio, 0.505050505051
[[ 15.   5.   2.]
 [ 12.  13.  13.]
 [  6.   7.  27.]]
cf_score, 47.0
nv_score, 10.0
ratio, 0.555555555556
[[ 19.   6.   2.]
 [  9.  10.  17.]
 [  8.  10.  19.]]
cf_score, 38.0
nv_score, -2.0
ratio, 0.484848484848
[[ 20.   6.   4.]
 [  7.  15.  15.]
 [  8.   4.  21.]]
cf_score, 44.0
nv_score, -2.0
ratio, 0.565656565657
[[ 20.   6.   3.]
 [ 16.  11.   8.]
 [  5.   4.  27.]]
cf_score, 50.0
nv_score, 13.0
ratio, 0.585858585859
[[ 25.   8.   4.]
 [ 10.   8.  13.]
 [  5.   6.  21.]]
cf_score, 45.0
nv_score, 0.0
ratio, 0.545454545455
[[ 17.  10.   4.]
 [ 10.  13.  11.]
 [  6.   8.  21.]]
cf_score, 41.0
nv_score, 2.0
ratio, 0.515151515152
[[ 17.   7.   9.]
 [  9.   8.  18.]
 [  8.   5.  19.]]
cf_score, 27.0
nv_score, -17.0
ratio, 0.444444444444
[[ 15.   7.   5.]
 [ 10.   8.  11.]
 [  3.  13.  28.]]
cf_score, 43.0
nv_score, 7.0
ratio, 0.515151515152
[[ 18.   8.   5.]
 [  7.  10.  14.]
 [  7.   9.  22.]]
cf_score, 38.0
nv_score, -2.0
ratio, 0.505050505051
[[ 20.   9.   2.]
 [ 10.  11.  15.]
 [  5.   7.  21.]]
cf_score, 45.0
nv_score, 2.0
ratio, 0.525252525253
[[ 23.   6.   3.]
 [  9.  11.  10.]
 [  3.   7.  28.]]
cf_score, 56.0
nv_score, 12.0
ratio, 0.626262626263
[[ 27.   7.   4.]
 [  6.   8.  16.]
 [  5.  10.  17.]]
cf_score, 43.0
nv_score, -7.0
ratio, 0.525252525253
[[ 29.   8.   5.]
 [  9.   7.  14.]
 [  5.   6.  17.]]
cf_score, 43.0
nv_score, -7.0
ratio, 0.535353535354
[[ 16.  13.   4.]
 [ 13.  11.   9.]
 [  1.   7.  26.]]
cf_score, 48.0
nv_score, 9.0
ratio, 0.535353535354
[[ 30.  10.   2.]
 [  2.  13.  15.]
 [  6.   8.  14.]]
cf_score, 49.0
nv_score, -5.0
ratio, 0.575757575758
[[ 22.   6.   3.]
 [ 10.  15.   7.]
 [  5.  12.  20.]]
cf_score, 49.0
nv_score, 7.0
ratio, 0.575757575758
[[ 16.  11.   5.]
 [  7.  17.  14.]
 [  3.  14.  13.]]
cf_score, 38.0
nv_score, -11.0
ratio, 0.464646464646
[[ 26.   7.   5.]
 [  9.  12.   9.]
 [  7.   4.  21.]]
cf_score, 47.0
nv_score, 2.0
ratio, 0.59595959596
[[ 27.   4.   4.]
 [ 10.   8.  18.]
 [  1.  12.  16.]]
cf_score, 46.0
nv_score, -10.0
ratio, 0.515151515152
[[ 26.  10.   4.]
 [  6.  15.  14.]
 [  3.   6.  16.]]
cf_score, 50.0
nv_score, -6.0
ratio, 0.575757575758
[[ 27.   5.   4.]
 [  8.  13.  13.]
 [  3.   6.  21.]]
cf_score, 54.0
nv_score, 0.0
ratio, 0.616161616162
[[ 19.   8.   6.]
 [  8.  14.   9.]
 [  1.  14.  21.]]
cf_score, 47.0
nv_score, 0.0
ratio, 0.545454545455
[[ 21.   9.   1.]
 [ 13.   9.  16.]
 [  4.  10.  17.]]
cf_score, 42.0
nv_score, -1.0
ratio, 0.474747474747
[[ 13.   8.   5.]
 [ 14.  10.  15.]
 [  4.   5.  26.]]
cf_score, 40.0
nv_score, 1.0
ratio, 0.494949494949
[[ 16.   7.   1.]
 [  7.  11.  23.]
 [  5.  10.  20.]]
cf_score, 41.0
nv_score, -5.0
ratio, 0.474747474747
[[ 26.   9.  11.]
 [  7.   8.   9.]
 [  2.   8.  20.]]
cf_score, 41.0
nv_score, -11.0
ratio, 0.545454545455
[[ 22.   8.   3.]
 [  7.  19.   8.]
 [  3.   9.  21.]]
cf_score, 56.0
nv_score, 7.0
ratio, 0.626262626263
