[[  1.  12.  16.]
 [  1.  23.  17.]
 [  0.  16.  14.]]
cf_score, 22.0
ratio, 0.383838383838
[[  2.  18.  15.]
 [  0.  22.  10.]
 [  2.  17.  14.]]
cf_score, 21.0
ratio, 0.383838383838
[[  1.  22.   9.]
 [  0.  21.  18.]
 [  0.  15.  14.]]
cf_score, 27.0
ratio, 0.363636363636
[[  0.  24.  20.]
 [  0.  18.   8.]
 [  0.  19.  11.]]
cf_score, 9.0
ratio, 0.292929292929
[[  0.  20.   9.]
 [  0.  27.  15.]
 [  2.  15.  12.]]
cf_score, 28.0
ratio, 0.393939393939
[[  2.  19.  14.]
 [  0.  17.  11.]
 [  0.  13.  24.]]
cf_score, 29.0
ratio, 0.434343434343
[[  3.  14.  14.]
 [  1.  24.  13.]
 [  0.  12.  19.]]
cf_score, 32.0
ratio, 0.464646464646
[[  0.  14.   9.]
 [  1.  28.  13.]
 [  2.  16.  17.]]
cf_score, 34.0
ratio, 0.454545454545
[[  0.  20.  18.]
 [  1.  18.   5.]
 [  2.  16.  20.]]
cf_score, 18.0
ratio, 0.383838383838
[[  3.  18.  13.]
 [  2.  21.  15.]
 [  1.   5.  22.]]
cf_score, 32.0
ratio, 0.464646464646
[[  3.  12.   6.]
 [  1.  32.  12.]
 [  1.  12.  21.]]
cf_score, 49.0
ratio, 0.565656565657
[[  1.  11.  12.]
 [  0.  15.  13.]
 [  1.  23.  24.]]
cf_score, 27.0
ratio, 0.40404040404
[[  4.  11.  11.]
 [  1.  27.  10.]
 [  1.  17.  18.]]
cf_score, 37.0
ratio, 0.494949494949
[[  3.  15.  15.]
 [  2.  26.   8.]
 [  2.  19.  10.]]
cf_score, 22.0
ratio, 0.393939393939
[[  3.  13.  13.]
 [  2.  25.  10.]
 [  2.  15.  17.]]
cf_score, 30.0
ratio, 0.454545454545
[[  1.  18.  17.]
 [  0.  18.  15.]
 [  4.  16.  11.]]
cf_score, 9.0
ratio, 0.30303030303
[[  1.  17.  12.]
 [  0.  18.  16.]
 [  3.  18.  15.]]
cf_score, 19.0
ratio, 0.343434343434
[[  4.  13.  10.]
 [  0.  24.  10.]
 [  5.  15.  19.]]
cf_score, 32.0
ratio, 0.474747474747
[[  3.  17.  11.]
 [  1.  23.   9.]
 [  4.  16.  16.]]
cf_score, 27.0
ratio, 0.424242424242
[[  9.  12.  13.]
 [  4.  22.  12.]
 [  4.   9.  15.]]
cf_score, 29.0
ratio, 0.464646464646
[[ 10.  11.  10.]
 [  9.  18.  16.]
 [  2.  10.  14.]]
cf_score, 30.0
ratio, 0.424242424242
[[ 12.  10.  12.]
 [  2.  19.  14.]
 [  4.  13.  14.]]
cf_score, 29.0
ratio, 0.454545454545
[[  5.   7.  20.]
 [  4.  17.  12.]
 [  3.  15.  17.]]
cf_score, 16.0
ratio, 0.393939393939
[[ 12.  11.  15.]
 [  2.  18.  13.]
 [  1.   6.  22.]]
cf_score, 36.0
ratio, 0.525252525253
[[  5.  11.  12.]
 [  4.  17.  10.]
 [  3.  17.  21.]]
cf_score, 28.0
ratio, 0.434343434343
[[  5.  14.  11.]
 [  0.  21.  18.]
 [  0.  11.  20.]]
cf_score, 35.0
ratio, 0.464646464646
[[  3.  17.  14.]
 [  1.  20.  13.]
 [  3.  14.  15.]]
cf_score, 21.0
ratio, 0.383838383838
[[  4.  14.   2.]
 [  1.  22.  21.]
 [  8.  11.  17.]]
cf_score, 33.0
ratio, 0.434343434343
[[  3.   9.  10.]
 [  0.  25.  22.]
 [  2.  12.  17.]]
cf_score, 33.0
ratio, 0.454545454545
[[  3.  14.  14.]
 [  1.  24.  12.]
 [  1.  13.  18.]]
cf_score, 30.0
ratio, 0.454545454545
[[  0.  18.  12.]
 [  2.  25.  11.]
 [  2.  12.  18.]]
cf_score, 29.0
ratio, 0.434343434343
[[  1.  18.  16.]
 [  1.  16.  15.]
 [  2.  13.  18.]]
cf_score, 17.0
ratio, 0.353535353535
[[  1.  11.  15.]
 [  3.  23.  15.]
 [  4.  13.  15.]]
cf_score, 20.0
ratio, 0.393939393939
[[  5.  14.   8.]
 [  6.  22.  12.]
 [  2.  13.  18.]]
cf_score, 35.0
ratio, 0.454545454545
[[  4.  15.  12.]
 [  3.  23.  13.]
 [  6.  14.  10.]]
cf_score, 19.0
ratio, 0.373737373737
[[  3.  16.  16.]
 [  3.  19.   7.]
 [  4.  12.  20.]]
cf_score, 22.0
ratio, 0.424242424242
[[  4.  18.  12.]
 [  3.  15.  13.]
 [  6.  10.  19.]]
cf_score, 20.0
ratio, 0.383838383838
[[  7.  17.  17.]
 [  4.  11.  14.]
 [  1.  14.  15.]]
cf_score, 15.0
ratio, 0.333333333333
[[  7.  16.   8.]
 [  6.  16.  16.]
 [  7.  12.  12.]]
cf_score, 20.0
ratio, 0.353535353535
[[  9.   9.  17.]
 [  6.  13.   9.]
 [ 13.  13.  11.]]
cf_score, 3.0
ratio, 0.333333333333
[[ 12.  11.  10.]
 [  5.  13.  11.]
 [  7.  14.  17.]]
cf_score, 25.0
ratio, 0.424242424242
[[ 13.  14.  11.]
 [  3.  22.   7.]
 [  6.  11.  13.]]
cf_score, 31.0
ratio, 0.484848484848
[[  6.  12.  12.]
 [  4.  18.  13.]
 [  5.  16.  14.]]
cf_score, 21.0
ratio, 0.383838383838
[[ 15.  11.  10.]
 [  7.  16.   9.]
 [  7.   9.  16.]]
cf_score, 30.0
ratio, 0.474747474747
[[  9.  12.  12.]
 [  9.  19.  14.]
 [  3.  11.  11.]]
cf_score, 24.0
ratio, 0.393939393939
[[  8.  11.  10.]
 [  9.  14.  16.]
 [  5.  16.  11.]]
cf_score, 18.0
ratio, 0.333333333333
[[  7.   7.  12.]
 [  2.  19.  14.]
 [  4.  15.  20.]]
cf_score, 30.0
ratio, 0.464646464646
[[ 11.   9.   9.]
 [  6.  19.   8.]
 [  7.   9.  22.]]
cf_score, 36.0
ratio, 0.525252525253
[[  4.   6.  13.]
 [  8.  13.  11.]
 [  5.  12.  28.]]
cf_score, 27.0
ratio, 0.454545454545
[[ 14.   7.  11.]
 [  9.  16.   9.]
 [ 10.   9.  15.]]
cf_score, 24.0
ratio, 0.454545454545
[[  6.   8.  18.]
 [  7.  21.   9.]
 [  8.  14.   9.]]
cf_score, 10.0
ratio, 0.363636363636
[[ 12.   9.   7.]
 [  8.  13.  13.]
 [ 13.   8.  17.]]
cf_score, 22.0
ratio, 0.424242424242
[[  9.  12.   8.]
 [ 10.  22.  15.]
 [  3.   5.  16.]]
cf_score, 36.0
ratio, 0.474747474747
[[ 14.   8.  10.]
 [  7.  18.  13.]
 [  5.  10.  15.]]
cf_score, 32.0
ratio, 0.474747474747
[[ 17.   9.   8.]
 [  6.  17.   8.]
 [  6.  17.  12.]]
cf_score, 32.0
ratio, 0.464646464646
[[ 11.  13.  13.]
 [  6.  19.  15.]
 [  6.   5.  12.]]
cf_score, 23.0
ratio, 0.424242424242
[[ 12.  15.   8.]
 [  7.  17.  12.]
 [  7.  11.  11.]]
cf_score, 25.0
ratio, 0.40404040404
[[ 13.  12.  14.]
 [ 10.  11.   8.]
 [  7.  10.  15.]]
cf_score, 18.0
ratio, 0.393939393939
[[ 13.  12.   7.]
 [  4.  13.  11.]
 [  2.  13.  25.]]
cf_score, 42.0
ratio, 0.515151515152
[[  4.  12.   7.]
 [ 19.  10.   9.]
 [  9.  18.  12.]]
cf_score, 10.0
ratio, 0.262626262626
[[ 14.  10.  11.]
 [ 11.  16.   4.]
 [  6.   9.  19.]]
cf_score, 32.0
ratio, 0.494949494949
[[ 13.  13.  13.]
 [  6.  11.   6.]
 [  8.  11.  19.]]
cf_score, 22.0
ratio, 0.434343434343
[[ 12.  11.  14.]
 [  5.  12.   9.]
 [ 10.  12.  15.]]
cf_score, 15.0
ratio, 0.393939393939
[[ 13.  14.  12.]
 [ 12.   9.  13.]
 [  7.   9.  11.]]
cf_score, 14.0
ratio, 0.333333333333
[[ 13.  10.  16.]
 [  8.  17.   9.]
 [  3.   9.  15.]]
cf_score, 26.0
ratio, 0.454545454545
[[ 10.   9.  11.]
 [ 14.  12.   9.]
 [  5.   9.  21.]]
cf_score, 27.0
ratio, 0.434343434343
[[  7.  14.   9.]
 [ 16.  14.   8.]
 [  7.  13.  12.]]
cf_score, 17.0
ratio, 0.333333333333
[[ 11.  10.   1.]
 [ 10.  20.  11.]
 [  5.  12.  20.]]
cf_score, 45.0
ratio, 0.515151515152
[[ 11.  13.   8.]
 [  4.  19.   5.]
 [ 16.  11.  13.]]
cf_score, 19.0
ratio, 0.434343434343
[[ 13.  13.  10.]
 [  5.  20.   8.]
 [  8.  10.  13.]]
cf_score, 28.0
ratio, 0.464646464646
[[ 10.  11.  10.]
 [ 10.  16.   8.]
 [  7.  10.  18.]]
cf_score, 27.0
ratio, 0.444444444444
[[ 11.   8.   8.]
 [  7.  15.   6.]
 [ 11.  17.  17.]]
cf_score, 24.0
ratio, 0.434343434343
[[ 17.   9.   8.]
 [ 11.  17.   7.]
 [  4.  11.  16.]]
cf_score, 38.0
ratio, 0.505050505051
[[ 11.   7.  12.]
 [ 13.  11.   9.]
 [  9.   9.  19.]]
cf_score, 20.0
ratio, 0.414141414141
[[ 13.  10.   4.]
 [  7.  21.  11.]
 [  7.  12.  15.]]
cf_score, 38.0
ratio, 0.494949494949
[[ 10.  11.  11.]
 [  8.  28.   2.]
 [ 10.   9.  11.]]
cf_score, 28.0
ratio, 0.494949494949
[[ 11.  13.   8.]
 [ 12.  18.   8.]
 [  8.  13.   9.]]
cf_score, 22.0
ratio, 0.383838383838
[[ 12.   6.  11.]
 [ 10.  18.   7.]
 [  6.  11.  19.]]
cf_score, 32.0
ratio, 0.494949494949
[[ 10.  12.  11.]
 [  7.  21.   6.]
 [  2.  15.  16.]]
cf_score, 34.0
ratio, 0.474747474747
[[ 16.  10.   5.]
 [ 13.  16.  11.]
 [  4.  11.  14.]]
cf_score, 37.0
ratio, 0.464646464646
[[ 10.   8.   9.]
 [ 15.  17.   5.]
 [  4.  13.  19.]]
cf_score, 33.0
ratio, 0.464646464646
[[  7.  12.   6.]
 [  9.  21.   8.]
 [  8.  11.  18.]]
cf_score, 32.0
ratio, 0.464646464646
[[ 16.  14.   6.]
 [  8.  14.  10.]
 [ 10.   9.  13.]]
cf_score, 27.0
ratio, 0.434343434343
[[ 15.  11.   9.]
 [ 13.   9.   8.]
 [  7.   7.  21.]]
cf_score, 29.0
ratio, 0.454545454545
[[ 15.  13.   7.]
 [ 12.  11.  11.]
 [  5.  15.  11.]]
cf_score, 25.0
ratio, 0.373737373737
[[  9.  12.  14.]
 [  5.  13.  10.]
 [  6.  11.  20.]]
cf_score, 22.0
ratio, 0.424242424242
[[ 11.  10.  11.]
 [ 19.  14.   9.]
 [  4.   8.  14.]]
cf_score, 24.0
ratio, 0.393939393939
[[ 14.   7.   6.]
 [  9.  15.   5.]
 [  4.  16.  24.]]
cf_score, 43.0
ratio, 0.535353535354
[[ 12.   9.   8.]
 [ 16.  19.  10.]
 [  6.   8.  12.]]
cf_score, 29.0
ratio, 0.434343434343
[[  4.   9.   8.]
 [  8.  22.  10.]
 [  8.  14.  17.]]
cf_score, 27.0
ratio, 0.434343434343
[[ 13.   5.   6.]
 [ 12.  15.  13.]
 [  4.  14.  18.]]
cf_score, 36.0
ratio, 0.464646464646
[[  9.  10.  10.]
 [ 10.  16.  13.]
 [  6.  13.  13.]]
cf_score, 22.0
ratio, 0.383838383838
[[ 15.  14.   9.]
 [ 11.  13.   5.]
 [  4.  17.  12.]]
cf_score, 27.0
ratio, 0.40404040404
[[ 12.  13.   7.]
 [  9.  13.  10.]
 [  6.  10.  20.]]
cf_score, 32.0
ratio, 0.454545454545
[[ 11.  15.   5.]
 [ 11.  16.   8.]
 [  4.  13.  17.]]
cf_score, 35.0
ratio, 0.444444444444
[[ 12.   8.  14.]
 [ 12.  18.   5.]
 [  5.  10.  16.]]
cf_score, 27.0
ratio, 0.464646464646
[[ 19.   7.  13.]
 [ 10.   9.   5.]
 [  8.  12.  17.]]
cf_score, 24.0
ratio, 0.454545454545
[[ 13.   9.   9.]
 [ 11.  15.   6.]
 [  6.  12.  19.]]
cf_score, 32.0
ratio, 0.474747474747
[[  6.  15.  10.]
 [  9.  21.   9.]
 [ 11.  11.   8.]]
cf_score, 14.0
ratio, 0.353535353535
[[ 20.   8.   6.]
 [ 14.  19.   6.]
 [  3.   9.  15.]]
cf_score, 45.0
ratio, 0.545454545455
