Loading Model: level_list/m1_100/tick_list/ACFN/class/models/model.h5
history_filename: history_recent/ACFN/history.json
UberYesterday: 2017-07-20: OHLCV: 0.2400, 0.2400, 0.2000, 0.2400, 58225
Yesterday    : 2017-07-21: OHLCV: 0.2400, 0.2400, 0.2300, 0.2400, 19924
[u'0.2400', u'0.2400', u'0.2000', u'0.2400', u'58225']
[u'0.2400', u'0.2400', u'0.2300', u'0.2400', u'19924']
question_base :[0.24, 0.24, 0.2, 0.24, 0.24, 0.24, 0.23, 0.24]
0.216: [0.24, 0.24, 0.2, 0.24, 0.24, 0.24, 0.23, 0.24, 0.216]
[[ 0.063953    0.1747601   0.76128685]]
0.2172: [0.24, 0.24, 0.2, 0.24, 0.24, 0.24, 0.23, 0.24, 0.2172]
[[ 0.06549413  0.17648208  0.7580238 ]]
0.2184: [0.24, 0.24, 0.2, 0.24, 0.24, 0.24, 0.23, 0.24, 0.2184]
[[ 0.06711107  0.17823015  0.75465876]]
0.2196: [0.24, 0.24, 0.2, 0.24, 0.24, 0.24, 0.23, 0.24, 0.21960000000000002]
[[ 0.06880809  0.18000342  0.75118852]]
0.2208: [0.24, 0.24, 0.2, 0.24, 0.24, 0.24, 0.23, 0.24, 0.22080000000000002]
[[ 0.07058918  0.18180013  0.74761063]]
0.222: [0.24, 0.24, 0.2, 0.24, 0.24, 0.24, 0.23, 0.24, 0.22200000000000003]
[[ 0.0724588   0.18361884  0.74392235]]
0.2232: [0.24, 0.24, 0.2, 0.24, 0.24, 0.24, 0.23, 0.24, 0.22320000000000004]
[[ 0.07442154  0.18545759  0.74012089]]
0.2244: [0.24, 0.24, 0.2, 0.24, 0.24, 0.24, 0.23, 0.24, 0.22440000000000004]
[[ 0.07648224  0.18731447  0.73620331]]
0.2256: [0.24, 0.24, 0.2, 0.24, 0.24, 0.24, 0.23, 0.24, 0.22560000000000005]
[[ 0.07864579  0.18918701  0.73216718]]
0.2268: [0.24, 0.24, 0.2, 0.24, 0.24, 0.24, 0.23, 0.24, 0.22680000000000006]
[[ 0.0809173   0.19107263  0.72801006]]
0.228: [0.24, 0.24, 0.2, 0.24, 0.24, 0.24, 0.23, 0.24, 0.22800000000000006]
[[ 0.08330226  0.19296871  0.72372895]]
0.2292: [0.24, 0.24, 0.2, 0.24, 0.24, 0.24, 0.23, 0.24, 0.22920000000000007]
[[ 0.08580595  0.19487192  0.71932214]]
0.2304: [0.24, 0.24, 0.2, 0.24, 0.24, 0.24, 0.23, 0.24, 0.23040000000000008]
[[ 0.0884342   0.19677904  0.71478677]]
0.2316: [0.24, 0.24, 0.2, 0.24, 0.24, 0.24, 0.23, 0.24, 0.23160000000000008]
[[ 0.09119294  0.19868648  0.71012056]]
0.2328: [0.24, 0.24, 0.2, 0.24, 0.24, 0.24, 0.23, 0.24, 0.2328000000000001]
[[ 0.094088    0.20059025  0.70532167]]
0.234: [0.24, 0.24, 0.2, 0.24, 0.24, 0.24, 0.23, 0.24, 0.2340000000000001]
[[ 0.09712557  0.20248625  0.70038819]]
0.2352: [0.24, 0.24, 0.2, 0.24, 0.24, 0.24, 0.23, 0.24, 0.2352000000000001]
[[ 0.10031207  0.20437007  0.69531786]]
0.2364: [0.24, 0.24, 0.2, 0.24, 0.24, 0.24, 0.23, 0.24, 0.2364000000000001]
[[ 0.10365345  0.20623672  0.69010985]]
0.2376: [0.24, 0.24, 0.2, 0.24, 0.24, 0.24, 0.23, 0.24, 0.23760000000000012]
[[ 0.10715638  0.20808141  0.68476218]]
0.2388: [0.24, 0.24, 0.2, 0.24, 0.24, 0.24, 0.23, 0.24, 0.23880000000000012]
[[ 0.11082733  0.20989889  0.67927372]]
0.24: [0.24, 0.24, 0.2, 0.24, 0.24, 0.24, 0.23, 0.24, 0.24000000000000013]
[[ 0.11467223  0.21168332  0.67364436]]
0.2412: [0.24, 0.24, 0.2, 0.24, 0.24, 0.24, 0.23, 0.24, 0.24120000000000014]
[[ 0.11869795  0.2134293   0.66787273]]
0.2424: [0.24, 0.24, 0.2, 0.24, 0.24, 0.24, 0.23, 0.24, 0.24240000000000014]
[[ 0.12291027  0.21513061  0.66195911]]
0.2436: [0.24, 0.24, 0.2, 0.24, 0.24, 0.24, 0.23, 0.24, 0.24360000000000015]
[[ 0.12731518  0.21678102  0.65590376]]
0.2448: [0.24, 0.24, 0.2, 0.24, 0.24, 0.24, 0.23, 0.24, 0.24480000000000016]
[[ 0.1319188   0.21837442  0.64970678]]
0.246: [0.24, 0.24, 0.2, 0.24, 0.24, 0.24, 0.23, 0.24, 0.24600000000000016]
[[ 0.13672656  0.21990417  0.64336926]]
0.2472: [0.24, 0.24, 0.2, 0.24, 0.24, 0.24, 0.23, 0.24, 0.24720000000000017]
[[ 0.14174335  0.22136375  0.63689291]]
0.2484: [0.24, 0.24, 0.2, 0.24, 0.24, 0.24, 0.23, 0.24, 0.24840000000000018]
[[ 0.14697458  0.22274674  0.63027871]]
0.2496: [0.24, 0.24, 0.2, 0.24, 0.24, 0.24, 0.23, 0.24, 0.24960000000000018]
[[ 0.15242371  0.22404632  0.62352997]]
0.2508: [0.24, 0.24, 0.2, 0.24, 0.24, 0.24, 0.23, 0.24, 0.2508000000000002]
[[ 0.15809548  0.22525617  0.61664838]]
0.252: [0.24, 0.24, 0.2, 0.24, 0.24, 0.24, 0.23, 0.24, 0.25200000000000017]
[[ 0.1639916   0.22636974  0.60963869]]
0.2532: [0.24, 0.24, 0.2, 0.24, 0.24, 0.24, 0.23, 0.24, 0.25320000000000015]
[[ 0.17011562  0.22738084  0.6025036 ]]
0.2544: [0.24, 0.24, 0.2, 0.24, 0.24, 0.24, 0.23, 0.24, 0.2544000000000001]
[[ 0.17646819  0.22828338  0.59524846]]
0.2556: [0.24, 0.24, 0.2, 0.24, 0.24, 0.24, 0.23, 0.24, 0.2556000000000001]
[[ 0.18305027  0.22907175  0.58787799]]
0.2568: [0.24, 0.24, 0.2, 0.24, 0.24, 0.24, 0.23, 0.24, 0.2568000000000001]
[[ 0.18986169  0.22974052  0.58039778]]
0.258: [0.24, 0.24, 0.2, 0.24, 0.24, 0.24, 0.23, 0.24, 0.25800000000000006]
[[ 0.19690105  0.23028478  0.57281423]]
0.2592: [0.24, 0.24, 0.2, 0.24, 0.24, 0.24, 0.23, 0.24, 0.25920000000000004]
[[ 0.20416592  0.23069997  0.56513411]]
0.2604: [0.24, 0.24, 0.2, 0.24, 0.24, 0.24, 0.23, 0.24, 0.2604]
[[ 0.21165295  0.23098218  0.55736488]]
0.2616: [0.24, 0.24, 0.2, 0.24, 0.24, 0.24, 0.23, 0.24, 0.2616]
[[ 0.21935736  0.2311281   0.54951453]]
0.2628: [0.24, 0.24, 0.2, 0.24, 0.24, 0.24, 0.23, 0.24, 0.2628]
[[ 0.22727348  0.231135    0.54159153]]
0.264: [0.24, 0.24, 0.2, 0.24, 0.24, 0.24, 0.23, 0.24, 0.26399999999999996]
[[ 0.23539442  0.23100075  0.5336048 ]]
