Loading Model: level_list/m1_100/tick_list/AGM/class/models/model.h5
history_filename: history_recent/AGM/history.json
UberYesterday: 2017-07-20: OHLCV: 68.5300, 68.5300, 67.5500, 67.8700, 37496
Yesterday    : 2017-07-21: OHLCV: 68.5000, 68.5100, 67.1400, 68.4100, 70797
[u'68.5300', u'68.5300', u'67.5500', u'67.8700', u'37496']
[u'68.5000', u'68.5100', u'67.1400', u'68.4100', u'70797']
question_base :[68.53, 68.53, 67.55, 67.87, 68.5, 68.51, 67.14, 68.41]
61.569: [68.53, 68.53, 67.55, 67.87, 68.5, 68.51, 67.14, 68.41, 61.568999999999996]
[[ 0.20630614  0.18696457  0.60672933]]
61.91105: [68.53, 68.53, 67.55, 67.87, 68.5, 68.51, 67.14, 68.41, 61.911049999999996]
[[ 0.20629182  0.18698603  0.60672224]]
62.2531: [68.53, 68.53, 67.55, 67.87, 68.5, 68.51, 67.14, 68.41, 62.253099999999996]
[[ 0.20627081  0.18701738  0.60671175]]
62.59515: [68.53, 68.53, 67.55, 67.87, 68.5, 68.51, 67.14, 68.41, 62.59515]
[[ 0.20623954  0.18706417  0.60669625]]
62.9372: [68.53, 68.53, 67.55, 67.87, 68.5, 68.51, 67.14, 68.41, 62.9372]
[[ 0.20619191  0.1871355   0.60667259]]
63.27925: [68.53, 68.53, 67.55, 67.87, 68.5, 68.51, 67.14, 68.41, 63.27925]
[[ 0.20611696  0.18724784  0.60663521]]
63.6213: [68.53, 68.53, 67.55, 67.87, 68.5, 68.51, 67.14, 68.41, 63.6213]
[[ 0.20599322  0.18743341  0.60657334]]
63.96335: [68.53, 68.53, 67.55, 67.87, 68.5, 68.51, 67.14, 68.41, 63.96335]
[[ 0.20577531  0.1877611   0.60646361]]
64.3054: [68.53, 68.53, 67.55, 67.87, 68.5, 68.51, 67.14, 68.41, 64.30539999999999]
[[ 0.20535284  0.18839848  0.60624868]]
64.64745: [68.53, 68.53, 67.55, 67.87, 68.5, 68.51, 67.14, 68.41, 64.64744999999999]
[[ 0.20440941  0.1898336   0.605757  ]]
64.9895: [68.53, 68.53, 67.55, 67.87, 68.5, 68.51, 67.14, 68.41, 64.98949999999999]
[[ 0.20179205  0.19390169  0.60430628]]
65.33155: [68.53, 68.53, 67.55, 67.87, 68.5, 68.51, 67.14, 68.41, 65.33155]
[[ 0.19198537  0.21047001  0.59754461]]
65.6736: [68.53, 68.53, 67.55, 67.87, 68.5, 68.51, 67.14, 68.41, 65.6736]
[[ 0.16653268  0.29733953  0.53612781]]
66.01565: [68.53, 68.53, 67.55, 67.87, 68.5, 68.51, 67.14, 68.41, 66.01565]
[[ 0.49190521  0.26830226  0.23979254]]
66.3577: [68.53, 68.53, 67.55, 67.87, 68.5, 68.51, 67.14, 68.41, 66.3577]
[[ 0.34384614  0.40503547  0.25111833]]
66.69975: [68.53, 68.53, 67.55, 67.87, 68.5, 68.51, 67.14, 68.41, 66.69975]
[[ 0.33851269  0.41130188  0.25018543]]
67.0418: [68.53, 68.53, 67.55, 67.87, 68.5, 68.51, 67.14, 68.41, 67.0418]
[[ 0.35949445  0.39666     0.24384554]]
67.38385: [68.53, 68.53, 67.55, 67.87, 68.5, 68.51, 67.14, 68.41, 67.38385]
[[ 0.39593962  0.37107363  0.23298678]]
67.7259: [68.53, 68.53, 67.55, 67.87, 68.5, 68.51, 67.14, 68.41, 67.7259]
[[ 0.44884497  0.33458441  0.2165706 ]]
68.06795: [68.53, 68.53, 67.55, 67.87, 68.5, 68.51, 67.14, 68.41, 68.06795]
[[ 0.51596099  0.28940344  0.19463557]]
68.41: [68.53, 68.53, 67.55, 67.87, 68.5, 68.51, 67.14, 68.41, 68.41]
[[ 0.58863646  0.2417544   0.16960919]]
68.75205: [68.53, 68.53, 67.55, 67.87, 68.5, 68.51, 67.14, 68.41, 68.75205]
[[ 0.65566373  0.19890542  0.14543091]]
69.0941: [68.53, 68.53, 67.55, 67.87, 68.5, 68.51, 67.14, 68.41, 69.0941]
[[ 0.70991004  0.16498266  0.12510733]]
69.43615: [68.53, 68.53, 67.55, 67.87, 68.5, 68.51, 67.14, 68.41, 69.43615]
[[ 0.75020802  0.1402303   0.10956169]]
69.7782: [68.53, 68.53, 67.55, 67.87, 68.5, 68.51, 67.14, 68.41, 69.7782]
[[ 0.77880931  0.12290527  0.09828545]]
70.12025: [68.53, 68.53, 67.55, 67.87, 68.5, 68.51, 67.14, 68.41, 70.12025]
[[ 0.79872876  0.11096479  0.09030644]]
70.4623: [68.53, 68.53, 67.55, 67.87, 68.5, 68.51, 67.14, 68.41, 70.4623]
[[ 0.81253946  0.10274978  0.08471078]]
70.80435: [68.53, 68.53, 67.55, 67.87, 68.5, 68.51, 67.14, 68.41, 70.80435]
[[ 0.82213384  0.09707472  0.08079147]]
71.1464: [68.53, 68.53, 67.55, 67.87, 68.5, 68.51, 67.14, 68.41, 71.1464]
[[ 0.82882786  0.09313129  0.07804096]]
71.48845: [68.53, 68.53, 67.55, 67.87, 68.5, 68.51, 67.14, 68.41, 71.48845]
[[ 0.83351946  0.09037542  0.07610506]]
71.8305: [68.53, 68.53, 67.55, 67.87, 68.5, 68.51, 67.14, 68.41, 71.8305]
[[ 0.8368209   0.08844032  0.07473885]]
72.17255: [68.53, 68.53, 67.55, 67.87, 68.5, 68.51, 67.14, 68.41, 72.17255]
[[ 0.83915192  0.08707598  0.07377211]]
72.5146: [68.53, 68.53, 67.55, 67.87, 68.5, 68.51, 67.14, 68.41, 72.5146]
[[ 0.84080178  0.08611135  0.07308683]]
72.85665: [68.53, 68.53, 67.55, 67.87, 68.5, 68.51, 67.14, 68.41, 72.85665]
[[ 0.8419717   0.08542787  0.07260039]]
73.1987: [68.53, 68.53, 67.55, 67.87, 68.5, 68.51, 67.14, 68.41, 73.1987]
[[ 0.84280223  0.0849429   0.07225478]]
73.54075: [68.53, 68.53, 67.55, 67.87, 68.5, 68.51, 67.14, 68.41, 73.54075]
[[ 0.84339321  0.08459806  0.0720088 ]]
73.8828: [68.53, 68.53, 67.55, 67.87, 68.5, 68.51, 67.14, 68.41, 73.8828]
[[ 0.8438133   0.08435291  0.07183382]]
74.22485: [68.53, 68.53, 67.55, 67.87, 68.5, 68.51, 67.14, 68.41, 74.22485]
[[ 0.84411222  0.08417851  0.07170928]]
74.5669: [68.53, 68.53, 67.55, 67.87, 68.5, 68.51, 67.14, 68.41, 74.5669]
[[ 0.84432518  0.08405427  0.07162052]]
74.90895: [68.53, 68.53, 67.55, 67.87, 68.5, 68.51, 67.14, 68.41, 74.90895]
[[ 0.84447694  0.08396582  0.07155733]]
