Loading Model: level_list/m1_100/tick_list/ATW/class/models/model.h5
history_filename: history_recent/ATW/history.json
UberYesterday: 2017-07-20: OHLCV: 8.4500, 8.5500, 7.7650, 8.0200, 9137964
Yesterday    : 2017-07-21: OHLCV: 8.0000, 8.1400, 7.7900, 7.9200, 7403165
[u'8.4500', u'8.5500', u'7.7650', u'8.0200', u'9137964']
[u'8.0000', u'8.1400', u'7.7900', u'7.9200', u'7403165']
question_base :[8.45, 8.55, 7.765, 8.02, 8.0, 8.14, 7.79, 7.92]
7.128: [8.45, 8.55, 7.765, 8.02, 8.0, 8.14, 7.79, 7.92, 7.128]
[[ 0.05816989  0.1227094   0.81912071]]
7.1676: [8.45, 8.55, 7.765, 8.02, 8.0, 8.14, 7.79, 7.92, 7.1676]
[[ 0.05832444  0.12311283  0.81856275]]
7.2072: [8.45, 8.55, 7.765, 8.02, 8.0, 8.14, 7.79, 7.92, 7.2072]
[[ 0.05849777  0.12356232  0.81793994]]
7.2468: [8.45, 8.55, 7.765, 8.02, 8.0, 8.14, 7.79, 7.92, 7.2468]
[[ 0.05869219  0.12406309  0.81724465]]
7.2864: [8.45, 8.55, 7.765, 8.02, 8.0, 8.14, 7.79, 7.92, 7.2864]
[[ 0.05891048  0.12462135  0.81646818]]
7.326: [8.45, 8.55, 7.765, 8.02, 8.0, 8.14, 7.79, 7.92, 7.3260000000000005]
[[ 0.05915578  0.12524396  0.81560022]]
7.3656: [8.45, 8.55, 7.765, 8.02, 8.0, 8.14, 7.79, 7.92, 7.365600000000001]
[[ 0.05943158  0.12593859  0.81462979]]
7.4052: [8.45, 8.55, 7.765, 8.02, 8.0, 8.14, 7.79, 7.92, 7.405200000000001]
[[ 0.05974194  0.1267141   0.81354398]]
7.4448: [8.45, 8.55, 7.765, 8.02, 8.0, 8.14, 7.79, 7.92, 7.444800000000001]
[[ 0.06009146  0.12758024  0.81232828]]
7.4844: [8.45, 8.55, 7.765, 8.02, 8.0, 8.14, 7.79, 7.92, 7.484400000000001]
[[ 0.06048527  0.12854803  0.81096673]]
7.524: [8.45, 8.55, 7.765, 8.02, 8.0, 8.14, 7.79, 7.92, 7.524000000000001]
[[ 0.0609295   0.12963025  0.80944026]]
7.5636: [8.45, 8.55, 7.765, 8.02, 8.0, 8.14, 7.79, 7.92, 7.563600000000001]
[[ 0.06143085  0.13084082  0.80772835]]
7.6032: [8.45, 8.55, 7.765, 8.02, 8.0, 8.14, 7.79, 7.92, 7.603200000000001]
[[ 0.06199714  0.13219573  0.80580705]]
7.6428: [8.45, 8.55, 7.765, 8.02, 8.0, 8.14, 7.79, 7.92, 7.642800000000001]
[[ 0.06263734  0.13371302  0.8036496 ]]
7.6824: [8.45, 8.55, 7.765, 8.02, 8.0, 8.14, 7.79, 7.92, 7.682400000000001]
[[ 0.06336178  0.13541263  0.8012256 ]]
7.722: [8.45, 8.55, 7.765, 8.02, 8.0, 8.14, 7.79, 7.92, 7.722000000000001]
[[ 0.06418225  0.13731721  0.7985006 ]]
7.7616: [8.45, 8.55, 7.765, 8.02, 8.0, 8.14, 7.79, 7.92, 7.761600000000001]
[[ 0.06511234  0.13945176  0.79543591]]
7.8012: [8.45, 8.55, 7.765, 8.02, 8.0, 8.14, 7.79, 7.92, 7.8012000000000015]
[[ 0.06616789  0.14184427  0.79198778]]
7.8408: [8.45, 8.55, 7.765, 8.02, 8.0, 8.14, 7.79, 7.92, 7.8408000000000015]
[[ 0.06736703  0.1445253   0.78810763]]
7.8804: [8.45, 8.55, 7.765, 8.02, 8.0, 8.14, 7.79, 7.92, 7.880400000000002]
[[ 0.06873105  0.14752856  0.7837404 ]]
7.92: [8.45, 8.55, 7.765, 8.02, 8.0, 8.14, 7.79, 7.92, 7.920000000000002]
[[ 0.07028433  0.15088978  0.77882588]]
7.9596: [8.45, 8.55, 7.765, 8.02, 8.0, 8.14, 7.79, 7.92, 7.959600000000002]
[[ 0.07205554  0.15464687  0.77329755]]
7.9992: [8.45, 8.55, 7.765, 8.02, 8.0, 8.14, 7.79, 7.92, 7.999200000000002]
[[ 0.07407784  0.15883829  0.76708394]]
8.0388: [8.45, 8.55, 7.765, 8.02, 8.0, 8.14, 7.79, 7.92, 8.038800000000002]
[[ 0.07639036  0.16350225  0.76010734]]
8.0784: [8.45, 8.55, 7.765, 8.02, 8.0, 8.14, 7.79, 7.92, 8.078400000000002]
[[ 0.07903818  0.16867204  0.75228977]]
8.118: [8.45, 8.55, 7.765, 8.02, 8.0, 8.14, 7.79, 7.92, 8.118000000000002]
[[ 0.0820751   0.17437495  0.74354988]]
8.1576: [8.45, 8.55, 7.765, 8.02, 8.0, 8.14, 7.79, 7.92, 8.157600000000002]
[[ 0.08556318  0.18062304  0.73381376]]
8.1972: [8.45, 8.55, 7.765, 8.02, 8.0, 8.14, 7.79, 7.92, 8.197200000000002]
[[ 0.08957595  0.18740812  0.72301584]]
8.2368: [8.45, 8.55, 7.765, 8.02, 8.0, 8.14, 7.79, 7.92, 8.236800000000002]
[[ 0.09420085  0.19469181  0.71110737]]
8.2764: [8.45, 8.55, 7.765, 8.02, 8.0, 8.14, 7.79, 7.92, 8.276400000000002]
[[ 0.09953925  0.20238926  0.69807148]]
8.316: [8.45, 8.55, 7.765, 8.02, 8.0, 8.14, 7.79, 7.92, 8.316000000000003]
[[ 0.10571358  0.21036094  0.68392557]]
8.3556: [8.45, 8.55, 7.765, 8.02, 8.0, 8.14, 7.79, 7.92, 8.355600000000003]
[[ 0.11286769  0.21839295  0.66873938]]
8.3952: [8.45, 8.55, 7.765, 8.02, 8.0, 8.14, 7.79, 7.92, 8.395200000000003]
[[ 0.12117024  0.22618495  0.65264487]]
8.4348: [8.45, 8.55, 7.765, 8.02, 8.0, 8.14, 7.79, 7.92, 8.434800000000003]
[[ 0.13082193  0.2333477   0.63583034]]
8.4744: [8.45, 8.55, 7.765, 8.02, 8.0, 8.14, 7.79, 7.92, 8.474400000000003]
[[ 0.14204969  0.23940213  0.61854815]]
8.514: [8.45, 8.55, 7.765, 8.02, 8.0, 8.14, 7.79, 7.92, 8.514000000000003]
[[ 0.15510851  0.24380757  0.60108393]]
8.5536: [8.45, 8.55, 7.765, 8.02, 8.0, 8.14, 7.79, 7.92, 8.553600000000003]
[[ 0.17026442  0.24600454  0.583731  ]]
8.5932: [8.45, 8.55, 7.765, 8.02, 8.0, 8.14, 7.79, 7.92, 8.593200000000003]
[[ 0.18776429  0.2454862   0.56674951]]
8.6328: [8.45, 8.55, 7.765, 8.02, 8.0, 8.14, 7.79, 7.92, 8.632800000000003]
[[ 0.2077973   0.24188848  0.55031419]]
8.6724: [8.45, 8.55, 7.765, 8.02, 8.0, 8.14, 7.79, 7.92, 8.672400000000003]
[[ 0.23043072  0.23508289  0.53448641]]
