Loading Model: level_list/m1_100/tick_list/INSY/class/models/model.h5
history_filename: history_recent/INSY/history.json
UberYesterday: 2017-07-20: OHLCV: 12.7900, 12.8500, 12.2500, 12.3100, 377266
Yesterday    : 2017-07-21: OHLCV: 12.2700, 12.5100, 11.7900, 11.9800, 607695
[u'12.7900', u'12.8500', u'12.2500', u'12.3100', u'377266']
[u'12.2700', u'12.5100', u'11.7900', u'11.9800', u'607695']
question_base :[12.79, 12.85, 12.25, 12.31, 12.27, 12.51, 11.79, 11.98]
10.782: [12.79, 12.85, 12.25, 12.31, 12.27, 12.51, 11.79, 11.98, 10.782]
[[ 0.33310685  0.40022629  0.26666686]]
10.8419: [12.79, 12.85, 12.25, 12.31, 12.27, 12.51, 11.79, 11.98, 10.8419]
[[ 0.33310685  0.40022629  0.26666686]]
10.9018: [12.79, 12.85, 12.25, 12.31, 12.27, 12.51, 11.79, 11.98, 10.901800000000001]
[[ 0.33310685  0.40022629  0.26666686]]
10.9617: [12.79, 12.85, 12.25, 12.31, 12.27, 12.51, 11.79, 11.98, 10.961700000000002]
[[ 0.33310685  0.40022629  0.26666686]]
11.0216: [12.79, 12.85, 12.25, 12.31, 12.27, 12.51, 11.79, 11.98, 11.021600000000003]
[[ 0.33310685  0.40022629  0.26666686]]
11.0815: [12.79, 12.85, 12.25, 12.31, 12.27, 12.51, 11.79, 11.98, 11.081500000000004]
[[ 0.33310685  0.40022629  0.26666686]]
11.1414: [12.79, 12.85, 12.25, 12.31, 12.27, 12.51, 11.79, 11.98, 11.141400000000004]
[[ 0.33310685  0.40022629  0.26666686]]
11.2013: [12.79, 12.85, 12.25, 12.31, 12.27, 12.51, 11.79, 11.98, 11.201300000000005]
[[ 0.33310685  0.40022629  0.26666686]]
11.2612: [12.79, 12.85, 12.25, 12.31, 12.27, 12.51, 11.79, 11.98, 11.261200000000006]
[[ 0.33310685  0.40022629  0.26666686]]
11.3211: [12.79, 12.85, 12.25, 12.31, 12.27, 12.51, 11.79, 11.98, 11.321100000000007]
[[ 0.33310685  0.40022629  0.26666686]]
11.381: [12.79, 12.85, 12.25, 12.31, 12.27, 12.51, 11.79, 11.98, 11.381000000000007]
[[ 0.33310685  0.40022629  0.26666686]]
11.4409: [12.79, 12.85, 12.25, 12.31, 12.27, 12.51, 11.79, 11.98, 11.440900000000008]
[[ 0.33310685  0.40022629  0.26666686]]
11.5008: [12.79, 12.85, 12.25, 12.31, 12.27, 12.51, 11.79, 11.98, 11.500800000000009]
[[ 0.33310685  0.40022629  0.26666686]]
11.5607: [12.79, 12.85, 12.25, 12.31, 12.27, 12.51, 11.79, 11.98, 11.56070000000001]
[[ 0.33310685  0.40022629  0.26666686]]
11.6206: [12.79, 12.85, 12.25, 12.31, 12.27, 12.51, 11.79, 11.98, 11.62060000000001]
[[ 0.33310685  0.40022629  0.26666686]]
11.6805: [12.79, 12.85, 12.25, 12.31, 12.27, 12.51, 11.79, 11.98, 11.680500000000011]
[[ 0.33310685  0.40022629  0.26666686]]
11.7404: [12.79, 12.85, 12.25, 12.31, 12.27, 12.51, 11.79, 11.98, 11.740400000000012]
[[ 0.33310685  0.40022629  0.26666686]]
11.8003: [12.79, 12.85, 12.25, 12.31, 12.27, 12.51, 11.79, 11.98, 11.800300000000012]
[[ 0.33310685  0.40022629  0.26666686]]
11.8602: [12.79, 12.85, 12.25, 12.31, 12.27, 12.51, 11.79, 11.98, 11.860200000000013]
[[ 0.33310685  0.40022629  0.26666686]]
11.9201: [12.79, 12.85, 12.25, 12.31, 12.27, 12.51, 11.79, 11.98, 11.920100000000014]
[[ 0.33310685  0.40022629  0.26666686]]
11.98: [12.79, 12.85, 12.25, 12.31, 12.27, 12.51, 11.79, 11.98, 11.980000000000015]
[[ 0.33310685  0.40022629  0.26666686]]
12.0399: [12.79, 12.85, 12.25, 12.31, 12.27, 12.51, 11.79, 11.98, 12.039900000000015]
[[ 0.33310685  0.40022629  0.26666686]]
12.0998: [12.79, 12.85, 12.25, 12.31, 12.27, 12.51, 11.79, 11.98, 12.099800000000016]
[[ 0.33310685  0.40022629  0.26666686]]
12.1597: [12.79, 12.85, 12.25, 12.31, 12.27, 12.51, 11.79, 11.98, 12.159700000000017]
[[ 0.33310685  0.40022629  0.26666686]]
12.2196: [12.79, 12.85, 12.25, 12.31, 12.27, 12.51, 11.79, 11.98, 12.219600000000018]
[[ 0.33310685  0.40022629  0.26666686]]
12.2795: [12.79, 12.85, 12.25, 12.31, 12.27, 12.51, 11.79, 11.98, 12.279500000000018]
[[ 0.33310685  0.40022629  0.26666686]]
12.3394: [12.79, 12.85, 12.25, 12.31, 12.27, 12.51, 11.79, 11.98, 12.339400000000019]
[[ 0.33310685  0.40022629  0.26666686]]
12.3993: [12.79, 12.85, 12.25, 12.31, 12.27, 12.51, 11.79, 11.98, 12.39930000000002]
[[ 0.33310685  0.40022629  0.26666686]]
12.4592: [12.79, 12.85, 12.25, 12.31, 12.27, 12.51, 11.79, 11.98, 12.45920000000002]
[[ 0.33310685  0.40022629  0.26666686]]
12.5191: [12.79, 12.85, 12.25, 12.31, 12.27, 12.51, 11.79, 11.98, 12.519100000000021]
[[ 0.33310685  0.40022629  0.26666686]]
12.579: [12.79, 12.85, 12.25, 12.31, 12.27, 12.51, 11.79, 11.98, 12.579000000000022]
[[ 0.33310685  0.40022629  0.26666686]]
12.6389: [12.79, 12.85, 12.25, 12.31, 12.27, 12.51, 11.79, 11.98, 12.638900000000023]
[[ 0.33310685  0.40022629  0.26666686]]
12.6988: [12.79, 12.85, 12.25, 12.31, 12.27, 12.51, 11.79, 11.98, 12.698800000000023]
[[ 0.33310685  0.40022629  0.26666686]]
12.7587: [12.79, 12.85, 12.25, 12.31, 12.27, 12.51, 11.79, 11.98, 12.758700000000024]
[[ 0.33310685  0.40022629  0.26666686]]
12.8186: [12.79, 12.85, 12.25, 12.31, 12.27, 12.51, 11.79, 11.98, 12.818600000000025]
[[ 0.33310685  0.40022629  0.26666686]]
12.8785: [12.79, 12.85, 12.25, 12.31, 12.27, 12.51, 11.79, 11.98, 12.878500000000026]
[[ 0.33310685  0.40022629  0.26666686]]
12.9384: [12.79, 12.85, 12.25, 12.31, 12.27, 12.51, 11.79, 11.98, 12.938400000000026]
[[ 0.33310685  0.40022629  0.26666686]]
12.9983: [12.79, 12.85, 12.25, 12.31, 12.27, 12.51, 11.79, 11.98, 12.998300000000027]
[[ 0.33310685  0.40022629  0.26666686]]
13.0582: [12.79, 12.85, 12.25, 12.31, 12.27, 12.51, 11.79, 11.98, 13.058200000000028]
[[ 0.33310685  0.40022629  0.26666686]]
13.1181: [12.79, 12.85, 12.25, 12.31, 12.27, 12.51, 11.79, 11.98, 13.118100000000029]
[[ 0.33310685  0.40022629  0.26666686]]
