[[ 36.   0.   0.]
 [ 31.   0.   0.]
 [ 33.   0.   0.]]
cf_score, 3.0
nv_score, 0.0
ratio, 0.363636363636
[[ 32.   0.   0.]
 [ 38.   0.   0.]
 [ 30.   0.   0.]]
cf_score, 2.0
nv_score, 0.0
ratio, 0.323232323232
[[ 32.   0.   0.]
 [ 40.   0.   0.]
 [ 28.   0.   0.]]
cf_score, 4.0
nv_score, 0.0
ratio, 0.323232323232
[[ 31.   0.   0.]
 [ 38.   0.   0.]
 [ 31.   0.   0.]]
cf_score, 0.0
nv_score, 0.0
ratio, 0.313131313131
[[ 32.   0.   0.]
 [ 45.   0.   0.]
 [ 23.   0.   0.]]
cf_score, 9.0
nv_score, 0.0
ratio, 0.323232323232
[[ 32.   0.   0.]
 [ 37.   0.   0.]
 [ 31.   0.   0.]]
cf_score, 1.0
nv_score, 0.0
ratio, 0.323232323232
[[ 34.   0.   0.]
 [ 35.   0.   0.]
 [ 31.   0.   0.]]
cf_score, 3.0
nv_score, 0.0
ratio, 0.343434343434
[[ 28.   0.   0.]
 [ 39.   0.   0.]
 [ 33.   0.   0.]]
cf_score, -5.0
nv_score, 0.0
ratio, 0.282828282828
[[ 24.   0.   0.]
 [ 43.   0.   0.]
 [ 33.   0.   0.]]
cf_score, -9.0
nv_score, 0.0
ratio, 0.242424242424
[[ 41.   0.   0.]
 [ 21.   0.   0.]
 [ 38.   0.   0.]]
cf_score, 3.0
nv_score, 0.0
ratio, 0.414141414141
[[ 35.   0.   0.]
 [ 34.   0.   0.]
 [ 31.   0.   0.]]
cf_score, 4.0
nv_score, 0.0
ratio, 0.353535353535
[[ 29.   0.   0.]
 [ 35.   0.   0.]
 [ 36.   0.   0.]]
cf_score, -7.0
nv_score, 0.0
ratio, 0.292929292929
[[ 32.   0.   0.]
 [ 38.   0.   0.]
 [ 30.   0.   0.]]
cf_score, 2.0
nv_score, 0.0
ratio, 0.323232323232
[[ 36.   0.   0.]
 [ 34.   0.   0.]
 [ 30.   0.   0.]]
cf_score, 6.0
nv_score, 0.0
ratio, 0.363636363636
[[ 31.   0.   0.]
 [ 41.   0.   0.]
 [ 28.   0.   0.]]
cf_score, 3.0
nv_score, 0.0
ratio, 0.313131313131
[[  0.   0.  38.]
 [  0.   0.  36.]
 [  0.   0.  26.]]
cf_score, -12.0
nv_score, -86.0
ratio, 0.262626262626
[[ 29.   0.   0.]
 [ 39.   0.   0.]
 [ 32.   0.   0.]]
cf_score, -3.0
nv_score, 0.0
ratio, 0.292929292929
[[ 30.   0.   0.]
 [ 35.   0.   0.]
 [ 35.   0.   0.]]
cf_score, -5.0
nv_score, 0.0
ratio, 0.30303030303
[[ 32.   0.   0.]
 [ 37.   0.   0.]
 [ 31.   0.   0.]]
cf_score, 1.0
nv_score, 0.0
ratio, 0.323232323232
[[ 29.   0.   0.]
 [ 44.   0.   0.]
 [ 27.   0.   0.]]
cf_score, 2.0
nv_score, 0.0
ratio, 0.292929292929
[[ 39.   0.   0.]
 [ 35.   0.   0.]
 [ 26.   0.   0.]]
cf_score, 13.0
nv_score, 0.0
ratio, 0.393939393939
[[ 30.   0.   0.]
 [ 38.   0.   0.]
 [ 32.   0.   0.]]
cf_score, -2.0
nv_score, 0.0
ratio, 0.30303030303
[[ 25.   0.   0.]
 [ 32.   0.   0.]
 [ 43.   0.   0.]]
cf_score, -18.0
nv_score, 0.0
ratio, 0.252525252525
[[ 26.   0.   0.]
 [ 36.   0.   0.]
 [ 38.   0.   0.]]
cf_score, -12.0
nv_score, 0.0
ratio, 0.262626262626
[[  0.   0.  34.]
 [  0.   0.  40.]
 [  0.   0.  26.]]
cf_score, -8.0
nv_score, -82.0
ratio, 0.262626262626
[[  0.   0.  41.]
 [  0.   0.  29.]
 [  0.   0.  30.]]
cf_score, -11.0
nv_score, -81.0
ratio, 0.30303030303
[[ 28.   0.   0.]
 [ 31.   0.   0.]
 [ 41.   0.   0.]]
cf_score, -13.0
nv_score, 0.0
ratio, 0.282828282828
[[ 28.   0.   0.]
 [ 35.   0.   0.]
 [ 37.   0.   0.]]
cf_score, -9.0
nv_score, 0.0
ratio, 0.282828282828
[[ 28.   0.   0.]
 [ 38.   0.   0.]
 [ 34.   0.   0.]]
cf_score, -6.0
nv_score, 0.0
ratio, 0.282828282828
[[  0.   0.  33.]
 [  0.   0.  34.]
 [  0.   0.  33.]]
cf_score, 0.0
nv_score, -67.0
ratio, 0.333333333333
[[ 32.   0.   0.]
 [ 41.   0.   0.]
 [ 27.   0.   0.]]
cf_score, 5.0
nv_score, 0.0
ratio, 0.323232323232
[[ 30.   0.   0.]
 [ 34.   0.   0.]
 [ 36.   0.   0.]]
cf_score, -6.0
nv_score, 0.0
ratio, 0.30303030303
[[ 36.   0.   0.]
 [ 38.   0.   0.]
 [ 26.   0.   0.]]
cf_score, 10.0
nv_score, 0.0
ratio, 0.363636363636
[[ 30.   0.   0.]
 [ 39.   0.   0.]
 [ 31.   0.   0.]]
cf_score, -1.0
nv_score, 0.0
ratio, 0.30303030303
[[ 23.   0.   0.]
 [ 50.   0.   0.]
 [ 27.   0.   0.]]
cf_score, -4.0
nv_score, 0.0
ratio, 0.232323232323
[[ 29.   0.   0.]
 [ 48.   0.   0.]
 [ 23.   0.   0.]]
cf_score, 6.0
nv_score, 0.0
ratio, 0.292929292929
[[ 27.   0.   0.]
 [ 40.   0.   0.]
 [ 33.   0.   0.]]
cf_score, -6.0
nv_score, 0.0
ratio, 0.272727272727
[[ 37.   0.   0.]
 [ 33.   0.   0.]
 [ 30.   0.   0.]]
cf_score, 7.0
nv_score, 0.0
ratio, 0.373737373737
[[ 28.   0.   0.]
 [ 42.   0.   0.]
 [ 30.   0.   0.]]
cf_score, -2.0
nv_score, 0.0
ratio, 0.282828282828
[[  0.   0.  33.]
 [  0.   0.  36.]
 [  0.   0.  31.]]
cf_score, -2.0
nv_score, -71.0
ratio, 0.313131313131
[[ 26.   0.   0.]
 [ 41.   0.   0.]
 [ 33.   0.   0.]]
cf_score, -7.0
nv_score, 0.0
ratio, 0.262626262626
[[ 34.   0.   0.]
 [ 41.   0.   0.]
 [ 25.   0.   0.]]
cf_score, 9.0
nv_score, 0.0
ratio, 0.343434343434
[[ 32.   0.   0.]
 [ 37.   0.   0.]
 [ 31.   0.   0.]]
cf_score, 1.0
nv_score, 0.0
ratio, 0.323232323232
[[ 29.   0.   0.]
 [ 36.   0.   0.]
 [ 35.   0.   0.]]
cf_score, -6.0
nv_score, 0.0
ratio, 0.292929292929
[[ 30.   0.   0.]
 [ 43.   0.   0.]
 [ 27.   0.   0.]]
cf_score, 3.0
nv_score, 0.0
ratio, 0.30303030303
[[ 28.   0.   0.]
 [ 35.   0.   0.]
 [ 37.   0.   0.]]
cf_score, -9.0
nv_score, 0.0
ratio, 0.282828282828
[[ 27.   0.   0.]
 [ 35.   0.   0.]
 [ 38.   0.   0.]]
cf_score, -11.0
nv_score, 0.0
ratio, 0.272727272727
[[ 36.   0.   0.]
 [ 29.   0.   0.]
 [ 35.   0.   0.]]
cf_score, 1.0
nv_score, 0.0
ratio, 0.363636363636
[[ 33.   0.   0.]
 [ 28.   0.   0.]
 [ 39.   0.   0.]]
cf_score, -6.0
nv_score, 0.0
ratio, 0.333333333333
[[ 28.   0.   0.]
 [ 34.   0.   0.]
 [ 38.   0.   0.]]
cf_score, -10.0
nv_score, 0.0
ratio, 0.282828282828
