[[ 19.   4.   8.]
 [ 13.   7.   9.]
 [ 19.  11.  10.]]
cf_score, 9.0
ratio, 0.363636363636
[[ 23.   8.   4.]
 [ 19.   3.   6.]
 [ 22.   6.   9.]]
cf_score, 9.0
ratio, 0.353535353535
[[ 23.   5.   7.]
 [ 18.   6.   8.]
 [ 17.   9.   7.]]
cf_score, 12.0
ratio, 0.363636363636
[[ 23.   5.   7.]
 [ 17.   5.   7.]
 [ 23.   3.  10.]]
cf_score, 8.0
ratio, 0.383838383838
[[ 22.   8.  15.]
 [ 13.   5.   6.]
 [ 14.   4.  13.]]
cf_score, 11.0
ratio, 0.40404040404
[[ 22.   6.   9.]
 [ 24.   6.   4.]
 [ 19.   2.   8.]]
cf_score, 8.0
ratio, 0.363636363636
[[ 24.   5.   8.]
 [ 17.   7.   8.]
 [ 11.   8.  12.]]
cf_score, 24.0
ratio, 0.434343434343
[[ 11.   5.  14.]
 [  7.   3.  13.]
 [  9.   9.  29.]]
cf_score, 20.0
ratio, 0.434343434343
[[ 25.   3.   5.]
 [  9.   6.  15.]
 [ 13.  10.  14.]]
cf_score, 27.0
ratio, 0.454545454545
[[  9.   8.  13.]
 [  8.   5.  17.]
 [  7.   9.  24.]]
cf_score, 18.0
ratio, 0.383838383838
[[ 14.  13.  15.]
 [  9.   6.   9.]
 [  4.   8.  22.]]
cf_score, 23.0
ratio, 0.424242424242
[[ 20.   8.   8.]
 [ 14.   8.   9.]
 [  5.   5.  23.]]
cf_score, 38.0
ratio, 0.515151515152
[[ 17.   9.   9.]
 [ 13.   3.   7.]
 [  6.   9.  27.]]
cf_score, 32.0
ratio, 0.474747474747
[[ 17.   5.  15.]
 [  9.   4.  13.]
 [  6.   9.  22.]]
cf_score, 22.0
ratio, 0.434343434343
[[ 24.   5.   8.]
 [ 15.   9.  14.]
 [  5.   6.  14.]]
cf_score, 34.0
ratio, 0.474747474747
[[ 13.   4.   6.]
 [  9.  13.  19.]
 [  9.   8.  19.]]
cf_score, 30.0
ratio, 0.454545454545
[[ 16.   8.  11.]
 [ 15.  11.   7.]
 [ 10.   8.  14.]]
cf_score, 20.0
ratio, 0.414141414141
[[ 21.   6.   9.]
 [ 18.  10.   7.]
 [  8.   7.  14.]]
cf_score, 28.0
ratio, 0.454545454545
[[ 16.   4.  15.]
 [  6.   6.  16.]
 [  4.  13.  20.]]
cf_score, 23.0
ratio, 0.424242424242
[[ 16.   8.  16.]
 [ 10.   7.  11.]
 [  5.  12.  15.]]
cf_score, 17.0
ratio, 0.383838383838
[[ 28.   8.   6.]
 [ 11.   6.   7.]
 [ 12.   6.  16.]]
cf_score, 32.0
ratio, 0.505050505051
[[ 11.   8.  12.]
 [ 10.  10.  10.]
 [  4.  14.  21.]]
cf_score, 26.0
ratio, 0.424242424242
[[ 17.  11.  13.]
 [ 10.  10.  13.]
 [  6.   7.  13.]]
cf_score, 21.0
ratio, 0.40404040404
[[ 15.   9.   9.]
 [ 13.   8.  13.]
 [  5.   8.  20.]]
cf_score, 29.0
ratio, 0.434343434343
[[ 16.   7.  17.]
 [ 10.   5.  14.]
 [  3.   7.  21.]]
cf_score, 22.0
ratio, 0.424242424242
[[ 24.   5.  11.]
 [ 20.   8.  11.]
 [  7.   6.   8.]]
cf_score, 22.0
ratio, 0.40404040404
[[ 19.  10.   8.]
 [ 11.   4.  12.]
 [  6.  11.  19.]]
cf_score, 28.0
ratio, 0.424242424242
[[ 14.   9.  13.]
 [  8.   6.  15.]
 [  6.   9.  20.]]
cf_score, 21.0
ratio, 0.40404040404
[[ 12.   7.   8.]
 [  8.   9.  13.]
 [  8.   9.  26.]]
cf_score, 31.0
ratio, 0.474747474747
[[ 18.  10.  12.]
 [ 12.   4.  13.]
 [  6.   5.  20.]]
cf_score, 24.0
ratio, 0.424242424242
[[ 17.   8.   9.]
 [ 13.   6.  14.]
 [ 12.   9.  12.]]
cf_score, 14.0
ratio, 0.353535353535
[[ 19.   8.  11.]
 [  2.   6.  13.]
 [  3.  12.  26.]]
cf_score, 37.0
ratio, 0.515151515152
[[ 17.   7.  13.]
 [ 10.   6.  12.]
 [  4.   8.  23.]]
cf_score, 29.0
ratio, 0.464646464646
[[ 14.  11.  12.]
 [  4.  10.   7.]
 [  7.  12.  23.]]
cf_score, 28.0
ratio, 0.474747474747
[[ 12.  12.  11.]
 [ 14.   7.  12.]
 [  6.  13.  13.]]
cf_score, 15.0
ratio, 0.323232323232
[[ 17.   9.  10.]
 [  8.  10.  13.]
 [  9.   6.  18.]]
cf_score, 26.0
ratio, 0.454545454545
[[ 13.  12.   9.]
 [ 15.   5.  19.]
 [  4.   7.  16.]]
cf_score, 21.0
ratio, 0.343434343434
[[ 16.   8.   7.]
 [ 15.   5.  16.]
 [  4.   8.  21.]]
cf_score, 31.0
ratio, 0.424242424242
[[ 18.   6.  10.]
 [  6.   6.  19.]
 [  7.   9.  19.]]
cf_score, 26.0
ratio, 0.434343434343
[[ 13.   8.  12.]
 [ 10.  12.  12.]
 [  7.   7.  19.]]
cf_score, 25.0
ratio, 0.444444444444
[[ 15.   5.  16.]
 [  8.  12.   9.]
 [  8.  11.  16.]]
cf_score, 19.0
ratio, 0.434343434343
[[ 15.  10.  13.]
 [  3.  11.  11.]
 [  5.   8.  24.]]
cf_score, 32.0
ratio, 0.505050505051
[[ 13.   8.  17.]
 [ 10.   4.  13.]
 [  7.  10.  18.]]
cf_score, 11.0
ratio, 0.353535353535
[[ 17.  12.  10.]
 [ 14.  10.   8.]
 [  9.   9.  11.]]
cf_score, 19.0
ratio, 0.383838383838
[[ 18.  11.  10.]
 [  9.   7.  12.]
 [  7.  10.  16.]]
c