[[ 22.   7.   0.]
 [ 14.  17.   0.]
 [ 26.  14.   0.]]
cf_score, 13.0
ratio, 0.393939393939
[[ 23.   3.   2.]
 [ 20.  11.   1.]
 [ 23.  14.   3.]]
cf_score, 12.0
ratio, 0.373737373737
[[ 21.   0.  15.]
 [  9.   0.  27.]
 [  5.   0.  23.]]
cf_score, 24.0
ratio, 0.444444444444
[[ 15.   0.  10.]
 [ 14.   2.  22.]
 [  4.   2.  31.]]
cf_score, 34.0
ratio, 0.484848484848
[[ 19.   7.  17.]
 [  8.   5.  12.]
 [  2.   3.  27.]]
cf_score, 32.0
ratio, 0.515151515152
[[ 21.   2.  11.]
 [ 10.   4.  21.]
 [  5.   3.  23.]]
cf_score, 32.0
ratio, 0.484848484848
[[ 10.   5.   7.]
 [  7.  10.  20.]
 [  5.   5.  31.]]
cf_score, 39.0
ratio, 0.515151515152
[[ 16.   8.   7.]
 [ 17.  13.  10.]
 [  4.  12.  13.]]
cf_score, 31.0
ratio, 0.424242424242
[[ 22.   4.  14.]
 [ 12.  10.   6.]
 [  4.  10.  18.]]
cf_score, 32.0
ratio, 0.505050505051
[[ 26.   9.   8.]
 [  8.  14.   7.]
 [  6.   5.  17.]]
cf_score, 43.0
ratio, 0.575757575758
[[ 15.  12.  13.]
 [  9.  13.  14.]
 [  0.   5.  19.]]
cf_score, 34.0
ratio, 0.474747474747
[[ 11.   7.  18.]
 [  8.  20.  12.]
 [  5.   6.  13.]]
cf_score, 21.0
ratio, 0.444444444444
[[ 20.   8.   5.]
 [ 11.  21.   7.]
 [  6.   8.  14.]]
cf_score, 44.0
ratio, 0.555555555556
[[ 14.   4.   5.]
 [ 16.  23.   3.]
 [  6.  11.  18.]]
cf_score, 44.0
ratio, 0.555555555556
[[ 21.  14.  11.]
 [  9.   9.   7.]
 [  3.   6.  20.]]
cf_score, 36.0
ratio, 0.505050505051
[[ 17.   7.   8.]
 [  9.  17.  11.]
 [  5.  15.  11.]]
cf_score, 32.0
ratio, 0.454545454545
[[ 26.   6.   8.]
 [  8.  15.   9.]
 [  3.   3.  22.]]
cf_score, 52.0
ratio, 0.636363636364
[[ 21.   7.   5.]
 [  8.  24.   8.]
 [  4.   4.  19.]]
cf_score, 55.0
ratio, 0.646464646465
[[ 11.  10.   8.]
 [ 11.  20.   7.]
 [  3.  15.  15.]]
cf_score, 35.0
ratio, 0.464646464646
[[ 11.  16.   3.]
 [  9.  18.  11.]
 [  4.   6.  22.]]
cf_score, 44.0
ratio, 0.515151515152
[[ 16.   9.  10.]
 [ 11.  17.  11.]
 [  1.   8.  17.]]
cf_score, 39.0
ratio, 0.505050505051
[[ 17.   4.   6.]
 [ 13.  19.   2.]
 [  8.  11.  20.]]
cf_score, 42.0
ratio, 0.565656565657
[[ 13.   9.   7.]
 [  5.  22.   6.]
 [  4.  10.  24.]]
cf_score, 48.0
ratio, 0.59595959596
[[ 17.   7.   7.]
 [  9.  13.   8.]
 [  4.  12.  23.]]
cf_score, 42.0
ratio, 0.535353535354
[[ 13.  12.   4.]
 [ 16.   7.   8.]
 [  1.  10.  29.]]
cf_score, 44.0
ratio, 0.494949494949
[[ 18.  11.  12.]
 [  9.  13.   7.]
 [  5.  14.  11.]]
cf_score, 25.0
ratio, 0.424242424242
[[ 20.   5.   7.]
 [  7.  19.   9.]
 [  5.  13.  15.]]
cf_score, 42.0
ratio, 0.545454545455
[[ 23.   7.   8.]
 [ 12.  19.   4.]
 [  4.   5.  18.]]
cf_score, 48.0
ratio, 0.606060606061
[[ 17.  10.   9.]
 [ 10.  10.  12.]
 [  4.  12.  16.]]
cf_score, 30.0
ratio, 0.434343434343
[[ 25.   9.   9.]
 [ 16.  10.   8.]
 [  1.  10.  12.]]
cf_score, 37.0
ratio, 0.474747474747
[[ 12.  12.   8.]
 [  8.  16.   7.]
 [  3.   6.  28.]]
cf_score, 45.0
ratio, 0.565656565657
[[ 25.   6.   4.]
 [ 13.  21.   6.]
 [  4.   6.  15.]]
cf_score, 53.0
ratio, 0.616161616162
[[ 12.  12.   8.]
 [  4.  22.   7.]
 [  2.  11.  22.]]
cf_score, 46.0
ratio, 0.565656565657
[[ 12.  12.   9.]
 [  5.  18.   6.]
 [  5.  10.  23.]]
cf_score, 39.0
ratio, 0.535353535354
[[  8.   9.   4.]
 [ 15.  17.  11.]
 [  0.  14.  22.]]
cf_score, 43.0
ratio, 0.474747474747
[[ 16.   9.  12.]
 [  8.  18.   7.]
 [  2.   4.  24.]]
cf_score, 44.0
ratio, 0.585858585859
[[ 17.   7.  12.]
 [ 11.   7.   9.]
 [  3.  11.  23.]]
cf_score, 32.0
ratio, 0.474747474747
[[ 12.  12.   9.]
 [ 18.   9.  14.]
 [  0.   7.  19.]]
cf_score, 31.0
ratio, 0.40404040404
[[ 18.   9.   5.]
 [ 15.  13.   4.]
 [  4.  18.  14.]]
cf_score, 36.0
ratio, 0.454545454545
[[ 14.   9.  10.]
 [ 10.  16.   7.]
 [  4.  11.  19.]]
cf_score, 35.0
ratio, 0.494949494949
[[ 14.   7.   9.]
 [  7.  14.   8.]
 [  1.  11.  29.]]
cf_score, 47.0
ratio, 0.575757575758
[[ 22.  12.   7.]
 [  9.  15.   7.]
 [  3.   6.  19.]]
cf_score, 46.0
ratio, 0.565656565657
[[ 15.   8.   4.]
 [ 17.  21.   4.]
 [  2.  14.  15.]]
cf_score, 45.0
ratio, 0.515151515152
[[ 10.   7.  11.]
 [ 11.  15.   6.]
 [  2.  13.  25.]]
cf_score, 37.0
ratio, 0.505050505051
[[  6.   5.  13.]
 [  4.  22.  14.]
 [  2.   5.  29.]]
cf_score, 42.0
ratio, 0.575757575758
[[ 14.   6.   8.]
 [ 14.  15.  11.]
 [  2.  11.  19.]]
cf_score, 38.0
ratio, 0.484848484848
[[ 22.   7.   6.]
 [ 14.  17.   8.]
 [  2.   8.  16.]]
cf_score, 47.0
ratio, 0.555555555556
[[ 19.   4.  10.]
 [ 13.  16.   5.]
 [  1.  12.  20.]]
cf_score, 44.0
ratio, 0.555555555556
[[ 19.   3.   7.]
 [ 15.  17.   6.]
 [  5.   8.  20.]]
cf_score, 44.0
ratio, 0.565656565657
[[ 14.   6.  10.]
 [ 17.  18.   3.]
 [  3.  11.  18.]]
cf_score, 37.0
ratio, 0.505050505051
[[ 13.   8.   7.]
 [  6.  20.   4.]
 [  3.  17.  22.]]
cf_score, 45.0
ratio, 0.555555555556
[[ 18.  11.  10.]
 [ 10.  21.   4.]
 [  2.   4.  20.]]
cf_score, 47.0
ratio, 0.59595959596
[[ 35.   7.   7.]
 [ 10.   8.   9.]
 [  4.   8.  12.]]
cf_score, 44.0
ratio, 0.555555555556
[[ 10.   7.  17.]
 [ 11.  17.   9.]
 [  2.  12.  15.]]
cf_score, 23.0
ratio, 0.424242424242
[[ 16.   4.   4.]
 [ 10.  21.   8.]
 [  4.  11.  22.]]
cf_score, 51.0
ratio, 0.59595959596
[[ 22.   6.   8.]
 [  5.  14.   8.]
 [  6.   8.  23.]]
cf_score, 45.0
ratio, 0.59595959596
[[ 12.   9.  11.]
 [  6.  16.  11.]
 [  7.   8.  20.]]
cf_score, 30.0
ratio, 0.484848484848
[[ 15.  10.   8.]
 [ 10.  12.  12.]
 [  4.   8.  21.]]
cf_score, 36.0
ratio, 0.484848484848
[[ 19.  10.   6.]
 [  7.  14.  15.]
 [  2.   7.  20.]]
cf_score, 45.0
ratio, 0.535353535354
[[ 13.  10.   7.]
 [  6.  18.  10.]
 [  3.   4.  29.]]
cf_score, 50.0
ratio, 0.606060606061
[[ 17.   6.   8.]
 [ 13.  12.   7.]
 [  4.   7.  26.]]
cf_score, 43.0
ratio, 0.555555555556
[[ 15.  11.   9.]
 [  9.  16.   7.]
 [  6.  10.  17.]]
cf_score, 33.0
ratio, 0.484848484848
[[  7.  12.  13.]
 [  6.  17.  17.]
 [  3.   6.  19.]]
cf_score, 27.0
ratio, 0.434343434343
[[ 14.   8.   5.]
 [ 14.  17.  10.]
 [  4.   5.  23.]]
cf_score, 45.0
ratio, 0.545454545455
[[ 14.   5.  10.]
 [ 12.  13.   4.]
 [  7.   8.  27.]]
cf_score, 37.0
ratio, 0.545454545455
[[ 23.   7.   5.]
 [  7.  19.   7.]
 [  3.  11.  18.]]
cf_score, 52.0
ratio, 0.606060606061
[[ 18.   8.   6.]
 [ 11.  20.   6.]
 [  2.  10.  19.]]
cf_score, 49.0
ratio, 0.575757575758
[[ 21.  11.   8.]
 [  9.  12.   9.]
 [  1.  11.  18.]]
cf_score, 42.0
ratio, 0.515151515152
[[ 20.   8.   9.]
 [  4.  15.  12.]
 [  5.   8.  19.]]
cf_score, 40.0
ratio, 0.545454545455
[[ 24.   7.  13.]
 [  7.  13.   6.]
 [  2.   9.  19.]]
cf_score, 41.0
ratio, 0.565656565657
[[ 18.   7.   5.]
 [ 10.  16.   6.]
 [  5.  12.  21.]]
cf_score, 45.0
ratio, 0.555555555556
[[ 23.   6.   5.]
 [ 12.  12.   6.]
 [  5.   7.  24.]]
cf_score, 49.0
ratio, 0.59595959596
[[ 17.   7.   7.]
 [  8.  20.   8.]
 [  3.   1.  29.]]
cf_score, 56.0
ratio, 0.666666666667
[[ 18.   9.  11.]
 [  9.  23.   3.]
 [  4.  10.  13.]]
cf_score, 39.0
ratio, 0.545454545455
[[ 19.   7.  10.]
 [  7.  16.   8.]
 [  3.   8.  22.]]
cf_score, 44.0
ratio, 0.575757575758
[[ 24.   9.   7.]
 [ 13.  16.   5.]
 [  3.   5.  18.]]
cf_score, 48.0
ratio, 0.585858585859
[[ 15.   3.   6.]
 [ 10.  24.  12.]
 [  1.   6.  23.]]
cf_score, 55.0
ratio, 0.626262626263
[[ 19.   8.   7.]
 [ 12.  16.   7.]
 [  4.   6.  21.]]
cf_score, 45.0
ratio, 0.565656565657
[[  9.   9.   9.]
 [  6.  27.   9.]
 [  3.   7.  21.]]
cf_score, 45.0
ratio, 0.575757575758
[[ 17.   6.  14.]
 [  6.  17.   4.]
 [  7.   5.  24.]]
cf_score, 37.0
ratio, 0.585858585859
[[ 15.   6.  11.]
 [  8.  10.   9.]
 [  1.  16.  24.]]
cf_score, 37.0
ratio, 0.494949494949
[[ 23.   3.   6.]
 [ 13.  16.   3.]
 [  2.  11.  23.]]
cf_score, 54.0
ratio, 0.626262626263
[[ 24.  10.  11.]
 [  9.  13.   7.]
 [  3.   7.  16.]]
cf_score, 39.0
ratio, 0.535353535354
[[ 15.   8.  12.]
 [ 14.  11.   5.]
 [  5.  12.  18.]]
cf_score, 27.0
ratio, 0.444444444444
[[ 17.   7.  13.]
 [  7.  17.   6.]
 [  2.   8.  23.]]
cf_score, 42.0
ratio, 0.575757575758
[[  9.  17.  11.]
 [  7.  13.  11.]
 [  1.   5.  26.]]
cf_score, 36.0
ratio, 0.484848484848
[[ 16.   9.  10.]
 [  7.  14.   9.]
 [  3.   4.  28.]]
cf_score, 45.0
ratio, 0.585858585859
[[ 21.   7.   9.]
 [  5.  20.   6.]
 [  3.   3.  26.]]
cf_score, 55.0
ratio, 0.676767676768
[[ 20.   2.   4.]
 [ 17.  14.   5.]
 [  5.  11.  22.]]
cf_score, 47.0
ratio, 0.565656565657
[[ 20.   7.   5.]
 [ 12.  17.   5.]
 [  4.  10.  20.]]
cf_score, 48.0
ratio, 0.575757575758
[[ 13.   5.   9.]
 [ 12.  10.  12.]
 [  3.  10.  26.]]
cf_score, 37.0
ratio, 0.494949494949
[[ 20.  10.  10.]
 [ 11.  21.   7.]
 [  3.   4.  14.]]
cf_score, 42.0
ratio, 0.555555555556
[[ 19.   2.   8.]
 [ 15.  15.  11.]
 [  6.   6.  18.]]
cf_score, 38.0
ratio, 0.525252525253
[[ 14.   3.  10.]
 [  7.  13.  18.]
 [  3.   5.  27.]]
cf_score, 41.0
ratio, 0.545454545455
[[ 18.   7.   3.]
 [ 10.  14.  10.]
 [ 10.   5.  23.]]
cf_score, 42.0
ratio, 0.555555555556
[[ 11.   8.  11.]
 [  9.  16.  10.]
 [  4.   7.  24.]]
cf_score, 36.0
ratio, 0.515151515152
[[ 13.  10.   9.]
 [ 10.  15.   8.]
 [  4.   6.  25.]]
cf_score, 40.0
ratio, 0.535353535354
[[ 21.   9.   6.]
 [ 14.  18.   9.]
 [  2.   7.  14.]]
cf_score, 45.0
ratio, 0.535353535354
[[ 20.  10.  10.]
 [ 11.  14.  10.]
 [  3.  10.  12.]]
cf_score, 33.0
ratio, 0.464646464646
[[ 20.   7.   4.]
 [  9.  23.   4.]
 [  4.  13.  16.]]
cf_score, 51.0
ratio, 0.59595959596
