[[  0.   0.  36.]
 [  0.   0.  35.]
 [  0.   0.  29.]]
cf_score, -7.0
ratio, 0.292929292929
[[ 16.  15.   0.]
 [ 22.  20.   0.]
 [ 10.  17.   0.]]
cf_score, 26.0
ratio, 0.363636363636
[[  0.  15.  21.]
 [  1.  19.  16.]
 [  0.  10.  18.]]
cf_score, 16.0
ratio, 0.373737373737
[[  4.  24.   5.]
 [  1.  29.   3.]
 [  3.  21.  10.]]
cf_score, 35.0
ratio, 0.434343434343
[[  7.  21.   2.]
 [ 10.  22.   8.]
 [  6.  20.   4.]]
cf_score, 25.0
ratio, 0.333333333333
[[ 11.  20.   6.]
 [ 11.  22.   4.]
 [  5.  15.   6.]]
cf_score, 28.0
ratio, 0.393939393939
[[ 11.  22.   4.]
 [ 18.  13.   3.]
 [  8.  18.   3.]]
cf_score, 15.0
ratio, 0.272727272727
[[  8.  16.   1.]
 [ 12.  26.   1.]
 [  9.  25.   2.]]
cf_score, 26.0
ratio, 0.363636363636
[[ 10.  16.   2.]
 [  7.  29.   0.]
 [ 10.  20.   6.]]
cf_score, 33.0
ratio, 0.454545454545
[[ 13.  12.   8.]
 [ 18.  21.   3.]
 [  4.  12.   9.]]
cf_score, 31.0
ratio, 0.434343434343
[[ 14.  13.   4.]
 [ 16.  22.   3.]
 [  9.  12.   7.]]
cf_score, 30.0
ratio, 0.434343434343
[[ 18.  14.   3.]
 [ 10.  19.   3.]
 [  7.  17.   9.]]
cf_score, 36.0
ratio, 0.464646464646
[[ 11.  10.   6.]
 [ 20.  19.   4.]
 [  8.   8.  14.]]
cf_score, 30.0
ratio, 0.444444444444
[[ 13.   3.   8.]
 [ 25.   4.   9.]
 [ 23.   5.  10.]]
cf_score, -4.0
ratio, 0.272727272727
[[ 22.   0.  12.]
 [ 17.   0.  10.]
 [ 13.   0.  26.]]
cf_score, 23.0
ratio, 0.484848484848
[[ 22.   0.   6.]
 [ 29.   1.  14.]
 [ 11.   0.  17.]]
cf_score, 23.0
ratio, 0.40404040404
[[ 21.   0.  17.]
 [ 18.   0.  21.]
 [  5.   2.  16.]]
cf_score, 15.0
ratio, 0.373737373737
[[ 16.   0.  11.]
 [ 26.   0.  10.]
 [ 16.   0.  21.]]
cf_score, 10.0
ratio, 0.373737373737
[[ 30.   0.   1.]
 [ 35.   0.   3.]
 [ 23.   0.   8.]]
cf_score, 14.0
ratio, 0.383838383838
[[ 32.   4.   7.]
 [ 20.   3.   4.]
 [ 13.   3.  14.]]
cf_score, 29.0
ratio, 0.494949494949
[[ 12.   7.   9.]
 [ 28.   5.  18.]
 [ 11.   1.   9.]]
cf_score, 6.0
ratio, 0.262626262626
[[ 17.   4.  17.]
 [ 22.   0.  12.]
 [ 14.   1.  13.]]
cf_score, -1.0
ratio, 0.30303030303
[[ 16.   3.   9.]
 [ 17.  12.  10.]
 [  8.   6.  19.]]
cf_score, 30.0
ratio, 0.474747474747
[[ 21.   3.  12.]
 [ 18.   4.  11.]
 [ 10.   5.  16.]]
cf_score, 19.0
ratio, 0.414141414141
[[ 19.   3.   8.]
 [ 27.   0.   5.]
 [ 16.   5.  17.]]
cf_score, 12.0
ratio, 0.363636363636
[[ 19.   3.  10.]
 [ 24.   3.   5.]
 [ 14.   3.  19.]]
cf_score, 17.0
ratio, 0.414141414141
[[ 34.   0.   4.]
 [ 34.   1.   5.]
 [ 15.   0.   7.]]
cf_score, 23.0
ratio, 0.424242424242
[[ 15.   2.   6.]
 [ 18.  10.  11.]
 [ 13.   4.  21.]]
cf_score, 27.0
ratio, 0.464646464646
[[ 16.   2.  14.]
 [ 17.   2.  21.]
 [  7.   2.  19.]]
cf_score, 16.0
ratio, 0.373737373737
[[ 21.   3.   6.]
 [ 35.   1.   3.]
 [ 14.   5.  12.]]
cf_score, 14.0
ratio, 0.343434343434
[[ 23.   2.   4.]
 [ 23.   4.  17.]
 [  6.   1.  20.]]
cf_score, 37.0
ratio, 0.474747474747
[[ 14.   5.  19.]
 [ 13.   4.  16.]
 [  5.   5.  19.]]
cf_score, 13.0
ratio, 0.373737373737
[[ 21.   4.   9.]
 [ 17.   7.  13.]
 [  7.   6.  16.]]
cf_score, 28.0
ratio, 0.444444444444
[[ 14.   6.   9.]
 [ 25.   7.   9.]
 [  8.   2.  20.]]
cf_score, 24.0
ratio, 0.414141414141
[[ 18.   5.   8.]
 [ 15.   6.   8.]
 [  9.   4.  27.]]
cf_score, 34.0
ratio, 0.515151515152
[[ 17.   8.   4.]
 [ 21.  10.   7.]
 [ 13.   3.  17.]]
cf_score, 27.0
ratio, 0.444444444444
[[ 18.   7.  16.]
 [ 12.   8.  11.]
 [  9.   5.  14.]]
cf_score, 15.0
ratio, 0.40404040404
[[ 14.   9.   4.]
 [ 17.  14.   7.]
 [ 11.   7.  17.]]
cf_score, 30.0
ratio, 0.454545454545
[[ 21.   7.  10.]
 [  8.  10.  11.]
 [  3.   6.  24.]]
cf_score, 42.0
ratio, 0.555555555556
[[ 21.   6.   6.]
 [ 15.   9.  11.]
 [  1.   5.  26.]]
cf_score, 49.0
ratio, 0.565656565657
[[ 14.  11.   4.]
 [ 20.  12.   9.]
 [ 11.  10.   9.]]
cf_score, 20.0
ratio, 0.353535353535
[[ 12.  10.  10.]
 [  6.  14.  21.]
 [  5.   6.  16.]]
cf_score, 27.0
ratio, 0.424242424242
[[ 19.   9.   8.]
 [ 13.  18.   5.]
 [  9.   9.  10.]]
cf_score, 30.0
ratio, 0.474747474747
[[ 16.   6.  13.]
 [ 13.  18.   8.]
 [  2.   7.  17.]]
cf_score, 36.0
ratio, 0.515151515152
[[ 15.  13.   5.]
 [ 16.   8.  12.]
 [  5.   5.  21.]]
cf_score, 34.0
ratio, 0.444444444444
[[  5.  11.  13.]
 [  3.  14.  22.]
 [  4.   8.  20.]]
cf_score, 22.0
ratio, 0.393939393939
[[ 20.   7.   6.]
 [ 10.  24.   7.]
 [  5.   6.  15.]]
cf_score, 48.0
ratio, 0.59595959596
[[ 17.   4.   9.]
 [ 12.  18.  12.]
 [  2.  14.  12.]]
cf_score, 36.0
ratio, 0.474747474747
[[  8.   7.   8.]
 [  9.  15.  12.]
 [  4.   9.  28.]]
cf_score, 39.0
ratio, 0.515151515152
[[ 16.   7.   8.]
 [ 14.  14.   9.]
 [  6.   8.  18.]]
cf_score, 34.0
ratio, 0.484848484848
[[  9.   7.  14.]
 [ 11.  12.  11.]
 [  4.   8.  24.]]
cf_score, 27.0
ratio, 0.454545454545
[[ 17.   9.  14.]
 [ 17.  12.   6.]
 [  2.   8.  15.]]
cf_score, 28.0
ratio, 0.444444444444
[[ 17.   5.   5.]
 [ 20.  15.   8.]
 [  4.   9.  17.]]
cf_score, 40.0
ratio, 0.494949494949
[[ 23.   1.   5.]
 [ 19.  13.   3.]
 [ 12.   7.  17.]]
cf_score, 36.0
ratio, 0.535353535354
[[ 17.  14.   5.]
 [ 16.  14.   6.]
 [  3.   8.  17.]]
cf_score, 40.0
ratio, 0.484848484848
[[ 25.   7.   2.]
 [ 22.   8.   3.]
 [ 18.   7.   8.]]
cf_score, 21.0
ratio, 0.414141414141
[[ 19.  11.   4.]
 [ 14.  10.   8.]
 [  4.  10.  20.]]
cf_score, 41.0
ratio, 0.494949494949
[[ 12.   7.  16.]
 [  7.   8.  24.]
 [  0.   4.  22.]]
cf_score, 26.0
ratio, 0.424242424242
[[  4.  11.  16.]
 [  4.  14.  18.]
 [  4.   4.  25.]]
cf_score, 23.0
ratio, 0.434343434343
[[ 12.  11.   7.]
 [ 10.  12.  15.]
 [  1.   5.  27.]]
cf_score, 43.0
ratio, 0.515151515152
[[  8.  11.   9.]
 [ 10.  17.  14.]
 [  3.   5.  23.]]
cf_score, 36.0
ratio, 0.484848484848
[[ 21.   6.   6.]
 [ 21.  15.   1.]
 [ 12.   9.   9.]]
cf_score, 27.0
ratio, 0.454545454545
[[ 15.  13.   8.]
 [  7.  20.  10.]
 [  4.   8.  15.]]
cf_score, 38.0
ratio, 0.505050505051
[[ 11.  12.   8.]
 [ 23.  11.   8.]
 [  7.   8.  12.]]
cf_score, 19.0
ratio, 0.343434343434
[[ 14.  16.   7.]
 [  8.  16.   6.]
 [  2.   6.  25.]]
cf_score, 46.0
ratio, 0.555555555556
[[ 21.   6.   8.]
 [ 16.  16.   4.]
 [ 10.   9.  10.]]
cf_score, 29.0
ratio, 0.474747474747
[[  9.  13.   7.]
 [ 16.  12.  11.]
 [  9.   8.  15.]]
cf_score, 20.0
ratio, 0.363636363636
[[ 18.  12.   6.]
 [ 14.  17.   7.]
 [  6.  10.  10.]]
cf_score, 33.0
ratio, 0.454545454545
[[  5.  11.   9.]
 [ 10.  22.  14.]
 [  3.   6.  20.]]
cf_score, 35.0
ratio, 0.474747474747
[[  9.  12.   2.]
 [ 13.  17.   9.]
 [ 10.   9.  19.]]
cf_score, 33.0
ratio, 0.454545454545
[[ 18.  14.   8.]
 [ 11.  16.   5.]
 [  5.  12.  11.]]
cf_score, 32.0
ratio, 0.454545454545
[[  8.   7.   6.]
 [ 11.  12.  15.]
 [  4.  13.  24.]]
cf_score, 34.0
ratio, 0.444444444444
[[  8.  10.   8.]
 [ 11.  22.  11.]
 [  4.   9.  17.]]
cf_score, 35.0
ratio, 0.474747474747
[[ 24.  10.   3.]
 [ 10.  20.   3.]
 [  5.   8.  17.]]
cf_score, 53.0
ratio, 0.616161616162
[[  9.  10.  12.]
 [ 10.  18.  10.]
 [  3.   8.  20.]]
cf_score, 32.0
ratio, 0.474747474747
[[  8.  10.   5.]
 [  7.  19.   8.]
 [  5.  15.  23.]]
cf_score, 40.0
ratio, 0.505050505051
[[ 14.  10.   6.]
 [  7.  17.  10.]
 [  4.   9.  23.]]
cf_score, 44.0
ratio, 0.545454545455
[[ 18.  10.   9.]
 [ 12.  20.   5.]
 [  4.  11.  11.]]
cf_score, 36.0
ratio, 0.494949494949
[[ 16.  14.   5.]
 [ 16.  17.   4.]
 [  4.   7.  17.]]
cf_score, 41.0
ratio, 0.505050505051
[[ 16.  10.   9.]
 [ 14.  13.  10.]
 [  8.   9.  11.]]
cf_score, 23.0
ratio, 0.40404040404
[[ 11.   7.  10.]
 [  8.  14.  13.]
 [  2.   9.  26.]]
cf_score, 39.0
ratio, 0.515151515152
[[ 20.   8.   5.]
 [ 12.  15.   7.]
 [  6.  12.  15.]]
cf_score, 39.0
ratio, 0.505050505051
[[ 19.  13.   3.]
 [ 14.  11.  10.]
 [  4.   7.  19.]]
cf_score, 42.0
ratio, 0.494949494949
[[ 14.   6.   3.]
 [ 23.  11.   9.]
 [  8.  14.  12.]]
cf_score, 26.0
ratio, 0.373737373737
[[ 13.  16.   7.]
 [  5.  22.  10.]
 [  3.   7.  17.]]
cf_score, 42.0
ratio, 0.525252525253
[[ 16.  14.   6.]
 [  5.  18.   9.]
 [  4.  12.  16.]]
cf_score, 40.0
ratio, 0.505050505051
[[ 15.  14.  10.]
 [  6.  13.   8.]
 [  7.   8.  19.]]
cf_score, 30.0
ratio, 0.474747474747
[[ 20.  13.   5.]
 [  9.  14.   7.]
 [  2.  13.  17.]]
cf_score, 44.0
ratio, 0.515151515152
[[  9.  16.  14.]
 [  5.   8.  14.]
 [  1.   6.  27.]]
cf_score, 29.0
ratio, 0.444444444444
[[ 11.  13.   8.]
 [ 11.  17.  10.]
 [  4.  11.  15.]]
cf_score, 31.0
ratio, 0.434343434343
[[ 11.  14.   6.]
 [  8.  19.   9.]
 [  4.   8.  21.]]
cf_score, 41.0
ratio, 0.515151515152
[[ 16.  14.   6.]
 [ 16.   9.   8.]
 [  5.   4.  22.]]
cf_score, 36.0
ratio, 0.474747474747
[[  6.   8.  10.]
 [  8.  18.  11.]
 [  3.  13.  23.]]
cf_score, 34.0
ratio, 0.474747474747
[[ 24.  11.   3.]
 [ 18.   6.  10.]
 [  4.   9.  15.]]
cf_score, 38.0
ratio, 0.454545454545
[[ 13.   7.   8.]
 [ 11.  19.   7.]
 [  3.  14.  18.]]
cf_score, 39.0
ratio, 0.505050505051
[[ 14.  11.   6.]
 [  8.  12.   8.]
 [  3.  13.  25.]]
cf_score, 42.0
ratio, 0.515151515152
[[ 11.  19.   6.]
 [  9.  14.  11.]
 [  3.   9.  18.]]
cf_score, 34.0
ratio, 0.434343434343
[[ 13.   6.   7.]
 [ 13.  11.   7.]
 [  6.  13.  24.]]
cf_score, 35.0
ratio, 0.484848484848
[[ 15.  13.   7.]
 [  8.  14.  12.]
 [  0.  14.  17.]]
cf_score, 39.0
ratio, 0.464646464646
[[  6.  12.   9.]
 [ 11.  12.  14.]
 [  0.   9.  27.]]
cf_score, 36.0
ratio, 0.454545454545
