Loading Model: level_list/m1_100/tick_list/ACFN/class/models/model.h5
history_filename: history_recent/ACFN/history.json
Yesterday        : 2017-08-07: OHLCV: 0.2400, 0.2400, 0.2200, 0.2400, 21061
UberYesterday    : 2017-08-04: OHLCV: 0.2300, 0.2400, 0.2200, 0.2400, 30496
[u'0.2400', u'0.2400', u'0.2200', u'0.2400', u'21061']
[u'0.2300', u'0.2400', u'0.2200', u'0.2400', u'30496']
question_base :[0.23, 0.24, 0.22, 0.24, 0.24, 0.24, 0.22, 0.24]
0.216: [0.230, 0.240, 0.220, 0.240, 0.240, 0.240, 0.220, 0.240, 0.216][0.070, 0.181, 0.749]
0.2172: [0.230, 0.240, 0.220, 0.240, 0.240, 0.240, 0.220, 0.240, 0.217][0.072, 0.183, 0.745]
0.2184: [0.230, 0.240, 0.220, 0.240, 0.240, 0.240, 0.220, 0.240, 0.218][0.074, 0.185, 0.742]
0.2196: [0.230, 0.240, 0.220, 0.240, 0.240, 0.240, 0.220, 0.240, 0.220][0.076, 0.187, 0.738]
0.2208: [0.230, 0.240, 0.220, 0.240, 0.240, 0.240, 0.220, 0.240, 0.221][0.078, 0.188, 0.734]
0.222: [0.230, 0.240, 0.220, 0.240, 0.240, 0.240, 0.220, 0.240, 0.222][0.080, 0.190, 0.730]
0.2232: [0.230, 0.240, 0.220, 0.240, 0.240, 0.240, 0.220, 0.240, 0.223][0.082, 0.192, 0.725]
0.2244: [0.230, 0.240, 0.220, 0.240, 0.240, 0.240, 0.220, 0.240, 0.224][0.085, 0.194, 0.721]
0.2256: [0.230, 0.240, 0.220, 0.240, 0.240, 0.240, 0.220, 0.240, 0.226][0.087, 0.196, 0.717]
0.2268: [0.230, 0.240, 0.220, 0.240, 0.240, 0.240, 0.220, 0.240, 0.227][0.090, 0.198, 0.712]
0.228: [0.230, 0.240, 0.220, 0.240, 0.240, 0.240, 0.220, 0.240, 0.228][0.093, 0.200, 0.707]
0.2292: [0.230, 0.240, 0.220, 0.240, 0.240, 0.240, 0.220, 0.240, 0.229][0.096, 0.202, 0.702]
0.2304: [0.230, 0.240, 0.220, 0.240, 0.240, 0.240, 0.220, 0.240, 0.230][0.099, 0.204, 0.697]
0.2316: [0.230, 0.240, 0.220, 0.240, 0.240, 0.240, 0.220, 0.240, 0.232][0.102, 0.206, 0.692]
0.2328: [0.230, 0.240, 0.220, 0.240, 0.240, 0.240, 0.220, 0.240, 0.233][0.106, 0.207, 0.687]
0.234: [0.230, 0.240, 0.220, 0.240, 0.240, 0.240, 0.220, 0.240, 0.234][0.109, 0.209, 0.682]
0.2352: [0.230, 0.240, 0.220, 0.240, 0.240, 0.240, 0.220, 0.240, 0.235][0.113, 0.211, 0.676]
0.2364: [0.230, 0.240, 0.220, 0.240, 0.240, 0.240, 0.220, 0.240, 0.236][0.117, 0.213, 0.670]
0.2376: [0.230, 0.240, 0.220, 0.240, 0.240, 0.240, 0.220, 0.240, 0.238][0.121, 0.214, 0.664]
0.2388: [0.230, 0.240, 0.220, 0.240, 0.240, 0.240, 0.220, 0.240, 0.239][0.125, 0.216, 0.659]
0.24: [0.230, 0.240, 0.220, 0.240, 0.240, 0.240, 0.220, 0.240, 0.240][0.130, 0.218, 0.652]
0.2412: [0.230, 0.240, 0.220, 0.240, 0.240, 0.240, 0.220, 0.240, 0.241][0.135, 0.219, 0.646]
0.2424: [0.230, 0.240, 0.220, 0.240, 0.240, 0.240, 0.220, 0.240, 0.242][0.139, 0.221, 0.640]
0.2436: [0.230, 0.240, 0.220, 0.240, 0.240, 0.240, 0.220, 0.240, 0.244][0.145, 0.222, 0.633]
0.2448: [0.230, 0.240, 0.220, 0.240, 0.240, 0.240, 0.220, 0.240, 0.245][0.150, 0.224, 0.627]
0.246: [0.230, 0.240, 0.220, 0.240, 0.240, 0.240, 0.220, 0.240, 0.246][0.155, 0.225, 0.620]
0.2472: [0.230, 0.240, 0.220, 0.240, 0.240, 0.240, 0.220, 0.240, 0.247][0.161, 0.226, 0.613]
0.2484: [0.230, 0.240, 0.220, 0.240, 0.240, 0.240, 0.220, 0.240, 0.248][0.167, 0.227, 0.606]
0.2496: [0.230, 0.240, 0.220, 0.240, 0.240, 0.240, 0.220, 0.240, 0.250][0.173, 0.228, 0.599]
0.2508: [0.230, 0.240, 0.220, 0.240, 0.240, 0.240, 0.220, 0.240, 0.251][0.180, 0.229, 0.591]
0.252: [0.230, 0.240, 0.220, 0.240, 0.240, 0.240, 0.220, 0.240, 0.252][0.187, 0.230, 0.584]
0.2532: [0.230, 0.240, 0.220, 0.240, 0.240, 0.240, 0.220, 0.240, 0.253][0.193, 0.230, 0.576]
0.2544: [0.230, 0.240, 0.220, 0.240, 0.240, 0.240, 0.220, 0.240, 0.254][0.201, 0.231, 0.569]
0.2556: [0.230, 0.240, 0.220, 0.240, 0.240, 0.240, 0.220, 0.240, 0.256][0.208, 0.231, 0.561]
0.2568: [0.230, 0.240, 0.220, 0.240, 0.240, 0.240, 0.220, 0.240, 0.257][0.215, 0.231, 0.553]
0.258: [0.230, 0.240, 0.220, 0.240, 0.240, 0.240, 0.220, 0.240, 0.258][0.223, 0.231, 0.545]
0.2592: [0.230, 0.240, 0.220, 0.240, 0.240, 0.240, 0.220, 0.240, 0.259][0.231, 0.231, 0.538]
0.2604: [0.230, 0.240, 0.220, 0.240, 0.240, 0.240, 0.220, 0.240, 0.260][0.239, 0.231, 0.530]
0.2616: [0.230, 0.240, 0.220, 0.240, 0.240, 0.240, 0.220, 0.240, 0.262][0.248, 0.231, 0.522]
0.2628: [0.230, 0.240, 0.220, 0.240, 0.240, 0.240, 0.220, 0.240, 0.263][0.256, 0.230, 0.513]
0.264: [0.230, 0.240, 0.220, 0.240, 0.240, 0.240, 0.220, 0.240, 0.264][0.265, 0.230, 0.505]
