Loading Model: level_list/m1_100/tick_list/AGM/class/models/model.h5
history_filename: history_recent/AGM/history.json
Yesterday        : 2017-08-07: OHLCV: 67.8900, 68.2900, 66.1200, 66.9800, 89845
UberYesterday    : 2017-08-04: OHLCV: 67.8400, 68.3800, 67.3000, 67.9000, 52881
[u'67.8900', u'68.2900', u'66.1200', u'66.9800', u'89845']
[u'67.8400', u'68.3800', u'67.3000', u'67.9000', u'52881']
question_base :[67.84, 68.38, 67.3, 67.9, 67.89, 68.29, 66.12, 66.98]
60.282: [67.840, 68.380, 67.300, 67.900, 67.890, 68.290, 66.120, 66.980, 60.282][0.194, 0.197, 0.609]
60.6169: [67.840, 68.380, 67.300, 67.900, 67.890, 68.290, 66.120, 66.980, 60.617][0.194, 0.197, 0.609]
60.9518: [67.840, 68.380, 67.300, 67.900, 67.890, 68.290, 66.120, 66.980, 60.952][0.194, 0.197, 0.609]
61.2867: [67.840, 68.380, 67.300, 67.900, 67.890, 68.290, 66.120, 66.980, 61.287][0.194, 0.197, 0.609]
61.6216: [67.840, 68.380, 67.300, 67.900, 67.890, 68.290, 66.120, 66.980, 61.622][0.194, 0.197, 0.609]
61.9565: [67.840, 68.380, 67.300, 67.900, 67.890, 68.290, 66.120, 66.980, 61.956][0.194, 0.197, 0.609]
62.2914: [67.840, 68.380, 67.300, 67.900, 67.890, 68.290, 66.120, 66.980, 62.291][0.194, 0.197, 0.609]
62.6263: [67.840, 68.380, 67.300, 67.900, 67.890, 68.290, 66.120, 66.980, 62.626][0.194, 0.197, 0.609]
62.9612: [67.840, 68.380, 67.300, 67.900, 67.890, 68.290, 66.120, 66.980, 62.961][0.194, 0.197, 0.609]
63.2961: [67.840, 68.380, 67.300, 67.900, 67.890, 68.290, 66.120, 66.980, 63.296][0.194, 0.198, 0.609]
63.631: [67.840, 68.380, 67.300, 67.900, 67.890, 68.290, 66.120, 66.980, 63.631][0.194, 0.198, 0.609]
63.9659: [67.840, 68.380, 67.300, 67.900, 67.890, 68.290, 66.120, 66.980, 63.966][0.194, 0.198, 0.608]
64.3008: [67.840, 68.380, 67.300, 67.900, 67.890, 68.290, 66.120, 66.980, 64.301][0.194, 0.198, 0.608]
64.6357: [67.840, 68.380, 67.300, 67.900, 67.890, 68.290, 66.120, 66.980, 64.636][0.194, 0.199, 0.607]
64.9706: [67.840, 68.380, 67.300, 67.900, 67.890, 68.290, 66.120, 66.980, 64.971][0.194, 0.201, 0.604]
65.3055: [67.840, 68.380, 67.300, 67.900, 67.890, 68.290, 66.120, 66.980, 65.305][0.197, 0.212, 0.591]
65.6404: [67.840, 68.380, 67.300, 67.900, 67.890, 68.290, 66.120, 66.980, 65.640][0.203, 0.353, 0.443]
65.9753: [67.840, 68.380, 67.300, 67.900, 67.890, 68.290, 66.120, 66.980, 65.975][0.385, 0.372, 0.243]
66.3102: [67.840, 68.380, 67.300, 67.900, 67.890, 68.290, 66.120, 66.980, 66.310][0.343, 0.400, 0.256]
66.6451: [67.840, 68.380, 67.300, 67.900, 67.890, 68.290, 66.120, 66.980, 66.645][0.349, 0.399, 0.253]
66.98: [67.840, 68.380, 67.300, 67.900, 67.890, 68.290, 66.120, 66.980, 66.980][0.372, 0.388, 0.240]
67.3149: [67.840, 68.380, 67.300, 67.900, 67.890, 68.290, 66.120, 66.980, 67.315][0.415, 0.364, 0.220]
67.6498: [67.840, 68.380, 67.300, 67.900, 67.890, 68.290, 66.120, 66.980, 67.650][0.480, 0.325, 0.195]
67.9847: [67.840, 68.380, 67.300, 67.900, 67.890, 68.290, 66.120, 66.980, 67.985][0.560, 0.274, 0.166]
68.3196: [67.840, 68.380, 67.300, 67.900, 67.890, 68.290, 66.120, 66.980, 68.320][0.635, 0.226, 0.139]
68.6545: [67.840, 68.380, 67.300, 67.900, 67.890, 68.290, 66.120, 66.980, 68.655][0.695, 0.187, 0.117]
68.9894: [67.840, 68.380, 67.300, 67.900, 67.890, 68.290, 66.120, 66.980, 68.989][0.737, 0.161, 0.102]
69.3243: [67.840, 68.380, 67.300, 67.900, 67.890, 68.290, 66.120, 66.980, 69.324][0.765, 0.143, 0.092]
69.6592: [67.840, 68.380, 67.300, 67.900, 67.890, 68.290, 66.120, 66.980, 69.659][0.782, 0.132, 0.085]
69.9941: [67.840, 68.380, 67.300, 67.900, 67.890, 68.290, 66.120, 66.980, 69.994][0.794, 0.125, 0.081]
70.329: [67.840, 68.380, 67.300, 67.900, 67.890, 68.290, 66.120, 66.980, 70.329][0.801, 0.121, 0.079]
70.6639: [67.840, 68.380, 67.300, 67.900, 67.890, 68.290, 66.120, 66.980, 70.664][0.806, 0.118, 0.077]
70.9988: [67.840, 68.380, 67.300, 67.900, 67.890, 68.290, 66.120, 66.980, 70.999][0.808, 0.116, 0.076]
71.3337: [67.840, 68.380, 67.300, 67.900, 67.890, 68.290, 66.120, 66.980, 71.334][0.810, 0.115, 0.075]
71.6686: [67.840, 68.380, 67.300, 67.900, 67.890, 68.290, 66.120, 66.980, 71.669][0.812, 0.114, 0.075]
72.0035: [67.840, 68.380, 67.300, 67.900, 67.890, 68.290, 66.120, 66.980, 72.004][0.812, 0.113, 0.074]
72.3384: [67.840, 68.380, 67.300, 67.900, 67.890, 68.290, 66.120, 66.980, 72.338][0.813, 0.113, 0.074]
72.6733: [67.840, 68.380, 67.300, 67.900, 67.890, 68.290, 66.120, 66.980, 72.673][0.813, 0.113, 0.074]
73.0082: [67.840, 68.380, 67.300, 67.900, 67.890, 68.290, 66.120, 66.980, 73.008][0.813, 0.113, 0.074]
73.3431: [67.840, 68.380, 67.300, 67.900, 67.890, 68.290, 66.120, 66.980, 73.343][0.814, 0.113, 0.074]
