Loading Model: level_list/m1_100/tick_list/APOG/class/models/model.h5
history_filename: history_recent/APOG/history.json
Yesterday        : 2017-08-07: OHLCV: 52.2500, 53.1000, 52.0000, 52.4100, 139855
UberYesterday    : 2017-08-04: OHLCV: 52.2000, 52.5100, 51.6800, 52.3100, 82955
[u'52.2500', u'53.1000', u'52.0000', u'52.4100', u'139855']
[u'52.2000', u'52.5100', u'51.6800', u'52.3100', u'82955']
question_base :[52.2, 52.51, 51.68, 52.31, 52.25, 53.1, 52.0, 52.41]
47.169: [52.200, 52.510, 51.680, 52.310, 52.250, 53.100, 52.000, 52.410, 47.169][0.011, 0.006, 0.983]
47.43105: [52.200, 52.510, 51.680, 52.310, 52.250, 53.100, 52.000, 52.410, 47.431][0.011, 0.006, 0.983]
47.6931: [52.200, 52.510, 51.680, 52.310, 52.250, 53.100, 52.000, 52.410, 47.693][0.011, 0.006, 0.983]
47.95515: [52.200, 52.510, 51.680, 52.310, 52.250, 53.100, 52.000, 52.410, 47.955][0.011, 0.006, 0.983]
48.2172: [52.200, 52.510, 51.680, 52.310, 52.250, 53.100, 52.000, 52.410, 48.217][0.011, 0.006, 0.982]
48.47925: [52.200, 52.510, 51.680, 52.310, 52.250, 53.100, 52.000, 52.410, 48.479][0.012, 0.007, 0.982]
48.7413: [52.200, 52.510, 51.680, 52.310, 52.250, 53.100, 52.000, 52.410, 48.741][0.012, 0.007, 0.981]
49.00335: [52.200, 52.510, 51.680, 52.310, 52.250, 53.100, 52.000, 52.410, 49.003][0.013, 0.007, 0.980]
49.2654: [52.200, 52.510, 51.680, 52.310, 52.250, 53.100, 52.000, 52.410, 49.265][0.014, 0.008, 0.978]
49.52745: [52.200, 52.510, 51.680, 52.310, 52.250, 53.100, 52.000, 52.410, 49.527][0.016, 0.011, 0.973]
49.7895: [52.200, 52.510, 51.680, 52.310, 52.250, 53.100, 52.000, 52.410, 49.790][0.022, 0.016, 0.962]
50.05155: [52.200, 52.510, 51.680, 52.310, 52.250, 53.100, 52.000, 52.410, 50.052][0.040, 0.037, 0.923]
50.3136: [52.200, 52.510, 51.680, 52.310, 52.250, 53.100, 52.000, 52.410, 50.314][0.107, 0.150, 0.742]
50.57565: [52.200, 52.510, 51.680, 52.310, 52.250, 53.100, 52.000, 52.410, 50.576][0.220, 0.434, 0.346]
50.8377: [52.200, 52.510, 51.680, 52.310, 52.250, 53.100, 52.000, 52.410, 50.838][0.396, 0.449, 0.155]
51.09975: [52.200, 52.510, 51.680, 52.310, 52.250, 53.100, 52.000, 52.410, 51.100][0.524, 0.374, 0.102]
51.3618: [52.200, 52.510, 51.680, 52.310, 52.250, 53.100, 52.000, 52.410, 51.362][0.552, 0.355, 0.092]
51.62385: [52.200, 52.510, 51.680, 52.310, 52.250, 53.100, 52.000, 52.410, 51.624][0.558, 0.351, 0.090]
51.8859: [52.200, 52.510, 51.680, 52.310, 52.250, 53.100, 52.000, 52.410, 51.886][0.560, 0.350, 0.090]
52.14795: [52.200, 52.510, 51.680, 52.310, 52.250, 53.100, 52.000, 52.410, 52.148][0.561, 0.350, 0.090]
52.41: [52.200, 52.510, 51.680, 52.310, 52.250, 53.100, 52.000, 52.410, 52.410][0.561, 0.350, 0.090]
52.67205: [52.200, 52.510, 51.680, 52.310, 52.250, 53.100, 52.000, 52.410, 52.672][0.561, 0.350, 0.089]
52.9341: [52.200, 52.510, 51.680, 52.310, 52.250, 53.100, 52.000, 52.410, 52.934][0.561, 0.349, 0.089]
53.19615: [52.200, 52.510, 51.680, 52.310, 52.250, 53.100, 52.000, 52.410, 53.196][0.561, 0.349, 0.089]
53.4582: [52.200, 52.510, 51.680, 52.310, 52.250, 53.100, 52.000, 52.410, 53.458][0.561, 0.349, 0.089]
53.72025: [52.200, 52.510, 51.680, 52.310, 52.250, 53.100, 52.000, 52.410, 53.720][0.561, 0.349, 0.089]
53.9823: [52.200, 52.510, 51.680, 52.310, 52.250, 53.100, 52.000, 52.410, 53.982][0.561, 0.349, 0.089]
54.24435: [52.200, 52.510, 51.680, 52.310, 52.250, 53.100, 52.000, 52.410, 54.244][0.561, 0.349, 0.089]
54.5064: [52.200, 52.510, 51.680, 52.310, 52.250, 53.100, 52.000, 52.410, 54.506][0.561, 0.349, 0.089]
54.76845: [52.200, 52.510, 51.680, 52.310, 52.250, 53.100, 52.000, 52.410, 54.768][0.561, 0.349, 0.089]
55.0305: [52.200, 52.510, 51.680, 52.310, 52.250, 53.100, 52.000, 52.410, 55.031][0.561, 0.349, 0.089]
55.29255: [52.200, 52.510, 51.680, 52.310, 52.250, 53.100, 52.000, 52.410, 55.293][0.561, 0.349, 0.089]
55.5546: [52.200, 52.510, 51.680, 52.310, 52.250, 53.100, 52.000, 52.410, 55.555][0.561, 0.349, 0.089]
55.81665: [52.200, 52.510, 51.680, 52.310, 52.250, 53.100, 52.000, 52.410, 55.817][0.561, 0.349, 0.089]
56.0787: [52.200, 52.510, 51.680, 52.310, 52.250, 53.100, 52.000, 52.410, 56.079][0.561, 0.349, 0.089]
56.34075: [52.200, 52.510, 51.680, 52.310, 52.250, 53.100, 52.000, 52.410, 56.341][0.561, 0.349, 0.089]
56.6028: [52.200, 52.510, 51.680, 52.310, 52.250, 53.100, 52.000, 52.410, 56.603][0.561, 0.349, 0.089]
56.86485: [52.200, 52.510, 51.680, 52.310, 52.250, 53.100, 52.000, 52.410, 56.865][0.561, 0.349, 0.089]
57.1269: [52.200, 52.510, 51.680, 52.310, 52.250, 53.100, 52.000, 52.410, 57.127][0.561, 0.349, 0.089]
57.38895: [52.200, 52.510, 51.680, 52.310, 52.250, 53.100, 52.000, 52.410, 57.389][0.561, 0.349, 0.089]
