Loading Model: level_list/m1_100/tick_list/ATW/class/models/model.h5
history_filename: history_recent/ATW/history.json
Yesterday        : 2017-08-07: OHLCV: 7.5800, 7.6500, 6.8700, 7.0800, 6349713
UberYesterday    : 2017-08-04: OHLCV: 7.8900, 7.9900, 7.6200, 7.6500, 3834732
[u'7.5800', u'7.6500', u'6.8700', u'7.0800', u'6349713']
[u'7.8900', u'7.9900', u'7.6200', u'7.6500', u'3834732']
question_base :[7.89, 7.99, 7.62, 7.65, 7.58, 7.65, 6.87, 7.08]
6.372: [7.890, 7.990, 7.620, 7.650, 7.580, 7.650, 6.870, 7.080, 6.372][0.059, 0.125, 0.816]
6.4074: [7.890, 7.990, 7.620, 7.650, 7.580, 7.650, 6.870, 7.080, 6.407][0.059, 0.125, 0.816]
6.4428: [7.890, 7.990, 7.620, 7.650, 7.580, 7.650, 6.870, 7.080, 6.443][0.059, 0.125, 0.815]
6.4782: [7.890, 7.990, 7.620, 7.650, 7.580, 7.650, 6.870, 7.080, 6.478][0.059, 0.126, 0.815]
6.5136: [7.890, 7.990, 7.620, 7.650, 7.580, 7.650, 6.870, 7.080, 6.514][0.060, 0.126, 0.814]
6.549: [7.890, 7.990, 7.620, 7.650, 7.580, 7.650, 6.870, 7.080, 6.549][0.060, 0.127, 0.813]
6.5844: [7.890, 7.990, 7.620, 7.650, 7.580, 7.650, 6.870, 7.080, 6.584][0.060, 0.127, 0.813]
6.6198: [7.890, 7.990, 7.620, 7.650, 7.580, 7.650, 6.870, 7.080, 6.620][0.060, 0.128, 0.812]
6.6552: [7.890, 7.990, 7.620, 7.650, 7.580, 7.650, 6.870, 7.080, 6.655][0.060, 0.129, 0.811]
6.6906: [7.890, 7.990, 7.620, 7.650, 7.580, 7.650, 6.870, 7.080, 6.691][0.061, 0.129, 0.810]
6.726: [7.890, 7.990, 7.620, 7.650, 7.580, 7.650, 6.870, 7.080, 6.726][0.061, 0.130, 0.809]
6.7614: [7.890, 7.990, 7.620, 7.650, 7.580, 7.650, 6.870, 7.080, 6.761][0.061, 0.131, 0.808]
6.7968: [7.890, 7.990, 7.620, 7.650, 7.580, 7.650, 6.870, 7.080, 6.797][0.062, 0.132, 0.806]
6.8322: [7.890, 7.990, 7.620, 7.650, 7.580, 7.650, 6.870, 7.080, 6.832][0.062, 0.133, 0.805]
6.8676: [7.890, 7.990, 7.620, 7.650, 7.580, 7.650, 6.870, 7.080, 6.868][0.063, 0.134, 0.803]
6.903: [7.890, 7.990, 7.620, 7.650, 7.580, 7.650, 6.870, 7.080, 6.903][0.063, 0.135, 0.801]
6.9384: [7.890, 7.990, 7.620, 7.650, 7.580, 7.650, 6.870, 7.080, 6.938][0.064, 0.137, 0.800]
6.9738: [7.890, 7.990, 7.620, 7.650, 7.580, 7.650, 6.870, 7.080, 6.974][0.065, 0.138, 0.797]
7.0092: [7.890, 7.990, 7.620, 7.650, 7.580, 7.650, 6.870, 7.080, 7.009][0.065, 0.140, 0.795]
7.0446: [7.890, 7.990, 7.620, 7.650, 7.580, 7.650, 6.870, 7.080, 7.045][0.066, 0.142, 0.792]
7.08: [7.890, 7.990, 7.620, 7.650, 7.580, 7.650, 6.870, 7.080, 7.080][0.067, 0.144, 0.789]
7.1154: [7.890, 7.990, 7.620, 7.650, 7.580, 7.650, 6.870, 7.080, 7.115][0.068, 0.146, 0.786]
7.1508: [7.890, 7.990, 7.620, 7.650, 7.580, 7.650, 6.870, 7.080, 7.151][0.069, 0.149, 0.782]
7.1862: [7.890, 7.990, 7.620, 7.650, 7.580, 7.650, 6.870, 7.080, 7.186][0.070, 0.151, 0.778]
7.2216: [7.890, 7.990, 7.620, 7.650, 7.580, 7.650, 6.870, 7.080, 7.222][0.072, 0.155, 0.773]
7.257: [7.890, 7.990, 7.620, 7.650, 7.580, 7.650, 6.870, 7.080, 7.257][0.074, 0.158, 0.768]
7.2924: [7.890, 7.990, 7.620, 7.650, 7.580, 7.650, 6.870, 7.080, 7.292][0.075, 0.162, 0.763]
7.3278: [7.890, 7.990, 7.620, 7.650, 7.580, 7.650, 6.870, 7.080, 7.328][0.077, 0.166, 0.757]
7.3632: [7.890, 7.990, 7.620, 7.650, 7.580, 7.650, 6.870, 7.080, 7.363][0.080, 0.170, 0.750]
7.3986: [7.890, 7.990, 7.620, 7.650, 7.580, 7.650, 6.870, 7.080, 7.399][0.082, 0.175, 0.743]
7.434: [7.890, 7.990, 7.620, 7.650, 7.580, 7.650, 6.870, 7.080, 7.434][0.085, 0.180, 0.734]
7.4694: [7.890, 7.990, 7.620, 7.650, 7.580, 7.650, 6.870, 7.080, 7.469][0.089, 0.186, 0.725]
7.5048: [7.890, 7.990, 7.620, 7.650, 7.580, 7.650, 6.870, 7.080, 7.505][0.092, 0.192, 0.715]
7.5402: [7.890, 7.990, 7.620, 7.650, 7.580, 7.650, 6.870, 7.080, 7.540][0.096, 0.199, 0.705]
7.5756: [7.890, 7.990, 7.620, 7.650, 7.580, 7.650, 6.870, 7.080, 7.576][0.101, 0.205, 0.693]
7.611: [7.890, 7.990, 7.620, 7.650, 7.580, 7.650, 6.870, 7.080, 7.611][0.107, 0.212, 0.681]
7.6464: [7.890, 7.990, 7.620, 7.650, 7.580, 7.650, 6.870, 7.080, 7.646][0.113, 0.220, 0.668]
7.6818: [7.890, 7.990, 7.620, 7.650, 7.580, 7.650, 6.870, 7.080, 7.682][0.120, 0.226, 0.654]
7.7172: [7.890, 7.990, 7.620, 7.650, 7.580, 7.650, 6.870, 7.080, 7.717][0.128, 0.233, 0.639]
7.7526: [7.890, 7.990, 7.620, 7.650, 7.580, 7.650, 6.870, 7.080, 7.753][0.136, 0.239, 0.624]
