Loading Model: level_list/m1_100/tick_list/DXPE/class/models/model.h5
history_filename: history_recent/DXPE/history.json
Yesterday        : 2017-08-07: OHLCV: 28.2900, 28.8500, 27.8900, 28.6500, 210380
UberYesterday    : 2017-08-04: OHLCV: 27.9500, 28.8900, 27.7800, 28.3300, 120500
[u'28.2900', u'28.8500', u'27.8900', u'28.6500', u'210380']
[u'27.9500', u'28.8900', u'27.7800', u'28.3300', u'120500']
question_base :[27.95, 28.89, 27.78, 28.33, 28.29, 28.85, 27.89, 28.65]
25.785: [27.950, 28.890, 27.780, 28.330, 28.290, 28.850, 27.890, 28.650, 25.785][0.076, 0.630, 0.294]
25.92825: [27.950, 28.890, 27.780, 28.330, 28.290, 28.850, 27.890, 28.650, 25.928][0.076, 0.628, 0.296]
26.0715: [27.950, 28.890, 27.780, 28.330, 28.290, 28.850, 27.890, 28.650, 26.071][0.076, 0.626, 0.298]
26.21475: [27.950, 28.890, 27.780, 28.330, 28.290, 28.850, 27.890, 28.650, 26.215][0.076, 0.623, 0.300]
26.358: [27.950, 28.890, 27.780, 28.330, 28.290, 28.850, 27.890, 28.650, 26.358][0.077, 0.621, 0.303]
26.50125: [27.950, 28.890, 27.780, 28.330, 28.290, 28.850, 27.890, 28.650, 26.501][0.077, 0.618, 0.306]
26.6445: [27.950, 28.890, 27.780, 28.330, 28.290, 28.850, 27.890, 28.650, 26.644][0.077, 0.615, 0.309]
26.78775: [27.950, 28.890, 27.780, 28.330, 28.290, 28.850, 27.890, 28.650, 26.788][0.077, 0.611, 0.312]
26.931: [27.950, 28.890, 27.780, 28.330, 28.290, 28.850, 27.890, 28.650, 26.931][0.077, 0.608, 0.315]
27.07425: [27.950, 28.890, 27.780, 28.330, 28.290, 28.850, 27.890, 28.650, 27.074][0.077, 0.604, 0.318]
27.2175: [27.950, 28.890, 27.780, 28.330, 28.290, 28.850, 27.890, 28.650, 27.217][0.078, 0.600, 0.322]
27.36075: [27.950, 28.890, 27.780, 28.330, 28.290, 28.850, 27.890, 28.650, 27.361][0.078, 0.596, 0.326]
27.504: [27.950, 28.890, 27.780, 28.330, 28.290, 28.850, 27.890, 28.650, 27.504][0.078, 0.592, 0.330]
27.64725: [27.950, 28.890, 27.780, 28.330, 28.290, 28.850, 27.890, 28.650, 27.647][0.078, 0.588, 0.334]
27.7905: [27.950, 28.890, 27.780, 28.330, 28.290, 28.850, 27.890, 28.650, 27.790][0.079, 0.583, 0.338]
27.93375: [27.950, 28.890, 27.780, 28.330, 28.290, 28.850, 27.890, 28.650, 27.934][0.079, 0.579, 0.343]
28.077: [27.950, 28.890, 27.780, 28.330, 28.290, 28.850, 27.890, 28.650, 28.077][0.079, 0.574, 0.347]
28.22025: [27.950, 28.890, 27.780, 28.330, 28.290, 28.850, 27.890, 28.650, 28.220][0.079, 0.569, 0.352]
28.3635: [27.950, 28.890, 27.780, 28.330, 28.290, 28.850, 27.890, 28.650, 28.363][0.080, 0.564, 0.357]
28.50675: [27.950, 28.890, 27.780, 28.330, 28.290, 28.850, 27.890, 28.650, 28.507][0.080, 0.558, 0.362]
28.65: [27.950, 28.890, 27.780, 28.330, 28.290, 28.850, 27.890, 28.650, 28.650][0.080, 0.553, 0.367]
28.79325: [27.950, 28.890, 27.780, 28.330, 28.290, 28.850, 27.890, 28.650, 28.793][0.080, 0.547, 0.373]
28.9365: [27.950, 28.890, 27.780, 28.330, 28.290, 28.850, 27.890, 28.650, 28.936][0.081, 0.541, 0.378]
29.07975: [27.950, 28.890, 27.780, 28.330, 28.290, 28.850, 27.890, 28.650, 29.080][0.081, 0.535, 0.384]
29.223: [27.950, 28.890, 27.780, 28.330, 28.290, 28.850, 27.890, 28.650, 29.223][0.081, 0.529, 0.390]
29.36625: [27.950, 28.890, 27.780, 28.330, 28.290, 28.850, 27.890, 28.650, 29.366][0.081, 0.523, 0.396]
29.5095: [27.950, 28.890, 27.780, 28.330, 28.290, 28.850, 27.890, 28.650, 29.509][0.082, 0.517, 0.402]
29.65275: [27.950, 28.890, 27.780, 28.330, 28.290, 28.850, 27.890, 28.650, 29.653][0.082, 0.510, 0.408]
29.796: [27.950, 28.890, 27.780, 28.330, 28.290, 28.850, 27.890, 28.650, 29.796][0.082, 0.504, 0.414]
29.93925: [27.950, 28.890, 27.780, 28.330, 28.290, 28.850, 27.890, 28.650, 29.939][0.082, 0.497, 0.421]
30.0825: [27.950, 28.890, 27.780, 28.330, 28.290, 28.850, 27.890, 28.650, 30.082][0.083, 0.491, 0.427]
30.22575: [27.950, 28.890, 27.780, 28.330, 28.290, 28.850, 27.890, 28.650, 30.226][0.083, 0.484, 0.433]
30.369: [27.950, 28.890, 27.780, 28.330, 28.290, 28.850, 27.890, 28.650, 30.369][0.083, 0.477, 0.439]
30.51225: [27.950, 28.890, 27.780, 28.330, 28.290, 28.850, 27.890, 28.650, 30.512][0.084, 0.471, 0.445]
30.6555: [27.950, 28.890, 27.780, 28.330, 28.290, 28.850, 27.890, 28.650, 30.655][0.084, 0.465, 0.451]
30.79875: [27.950, 28.890, 27.780, 28.330, 28.290, 28.850, 27.890, 28.650, 30.799][0.084, 0.459, 0.457]
30.942: [27.950, 28.890, 27.780, 28.330, 28.290, 28.850, 27.890, 28.650, 30.942][0.085, 0.453, 0.462]
31.08525: [27.950, 28.890, 27.780, 28.330, 28.290, 28.850, 27.890, 28.650, 31.085][0.085, 0.447, 0.467]
31.2285: [27.950, 28.890, 27.780, 28.330, 28.290, 28.850, 27.890, 28.650, 31.228][0.086, 0.442, 0.472]
31.37175: [27.950, 28.890, 27.780, 28.330, 28.290, 28.850, 27.890, 28.650, 31.372][0.087, 0.438, 0.476]
31.515: [27.950, 28.890, 27.780, 28.330, 28.290, 28.850, 27.890, 28.650, 31.515][0.087, 0.434, 0.479]
