Loading Model: level_list/m1_100/tick_list/INSY/class/models/model.h5
history_filename: history_recent/INSY/history.json
Yesterday        : 2017-08-07: OHLCV: 10.0300, 10.1800, 9.8900, 9.9700, 791548
UberYesterday    : 2017-08-04: OHLCV: 10.1200, 10.2700, 9.9600, 10.0000, 725850
[u'10.0300', u'10.1800', u'9.8900', u'9.9700', u'791548']
[u'10.1200', u'10.2700', u'9.9600', u'10.0000', u'725850']
question_base :[10.12, 10.27, 9.96, 10.0, 10.03, 10.18, 9.89, 9.97]
8.973: [10.120, 10.270, 9.960, 10.000, 10.030, 10.180, 9.890, 9.970, 8.973][0.333, 0.400, 0.267]
9.02285: [10.120, 10.270, 9.960, 10.000, 10.030, 10.180, 9.890, 9.970, 9.023][0.333, 0.400, 0.267]
9.0727: [10.120, 10.270, 9.960, 10.000, 10.030, 10.180, 9.890, 9.970, 9.073][0.333, 0.400, 0.267]
9.12255: [10.120, 10.270, 9.960, 10.000, 10.030, 10.180, 9.890, 9.970, 9.123][0.333, 0.400, 0.267]
9.1724: [10.120, 10.270, 9.960, 10.000, 10.030, 10.180, 9.890, 9.970, 9.172][0.333, 0.400, 0.267]
9.22225: [10.120, 10.270, 9.960, 10.000, 10.030, 10.180, 9.890, 9.970, 9.222][0.333, 0.400, 0.267]
9.2721: [10.120, 10.270, 9.960, 10.000, 10.030, 10.180, 9.890, 9.970, 9.272][0.333, 0.400, 0.267]
9.32195: [10.120, 10.270, 9.960, 10.000, 10.030, 10.180, 9.890, 9.970, 9.322][0.333, 0.400, 0.267]
9.3718: [10.120, 10.270, 9.960, 10.000, 10.030, 10.180, 9.890, 9.970, 9.372][0.333, 0.400, 0.267]
9.42165: [10.120, 10.270, 9.960, 10.000, 10.030, 10.180, 9.890, 9.970, 9.422][0.333, 0.400, 0.267]
9.4715: [10.120, 10.270, 9.960, 10.000, 10.030, 10.180, 9.890, 9.970, 9.471][0.333, 0.400, 0.267]
9.52135: [10.120, 10.270, 9.960, 10.000, 10.030, 10.180, 9.890, 9.970, 9.521][0.333, 0.400, 0.267]
9.5712: [10.120, 10.270, 9.960, 10.000, 10.030, 10.180, 9.890, 9.970, 9.571][0.333, 0.400, 0.267]
9.62105: [10.120, 10.270, 9.960, 10.000, 10.030, 10.180, 9.890, 9.970, 9.621][0.333, 0.400, 0.267]
9.6709: [10.120, 10.270, 9.960, 10.000, 10.030, 10.180, 9.890, 9.970, 9.671][0.333, 0.400, 0.267]
9.72075: [10.120, 10.270, 9.960, 10.000, 10.030, 10.180, 9.890, 9.970, 9.721][0.333, 0.400, 0.267]
9.7706: [10.120, 10.270, 9.960, 10.000, 10.030, 10.180, 9.890, 9.970, 9.771][0.333, 0.400, 0.267]
9.82045: [10.120, 10.270, 9.960, 10.000, 10.030, 10.180, 9.890, 9.970, 9.820][0.333, 0.400, 0.267]
9.8703: [10.120, 10.270, 9.960, 10.000, 10.030, 10.180, 9.890, 9.970, 9.870][0.333, 0.400, 0.267]
9.92015: [10.120, 10.270, 9.960, 10.000, 10.030, 10.180, 9.890, 9.970, 9.920][0.333, 0.400, 0.267]
9.97: [10.120, 10.270, 9.960, 10.000, 10.030, 10.180, 9.890, 9.970, 9.970][0.333, 0.400, 0.267]
10.01985: [10.120, 10.270, 9.960, 10.000, 10.030, 10.180, 9.890, 9.970, 10.020][0.333, 0.400, 0.267]
10.0697: [10.120, 10.270, 9.960, 10.000, 10.030, 10.180, 9.890, 9.970, 10.070][0.333, 0.400, 0.267]
10.11955: [10.120, 10.270, 9.960, 10.000, 10.030, 10.180, 9.890, 9.970, 10.120][0.333, 0.400, 0.267]
10.1694: [10.120, 10.270, 9.960, 10.000, 10.030, 10.180, 9.890, 9.970, 10.169][0.333, 0.400, 0.267]
10.21925: [10.120, 10.270, 9.960, 10.000, 10.030, 10.180, 9.890, 9.970, 10.219][0.333, 0.400, 0.267]
10.2691: [10.120, 10.270, 9.960, 10.000, 10.030, 10.180, 9.890, 9.970, 10.269][0.333, 0.400, 0.267]
10.31895: [10.120, 10.270, 9.960, 10.000, 10.030, 10.180, 9.890, 9.970, 10.319][0.333, 0.400, 0.267]
10.3688: [10.120, 10.270, 9.960, 10.000, 10.030, 10.180, 9.890, 9.970, 10.369][0.333, 0.400, 0.267]
10.41865: [10.120, 10.270, 9.960, 10.000, 10.030, 10.180, 9.890, 9.970, 10.419][0.333, 0.400, 0.267]
10.4685: [10.120, 10.270, 9.960, 10.000, 10.030, 10.180, 9.890, 9.970, 10.468][0.333, 0.400, 0.267]
10.51835: [10.120, 10.270, 9.960, 10.000, 10.030, 10.180, 9.890, 9.970, 10.518][0.333, 0.400, 0.267]
10.5682: [10.120, 10.270, 9.960, 10.000, 10.030, 10.180, 9.890, 9.970, 10.568][0.333, 0.400, 0.267]
10.61805: [10.120, 10.270, 9.960, 10.000, 10.030, 10.180, 9.890, 9.970, 10.618][0.333, 0.400, 0.267]
10.6679: [10.120, 10.270, 9.960, 10.000, 10.030, 10.180, 9.890, 9.970, 10.668][0.333, 0.400, 0.267]
10.71775: [10.120, 10.270, 9.960, 10.000, 10.030, 10.180, 9.890, 9.970, 10.718][0.333, 0.400, 0.267]
10.7676: [10.120, 10.270, 9.960, 10.000, 10.030, 10.180, 9.890, 9.970, 10.768][0.333, 0.400, 0.267]
10.81745: [10.120, 10.270, 9.960, 10.000, 10.030, 10.180, 9.890, 9.970, 10.817][0.333, 0.400, 0.267]
10.8673: [10.120, 10.270, 9.960, 10.000, 10.030, 10.180, 9.890, 9.970, 10.867][0.333, 0.400, 0.267]
10.91715: [10.120, 10.270, 9.960, 10.000, 10.030, 10.180, 9.890, 9.970, 10.917][0.333, 0.400, 0.267]
10.967: [10.120, 10.270, 9.960, 10.000, 10.030, 10.180, 9.890, 9.970, 10.967][0.333, 0.400, 0.267]
