[[ 22.   0.  16.]
 [ 24.   0.   8.]
 [ 20.   0.  10.]]
cf_score, -4.0
nv_score, -30.0
ratio, 0.323232323232
[[  3.  15.  13.]
 [  5.  22.  11.]
 [  2.  14.  15.]]
cf_score, 25.0
nv_score, -22.0
ratio, 0.40404040404
[[  8.  13.   9.]
 [  6.  16.  10.]
 [  9.  17.  12.]]
cf_score, 18.0
nv_score, -16.0
ratio, 0.363636363636
[[ 13.  17.   5.]
 [ 18.  14.   2.]
 [ 11.  16.   4.]]
cf_score, 15.0
nv_score, -8.0
ratio, 0.313131313131
[[ 11.  17.   0.]
 [ 14.  20.   0.]
 [ 20.  18.   0.]]
cf_score, 11.0
nv_score, 0.0
ratio, 0.313131313131
[[ 15.  15.   0.]
 [ 10.  21.   0.]
 [ 16.  23.   0.]]
cf_score, 20.0
nv_score, 0.0
ratio, 0.363636363636
[[ 16.   6.   0.]
 [ 16.  22.   0.]
 [ 16.  24.   0.]]
cf_score, 22.0
nv_score, 0.0
ratio, 0.383838383838
[[ 16.  21.   0.]
 [  4.  19.   0.]
 [ 14.  26.   0.]]
cf_score, 21.0
nv_score, 0.0
ratio, 0.353535353535
[[ 17.  14.   0.]
 [ 12.  22.   0.]
 [ 17.  18.   0.]]
cf_score, 22.0
nv_score, 0.0
ratio, 0.393939393939
[[ 19.  10.   0.]
 [ 11.  22.   0.]
 [ 22.  16.   0.]]
cf_score, 19.0
nv_score, 0.0
ratio, 0.414141414141
[[ 15.  15.   0.]
 [  6.  27.   5.]
 [ 13.  18.   1.]]
cf_score, 30.0
nv_score, -4.0
ratio, 0.434343434343
[[ 21.  11.   0.]
 [  8.  23.   0.]
 [ 14.  23.   0.]]
cf_score, 30.0
nv_score, 0.0
ratio, 0.444444444444
[[ 16.  15.   0.]
 [  6.  23.   0.]
 [ 19.  21.   0.]]
cf_score, 20.0
nv_score, 0.0
ratio, 0.393939393939
[[ 11.   7.   7.]
 [  5.  22.   6.]
 [ 13.  19.  10.]]
cf_score, 23.0
nv_score, -10.0
ratio, 0.434343434343
[[  7.  14.   7.]
 [  6.  33.   5.]
 [  7.  15.   6.]]
cf_score, 32.0
nv_score, -13.0
ratio, 0.464646464646
[[ 12.   6.   9.]
 [  2.  23.   9.]
 [ 11.  19.   9.]]
cf_score, 24.0
nv_score, -18.0
ratio, 0.444444444444
[[ 12.  15.   7.]
 [  3.   9.   8.]
 [ 15.  24.   7.]]
cf_score, 6.0
nv_score, -15.0
ratio, 0.282828282828
[[  5.  13.  11.]
 [  6.  24.   9.]
 [  2.  22.   8.]]
cf_score, 24.0
nv_score, -23.0
ratio, 0.373737373737
[[  6.  12.  12.]
 [  3.  20.  11.]
 [  6.  19.  11.]]
cf_score, 19.0
nv_score, -24.0
ratio, 0.373737373737
[[  9.  11.  11.]
 [  3.  16.  12.]
 [  5.  23.  10.]]
cf_score, 19.0
nv_score, -24.0
ratio, 0.353535353535
[[  7.  11.  14.]
 [  5.  19.   9.]
 [  7.  18.  10.]]
cf_score, 15.0
nv_score, -27.0
ratio, 0.363636363636
[[  8.  10.  11.]
 [  2.  23.   7.]
 [  6.  19.  14.]]
cf_score, 28.0
nv_score, -15.0
ratio, 0.454545454545
[[  8.  11.  11.]
 [  0.  21.   8.]
 [  4.  29.   8.]]
cf_score, 22.0
nv_score, -22.0
ratio, 0.373737373737
[[  8.  12.  14.]
 [  3.  18.   9.]
 [  4.  19.  13.]]
cf_score, 21.0
nv_score, -24.0
ratio, 0.393939393939
[[  6.  17.  12.]
 [  1.  21.   8.]
 [  7.  17.  11.]]
cf_score, 19.0
nv_score, -21.0
ratio, 0.383838383838
[[  8.  12.  14.]
 [  3.  23.  15.]
 [  8.  12.   5.]]
cf_score, 14.0
nv_score, -38.0
ratio, 0.363636363636
[[  9.  10.  11.]
 [  2.  14.  16.]
 [  5.  14.  19.]]
cf_score, 26.0
nv_score, -19.0
ratio, 0.424242424242
[[  7.  14.  12.]
 [  1.  29.   7.]
 [  4.  16.  10.]]
cf_score, 30.0
nv_score, -21.0
ratio, 0.464646464646
[[  4.  12.   9.]
 [  4.  32.  10.]
 [  4.  11.  14.]]
cf_score, 37.0
nv_score, -14.0
ratio, 0.505050505051
[[  5.  10.  14.]
 [  2.  25.   5.]
 [  2.  28.   9.]]
cf_score, 23.0
nv_score, -24.0
ratio, 0.393939393939
[[  7.   9.  13.]
 [  0.  23.   5.]
 [  4.  30.   9.]]
cf_score, 22.0
nv_score, -22.0
ratio, 0.393939393939
[[  6.  13.  11.]
 [  2.  22.  12.]
 [  5.  15.  14.]]
cf_score, 26.0
nv_score, -20.0
ratio, 0.424242424242
[[  7.  10.  11.]
 [  1.  28.   7.]
 [  3.  20.  13.]]
cf_score, 34.0
nv_score, -16.0
ratio, 0.484848484848
[[  5.  18.   3.]
 [  0.  26.   6.]
 [  6.  24.  12.]]
cf_score, 34.0
nv_score, 0.0
ratio, 0.434343434343
[[  3.  14.  14.]
 [  2.  25.   7.]
 [  4.  18.  13.]]
cf_score, 23.0
nv_score, -22.0
ratio, 0.414141414141
[[  5.  15.  13.]
 [  1.  23.  11.]
 [  4.  15.  13.]]
cf_score, 24.0
nv_score, -24.0
ratio, 0.414141414141
[[  7.  10.   8.]
 [  1.  26.   8.]
 [  5.  19.  16.]]
cf_score, 36.0
nv_score, -8.0
ratio, 0.494949494949
[[ 10.  15.  10.]
 [  3.  14.   8.]
 [  8.  21.  11.]]
cf_score, 17.0
nv_score, -17.0
ratio, 0.353535353535
[[  8.   6.   7.]
 [  2.  24.  13.]
 [  5.  22.  13.]]
cf_score, 33.0
nv_score, -14.0
ratio, 0.454545454545
[[  4.   9.  12.]
 [  2.  23.   6.]
 [  4.  23.  17.]]
cf_score, 28.0
nv_score, -13.0
ratio, 0.444444444444
[[  4.   8.  12.]
 [  5.  15.  12.]
 [  3.  24.  17.]]
cf_score, 21.0
nv_score, -19.0
ratio, 0.363636363636
[[  4.   7.  12.]
 [  1.  25.  15.]
 [  4.  19.  13.]]
cf_score, 26.0
nv_score, -26.0
ratio, 0.424242424242
[[  1.  16.  11.]
 [  1.  25.   6.]
 [  5.  19.  16.]]
cf_score, 26.0
nv_score, -12.0
ratio, 0.424242424242
[[  5.  10.  16.]
 [  3.  21.  11.]
 [  5.  14.  15.]]
cf_score, 20.0
nv_score, -28.0
ratio, 0.414141414141
[[  4.   9.  17.]
 [  2.  19.   9.]
 [  8.  19.  13.]]
cf_score, 11.0
nv_score, -30.0
ratio, 0.363636363636
[[  5.  15.  17.]
 [  2.  23.  10.]
 [  5.  13.  10.]]
cf_score, 16.0
nv_score, -34.0
ratio, 0.383838383838
[[  5.  11.  11.]
 [  2.  24.  10.]
 [  5.  20.  12.]]
cf_score, 25.0
nv_score, -20.0
ratio, 0.414141414141
[[  8.  16.  17.]
 [  1.  19.  13.]
 [  2.  11.  13.]]
cf_score, 21.0
nv_score, -34.0
ratio, 0.40404040404
[[  8.  14.  14.]
 [  1.  23.   9.]
 [  6.  20.   5.]]
cf_score, 16.0
nv_score, -32.0
ratio, 0.363636363636
[[  3.  10.  13.]
 [  4.  20.   7.]
 [  5.  21.  17.]]
cf_score, 22.0
nv_score, -16.0
ratio, 0.40404040404
