[[  0.  27.  11.]
 [  0.  15.  13.]
 [  0.  22.  12.]]
cf_score, 16.0
nv_score, -23.0
ratio, 0.272727272727
[[  0.  23.  11.]
 [  0.  21.   7.]
 [  0.  14.  24.]]
cf_score, 34.0
nv_score, -5.0
ratio, 0.454545454545
[[  2.  25.   8.]
 [  1.  29.   6.]
 [  0.  21.   8.]]
cf_score, 31.0
nv_score, -14.0
ratio, 0.393939393939
[[  0.  24.  10.]
 [  2.  27.   4.]
 [  4.  16.  13.]]
cf_score, 26.0
nv_score, -11.0
ratio, 0.40404040404
[[  2.  29.  12.]
 [  0.  20.   5.]
 [  2.  17.  13.]]
cf_score, 21.0
nv_score, -16.0
ratio, 0.353535353535
[[  0.  31.   8.]
 [  2.  23.   2.]
 [  4.  17.  13.]]
cf_score, 24.0
nv_score, -5.0
ratio, 0.363636363636
[[  0.  26.   5.]
 [  1.  24.   8.]
 [  0.  23.  13.]]
cf_score, 32.0
nv_score, -5.0
ratio, 0.373737373737
[[  0.  33.  13.]
 [  0.  14.   8.]
 [  3.  12.  17.]]
cf_score, 15.0
nv_score, -17.0
ratio, 0.313131313131
[[  0.  30.  14.]
 [  5.  28.   6.]
 [  0.   8.   9.]]
cf_score, 23.0
nv_score, -25.0
ratio, 0.373737373737
[[  0.  24.   5.]
 [  3.  14.  11.]
 [  3.  19.  21.]]
cf_score, 27.0
nv_score, 0.0
ratio, 0.353535353535
[[  0.  23.  13.]
 [  0.  23.   8.]
 [  2.  12.  19.]]
cf_score, 27.0
nv_score, -15.0
ratio, 0.424242424242
[[  2.  25.   7.]
 [  0.  27.   5.]
 [  1.  23.  10.]]
cf_score, 31.0
nv_score, -9.0
ratio, 0.393939393939
[[  0.  31.  12.]
 [  3.  21.   8.]
 [  3.  10.  12.]]
cf_score, 18.0
nv_score, -20.0
ratio, 0.333333333333
[[  0.  23.  10.]
 [  0.  23.   7.]
 [  2.  25.  10.]]
cf_score, 21.0
nv_score, -17.0
ratio, 0.333333333333
[[  0.  31.   9.]
 [  0.  24.   4.]
 [  2.  12.  18.]]
cf_score, 31.0
nv_score, -4.0
ratio, 0.424242424242
[[  0.  21.  10.]
 [  0.  24.   7.]
 [  2.  16.  20.]]
cf_score, 32.0
nv_score, -7.0
ratio, 0.444444444444
[[  0.  29.   8.]
 [  1.  18.   9.]
 [  2.  17.  16.]]
cf_score, 24.0
nv_score, -9.0
ratio, 0.343434343434
[[  0.  27.  13.]
 [  1.  21.  12.]
 [  2.  11.  13.]]
cf_score, 19.0
nv_score, -25.0
ratio, 0.343434343434
[[  4.  22.   8.]
 [  5.  12.   8.]
 [  5.  16.  20.]]
cf_score, 23.0
nv_score, -4.0
ratio, 0.363636363636
[[  1.  20.  11.]
 [  0.  23.  10.]
 [  3.  17.  15.]]
cf_score, 25.0
nv_score, -17.0
ratio, 0.393939393939
[[  0.  18.  11.]
 [  0.  27.   8.]
 [  0.  18.  18.]]
cf_score, 34.0
nv_score, -12.0
ratio, 0.454545454545
[[  1.  26.   5.]
 [  0.  25.   7.]
 [  3.  18.  15.]]
cf_score, 33.0
nv_score, -2.0
ratio, 0.414141414141
[[  0.  16.   8.]
 [  0.  36.   7.]
 [  0.  15.  18.]]
cf_score, 46.0
nv_score, -5.0
ratio, 0.545454545455
[[  6.  20.  12.]
 [  4.  16.   6.]
 [  0.  15.  21.]]
cf_score, 31.0
nv_score, -9.0
ratio, 0.434343434343
[[  9.  19.   8.]
 [  2.  26.   4.]
 [  6.  10.  16.]]
cf_score, 37.0
nv_score, -4.0
ratio, 0.515151515152
[[ 15.  12.   7.]
 [ 12.  17.   4.]
 [ 13.   8.  12.]]
cf_score, 24.0
nv_score, -6.0
ratio, 0.444444444444
[[ 17.  12.   3.]
 [  8.  16.   8.]
 [ 10.  17.   9.]]
cf_score, 29.0
nv_score, -5.0
ratio, 0.424242424242
[[ 13.  19.   9.]
 [  8.  13.   5.]
 [  9.  13.  11.]]
cf_score, 19.0
nv_score, -12.0
ratio, 0.373737373737
[[ 18.   9.   9.]
 [  6.  21.   6.]
 [  8.   6.  17.]]
cf_score, 39.0
nv_score, -7.0
ratio, 0.565656565657
[[ 16.  13.  10.]
 [  7.  15.   5.]
 [  8.  11.  15.]]
cf_score, 28.0
nv_score, -10.0
ratio, 0.464646464646
[[ 21.  13.   7.]
 [  9.  17.   2.]
 [  8.  10.  13.]]
cf_score, 36.0
nv_score, -3.0
ratio, 0.515151515152
[[ 21.   6.   2.]
 [ 12.  14.   6.]
 [ 10.  14.  15.]]
cf_score, 38.0
nv_score, 5.0
ratio, 0.505050505051
[[ 14.  12.  11.]
 [  7.  28.   8.]
 [  6.   6.   8.]]
cf_score, 33.0
nv_score, -22.0
ratio, 0.505050505051
[[ 16.   8.   4.]
 [ 16.  20.   8.]
 [  6.   7.  15.]]
cf_score, 41.0
nv_score, -1.0
ratio, 0.515151515152
[[ 17.  16.  10.]
 [  7.  12.   2.]
 [ 10.  13.  13.]]
cf_score, 22.0
nv_score, -9.0
ratio, 0.424242424242
[[  9.  15.   2.]
 [  2.  24.   2.]
 [  4.  22.  20.]]
cf_score, 47.0
nv_score, 14.0
ratio, 0.535353535354
[[ 16.  13.   5.]
 [  9.  19.   4.]
 [  9.  12.  13.]]
cf_score, 34.0
nv_score, -1.0
ratio, 0.484848484848
[[ 20.  10.   5.]
 [  6.  23.   7.]
 [  8.  15.   6.]]
cf_score, 36.0
nv_score, -11.0
ratio, 0.494949494949
[[ 17.  11.   5.]
 [ 10.  20.   2.]
 [ 12.  12.  11.]]
cf_score, 31.0
nv_score, -1.0
ratio, 0.484848484848
[[ 21.   7.   6.]
 [  6.  22.   5.]
 [  7.  11.  15.]]
cf_score, 45.0
nv_score, -2.0
ratio, 0.585858585859
[[ 14.  13.   5.]
 [  7.  21.   4.]
 [  6.  13.  17.]]
cf_score, 41.0
nv_score, 3.0
ratio, 0.525252525253
[[ 19.  14.   3.]
 [  5.  26.   6.]
 [  4.   9.  14.]]
cf_score, 52.0
nv_score, 2.0
ratio, 0.59595959596
[[ 17.  17.   3.]
 [  8.  19.   6.]
 [  6.   6.  18.]]
cf_score, 45.0
nv_score, 6.0
ratio, 0.545454545455
[[ 16.   9.   7.]
 [  7.  17.   6.]
 [  8.  13.  17.]]
cf_score, 35.0
nv_score, -3.0
ratio, 0.505050505051
[[ 16.  14.   5.]
 [  2.  18.   5.]
 [  4.  10.  26.]]
cf_score, 51.0
nv_score, 11.0
ratio, 0.606060606061
[[ 14.  18.   5.]
 [  5.  20.   8.]
 [  7.  10.  13.]]
cf_score, 35.0
nv_score, -5.0
ratio, 0.474747474747
[[ 15.  15.   4.]
 [  6.  25.   4.]
 [  2.  14.  15.]]
cf_score, 49.0
nv_score, 3.0
ratio, 0.555555555556
[[ 18.  11.   7.]
 [  4.  15.   4.]
 [ 12.  12.  17.]]
cf_score, 31.0
nv_score, -1.0
ratio, 0.505050505051
[[ 16.   7.   4.]
 [  7.  19.  10.]
 [ 10.  12.  15.]]
cf_score, 36.0
nv_score, -3.0
ratio, 0.505050505051
[[ 16.  13.   3.]
 [  8.  18.   8.]
 [  9.   7.  18.]]
cf_score, 40.0
nv_score, 4.0
ratio, 0.525252525253
