[[  0.  33.   0.]
 [  0.  25.   0.]
 [  0.  42.   0.]]
cf_score, 25.0
ratio, 0.252525252525
[[  0.   0.  40.]
 [  0.   0.  37.]
 [  0.   0.  23.]]
cf_score, -17.0
ratio, 0.232323232323
[[ 38.   0.   0.]
 [ 36.   0.   0.]
 [ 26.   0.   0.]]
cf_score, 12.0
ratio, 0.383838383838
[[ 31.   0.   0.]
 [ 39.   0.   0.]
 [ 30.   0.   0.]]
cf_score, 1.0
ratio, 0.313131313131
[[  0.  43.   0.]
 [  0.  36.   0.]
 [  0.  21.   0.]]
cf_score, 36.0
ratio, 0.363636363636
[[  0.  34.   0.]
 [  0.  32.   0.]
 [  0.  34.   0.]]
cf_score, 32.0
ratio, 0.323232323232
[[ 35.   0.   0.]
 [ 36.   0.   0.]
 [ 29.   0.   0.]]
cf_score, 6.0
ratio, 0.353535353535
[[  0.   0.  35.]
 [  0.   0.  33.]
 [  0.   0.  32.]]
cf_score, -3.0
ratio, 0.323232323232
[[ 38.   0.   0.]
 [ 41.   0.   0.]
 [ 21.   0.   0.]]
cf_score, 17.0
ratio, 0.383838383838
[[  0.   0.  44.]
 [  0.   0.  28.]
 [  0.   0.  28.]]
cf_score, -16.0
ratio, 0.282828282828
[[  0.   0.  39.]
 [  0.   0.  38.]
 [  0.   0.  23.]]
cf_score, -16.0
ratio, 0.232323232323
[[ 31.   0.   0.]
 [ 41.   0.   0.]
 [ 28.   0.   0.]]
cf_score, 3.0
ratio, 0.313131313131
[[  0.   0.  34.]
 [  0.   0.  35.]
 [  0.   0.  31.]]
cf_score, -3.0
ratio, 0.313131313131
[[ 32.   0.   0.]
 [ 41.   0.   0.]
 [ 27.   0.   0.]]
cf_score, 5.0
ratio, 0.323232323232
[[  0.   0.  39.]
 [  0.   0.  32.]
 [  0.   0.  29.]]
cf_score, -10.0
ratio, 0.292929292929
[[  0.   0.  37.]
 [  0.   0.  33.]
 [  0.   0.  30.]]
cf_score, -7.0
ratio, 0.30303030303
[[  0.   0.  38.]
 [  0.   0.  33.]
 [  0.   0.  29.]]
cf_score, -9.0
ratio, 0.292929292929
[[  0.   0.  33.]
 [  0.   0.  27.]
 [  0.   0.  40.]]
cf_score, 7.0
ratio, 0.40404040404
[[  0.   0.  34.]
 [  0.   0.  34.]
 [  0.   0.  32.]]
cf_score, -2.0
ratio, 0.323232323232
[[  0.   0.  48.]
 [  0.   0.  21.]
 [  0.   0.  31.]]
cf_score, -17.0
ratio, 0.313131313131
[[  0.   0.  42.]
 [  0.   0.  28.]
 [  0.   0.  30.]]
cf_score, -12.0
ratio, 0.30303030303
[[  0.   0.  43.]
 [  0.   0.  28.]
 [  0.   0.  29.]]
cf_score, -14.0
ratio, 0.292929292929
[[  0.   0.  31.]
 [  0.   0.  38.]
 [  0.   0.  31.]]
cf_score, 0.0
ratio, 0.313131313131
[[  0.   0.  31.]
 [  0.   0.  37.]
 [  0.   0.  32.]]
cf_score, 1.0
ratio, 0.323232323232
[[  0.   0.  35.]
 [  0.   0.  28.]
 [  0.   0.  37.]]
cf_score, 2.0
ratio, 0.373737373737
[[  0.   0.  35.]
 [  0.   0.  35.]
 [  0.   0.  30.]]
cf_score, -5.0
ratio, 0.30303030303
[[ 43.   0.   0.]
 [ 26.   0.   0.]
 [ 31.   0.   0.]]
cf_score, 12.0
ratio, 0.434343434343
[[  0.   0.  32.]
 [  0.   0.  38.]
 [  0.   0.  30.]]
cf_score, -2.0
ratio, 0.30303030303
[[  0.  41.   0.]
 [  0.  28.   0.]
 [  0.  31.   0.]]
cf_score, 28.0
ratio, 0.282828282828
[[  0.  35.   0.]
 [  0.  34.   0.]
 [  0.  31.   0.]]
cf_score, 34.0
ratio, 0.343434343434
[[  0.   0.  39.]
 [  0.   0.  32.]
 [  0.   0.  29.]]
cf_score, -10.0
ratio, 0.292929292929
[[  0.   0.  29.]
 [  0.   0.  39.]
 [  0.   0.  32.]]
cf_score, 3.0
ratio, 0.323232323232
[[ 36.   0.   0.]
 [ 30.   0.   0.]
 [ 34.   0.   0.]]
cf_score, 2.0
ratio, 0.363636363636
[[  0.   0.  36.]
 [  0.   0.  32.]
 [  0.   0.  32.]]
cf_score, -4.0
ratio, 0.323232323232
[[  0.  30.   0.]
 [  0.  29.   0.]
 [  0.  41.   0.]]
cf_score, 29.0
ratio, 0.292929292929
[[  0.  37.   0.]
 [  0.  32.   0.]
 [  0.  31.   0.]]
cf_score, 32.0
ratio, 0.323232323232
[[  0.   0.  36.]
 [  0.   0.  34.]
 [  0.   0.  30.]]
cf_score, -6.0
ratio, 0.30303030303
[[  0.  31.   0.]
 [  0.  30.   0.]
 [  0.  39.   0.]]
cf_score, 30.0
ratio, 0.30303030303
[[  0.   0.  40.]
 [  0.   0.  31.]
 [  0.   0.  29.]]
cf_score, -11.0
ratio, 0.292929292929
[[  0.   0.  27.]
 [  0.   0.  33.]
 [  0.   0.  40.]]
cf_score, 13.0
ratio, 0.40404040404
[[  0.   0.  39.]
 [  0.   0.  31.]
 [  0.   0.  30.]]
cf_score, -9.0
ratio, 0.30303030303
[[  0.   0.  39.]
 [  0.   0.  32.]
 [  0.   0.  29.]]
cf_score, -10.0
ratio, 0.292929292929
[[  0.  36.   0.]
 [  0.  35.   0.]
 [  0.  29.   0.]]
cf_score, 35.0
ratio, 0.353535353535
[[  0.  40.   0.]
 [  0.  33.   0.]
 [  0.  27.   0.]]
cf_score, 33.0
ratio, 0.333333333333
[[  0.   0.  29.]
 [  0.   0.  27.]
 [  0.   0.  44.]]
cf_score, 15.0
ratio, 0.444444444444
[[  0.  32.   0.]
 [  0.  32.   0.]
 [  0.  36.   0.]]
cf_score, 32.0
ratio, 0.323232323232
[[  0.   0.  40.]
 [  0.   0.  34.]
 [  0.   0.  26.]]
cf_score, -14.0
ratio, 0.262626262626
[[  0.   0.  31.]
 [  0.   0.  31.]
 [  0.   0.  38.]]
cf_score, 7.0
ratio, 0.383838383838
[[  0.   0.  39.]
 [  0.   0.  29.]
 [  0.   0.  32.]]
cf_score, -7.0
ratio, 0.323232323232
[[  0.   0.  37.]
 [  0.   0.  35.]
 [  0.   0.  28.]]
cf_score, -9.0
ratio, 0.282828282828
[[  0.   0.  35.]
 [  0.   0.  35.]
 [  0.   0.  30.]]
cf_score, -5.0
ratio, 0.30303030303
[[  0.  31.   0.]
 [  0.  31.   0.]
 [  0.  38.   0.]]
cf_score, 31.0
ratio, 0.313131313131
[[  0.   0.  49.]
 [  0.   0.  27.]
 [  0.   0.  24.]]
cf_score, -25.0
ratio, 0.242424242424
[[  0.   0.  39.]
 [  0.   0.  31.]
 [  0.   0.  30.]]
cf_score, -9.0
ratio, 0.30303030303
[[  0.   0.  39.]
 [  0.   0.  36.]
 [  0.   0.  25.]]
cf_score, -14.0
ratio, 0.252525252525
[[  0.   0.  32.]
 [  0.   0.  34.]
 [  0.   0.  34.]]
cf_score, 2.0
ratio, 0.343434343434
[[  0.   0.  33.]
 [  0.   0.  36.]
 [  0.   0.  31.]]
cf_score, -2.0
ratio, 0.313131313131
[[  0.  35.   0.]
 [  0.  34.   0.]
 [  0.  31.   0.]]
cf_score, 34.0
ratio, 0.343434343434
[[  0.   0.  43.]
 [  0.   0.  23.]
 [  0.   0.  34.]]
cf_score, -9.0
ratio, 0.343434343434
[[  0.   0.  38.]
 [  0.   0.  37.]
 [  0.   0.  25.]]
cf_score, -13.0
ratio, 0.252525252525
[[  0.   0.  34.]
 [  0.   0.  33.]
 [  0.   0.  33.]]
cf_score, -1.0
ratio, 0.333333333333
[[  0.   0.  41.]
 [  0.   0.  30.]
 [  0.   0.  29.]]
cf_score, -12.0
ratio, 0.292929292929
[[  0.   0.  38.]
 [  0.   0.  29.]
 [  0.   0.  33.]]
cf_score, -5.0
ratio, 0.333333333333
[[  0.  38.   0.]
 [  0.  36.   0.]
 [  0.  26.   0.]]
cf_score, 36.0
ratio, 0.363636363636
[[  0.  46.   0.]
 [  0.  27.   0.]
 [  0.  27.   0.]]
cf_score, 27.0
ratio, 0.272727272727
[[ 35.   0.   0.]
 [ 22.   0.   0.]
 [ 43.   0.   0.]]
cf_score, -8.0
ratio, 0.353535353535
[[ 40.   0.   0.]
 [ 36.   0.   0.]
 [ 24.   0.   0.]]
cf_score, 16.0
ratio, 0.40404040404
[[  0.   0.  39.]
 [  0.   0.  33.]
 [  0.   0.  28.]]
cf_score, -11.0
ratio, 0.282828282828
[[  0.  34.   0.]
 [  0.  36.   0.]
 [  0.  30.   0.]]
cf_score, 36.0
ratio, 0.363636363636
[[  0.  41.   0.]
 [  0.  31.   0.]
 [  0.  28.   0.]]
cf_score, 31.0
ratio, 0.313131313131
[[  0.  34.   0.]
 [  0.  36.   0.]
 [  0.  30.   0.]]
cf_score, 36.0
ratio, 0.363636363636
[[  0.  20.   0.]
 [  0.  42.   0.]
 [  0.  38.   0.]]
cf_score, 42.0
ratio, 0.424242424242
[[  0.   0.  32.]
 [  0.   0.  30.]
 [  0.   0.  38.]]
cf_score, 6.0
ratio, 0.383838383838
[[  0.  44.   0.]
 [  0.  34.   0.]
 [  0.  22.   0.]]
cf_score, 34.0
ratio, 0.343434343434
[[  0.  30.   0.]
 [  0.  39.   0.]
 [  0.  31.   0.]]
cf_score, 39.0
ratio, 0.393939393939
[[  0.   0.  32.]
 [  0.   0.  37.]
 [  0.   0.  31.]]
cf_score, -1.0
ratio, 0.313131313131
[[  0.  33.   0.]
 [  0.  45.   0.]
 [  0.  22.   0.]]
cf_score, 45.0
ratio, 0.454545454545
[[  0.  39.   0.]
 [  0.  32.   0.]
 [  0.  29.   0.]]
cf_score, 32.0
ratio, 0.323232323232
[[  0.   0.  35.]
 [  0.   0.  35.]
 [  0.   0.  30.]]
cf_score, -5.0
ratio, 0.30303030303
[[  0.   0.  43.]
 [  0.   0.  21.]
 [  0.   0.  36.]]
cf_score, -7.0
ratio, 0.363636363636
[[  0.   0.  37.]
 [  0.   0.  34.]
 [  0.   0.  29.]]
cf_score, -8.0
ratio, 0.292929292929
[[  0.   0.  40.]
 [  0.   0.  30.]
 [  0.   0.  30.]]
cf_score, -10.0
ratio, 0.30303030303
[[  0.   0.  33.]
 [  0.   0.  37.]
 [  0.   0.  30.]]
cf_score, -3.0
ratio, 0.30303030303
[[  0.   0.  38.]
 [  0.   0.  29.]
 [  0.   0.  33.]]
cf_score, -5.0
ratio, 0.333333333333
[[  0.   0.  32.]
 [  0.   0.  33.]
 [  0.   0.  35.]]
cf_score, 3.0
ratio, 0.353535353535
[[  0.  36.   0.]
 [  0.  33.   0.]
 [  0.  31.   0.]]
cf_score, 33.0
ratio, 0.333333333333
[[  0.   0.  33.]
 [  0.   0.  35.]
 [  0.   0.  32.]]
cf_score, -1.0
ratio, 0.323232323232
[[  0.   0.  39.]
 [  0.   0.  28.]
 [  0.   0.  33.]]
cf_score, -6.0
ratio, 0.333333333333
[[  0.   0.  32.]
 [  0.   0.  41.]
 [  0.   0.  27.]]
cf_score, -5.0
ratio, 0.272727272727
[[  0.   0.  32.]
 [  0.   0.  30.]
 [  0.   0.  38.]]
cf_score, 6.0
ratio, 0.383838383838
[[  0.   0.  37.]
 [  0.   0.  38.]
 [  0.   0.  25.]]
cf_score, -12.0
ratio, 0.252525252525
[[ 35.   0.   0.]
 [ 35.   0.   0.]
 [ 30.   0.   0.]]
cf_score, 5.0
ratio, 0.353535353535
[[  0.   0.  36.]
 [  0.   0.  29.]
 [  0.   0.  35.]]
cf_score, -1.0
ratio, 0.353535353535
[[  0.  34.   0.]
 [  0.  38.   0.]
 [  0.  28.   0.]]
cf_score, 38.0
ratio, 0.383838383838
[[  0.  41.   0.]
 [  0.  32.   0.]
 [  0.  27.   0.]]
cf_score, 32.0
ratio, 0.323232323232
[[  0.   0.  37.]
 [  0.   0.  36.]
 [  0.   0.  27.]]
cf_score, -10.0
ratio, 0.272727272727
[[  0.  39.   0.]
 [  0.  35.   0.]
 [  0.  26.   0.]]
cf_score, 35.0
ratio, 0.353535353535
[[  0.   0.  32.]
 [  0.   0.  34.]
 [  0.   0.  34.]]
cf_score, 2.0
ratio, 0.343434343434
[[  0.   0.  41.]
 [  0.   0.  28.]
 [  0.   0.  31.]]
cf_score, -10.0
ratio, 0.313131313131
[[  0.  31.   0.]
 [  0.  34.   0.]
 [  0.  35.   0.]]
cf_score, 34.0
ratio, 0.343434343434
