[[  0.  41.   0.]
 [  0.  59.   0.]
 [  0.   0.   0.]]
cf_score, 59.0
nv_score, 0.0
ratio, 0.59595959596
[[  0.  27.   0.]
 [  0.  73.   0.]
 [  0.   0.   0.]]
cf_score, 73.0
nv_score, 0.0
ratio, 0.737373737374
[[  0.  34.   0.]
 [  0.  66.   0.]
 [  0.   0.   0.]]
cf_score, 66.0
nv_score, 0.0
ratio, 0.666666666667
[[ 29.   9.   0.]
 [ 18.  44.   0.]
 [  0.   0.   0.]]
cf_score, 73.0
nv_score, 0.0
ratio, 0.737373737374
[[ 23.   9.   0.]
 [ 20.  48.   0.]
 [  0.   0.   0.]]
cf_score, 71.0
nv_score, 0.0
ratio, 0.717171717172
[[ 26.   6.   0.]
 [ 14.  54.   0.]
 [  0.   0.   0.]]
cf_score, 80.0
nv_score, 0.0
ratio, 0.808080808081
[[ 30.  12.   0.]
 [ 12.  46.   0.]
 [  0.   0.   0.]]
cf_score, 76.0
nv_score, 0.0
ratio, 0.767676767677
[[ 26.   6.   0.]
 [ 16.  52.   0.]
 [  0.   0.   0.]]
cf_score, 78.0
nv_score, 0.0
ratio, 0.787878787879
[[ 28.   7.   0.]
 [ 15.  50.   0.]
 [  0.   0.   0.]]
cf_score, 78.0
nv_score, 0.0
ratio, 0.787878787879
[[ 33.  12.   0.]
 [ 11.  44.   0.]
 [  0.   0.   0.]]
cf_score, 77.0
nv_score, 0.0
ratio, 0.777777777778
[[ 24.   5.   0.]
 [ 12.  59.   0.]
 [  0.   0.   0.]]
cf_score, 83.0
nv_score, 0.0
ratio, 0.838383838384
[[ 29.  10.   0.]
 [ 16.  45.   0.]
 [  0.   0.   0.]]
cf_score, 74.0
nv_score, 0.0
ratio, 0.747474747475
[[ 25.  10.   0.]
 [ 19.  46.   0.]
 [  0.   0.   0.]]
cf_score, 71.0
nv_score, 0.0
ratio, 0.717171717172
[[ 35.   5.   0.]
 [ 12.  48.   0.]
 [  0.   0.   0.]]
cf_score, 83.0
nv_score, 0.0
ratio, 0.838383838384
[[ 30.   2.   0.]
 [ 15.  53.   0.]
 [  0.   0.   0.]]
cf_score, 83.0
nv_score, 0.0
ratio, 0.838383838384
[[ 31.   5.   0.]
 [ 19.  45.   0.]
 [  0.   0.   0.]]
cf_score, 76.0
nv_score, 0.0
ratio, 0.767676767677
[[ 32.   6.   0.]
 [ 11.  51.   0.]
 [  0.   0.   0.]]
cf_score, 83.0
nv_score, 0.0
ratio, 0.838383838384
[[ 24.  12.   0.]
 [ 11.  53.   0.]
 [  0.   0.   0.]]
cf_score, 77.0
nv_score, 0.0
ratio, 0.777777777778
[[ 31.   5.   0.]
 [ 13.  51.   0.]
 [  0.   0.   0.]]
cf_score, 82.0
nv_score, 0.0
ratio, 0.828282828283
[[ 28.   5.   0.]
 [ 23.  44.   0.]
 [  0.   0.   0.]]
cf_score, 72.0
nv_score, 0.0
ratio, 0.727272727273
[[ 31.   6.   0.]
 [ 14.  49.   0.]
 [  0.   0.   0.]]
cf_score, 80.0
nv_score, 0.0
ratio, 0.808080808081
[[ 31.   6.   0.]
 [ 16.  47.   0.]
 [  0.   0.   0.]]
cf_score, 78.0
nv_score, 0.0
ratio, 0.787878787879
[[ 30.   6.   0.]
 [ 17.  47.   0.]
 [  0.   0.   0.]]
cf_score, 77.0
nv_score, 0.0
ratio, 0.777777777778
[[ 29.   2.   0.]
 [ 22.  47.   0.]
 [  0.   0.   0.]]
cf_score, 76.0
nv_score, 0.0
ratio, 0.767676767677
[[ 25.  11.   0.]
 [ 15.  49.   0.]
 [  0.   0.   0.]]
cf_score, 74.0
nv_score, 0.0
ratio, 0.747474747475
[[ 25.  12.   0.]
 [ 13.  50.   0.]
 [  0.   0.   0.]]
cf_score, 75.0
nv_score, 0.0
ratio, 0.757575757576
[[ 24.   9.   0.]
 [ 17.  50.   0.]
 [  0.   0.   0.]]
cf_score, 74.0
nv_score, 0.0
ratio, 0.747474747475
[[ 28.  10.   0.]
 [ 22.  40.   0.]
 [  0.   0.   0.]]
cf_score, 68.0
nv_score, 0.0
ratio, 0.686868686869
[[ 35.   5.   0.]
 [ 18.  42.   0.]
 [  0.   0.   0.]]
cf_score, 77.0
nv_score, 0.0
ratio, 0.777777777778
[[ 27.   7.   0.]
 [ 13.  53.   0.]
 [  0.   0.   0.]]
cf_score, 80.0
nv_score, 0.0
ratio, 0.808080808081
[[ 35.   8.   0.]
 [  9.  48.   0.]
 [  0.   0.   0.]]
cf_score, 83.0
nv_score, 0.0
ratio, 0.838383838384
[[ 25.   7.   0.]
 [ 17.  51.   0.]
 [  0.   0.   0.]]
cf_score, 76.0
nv_score, 0.0
ratio, 0.767676767677
[[ 25.  11.   0.]
 [ 19.  45.   0.]
 [  0.   0.   0.]]
cf_score, 70.0
nv_score, 0.0
ratio, 0.707070707071
[[ 33.   6.   0.]
 [ 15.  46.   0.]
 [  0.   0.   0.]]
cf_score, 79.0
nv_score, 0.0
ratio, 0.79797979798
[[ 30.  12.   0.]
 [ 13.  45.   0.]
 [  0.   0.   0.]]
cf_score, 75.0
nv_score, 0.0
ratio, 0.757575757576
[[ 34.   7.   0.]
 [ 15.  44.   0.]
 [  0.   0.   0.]]
cf_score, 78.0
nv_score, 0.0
ratio, 0.787878787879
[[ 39.   9.   0.]
 [ 18.  34.   0.]
 [  0.   0.   0.]]
cf_score, 73.0
nv_score, 0.0
ratio, 0.737373737374
[[ 28.   5.   0.]
 [ 16.  51.   0.]
 [  0.   0.   0.]]
cf_score, 79.0
nv_score, 0.0
ratio, 0.79797979798
[[ 36.   4.   0.]
 [ 12.  48.   0.]
 [  0.   0.   0.]]
cf_score, 84.0
nv_score, 0.0
ratio, 0.848484848485
[[ 25.  11.   0.]
 [ 23.  41.   0.]
 [  0.   0.   0.]]
cf_score, 66.0
nv_score, 0.0
ratio, 0.666666666667
[[ 33.   7.   0.]
 [ 15.  45.   0.]
 [  0.   0.   0.]]
cf_score, 78.0
nv_score, 0.0
ratio, 0.787878787879
[[ 28.   7.   0.]
 [ 16.  49.   0.]
 [  0.   0.   0.]]
cf_score, 77.0
nv_score, 0.0
ratio, 0.777777777778
[[ 35.   6.   0.]
 [ 19.  40.   0.]
 [  0.   0.   0.]]
cf_score, 75.0
nv_score, 0.0
ratio, 0.757575757576
[[ 24.   7.   0.]
 [ 12.  57.   0.]
 [  0.   0.   0.]]
cf_score, 81.0
nv_score, 0.0
ratio, 0.818181818182
[[ 32.   9.   0.]
 [ 16.  43.   0.]
 [  0.   0.   0.]]
cf_score, 75.0
nv_score, 0.0
ratio, 0.757575757576
[[ 31.  12.   0.]
 [ 17.  40.   0.]
 [  0.   0.   0.]]
cf_score, 71.0
nv_score, 0.0
ratio, 0.717171717172
[[ 36.   7.   0.]
 [ 19.  38.   0.]
 [  0.   0.   0.]]
cf_score, 74.0
nv_score, 0.0
ratio, 0.747474747475
[[ 28.   7.   0.]
 [  6.  59.   0.]
 [  0.   0.   0.]]
cf_score, 87.0
nv_score, 0.0
ratio, 0.878787878788
[[ 24.   6.   0.]
 [ 13.  57.   0.]
 [  0.   0.   0.]]
cf_score, 81.0
nv_score, 0.0
ratio, 0.818181818182
[[ 30.   6.   0.]
 [ 18.  46.   0.]
 [  0.   0.   0.]]
cf_score, 76.0
nv_score, 0.0
ratio, 0.767676767677
