[[ 20.  12.   0.]
 [ 14.  19.   0.]
 [ 15.  20.   0.]]
cf_score, 24.0
nv_score, 0.0
ratio, 0.393939393939
[[ 24.   7.   0.]
 [ 24.  12.   0.]
 [ 26.   7.   0.]]
cf_score, 10.0
nv_score, 0.0
ratio, 0.363636363636
[[ 15.   7.  18.]
 [  8.  13.   7.]
 [ 15.  11.   6.]]
cf_score, 1.0
nv_score, -37.0
ratio, 0.343434343434
[[  1.   6.  24.]
 [  8.  12.  16.]
 [  5.   9.  19.]]
cf_score, 3.0
nv_score, -45.0
ratio, 0.323232323232
[[  8.   7.  20.]
 [  6.   8.  19.]
 [  3.   9.  20.]]
cf_score, 13.0
nv_score, -39.0
ratio, 0.363636363636
[[  6.   8.  22.]
 [  9.  11.  10.]
 [  4.   6.  24.]]
cf_score, 15.0
nv_score, -30.0
ratio, 0.414141414141
[[  4.   7.  20.]
 [  6.  10.  11.]
 [  5.   6.  31.]]
cf_score, 20.0
nv_score, -20.0
ratio, 0.454545454545
[[  4.   7.  22.]
 [  8.  11.  13.]
 [  6.   6.  23.]]
cf_score, 10.0
nv_score, -34.0
ratio, 0.383838383838
[[  2.   8.  22.]
 [  4.   8.  17.]
 [  8.   8.  23.]]
cf_score, 3.0
nv_score, -38.0
ratio, 0.333333333333
[[  5.   3.  24.]
 [  6.  12.  14.]
 [  7.   6.  23.]]
cf_score, 9.0
nv_score, -39.0
ratio, 0.40404040404
[[  2.   8.  20.]
 [  3.  12.  22.]
 [  2.   2.  29.]]
cf_score, 21.0
nv_score, -33.0
ratio, 0.434343434343
[[  3.   4.  31.]
 [  0.  10.  18.]
 [  3.   9.  22.]]
cf_score, 1.0
nv_score, -58.0
ratio, 0.353535353535
[[  2.   6.  16.]
 [  2.  12.  26.]
 [  1.   5.  30.]]
cf_score, 27.0
nv_score, -28.0
ratio, 0.444444444444
[[  3.   3.  22.]
 [  2.   8.  18.]
 [  3.   7.  34.]]
cf_score, 20.0
nv_score, -28.0
ratio, 0.454545454545
[[  5.   7.  26.]
 [  4.  12.  12.]
 [  2.  11.  21.]]
cf_score, 10.0
nv_score, -43.0
ratio, 0.383838383838
[[ 12.  10.  14.]
 [ 15.   7.  10.]
 [ 16.   6.  10.]]
cf_score, -1.0
nv_score, -28.0
ratio, 0.292929292929
[[  8.   3.  18.]
 [  6.   9.  13.]
 [ 13.   6.  24.]]
cf_score, 10.0
nv_score, -25.0
ratio, 0.414141414141
[[ 14.   6.  15.]
 [  2.  14.   9.]
 [ 20.   5.  15.]]
cf_score, 8.0
nv_score, -24.0
ratio, 0.434343434343
[[ 14.   6.  19.]
 [  9.   8.   8.]
 [ 13.   6.  17.]]
cf_score, 7.0
nv_score, -29.0
ratio, 0.393939393939
[[ 11.   9.  10.]
 [  7.  12.  17.]
 [ 13.   8.  13.]]
cf_score, 13.0
nv_score, -24.0
ratio, 0.363636363636
[[  9.   4.  16.]
 [  9.  13.   8.]
 [ 15.   3.  23.]]
cf_score, 14.0
nv_score, -17.0
ratio, 0.454545454545
[[ 13.   5.  14.]
 [ 13.  11.  14.]
 [ 12.   3.  15.]]
cf_score, 13.0
nv_score, -27.0
ratio, 0.393939393939
[[ 12.   7.  10.]
 [  6.  15.  21.]
 [ 12.   6.  11.]]
cf_score, 16.0
nv_score, -30.0
ratio, 0.383838383838
[[ 10.   9.  13.]
 [  8.  12.  10.]
 [ 19.   7.  12.]]
cf_score, 2.0
nv_score, -24.0
ratio, 0.343434343434
[[ 10.   6.  13.]
 [ 12.  16.  12.]
 [ 14.   3.  14.]]
cf_score, 13.0
nv_score, -24.0
ratio, 0.40404040404
[[ 13.   3.  18.]
 [  8.   6.  14.]
 [ 19.   2.  17.]]
cf_score, -1.0
nv_score, -33.0
ratio, 0.363636363636
[[  7.   3.  12.]
 [ 15.  14.  13.]
 [ 10.   3.  23.]]
cf_score, 22.0
nv_score, -14.0
ratio, 0.444444444444
[[ 18.   2.  15.]
 [  9.  14.  13.]
 [ 10.   6.  13.]]
cf_score, 20.0
nv_score, -30.0
ratio, 0.454545454545
[[ 15.   8.   9.]
 [ 11.   5.  13.]
 [ 20.   6.  13.]]
cf_score, 4.0
nv_score, -18.0
ratio, 0.333333333333
[[ 14.   1.  10.]
 [ 12.  12.  13.]
 [ 18.   5.  15.]]
cf_score, 13.0
nv_score, -18.0
ratio, 0.414141414141
[[ 13.   8.  15.]
 [  8.   9.  13.]
 [ 12.   7.  15.]]
cf_score, 10.0
nv_score, -28.0
ratio, 0.373737373737
[[ 10.   3.  20.]
 [  8.  14.   9.]
 [ 20.   4.  12.]]
cf_score, -4.0
nv_score, -37.0
ratio, 0.363636363636
[[ 17.   1.  17.]
 [ 14.  14.   5.]
 [ 17.   3.  12.]]
cf_score, 9.0
nv_score, -27.0
ratio, 0.434343434343
[[ 12.   5.  12.]
 [ 12.   8.   9.]
 [ 20.   7.  15.]]
cf_score, 3.0
nv_score, -18.0
ratio, 0.353535353535
[[ 13.   9.  12.]
 [ 12.  13.  14.]
 [ 11.   3.  13.]]
cf_score, 16.0
nv_score, -25.0
ratio, 0.393939393939
[[ 11.   7.  15.]
 [ 10.  10.   6.]
 [ 19.   3.  19.]]
cf_score, 6.0
nv_score, -17.0
ratio, 0.40404040404
[[ 12.   5.  16.]
 [  8.  17.   6.]
 [ 16.   2.  18.]]
cf_score, 15.0
nv_score, -20.0
ratio, 0.474747474747
[[  8.   3.  14.]
 [ 14.   8.  12.]
 [ 17.   6.  18.]]
cf_score, 3.0
nv_score, -22.0
ratio, 0.343434343434
[[ 13.   5.  17.]
 [ 10.  10.   7.]
 [ 16.   2.  20.]]
cf_score, 10.0
nv_score, -21.0
ratio, 0.434343434343
[[ 15.   2.  16.]
 [ 12.   8.   9.]
 [ 13.   1.  24.]]
cf_score, 18.0
nv_score, -17.0
ratio, 0.474747474747
[[ 19.   1.  16.]
 [ 13.  12.   9.]
 [ 17.   4.   9.]]
cf_score, 7.0
nv_score, -32.0
ratio, 0.40404040404
[[ 12.   5.  15.]
 [ 10.  12.  12.]
 [ 10.   5.  19.]]
cf_score, 18.0
nv_score, -23.0
ratio, 0.434343434343
[[ 17.   3.  21.]
 [ 16.   6.   9.]
 [  9.   4.  15.]]
cf_score, 8.0
nv_score, -36.0
ratio, 0.383838383838
[[ 17.   4.  15.]
 [  8.  12.   7.]
 [ 11.   7.  19.]]
cf_score, 22.0
nv_score, -18.0
ratio, 0.484848484848
[[  9.  10.  11.]
 [ 17.   7.   9.]
 [ 14.   6.  17.]]
cf_score, 8.0
nv_score, -14.0
ratio, 0.333333333333
[[ 12.   4.  18.]
 [  7.  14.   5.]
 [ 17.   4.  19.]]
cf_score, 10.0
nv_score, -22.0
ratio, 0.454545454545
[[  9.   6.  14.]
 [ 10.   7.  11.]
 [ 15.   7.  21.]]
cf_score, 8.0
nv_score, -18.0
ratio, 0.373737373737
[[ 12.   8.  20.]
 [  8.   5.   6.]
 [ 20.   3.  18.]]
cf_score, -5.0
nv_score, -28.0
ratio, 0.353535353535
[[ 14.   5.  22.]
 [  5.  11.  12.]
 [ 12.   4.  15.]]
cf_score, 6.0
nv_score, -41.0
ratio, 0.40404040404
[[ 14.   6.  14.]
 [  6.  16.  13.]
 [  8.   5.  18.]]
cf_score, 26.0
nv_score, -23.0
ratio, 0.484848484848
