[[  1.  20.  16.]
 [  0.  18.  11.]
 [  0.  10.  24.]]
cf_score, 27.0
nv_score, -19.0
ratio, 0.434343434343
[[  2.  20.  12.]
 [  2.  14.   6.]
 [  5.  13.  26.]]
cf_score, 25.0
nv_score, -4.0
ratio, 0.424242424242
[[  1.  20.  13.]
 [  2.  21.   5.]
 [  2.  19.  17.]]
cf_score, 24.0
nv_score, -14.0
ratio, 0.393939393939
[[  3.  26.  11.]
 [  5.  15.   6.]
 [  4.   7.  23.]]
cf_score, 26.0
nv_score, -5.0
ratio, 0.414141414141
[[  5.  26.  11.]
 [  0.  19.   5.]
 [  3.  11.  20.]]
cf_score, 30.0
nv_score, -7.0
ratio, 0.444444444444
[[  4.  19.  10.]
 [  3.  15.   6.]
 [  2.  11.  30.]]
cf_score, 37.0
nv_score, 4.0
ratio, 0.494949494949
[[  3.  30.   9.]
 [  3.  20.   7.]
 [  2.   6.  20.]]
cf_score, 32.0
nv_score, -5.0
ratio, 0.434343434343
[[  8.  15.   6.]
 [  4.  20.   6.]
 [  2.  18.  21.]]
cf_score, 41.0
nv_score, 3.0
ratio, 0.494949494949
[[  6.  15.   6.]
 [  3.  24.   7.]
 [  3.  16.  20.]]
cf_score, 41.0
nv_score, 1.0
ratio, 0.505050505051
[[ 14.   8.   8.]
 [ 14.   7.   6.]
 [ 11.  10.  22.]]
cf_score, 24.0
nv_score, 0.0
ratio, 0.434343434343
[[ 15.  10.   3.]
 [  9.  16.   6.]
 [  6.  14.  21.]]
cf_score, 43.0
nv_score, 9.0
ratio, 0.525252525253
[[ 15.  12.   6.]
 [ 12.  20.   4.]
 [  7.   7.  17.]]
cf_score, 39.0
nv_score, 1.0
ratio, 0.525252525253
[[ 13.  13.   5.]
 [  9.  14.   9.]
 [  5.  14.  18.]]
cf_score, 35.0
nv_score, -1.0
ratio, 0.454545454545
[[ 12.  10.   8.]
 [ 10.  17.   6.]
 [  6.  10.  21.]]
cf_score, 36.0
nv_score, -1.0
ratio, 0.505050505051
[[ 18.   8.   8.]
 [ 12.  13.   3.]
 [  7.   8.  23.]]
cf_score, 39.0
nv_score, 4.0
ratio, 0.545454545455
[[ 16.   7.   6.]
 [  5.  16.   8.]
 [  9.  12.  21.]]
cf_score, 38.0
nv_score, 1.0
ratio, 0.535353535354
[[ 18.   7.   4.]
 [ 10.  15.   8.]
 [  9.  10.  19.]]
cf_score, 39.0
nv_score, 3.0
ratio, 0.525252525253
[[ 20.   4.  11.]
 [  9.  13.   9.]
 [  5.   6.  23.]]
cf_score, 40.0
nv_score, -8.0
ratio, 0.565656565657
[[ 13.  11.   6.]
 [ 11.  19.   6.]
 [  5.   8.  21.]]
cf_score, 42.0
nv_score, 3.0
ratio, 0.535353535354
[[ 23.   7.   9.]
 [  5.  13.  10.]
 [  3.   6.  24.]]
cf_score, 48.0
nv_score, -4.0
ratio, 0.606060606061
[[ 22.   6.   7.]
 [  6.  12.  12.]
 [  9.  14.  12.]]
cf_score, 30.0
nv_score, -14.0
ratio, 0.464646464646
[[ 17.   5.   8.]
 [  5.  22.   7.]
 [  3.   9.  24.]]
cf_score, 52.0
nv_score, 1.0
ratio, 0.636363636364
[[ 19.  15.   6.]
 [  2.  16.   8.]
 [  2.  14.  18.]]
cf_score, 45.0
nv_score, -2.0
ratio, 0.535353535354
[[ 17.   5.   3.]
 [ 12.  13.   9.]
 [  6.  11.  24.]]
cf_score, 45.0
nv_score, 9.0
ratio, 0.545454545455
[[ 22.   7.   5.]
 [  2.  20.   7.]
 [  5.   9.  23.]]
cf_score, 55.0
nv_score, 6.0
ratio, 0.656565656566
[[ 15.   9.   3.]
 [  6.  15.  14.]
 [  9.  11.  18.]]
cf_score, 36.0
nv_score, -2.0
ratio, 0.484848484848
[[ 13.  13.  11.]
 [ 10.   9.   7.]
 [  4.   8.  25.]]
cf_score, 32.0
nv_score, -4.0
ratio, 0.474747474747
[[ 12.   8.  12.]
 [  8.  14.   7.]
 [  4.  14.  21.]]
cf_score, 31.0
nv_score, -10.0
ratio, 0.474747474747
[[  9.   9.   7.]
 [  8.  14.   8.]
 [  7.   9.  29.]]
cf_score, 38.0
nv_score, 7.0
ratio, 0.525252525253
[[ 15.  13.   6.]
 [  7.  21.   7.]
 [  7.   7.  17.]]
cf_score, 40.0
nv_score, -2.0
ratio, 0.535353535354
[[ 18.   9.   8.]
 [ 14.  11.   3.]
 [  6.   6.  25.]]
cf_score, 40.0
nv_score, 6.0
ratio, 0.545454545455
[[ 18.   6.  13.]
 [  2.  16.   8.]
 [  4.  10.  23.]]
cf_score, 40.0
nv_score, -11.0
ratio, 0.575757575758
[[ 23.  11.   7.]
 [  5.  16.   7.]
 [  7.   9.  15.]]
cf_score, 40.0
nv_score, -6.0
ratio, 0.545454545455
[[ 17.   9.   7.]
 [  6.  13.  12.]
 [  6.   7.  23.]]
cf_score, 40.0
nv_score, -3.0
ratio, 0.535353535354
[[ 16.   5.   9.]
 [  4.  16.   9.]
 [  3.  12.  26.]]
cf_score, 46.0
nv_score, -1.0
ratio, 0.585858585859
[[  9.  16.   9.]
 [  9.  14.   4.]
 [  6.  13.  20.]]
cf_score, 28.0
nv_score, -2.0
ratio, 0.434343434343
[[ 20.   7.   7.]
 [  7.  15.   5.]
 [  3.  10.  26.]]
cf_score, 51.0
nv_score, 7.0
ratio, 0.616161616162
[[ 21.   9.  10.]
 [  6.  11.   5.]
 [  3.  16.  19.]]
cf_score, 38.0
nv_score, -6.0
ratio, 0.515151515152
[[ 23.  10.   8.]
 [  8.  16.  11.]
 [  6.   9.   9.]]
cf_score, 34.0
nv_score, -18.0
ratio, 0.484848484848
[[  6.  12.   4.]
 [ 13.  20.   6.]
 [  9.  11.  19.]]
cf_score, 32.0
nv_score, 5.0
ratio, 0.454545454545
[[ 16.   7.   7.]
 [  7.  12.   4.]
 [  5.  14.  28.]]
cf_score, 44.0
nv_score, 10.0
ratio, 0.565656565657
[[ 11.  14.   6.]
 [ 10.  18.   7.]
 [  5.   7.  22.]]
cf_score, 40.0
nv_score, 3.0
ratio, 0.515151515152
[[ 18.  11.  10.]
 [ 11.  11.   6.]
 [  6.   7.  20.]]
cf_score, 33.0
nv_score, -6.0
ratio, 0.494949494949
[[ 17.   9.   7.]
 [  7.  13.   6.]
 [  3.  11.  27.]]
cf_score, 47.0
nv_score, 7.0
ratio, 0.575757575758
[[ 17.  14.   4.]
 [  9.  12.   7.]
 [  4.  11.  22.]]
cf_score, 43.0
nv_score, 7.0
ratio, 0.515151515152
[[ 17.  10.   9.]
 [  8.  20.   8.]
 [  9.   7.  12.]]
cf_score, 31.0
nv_score, -14.0
ratio, 0.494949494949
[[ 22.   7.   9.]
 [  7.  15.   8.]
 [  8.  12.  12.]]
cf_score, 32.0
nv_score, -14.0
ratio, 0.494949494949
[[ 23.   8.   5.]
 [  5.  15.   3.]
 [  7.  14.  20.]]
cf_score, 46.0
nv_score, 7.0
ratio, 0.585858585859
[[ 15.  14.   8.]
 [  5.  11.   8.]
 [  6.   9.  24.]]
cf_score, 36.0
nv_score, 0.0
ratio, 0.505050505051
[[ 20.   7.   4.]
 [  8.  20.   8.]
 [  6.   8.  19.]]
cf_score, 49.0
nv_score, 3.0
ratio, 0.59595959596
