0.981, 0.024, 0.804, 1.075, 1.167, 0.992, 1.119, 0.998, 0.709, 
1.022, 0.012, 1.004, 0.960, 1.000, 0.962, 0.999, 0.942, 1.289, 
1.013, 0.005, 1.081, 1.072, 0.968, 0.998, 1.059, 0.860, 1.049, 
1.025, 0.005, 0.945, 0.971, 0.975, 1.016, 1.046, 1.059, 1.160, 
0.929, 0.004, 0.852, 0.968, 0.884, 1.009, 1.010, 0.938, 0.845, 
0.967, 0.004, 0.895, 0.978, 0.991, 0.921, 1.088, 0.895, 1.001, 
1.025, 0.008, 1.059, 0.940, 0.980, 1.023, 1.123, 0.894, 1.157, 
0.950, 0.002, 0.909, 0.861, 1.007, 0.976, 0.998, 0.924, 0.971, 
1.002, 0.012, 1.175, 0.788, 1.048, 1.054, 0.950, 1.014, 0.983, 
1.307, 0.400, 1.057, 1.138, 0.975, 1.163, 1.032, 0.936, 2.846, 
1.003, 0.002, 1.014, 0.915, 0.971, 1.022, 1.057, 1.041, 
1.026, 0.009, 1.144, 0.897, 1.023, 1.114, 0.917, 1.063, 
