0.969, 0.009, 0.949, 1.049, 1.111, 0.844, 0.900, 1.043, 0.887, 
1.063, 0.004, 1.076, 1.031, 1.195, 0.960, 1.054, 1.091, 1.034, 
1.052, 0.004, 1.130, 0.994, 1.140, 1.016, 1.025, 0.964, 1.095, 
1.015, 0.006, 1.125, 0.999, 0.968, 1.017, 1.094, 1.021, 0.878, 
1.014, 0.002, 0.953, 0.978, 0.987, 1.026, 1.065, 1.026, 1.065, 
0.843, 0.082, 0.960, 0.975, 0.999, 0.891, 0.147, 0.964, 0.966, 
1.060, 0.004, 1.001, 1.169, 1.026, 1.106, 1.044, 0.974, 1.099, 
1.015, 0.004, 0.936, 0.990, 1.105, 1.086, 1.051, 0.925, 1.013, 
1.027, 0.004, 1.160, 1.004, 1.003, 0.986, 0.985, 0.988, 1.063, 
1.037, 0.003, 1.065, 1.039, 0.910, 1.076, 1.074, 1.084, 1.008, 
1.010, 0.002, 1.033, 0.954, 0.994, 1.046, 1.095, 0.979, 0.972, 
0.978, 0.004, 1.029, 1.072, 0.886, 1.001, 0.966, 0.913, 
