0.954, 0.016, 0.971, 1.009, 1.076, 1.075, 0.874, 0.990, 0.683, 
1.078, 0.009, 1.042, 1.003, 1.135, 0.968, 1.086, 1.038, 1.273, 
1.065, 0.002, 1.140, 1.019, 1.045, 1.099, 1.072, 1.045, 1.036, 
1.045, 0.005, 1.141, 0.908, 1.041, 1.102, 1.092, 1.025, 1.005, 
0.974, 0.004, 0.857, 0.969, 0.957, 1.043, 1.063, 1.010, 0.923, 
0.981, 0.012, 0.820, 1.141, 0.849, 0.976, 1.064, 1.062, 0.954, 
1.110, 0.009, 1.245, 1.145, 1.110, 1.188, 0.990, 0.958, 1.136, 
0.958, 0.005, 0.891, 0.874, 1.069, 1.021, 1.014, 0.921, 0.916, 
1.017, 0.007, 1.157, 0.910, 1.019, 1.089, 0.909, 1.012, 1.021, 
1.019, 0.007, 1.034, 1.129, 1.100, 0.881, 1.075, 0.992, 0.925, 
1.041, 0.003, 1.091, 1.048, 0.951, 1.082, 1.089, 0.959, 1.071, 
1.047, 0.006, 1.164, 1.111, 1.034, 1.044, 1.022, 0.910, 
