1.014, 0.002, 0.994, 1.067, 1.068, 1.057, 0.982, 0.947, 0.984, 
1.016, 0.001, 0.980, 0.993, 1.035, 1.035, 1.034, 1.065, 0.971, 
1.047, 0.003, 1.048, 1.067, 1.081, 1.013, 0.949, 1.039, 1.130, 
1.018, 0.001, 1.039, 1.042, 1.003, 1.058, 1.002, 0.993, 0.990, 
0.979, 0.005, 0.862, 0.995, 0.888, 1.023, 1.010, 1.032, 1.043, 
0.994, 0.002, 1.038, 1.059, 0.996, 0.905, 1.001, 1.011, 0.948, 
1.014, 0.000, 1.015, 0.992, 1.023, 1.017, 0.988, 1.057, 1.009, 
0.972, 0.002, 0.929, 0.912, 1.016, 0.989, 1.011, 0.927, 1.020, 
1.054, 0.004, 1.165, 1.002, 1.118, 1.016, 0.987, 1.044, 1.044, 
1.035, 0.004, 1.061, 1.138, 0.957, 1.008, 1.001, 1.117, 0.964, 
1.011, 0.001, 0.974, 0.974, 1.001, 1.044, 1.067, 1.000, 1.016, 
1.020, 0.003, 1.109, 0.948, 0.971, 1.069, 1.048, 0.978, 
