1.034, 0.006, 0.920, 1.114, 1.010, 1.090, 1.144, 1.021, 0.942, 
1.096, 0.002, 1.104, 1.032, 1.094, 1.177, 1.059, 1.101, 1.106, 
1.027, 0.007, 1.073, 1.010, 1.080, 1.066, 0.864, 0.961, 1.133, 
0.939, 0.002, 0.987, 0.881, 0.960, 0.970, 0.861, 0.968, 0.950, 
1.021, 0.016, 0.785, 1.051, 1.060, 1.065, 0.889, 1.147, 1.149, 
0.976, 0.000, 0.984, 1.005, 0.972, 0.948, 0.998, 0.950, 0.977, 
1.010, 0.034, 1.311, 0.743, 0.887, 1.190, 0.876, 0.954, 1.113, 
0.989, 0.010, 0.854, 0.993, 1.063, 0.865, 1.130, 0.931, 1.087, 
0.979, 0.005, 0.907, 0.871, 0.973, 0.965, 0.987, 1.079, 1.068, 
1.070, 0.005, 1.117, 1.099, 0.961, 1.181, 1.019, 1.104, 1.009, 
1.041, 0.005, 0.888, 1.057, 1.076, 1.131, 1.064, 1.035, 1.041, 
1.083, 0.007, 1.160, 1.162, 1.075, 0.962, 1.158, 0.984, 
