1.018, 0.007, 1.011, 1.052, 1.110, 1.140, 0.981, 0.925, 0.911, 
0.988, 0.055, 1.206, 1.027, 1.026, 1.007, 1.160, 1.047, 0.442, 
1.012, 0.001, 0.992, 0.977, 0.995, 1.045, 1.004, 1.040, 1.032, 
1.003, 0.002, 0.978, 1.023, 1.022, 0.928, 1.056, 1.053, 0.966, 
1.058, 0.005, 0.946, 1.156, 1.032, 1.050, 1.159, 1.010, 1.056, 
1.001, 0.004, 0.927, 1.025, 1.020, 1.080, 0.973, 1.068, 0.913, 
1.041, 0.002, 1.030, 1.037, 1.015, 1.124, 1.023, 1.065, 0.992, 
0.974, 0.008, 1.054, 1.031, 0.910, 0.876, 1.023, 0.848, 1.079, 
1.001, 0.005, 1.055, 0.934, 0.947, 1.080, 0.891, 1.089, 1.011, 
1.055, 0.005, 1.045, 1.139, 0.963, 1.001, 1.135, 1.113, 0.988, 
1.059, 0.006, 1.059, 1.025, 1.178, 1.079, 1.146, 0.922, 1.004, 
0.981, 0.010, 1.098, 0.921, 1.002, 0.795, 1.081, 0.990, 
