1.009, 0.003, 1.068, 1.026, 0.959, 1.095, 0.987, 0.947, 0.983, 
0.999, 0.004, 0.968, 1.010, 1.077, 1.081, 1.002, 0.957, 0.901, 
1.026, 0.003, 1.122, 0.967, 0.956, 1.079, 0.991, 1.000, 1.069, 
1.033, 0.001, 1.033, 1.019, 1.001, 1.050, 1.026, 1.007, 1.094, 
0.987, 0.006, 0.980, 0.931, 0.832, 1.056, 1.014, 1.072, 1.024, 
1.005, 0.001, 0.981, 0.993, 1.044, 1.023, 0.968, 1.026, 0.997, 
1.026, 0.002, 1.045, 0.986, 1.035, 1.045, 0.980, 1.107, 0.986, 
1.005, 0.001, 0.971, 1.001, 0.954, 0.996, 1.034, 1.002, 1.073, 
1.038, 0.002, 1.105, 1.009, 1.077, 1.014, 0.960, 1.070, 1.029, 
1.024, 0.005, 0.993, 1.102, 1.012, 1.076, 1.058, 1.053, 0.874, 
1.000, 0.005, 0.892, 1.018, 0.901, 1.111, 0.997, 1.037, 1.042, 
1.028, 0.002, 1.080, 1.082, 1.013, 1.017, 1.019, 0.955, 
