0.905, 0.021, 0.952, 0.980, 1.161, 0.859, 0.856, 0.643, 0.883, 
1.041, 0.044, 1.061, 0.950, 0.827, 0.928, 0.894, 1.124, 1.502, 
1.060, 0.020, 1.042, 1.042, 0.938, 0.895, 1.110, 1.030, 1.363, 
1.004, 0.016, 0.742, 1.012, 0.975, 1.054, 0.956, 1.128, 1.163, 
0.930, 0.006, 0.870, 0.945, 0.838, 1.069, 0.903, 1.013, 0.872, 
0.970, 0.031, 0.823, 1.060, 0.947, 0.863, 1.298, 0.731, 1.070, 
1.047, 0.053, 1.123, 0.798, 0.862, 1.138, 1.117, 0.803, 1.487, 
0.930, 0.020, 0.897, 0.784, 0.975, 0.979, 1.187, 0.967, 0.718, 
0.934, 0.026, 1.077, 0.733, 0.949, 1.138, 0.746, 0.795, 1.096, 
1.082, 0.016, 0.901, 1.295, 1.067, 1.150, 0.947, 1.170, 1.046, 
1.012, 0.050, 1.037, 0.977, 0.771, 1.257, 0.801, 0.836, 1.407, 
1.132, 0.027, 1.219, 1.046, 1.094, 1.444, 1.068, 0.921, 
