0.989, 0.016, 1.073, 1.086, 1.024, 1.018, 0.743, 
1.111, 0.006, 0.978, 1.159, 1.148, 1.072, 1.197, 
1.024, 0.002, 0.974, 1.088, 1.022, 0.990, 1.045, 
0.983, 0.001, 0.989, 0.980, 0.969, 0.953, 1.027, 0.983, 
1.010, 0.006, 1.026, 0.905, 1.021, 1.155, 0.981, 0.972, 
0.918, 0.001, 0.881, 0.917, 0.984, 0.928, 0.897, 0.901, 
1.008, 0.003, 1.000, 1.008, 1.019, 0.911, 1.004, 1.105, 
0.997, 0.004, 0.942, 1.062, 0.931, 1.082, 0.940, 1.025, 
0.959, 0.005, 0.895, 0.989, 1.072, 0.850, 0.972, 0.974, 
1.078, 0.001, 1.115, 1.009, 1.058, 1.113, 1.100, 1.073, 
1.043, 0.001, 0.994, 1.070, 1.062, 1.045, 0.999, 1.087, 
0.984, 0.002, 1.071, 0.950, 0.983, 0.924, 0.991, 
