1.008, 0.010, 0.906, 1.124, 1.140, 1.099, 0.955, 0.930, 0.904, 
1.057, 0.002, 1.003, 1.025, 0.995, 1.064, 1.126, 1.085, 1.103, 
1.010, 0.004, 1.083, 0.959, 1.001, 0.981, 1.056, 0.902, 1.088, 
0.986, 0.004, 1.046, 1.005, 0.959, 1.091, 0.922, 0.883, 0.998, 
0.998, 0.011, 0.915, 0.878, 0.883, 1.043, 1.074, 1.017, 1.179, 
1.002, 0.003, 0.945, 0.975, 1.069, 0.987, 1.109, 0.953, 0.974, 
0.996, 0.006, 0.972, 0.975, 0.964, 1.091, 0.933, 0.906, 1.133, 
0.993, 0.009, 0.882, 0.929, 1.068, 0.928, 1.081, 0.915, 1.145, 
1.003, 0.008, 1.112, 0.926, 0.964, 1.162, 0.933, 0.929, 0.995, 
1.048, 0.007, 1.050, 1.187, 0.954, 1.024, 1.009, 1.148, 0.968, 
1.011, 0.006, 1.014, 0.877, 0.991, 0.971, 1.104, 1.123, 0.995, 
1.045, 0.002, 1.122, 1.019, 1.062, 1.021, 1.051, 0.996, 
