1.012, 0.002, 0.973, 0.984, 1.028, 1.067, 1.099, 0.987, 0.951, 
1.030, 0.003, 0.973, 1.027, 1.004, 0.968, 1.119, 1.012, 1.105, 
0.993, 0.001, 0.994, 0.987, 1.001, 1.047, 0.960, 0.973, 0.989, 
1.017, 0.001, 1.007, 1.014, 1.014, 0.990, 1.078, 1.003, 1.012, 
0.984, 0.001, 0.985, 1.011, 1.004, 0.903, 0.989, 1.013, 0.984, 
1.008, 0.002, 1.054, 1.046, 1.042, 0.991, 0.963, 0.949, 1.014, 
0.971, 0.003, 0.993, 0.934, 0.941, 0.883, 0.997, 1.009, 1.041, 
0.991, 0.002, 0.968, 1.017, 1.037, 0.901, 1.008, 1.015, 0.994, 
0.996, 0.002, 1.055, 0.945, 0.982, 1.065, 0.936, 0.980, 1.011, 
0.989, 0.002, 0.972, 0.957, 0.914, 1.040, 1.070, 0.974, 0.995, 
0.989, 0.002, 1.005, 0.991, 0.952, 0.902, 1.046, 0.994, 1.033, 
0.976, 0.001, 1.003, 1.010, 0.984, 0.956, 0.974, 0.930, 
