1.035, 0.009, 1.100, 1.219, 1.002, 0.932, 0.990, 0.965, 
1.028, 0.012, 0.909, 1.057, 0.930, 1.017, 1.010, 1.242, 
0.996, 0.003, 0.984, 0.972, 1.102, 0.983, 0.990, 0.942, 
1.010, 0.012, 1.083, 1.030, 0.866, 0.971, 0.913, 1.195, 
0.986, 0.009, 0.819, 0.992, 0.894, 1.040, 1.125, 0.990, 1.046, 
1.009, 0.005, 0.903, 0.970, 1.010, 0.974, 1.129, 1.072, 1.002, 
0.932, 0.006, 0.888, 0.851, 0.846, 0.983, 0.995, 0.901, 1.059, 
1.042, 0.050, 0.896, 0.784, 1.263, 0.946, 0.999, 0.935, 1.475, 
1.013, 0.005, 1.021, 0.934, 0.922, 1.163, 0.992, 1.022, 1.039, 
0.994, 0.005, 0.975, 1.081, 0.922, 0.916, 0.983, 1.123, 0.958, 
1.012, 0.002, 1.042, 1.026, 1.005, 0.988, 0.938, 1.081, 1.003, 
0.986, 0.008, 1.091, 0.825, 0.937, 1.046, 1.053, 0.963, 
