0.965, 0.009, 1.122, 0.931, 0.941, 1.040, 0.992, 0.926, 0.803, 
1.043, 0.014, 1.149, 1.221, 0.947, 0.988, 0.920, 0.916, 1.159, 
0.969, 0.012, 1.072, 0.946, 0.916, 0.902, 0.837, 0.928, 1.181, 
0.981, 0.005, 0.938, 1.070, 0.900, 0.961, 0.968, 0.924, 1.107, 
1.010, 0.016, 0.949, 1.028, 0.862, 1.151, 1.041, 0.844, 1.197, 
1.026, 0.001, 1.055, 1.019, 1.080, 0.991, 0.987, 1.061, 0.987, 
0.996, 0.007, 1.014, 1.033, 0.805, 1.031, 1.023, 0.989, 1.075, 
0.888, 0.049, 0.555, 0.903, 1.321, 1.004, 0.846, 0.863, 0.721, 
1.012, 0.021, 1.309, 0.841, 1.087, 0.951, 0.902, 1.073, 0.921, 
1.006, 0.007, 0.878, 1.055, 0.965, 1.059, 1.135, 0.920, 1.033, 
1.092, 0.007, 1.259, 1.089, 0.952, 1.121, 1.094, 1.077, 1.051, 
1.027, 0.012, 1.087, 1.163, 1.018, 0.953, 1.104, 0.838, 
