1.000, 0.005, 0.995, 0.971, 1.129, 1.022, 0.971, 1.037, 0.874, 
1.022, 0.002, 1.076, 1.046, 0.933, 1.044, 0.985, 1.030, 1.039, 
1.015, 0.006, 1.087, 0.974, 0.943, 1.132, 0.950, 0.929, 1.088, 
1.022, 0.017, 0.866, 1.082, 1.171, 0.891, 0.950, 1.229, 0.967, 
0.998, 0.003, 0.971, 0.919, 0.964, 1.064, 0.961, 1.017, 1.090, 
0.986, 0.011, 0.807, 0.994, 1.055, 0.916, 1.159, 0.953, 1.019, 
1.009, 0.003, 1.008, 0.909, 1.029, 1.075, 0.941, 1.042, 1.059, 
0.973, 0.010, 0.822, 0.850, 0.994, 1.050, 1.107, 0.942, 1.049, 
1.016, 0.016, 0.991, 0.916, 1.268, 1.071, 1.089, 0.872, 0.909, 
1.086, 0.011, 1.146, 1.279, 1.023, 1.034, 1.088, 1.123, 0.912, 
1.070, 0.004, 1.076, 0.969, 1.135, 1.138, 1.043, 1.013, 1.114, 
1.047, 0.017, 1.189, 1.240, 1.021, 1.020, 0.936, 0.875, 
