0.996, 0.006, 0.981, 0.959, 1.014, 1.113, 0.871, 1.038, 
1.104, 0.015, 0.994, 1.269, 1.218, 0.913, 1.139, 1.091, 
1.073, 0.011, 1.055, 0.892, 1.246, 1.175, 1.086, 0.999, 1.059, 
0.979, 0.003, 0.995, 1.053, 1.048, 0.968, 0.895, 0.912, 0.979, 
0.993, 0.012, 0.765, 1.056, 0.912, 1.111, 1.036, 1.036, 1.032, 
0.968, 0.002, 0.926, 0.914, 0.922, 1.016, 1.008, 1.044, 0.949, 
1.009, 0.006, 0.933, 1.064, 1.016, 1.140, 0.898, 0.970, 1.042, 
0.943, 0.009, 0.911, 0.739, 1.054, 0.986, 0.932, 0.941, 1.039, 
1.048, 0.012, 1.170, 0.952, 1.223, 1.086, 0.907, 1.032, 0.967, 
1.118, 0.035, 1.089, 1.535, 0.964, 1.026, 1.086, 1.187, 0.942, 
1.065, 0.006, 1.229, 0.975, 1.019, 1.000, 1.065, 1.044, 1.120, 
1.089, 0.005, 1.201, 1.117, 0.998, 1.042, 1.086, 
