0.987, 0.002, 0.993, 1.008, 0.999, 1.068, 0.945, 0.926, 0.971, 
1.033, 0.001, 1.101, 0.987, 1.005, 1.035, 1.030, 1.045, 1.028, 
1.023, 0.001, 1.016, 1.039, 1.037, 1.069, 0.987, 0.959, 1.059, 
1.017, 0.002, 1.093, 1.056, 0.996, 0.977, 1.007, 0.988, 0.998, 
0.981, 0.002, 0.913, 1.000, 0.924, 1.020, 0.988, 1.029, 0.995, 
0.995, 0.000, 0.958, 1.001, 1.007, 0.979, 1.010, 0.999, 1.014, 
1.021, 0.003, 1.122, 0.986, 0.986, 1.050, 0.923, 1.053, 1.025, 
1.005, 0.000, 0.962, 0.993, 1.016, 1.009, 1.034, 1.005, 1.014, 
0.995, 0.003, 1.089, 0.907, 1.020, 1.025, 0.942, 0.993, 0.991, 
1.027, 0.003, 0.990, 1.070, 0.993, 1.056, 1.018, 1.117, 0.947, 
1.018, 0.002, 1.028, 1.061, 0.930, 1.013, 1.058, 1.013, 1.025, 
1.027, 0.001, 1.036, 1.061, 0.999, 1.041, 1.039, 0.986, 
