0.958, 0.004, 0.911, 0.898, 0.996, 1.048, 0.955, 1.026, 0.872, 
1.062, 0.012, 1.073, 0.958, 0.963, 1.257, 1.139, 1.110, 0.932, 
1.039, 0.002, 1.111, 0.995, 1.066, 1.018, 1.048, 0.980, 1.055, 
0.999, 0.001, 0.925, 1.050, 1.003, 1.021, 0.964, 1.013, 1.016, 
1.028, 0.005, 0.962, 1.016, 0.924, 1.002, 1.048, 1.104, 1.143, 
0.992, 0.001, 0.976, 0.982, 0.987, 0.953, 1.074, 0.964, 1.006, 
1.078, 0.007, 1.107, 1.019, 1.018, 1.270, 1.014, 1.060, 1.057, 
0.993, 0.004, 0.899, 0.997, 0.982, 0.909, 1.027, 1.102, 1.036, 
1.004, 0.004, 1.016, 1.018, 0.959, 1.007, 0.875, 1.090, 1.068, 
1.025, 0.005, 1.035, 1.121, 0.977, 0.990, 0.940, 1.131, 0.981, 
1.019, 0.004, 1.033, 0.925, 1.036, 1.030, 1.102, 1.088, 0.921, 
1.000, 0.002, 1.060, 1.002, 0.922, 1.035, 0.952, 1.027, 
