0.962, 0.007, 0.973, 0.949, 1.146, 0.939, 0.864, 0.906, 0.958, 
1.087, 0.014, 1.101, 1.280, 1.083, 0.931, 0.943, 1.203, 1.068, 
0.963, 0.002, 1.012, 1.027, 0.998, 0.936, 0.924, 0.957, 0.889, 
0.981, 0.022, 1.064, 0.826, 0.787, 1.014, 1.225, 1.094, 0.859, 
0.970, 0.006, 0.912, 0.942, 0.839, 0.979, 0.985, 1.075, 1.057, 
0.959, 0.010, 0.950, 1.114, 1.018, 0.915, 1.000, 0.755, 0.959, 
0.985, 0.018, 0.999, 0.705, 1.106, 1.055, 0.997, 0.904, 1.130, 
0.977, 0.050, 0.873, 0.766, 1.126, 0.887, 1.117, 0.689, 1.382, 
1.016, 0.020, 1.168, 0.806, 1.025, 1.106, 1.201, 0.950, 0.856, 
0.931, 0.025, 0.971, 0.854, 0.633, 1.165, 0.999, 1.041, 0.852, 
1.089, 0.032, 1.272, 1.237, 1.069, 1.228, 1.167, 0.864, 0.785, 
1.066, 0.008, 1.106, 1.161, 1.163, 0.923, 1.050, 0.992, 
