0.993, 0.001, 0.983, 0.987, 0.976, 1.066, 0.986, 1.004, 0.949, 
1.031, 0.003, 0.955, 0.976, 1.072, 1.084, 1.003, 1.029, 1.097, 
1.044, 0.003, 1.142, 1.041, 0.979, 1.061, 1.012, 0.982, 1.088, 
1.026, 0.002, 1.102, 1.018, 1.071, 0.982, 0.949, 1.043, 1.017, 
1.003, 0.008, 0.854, 0.994, 0.917, 1.060, 1.021, 1.161, 1.014, 
0.970, 0.001, 0.958, 0.926, 0.910, 0.983, 1.029, 0.999, 0.984, 
1.013, 0.010, 1.097, 0.826, 1.144, 1.028, 0.931, 0.995, 1.069, 
0.968, 0.001, 0.898, 0.934, 1.008, 0.973, 1.007, 0.964, 0.993, 
0.995, 0.005, 1.131, 0.888, 1.019, 1.009, 0.926, 0.991, 1.004, 
1.036, 0.006, 1.001, 1.060, 1.016, 1.092, 1.032, 1.158, 0.895, 
1.030, 0.000, 1.050, 1.001, 1.024, 1.036, 1.069, 1.013, 1.014, 
1.053, 0.003, 1.117, 1.124, 1.034, 1.024, 1.058, 0.960, 
