0.972, 0.006, 0.909, 0.955, 1.066, 1.057, 0.976, 1.005, 0.834, 
1.017, 0.005, 0.920, 1.024, 1.083, 0.931, 0.974, 1.098, 1.088, 
1.065, 0.004, 1.059, 1.099, 1.084, 1.094, 0.953, 1.014, 1.153, 
0.976, 0.008, 1.170, 0.988, 0.886, 0.946, 0.988, 0.983, 0.870, 
0.997, 0.004, 0.853, 1.045, 1.059, 1.028, 1.003, 0.988, 1.004, 
0.962, 0.005, 0.833, 0.965, 1.023, 0.919, 1.077, 0.976, 0.938, 
0.994, 0.015, 1.177, 0.886, 0.841, 1.030, 0.851, 1.071, 1.100, 
1.060, 0.004, 1.075, 1.070, 1.110, 0.987, 1.174, 0.967, 1.040, 
0.981, 0.009, 1.030, 0.881, 1.075, 1.129, 0.962, 0.860, 0.927, 
1.017, 0.014, 1.005, 1.255, 1.051, 0.999, 0.840, 1.027, 0.944, 
1.021, 0.004, 1.127, 0.984, 0.945, 0.972, 1.066, 0.998, 1.058, 
1.004, 0.007, 0.876, 1.111, 0.997, 1.083, 1.028, 0.931, 
