0.983, 0.004, 0.962, 1.017, 0.983, 0.945, 1.092, 0.899, 
1.020, 0.006, 0.989, 1.020, 0.911, 1.176, 1.028, 0.996, 
1.008, 0.003, 0.980, 0.926, 1.036, 1.050, 0.971, 1.088, 
1.021, 0.005, 1.059, 1.009, 1.144, 1.036, 0.954, 0.925, 
0.991, 0.007, 0.936, 0.924, 1.147, 0.983, 0.904, 1.051, 
0.994, 0.002, 1.069, 0.943, 1.006, 0.961, 0.993, 0.993, 
1.074, 0.004, 0.965, 1.146, 1.133, 1.022, 1.096, 1.084, 
0.994, 0.003, 0.906, 1.062, 1.034, 1.010, 0.957, 0.993, 
0.947, 0.010, 0.904, 0.749, 0.950, 1.047, 0.990, 1.042, 
1.040, 0.006, 1.098, 0.921, 1.031, 1.099, 1.132, 0.960, 
0.996, 0.005, 0.993, 0.904, 1.009, 0.890, 1.046, 1.026, 1.105, 
1.054, 0.009, 1.006, 1.249, 0.981, 1.083, 0.981, 1.023, 
