0.960, 0.045, 0.914, 1.000, 1.066, 1.351, 0.583, 0.908, 0.896, 
1.051, 0.005, 0.992, 0.950, 1.003, 1.042, 1.116, 1.091, 1.162, 
1.057, 0.020, 1.168, 0.896, 0.998, 1.354, 1.003, 1.007, 0.971, 
1.026, 0.007, 1.090, 1.066, 0.928, 1.171, 0.977, 0.921, 1.026, 
0.983, 0.006, 0.895, 1.010, 0.859, 1.083, 1.062, 0.981, 0.991, 
1.001, 0.007, 0.843, 1.020, 1.078, 1.031, 1.126, 0.952, 0.955, 
0.975, 0.006, 1.010, 0.888, 0.842, 1.031, 0.980, 0.977, 1.098, 
1.056, 0.013, 0.902, 0.936, 0.991, 1.225, 1.047, 1.124, 1.165, 
1.039, 0.011, 1.277, 0.946, 0.963, 1.038, 1.057, 1.015, 0.973, 
1.025, 0.006, 1.061, 1.106, 0.886, 1.136, 1.003, 0.960, 1.026, 
0.989, 0.008, 1.006, 1.042, 0.877, 0.933, 1.154, 0.902, 1.008, 
0.919, 0.006, 0.800, 0.854, 0.879, 0.971, 1.033, 0.975, 
