1.008, 0.017, 0.902, 1.066, 1.154, 1.181, 0.910, 1.044, 0.797, 
1.070, 0.002, 1.084, 1.116, 1.082, 1.006, 1.080, 1.006, 1.117, 
1.079, 0.018, 1.360, 1.133, 1.069, 0.953, 1.002, 0.937, 1.099, 
1.019, 0.013, 1.271, 0.980, 1.025, 0.972, 0.878, 0.984, 1.026, 
0.960, 0.007, 0.872, 0.901, 0.842, 1.067, 1.078, 0.987, 0.970, 
0.943, 0.007, 0.739, 0.998, 0.965, 0.976, 0.978, 0.995, 0.951, 
1.082, 0.007, 1.234, 1.079, 0.999, 1.131, 0.968, 1.039, 1.121, 
0.931, 0.014, 0.764, 0.765, 1.091, 0.983, 1.038, 0.942, 0.935, 
1.017, 0.008, 1.169, 0.892, 0.956, 1.100, 0.968, 0.976, 1.059, 
1.082, 0.011, 1.052, 1.272, 1.033, 1.117, 1.101, 1.111, 0.889, 
1.041, 0.001, 1.038, 1.044, 1.062, 1.007, 1.065, 0.992, 1.075, 
1.049, 0.003, 1.147, 1.031, 1.092, 1.013, 1.046, 0.967, 
