0.906, 0.018, 0.818, 0.841, 0.766, 1.051, 0.880, 0.825, 1.163, 
1.024, 0.006, 1.072, 1.009, 0.961, 1.128, 0.874, 1.049, 1.072, 
0.966, 0.003, 0.974, 0.899, 0.966, 0.998, 1.028, 1.026, 0.871, 
1.042, 0.012, 1.157, 1.005, 1.035, 1.154, 0.816, 1.037, 1.090, 
0.895, 0.028, 0.852, 0.812, 0.803, 1.187, 0.807, 1.109, 0.694, 
1.025, 0.009, 0.920, 0.868, 1.161, 1.063, 1.075, 0.995, 1.096, 
0.990, 0.018, 1.030, 1.046, 1.010, 1.077, 0.826, 0.762, 1.173, 
0.986, 0.022, 0.863, 0.913, 1.143, 0.744, 0.994, 1.029, 1.213, 
1.000, 0.015, 1.129, 0.817, 1.183, 0.956, 0.929, 0.908, 1.077, 
1.102, 0.029, 1.031, 1.357, 0.893, 1.142, 1.283, 0.873, 1.133, 
1.128, 0.018, 0.994, 1.142, 1.429, 1.022, 1.082, 1.057, 1.174, 
1.077, 0.008, 1.128, 1.199, 0.914, 1.037, 1.140, 1.043, 
