0.993, 0.010, 1.038, 0.887, 1.177, 1.052, 0.909, 0.998, 0.888, 
1.078, 0.005, 1.189, 1.151, 1.101, 1.075, 0.997, 1.010, 1.024, 
1.025, 0.010, 1.207, 1.057, 0.998, 0.980, 0.875, 0.961, 1.098, 
1.007, 0.002, 1.099, 0.999, 0.989, 0.946, 0.954, 1.015, 1.051, 
0.958, 0.012, 0.914, 0.843, 0.794, 1.074, 0.943, 1.040, 1.097, 
0.979, 0.014, 0.720, 1.080, 1.043, 1.022, 1.077, 1.000, 0.909, 
1.035, 0.014, 1.180, 0.998, 0.883, 1.134, 0.940, 0.920, 1.187, 
1.024, 0.015, 0.999, 0.900, 1.076, 1.065, 1.027, 0.850, 1.254, 
0.994, 0.026, 1.342, 0.812, 1.003, 1.061, 0.884, 0.929, 0.927, 
1.082, 0.007, 1.182, 1.210, 0.986, 1.059, 1.092, 1.079, 0.963, 
0.939, 0.005, 0.928, 0.879, 0.905, 0.984, 1.028, 0.831, 1.017, 
1.043, 0.006, 1.105, 0.992, 1.134, 1.019, 1.099, 0.909, 
