1.024, 0.010, 0.989, 1.050, 1.045, 1.118, 0.837, 1.164, 0.964, 
1.114, 0.007, 1.187, 1.276, 1.103, 1.037, 1.101, 1.040, 1.056, 
1.088, 0.006, 1.093, 1.071, 1.001, 1.073, 1.265, 1.012, 1.100, 
0.987, 0.005, 1.045, 0.943, 0.848, 1.063, 1.038, 0.942, 1.028, 
0.963, 0.006, 0.924, 0.790, 1.013, 0.984, 0.992, 0.976, 1.063, 
0.997, 0.006, 0.925, 1.009, 1.082, 0.884, 1.125, 0.996, 0.959, 
1.035, 0.003, 1.062, 1.064, 1.005, 1.136, 0.960, 0.961, 1.056, 
0.957, 0.011, 0.904, 0.990, 0.748, 0.961, 1.073, 1.072, 0.951, 
1.006, 0.002, 1.068, 1.028, 0.977, 1.069, 0.942, 1.009, 0.946, 
0.990, 0.003, 0.951, 1.086, 0.975, 0.986, 1.037, 0.988, 0.908, 
1.030, 0.004, 0.989, 1.056, 0.935, 1.042, 1.094, 0.977, 1.117, 
0.912, 0.006, 0.990, 0.966, 1.000, 0.832, 0.816, 0.869, 
