1.022, 0.005, 1.000, 0.986, 1.057, 1.047, 1.115, 1.068, 0.879, 
1.054, 0.002, 1.051, 1.074, 0.995, 1.077, 1.093, 1.096, 0.990, 
1.021, 0.005, 1.026, 1.038, 1.082, 1.117, 0.885, 1.039, 0.957, 
1.054, 0.023, 0.915, 1.368, 1.050, 1.120, 0.934, 0.903, 1.087, 
1.016, 0.005, 0.901, 0.952, 0.980, 1.089, 1.101, 1.060, 1.030, 
0.997, 0.010, 0.987, 1.146, 1.088, 0.897, 1.001, 1.024, 0.838, 
1.028, 0.017, 1.156, 0.943, 1.029, 1.002, 1.051, 0.787, 1.224, 
0.975, 0.001, 0.957, 0.925, 1.002, 0.978, 1.007, 0.954, 1.000, 
1.016, 0.003, 1.031, 1.003, 1.026, 1.126, 0.956, 0.958, 1.011, 
1.041, 0.011, 1.133, 1.248, 0.948, 1.021, 0.972, 1.044, 0.920, 
1.052, 0.006, 1.031, 0.995, 1.080, 1.170, 0.962, 0.980, 1.147, 
1.019, 0.002, 1.033, 0.984, 0.981, 0.957, 1.085, 1.073, 
