0.957, 0.006, 0.941, 1.107, 0.837, 0.911, 0.914, 1.013, 0.976, 
1.119, 0.031, 1.093, 0.790, 1.108, 1.168, 1.431, 1.059, 1.184, 
1.020, 0.022, 1.111, 0.730, 1.008, 1.051, 1.072, 0.927, 1.240, 
1.043, 0.028, 1.012, 1.123, 1.351, 1.122, 0.771, 0.950, 0.969, 
1.127, 0.089, 0.887, 1.798, 0.854, 1.224, 1.105, 1.044, 0.978, 
0.945, 0.031, 0.712, 0.888, 0.951, 0.740, 1.256, 1.091, 0.976, 
0.999, 0.011, 0.923, 1.027, 0.825, 1.054, 0.960, 1.017, 1.184, 
0.878, 0.033, 1.149, 0.732, 0.902, 0.787, 1.095, 0.596, 0.887, 
0.940, 0.010, 1.066, 0.961, 1.053, 0.933, 0.833, 0.769, 0.966, 
1.048, 0.011, 0.912, 0.986, 1.231, 1.117, 1.083, 1.075, 0.931, 
1.067, 0.019, 0.950, 1.346, 0.897, 1.129, 1.074, 0.982, 1.091, 
0.911, 0.015, 1.012, 0.830, 0.997, 0.898, 1.039, 0.691, 
