1.014, 0.032, 0.871, 1.206, 1.229, 1.094, 1.103, 0.883, 0.714, 
1.033, 0.007, 0.909, 1.043, 1.191, 0.957, 1.078, 1.003, 1.047, 
1.134, 0.022, 1.036, 1.165, 1.393, 0.991, 0.968, 1.081, 1.302, 
1.164, 0.110, 1.254, 0.958, 0.980, 1.098, 0.869, 1.927, 1.060, 
0.964, 0.006, 0.873, 0.877, 0.962, 1.111, 0.923, 0.963, 1.037, 
0.965, 0.015, 0.746, 0.929, 1.159, 0.886, 1.054, 1.042, 0.937, 
0.977, 0.027, 0.848, 1.128, 0.759, 0.983, 0.799, 1.133, 1.186, 
1.042, 0.011, 0.938, 0.942, 1.241, 0.968, 1.131, 1.002, 1.069, 
0.924, 0.029, 1.120, 0.660, 1.160, 1.030, 0.798, 0.859, 0.837, 
1.043, 0.028, 0.879, 1.287, 1.019, 1.280, 1.065, 0.933, 0.836, 
0.982, 0.013, 0.763, 0.971, 0.933, 0.964, 1.058, 1.148, 1.039, 
1.099, 0.032, 1.223, 1.387, 1.034, 1.048, 1.096, 0.806, 
