0.995, 0.002, 0.948, 0.991, 1.044, 1.059, 0.939, 0.973, 1.010, 
1.037, 0.001, 1.039, 1.012, 1.001, 1.046, 1.019, 1.098, 1.045, 
1.010, 0.002, 0.983, 1.006, 1.029, 1.071, 0.985, 0.948, 1.050, 
0.997, 0.001, 1.067, 0.972, 0.994, 0.972, 1.014, 0.974, 0.984, 
0.997, 0.002, 0.929, 1.049, 0.937, 1.002, 1.023, 1.041, 0.995, 
1.002, 0.001, 0.955, 1.037, 1.026, 0.999, 0.987, 0.988, 1.021, 
1.007, 0.002, 1.085, 0.957, 0.987, 1.046, 0.969, 0.983, 1.023, 
0.990, 0.001, 0.969, 0.978, 0.989, 0.974, 1.029, 0.957, 1.035, 
0.990, 0.003, 1.093, 0.970, 1.042, 0.981, 0.933, 0.943, 0.971, 
1.023, 0.004, 1.012, 0.953, 1.052, 1.021, 1.005, 1.159, 0.955, 
1.015, 0.001, 1.008, 1.040, 1.009, 0.981, 1.045, 1.031, 0.991, 
1.037, 0.003, 1.039, 1.044, 0.990, 1.050, 1.136, 0.962, 
