0.973, 0.005, 0.949, 0.973, 0.917, 1.109, 0.949, 1.025, 0.889, 
1.026, 0.001, 0.999, 1.018, 1.005, 1.018, 1.070, 1.019, 1.051, 
1.044, 0.002, 1.093, 1.039, 1.038, 1.110, 0.968, 1.059, 1.003, 
1.003, 0.004, 0.932, 1.062, 0.990, 0.963, 0.958, 0.994, 1.121, 
1.018, 0.005, 0.924, 1.009, 0.998, 1.171, 0.988, 1.050, 0.988, 
1.022, 0.001, 1.088, 1.018, 1.060, 0.972, 0.982, 1.017, 1.017, 
1.005, 0.001, 0.991, 1.003, 1.002, 0.976, 1.054, 0.974, 1.034, 
0.949, 0.007, 1.033, 1.034, 0.925, 0.963, 0.991, 0.928, 0.767, 
1.029, 0.003, 1.044, 1.059, 1.028, 1.116, 1.011, 1.005, 0.940, 
1.048, 0.006, 0.979, 1.032, 0.990, 1.132, 1.117, 1.144, 0.945, 
1.014, 0.003, 0.943, 1.032, 0.983, 0.975, 1.034, 1.021, 1.112, 
1.034, 0.001, 1.043, 1.108, 0.984, 1.038, 1.005, 1.025, 
