0.972, 0.007, 1.002, 0.983, 1.106, 1.001, 1.000, 0.862, 0.847, 
1.044, 0.009, 1.238, 1.037, 0.955, 0.983, 1.124, 1.015, 0.956, 
1.080, 0.079, 1.389, 0.900, 0.992, 0.991, 0.740, 0.943, 1.607, 
0.983, 0.006, 1.048, 1.022, 0.847, 1.084, 1.010, 0.922, 0.948, 
0.993, 0.028, 0.846, 1.272, 0.950, 1.201, 0.856, 1.014, 0.811, 
0.966, 0.011, 0.738, 1.038, 1.078, 0.946, 1.031, 1.002, 0.928, 
0.971, 0.070, 1.133, 1.029, 0.401, 1.334, 0.911, 0.991, 0.997, 
0.946, 0.015, 0.699, 0.945, 1.095, 1.021, 1.031, 0.856, 0.973, 
0.986, 0.011, 1.159, 0.832, 1.040, 1.084, 0.907, 0.957, 0.927, 
1.049, 0.006, 0.955, 1.170, 0.969, 1.097, 1.120, 1.034, 0.995, 
1.007, 0.018, 1.061, 0.937, 0.955, 0.923, 0.866, 1.005, 1.306, 
1.064, 0.008, 1.237, 1.091, 1.053, 0.953, 1.054, 0.995, 
