0.972, 0.002, 0.941, 0.999, 1.044, 1.020, 0.903, 0.968, 0.926, 
1.029, 0.005, 1.023, 1.068, 0.975, 0.977, 0.957, 1.025, 1.181, 
1.023, 0.001, 1.093, 1.006, 1.003, 0.988, 1.006, 1.033, 1.031, 
1.004, 0.003, 1.102, 1.050, 0.960, 1.031, 0.949, 0.950, 0.988, 
0.973, 0.012, 0.846, 0.903, 0.887, 0.982, 1.060, 0.936, 1.192, 
0.968, 0.005, 0.868, 0.940, 0.996, 0.937, 1.108, 0.987, 0.942, 
0.996, 0.007, 1.086, 0.940, 0.974, 1.073, 0.866, 0.946, 1.089, 
0.988, 0.003, 0.927, 0.932, 1.064, 1.009, 1.007, 0.927, 1.050, 
0.980, 0.007, 1.119, 0.991, 1.042, 0.919, 0.841, 0.919, 1.027, 
1.054, 0.006, 1.046, 1.168, 1.040, 0.968, 1.048, 1.163, 0.946, 
1.051, 0.003, 1.004, 0.978, 1.019, 1.031, 1.077, 1.146, 1.098, 
1.030, 0.004, 1.053, 1.103, 1.039, 1.014, 1.073, 0.897, 
