0.994, 0.011, 0.938, 1.055, 1.173, 0.999, 0.864, 1.053, 0.872, 
1.009, 0.009, 0.994, 0.914, 0.901, 0.974, 1.197, 1.066, 1.013, 
1.105, 0.017, 1.265, 0.912, 0.992, 1.270, 1.125, 1.004, 1.164, 
1.061, 0.040, 1.287, 0.965, 0.974, 1.449, 0.881, 0.944, 0.925, 
1.024, 0.003, 1.020, 1.059, 0.991, 1.090, 0.939, 1.086, 0.985, 
0.933, 0.013, 0.700, 0.956, 0.931, 0.877, 1.103, 1.016, 0.947, 
1.000, 0.013, 0.945, 1.046, 0.790, 1.094, 0.911, 1.141, 1.071, 
0.929, 0.011, 0.816, 0.736, 1.042, 0.986, 0.956, 0.955, 1.011, 
1.026, 0.014, 1.031, 0.824, 1.188, 1.178, 0.948, 1.009, 1.002, 
1.071, 0.031, 1.166, 1.307, 0.882, 0.856, 1.091, 1.279, 0.914, 
1.016, 0.005, 1.078, 1.003, 0.936, 0.919, 1.135, 0.988, 1.054, 
1.100, 0.010, 1.156, 1.216, 1.217, 1.004, 1.002, 1.004, 
