1.003, 0.016, 0.909, 1.067, 1.221, 1.073, 1.015, 0.944, 0.794, 
1.043, 0.003, 1.060, 1.081, 0.986, 1.117, 1.040, 1.058, 0.961, 
1.078, 0.003, 1.176, 1.096, 1.087, 1.055, 0.967, 1.073, 1.097, 
1.013, 0.002, 1.097, 0.983, 0.956, 0.998, 0.988, 1.014, 1.058, 
0.977, 0.006, 0.906, 0.995, 0.867, 0.964, 1.128, 0.996, 0.981, 
0.960, 0.004, 0.877, 0.969, 0.960, 0.999, 1.072, 0.965, 0.876, 
1.024, 0.008, 1.186, 0.876, 0.998, 1.012, 0.985, 1.015, 1.095, 
0.937, 0.014, 0.961, 0.693, 1.072, 0.925, 0.999, 0.862, 1.051, 
1.008, 0.005, 1.111, 0.936, 1.072, 1.069, 0.936, 0.996, 0.937, 
1.066, 0.015, 0.990, 1.290, 0.973, 1.016, 1.060, 1.202, 0.932, 
1.023, 0.002, 1.030, 0.927, 1.049, 1.025, 1.068, 0.994, 1.068, 
1.024, 0.003, 1.083, 0.957, 1.055, 1.079, 1.037, 0.931, 
