0.968, 0.013, 0.958, 0.902, 1.071, 1.031, 1.050, 1.041, 0.724, 
1.064, 0.053, 0.723, 1.117, 0.848, 0.995, 1.113, 1.504, 1.146, 
1.029, 0.005, 1.035, 0.982, 1.003, 1.104, 0.898, 1.065, 1.113, 
1.020, 0.003, 1.101, 0.983, 0.930, 0.990, 1.075, 1.021, 1.037, 
1.032, 0.004, 0.960, 0.939, 1.126, 1.116, 1.045, 1.007, 1.033, 
1.011, 0.018, 0.757, 0.973, 1.242, 1.034, 0.969, 1.084, 1.020, 
1.042, 0.002, 1.112, 0.981, 1.004, 1.035, 1.016, 1.117, 1.032, 
1.053, 0.022, 1.133, 1.118, 1.346, 0.941, 1.002, 0.978, 0.856, 
0.952, 0.005, 0.997, 1.006, 0.966, 0.964, 0.844, 0.854, 1.036, 
1.096, 0.012, 1.046, 1.144, 1.034, 1.282, 1.107, 1.156, 0.907, 
1.101, 0.018, 0.951, 1.200, 0.868, 1.140, 1.118, 1.152, 1.279, 
1.034, 0.014, 1.232, 1.102, 1.103, 0.928, 0.947, 0.895, 
