0.975, 0.002, 0.982, 0.923, 1.035, 1.000, 0.890, 0.964, 1.029, 
1.086, 0.006, 1.181, 0.942, 1.047, 1.169, 1.020, 1.122, 1.123, 
1.022, 0.001, 1.045, 1.002, 1.008, 1.083, 0.979, 1.008, 1.031, 
1.002, 0.004, 1.097, 1.046, 1.033, 1.024, 0.971, 0.880, 0.962, 
1.024, 0.002, 0.984, 0.934, 1.043, 1.080, 1.057, 1.045, 1.028, 
1.030, 0.002, 0.940, 1.070, 1.014, 1.074, 1.001, 1.048, 1.062, 
0.984, 0.002, 1.047, 0.906, 1.006, 1.012, 0.980, 1.015, 0.919, 
0.979, 0.001, 0.913, 0.956, 1.011, 1.017, 1.021, 0.960, 0.977, 
1.016, 0.006, 1.131, 0.963, 1.064, 1.047, 1.029, 1.014, 0.862, 
1.030, 0.003, 1.058, 1.055, 0.942, 1.058, 1.108, 0.965, 1.026, 
1.023, 0.005, 0.984, 1.115, 0.986, 0.992, 1.109, 0.909, 1.069, 
1.045, 0.001, 1.040, 1.088, 1.012, 1.026, 1.097, 1.009, 
