1.011, 0.006, 0.975, 1.136, 1.114, 1.018, 0.931, 0.954, 0.947, 
1.061, 0.007, 1.117, 0.975, 1.103, 0.893, 1.136, 1.062, 1.140, 
1.026, 0.003, 1.022, 1.087, 1.039, 0.928, 1.062, 0.970, 1.071, 
1.018, 0.002, 1.065, 0.983, 1.010, 1.103, 0.966, 0.984, 1.017, 
0.946, 0.006, 0.844, 0.934, 0.882, 1.109, 0.991, 0.936, 0.926, 
0.956, 0.003, 0.865, 0.965, 1.020, 0.931, 1.025, 0.908, 0.980, 
1.032, 0.008, 1.184, 1.005, 0.970, 1.076, 0.932, 0.940, 1.118, 
0.964, 0.002, 0.948, 0.895, 0.916, 0.983, 1.005, 0.961, 1.040, 
0.986, 0.014, 1.124, 0.742, 1.052, 1.070, 0.924, 0.940, 1.048, 
1.054, 0.011, 1.038, 1.222, 0.973, 1.091, 0.899, 1.165, 0.988, 
1.053, 0.005, 1.052, 1.072, 1.032, 1.043, 0.966, 1.207, 0.997, 
1.026, 0.001, 1.056, 1.025, 1.049, 1.055, 1.019, 0.954, 
