1.001, 0.005, 1.030, 1.083, 1.055, 1.027, 0.891, 1.009, 0.910, 
1.001, 0.005, 1.011, 1.073, 0.895, 0.920, 1.085, 1.048, 0.975, 
0.983, 0.009, 1.046, 1.067, 0.764, 1.008, 0.995, 0.949, 1.053, 
0.975, 0.002, 1.035, 0.955, 0.882, 1.003, 0.962, 0.959, 1.028, 
0.988, 0.003, 0.934, 1.019, 0.919, 1.089, 0.994, 0.947, 1.013, 
0.967, 0.002, 0.965, 0.947, 0.901, 0.920, 1.047, 1.015, 0.977, 
0.993, 0.013, 0.936, 0.857, 1.014, 1.097, 0.892, 0.953, 1.201, 
1.016, 0.004, 0.931, 1.046, 1.127, 0.996, 1.054, 0.969, 0.988, 
0.999, 0.006, 1.073, 0.866, 1.062, 1.062, 0.971, 0.904, 1.054, 
1.075, 0.010, 1.176, 1.122, 0.846, 1.086, 1.158, 1.089, 1.048, 
1.036, 0.001, 1.030, 1.058, 1.070, 1.074, 0.980, 0.997, 1.046, 
1.065, 0.003, 1.045, 1.184, 1.081, 1.017, 1.013, 1.047, 
