0.984, 0.027, 0.975, 1.096, 1.297, 0.955, 0.972, 0.834, 0.757, 
1.090, 0.038, 1.333, 1.037, 0.812, 0.977, 1.365, 0.918, 1.186, 
1.003, 0.044, 1.129, 0.950, 0.856, 0.702, 0.998, 0.966, 1.420, 
0.969, 0.014, 0.955, 0.973, 0.879, 0.982, 0.937, 0.827, 1.232, 
0.978, 0.037, 0.913, 0.995, 0.974, 1.349, 0.658, 0.890, 1.064, 
0.947, 0.006, 0.823, 0.925, 0.952, 0.988, 1.050, 0.872, 1.021, 
1.031, 0.021, 1.040, 1.123, 0.722, 1.134, 1.054, 0.952, 1.190, 
0.884, 0.024, 0.723, 0.770, 0.744, 0.802, 1.057, 1.144, 0.950, 
1.031, 0.018, 1.194, 0.786, 1.204, 1.052, 0.927, 1.036, 1.020, 
1.142, 0.109, 0.838, 1.255, 0.881, 1.883, 1.117, 0.961, 1.060, 
0.962, 0.041, 1.010, 0.577, 0.828, 0.935, 1.015, 1.105, 1.265, 
1.107, 0.009, 1.147, 1.114, 1.135, 1.160, 1.181, 0.905, 
