0.972, 0.023, 0.732, 0.937, 1.216, 0.934, 1.147, 0.952, 0.889, 
1.085, 0.069, 1.119, 1.050, 0.963, 0.948, 0.990, 0.830, 1.694, 
0.985, 0.019, 1.100, 1.153, 0.887, 0.965, 1.097, 0.724, 0.966, 
1.062, 0.008, 0.985, 1.074, 1.026, 1.086, 1.045, 0.956, 1.259, 
0.895, 0.033, 0.741, 0.797, 0.795, 1.296, 0.991, 0.892, 0.751, 
0.976, 0.007, 0.883, 1.015, 0.973, 0.921, 1.146, 0.888, 1.007, 
1.004, 0.017, 1.071, 0.850, 0.848, 0.993, 1.165, 0.920, 1.180, 
0.942, 0.043, 0.951, 0.954, 1.021, 0.857, 1.330, 0.578, 0.902, 
1.018, 0.030, 1.306, 0.764, 1.177, 1.030, 0.934, 0.847, 1.071, 
1.074, 0.013, 1.020, 1.279, 1.007, 1.109, 1.143, 0.885, 1.077, 
1.030, 0.014, 1.042, 0.842, 1.025, 0.999, 1.023, 1.006, 1.274, 
1.064, 0.012, 1.106, 0.945, 1.091, 1.162, 0.887, 1.189, 
