1.008, 0.008, 0.914, 1.163, 0.922, 0.987, 1.108, 1.021, 0.940, 
0.981, 0.007, 1.036, 0.959, 0.896, 0.941, 1.084, 1.085, 0.865, 
1.034, 0.006, 1.003, 1.146, 0.911, 1.034, 0.970, 1.049, 1.122, 
1.008, 0.007, 1.048, 1.165, 0.961, 0.982, 0.880, 0.989, 1.031, 
1.001, 0.012, 0.917, 1.114, 0.828, 1.099, 0.954, 0.959, 1.136, 
1.013, 0.007, 1.081, 0.906, 1.028, 1.170, 0.968, 0.947, 0.990, 
0.982, 0.007, 1.028, 1.024, 0.898, 0.895, 0.946, 0.939, 1.142, 
1.024, 0.002, 0.972, 0.955, 1.056, 1.033, 1.050, 1.037, 1.068, 
0.978, 0.010, 1.156, 0.882, 0.890, 0.949, 0.904, 0.953, 1.110, 
1.100, 0.036, 1.265, 1.318, 1.054, 0.821, 1.103, 1.285, 0.852, 
1.065, 0.011, 1.220, 0.913, 0.984, 1.132, 1.164, 1.068, 0.975, 
0.990, 0.004, 0.893, 1.083, 1.028, 0.952, 1.039, 0.943, 
