1.000, 0.002, 0.964, 0.996, 1.067, 1.023, 1.027, 0.988, 0.933, 
1.052, 0.001, 1.029, 1.079, 1.031, 1.067, 1.022, 1.081, 1.058, 
1.010, 0.003, 1.060, 1.033, 1.089, 0.895, 0.986, 0.984, 1.024, 
0.994, 0.003, 1.024, 1.079, 0.912, 1.012, 0.940, 1.024, 0.967, 
0.977, 0.006, 0.849, 0.993, 0.888, 1.088, 1.010, 0.990, 1.025, 
0.974, 0.002, 0.953, 1.020, 0.943, 0.997, 1.037, 0.941, 0.929, 
1.047, 0.003, 1.131, 1.029, 1.012, 1.132, 1.017, 1.018, 0.991, 
0.992, 0.001, 1.031, 0.943, 0.964, 0.994, 1.033, 0.976, 1.004, 
1.009, 0.001, 1.044, 0.984, 1.028, 1.009, 0.969, 1.019, 1.011, 
1.066, 0.004, 1.181, 1.107, 0.946, 1.024, 1.074, 1.075, 1.057, 
1.015, 0.001, 1.007, 0.948, 1.020, 1.051, 1.040, 1.024, 1.014, 
1.014, 0.002, 1.062, 0.966, 1.032, 1.037, 1.039, 0.949, 
