0.898, 0.020, 0.961, 0.989, 0.998, 0.917, 1.045, 0.732, 0.642, 
1.049, 0.017, 1.134, 0.881, 0.908, 0.963, 1.028, 1.182, 1.249, 
1.007, 0.017, 1.070, 1.045, 0.899, 1.106, 1.110, 0.730, 1.086, 
1.026, 0.010, 0.977, 0.947, 0.957, 1.050, 0.937, 1.073, 1.242, 
0.943, 0.007, 0.907, 1.024, 1.029, 1.007, 0.912, 0.953, 0.771, 
0.957, 0.007, 0.904, 1.020, 1.041, 0.850, 0.987, 0.844, 1.055, 
1.023, 0.047, 1.132, 1.059, 0.975, 0.998, 0.859, 0.697, 1.444, 
1.072, 0.023, 1.008, 0.881, 1.046, 0.976, 1.012, 1.356, 1.228, 
0.960, 0.037, 1.158, 0.890, 1.034, 0.924, 0.839, 0.626, 1.246, 
1.109, 0.017, 0.948, 1.349, 1.113, 1.089, 0.935, 1.191, 1.135, 
1.005, 0.014, 1.173, 0.912, 0.904, 1.036, 1.005, 0.848, 1.162, 
0.962, 0.013, 1.103, 0.969, 1.000, 1.070, 0.832, 0.799, 
