0.945, 0.023, 1.118, 0.869, 1.181, 0.986, 0.921, 0.831, 0.710, 
1.099, 0.032, 1.056, 1.153, 1.255, 0.982, 0.754, 1.343, 1.146, 
1.062, 0.008, 1.193, 1.159, 1.103, 1.055, 0.953, 0.949, 1.020, 
1.092, 0.094, 0.833, 1.075, 0.907, 1.048, 0.982, 1.820, 0.977, 
0.937, 0.030, 0.812, 0.853, 0.721, 1.029, 1.225, 0.810, 1.108, 
0.976, 0.011, 0.969, 0.935, 1.095, 0.987, 1.067, 0.753, 1.024, 
1.010, 0.018, 1.192, 1.208, 0.898, 0.969, 0.868, 1.049, 0.883, 
1.000, 0.055, 0.798, 0.862, 0.949, 0.978, 0.988, 0.873, 1.554, 
0.933, 0.007, 0.976, 0.839, 0.996, 1.040, 0.800, 0.877, 1.002, 
0.996, 0.017, 1.004, 1.082, 0.907, 0.868, 0.916, 1.265, 0.926, 
0.978, 0.018, 0.943, 1.103, 1.181, 1.078, 0.808, 0.840, 0.894, 
0.948, 0.008, 1.029, 1.005, 0.919, 1.050, 0.904, 0.783, 
