1.007, 0.016, 0.996, 1.052, 1.192, 0.968, 0.749, 1.096, 0.998, 
1.003, 0.013, 1.080, 1.099, 1.167, 0.883, 0.825, 1.023, 0.942, 
1.327, 0.253, 1.509, 1.084, 1.245, 1.030, 0.941, 1.000, 2.480, 
1.062, 0.031, 0.974, 1.393, 1.004, 1.056, 0.857, 0.904, 1.243, 
0.857, 0.026, 0.785, 0.955, 0.920, 1.106, 0.778, 0.549, 0.905, 
0.975, 0.017, 0.742, 1.125, 1.089, 0.974, 1.108, 0.910, 0.879, 
1.017, 0.022, 1.197, 1.189, 0.947, 1.153, 0.829, 0.857, 0.949, 
0.977, 0.007, 0.899, 0.850, 1.038, 0.939, 0.980, 1.019, 1.112, 
1.044, 0.004, 1.045, 0.953, 0.958, 1.082, 1.107, 1.039, 1.128, 
1.021, 0.013, 1.097, 1.176, 0.960, 1.011, 0.956, 1.128, 0.820, 
0.926, 0.031, 1.113, 0.848, 0.796, 1.064, 1.075, 0.591, 0.997, 
0.988, 0.019, 1.147, 1.010, 1.040, 1.084, 0.924, 0.721, 
