0.988, 0.015, 1.173, 0.899, 1.064, 1.099, 0.980, 0.890, 0.809, 
1.033, 0.001, 1.017, 0.993, 1.070, 1.002, 1.031, 1.086, 1.033, 
1.044, 0.003, 1.059, 0.954, 1.098, 1.058, 1.064, 0.981, 1.091, 
1.047, 0.005, 1.102, 1.036, 1.001, 1.035, 0.927, 1.048, 1.182, 
0.999, 0.004, 0.919, 0.943, 0.943, 1.101, 0.989, 1.046, 1.053, 
0.990, 0.004, 0.971, 0.992, 0.991, 1.007, 1.054, 1.055, 0.860, 
1.012, 0.004, 1.031, 0.945, 0.996, 1.049, 0.998, 0.925, 1.139, 
0.950, 0.007, 0.874, 0.802, 1.023, 0.970, 1.000, 0.922, 1.060, 
0.986, 0.002, 1.073, 0.917, 1.003, 0.963, 0.984, 0.961, 0.998, 
1.040, 0.005, 0.977, 1.117, 0.954, 1.100, 0.948, 1.079, 1.105, 
1.025, 0.002, 1.030, 0.979, 0.979, 1.049, 0.992, 1.053, 1.093, 
1.035, 0.005, 1.150, 1.064, 1.022, 1.050, 1.018, 0.908, 
