1.005, 0.006, 0.986, 0.972, 1.179, 1.032, 0.916, 0.970, 0.981, 
1.084, 0.009, 1.242, 0.950, 1.148, 1.001, 1.131, 1.014, 1.101, 
1.031, 0.003, 1.070, 1.085, 0.984, 0.994, 1.004, 0.973, 1.107, 
1.039, 0.006, 1.185, 1.092, 0.955, 0.959, 1.013, 1.004, 1.064, 
0.969, 0.006, 0.918, 0.887, 0.875, 1.100, 1.025, 1.004, 0.974, 
0.968, 0.001, 0.951, 1.010, 0.942, 0.922, 1.010, 0.968, 0.975, 
1.045, 0.007, 1.183, 1.039, 0.979, 1.082, 0.921, 0.990, 1.120, 
0.985, 0.003, 0.935, 0.892, 1.038, 1.038, 1.021, 0.941, 1.032, 
0.994, 0.010, 1.199, 0.930, 0.955, 1.077, 0.913, 0.887, 0.997, 
1.030, 0.007, 0.976, 1.192, 1.019, 0.950, 1.100, 0.959, 1.013, 
1.024, 0.004, 1.102, 0.956, 1.020, 1.041, 1.011, 0.932, 1.108, 
1.026, 0.004, 1.120, 0.963, 1.077, 1.064, 0.999, 0.930, 
