0.963, 0.009, 0.972, 0.866, 1.183, 0.958, 0.965, 0.895, 0.905, 
1.034, 0.009, 1.159, 0.964, 0.887, 1.148, 1.049, 0.947, 1.083, 
0.990, 0.008, 1.106, 0.874, 0.904, 1.000, 0.912, 1.010, 1.122, 
0.984, 0.012, 1.019, 1.012, 0.889, 1.180, 0.913, 0.824, 1.052, 
1.004, 0.009, 0.924, 0.967, 0.992, 1.228, 1.002, 0.967, 0.948, 
0.978, 0.004, 0.936, 0.871, 1.105, 0.963, 0.971, 1.008, 0.996, 
1.053, 0.020, 1.153, 1.034, 0.759, 1.149, 1.166, 0.950, 1.159, 
0.963, 0.025, 0.705, 0.782, 1.184, 1.121, 1.006, 0.953, 0.991, 
1.032, 0.010, 1.209, 0.898, 1.133, 1.029, 0.954, 1.033, 0.971, 
1.027, 0.035, 0.720, 1.220, 0.879, 1.074, 1.155, 0.884, 1.257, 
1.007, 0.005, 1.011, 0.971, 0.878, 1.062, 0.964, 1.065, 1.095, 
1.070, 0.005, 1.190, 1.082, 1.024, 1.040, 1.104, 0.978, 
