0.990, 0.007, 0.930, 1.050, 0.993, 1.150, 0.938, 0.999, 0.869, 
1.058, 0.002, 1.060, 1.040, 1.061, 0.997, 1.057, 1.025, 1.165, 
0.972, 0.009, 0.983, 1.042, 0.746, 0.989, 0.995, 0.990, 1.061, 
1.011, 0.001, 0.993, 1.038, 1.014, 1.050, 0.988, 0.956, 1.038, 
1.027, 0.003, 1.002, 1.039, 1.032, 1.024, 0.991, 0.965, 1.139, 
0.964, 0.005, 0.984, 1.017, 0.852, 0.861, 1.011, 1.032, 0.987, 
1.002, 0.002, 1.005, 0.946, 1.014, 1.041, 0.937, 1.013, 1.058, 
1.001, 0.003, 0.913, 0.988, 1.118, 0.989, 1.018, 0.971, 1.008, 
0.980, 0.002, 0.984, 0.921, 1.040, 0.998, 0.913, 0.960, 1.043, 
1.040, 0.003, 1.022, 1.130, 1.010, 0.996, 1.063, 1.086, 0.977, 
1.052, 0.001, 1.034, 1.034, 1.031, 1.056, 1.092, 1.087, 1.029, 
1.029, 0.002, 1.067, 1.095, 0.978, 1.049, 1.014, 0.973, 
