0.997, 0.003, 0.994, 0.929, 1.050, 1.053, 0.934, 0.954, 1.063, 
1.069, 0.005, 1.123, 0.998, 1.157, 0.942, 1.119, 1.094, 1.046, 
1.032, 0.001, 1.041, 1.012, 1.086, 1.002, 1.023, 1.036, 1.021, 
1.063, 0.004, 1.072, 1.111, 1.095, 1.131, 0.944, 1.079, 1.006, 
1.011, 0.003, 0.942, 1.043, 1.006, 1.097, 0.977, 1.055, 0.956, 
0.985, 0.004, 0.860, 1.004, 0.961, 1.037, 0.958, 1.032, 1.041, 
1.001, 0.004, 0.938, 1.086, 0.986, 0.964, 1.115, 0.946, 0.968, 
0.999, 0.003, 0.937, 0.953, 1.094, 1.005, 1.067, 0.973, 0.960, 
0.995, 0.007, 1.165, 1.005, 0.980, 1.043, 0.948, 0.914, 0.910, 
1.014, 0.011, 0.934, 1.256, 1.011, 0.898, 1.004, 0.999, 0.995, 
1.052, 0.008, 1.255, 1.050, 0.980, 1.034, 1.049, 0.975, 1.023, 
1.018, 0.002, 0.936, 1.014, 1.026, 1.020, 1.067, 1.044, 
