1.090, 0.023, 1.038, 1.315, 1.276, 0.968, 0.857, 1.133, 1.042, 
1.062, 0.010, 1.045, 1.100, 1.147, 0.839, 1.109, 1.155, 1.037, 
1.021, 0.005, 1.152, 0.912, 1.018, 0.955, 1.011, 1.088, 1.010, 
1.084, 0.051, 1.551, 0.778, 1.147, 0.905, 1.123, 1.061, 1.021, 
1.027, 0.003, 1.110, 1.001, 1.061, 0.945, 0.985, 1.092, 0.995, 
1.003, 0.003, 1.074, 0.996, 1.007, 0.960, 1.031, 0.896, 1.058, 
1.083, 0.008, 1.191, 0.987, 1.099, 1.083, 1.008, 0.990, 1.224, 
1.031, 0.020, 0.793, 1.011, 1.226, 1.193, 1.042, 0.907, 1.042, 
1.004, 0.007, 1.153, 1.003, 0.929, 1.005, 0.869, 1.049, 1.024, 
0.981, 0.014, 0.721, 1.120, 1.049, 0.985, 0.964, 1.002, 1.029, 
0.982, 0.012, 1.208, 0.972, 0.867, 0.886, 0.905, 1.038, 0.998, 
1.038, 0.021, 1.039, 1.026, 0.893, 1.021, 1.335, 0.912, 
