0.981, 0.005, 0.944, 1.046, 1.069, 1.025, 0.983, 0.950, 0.853, 
1.031, 0.007, 1.086, 0.865, 1.009, 1.011, 0.996, 1.110, 1.140, 
1.009, 0.003, 1.077, 0.933, 1.050, 1.004, 1.017, 0.919, 1.064, 
1.003, 0.001, 1.029, 1.002, 0.949, 0.985, 1.011, 1.056, 0.989, 
0.988, 0.013, 0.856, 0.945, 0.822, 1.166, 1.070, 1.009, 1.049, 
0.975, 0.001, 0.916, 0.947, 1.022, 1.010, 1.007, 0.940, 0.985, 
1.032, 0.002, 1.067, 1.035, 0.937, 1.049, 1.021, 1.034, 1.084, 
0.986, 0.010, 0.872, 0.996, 1.196, 0.917, 0.975, 0.917, 1.029, 
1.014, 0.001, 1.084, 1.003, 0.996, 0.997, 1.005, 1.013, 1.000, 
1.025, 0.008, 1.057, 1.177, 0.906, 0.973, 0.965, 1.127, 0.969, 
0.999, 0.009, 0.840, 1.018, 1.091, 0.936, 1.138, 0.947, 1.024, 
1.026, 0.000, 1.048, 1.003, 1.035, 1.049, 1.019, 1.002, 
