0.971, 0.004, 0.904, 0.887, 1.075, 1.004, 0.956, 1.022, 0.952, 
0.996, 0.003, 1.020, 0.955, 0.899, 1.063, 0.993, 1.056, 0.984, 
1.051, 0.003, 1.172, 1.066, 0.987, 1.072, 0.983, 1.034, 1.044, 
0.993, 0.004, 1.037, 1.010, 0.976, 1.101, 0.906, 0.938, 0.981, 
0.971, 0.001, 0.893, 0.963, 1.011, 1.000, 0.990, 0.966, 0.975, 
1.034, 0.009, 0.907, 1.161, 1.079, 0.903, 1.103, 1.095, 0.990, 
0.984, 0.004, 1.084, 0.949, 0.909, 1.052, 0.923, 0.943, 1.028, 
0.939, 0.006, 0.857, 0.905, 1.085, 0.837, 1.004, 0.926, 0.957, 
1.012, 0.004, 1.103, 0.929, 1.031, 1.099, 0.950, 0.988, 0.985, 
1.072, 0.013, 0.963, 1.299, 0.971, 1.056, 1.168, 1.054, 0.995, 
1.062, 0.004, 1.068, 0.988, 1.021, 1.204, 1.032, 1.061, 1.064, 
0.999, 0.005, 1.133, 0.998, 1.039, 0.942, 0.918, 0.965, 
