1.020, 0.002, 0.985, 0.984, 1.105, 1.039, 0.971, 1.035, 1.018, 
1.038, 0.006, 1.134, 1.007, 0.991, 0.991, 1.065, 1.148, 0.931, 
0.960, 0.040, 1.027, 1.080, 1.071, 0.981, 0.476, 1.003, 1.080, 
0.950, 0.003, 1.004, 1.009, 0.958, 0.839, 0.936, 0.946, 0.957, 
0.981, 0.007, 0.971, 0.917, 0.811, 1.013, 1.016, 1.087, 1.055, 
0.974, 0.001, 0.991, 0.980, 0.976, 0.980, 1.014, 0.942, 0.932, 
1.027, 0.003, 1.062, 0.956, 0.984, 1.138, 1.007, 1.022, 1.020, 
1.005, 0.006, 1.060, 0.897, 1.132, 1.017, 0.918, 1.011, 0.997, 
1.031, 0.005, 1.116, 1.018, 1.088, 1.118, 0.971, 0.999, 0.909, 
1.055, 0.005, 1.020, 1.167, 0.950, 1.059, 1.075, 1.129, 0.984, 
1.019, 0.004, 1.009, 0.935, 1.000, 1.071, 1.127, 0.947, 1.042, 
1.030, 0.005, 1.121, 0.971, 1.096, 1.067, 0.982, 0.941, 
