0.999, 0.002, 0.982, 1.075, 1.046, 1.024, 0.981, 0.948, 0.938, 
1.044, 0.006, 1.163, 0.988, 0.952, 0.981, 0.990, 1.150, 1.082, 
1.029, 0.000, 1.001, 1.026, 1.024, 1.029, 1.055, 1.012, 1.054, 
0.997, 0.000, 1.027, 1.004, 0.999, 1.012, 0.973, 1.000, 0.966, 
1.006, 0.008, 0.847, 0.896, 1.054, 1.083, 1.029, 1.076, 1.054, 
0.986, 0.004, 0.932, 1.083, 1.035, 0.966, 0.982, 1.027, 0.879, 
1.013, 0.004, 1.101, 0.929, 1.015, 1.060, 0.921, 0.983, 1.083, 
0.962, 0.007, 0.921, 0.837, 1.042, 0.953, 0.962, 0.905, 1.114, 
0.994, 0.003, 1.028, 0.897, 1.003, 1.062, 0.924, 1.023, 1.016, 
1.083, 0.004, 1.079, 1.161, 1.055, 1.064, 1.115, 1.140, 0.963, 
1.027, 0.010, 1.138, 1.171, 0.912, 1.029, 1.053, 1.003, 0.883, 
1.016, 0.001, 1.019, 1.023, 1.055, 1.033, 0.989, 0.977, 
