1.011, 0.002, 0.984, 1.051, 1.044, 1.068, 0.994, 0.941, 0.991, 
1.047, 0.003, 1.090, 1.048, 0.987, 0.963, 1.113, 1.078, 1.050, 
1.000, 0.003, 1.074, 0.951, 0.987, 1.014, 0.911, 1.005, 1.056, 
0.990, 0.001, 1.032, 0.963, 0.950, 0.965, 1.007, 0.990, 1.025, 
0.999, 0.008, 0.888, 1.015, 0.874, 1.123, 1.049, 0.966, 1.077, 
0.980, 0.002, 0.881, 0.972, 0.985, 1.024, 0.995, 1.008, 0.992, 
1.005, 0.004, 1.035, 0.973, 0.986, 1.092, 0.947, 0.927, 1.077, 
1.007, 0.006, 0.879, 0.973, 1.017, 1.035, 1.146, 0.974, 1.022, 
1.022, 0.007, 1.120, 0.944, 1.088, 1.124, 0.915, 0.959, 1.001, 
1.051, 0.004, 1.056, 1.150, 0.940, 1.059, 1.056, 1.114, 0.983, 
1.031, 0.001, 1.020, 1.009, 1.017, 1.056, 1.018, 1.018, 1.077, 
1.066, 0.005, 1.063, 1.132, 1.025, 1.185, 1.010, 0.981, 
