1.012, 0.012, 0.767, 0.985, 1.138, 1.047, 1.039, 1.063, 1.045, 
1.030, 0.002, 1.107, 0.989, 1.075, 1.001, 0.996, 1.020, 1.022, 
1.015, 0.004, 0.941, 0.986, 1.096, 1.012, 0.947, 1.023, 1.099, 
1.001, 0.003, 1.054, 1.023, 1.065, 0.950, 1.044, 0.914, 0.957, 
0.970, 0.003, 0.952, 0.926, 0.905, 0.986, 1.002, 0.930, 1.088, 
0.993, 0.003, 0.940, 0.973, 1.110, 0.942, 1.019, 0.941, 1.024, 
1.004, 0.002, 1.008, 1.007, 1.045, 1.016, 0.988, 1.053, 0.914, 
0.958, 0.041, 1.111, 1.061, 1.085, 1.001, 1.090, 0.852, 0.505, 
1.004, 0.005, 1.103, 1.014, 1.005, 1.062, 0.968, 1.010, 0.868, 
1.015, 0.001, 1.058, 0.985, 1.000, 1.060, 1.057, 0.977, 0.970, 
1.010, 0.027, 0.932, 0.965, 0.983, 0.900, 0.996, 0.887, 1.405, 
1.014, 0.001, 1.032, 0.986, 1.034, 0.970, 1.016, 1.045, 
