1.014, 0.005, 0.937, 1.085, 1.117, 1.083, 0.949, 0.954, 0.974, 
1.017, 0.005, 1.140, 0.976, 0.953, 0.928, 0.998, 1.059, 1.065, 
1.009, 0.001, 1.047, 1.062, 0.968, 0.994, 1.048, 0.967, 0.978, 
1.027, 0.000, 0.990, 1.017, 1.021, 1.047, 1.023, 1.030, 1.064, 
0.960, 0.002, 0.963, 0.883, 0.907, 0.985, 0.976, 1.046, 0.963, 
0.988, 0.002, 0.941, 0.986, 1.050, 0.938, 0.993, 1.033, 0.977, 
0.999, 0.004, 1.153, 0.961, 0.970, 1.023, 0.946, 0.977, 0.961, 
0.989, 0.004, 0.963, 1.025, 0.967, 1.010, 0.983, 0.876, 1.103, 
0.983, 0.008, 1.090, 0.834, 1.104, 0.978, 0.980, 0.909, 0.985, 
1.058, 0.002, 1.071, 1.162, 1.034, 1.003, 1.041, 1.062, 1.036, 
1.013, 0.001, 0.981, 1.046, 0.982, 1.021, 1.028, 1.007, 1.028, 
1.032, 0.002, 1.105, 1.002, 1.015, 1.088, 1.014, 0.971, 
