0.998, 0.003, 1.048, 0.922, 1.028, 1.084, 0.930, 0.951, 1.027, 
1.022, 0.001, 1.023, 1.003, 1.005, 1.002, 1.059, 1.076, 0.986, 
1.070, 0.005, 1.061, 1.102, 1.099, 1.116, 0.928, 1.034, 1.148, 
1.026, 0.003, 1.135, 1.055, 1.027, 1.033, 1.000, 0.976, 0.952, 
1.026, 0.002, 1.053, 1.050, 1.015, 1.026, 0.959, 0.986, 1.091, 
1.026, 0.004, 0.908, 1.027, 1.114, 0.963, 1.066, 1.064, 1.036, 
0.996, 0.002, 1.030, 0.940, 0.939, 1.057, 0.971, 1.022, 1.015, 
0.992, 0.012, 0.947, 1.140, 0.978, 0.999, 1.141, 0.933, 0.804, 
1.011, 0.003, 1.063, 1.068, 1.037, 1.053, 0.948, 0.980, 0.927, 
0.985, 0.002, 0.950, 1.045, 0.928, 1.021, 1.024, 0.950, 0.977, 
1.040, 0.003, 1.155, 1.023, 1.031, 0.985, 1.064, 0.962, 1.062, 
1.012, 0.007, 0.940, 1.040, 0.869, 1.067, 1.054, 1.103, 
