0.944, 0.009, 1.059, 0.929, 0.979, 1.002, 0.845, 1.020, 0.774, 
1.015, 0.004, 1.128, 1.000, 0.958, 1.037, 0.940, 1.086, 0.959, 
0.989, 0.002, 1.042, 0.978, 0.957, 0.928, 1.027, 0.939, 1.050, 
0.987, 0.010, 1.002, 1.137, 0.834, 1.018, 0.854, 0.995, 1.071, 
0.995, 0.006, 0.849, 0.976, 0.970, 1.085, 1.014, 0.981, 1.092, 
1.010, 0.009, 0.863, 1.161, 1.100, 0.971, 1.072, 0.973, 0.930, 
1.021, 0.005, 1.035, 1.093, 0.931, 1.067, 0.891, 1.045, 1.085, 
0.990, 0.005, 0.929, 0.899, 1.123, 0.928, 0.993, 1.002, 1.054, 
1.026, 0.013, 1.218, 0.883, 0.988, 1.061, 0.896, 1.142, 0.994, 
1.009, 0.008, 1.011, 1.139, 0.923, 1.016, 1.086, 1.040, 0.846, 
1.013, 0.013, 0.979, 0.850, 1.044, 1.137, 0.886, 1.004, 1.191, 
1.079, 0.015, 1.170, 1.085, 0.966, 1.053, 1.282, 0.917, 
