0.989, 0.003, 0.919, 1.062, 1.008, 0.996, 0.989, 1.042, 0.910, 
0.996, 0.000, 1.001, 0.985, 0.997, 0.965, 0.997, 0.991, 1.038, 
1.050, 0.001, 1.030, 1.017, 1.048, 1.012, 1.093, 1.088, 1.061, 
0.973, 0.001, 0.975, 0.978, 0.943, 0.994, 0.936, 0.936, 1.051, 
1.026, 0.003, 0.920, 1.026, 0.992, 1.106, 1.060, 1.051, 1.026, 
0.993, 0.001, 0.950, 1.015, 1.020, 0.977, 0.984, 0.961, 1.044, 
0.990, 0.003, 0.926, 0.922, 0.980, 0.967, 1.047, 1.020, 1.068, 
0.975, 0.001, 0.937, 0.947, 1.034, 0.996, 1.010, 0.931, 0.972, 
1.019, 0.004, 1.132, 1.006, 1.049, 1.057, 0.960, 0.919, 1.010, 
1.014, 0.006, 0.984, 1.136, 0.917, 0.959, 1.045, 1.101, 0.955, 
1.015, 0.000, 1.002, 1.041, 0.995, 1.031, 1.020, 1.011, 1.002, 
1.013, 0.004, 1.088, 1.017, 1.009, 0.883, 1.041, 1.043, 
