0.973, 0.007, 0.998, 0.924, 1.035, 1.062, 0.881, 0.844, 1.063, 
1.052, 0.003, 1.016, 1.095, 1.121, 1.028, 1.044, 1.111, 0.948, 
1.033, 0.004, 1.104, 0.926, 1.090, 1.084, 1.012, 0.963, 1.051, 
1.053, 0.001, 1.090, 1.110, 1.067, 1.012, 1.020, 1.022, 
0.985, 0.001, 0.994, 0.981, 0.945, 0.990, 1.035, 0.968, 
0.973, 0.003, 0.961, 0.959, 1.059, 0.992, 0.986, 0.879, 
1.015, 0.003, 1.074, 0.996, 0.944, 1.057, 0.959, 1.062, 
1.007, 0.006, 0.988, 1.093, 1.099, 0.960, 1.050, 0.855, 1.006, 
1.014, 0.009, 1.115, 0.932, 1.096, 1.090, 0.852, 0.957, 1.053, 
1.024, 0.003, 1.023, 1.098, 0.969, 1.036, 0.974, 1.105, 0.964, 
0.989, 0.002, 0.924, 0.946, 1.005, 1.008, 0.947, 1.068, 1.027, 
0.996, 0.004, 1.023, 1.021, 1.036, 1.041, 0.995, 0.861, 
