0.993, 0.025, 1.244, 1.014, 1.013, 0.943, 0.752, 
1.107, 0.002, 1.169, 1.075, 1.098, 1.145, 1.047, 
1.034, 0.002, 0.998, 1.082, 1.001, 0.993, 1.095, 
1.008, 0.001, 0.976, 1.042, 0.965, 1.048, 1.008, 
1.008, 0.004, 0.950, 1.078, 1.044, 1.057, 0.913, 
0.965, 0.003, 0.874, 1.041, 1.000, 0.979, 0.929, 
1.031, 0.006, 1.104, 1.063, 0.971, 0.915, 1.101, 
1.026, 0.001, 1.070, 1.010, 1.030, 0.965, 1.055, 
1.000, 0.004, 1.036, 1.055, 0.883, 1.028, 0.999, 
1.025, 0.007, 0.995, 0.971, 1.103, 1.138, 0.918, 
1.032, 0.001, 0.985, 1.049, 1.023, 1.065, 1.067, 1.002, 
1.041, 0.002, 1.054, 1.124, 1.036, 1.003, 0.988, 
