0.981, 0.002, 1.013, 0.908, 1.019, 1.004, 0.899, 0.999, 1.023, 
1.070, 0.003, 1.110, 1.005, 1.057, 1.135, 1.079, 1.118, 0.984, 
1.049, 0.003, 1.068, 1.105, 1.068, 1.101, 0.948, 1.025, 1.025, 
1.009, 0.002, 1.030, 1.037, 1.077, 1.007, 0.986, 0.948, 0.979, 
1.036, 0.002, 1.018, 1.098, 1.002, 1.026, 1.023, 0.973, 1.113, 
0.914, 0.042, 0.675, 1.072, 0.518, 1.041, 1.016, 1.039, 1.037, 
1.009, 0.001, 1.052, 0.994, 0.973, 1.036, 1.005, 0.978, 1.026, 
0.989, 0.004, 1.032, 1.106, 0.953, 0.994, 0.980, 0.985, 0.871, 
1.016, 0.003, 1.075, 1.039, 1.003, 1.094, 1.027, 0.941, 0.934, 
0.989, 0.006, 1.044, 1.051, 0.831, 1.009, 1.069, 0.964, 0.956, 
1.057, 0.004, 1.070, 1.023, 1.042, 0.952, 1.139, 1.152, 1.023, 
1.017, 0.001, 1.018, 1.054, 0.960, 1.016, 1.028, 1.024, 
