1.048, 0.010, 1.083, 1.062, 1.094, 1.231, 0.931, 1.028, 0.907, 
1.040, 0.001, 1.070, 1.050, 1.016, 1.062, 1.041, 0.983, 1.056, 
1.048, 0.002, 1.024, 1.000, 1.065, 1.070, 0.971, 1.076, 1.127, 
1.021, 0.001, 1.001, 1.065, 1.021, 1.033, 0.961, 1.002, 1.062, 
1.018, 0.002, 1.039, 1.006, 0.970, 1.109, 0.954, 1.019, 1.032, 
1.002, 0.001, 0.982, 1.000, 0.987, 1.018, 1.066, 1.017, 0.942, 
0.982, 0.003, 0.975, 1.000, 1.017, 0.961, 0.873, 0.977, 1.070, 
0.958, 0.018, 0.884, 0.695, 1.054, 0.962, 1.169, 0.977, 0.962, 
0.997, 0.005, 0.974, 1.000, 1.163, 1.016, 0.969, 0.935, 0.925, 
0.990, 0.001, 1.000, 1.000, 1.043, 1.000, 0.992, 0.988, 0.907, 
1.013, 0.008, 1.000, 0.868, 0.904, 1.010, 1.064, 1.110, 1.132, 
1.000, 0.010, 0.878, 0.976, 0.994, 1.182, 1.054, 0.917, 
