1.000, 0.004, 1.018, 1.058, 1.084, 1.039, 0.921, 0.961, 0.920, 
1.029, 0.001, 1.055, 1.000, 1.001, 1.058, 0.999, 1.019, 1.072, 
0.984, 0.003, 1.024, 1.017, 0.964, 0.994, 0.878, 0.965, 1.042, 
1.039, 0.002, 1.118, 1.040, 0.998, 0.967, 1.034, 1.089, 1.027, 
0.988, 0.007, 0.855, 0.970, 0.921, 1.136, 1.014, 1.003, 1.015, 
0.982, 0.003, 0.928, 1.046, 0.909, 0.995, 1.038, 0.930, 1.028, 
1.014, 0.006, 1.122, 0.911, 1.029, 1.100, 0.954, 0.922, 1.057, 
0.992, 0.002, 0.931, 0.952, 1.061, 1.004, 1.017, 0.939, 1.041, 
0.986, 0.009, 1.145, 0.826, 1.035, 1.052, 0.912, 0.943, 0.988, 
1.041, 0.008, 1.022, 1.219, 0.981, 1.018, 0.987, 1.130, 0.932, 
1.024, 0.001, 1.039, 0.988, 1.083, 0.989, 0.980, 1.020, 1.065, 
1.022, 0.003, 1.053, 1.089, 1.025, 1.072, 0.958, 0.938, 
