0.999, 0.001, 0.961, 0.991, 0.985, 1.002, 0.992, 1.087, 0.978, 
1.025, 0.003, 1.129, 1.038, 0.981, 0.965, 1.079, 1.009, 0.972, 
1.042, 0.002, 1.127, 1.029, 1.036, 1.083, 1.044, 1.004, 0.975, 
1.005, 0.002, 0.945, 1.060, 1.002, 1.039, 1.026, 0.954, 1.009, 
1.031, 0.002, 1.127, 1.047, 1.008, 0.968, 1.039, 1.022, 1.008, 
1.011, 0.001, 0.999, 1.021, 1.053, 0.985, 1.016, 0.964, 1.038, 
1.014, 0.002, 0.997, 0.924, 1.046, 1.008, 1.015, 1.085, 1.025, 
0.988, 0.001, 0.990, 1.016, 0.984, 0.959, 1.045, 0.964, 0.955, 
0.994, 0.001, 0.951, 0.992, 0.993, 1.002, 1.013, 1.034, 0.975, 
1.033, 0.004, 1.028, 0.985, 0.961, 1.069, 1.073, 1.153, 0.963, 
1.011, 0.001, 0.999, 0.978, 1.041, 1.017, 1.068, 1.013, 0.961, 
1.016, 0.002, 0.967, 1.102, 0.984, 1.016, 0.986, 1.039, 
