1.017, 0.003, 1.031, 1.062, 1.060, 1.064, 1.000, 1.011, 0.893, 
1.031, 0.004, 0.893, 1.045, 1.077, 1.040, 1.042, 1.104, 1.013, 
1.035, 0.001, 1.080, 1.048, 1.017, 1.043, 0.998, 1.019, 1.042, 
1.008, 0.003, 1.030, 0.924, 1.031, 0.973, 0.960, 1.053, 1.082, 
0.974, 0.002, 0.893, 0.984, 0.924, 0.996, 0.993, 1.032, 0.996, 
1.008, 0.002, 0.960, 1.061, 1.042, 0.962, 1.011, 1.059, 0.958, 
1.012, 0.006, 1.113, 0.990, 0.994, 1.055, 0.991, 0.855, 1.086, 
0.983, 0.001, 0.980, 0.946, 0.964, 1.033, 1.006, 0.960, 0.991, 
1.018, 0.005, 1.088, 0.949, 1.115, 1.061, 0.907, 1.038, 0.970, 
1.046, 0.013, 0.976, 1.129, 0.992, 1.120, 1.116, 1.172, 0.820, 
1.016, 0.001, 0.992, 0.978, 1.000, 1.035, 1.060, 1.002, 1.048, 
1.001, 0.002, 1.034, 0.976, 1.053, 1.030, 0.966, 0.945, 
