1.021, 0.002, 1.016, 1.073, 1.068, 1.047, 1.012, 0.995, 0.938, 
1.040, 0.001, 1.044, 1.080, 1.053, 1.037, 1.059, 0.997, 1.008, 
1.040, 0.001, 1.009, 1.055, 1.032, 1.003, 1.007, 1.093, 1.083, 
1.005, 0.001, 1.000, 1.046, 0.993, 0.957, 1.008, 1.011, 1.021, 
0.997, 0.002, 0.986, 0.948, 0.928, 1.054, 1.007, 1.019, 1.041, 
1.017, 0.005, 0.968, 1.028, 1.182, 0.971, 1.032, 0.949, 0.994, 
0.981, 0.001, 0.927, 0.967, 1.015, 0.983, 0.973, 0.992, 1.010, 
0.972, 0.007, 1.124, 0.913, 0.982, 0.926, 1.050, 0.966, 0.840, 
0.928, 0.030, 1.068, 0.878, 1.061, 0.530, 0.980, 0.959, 1.021, 
1.028, 0.006, 1.035, 1.102, 1.076, 0.977, 1.062, 1.085, 0.858, 
1.011, 0.002, 1.006, 1.089, 0.963, 1.067, 0.981, 0.946, 1.025, 
1.002, 0.002, 0.951, 1.010, 1.019, 1.072, 0.998, 0.959, 
