0.996, 0.004, 1.012, 1.074, 1.027, 1.048, 1.007, 0.910, 0.892, 
1.057, 0.020, 1.080, 1.030, 0.977, 1.000, 1.032, 1.380, 0.899, 
1.049, 0.004, 1.001, 1.028, 1.068, 0.924, 1.112, 1.101, 1.108, 
1.017, 0.011, 1.214, 0.841, 1.003, 1.010, 0.992, 0.969, 1.092, 
1.069, 0.020, 0.905, 1.153, 0.853, 1.195, 0.968, 1.212, 1.195, 
0.998, 0.004, 0.901, 0.984, 0.911, 1.022, 1.072, 1.039, 1.053, 
1.032, 0.006, 1.016, 1.069, 0.944, 1.123, 0.907, 1.090, 1.076, 
0.974, 0.009, 0.867, 1.085, 0.861, 0.964, 1.065, 1.083, 0.892, 
1.016, 0.013, 1.235, 0.854, 0.966, 1.100, 0.954, 1.008, 0.992, 
1.056, 0.011, 1.091, 1.265, 0.984, 1.070, 0.985, 1.082, 0.918, 
1.097, 0.011, 1.215, 1.014, 1.258, 0.955, 1.010, 1.130, 1.100, 
1.040, 0.013, 1.127, 1.086, 1.094, 0.986, 1.143, 0.806, 
