1.007, 0.011, 0.931, 0.922, 0.873, 1.045, 1.131, 1.167, 0.979, 
1.057, 0.007, 1.007, 1.143, 0.905, 1.174, 1.098, 1.037, 1.035, 
1.031, 0.002, 1.118, 1.053, 0.998, 0.999, 1.007, 1.024, 1.014, 
0.990, 0.002, 1.048, 1.035, 0.931, 1.000, 0.971, 1.003, 0.944, 
1.111, 0.028, 0.842, 1.179, 0.901, 1.319, 1.237, 1.080, 1.217, 
0.969, 0.005, 0.882, 0.977, 0.863, 0.984, 1.036, 1.064, 0.980, 
1.021, 0.005, 1.090, 0.972, 0.922, 1.115, 0.940, 1.076, 1.033, 
1.039, 0.005, 0.951, 1.031, 1.155, 1.047, 1.095, 0.931, 1.064, 
0.987, 0.003, 1.054, 0.921, 0.966, 0.955, 0.937, 1.035, 1.042, 
1.038, 0.007, 0.960, 1.159, 0.968, 0.985, 1.124, 1.123, 0.945, 
0.999, 0.009, 0.940, 0.985, 1.171, 0.876, 1.093, 0.933, 0.992, 
1.022, 0.005, 1.102, 0.927, 0.946, 1.052, 1.092, 1.012, 
