0.997, 0.004, 0.990, 1.087, 1.033, 1.066, 0.974, 0.948, 0.878, 
1.057, 0.003, 1.030, 1.043, 1.136, 0.978, 1.106, 1.086, 1.015, 
1.005, 0.004, 1.149, 0.952, 1.020, 0.974, 0.949, 0.991, 1.003, 
1.005, 0.006, 0.885, 1.093, 1.113, 0.942, 0.948, 1.021, 1.032, 
0.970, 0.003, 0.899, 0.907, 0.978, 1.042, 0.946, 1.027, 0.995, 
0.982, 0.002, 0.916, 1.030, 1.041, 0.954, 0.995, 0.968, 0.969, 
1.010, 0.059, 1.046, 1.082, 1.090, 0.983, 1.054, 0.473, 1.343, 
1.015, 0.003, 1.102, 0.947, 1.058, 0.975, 1.048, 0.956, 1.023, 
1.016, 0.003, 1.049, 0.995, 1.030, 1.107, 0.999, 0.913, 1.018, 
1.029, 0.012, 1.197, 1.062, 1.008, 0.949, 0.944, 1.161, 0.885, 
1.004, 0.003, 0.993, 0.932, 1.071, 0.936, 1.058, 1.038, 0.999, 
0.999, 0.002, 0.952, 1.035, 0.966, 1.060, 1.034, 0.949, 
