0.946, 0.088, 0.292, 0.960, 1.099, 1.013, 0.933, 1.341, 0.983, 
1.093, 0.013, 1.052, 1.204, 0.916, 0.949, 1.205, 1.138, 1.184, 
1.021, 0.007, 1.082, 0.848, 0.994, 1.040, 1.022, 1.144, 1.020, 
1.015, 0.014, 1.020, 1.003, 0.880, 1.188, 0.902, 0.925, 1.191, 
0.993, 0.020, 0.931, 0.868, 0.862, 1.032, 1.006, 1.309, 0.941, 
0.934, 0.038, 1.029, 1.026, 1.116, 0.477, 0.928, 0.931, 1.029, 
1.038, 0.014, 1.055, 0.982, 1.091, 1.228, 0.859, 0.921, 1.131, 
1.049, 0.014, 1.132, 0.873, 1.101, 0.977, 1.234, 0.930, 1.093, 
0.974, 0.016, 1.266, 0.911, 0.991, 0.873, 0.919, 0.876, 0.985, 
1.058, 0.006, 1.050, 1.169, 0.938, 1.125, 1.045, 1.111, 0.972, 
1.092, 0.042, 0.860, 1.302, 0.751, 1.202, 1.105, 1.351, 1.075, 
1.036, 0.007, 1.140, 1.093, 0.950, 1.078, 1.052, 0.902, 
