0.926, 0.010, 0.884, 0.965, 1.083, 0.984, 0.950, 0.871, 0.746, 
1.050, 0.004, 1.120, 1.122, 0.936, 0.987, 1.032, 1.048, 1.102, 
0.976, 0.003, 0.930, 0.904, 0.983, 1.015, 0.919, 1.027, 1.056, 
1.097, 0.022, 1.383, 1.228, 1.053, 0.970, 0.940, 0.978, 1.129, 
1.028, 0.011, 0.907, 1.082, 1.029, 1.250, 1.012, 0.965, 0.954, 
1.011, 0.010, 1.007, 0.932, 1.189, 0.941, 1.052, 1.085, 0.870, 
0.998, 0.005, 1.016, 0.899, 0.953, 1.118, 0.937, 0.998, 1.068, 
0.974, 0.007, 0.932, 0.884, 1.002, 1.144, 1.033, 0.932, 0.891, 
0.984, 0.004, 0.888, 0.940, 1.018, 1.079, 0.993, 0.938, 1.035, 
1.060, 0.010, 1.134, 1.228, 1.002, 1.064, 1.009, 1.096, 0.890, 
0.939, 0.015, 0.937, 0.807, 0.924, 0.952, 0.953, 0.803, 1.200, 
1.066, 0.011, 1.226, 1.002, 1.159, 1.049, 1.051, 0.909, 
