0.958, 0.002, 0.924, 1.052, 0.937, 1.001, 0.891, 0.938, 0.961, 
0.976, 0.005, 0.891, 1.039, 0.957, 1.071, 0.905, 1.054, 0.916, 
1.041, 0.005, 1.047, 1.186, 0.977, 1.090, 0.982, 1.000, 1.008, 
0.955, 0.002, 0.902, 1.039, 0.930, 0.904, 0.936, 0.980, 0.991, 
0.978, 0.003, 0.917, 0.999, 0.948, 0.986, 0.930, 0.974, 1.094, 
1.038, 0.004, 0.986, 1.043, 1.158, 0.987, 0.955, 1.073, 1.067, 
1.056, 0.005, 1.166, 0.943, 1.070, 1.085, 1.059, 0.971, 1.101, 
1.052, 0.009, 0.971, 0.931, 1.070, 1.226, 1.115, 1.069, 0.979, 
1.007, 0.005, 1.142, 0.979, 1.018, 1.041, 0.902, 0.958, 1.012, 
1.063, 0.007, 1.049, 1.238, 0.972, 1.064, 1.051, 1.087, 0.979, 
1.017, 0.002, 0.988, 0.945, 1.066, 0.971, 1.002, 1.078, 1.069, 
1.043, 0.003, 1.147, 1.050, 1.062, 1.031, 0.994, 0.975, 
