0.999, 0.008, 0.969, 0.914, 1.192, 1.004, 0.994, 1.023, 0.899, 
1.035, 0.002, 1.045, 1.014, 0.973, 1.031, 1.006, 1.135, 1.038, 
1.040, 0.007, 1.106, 0.901, 1.040, 0.965, 1.189, 1.060, 1.022, 
0.981, 0.007, 1.096, 1.025, 0.883, 0.983, 0.847, 1.013, 1.021, 
0.958, 0.004, 0.854, 0.965, 0.890, 1.020, 0.946, 0.966, 1.062, 
0.960, 0.010, 0.735, 0.949, 1.037, 0.986, 1.045, 0.963, 1.006, 
1.009, 0.004, 1.091, 1.005, 0.935, 1.082, 0.914, 0.982, 1.054, 
0.981, 0.004, 0.920, 0.886, 1.058, 0.957, 0.978, 0.993, 1.073, 
1.010, 0.004, 1.108, 0.937, 1.089, 1.031, 0.948, 0.940, 1.021, 
1.047, 0.016, 0.981, 1.123, 0.891, 1.176, 1.078, 1.208, 0.869, 
1.049, 0.010, 1.116, 0.960, 1.181, 0.955, 0.940, 1.005, 1.187, 
1.019, 0.002, 1.053, 1.034, 0.967, 1.053, 1.067, 0.941, 
