0.983, 0.005, 0.883, 1.021, 1.064, 1.053, 1.018, 0.915, 0.925, 
1.028, 0.002, 0.981, 1.012, 0.960, 1.052, 1.077, 1.077, 1.037, 
1.036, 0.001, 1.064, 0.991, 0.991, 1.100, 1.011, 1.052, 1.043, 
1.010, 0.005, 1.152, 0.997, 1.065, 0.923, 0.970, 0.975, 0.992, 
0.972, 0.003, 0.867, 0.973, 0.937, 1.072, 0.980, 0.989, 0.984, 
1.004, 0.001, 0.967, 0.983, 0.977, 1.027, 1.007, 1.043, 1.023, 
1.016, 0.006, 1.134, 0.962, 0.950, 1.010, 0.929, 0.990, 1.138, 
0.962, 0.006, 0.868, 0.847, 1.060, 0.924, 1.035, 0.965, 1.032, 
0.995, 0.004, 1.067, 0.885, 1.046, 1.032, 0.922, 0.974, 1.036, 
1.072, 0.007, 1.042, 1.247, 1.091, 0.957, 1.073, 1.077, 1.015, 
1.044, 0.001, 1.035, 1.020, 1.017, 1.063, 1.013, 1.052, 1.105, 
1.044, 0.002, 1.084, 1.076, 1.046, 1.070, 1.043, 0.944, 
