0.987, 0.009, 1.068, 1.101, 0.998, 1.074, 0.826, 0.897, 0.943, 
1.035, 0.005, 1.193, 0.999, 1.042, 0.975, 0.999, 0.985, 1.052, 
1.090, 0.012, 1.301, 0.999, 1.027, 1.196, 1.001, 1.011, 1.093, 
0.979, 0.007, 1.005, 1.111, 0.920, 0.910, 0.947, 0.881, 1.076, 
0.995, 0.002, 0.961, 0.974, 0.982, 1.078, 0.954, 1.034, 0.983, 
0.937, 0.011, 0.731, 0.974, 0.857, 0.920, 1.056, 1.050, 0.968, 
1.018, 0.008, 1.067, 0.869, 1.029, 1.029, 0.924, 1.149, 1.060, 
0.981, 0.005, 0.892, 0.962, 1.076, 0.893, 1.095, 0.979, 0.966, 
0.984, 0.019, 1.263, 0.798, 1.005, 1.074, 0.906, 0.896, 0.944, 
1.122, 0.042, 0.872, 1.468, 1.334, 0.974, 1.227, 1.011, 0.967, 
1.060, 0.002, 1.107, 1.050, 0.975, 1.130, 1.052, 1.037, 1.069, 
1.061, 0.016, 1.205, 1.245, 0.878, 1.021, 1.039, 0.981, 
