1.003, 0.004, 0.976, 1.048, 1.116, 1.027, 0.969, 0.933, 0.952, 
1.003, 0.044, 1.110, 0.502, 1.048, 1.087, 1.014, 1.108, 1.154, 
0.987, 0.007, 1.097, 0.845, 0.945, 1.000, 0.985, 0.947, 1.087, 
0.998, 0.001, 1.022, 0.994, 0.974, 0.998, 0.958, 1.027, 1.014, 
0.985, 0.005, 0.895, 0.953, 0.903, 1.111, 1.011, 1.051, 0.973, 
0.967, 0.003, 0.932, 1.022, 0.884, 0.982, 1.047, 0.938, 0.962, 
1.028, 0.010, 1.162, 0.962, 1.134, 1.033, 0.897, 0.908, 1.099, 
0.964, 0.003, 0.898, 0.909, 1.024, 0.933, 1.004, 0.931, 1.053, 
0.991, 0.011, 1.157, 0.851, 1.052, 1.090, 0.909, 0.911, 0.965, 
1.065, 0.009, 1.067, 1.275, 0.977, 1.029, 1.054, 1.081, 0.969, 
1.046, 0.001, 1.090, 0.981, 1.070, 1.024, 1.016, 1.047, 1.092, 
1.011, 0.002, 1.042, 1.009, 1.030, 1.061, 1.013, 0.908, 
