0.980, 0.011, 0.877, 1.015, 1.140, 1.064, 1.021, 0.921, 0.819, 
1.087, 0.003, 1.038, 1.112, 1.061, 0.998, 1.124, 1.110, 1.164, 
1.059, 0.004, 1.112, 0.955, 1.112, 1.052, 0.991, 1.052, 1.139, 
1.030, 0.006, 1.184, 0.949, 1.022, 1.055, 0.929, 1.007, 1.063, 
1.014, 0.005, 0.964, 0.969, 0.903, 1.119, 1.074, 1.000, 1.067, 
0.974, 0.007, 0.860, 0.982, 1.099, 0.901, 1.085, 0.910, 0.981, 
0.989, 0.005, 0.945, 0.889, 0.954, 1.002, 0.991, 1.016, 1.125, 
1.008, 0.015, 0.920, 0.813, 1.224, 0.963, 1.084, 1.049, 1.003, 
0.991, 0.011, 1.035, 0.859, 1.109, 1.141, 0.998, 0.848, 0.945, 
1.031, 0.012, 0.994, 1.257, 1.060, 1.034, 0.869, 0.966, 1.033, 
1.053, 0.003, 1.039, 1.116, 1.034, 1.030, 0.958, 1.048, 1.145, 
1.028, 0.010, 1.126, 1.159, 1.067, 0.995, 0.949, 0.870, 
