0.986, 0.002, 0.997, 0.977, 1.063, 1.043, 0.933, 0.937, 0.951, 
1.062, 0.005, 1.070, 1.040, 1.131, 1.048, 1.067, 0.924, 1.153, 
1.035, 0.001, 1.081, 1.055, 1.032, 0.984, 1.040, 0.993, 1.061, 
1.005, 0.006, 1.141, 1.042, 0.868, 0.992, 0.997, 1.033, 0.963, 
0.909, 0.031, 0.915, 0.493, 0.949, 1.061, 0.981, 0.987, 0.979, 
0.979, 0.006, 0.981, 1.124, 0.875, 0.889, 1.012, 1.010, 0.959, 
0.989, 0.004, 0.961, 0.936, 1.112, 1.051, 0.907, 0.980, 0.974, 
0.978, 0.002, 0.921, 1.020, 1.007, 0.918, 1.011, 0.937, 1.030, 
1.030, 0.007, 1.165, 1.017, 1.003, 1.136, 0.991, 0.950, 0.944, 
1.008, 0.004, 0.960, 1.132, 0.993, 0.987, 0.968, 1.073, 0.941, 
1.028, 0.005, 1.039, 1.088, 0.936, 0.923, 1.035, 1.029, 1.148, 
1.067, 0.002, 1.108, 1.083, 1.113, 1.011, 1.067, 1.019, 
