0.999, 0.008, 1.086, 1.081, 0.980, 0.999, 0.848, 
1.048, 0.000, 1.037, 1.058, 1.044, 1.030, 1.068, 
1.038, 0.009, 1.146, 1.077, 0.884, 0.988, 1.097, 
0.993, 0.002, 1.041, 1.025, 0.940, 0.956, 1.005, 
1.043, 0.004, 0.979, 1.165, 1.005, 1.020, 1.048, 
0.968, 0.001, 0.951, 0.920, 0.998, 0.988, 0.981, 
1.026, 0.004, 0.989, 1.056, 0.933, 1.046, 1.106, 
1.044, 0.009, 1.150, 0.902, 1.153, 1.008, 1.005, 
1.001, 0.006, 0.958, 1.064, 1.133, 0.939, 0.998, 0.914, 
1.051, 0.005, 1.169, 1.046, 1.024, 1.042, 1.098, 0.930, 
1.043, 0.001, 1.100, 1.007, 1.010, 1.054, 1.056, 1.028, 
1.018, 0.001, 1.029, 0.986, 1.062, 1.009, 1.005, 
