0.979, 0.005, 0.868, 0.915, 1.068, 1.066, 0.975, 0.926, 1.032, 
1.004, 0.002, 1.051, 0.984, 0.937, 0.996, 1.079, 0.990, 0.994, 
1.067, 0.014, 1.342, 1.062, 1.038, 1.063, 0.947, 1.024, 0.994, 
0.992, 0.002, 0.992, 1.074, 0.980, 0.974, 1.014, 0.982, 0.931, 
0.993, 0.003, 0.894, 0.972, 1.021, 1.015, 1.061, 1.057, 0.934, 
0.993, 0.004, 0.933, 1.098, 1.070, 0.989, 0.926, 0.999, 0.937, 
1.035, 0.009, 0.946, 1.127, 1.017, 1.169, 0.940, 0.917, 1.129, 
0.966, 0.003, 1.005, 0.866, 1.007, 0.963, 1.010, 0.908, 1.002, 
1.057, 0.020, 1.259, 0.784, 1.162, 1.142, 1.014, 0.973, 1.068, 
1.070, 0.009, 1.053, 1.294, 0.996, 1.017, 1.000, 1.082, 1.049, 
0.985, 0.003, 0.974, 0.955, 1.017, 1.060, 0.981, 0.889, 1.018, 
1.030, 0.002, 1.077, 0.982, 0.989, 1.005, 1.033, 1.097, 
