0.892, 0.030, 0.853, 0.901, 1.229, 1.012, 0.860, 0.724, 0.667, 
1.087, 0.113, 1.110, 0.619, 0.921, 0.908, 1.018, 1.248, 1.782, 
1.029, 0.015, 1.089, 1.055, 0.873, 1.033, 0.988, 0.895, 1.270, 
1.058, 0.016, 0.919, 1.006, 1.001, 0.946, 1.037, 1.219, 1.278, 
0.918, 0.005, 0.904, 0.936, 0.850, 1.036, 0.995, 0.871, 0.836, 
0.982, 0.005, 0.885, 1.048, 1.008, 0.885, 1.068, 0.950, 1.029, 
1.010, 0.028, 1.152, 1.042, 1.010, 1.017, 1.017, 0.640, 1.195, 
0.952, 0.007, 0.984, 0.886, 1.052, 1.071, 0.964, 0.869, 0.841, 
0.993, 0.025, 1.194, 0.674, 1.124, 1.084, 0.905, 0.946, 1.021, 
1.102, 0.022, 1.105, 1.338, 0.983, 1.123, 0.883, 1.271, 1.011, 
0.980, 0.022, 1.067, 0.971, 0.985, 0.937, 0.963, 0.699, 1.239, 
0.973, 0.014, 1.163, 0.981, 0.865, 1.094, 0.893, 0.843, 
