0.991, 0.002, 0.914, 1.065, 0.974, 1.017, 0.943, 1.008, 1.013, 
0.987, 0.001, 0.989, 0.998, 0.918, 0.970, 0.990, 1.035, 1.009, 
1.025, 0.002, 1.029, 0.952, 0.971, 1.038, 1.042, 1.106, 1.035, 
1.014, 0.001, 1.029, 1.036, 1.041, 0.973, 1.048, 0.944, 1.025, 
1.029, 0.006, 0.944, 1.000, 0.978, 1.042, 1.022, 1.011, 1.204, 
1.017, 0.001, 1.021, 0.980, 0.974, 1.035, 1.065, 1.029, 1.018, 
1.003, 0.002, 0.982, 0.928, 1.045, 0.997, 0.973, 1.032, 1.062, 
1.024, 0.001, 1.061, 0.998, 1.007, 1.035, 1.059, 0.987, 1.022, 
1.008, 0.001, 1.004, 0.966, 1.043, 1.021, 0.994, 1.003, 1.025, 
1.025, 0.005, 0.991, 1.122, 0.999, 0.917, 0.995, 1.143, 1.005, 
1.009, 0.001, 1.016, 1.001, 1.013, 1.025, 1.065, 0.970, 0.976, 
1.013, 0.004, 1.130, 1.018, 1.008, 1.024, 0.993, 0.905, 
