0.998, 0.002, 0.962, 1.059, 1.021, 1.045, 0.967, 1.018, 0.912, 
1.033, 0.001, 1.076, 1.023, 0.979, 1.046, 0.997, 1.077, 1.031, 
1.027, 0.003, 1.084, 1.009, 1.118, 0.949, 1.017, 1.021, 0.991, 
1.017, 0.001, 1.025, 1.042, 1.056, 1.025, 0.983, 0.992, 0.998, 
1.012, 0.002, 0.907, 1.001, 1.013, 1.054, 1.018, 1.046, 1.048, 
0.990, 0.005, 0.984, 0.940, 0.862, 1.041, 1.118, 0.983, 1.004, 
1.026, 0.004, 1.090, 0.907, 1.011, 1.056, 1.008, 1.013, 1.097, 
0.991, 0.001, 0.981, 0.964, 0.992, 0.952, 1.049, 0.962, 1.040, 
1.018, 0.004, 1.097, 1.037, 1.047, 1.073, 0.949, 1.018, 0.906, 
1.039, 0.004, 1.075, 1.107, 0.958, 0.984, 1.076, 1.114, 0.958, 
1.014, 0.001, 1.019, 0.947, 1.013, 1.047, 1.052, 0.974, 1.049, 
0.985, 0.002, 1.055, 0.960, 0.950, 0.960, 1.032, 0.954, 
