0.985, 0.006, 0.937, 0.987, 1.093, 1.088, 0.935, 0.985, 0.870, 
1.022, 0.001, 1.067, 0.968, 0.984, 1.037, 1.003, 1.033, 1.064, 
1.026, 0.006, 1.088, 1.057, 1.011, 0.934, 0.994, 0.940, 1.159, 
0.998, 0.001, 0.982, 1.019, 0.962, 0.961, 1.016, 1.025, 1.023, 
1.001, 0.002, 0.912, 0.971, 1.009, 1.035, 1.064, 1.029, 0.989, 
0.980, 0.004, 0.859, 1.031, 0.997, 1.026, 1.051, 0.976, 0.922, 
1.027, 0.004, 1.143, 0.934, 1.001, 1.058, 0.972, 1.006, 1.076, 
0.971, 0.003, 0.952, 0.918, 0.972, 1.037, 1.003, 0.886, 1.026, 
1.011, 0.005, 1.081, 0.874, 0.973, 1.061, 1.071, 0.958, 1.061, 
1.086, 0.005, 1.032, 1.214, 1.077, 1.152, 1.035, 1.096, 0.996, 
1.034, 0.001, 1.060, 1.007, 0.972, 1.049, 1.065, 1.025, 1.058, 
1.002, 0.001, 1.008, 1.043, 1.014, 1.032, 0.978, 0.938, 
