1.001, 0.016, 0.961, 0.830, 1.128, 1.065, 1.203, 0.860, 0.963, 
1.045, 0.006, 1.193, 1.028, 1.047, 0.893, 1.042, 1.055, 1.059, 
0.989, 0.006, 1.076, 0.873, 1.062, 0.941, 0.934, 0.965, 1.072, 
1.004, 0.006, 1.116, 1.030, 0.993, 0.844, 0.974, 1.072, 1.000, 
1.018, 0.010, 1.019, 1.096, 0.791, 1.107, 1.047, 1.019, 1.049, 
0.963, 0.004, 0.992, 1.000, 0.910, 0.832, 1.019, 0.959, 1.028, 
1.082, 0.017, 1.233, 0.856, 0.985, 1.266, 1.022, 1.112, 1.098, 
0.984, 0.005, 1.010, 0.865, 1.051, 0.955, 1.085, 0.916, 1.005, 
1.015, 0.006, 1.165, 0.925, 1.064, 1.036, 0.950, 0.964, 1.001, 
1.054, 0.034, 1.127, 1.433, 0.782, 0.942, 1.019, 0.991, 1.085, 
1.050, 0.005, 1.153, 1.060, 1.115, 0.989, 1.068, 0.937, 1.026, 
1.012, 0.002, 0.979, 0.995, 1.037, 1.096, 1.028, 0.938, 
