0.971, 0.004, 0.907, 0.906, 1.096, 0.978, 0.904, 0.992, 1.016, 
1.053, 0.003, 1.104, 1.131, 1.103, 0.979, 1.059, 1.008, 0.989, 
1.096, 0.011, 1.317, 1.124, 1.031, 1.044, 1.000, 1.003, 1.155, 
1.009, 0.002, 1.032, 1.103, 0.996, 0.994, 1.007, 1.004, 0.930, 
1.017, 0.004, 0.976, 1.059, 0.958, 1.097, 1.064, 1.060, 0.904, 
0.997, 0.007, 0.869, 0.963, 0.904, 1.027, 1.041, 1.072, 1.103, 
1.009, 0.004, 1.021, 0.984, 1.068, 1.032, 0.888, 0.982, 1.091, 
1.015, 0.007, 0.913, 0.965, 1.099, 0.937, 1.111, 0.971, 1.110, 
0.970, 0.018, 1.068, 1.024, 0.989, 1.167, 0.846, 0.732, 0.966, 
0.988, 0.006, 1.108, 1.001, 0.916, 1.031, 1.046, 0.962, 0.854, 
1.039, 0.007, 1.182, 1.012, 0.981, 1.042, 1.077, 0.894, 1.084, 
0.978, 0.007, 0.956, 0.959, 0.906, 1.080, 0.866, 1.101, 
