0.967, 0.016, 1.113, 0.848, 0.838, 1.069, 
1.041, 0.004, 1.099, 1.061, 0.937, 1.067, 
1.069, 0.003, 0.978, 1.105, 1.112, 1.083, 
0.978, 0.001, 0.981, 0.950, 0.950, 1.032, 
0.976, 0.003, 1.035, 0.892, 0.996, 0.983, 
1.087, 0.005, 0.976, 1.112, 1.171, 1.088, 
1.032, 0.007, 1.092, 1.100, 0.923, 0.932, 1.114, 
1.006, 0.007, 1.089, 0.912, 1.092, 1.036, 0.900, 
1.037, 0.020, 1.217, 1.197, 0.981, 0.881, 0.908, 
0.964, 0.005, 0.863, 1.074, 0.976, 0.995, 0.910, 
1.035, 0.014, 0.995, 1.102, 1.176, 0.828, 1.075, 
0.966, 0.015, 0.982, 0.828, 0.901, 1.154, 
