0.988, 0.005, 0.947, 0.971, 1.124, 1.037, 0.898, 0.966, 0.970, 
1.001, 0.004, 1.012, 1.051, 0.883, 0.983, 0.951, 1.104, 1.023, 
1.050, 0.007, 1.045, 1.042, 0.947, 1.130, 0.921, 1.154, 1.110, 
0.974, 0.006, 1.140, 0.867, 0.952, 0.925, 0.978, 0.987, 0.969, 
0.970, 0.017, 0.759, 0.864, 0.863, 1.118, 1.068, 1.083, 1.040, 
1.021, 0.002, 0.943, 1.029, 1.064, 1.099, 0.994, 1.015, 1.004, 
1.029, 0.004, 1.150, 0.981, 1.000, 1.020, 0.955, 1.106, 0.992, 
0.999, 0.005, 0.916, 0.944, 1.108, 0.996, 0.985, 1.090, 0.954, 
0.989, 0.005, 1.011, 0.885, 1.037, 1.106, 0.895, 0.972, 1.020, 
1.102, 0.011, 1.065, 1.305, 0.989, 1.089, 1.131, 1.165, 0.971, 
1.017, 0.004, 0.996, 0.930, 1.002, 1.100, 0.956, 1.035, 1.097, 
1.063, 0.010, 1.163, 1.089, 1.102, 0.951, 1.173, 0.901, 
