1.008, 0.003, 0.910, 1.031, 1.017, 1.039, 1.087, 0.951, 1.018, 
1.033, 0.004, 0.894, 1.009, 1.023, 1.092, 1.051, 1.074, 1.086, 
1.021, 0.002, 1.048, 1.078, 0.962, 0.982, 1.054, 0.966, 1.055, 
0.971, 0.004, 1.096, 1.025, 0.893, 0.939, 0.936, 0.991, 0.919, 
0.993, 0.001, 0.924, 1.012, 0.968, 1.011, 1.029, 0.995, 1.013, 
0.996, 0.004, 1.025, 0.947, 0.894, 1.106, 0.995, 1.017, 0.987, 
1.020, 0.010, 1.012, 0.834, 1.065, 1.183, 0.975, 0.991, 1.079, 
0.945, 0.002, 0.836, 0.956, 0.961, 0.980, 0.993, 0.931, 0.961, 
0.993, 0.001, 1.016, 1.002, 1.017, 1.000, 0.924, 0.977, 1.017, 
1.008, 0.003, 1.069, 1.056, 0.971, 0.903, 1.058, 0.959, 1.038, 
1.031, 0.003, 0.980, 1.021, 1.046, 1.043, 0.954, 1.133, 1.039, 
1.028, 0.004, 1.097, 0.982, 1.092, 1.012, 1.056, 0.930, 
