0.995, 0.021, 0.812, 1.021, 1.311, 1.032, 0.927, 0.916, 0.944, 
1.119, 0.035, 1.047, 0.980, 0.943, 1.144, 1.064, 1.554, 1.100, 
1.089, 0.012, 1.212, 1.221, 1.091, 1.166, 1.045, 0.941, 0.947, 
1.040, 0.010, 1.176, 1.024, 0.987, 1.192, 0.964, 0.898, 1.041, 
0.966, 0.005, 0.886, 0.923, 0.981, 1.052, 1.025, 0.865, 1.031, 
1.029, 0.012, 0.790, 1.053, 1.161, 0.996, 1.039, 1.080, 1.083, 
1.002, 0.004, 1.056, 0.967, 1.002, 1.081, 0.880, 0.979, 1.052, 
0.904, 0.012, 0.718, 0.852, 1.050, 0.844, 0.996, 0.850, 1.018, 
1.057, 0.016, 1.201, 0.900, 1.035, 0.933, 1.274, 1.074, 0.984, 
1.055, 0.007, 0.938, 1.188, 0.957, 1.054, 1.089, 1.125, 1.037, 
0.955, 0.015, 1.121, 0.846, 0.880, 0.935, 1.055, 0.768, 1.076, 
1.075, 0.020, 1.346, 0.941, 1.153, 1.060, 1.015, 0.937, 
