1.023, 0.009, 1.109, 1.175, 1.026, 0.914, 0.932, 0.982, 
1.113, 0.002, 1.147, 1.087, 1.198, 1.048, 1.092, 1.106, 
0.962, 0.025, 0.663, 0.979, 0.874, 1.075, 1.047, 1.138, 
1.015, 0.007, 1.194, 0.926, 0.990, 1.022, 0.965, 0.993, 
0.962, 0.017, 1.033, 0.702, 1.068, 0.900, 0.978, 1.090, 
1.037, 0.002, 1.070, 1.038, 0.973, 1.096, 1.033, 1.014, 
0.954, 0.018, 0.948, 0.653, 1.087, 1.040, 0.909, 0.983, 1.058, 
1.035, 0.013, 1.219, 1.136, 0.915, 0.985, 0.861, 1.071, 1.061, 
1.080, 0.016, 1.279, 1.145, 0.980, 1.175, 0.913, 0.936, 1.134, 
0.947, 0.030, 0.935, 0.659, 0.821, 0.986, 1.199, 1.156, 0.872, 
1.127, 0.010, 1.213, 1.108, 1.264, 1.188, 0.953, 1.108, 1.050, 
1.064, 0.006, 1.225, 0.998, 1.065, 1.028, 1.056, 1.015, 
