1.017, 0.015, 1.127, 1.131, 1.182, 0.891, 0.990, 0.956, 0.845, 
1.106, 0.008, 1.217, 1.198, 1.002, 0.995, 1.013, 1.138, 1.180, 
0.999, 0.045, 1.232, 0.578, 0.926, 0.911, 1.094, 1.008, 1.240, 
0.982, 0.011, 0.979, 1.190, 0.820, 1.006, 0.977, 0.981, 0.923, 
0.956, 0.004, 0.966, 0.861, 0.878, 1.030, 0.922, 1.036, 0.996, 
0.968, 0.026, 1.039, 0.801, 1.001, 1.281, 0.824, 0.811, 1.021, 
1.018, 0.008, 1.093, 0.996, 0.860, 1.141, 0.989, 0.965, 1.084, 
1.027, 0.018, 0.772, 1.111, 1.164, 1.079, 1.012, 0.903, 1.146, 
1.079, 0.064, 1.467, 0.989, 1.014, 1.102, 0.863, 0.719, 1.403, 
0.979, 0.010, 0.921, 1.146, 0.813, 1.010, 0.986, 1.050, 0.924, 
1.027, 0.011, 1.126, 0.844, 1.144, 0.894, 1.039, 1.050, 1.094, 
1.190, 0.025, 1.484, 0.945, 1.174, 1.184, 1.154, 1.199, 
