0.945, 0.009, 0.851, 0.978, 1.046, 1.099, 0.950, 0.879, 0.813, 
1.004, 0.006, 0.986, 1.017, 0.982, 0.900, 0.930, 1.063, 1.150, 
1.081, 0.016, 1.052, 1.002, 0.945, 1.282, 0.945, 1.086, 1.252, 
1.025, 0.006, 1.196, 1.031, 0.997, 0.997, 0.955, 0.941, 1.056, 
0.923, 0.008, 0.796, 0.900, 0.869, 1.082, 1.008, 0.897, 0.913, 
0.969, 0.004, 0.997, 0.960, 0.920, 0.878, 1.102, 0.987, 0.941, 
0.983, 0.003, 0.912, 0.997, 0.923, 1.047, 0.988, 0.955, 1.057, 
1.002, 0.019, 0.914, 0.779, 1.259, 0.939, 1.053, 1.011, 1.059, 
1.016, 0.011, 1.128, 0.886, 1.166, 1.074, 0.883, 1.043, 0.933, 
1.031, 0.007, 1.010, 1.207, 0.960, 1.039, 0.984, 1.078, 0.936, 
0.989, 0.011, 1.041, 1.152, 0.902, 0.850, 0.915, 0.944, 1.118, 
1.037, 0.012, 1.069, 1.032, 1.177, 1.104, 1.017, 0.824, 
