0.973, 0.006, 0.909, 1.047, 1.051, 1.065, 0.894, 0.875, 0.971, 
1.061, 0.001, 1.090, 1.117, 1.044, 1.040, 1.054, 1.050, 1.031, 
1.010, 0.001, 1.060, 1.011, 0.995, 1.060, 0.958, 0.970, 1.015, 
1.029, 0.002, 1.077, 1.024, 0.999, 1.011, 0.979, 1.015, 1.098, 
0.989, 0.006, 0.846, 1.005, 0.983, 1.046, 1.107, 0.985, 0.948, 
0.988, 0.005, 0.919, 0.993, 1.143, 0.973, 0.993, 0.969, 0.926, 
0.992, 0.003, 1.059, 0.921, 1.038, 0.981, 0.903, 1.053, 0.993, 
0.992, 0.010, 0.939, 1.091, 1.009, 1.057, 1.115, 0.810, 0.923, 
1.000, 0.003, 1.043, 0.915, 1.054, 1.067, 0.949, 0.988, 0.983, 
1.067, 0.004, 1.086, 1.123, 0.974, 1.016, 1.012, 1.171, 1.084, 
1.005, 0.002, 0.954, 1.009, 1.023, 0.974, 1.068, 0.966, 1.044, 
1.023, 0.002, 1.049, 1.054, 1.017, 1.049, 1.042, 0.926, 
