1.081, 0.013, 1.305, 1.054, 1.041, 0.980, 1.027, 
0.980, 0.003, 1.042, 0.911, 1.032, 0.916, 0.997, 
1.123, 0.019, 1.338, 1.147, 0.931, 1.168, 1.033, 
0.934, 0.002, 0.961, 0.976, 0.873, 0.967, 0.892, 
0.853, 0.023, 0.732, 1.027, 0.960, 0.919, 0.624, 
0.998, 0.009, 1.135, 0.963, 0.961, 0.866, 1.065, 
0.993, 0.018, 0.937, 1.190, 0.911, 0.850, 0.901, 1.165, 
1.036, 0.009, 0.958, 1.165, 0.955, 1.127, 0.919, 1.092, 
0.954, 0.015, 0.874, 0.867, 0.774, 1.018, 1.080, 1.111, 
1.029, 0.014, 1.194, 0.952, 0.970, 0.866, 1.163, 1.031, 
0.964, 0.023, 0.654, 0.896, 1.078, 1.030, 1.070, 1.054, 
1.101, 0.024, 1.005, 0.977, 0.973, 1.369, 1.180, 
