1.002, 0.023, 0.838, 1.159, 1.287, 0.866, 0.905, 0.953, 1.004, 
1.007, 0.038, 0.921, 0.925, 0.720, 0.931, 1.122, 1.396, 1.030, 
1.022, 0.023, 1.143, 1.072, 0.720, 0.980, 1.248, 1.003, 0.985, 
1.043, 0.096, 1.162, 0.882, 0.739, 1.742, 0.946, 0.987, 0.846, 
0.890, 0.017, 0.804, 0.875, 0.730, 1.170, 0.937, 0.820, 0.891, 
1.019, 0.010, 1.045, 1.083, 1.127, 0.841, 1.135, 0.936, 0.970, 
0.997, 0.006, 1.146, 0.913, 0.982, 1.064, 0.917, 0.960, 0.997, 
1.000, 0.044, 0.991, 0.868, 1.435, 0.767, 1.076, 1.062, 0.802, 
0.973, 0.027, 1.155, 0.634, 1.061, 1.108, 0.935, 0.884, 1.035, 
1.041, 0.025, 0.987, 0.812, 1.076, 1.230, 0.869, 1.276, 1.039, 
0.979, 0.017, 0.908, 0.969, 1.137, 1.167, 0.854, 1.033, 0.787, 
0.985, 0.020, 1.052, 0.726, 1.116, 0.923, 0.947, 1.144, 
