0.990, 0.003, 0.935, 0.986, 1.001, 1.080, 0.927, 1.056, 0.942, 
1.037, 0.005, 1.038, 0.901, 1.076, 1.057, 0.975, 1.112, 1.101, 
1.045, 0.001, 1.114, 1.046, 1.021, 1.029, 1.047, 1.039, 1.021, 
1.018, 0.003, 1.025, 1.115, 1.021, 1.015, 0.962, 0.950, 1.039, 
0.996, 0.001, 0.956, 0.993, 0.957, 1.050, 1.001, 1.023, 0.995, 
0.994, 0.003, 0.908, 1.088, 1.013, 1.012, 1.044, 0.945, 0.946, 
1.012, 0.001, 0.959, 0.974, 1.067, 1.048, 0.992, 1.025, 1.020, 
0.980, 0.003, 0.930, 1.003, 1.046, 0.938, 0.988, 1.053, 0.901, 
1.000, 0.012, 1.247, 0.887, 0.924, 0.982, 0.932, 1.025, 1.001, 
1.037, 0.004, 0.915, 1.123, 1.045, 1.052, 1.066, 1.086, 0.970, 
0.969, 0.003, 0.914, 0.961, 0.943, 0.892, 1.041, 1.019, 1.015, 
1.011, 0.002, 1.073, 0.961, 0.969, 1.012, 1.057, 0.992, 
