1.017, 0.004, 1.050, 0.925, 1.091, 1.050, 1.019, 1.055, 0.927, 
1.035, 0.005, 1.171, 1.076, 0.951, 1.010, 1.000, 1.077, 0.961, 
0.999, 0.002, 1.101, 0.959, 0.994, 0.981, 1.016, 0.940, 1.001, 
1.000, 0.002, 1.086, 0.982, 0.963, 1.009, 0.942, 1.021, 0.998, 
0.969, 0.003, 0.833, 0.956, 1.000, 0.992, 0.990, 1.001, 1.014, 
1.017, 0.001, 1.082, 0.982, 1.012, 1.012, 0.963, 1.044, 1.024, 
1.015, 0.002, 1.103, 0.971, 0.995, 0.990, 0.982, 0.997, 1.064, 
1.006, 0.009, 0.904, 0.968, 1.042, 0.944, 1.034, 0.940, 1.207, 
1.003, 0.004, 1.137, 0.989, 1.033, 1.026, 0.935, 0.938, 0.962, 
1.037, 0.003, 1.075, 1.103, 0.972, 1.023, 1.020, 1.090, 0.971, 
1.001, 0.002, 1.065, 0.989, 0.949, 1.052, 1.005, 1.022, 0.927, 
0.997, 0.001, 0.981, 1.004, 0.992, 1.049, 0.945, 1.012, 
