0.965, 0.003, 0.879, 0.945, 1.059, 1.028, 0.979, 0.940, 0.924, 
1.011, 0.011, 1.103, 0.996, 0.952, 0.942, 0.942, 0.911, 1.232, 
1.022, 0.000, 1.029, 0.986, 1.044, 1.019, 1.012, 1.029, 1.036, 
0.995, 0.002, 1.012, 1.057, 0.911, 0.971, 0.963, 0.996, 1.057, 
0.939, 0.006, 0.846, 0.942, 0.927, 1.091, 1.004, 0.846, 0.917, 
1.007, 0.004, 0.978, 1.027, 1.051, 1.015, 1.104, 0.986, 0.885, 
1.023, 0.002, 1.044, 1.062, 1.017, 1.047, 0.927, 0.993, 1.070, 
0.960, 0.005, 0.880, 1.018, 1.033, 1.018, 1.003, 0.867, 0.898, 
1.001, 0.018, 1.081, 0.795, 1.102, 1.225, 0.901, 0.969, 0.937, 
1.083, 0.009, 1.096, 1.269, 0.979, 1.017, 1.157, 1.070, 0.993, 
1.041, 0.003, 1.043, 1.010, 1.005, 1.138, 1.055, 0.949, 1.084, 
1.005, 0.014, 1.099, 1.007, 1.064, 1.070, 1.036, 0.751, 
