0.995, 0.007, 0.856, 0.982, 1.007, 1.108, 0.961, 0.939, 1.115, 
1.050, 0.004, 1.106, 1.063, 1.151, 0.945, 1.054, 1.023, 1.010, 
1.050, 0.007, 1.237, 1.007, 1.056, 1.013, 0.999, 0.960, 1.078, 
1.023, 0.002, 1.090, 1.027, 1.048, 1.045, 1.015, 0.959, 0.975, 
0.986, 0.009, 0.887, 1.128, 0.904, 1.125, 0.957, 0.970, 0.934, 
0.999, 0.014, 0.857, 1.194, 0.851, 0.987, 1.119, 1.001, 0.987, 
1.027, 0.004, 1.025, 0.985, 1.122, 1.049, 0.940, 0.972, 1.096, 
0.997, 0.005, 0.917, 0.979, 1.077, 0.917, 1.081, 0.944, 1.068, 
0.975, 0.014, 1.164, 1.028, 0.939, 1.052, 0.938, 0.955, 0.745, 
1.034, 0.007, 1.086, 1.146, 0.862, 1.032, 1.029, 1.098, 0.985, 
1.052, 0.009, 1.187, 0.979, 1.036, 1.087, 1.050, 0.877, 1.146, 
0.994, 0.004, 0.962, 1.081, 0.915, 0.994, 0.950, 1.063, 
