1.001, 0.002, 0.982, 1.062, 1.037, 0.962, 1.054, 0.972, 0.939, 
1.039, 0.001, 1.070, 1.001, 1.052, 1.002, 1.094, 1.029, 1.023, 
1.006, 0.001, 1.058, 1.011, 1.003, 1.038, 0.989, 0.977, 0.963, 
1.006, 0.003, 0.992, 0.949, 0.923, 1.086, 0.995, 1.022, 1.077, 
0.999, 0.004, 0.877, 0.990, 0.943, 1.054, 1.088, 1.029, 1.010, 
0.986, 0.002, 0.871, 1.032, 1.001, 1.013, 0.990, 1.014, 0.983, 
1.023, 0.003, 1.026, 0.921, 0.978, 1.088, 1.019, 1.052, 1.078, 
0.987, 0.002, 0.914, 0.947, 1.035, 0.975, 1.044, 0.961, 1.030, 
1.013, 0.003, 1.107, 0.903, 1.017, 1.052, 1.022, 0.973, 1.020, 
1.052, 0.003, 1.064, 1.132, 1.011, 0.991, 1.094, 1.100, 0.969, 
1.026, 0.002, 0.981, 1.048, 0.963, 1.057, 1.046, 0.983, 1.104, 
1.015, 0.002, 1.063, 1.027, 1.037, 1.046, 0.966, 0.949, 
