0.976, 0.004, 0.864, 0.995, 0.934, 1.059, 0.960, 0.971, 1.047, 
1.065, 0.002, 1.144, 1.083, 1.070, 1.010, 0.991, 1.074, 1.086, 
1.065, 0.017, 1.324, 0.928, 1.136, 1.095, 1.009, 1.061, 0.901, 
1.031, 0.009, 1.057, 1.243, 0.957, 1.039, 0.980, 1.000, 0.940, 
0.895, 0.029, 0.971, 0.958, 0.936, 1.047, 1.000, 0.501, 0.848, 
1.022, 0.024, 0.804, 0.832, 0.912, 1.141, 1.104, 1.214, 1.147, 
1.006, 0.006, 1.120, 0.904, 1.085, 1.058, 0.974, 1.005, 0.896, 
0.984, 0.016, 0.904, 0.923, 1.273, 0.894, 1.045, 0.964, 0.888, 
1.024, 0.026, 1.267, 0.870, 1.145, 1.187, 0.978, 0.896, 0.826, 
0.975, 0.011, 0.853, 1.172, 1.001, 1.060, 0.940, 0.899, 0.901, 
0.973, 0.023, 1.010, 0.653, 1.037, 1.037, 1.106, 0.862, 1.106, 
1.149, 0.032, 1.275, 1.363, 0.878, 1.259, 1.183, 0.938, 
