0.985, 0.043, 1.102, 1.061, 1.186, 0.533, 1.074, 1.095, 0.847, 
1.015, 0.002, 0.986, 1.011, 0.949, 1.083, 1.024, 0.984, 1.065, 
1.009, 0.008, 0.960, 1.090, 1.053, 1.114, 0.842, 0.962, 1.039, 
1.012, 0.005, 0.882, 0.930, 1.070, 1.056, 1.070, 1.038, 1.036, 
1.016, 0.006, 0.886, 1.042, 0.975, 1.093, 1.072, 1.101, 0.943, 
0.988, 0.001, 0.963, 1.003, 1.008, 0.928, 1.026, 1.024, 0.962, 
1.049, 0.006, 0.954, 1.038, 1.082, 1.193, 1.091, 1.008, 0.978, 
1.001, 0.006, 0.957, 0.964, 1.058, 0.981, 1.159, 0.913, 0.979, 
1.029, 0.005, 1.103, 0.979, 1.159, 1.039, 0.979, 0.940, 1.006, 
1.063, 0.004, 1.106, 1.080, 0.994, 1.134, 1.054, 1.127, 0.947, 
0.997, 0.006, 0.921, 0.960, 1.116, 1.049, 0.894, 0.978, 1.057, 
0.982, 0.001, 0.983, 1.021, 0.970, 1.013, 0.935, 0.970, 
