1.086, 0.037, 1.264, 1.454, 1.016, 1.099, 0.983, 0.883, 0.902, 
1.205, 0.097, 0.629, 1.369, 1.185, 0.895, 1.321, 1.426, 1.609, 
1.046, 0.028, 1.080, 0.972, 1.255, 1.312, 0.922, 0.969, 0.810, 
1.078, 0.038, 1.424, 0.941, 0.927, 1.155, 0.862, 1.275, 0.965, 
1.017, 0.019, 0.918, 1.289, 1.002, 0.891, 0.993, 1.139, 0.885, 
1.017, 0.023, 0.904, 1.007, 1.189, 0.838, 1.296, 0.953, 0.929, 
1.059, 0.020, 1.011, 0.982, 0.858, 1.219, 1.288, 0.959, 1.093, 
0.854, 0.016, 0.868, 0.647, 1.040, 0.850, 0.808, 0.762, 1.003, 
1.001, 0.025, 1.243, 0.714, 0.957, 1.171, 1.020, 0.963, 0.939, 
1.043, 0.059, 1.220, 1.376, 0.724, 1.313, 0.776, 0.990, 0.901, 
0.998, 0.021, 1.328, 0.945, 0.958, 1.001, 0.920, 0.838, 0.997, 
0.970, 0.019, 0.951, 1.081, 0.818, 1.075, 1.136, 0.763, 
