0.923, 0.011, 0.899, 0.924, 0.988, 0.944, 0.712, 1.078, 0.919, 
1.028, 0.007, 0.882, 0.970, 1.001, 1.049, 1.060, 1.055, 1.179, 
1.077, 0.007, 1.255, 1.136, 0.983, 1.076, 1.057, 1.012, 1.021, 
1.068, 0.006, 1.130, 1.158, 1.021, 1.155, 0.939, 1.032, 1.043, 
0.955, 0.006, 0.911, 1.081, 0.856, 0.945, 0.949, 1.047, 0.896, 
0.999, 0.017, 0.843, 0.962, 0.922, 1.271, 1.078, 0.992, 0.921, 
1.039, 0.010, 1.071, 0.894, 0.890, 1.118, 1.055, 1.062, 1.182, 
1.007, 0.008, 0.890, 1.011, 1.182, 1.068, 0.999, 0.951, 0.949, 
1.014, 0.004, 1.099, 1.003, 1.111, 0.998, 0.955, 0.974, 0.958, 
1.042, 0.007, 0.986, 1.099, 1.094, 1.095, 1.022, 1.126, 0.875, 
0.935, 0.012, 1.030, 0.914, 1.124, 0.872, 0.877, 0.766, 0.962, 
0.989, 0.011, 1.133, 1.064, 0.942, 1.046, 0.928, 0.820, 
