0.952, 0.006, 0.917, 0.949, 1.046, 0.877, 0.888, 1.092, 0.894, 
1.008, 0.001, 1.000, 0.962, 1.011, 1.020, 1.056, 0.951, 1.056, 
0.993, 0.009, 1.030, 0.915, 0.816, 1.048, 1.084, 1.098, 0.963, 
0.993, 0.006, 1.069, 1.061, 0.879, 1.090, 0.915, 0.999, 0.935, 
0.961, 0.008, 0.935, 1.078, 0.839, 0.913, 1.090, 0.992, 0.880, 
1.082, 0.016, 1.243, 1.035, 1.291, 0.918, 0.991, 1.058, 1.039, 
1.052, 0.004, 1.117, 0.947, 1.136, 1.076, 1.008, 1.080, 1.002, 
0.951, 0.008, 1.054, 0.765, 0.960, 1.022, 1.005, 0.926, 0.923, 
1.025, 0.004, 1.099, 0.942, 1.121, 1.045, 0.960, 1.009, 1.000, 
1.082, 0.009, 1.048, 1.184, 0.897, 1.040, 1.075, 1.199, 1.129, 
1.044, 0.002, 1.115, 1.072, 0.977, 1.016, 1.044, 1.016, 1.070, 
1.083, 0.005, 1.123, 1.017, 1.130, 1.142, 1.131, 0.953, 
