0.962, 0.006, 0.972, 1.043, 1.062, 0.835, 0.936, 0.923, 
1.073, 0.017, 1.002, 1.156, 0.860, 0.932, 1.223, 1.125, 1.212, 
1.033, 0.003, 1.067, 1.119, 0.951, 1.034, 1.011, 0.980, 1.069, 
0.996, 0.003, 1.070, 1.023, 0.992, 1.012, 0.963, 0.875, 1.033, 
0.930, 0.015, 0.722, 0.877, 1.027, 1.119, 0.837, 0.935, 0.990, 
1.014, 0.010, 1.223, 1.086, 0.956, 0.950, 0.999, 0.959, 0.924, 
0.998, 0.006, 0.999, 0.967, 1.002, 1.109, 0.925, 0.889, 1.095, 
0.971, 0.010, 0.822, 1.108, 0.946, 0.948, 1.061, 0.865, 1.049, 
0.995, 0.009, 1.117, 0.891, 1.105, 1.071, 0.881, 0.937, 0.964, 
1.129, 0.005, 1.011, 1.229, 1.220, 1.158, 1.109, 1.111, 1.067, 
1.045, 0.004, 1.168, 1.055, 0.972, 1.074, 0.965, 1.003, 1.077, 
1.054, 0.004, 1.048, 1.164, 1.014, 1.062, 1.088, 0.945, 
