0.914, 0.041, 1.026, 1.103, 0.972, 1.011, 0.999, 0.456, 0.829, 
0.981, 0.005, 1.004, 0.932, 0.863, 0.974, 0.959, 1.057, 1.080, 
1.014, 0.002, 1.010, 0.995, 0.950, 1.072, 0.981, 1.029, 1.059, 
1.013, 0.007, 1.098, 1.040, 0.902, 1.144, 0.920, 0.961, 1.024, 
0.986, 0.002, 0.911, 0.937, 1.009, 1.026, 1.012, 0.986, 1.021, 
0.969, 0.003, 0.905, 1.062, 0.908, 1.004, 1.010, 0.951, 0.939, 
0.981, 0.013, 1.054, 0.954, 0.762, 0.970, 0.983, 0.978, 1.165, 
0.997, 0.003, 0.914, 0.949, 1.109, 1.004, 1.020, 0.963, 1.024, 
1.004, 0.006, 1.100, 0.931, 0.978, 1.129, 0.907, 0.998, 0.982, 
1.095, 0.012, 1.022, 1.253, 0.980, 1.161, 1.214, 1.078, 0.958, 
1.025, 0.001, 1.067, 0.994, 0.996, 0.999, 1.081, 1.022, 1.018, 
1.102, 0.016, 1.374, 1.050, 1.072, 1.111, 1.028, 0.979, 
