0.990, 0.003, 0.988, 1.007, 1.041, 1.050, 0.990, 0.885, 0.967, 
1.041, 0.001, 1.063, 1.015, 0.980, 1.042, 1.066, 1.024, 1.095, 
1.026, 0.002, 1.039, 1.015, 1.003, 1.104, 0.977, 0.967, 1.074, 
0.998, 0.000, 1.014, 1.003, 1.041, 0.976, 0.994, 0.977, 0.981, 
0.994, 0.001, 0.944, 1.007, 0.959, 1.043, 0.994, 1.013, 1.001, 
1.000, 0.001, 0.982, 1.025, 0.945, 0.997, 1.016, 0.995, 1.043, 
1.017, 0.002, 1.071, 0.987, 1.072, 1.019, 0.957, 0.987, 1.030, 
0.996, 0.002, 0.983, 1.046, 0.989, 0.944, 1.044, 0.943, 1.022, 
0.996, 0.002, 1.052, 0.942, 0.965, 1.048, 0.997, 1.002, 0.965, 
1.037, 0.006, 1.059, 1.132, 1.010, 0.976, 1.092, 1.093, 0.896, 
1.028, 0.000, 1.013, 1.015, 1.023, 1.036, 1.070, 0.997, 1.038, 
1.025, 0.002, 1.063, 1.087, 0.982, 1.006, 1.049, 0.964, 
