0.964, 0.003, 0.903, 0.869, 1.015, 1.040, 0.967, 0.997, 0.959, 
1.122, 0.007, 1.125, 1.145, 1.272, 1.010, 1.158, 1.003, 1.142, 
1.044, 0.004, 1.076, 1.010, 1.119, 1.087, 0.915, 1.048, 1.052, 
0.993, 0.009, 1.086, 1.029, 1.087, 1.057, 0.967, 0.926, 0.798, 
0.924, 0.010, 0.860, 0.830, 0.939, 1.061, 1.041, 0.963, 0.778, 
1.015, 0.006, 0.905, 0.964, 0.991, 1.055, 1.007, 1.008, 1.174, 
1.043, 0.009, 0.914, 1.070, 1.099, 1.082, 0.972, 0.948, 1.217, 
0.994, 0.015, 0.931, 0.871, 1.207, 0.882, 1.142, 0.907, 1.016, 
0.963, 0.006, 1.097, 0.997, 1.002, 0.996, 0.902, 0.887, 0.861, 
1.020, 0.014, 1.021, 1.158, 0.984, 0.924, 0.905, 0.913, 1.233, 
1.036, 0.002, 1.109, 0.983, 0.983, 1.095, 1.045, 0.995, 1.046, 
0.984, 0.004, 1.046, 1.030, 0.881, 0.944, 1.056, 0.949, 
