0.996, 0.003, 1.047, 0.964, 1.079, 1.033, 0.939, 1.007, 0.903, 
1.068, 0.002, 1.104, 1.149, 1.059, 1.013, 1.029, 1.068, 1.052, 
1.073, 0.005, 1.042, 1.170, 1.127, 1.128, 0.934, 1.022, 1.087, 
0.943, 0.001, 0.987, 0.972, 0.945, 0.963, 0.940, 0.898, 0.897, 
0.985, 0.007, 0.884, 1.043, 0.952, 1.154, 0.949, 0.924, 0.985, 
1.014, 0.005, 0.969, 1.057, 1.125, 0.943, 1.067, 1.042, 0.898, 
0.975, 0.004, 1.013, 0.923, 0.952, 1.114, 0.948, 0.901, 0.971, 
1.008, 0.011, 1.013, 0.972, 1.171, 0.957, 1.021, 0.821, 1.103, 
1.003, 0.011, 1.180, 0.811, 0.969, 1.032, 1.070, 0.942, 1.017, 
1.072, 0.008, 0.953, 1.241, 1.001, 1.040, 1.109, 1.123, 1.037, 
1.073, 0.002, 1.090, 1.106, 1.049, 1.097, 0.971, 1.113, 1.083, 
1.025, 0.004, 1.097, 1.054, 0.988, 1.013, 1.087, 0.911, 
