1.002, 0.004, 0.969, 0.925, 1.087, 1.037, 0.919, 1.005, 1.071, 
1.081, 0.003, 1.164, 1.033, 1.016, 1.079, 1.091, 1.138, 1.044, 
1.039, 0.001, 1.075, 1.049, 1.048, 1.090, 1.000, 0.994, 1.020, 
1.039, 0.003, 1.001, 0.990, 0.992, 1.093, 0.987, 1.124, 1.086, 
0.989, 0.001, 1.031, 0.980, 0.960, 0.942, 0.966, 1.021, 1.023, 
0.996, 0.001, 1.038, 0.981, 0.934, 1.011, 1.006, 1.044, 0.961, 
0.995, 0.003, 0.996, 0.897, 1.073, 1.023, 0.943, 1.059, 0.973, 
0.993, 0.001, 0.956, 0.980, 1.043, 0.981, 1.038, 0.941, 1.012, 
1.002, 0.004, 1.098, 0.880, 1.012, 1.034, 1.040, 0.977, 0.971, 
1.056, 0.003, 1.024, 1.142, 0.956, 1.107, 1.045, 1.073, 1.047, 
1.004, 0.002, 1.016, 0.926, 1.071, 1.027, 1.014, 0.956, 1.021, 
0.957, 0.002, 1.009, 0.905, 0.924, 1.025, 0.951, 0.929, 
