1.006, 0.004, 0.958, 0.890, 1.112, 1.043, 0.997, 1.016, 1.027, 
0.965, 0.082, 1.137, 1.105, 1.166, 1.053, 1.066, 0.284, 0.947, 
1.051, 0.002, 1.068, 1.061, 1.029, 1.143, 1.024, 1.049, 0.981, 
1.042, 0.007, 1.034, 1.204, 0.968, 1.094, 1.059, 0.922, 1.014, 
0.979, 0.002, 0.941, 0.936, 0.979, 1.004, 1.037, 1.026, 0.926, 
1.004, 0.007, 0.885, 0.982, 0.979, 1.032, 1.165, 1.053, 0.934, 
1.052, 0.004, 1.031, 1.069, 1.086, 1.175, 1.010, 0.982, 1.015, 
0.988, 0.002, 0.961, 0.940, 1.054, 0.994, 1.034, 0.915, 1.021, 
0.987, 0.003, 1.055, 0.896, 0.986, 1.037, 1.033, 0.958, 0.944, 
1.032, 0.001, 1.013, 1.071, 1.039, 1.043, 1.002, 1.067, 0.990, 
1.022, 0.004, 1.104, 0.914, 1.048, 1.078, 1.063, 0.967, 0.984, 
0.958, 0.001, 0.928, 0.907, 0.986, 0.994, 0.986, 0.948, 
