1.025, 0.021, 1.016, 1.155, 1.290, 1.004, 0.818, 1.003, 0.891, 
0.957, 0.009, 0.799, 1.021, 0.977, 0.941, 1.112, 0.984, 0.861, 
1.065, 0.016, 1.217, 1.175, 0.908, 1.020, 0.967, 0.939, 1.231, 
1.030, 0.008, 0.991, 1.202, 1.038, 1.028, 0.886, 0.982, 1.081, 
1.003, 0.012, 0.809, 0.994, 0.927, 0.979, 1.039, 1.179, 1.093, 
1.016, 0.009, 0.946, 1.143, 0.875, 0.971, 1.154, 1.006, 1.019, 
0.986, 0.005, 1.024, 0.991, 1.013, 1.074, 0.896, 0.876, 1.026, 
0.971, 0.008, 1.020, 0.826, 1.068, 0.987, 0.913, 0.888, 1.097, 
1.044, 0.016, 1.191, 1.129, 1.087, 1.186, 0.882, 0.866, 0.970, 
1.017, 0.017, 1.007, 0.868, 0.881, 0.986, 1.252, 1.156, 0.966, 
0.973, 0.005, 0.984, 1.021, 0.871, 1.026, 0.924, 0.914, 1.072, 
0.993, 0.016, 1.031, 1.107, 1.002, 1.117, 0.743, 0.961, 
