1.004, 0.011, 0.990, 1.035, 1.186, 1.033, 0.824, 1.055, 0.906, 
1.041, 0.006, 1.048, 0.980, 1.137, 0.900, 1.111, 1.025, 1.084, 
0.977, 0.029, 0.801, 0.994, 1.144, 1.275, 0.754, 0.933, 0.940, 
1.005, 0.004, 1.050, 0.980, 1.104, 0.996, 1.034, 0.976, 0.893, 
1.023, 0.017, 0.943, 0.896, 0.949, 1.319, 1.021, 0.979, 1.057, 
0.988, 0.017, 0.889, 0.965, 1.263, 0.889, 1.044, 1.021, 0.843, 
1.045, 0.005, 0.977, 0.985, 1.028, 1.176, 1.018, 1.014, 1.115, 
1.006, 0.012, 1.171, 0.914, 1.126, 0.892, 1.015, 0.870, 1.053, 
1.032, 0.015, 1.017, 1.041, 1.155, 1.239, 0.836, 0.972, 0.963, 
1.106, 0.026, 1.092, 1.227, 0.954, 1.026, 1.394, 1.169, 0.879, 
1.029, 0.020, 1.193, 1.037, 0.966, 1.148, 0.819, 0.865, 1.173, 
1.010, 0.003, 0.982, 1.005, 0.992, 1.066, 1.090, 0.926, 
