0.948, 0.003, 0.888, 1.004, 1.021, 1.004, 0.959, 0.871, 0.892, 
1.074, 0.008, 1.116, 0.995, 1.226, 1.094, 0.990, 1.136, 0.960, 
1.058, 0.005, 1.052, 1.078, 1.208, 0.987, 1.021, 0.990, 1.072, 
1.024, 0.003, 0.986, 1.116, 0.964, 1.051, 0.974, 1.078, 1.000, 
1.063, 0.010, 1.160, 1.125, 0.908, 1.050, 1.017, 1.209, 0.974, 
0.999, 0.009, 0.834, 1.007, 1.101, 1.027, 0.993, 1.117, 0.915, 
0.982, 0.007, 1.094, 0.885, 0.856, 1.052, 1.013, 0.956, 1.020, 
1.069, 0.021, 1.258, 0.916, 0.831, 1.161, 1.005, 1.112, 1.200, 
1.018, 0.003, 1.047, 0.952, 1.095, 1.100, 0.952, 0.980, 0.997, 
1.048, 0.012, 0.947, 1.208, 0.913, 0.997, 1.177, 1.116, 0.976, 
1.019, 0.028, 0.898, 0.887, 0.923, 0.870, 1.293, 1.263, 0.996, 
1.010, 0.009, 0.989, 1.059, 1.185, 0.993, 0.965, 0.868, 
