1.004, 0.004, 0.953, 1.063, 1.062, 1.068, 0.936, 1.023, 0.926, 
1.051, 0.002, 1.104, 1.006, 1.066, 1.021, 1.067, 1.097, 0.994, 
1.022, 0.001, 1.039, 1.013, 1.059, 1.026, 0.963, 0.988, 1.064, 
1.017, 0.002, 1.085, 0.997, 1.039, 1.041, 1.000, 0.953, 1.008, 
0.999, 0.002, 0.967, 0.969, 0.949, 1.081, 1.003, 1.029, 0.994, 
0.980, 0.004, 0.839, 1.020, 1.050, 0.971, 1.012, 0.998, 0.971, 
1.015, 0.001, 0.981, 0.976, 1.009, 1.020, 0.995, 1.048, 1.078, 
1.019, 0.004, 0.987, 0.990, 1.084, 0.950, 1.141, 1.005, 0.974, 
1.024, 0.003, 1.128, 0.993, 1.062, 1.021, 1.008, 0.999, 0.954, 
1.027, 0.002, 0.976, 1.089, 1.003, 1.021, 1.057, 1.084, 0.956, 
1.048, 0.001, 0.994, 1.095, 1.046, 1.036, 1.016, 1.084, 1.063, 
1.040, 0.004, 1.133, 1.088, 0.946, 1.028, 1.053, 0.993, 
