0.982, 0.005, 0.971, 1.053, 1.040, 1.072, 0.927, 0.921, 0.887, 
1.037, 0.003, 1.134, 0.994, 0.975, 0.987, 1.105, 1.001, 1.062, 
1.025, 0.002, 1.077, 0.996, 0.991, 1.032, 1.069, 0.961, 1.049, 
0.998, 0.004, 1.101, 1.070, 0.908, 0.991, 0.932, 0.953, 1.031, 
0.989, 0.002, 0.986, 0.987, 0.907, 0.975, 1.003, 1.038, 1.026, 
0.989, 0.003, 0.907, 1.047, 0.964, 0.983, 1.083, 0.991, 0.951, 
0.987, 0.004, 1.018, 0.936, 0.958, 1.038, 0.927, 0.921, 1.114, 
0.993, 0.004, 0.881, 0.956, 1.053, 1.003, 1.101, 0.955, 1.006, 
0.999, 0.006, 1.110, 0.895, 1.009, 1.105, 0.927, 0.976, 0.975, 
1.072, 0.005, 1.002, 1.167, 1.116, 1.028, 1.069, 1.161, 0.961, 
1.015, 0.004, 0.899, 1.065, 1.017, 1.012, 0.975, 1.025, 1.114, 
1.048, 0.002, 1.080, 1.034, 1.073, 1.043, 1.084, 0.971, 
