0.971, 0.004, 0.960, 0.875, 1.079, 0.994, 0.885, 0.987, 1.018, 
1.034, 0.004, 1.097, 0.951, 1.037, 0.992, 0.967, 1.064, 1.128, 
1.051, 0.005, 1.101, 1.147, 1.109, 1.082, 0.933, 0.991, 0.992, 
1.026, 0.002, 1.070, 1.074, 1.088, 0.977, 1.006, 0.950, 1.018, 
0.985, 0.003, 0.934, 1.094, 0.933, 1.039, 0.957, 0.984, 0.955, 
0.997, 0.001, 0.938, 1.009, 0.998, 0.987, 1.045, 1.003, 1.001, 
1.020, 0.004, 1.104, 0.981, 1.079, 1.046, 0.917, 0.978, 1.033, 
0.939, 0.007, 0.874, 0.975, 0.948, 0.892, 0.915, 0.858, 1.114, 
0.997, 0.005, 1.065, 0.915, 1.038, 1.091, 0.936, 0.897, 1.035, 
1.037, 0.009, 1.068, 1.223, 0.902, 1.029, 1.075, 0.974, 0.985, 
1.090, 0.009, 1.288, 1.083, 0.999, 1.106, 1.090, 0.961, 1.103, 
1.003, 0.002, 1.086, 1.007, 0.963, 1.045, 0.977, 0.940, 
