1.045, 0.006, 0.956, 1.091, 1.107, 1.092, 0.936, 1.137, 0.999, 
1.014, 0.001, 0.956, 1.068, 1.036, 1.021, 1.049, 0.982, 0.990, 
1.049, 0.001, 1.060, 1.043, 0.989, 1.086, 1.091, 1.021, 1.050, 
1.047, 0.003, 1.114, 1.002, 1.089, 1.025, 0.962, 1.024, 1.113, 
0.987, 0.007, 0.954, 1.106, 0.862, 1.081, 1.021, 0.923, 0.964, 
1.016, 0.006, 0.938, 0.951, 1.180, 0.985, 1.035, 1.069, 0.953, 
1.013, 0.004, 0.961, 0.926, 0.956, 1.116, 1.074, 0.991, 1.068, 
0.964, 0.002, 0.909, 0.914, 1.044, 0.976, 1.004, 0.942, 0.962, 
0.979, 0.018, 1.158, 0.714, 1.042, 1.092, 0.935, 0.911, 1.003, 
1.011, 0.010, 0.926, 1.219, 0.938, 1.001, 1.080, 0.942, 0.967, 
0.997, 0.000, 0.997, 0.982, 0.970, 1.015, 1.030, 1.010, 0.974, 
1.006, 0.006, 1.152, 1.053, 0.961, 0.937, 0.946, 0.989, 
