0.999, 0.012, 0.914, 1.145, 1.132, 1.082, 0.914, 0.952, 0.850, 
1.041, 0.002, 1.077, 0.994, 1.062, 0.981, 1.040, 1.026, 1.105, 
1.050, 0.004, 1.142, 1.052, 1.044, 1.019, 1.016, 0.940, 1.136, 
1.033, 0.010, 1.213, 0.890, 1.077, 1.063, 1.083, 0.933, 0.969, 
0.953, 0.002, 0.887, 0.986, 0.905, 1.012, 0.972, 0.956, 0.953, 
0.983, 0.010, 0.770, 1.118, 0.940, 0.991, 0.982, 1.047, 1.037, 
1.056, 0.009, 1.179, 1.095, 0.972, 1.031, 0.905, 1.042, 1.166, 
0.973, 0.003, 0.895, 0.891, 0.986, 1.052, 1.013, 0.964, 1.011, 
1.007, 0.005, 1.148, 0.934, 0.998, 1.073, 0.920, 0.974, 1.001, 
1.054, 0.005, 1.077, 1.117, 1.100, 0.990, 1.111, 0.915, 1.068, 
1.015, 0.002, 1.025, 0.939, 1.002, 1.045, 1.062, 0.987, 1.047, 
1.021, 0.003, 1.097, 1.082, 1.015, 1.037, 0.956, 0.942, 
