0.992, 0.003, 0.937, 1.038, 1.101, 0.943, 1.007, 0.940, 0.977, 
1.041, 0.004, 1.033, 0.993, 1.083, 1.026, 1.058, 1.151, 0.945, 
1.010, 0.001, 1.044, 1.069, 1.031, 0.952, 0.985, 0.996, 0.990, 
1.028, 0.002, 1.098, 1.075, 1.001, 0.985, 0.990, 1.021, 1.025, 
0.985, 0.006, 0.903, 0.928, 0.901, 1.120, 1.063, 0.992, 0.988, 
0.977, 0.002, 0.892, 0.933, 1.040, 0.976, 0.984, 0.974, 1.042, 
1.017, 0.006, 1.046, 0.905, 1.016, 1.124, 0.905, 1.067, 1.055, 
1.021, 0.004, 0.943, 1.027, 1.123, 1.016, 1.035, 0.937, 1.070, 
0.990, 0.005, 1.046, 0.873, 1.083, 1.045, 0.937, 0.959, 0.985, 
1.027, 0.004, 1.010, 1.099, 0.912, 1.050, 1.036, 1.106, 0.976, 
1.025, 0.003, 0.986, 0.944, 1.004, 1.037, 1.038, 1.050, 1.118, 
1.041, 0.001, 1.010, 1.045, 1.036, 1.088, 1.021, 1.047, 
