0.959, 0.003, 0.964, 0.918, 0.981, 1.058, 0.887, 0.998, 0.910, 
1.039, 0.013, 1.211, 1.087, 1.022, 0.895, 1.037, 0.872, 1.147, 
1.070, 0.013, 1.346, 1.028, 1.013, 1.062, 1.031, 1.018, 0.989, 
0.993, 0.002, 1.048, 1.026, 1.020, 0.979, 0.942, 0.925, 1.009, 
0.995, 0.005, 0.852, 1.023, 1.014, 1.083, 0.962, 1.062, 0.972, 
0.982, 0.003, 0.938, 0.937, 1.014, 0.950, 1.069, 1.038, 0.926, 
1.063, 0.005, 1.196, 1.018, 1.063, 1.113, 0.946, 1.044, 1.065, 
0.950, 0.009, 0.915, 1.010, 1.065, 0.911, 1.081, 0.846, 0.820, 
1.022, 0.004, 1.126, 1.045, 1.092, 0.993, 1.008, 0.954, 0.934, 
1.026, 0.002, 1.000, 1.066, 1.025, 0.989, 1.080, 1.075, 0.948, 
0.993, 0.008, 0.959, 0.986, 1.012, 1.086, 1.095, 0.814, 1.003, 
1.058, 0.001, 1.084, 1.061, 1.034, 1.090, 1.058, 1.020, 
