0.983, 0.006, 0.911, 1.027, 1.110, 1.054, 0.947, 0.972, 0.863, 
1.014, 0.007, 1.075, 0.942, 0.953, 0.985, 1.072, 0.918, 1.155, 
1.045, 0.008, 1.251, 0.983, 1.020, 1.039, 1.017, 0.953, 1.054, 
1.030, 0.002, 1.113, 1.022, 1.031, 1.048, 1.039, 0.999, 0.959, 
0.963, 0.003, 0.868, 0.990, 0.909, 0.989, 1.035, 0.990, 0.963, 
0.987, 0.001, 0.929, 0.994, 1.005, 0.943, 1.005, 0.989, 1.045, 
1.016, 0.003, 1.045, 0.964, 0.939, 1.057, 1.014, 0.994, 1.101, 
0.943, 0.008, 0.913, 0.750, 1.040, 0.955, 1.015, 0.913, 1.016, 
0.977, 0.006, 1.094, 0.956, 1.049, 1.041, 0.934, 0.900, 0.868, 
1.074, 0.013, 1.095, 1.310, 0.932, 1.038, 1.084, 1.091, 0.969, 
1.006, 0.001, 1.037, 0.984, 1.002, 0.995, 1.004, 0.960, 1.058, 
1.045, 0.002, 1.078, 1.086, 1.065, 1.065, 1.031, 0.944, 
