1.006, 0.013, 1.167, 1.005, 1.113, 1.050, 0.980, 0.943, 0.782, 
1.050, 0.009, 1.121, 0.976, 0.924, 1.053, 1.036, 1.007, 1.233, 
1.040, 0.008, 1.230, 0.918, 1.059, 1.059, 1.031, 0.967, 1.019, 
1.020, 0.003, 1.139, 1.002, 1.055, 1.023, 0.992, 0.995, 0.937, 
0.958, 0.007, 0.821, 1.008, 0.921, 0.983, 1.094, 0.977, 0.900, 
1.415, 1.129, 0.942, 0.962, 0.987, 0.970, 1.063, 4.017, 0.966, 
1.026, 0.005, 1.110, 0.936, 0.921, 1.059, 0.995, 1.050, 1.110, 
0.928, 0.011, 0.905, 0.723, 1.033, 0.873, 1.021, 0.911, 1.031, 
0.984, 0.004, 1.093, 0.931, 0.989, 1.078, 0.933, 0.935, 0.930, 
1.088, 0.011, 1.190, 1.276, 0.970, 1.002, 1.125, 1.068, 0.987, 
1.010, 0.001, 1.023, 0.970, 0.999, 1.002, 1.025, 0.978, 1.075, 
1.034, 0.006, 1.062, 1.168, 1.067, 0.989, 0.975, 0.942, 
