0.972, 0.005, 0.896, 1.044, 1.023, 0.977, 0.937, 1.056, 0.871, 
1.026, 0.003, 1.084, 0.938, 0.981, 1.003, 1.072, 1.074, 1.031, 
1.059, 0.008, 1.247, 1.066, 0.958, 1.065, 0.964, 1.067, 1.048, 
1.053, 0.004, 1.125, 1.077, 1.134, 1.073, 0.948, 0.973, 1.044, 
0.993, 0.005, 0.992, 0.975, 0.900, 1.150, 0.986, 0.985, 0.964, 
1.001, 0.002, 0.964, 1.090, 1.018, 0.991, 0.995, 1.012, 0.939, 
1.035, 0.007, 1.161, 1.100, 0.920, 1.030, 0.923, 1.036, 1.072, 
0.995, 0.003, 0.919, 0.969, 0.984, 1.012, 1.086, 0.947, 1.046, 
1.003, 0.003, 1.041, 0.968, 1.054, 1.091, 0.963, 0.935, 0.968, 
1.059, 0.003, 0.980, 1.163, 1.058, 1.080, 1.042, 1.057, 1.030, 
1.019, 0.001, 0.984, 1.000, 1.008, 1.034, 1.051, 1.003, 1.054, 
1.021, 0.001, 1.056, 1.024, 1.046, 1.026, 0.975, 0.997, 
