1.075, 0.022, 1.026, 0.961, 1.262, 1.249, 0.954, 1.199, 0.874, 
1.032, 0.008, 1.168, 0.958, 0.938, 1.119, 0.946, 0.998, 1.095, 
1.043, 0.002, 0.992, 1.122, 1.000, 1.059, 1.041, 1.020, 1.071, 
1.013, 0.018, 1.066, 0.990, 1.274, 0.879, 1.053, 0.835, 0.993, 
0.948, 0.005, 0.865, 0.876, 0.958, 1.007, 0.999, 1.052, 0.883, 
0.975, 0.011, 0.739, 1.074, 0.948, 1.002, 1.048, 0.995, 1.017, 
0.981, 0.021, 1.033, 1.072, 0.781, 0.986, 1.003, 0.778, 1.213, 
0.937, 0.009, 0.847, 0.772, 0.983, 1.044, 1.024, 0.897, 0.994, 
1.015, 0.007, 1.078, 0.955, 1.156, 1.015, 0.971, 0.875, 1.058, 
1.095, 0.012, 1.063, 1.250, 0.975, 1.206, 1.113, 1.128, 0.927, 
0.999, 0.010, 1.034, 0.800, 1.004, 1.040, 0.986, 1.169, 0.958, 
1.088, 0.004, 1.218, 1.110, 1.077, 1.024, 1.067, 1.035, 
