0.968, 0.008, 0.942, 1.143, 0.860, 1.020, 0.984, 0.944, 0.881, 
1.043, 0.003, 1.044, 0.953, 1.006, 1.026, 1.052, 1.068, 1.152, 
1.016, 0.004, 1.065, 0.989, 0.906, 1.061, 1.059, 0.956, 1.076, 
0.987, 0.008, 1.005, 1.023, 0.778, 0.968, 1.007, 1.087, 1.040, 
0.999, 0.005, 0.929, 0.918, 0.916, 1.054, 1.100, 1.063, 1.016, 
1.036, 0.014, 0.964, 1.041, 1.165, 0.925, 1.261, 0.956, 0.941, 
1.095, 0.063, 1.073, 1.691, 0.911, 0.988, 0.935, 0.980, 1.090, 
1.024, 0.016, 0.917, 1.081, 1.205, 0.905, 0.978, 0.888, 1.193, 
1.007, 0.023, 1.182, 0.698, 1.099, 1.038, 0.895, 1.023, 1.116, 
1.006, 0.012, 1.125, 0.890, 0.963, 0.957, 1.203, 1.018, 0.885, 
1.023, 0.002, 0.995, 0.994, 1.069, 0.940, 1.058, 1.033, 1.072, 
1.024, 0.014, 1.254, 1.026, 0.954, 0.893, 1.063, 0.951, 
