1.100, 0.061, 1.015, 1.037, 1.378, 1.024, 1.449, 1.156, 0.641, 
1.107, 0.017, 1.207, 0.920, 0.914, 1.268, 1.194, 1.177, 1.067, 
1.011, 0.013, 1.030, 1.075, 1.042, 1.217, 0.831, 0.972, 0.910, 
1.047, 0.030, 1.089, 1.082, 0.884, 1.427, 0.989, 0.946, 0.910, 
0.935, 0.034, 1.103, 0.954, 0.990, 0.659, 0.654, 1.104, 1.084, 
0.946, 0.046, 0.882, 0.948, 0.941, 1.286, 1.183, 0.595, 0.788, 
6.559, 182.912, 0.830, 39.684, 0.815, 1.163, 0.918, 1.254, 1.249, 
1.092, 0.088, 0.942, 0.903, 1.197, 1.715, 1.206, 0.748, 0.931, 
0.914, 0.030, 0.901, 0.713, 0.766, 1.204, 1.136, 0.834, 0.841, 
1.082, 0.028, 1.171, 1.428, 0.968, 1.110, 1.063, 0.946, 0.886, 
1.164, 0.019, 1.087, 1.358, 1.244, 1.051, 0.929, 1.199, 1.279, 
0.963, 0.011, 1.103, 0.901, 0.861, 0.894, 1.116, 0.904, 
