0.976, 0.005, 0.970, 1.027, 1.089, 1.006, 0.953, 0.923, 0.866, 
1.007, 0.000, 1.054, 1.003, 1.012, 0.987, 1.001, 1.005, 0.988, 
1.023, 0.003, 1.078, 0.947, 1.038, 1.049, 1.033, 0.938, 1.077, 
1.048, 0.003, 1.039, 1.126, 1.013, 1.121, 1.025, 1.057, 0.956, 
0.986, 0.003, 0.918, 0.976, 0.902, 1.015, 1.021, 1.038, 1.029, 
0.993, 0.006, 0.902, 0.992, 1.008, 0.992, 1.138, 0.895, 1.026, 
1.028, 0.003, 1.057, 1.037, 0.979, 0.974, 1.103, 0.955, 1.089, 
0.957, 0.003, 0.860, 0.915, 0.953, 0.948, 1.019, 0.975, 1.028, 
1.032, 0.002, 1.074, 1.086, 0.929, 1.040, 0.997, 1.052, 1.050, 
1.039, 0.007, 1.048, 1.134, 0.956, 1.071, 0.969, 1.165, 0.928, 
1.009, 0.004, 1.049, 1.016, 0.898, 0.971, 1.108, 1.023, 0.999, 
1.019, 0.001, 0.985, 1.016, 1.037, 1.089, 0.987, 1.002, 
