0.973, 0.005, 1.010, 1.016, 1.071, 0.982, 0.964, 0.944, 0.821, 
1.050, 0.026, 1.065, 1.004, 0.875, 1.029, 1.024, 1.414, 0.941, 
1.001, 0.003, 0.950, 1.050, 0.926, 0.960, 1.028, 1.063, 1.033, 
1.029, 0.002, 1.080, 1.036, 1.006, 0.994, 0.982, 1.091, 1.015, 
0.995, 0.004, 1.010, 0.982, 0.859, 1.046, 0.974, 1.069, 1.024, 
0.998, 0.002, 0.984, 0.962, 1.032, 0.991, 1.083, 0.966, 0.967, 
1.002, 0.005, 1.034, 0.967, 0.984, 1.068, 0.979, 0.876, 1.104, 
1.021, 0.011, 0.980, 1.035, 0.976, 1.041, 0.981, 0.885, 1.250, 
1.004, 0.007, 1.111, 0.884, 1.047, 1.054, 0.902, 0.959, 1.067, 
1.092, 0.017, 1.209, 1.175, 0.958, 1.002, 1.046, 1.310, 0.942, 
1.026, 0.003, 1.050, 1.020, 0.948, 1.008, 0.972, 1.113, 1.069, 
1.007, 0.008, 1.032, 0.993, 0.987, 0.898, 1.190, 0.944, 
