0.998, 0.006, 0.922, 0.990, 1.138, 1.055, 0.955, 1.021, 0.905, 
1.037, 0.004, 0.993, 0.942, 1.129, 1.016, 1.031, 1.027, 1.124, 
1.038, 0.003, 1.072, 1.082, 1.025, 1.054, 0.931, 1.007, 1.096, 
1.029, 0.001, 1.061, 1.046, 1.033, 0.986, 1.037, 0.984, 1.058, 
1.013, 0.001, 1.003, 0.979, 0.983, 1.077, 1.013, 1.025, 1.013, 
0.966, 0.002, 0.899, 0.940, 0.980, 0.969, 1.049, 0.979, 0.948, 
0.992, 0.007, 1.056, 0.846, 1.011, 1.094, 0.962, 0.908, 1.068, 
0.971, 0.005, 0.881, 0.901, 1.100, 0.972, 1.005, 0.907, 1.030, 
0.989, 0.004, 1.081, 0.925, 0.966, 1.091, 0.938, 0.933, 0.989, 
1.068, 0.003, 1.101, 1.041, 1.043, 1.038, 1.099, 1.161, 0.994, 
1.041, 0.001, 1.048, 1.035, 1.031, 1.050, 1.015, 0.987, 1.118, 
1.013, 0.004, 1.142, 0.964, 0.974, 1.022, 1.021, 0.953, 
