1.074, 0.017, 0.934, 1.103, 1.081, 1.193, 0.959, 1.304, 0.945, 
1.073, 0.002, 1.039, 1.021, 1.092, 1.106, 1.154, 1.083, 1.014, 
1.066, 0.035, 1.509, 0.967, 1.040, 1.053, 0.942, 0.918, 1.032, 
1.067, 0.075, 0.923, 0.942, 0.946, 1.723, 0.868, 1.030, 1.035, 
0.932, 0.004, 0.868, 0.995, 0.870, 0.884, 1.006, 0.881, 1.019, 
0.960, 0.006, 0.871, 1.004, 0.915, 0.860, 1.106, 0.971, 0.993, 
1.024, 0.019, 1.214, 0.971, 1.068, 1.208, 0.819, 0.922, 0.969, 
0.972, 0.008, 0.912, 0.906, 1.087, 0.952, 0.888, 0.928, 1.134, 
0.994, 0.002, 0.915, 1.004, 1.053, 1.028, 0.953, 0.960, 1.044, 
0.958, 0.038, 1.206, 0.988, 1.045, 1.018, 0.521, 0.940, 0.988, 
0.952, 0.006, 0.914, 0.837, 1.005, 0.959, 1.090, 0.957, 0.901, 
0.972, 0.007, 0.978, 0.848, 0.915, 0.962, 1.018, 1.110, 
