0.998, 0.011, 0.969, 1.133, 1.111, 1.082, 0.948, 0.884, 0.859, 
1.068, 0.004, 1.059, 0.967, 1.126, 1.003, 1.060, 1.138, 1.121, 
1.012, 0.003, 1.038, 1.038, 0.960, 1.104, 0.958, 0.960, 1.029, 
1.004, 0.001, 1.054, 0.987, 0.984, 0.987, 0.973, 1.001, 1.045, 
0.981, 0.007, 0.852, 0.987, 0.918, 1.101, 1.014, 1.072, 0.926, 
0.966, 0.007, 0.938, 1.040, 0.838, 0.990, 1.099, 0.962, 0.898, 
1.000, 0.004, 1.079, 0.932, 1.068, 1.036, 0.971, 0.916, 1.000, 
1.011, 0.008, 0.901, 0.891, 1.071, 1.072, 1.028, 0.969, 1.147, 
0.990, 0.005, 1.081, 0.920, 1.010, 1.089, 0.933, 0.911, 0.985, 
1.040, 0.004, 1.017, 1.051, 1.038, 1.048, 0.969, 1.181, 0.975, 
0.997, 0.007, 0.987, 0.826, 1.043, 1.081, 0.959, 1.008, 1.076, 
1.022, 0.004, 1.123, 0.978, 1.039, 1.064, 1.001, 0.926, 
