0.991, 0.004, 0.906, 1.018, 1.123, 1.030, 0.943, 0.972, 0.946, 
1.035, 0.001, 1.053, 1.012, 1.037, 0.969, 1.043, 1.058, 1.073, 
1.010, 0.001, 1.032, 1.001, 1.016, 0.998, 0.979, 0.980, 1.064, 
1.038, 0.001, 1.089, 1.079, 1.010, 1.057, 1.035, 0.971, 1.026, 
0.998, 0.003, 0.896, 0.980, 0.982, 1.091, 1.021, 1.008, 1.008, 
0.966, 0.002, 0.898, 0.995, 0.918, 0.989, 1.012, 0.981, 0.972, 
1.011, 0.005, 1.035, 0.902, 1.053, 1.037, 0.954, 0.968, 1.131, 
1.003, 0.003, 0.945, 0.942, 1.090, 0.996, 1.059, 0.949, 1.039, 
1.008, 0.004, 1.127, 0.916, 1.004, 1.068, 0.955, 0.985, 0.998, 
1.048, 0.005, 0.978, 1.150, 1.024, 1.036, 1.071, 1.130, 0.949, 
1.019, 0.002, 1.036, 0.936, 0.997, 1.008, 1.052, 1.014, 1.086, 
1.037, 0.002, 1.120, 1.057, 0.982, 1.060, 1.010, 0.995, 
