1.002, 0.011, 0.976, 0.960, 1.248, 1.001, 1.003, 0.927, 0.899, 
1.021, 0.012, 1.218, 1.097, 0.903, 1.032, 0.865, 1.055, 0.978, 
1.016, 0.002, 0.989, 1.056, 1.089, 0.966, 1.003, 0.996, 1.012, 
1.000, 0.008, 1.089, 1.186, 0.950, 0.946, 0.928, 0.946, 0.953, 
1.015, 0.018, 0.981, 0.884, 0.849, 1.288, 1.075, 1.046, 0.981, 
1.037, 0.011, 0.928, 1.101, 1.009, 0.965, 1.078, 1.238, 0.939, 
0.953, 0.010, 0.971, 0.957, 0.924, 1.015, 0.934, 0.757, 1.116, 
0.980, 0.008, 1.069, 0.853, 1.029, 0.843, 1.023, 0.985, 1.058, 
0.973, 0.003, 1.001, 0.923, 1.000, 1.027, 0.870, 0.960, 1.031, 
1.095, 0.017, 1.114, 1.262, 0.948, 1.228, 1.055, 1.167, 0.889, 
0.987, 0.007, 1.112, 0.841, 0.891, 1.039, 1.017, 1.009, 0.998, 
1.049, 0.001, 1.040, 1.004, 1.091, 1.052, 1.104, 1.006, 
