1.015, 0.005, 0.958, 1.024, 1.123, 1.113, 0.972, 0.946, 0.968, 
1.038, 0.003, 1.135, 1.017, 1.005, 1.030, 0.953, 1.062, 1.063, 
1.047, 0.002, 1.016, 1.083, 1.073, 1.079, 0.990, 0.994, 1.093, 
1.025, 0.001, 1.038, 1.076, 1.013, 0.969, 1.044, 1.028, 1.004, 
0.988, 0.002, 0.926, 0.955, 1.020, 1.045, 1.027, 0.961, 0.981, 
0.989, 0.001, 0.965, 1.053, 1.020, 0.977, 0.947, 0.983, 0.981, 
1.017, 0.002, 1.072, 0.965, 0.938, 1.024, 1.059, 1.019, 1.044, 
0.940, 0.001, 0.925, 0.909, 0.964, 0.972, 0.967, 0.870, 0.974, 
0.989, 0.001, 1.048, 0.914, 0.993, 1.009, 0.973, 0.985, 1.001, 
1.068, 0.003, 1.027, 1.166, 1.109, 1.023, 1.073, 1.066, 1.012, 
1.036, 0.001, 1.022, 1.074, 1.018, 1.000, 1.032, 1.028, 1.076, 
1.016, 0.003, 1.102, 1.012, 0.988, 1.022, 1.039, 0.934, 
