1.019, 0.011, 0.922, 0.996, 1.029, 1.086, 1.216, 1.010, 0.871, 
1.052, 0.005, 1.144, 1.157, 1.053, 0.945, 0.976, 1.056, 1.037, 
0.976, 0.003, 1.084, 0.957, 0.973, 0.903, 0.951, 0.936, 1.028, 
0.963, 0.008, 0.941, 0.927, 0.937, 0.888, 0.941, 1.183, 0.921, 
0.980, 0.007, 0.921, 0.967, 0.812, 1.098, 1.029, 1.042, 0.990, 
0.959, 0.003, 0.909, 0.916, 0.914, 1.077, 0.988, 0.956, 0.955, 
1.036, 0.016, 1.185, 0.775, 1.109, 1.124, 0.961, 1.069, 1.028, 
0.962, 0.003, 0.975, 0.935, 1.017, 0.873, 0.981, 0.927, 1.029, 
0.995, 0.007, 1.120, 0.843, 0.961, 1.048, 0.950, 1.011, 1.032, 
1.086, 0.022, 1.041, 1.354, 0.973, 0.936, 0.955, 1.246, 1.098, 
1.017, 0.003, 1.064, 0.924, 1.056, 1.080, 1.050, 0.963, 0.981, 
1.030, 0.005, 1.080, 0.949, 1.094, 1.105, 1.035, 0.917, 
