0.959, 0.005, 0.843, 0.956, 1.074, 0.992, 0.986, 0.968, 0.894, 
1.002, 0.002, 0.950, 0.984, 0.960, 0.989, 1.013, 1.088, 1.033, 
1.039, 0.003, 1.143, 0.997, 0.971, 1.045, 1.021, 1.011, 1.082, 
1.037, 0.002, 1.021, 1.017, 1.096, 0.998, 0.975, 1.044, 1.108, 
0.974, 0.002, 0.928, 1.026, 0.938, 1.020, 0.976, 1.020, 0.909, 
1.020, 0.002, 0.937, 1.069, 1.033, 0.976, 1.061, 1.021, 1.043, 
1.041, 0.003, 1.134, 1.008, 1.072, 1.050, 1.058, 1.025, 0.941, 
0.996, 0.003, 0.909, 0.934, 1.015, 1.064, 1.045, 0.970, 1.032, 
1.004, 0.006, 1.140, 0.873, 1.052, 1.027, 0.948, 0.971, 1.020, 
0.974, 0.006, 1.025, 1.078, 1.026, 0.943, 0.910, 1.005, 0.830, 
1.038, 0.001, 1.059, 0.987, 1.009, 0.992, 1.059, 1.063, 1.096, 
1.018, 0.001, 1.062, 1.034, 1.003, 1.047, 0.982, 0.978, 
