1.013, 0.002, 1.022, 1.056, 1.042, 1.037, 0.940, 0.981, 
1.036, 0.003, 0.976, 0.957, 1.083, 1.005, 1.116, 1.077, 
1.025, 0.003, 1.123, 1.076, 1.016, 0.943, 0.976, 1.019, 1.025, 
1.063, 0.008, 1.006, 1.238, 1.133, 1.102, 0.971, 0.991, 0.997, 
1.000, 0.008, 0.907, 1.070, 0.832, 1.064, 1.036, 0.993, 1.099, 
0.992, 0.004, 0.876, 0.936, 1.095, 0.983, 1.041, 1.008, 1.009, 
1.002, 0.003, 1.031, 0.953, 0.951, 1.072, 0.923, 1.032, 1.048, 
0.986, 0.007, 0.947, 0.827, 1.098, 1.068, 1.012, 0.961, 0.990, 
0.995, 0.007, 1.037, 0.838, 1.125, 1.050, 0.937, 0.964, 1.017, 
1.044, 0.003, 1.016, 1.144, 0.989, 1.026, 1.061, 1.086, 0.984, 
0.973, 0.005, 0.951, 0.955, 0.908, 0.942, 1.142, 0.989, 0.925, 
1.079, 0.002, 1.150, 1.068, 1.099, 1.064, 1.015, 
