1.063, 0.037, 1.106, 1.117, 1.390, 1.174, 1.047, 0.758, 0.850, 
1.071, 0.011, 1.069, 0.875, 1.205, 0.999, 1.067, 1.097, 1.183, 
1.002, 0.018, 1.025, 0.971, 0.796, 1.176, 0.827, 1.116, 1.103, 
0.999, 0.004, 1.099, 0.941, 0.987, 1.079, 0.947, 0.938, 1.000, 
0.955, 0.008, 0.786, 1.026, 0.850, 0.996, 1.011, 1.008, 1.009, 
1.011, 0.025, 0.791, 0.839, 1.218, 0.868, 1.134, 1.137, 1.087, 
0.953, 0.007, 1.016, 0.815, 1.016, 0.900, 0.887, 0.949, 1.087, 
0.969, 0.013, 0.904, 0.785, 1.172, 0.940, 1.062, 0.911, 1.009, 
1.034, 0.021, 1.061, 0.907, 1.319, 1.118, 0.856, 0.945, 1.030, 
1.027, 0.014, 0.923, 1.245, 1.128, 0.951, 1.069, 0.984, 0.886, 
1.042, 0.004, 1.069, 1.086, 0.902, 1.016, 1.092, 1.082, 1.047, 
1.014, 0.010, 1.186, 0.946, 1.064, 1.053, 0.951, 0.882, 
