1.037, 0.005, 1.094, 1.031, 1.180, 1.043, 0.963, 0.965, 0.984, 
1.053, 0.006, 1.186, 1.045, 0.907, 1.062, 1.041, 1.059, 1.069, 
1.028, 0.002, 1.064, 1.025, 1.032, 1.065, 0.950, 0.984, 1.075, 
0.934, 0.003, 0.995, 0.906, 0.894, 0.908, 0.855, 0.957, 1.022, 
0.933, 0.006, 0.867, 0.913, 0.861, 1.055, 0.855, 0.936, 1.043, 
0.990, 0.001, 0.990, 0.972, 1.053, 0.987, 0.975, 1.000, 0.952, 
0.994, 0.005, 0.973, 0.948, 0.929, 1.103, 0.930, 0.969, 1.105, 
0.948, 0.011, 0.702, 1.017, 1.044, 0.948, 1.022, 0.954, 0.948, 
0.982, 0.013, 1.117, 0.748, 1.037, 1.073, 0.926, 0.978, 0.994, 
1.143, 0.022, 1.242, 1.450, 1.038, 1.056, 1.120, 1.134, 0.963, 
1.025, 0.011, 1.203, 0.882, 1.012, 1.107, 0.883, 1.054, 1.034, 
1.061, 0.004, 1.056, 1.005, 1.142, 1.086, 1.112, 0.964, 
