0.985, 0.008, 1.135, 1.084, 0.999, 0.948, 0.904, 0.961, 0.862, 
1.019, 0.014, 1.030, 0.976, 1.108, 1.067, 1.176, 1.005, 0.769, 
1.061, 0.007, 1.122, 1.024, 1.053, 1.139, 0.971, 0.939, 1.180, 
0.960, 0.004, 0.928, 0.869, 0.971, 0.891, 1.046, 1.022, 0.989, 
0.965, 0.003, 0.928, 0.864, 0.955, 1.049, 1.022, 0.970, 0.969, 
0.968, 0.002, 0.955, 0.997, 0.944, 0.997, 0.983, 1.023, 0.878, 
1.028, 0.005, 1.063, 1.059, 0.892, 1.060, 0.966, 1.037, 1.118, 
0.971, 0.018, 0.779, 0.777, 1.031, 1.056, 0.944, 1.138, 1.074, 
1.032, 0.010, 1.254, 0.937, 1.004, 1.068, 0.960, 0.972, 1.028, 
1.102, 0.018, 1.105, 1.359, 1.001, 1.061, 1.181, 1.115, 0.892, 
1.025, 0.003, 1.017, 0.931, 1.098, 1.076, 1.022, 0.957, 1.075, 
1.056, 0.004, 1.074, 1.087, 1.137, 1.050, 1.046, 0.939, 
