0.990, 0.013, 0.809, 1.129, 1.069, 1.133, 0.962, 0.886, 0.942, 
1.029, 0.002, 1.048, 1.108, 0.937, 0.989, 1.053, 1.042, 1.024, 
1.014, 0.005, 1.033, 0.973, 1.116, 0.958, 1.056, 0.901, 1.061, 
0.991, 0.004, 1.107, 0.922, 0.960, 1.043, 0.910, 1.015, 0.978, 
0.980, 0.004, 0.895, 0.963, 0.887, 1.046, 1.025, 1.012, 1.033, 
0.991, 0.004, 0.902, 0.965, 1.045, 0.989, 1.101, 0.944, 0.993, 
1.026, 0.002, 1.085, 1.024, 1.050, 1.054, 0.981, 0.930, 1.059, 
0.960, 0.003, 0.903, 0.933, 1.010, 0.946, 1.067, 0.954, 0.905, 
1.050, 0.008, 1.234, 1.054, 0.925, 1.102, 1.017, 1.007, 1.010, 
1.105, 0.016, 1.024, 1.220, 0.984, 1.081, 0.986, 1.359, 1.078, 
0.981, 0.002, 1.049, 0.990, 0.954, 0.973, 0.887, 1.005, 1.008, 
1.042, 0.001, 1.045, 1.095, 1.041, 1.008, 1.030, 1.034, 
