0.949, 0.007, 0.863, 1.017, 1.015, 1.047, 0.957, 0.938, 0.808, 
1.047, 0.001, 1.032, 1.065, 1.020, 0.974, 1.077, 1.076, 1.088, 
1.056, 0.007, 1.214, 0.960, 1.114, 1.072, 0.949, 1.011, 1.073, 
0.997, 0.004, 0.972, 1.009, 0.901, 1.105, 0.928, 1.000, 1.064, 
0.967, 0.005, 0.877, 0.862, 0.918, 1.029, 1.027, 1.049, 1.010, 
0.998, 0.011, 0.918, 1.152, 0.892, 0.994, 1.168, 0.930, 0.930, 
1.039, 0.007, 1.037, 0.982, 1.085, 1.040, 0.946, 0.965, 1.218, 
0.996, 0.004, 0.959, 0.894, 1.092, 0.989, 1.054, 0.944, 1.035, 
0.991, 0.026, 1.367, 0.861, 0.933, 1.020, 0.884, 0.981, 0.892, 
1.094, 0.014, 1.085, 1.283, 1.172, 0.970, 1.200, 1.001, 0.948, 
1.031, 0.002, 1.073, 0.962, 1.049, 1.065, 1.017, 0.976, 1.074, 
1.020, 0.008, 0.972, 1.069, 1.029, 0.922, 1.183, 0.945, 
