1.004, 0.004, 1.083, 1.009, 1.066, 1.060, 0.919, 0.956, 0.937, 
1.039, 0.006, 1.059, 1.192, 0.951, 1.029, 0.938, 1.032, 1.070, 
1.060, 0.004, 0.942, 1.006, 1.059, 1.073, 1.150, 1.088, 1.103, 
1.008, 0.012, 1.228, 0.969, 0.895, 0.890, 0.987, 0.990, 1.096, 
0.995, 0.002, 1.039, 0.970, 0.914, 1.030, 0.976, 0.984, 1.048, 
0.990, 0.005, 0.917, 1.085, 0.958, 0.915, 0.997, 1.095, 0.962, 
1.017, 0.005, 1.022, 0.910, 1.040, 1.143, 0.976, 0.956, 1.068, 
0.996, 0.004, 0.952, 0.893, 1.076, 0.949, 1.072, 0.988, 1.040, 
0.973, 0.010, 1.142, 0.865, 0.962, 1.099, 0.926, 0.946, 0.871, 
1.035, 0.006, 0.967, 1.145, 1.017, 0.977, 1.145, 1.054, 0.940, 
1.010, 0.003, 1.022, 0.988, 0.985, 1.057, 0.939, 0.971, 1.107, 
1.039, 0.009, 1.078, 1.029, 1.055, 1.061, 1.159, 0.850, 
