0.944, 0.016, 0.953, 1.005, 1.040, 1.103, 0.817, 0.986, 0.703, 
1.067, 0.013, 0.860, 1.100, 1.077, 0.971, 1.116, 1.099, 1.244, 
1.032, 0.004, 0.984, 0.962, 1.094, 1.150, 1.035, 1.047, 0.956, 
1.086, 0.011, 1.232, 1.234, 1.029, 1.050, 1.094, 1.028, 0.935, 
1.010, 0.003, 0.999, 0.991, 0.901, 1.075, 1.068, 1.056, 0.982, 
0.997, 0.018, 0.782, 1.115, 0.929, 1.029, 1.200, 1.056, 0.871, 
1.137, 0.013, 1.306, 1.063, 1.220, 1.174, 0.951, 1.042, 1.200, 
0.967, 0.003, 0.931, 0.920, 1.044, 1.033, 0.968, 0.906, 0.967, 
1.037, 0.024, 1.229, 0.784, 1.149, 1.105, 0.847, 1.010, 1.138, 
1.061, 0.033, 1.083, 1.462, 1.003, 0.858, 1.006, 1.101, 0.916, 
1.052, 0.005, 1.205, 1.054, 1.028, 1.053, 0.964, 1.079, 0.983, 
1.045, 0.009, 1.092, 1.041, 1.031, 1.053, 1.191, 0.864, 
