1.001, 0.003, 0.949, 1.031, 1.057, 1.029, 0.983, 1.063, 0.898, 
1.015, 0.001, 1.032, 1.006, 0.976, 0.990, 1.042, 1.069, 0.991, 
1.029, 0.000, 1.024, 1.022, 1.013, 1.009, 1.052, 1.026, 1.060, 
1.009, 0.002, 1.035, 1.049, 0.957, 1.012, 0.980, 0.949, 1.078, 
1.008, 0.001, 0.964, 1.032, 0.962, 1.073, 1.032, 0.980, 1.017, 
1.013, 0.001, 0.995, 0.974, 1.075, 1.005, 1.004, 1.023, 1.013, 
0.989, 0.003, 0.957, 0.943, 0.918, 0.975, 1.009, 1.046, 1.077, 
0.984, 0.001, 1.003, 0.935, 1.027, 0.985, 1.011, 0.942, 0.985, 
0.998, 0.002, 1.064, 0.963, 1.051, 1.032, 0.951, 0.930, 0.994, 
1.020, 0.006, 1.027, 1.066, 0.918, 1.019, 1.057, 1.140, 0.911, 
1.001, 0.000, 1.011, 1.035, 0.988, 1.018, 0.961, 0.996, 0.999, 
1.011, 0.003, 1.065, 1.025, 1.028, 0.906, 1.039, 1.006, 
