1.036, 0.027, 0.970, 0.986, 1.097, 0.947, 0.906, 0.934, 1.410, 
1.053, 0.008, 1.136, 1.022, 0.927, 1.185, 1.010, 1.118, 0.975, 
0.948, 0.012, 1.156, 1.030, 0.918, 0.949, 0.814, 0.819, 0.953, 
0.976, 0.008, 0.965, 1.054, 0.917, 0.984, 1.088, 1.020, 0.806, 
0.967, 0.023, 0.954, 0.877, 0.834, 1.262, 0.972, 1.088, 0.781, 
0.977, 0.024, 0.887, 1.183, 1.073, 0.782, 1.161, 0.786, 0.966, 
0.957, 0.034, 1.009, 1.047, 0.702, 1.190, 0.845, 0.734, 1.175, 
0.710, 0.049, 0.523, 0.576, 0.984, 0.801, 0.680, 0.382, 1.021, 
1.025, 0.022, 1.283, 0.812, 0.994, 0.882, 1.038, 0.998, 1.166, 
1.308, 0.834, 0.893, 1.152, 0.879, 1.065, 0.903, 3.524, 0.738, 
1.264, 0.170, 1.203, 0.831, 1.015, 1.103, 1.264, 2.219, 1.213, 
1.073, 0.046, 1.044, 1.114, 1.524, 0.944, 0.899, 0.912, 
