0.966, 0.007, 0.960, 1.044, 1.075, 1.040, 0.828, 0.922, 0.895, 
0.994, 0.002, 1.048, 0.969, 0.979, 0.946, 1.022, 0.949, 1.044, 
1.007, 0.003, 1.039, 1.008, 0.985, 0.973, 0.923, 1.015, 1.104, 
1.070, 0.001, 1.048, 1.046, 1.079, 1.118, 1.090, 1.055, 1.055, 
1.018, 0.005, 0.869, 1.044, 1.068, 1.032, 0.980, 1.116, 1.017, 
1.003, 0.003, 1.051, 1.015, 0.914, 1.063, 0.959, 1.056, 0.963, 
1.024, 0.003, 1.041, 0.957, 1.079, 1.004, 0.956, 1.034, 1.093, 
1.037, 0.004, 0.928, 1.041, 1.075, 1.126, 1.092, 0.953, 1.048, 
0.931, 0.037, 1.103, 0.970, 0.489, 1.105, 0.926, 0.946, 0.981, 
1.055, 0.007, 1.062, 1.206, 1.108, 1.009, 1.041, 1.053, 0.906, 
1.015, 0.000, 0.991, 1.045, 1.027, 1.001, 1.044, 0.998, 1.001, 
1.004, 0.001, 1.064, 1.022, 0.962, 0.986, 0.976, 1.013, 
