0.954, 0.011, 0.876, 0.919, 1.060, 1.066, 0.986, 1.014, 0.757, 
1.042, 0.001, 1.013, 1.061, 1.078, 1.022, 1.064, 1.046, 1.011, 
1.068, 0.004, 1.113, 1.008, 1.037, 1.134, 1.067, 0.960, 1.161, 
0.994, 0.003, 1.084, 1.043, 0.929, 1.009, 0.953, 0.969, 0.973, 
1.013, 0.005, 0.949, 0.902, 1.013, 1.124, 1.052, 1.003, 1.048, 
0.951, 0.004, 0.921, 1.004, 0.991, 0.882, 1.048, 0.956, 0.857, 
1.006, 0.007, 0.990, 0.915, 0.949, 1.106, 0.963, 0.954, 1.164, 
0.964, 0.002, 0.875, 0.982, 1.005, 0.947, 0.996, 0.916, 1.024, 
1.012, 0.006, 1.184, 0.921, 0.993, 1.028, 1.037, 0.956, 0.967, 
1.039, 0.006, 1.015, 1.090, 1.025, 1.148, 1.016, 1.093, 0.887, 
1.026, 0.002, 1.047, 0.973, 1.010, 1.011, 1.088, 0.979, 1.074, 
1.002, 0.006, 1.103, 0.949, 1.001, 1.107, 0.962, 0.889, 
