0.991, 0.003, 1.063, 0.943, 1.061, 1.000, 1.013, 0.948, 0.910, 
1.025, 0.005, 1.092, 0.869, 1.006, 1.021, 1.080, 1.032, 1.073, 
1.018, 0.008, 1.188, 0.895, 1.014, 1.048, 0.971, 0.942, 1.069, 
0.995, 0.002, 0.942, 1.015, 0.968, 1.053, 0.930, 1.015, 1.040, 
1.033, 0.013, 1.031, 0.903, 1.082, 1.282, 1.033, 0.956, 0.947, 
1.022, 0.004, 0.940, 1.079, 1.121, 1.005, 1.059, 0.995, 0.953, 
1.004, 0.008, 1.009, 1.100, 0.820, 1.054, 0.946, 1.023, 1.079, 
0.978, 0.024, 0.721, 1.044, 1.268, 0.990, 0.972, 0.854, 0.997, 
1.075, 0.012, 1.271, 1.032, 1.116, 1.170, 0.954, 1.024, 0.962, 
1.030, 0.009, 0.867, 1.036, 0.907, 1.134, 1.122, 1.067, 1.074, 
1.026, 0.007, 1.010, 0.953, 1.060, 0.977, 0.998, 0.960, 1.220, 
1.007, 0.001, 1.007, 1.058, 0.957, 0.968, 1.024, 1.032, 
