0.989, 0.003, 0.932, 1.016, 1.052, 1.066, 0.936, 1.009, 0.915, 
1.043, 0.002, 1.077, 1.047, 1.054, 0.997, 1.089, 1.088, 0.951, 
1.039, 0.003, 1.021, 1.037, 1.125, 1.017, 0.966, 0.998, 1.106, 
1.002, 0.003, 1.119, 0.991, 1.008, 1.013, 0.938, 0.939, 1.004, 
0.981, 0.007, 0.910, 0.918, 0.853, 1.113, 1.015, 1.001, 1.058, 
0.967, 0.003, 0.840, 0.987, 1.022, 0.963, 1.017, 0.960, 0.981, 
1.001, 0.002, 0.995, 0.938, 0.941, 1.062, 1.001, 1.025, 1.044, 
1.017, 0.004, 0.989, 0.958, 1.100, 1.050, 1.092, 0.999, 0.934, 
1.016, 0.002, 1.079, 0.980, 1.068, 1.042, 1.005, 0.998, 0.938, 
1.033, 0.003, 0.960, 1.085, 1.052, 1.044, 1.066, 1.093, 0.930, 
1.066, 0.003, 1.068, 1.147, 1.091, 0.952, 1.122, 1.043, 1.041, 
1.043, 0.002, 1.092, 1.062, 0.983, 1.049, 1.073, 1.000, 
