0.985, 0.010, 0.868, 0.967, 1.156, 1.104, 0.940, 0.989, 0.869, 
1.038, 0.002, 1.052, 1.105, 0.965, 1.024, 1.010, 1.068, 1.040, 
1.021, 0.006, 1.071, 1.019, 1.067, 0.977, 1.050, 0.857, 1.105, 
1.014, 0.008, 1.112, 0.863, 0.947, 1.127, 1.021, 1.078, 0.955, 
1.005, 0.006, 0.903, 0.956, 0.905, 1.028, 1.089, 1.083, 1.068, 
0.988, 0.002, 0.978, 0.948, 0.972, 0.945, 1.091, 0.980, 0.999, 
1.019, 0.005, 1.073, 0.960, 0.920, 1.108, 1.009, 0.956, 1.109, 
0.965, 0.003, 0.860, 0.938, 0.987, 0.950, 1.041, 0.939, 1.038, 
1.019, 0.007, 1.161, 1.005, 0.936, 1.094, 1.033, 0.903, 1.001, 
1.097, 0.003, 1.085, 1.149, 1.115, 1.061, 1.032, 1.202, 1.032, 
1.001, 0.002, 1.018, 0.942, 0.976, 0.959, 1.073, 1.028, 1.010, 
1.022, 0.003, 1.124, 0.952, 1.020, 1.043, 0.974, 1.017, 
