1.028, 0.013, 0.982, 0.975, 1.254, 0.882, 1.028, 1.120, 0.957, 
1.083, 0.007, 1.058, 1.202, 0.948, 1.141, 1.024, 1.166, 1.043, 
1.036, 0.005, 1.118, 1.010, 1.077, 1.145, 0.975, 0.944, 0.985, 
1.089, 0.005, 1.054, 1.160, 1.054, 1.062, 1.019, 1.047, 1.227, 
0.962, 0.014, 1.011, 0.888, 0.851, 1.190, 1.016, 0.819, 0.959, 
0.983, 0.006, 0.887, 0.982, 1.084, 0.884, 1.055, 0.936, 1.055, 
1.011, 0.015, 1.111, 0.968, 0.764, 1.184, 0.974, 1.030, 1.048, 
0.966, 0.014, 0.925, 0.860, 1.158, 1.106, 0.808, 0.979, 0.930, 
1.009, 0.019, 1.237, 0.962, 0.978, 0.863, 0.864, 0.970, 1.186, 
0.915, 0.055, 0.966, 1.387, 1.044, 0.598, 0.841, 0.794, 0.778, 
0.954, 0.026, 0.921, 0.710, 0.837, 1.121, 0.874, 1.001, 1.215, 
0.996, 0.021, 1.109, 0.732, 1.170, 1.057, 1.021, 0.886, 
