1.009, 0.017, 0.978, 1.007, 1.135, 1.106, 1.070, 1.055, 0.715, 
1.100, 0.020, 1.185, 1.032, 0.946, 1.031, 1.313, 0.936, 1.258, 
1.038, 0.012, 1.243, 0.930, 0.972, 1.175, 1.003, 0.961, 0.981, 
1.044, 0.043, 1.506, 1.137, 0.840, 0.889, 1.032, 0.949, 0.958, 
0.970, 0.007, 0.894, 0.945, 0.841, 1.102, 0.949, 1.038, 1.025, 
0.942, 0.006, 0.889, 1.030, 0.815, 0.979, 1.043, 0.929, 0.911, 
1.004, 0.019, 1.232, 0.957, 0.985, 1.001, 0.839, 0.848, 1.163, 
0.957, 0.011, 0.770, 0.955, 1.081, 0.951, 1.075, 0.849, 1.020, 
0.990, 0.005, 1.133, 0.925, 0.970, 0.941, 0.993, 0.911, 1.055, 
1.051, 0.014, 1.001, 1.217, 1.009, 1.134, 0.873, 1.181, 0.943, 
1.101, 0.016, 0.951, 1.087, 0.999, 1.091, 1.011, 1.336, 1.231, 
1.050, 0.018, 1.318, 0.891, 0.987, 0.983, 1.056, 1.065, 
