1.040, 0.015, 0.915, 1.037, 1.269, 0.977, 1.001, 
1.033, 0.003, 1.082, 0.997, 1.105, 0.975, 1.004, 
1.046, 0.005, 1.147, 1.104, 1.007, 0.971, 0.999, 
0.997, 0.002, 0.993, 1.045, 0.927, 1.012, 1.006, 
0.967, 0.014, 0.854, 1.001, 0.827, 1.153, 1.001, 
0.930, 0.002, 0.864, 0.980, 0.923, 0.953, 
1.028, 0.007, 0.901, 1.008, 1.120, 1.082, 
0.999, 0.004, 0.997, 0.929, 1.103, 0.965, 
0.961, 0.017, 1.109, 0.780, 0.903, 1.053, 
1.086, 0.005, 1.116, 1.179, 0.997, 1.052, 
0.990, 0.004, 1.092, 0.922, 0.977, 0.969, 
1.133, 0.019, 1.037, 1.089, 1.038, 1.369, 
