0.996, 0.005, 0.953, 1.012, 1.069, 1.095, 0.997, 0.876, 0.968, 
1.042, 0.002, 1.079, 1.055, 1.063, 0.954, 1.010, 1.093, 1.037, 
1.035, 0.002, 1.064, 1.029, 1.081, 1.034, 1.009, 0.934, 1.092, 
1.008, 0.003, 1.073, 1.060, 0.927, 0.979, 1.053, 0.949, 1.017, 
0.995, 0.001, 0.931, 0.992, 0.981, 0.977, 1.037, 1.024, 1.026, 
0.986, 0.001, 0.944, 1.008, 0.948, 0.982, 0.982, 1.020, 1.016, 
1.025, 0.001, 1.023, 0.985, 0.973, 1.032, 1.038, 1.083, 1.040, 
0.967, 0.003, 0.889, 0.931, 0.977, 1.039, 1.019, 0.913, 1.000, 
1.004, 0.001, 1.052, 0.983, 0.983, 1.016, 1.052, 0.978, 0.969, 
1.024, 0.003, 0.978, 1.135, 1.036, 0.972, 1.033, 0.965, 1.053, 
1.026, 0.002, 0.970, 1.029, 0.995, 1.024, 1.068, 0.988, 1.106, 
1.020, 0.004, 1.121, 1.070, 1.026, 1.021, 0.934, 0.947, 
