1.034, 0.008, 0.947, 1.100, 1.213, 1.055, 0.965, 1.009, 0.948, 
1.013, 0.002, 1.066, 0.979, 1.010, 1.052, 1.018, 1.045, 0.922, 
1.013, 0.005, 1.030, 1.151, 0.916, 1.023, 0.975, 0.938, 1.060, 
1.024, 0.004, 1.021, 1.024, 0.962, 1.114, 0.918, 1.069, 1.063, 
0.964, 0.008, 0.854, 0.926, 0.827, 1.024, 1.007, 1.044, 1.067, 
0.958, 0.003, 0.928, 0.980, 1.002, 0.836, 1.021, 0.988, 0.950, 
1.025, 0.003, 1.103, 0.989, 1.044, 1.015, 0.958, 0.976, 1.087, 
0.961, 0.003, 0.948, 0.891, 0.985, 0.937, 0.997, 0.910, 1.058, 
0.989, 0.010, 1.102, 0.787, 1.063, 1.085, 0.947, 0.951, 0.989, 
1.039, 0.005, 1.064, 1.205, 0.991, 1.044, 0.983, 0.997, 0.990, 
0.976, 0.005, 1.028, 0.882, 0.953, 0.999, 0.990, 0.886, 1.091, 
1.029, 0.003, 1.112, 1.016, 1.091, 0.999, 0.988, 0.967, 
