0.990, 0.010, 1.080, 0.917, 1.119, 1.072, 0.884, 1.011, 0.850, 
1.108, 0.019, 1.353, 1.165, 1.050, 1.163, 0.942, 0.933, 1.153, 
1.035, 0.003, 0.960, 0.952, 1.045, 1.049, 1.052, 1.104, 1.082, 
1.014, 0.010, 1.066, 1.227, 1.012, 0.981, 0.887, 0.953, 0.973, 
0.973, 0.003, 0.865, 0.950, 0.924, 1.048, 1.020, 0.995, 1.006, 
0.926, 0.019, 0.639, 0.939, 0.835, 1.091, 0.951, 0.990, 1.034, 
0.995, 0.005, 1.097, 0.891, 0.995, 1.017, 0.921, 0.953, 1.091, 
0.998, 0.013, 0.783, 1.017, 1.153, 1.048, 1.001, 1.095, 0.890, 
1.010, 0.016, 1.260, 0.859, 1.070, 1.061, 0.918, 0.985, 0.919, 
1.083, 0.021, 0.913, 1.382, 1.096, 1.017, 1.154, 1.078, 0.938, 
1.053, 0.013, 0.975, 1.031, 0.928, 1.265, 1.135, 0.943, 1.093, 
1.056, 0.016, 1.180, 1.246, 0.919, 1.055, 1.032, 0.902, 
