1.007, 0.005, 0.918, 0.926, 1.046, 1.037, 1.000, 0.987, 1.134, 
1.083, 0.006, 1.245, 1.040, 1.129, 1.028, 1.080, 0.988, 1.071, 
1.038, 0.001, 1.112, 1.019, 1.058, 1.036, 1.017, 1.009, 1.013, 
1.011, 0.003, 1.097, 1.008, 1.031, 1.066, 0.961, 0.999, 0.914, 
1.000, 0.014, 0.908, 1.196, 0.932, 1.089, 1.024, 1.039, 0.812, 
0.955, 0.006, 0.809, 1.032, 0.875, 0.987, 0.979, 1.001, 1.000, 
1.030, 0.001, 1.035, 1.004, 1.072, 1.001, 0.991, 1.025, 1.081, 
1.000, 0.009, 1.026, 0.913, 1.126, 0.921, 1.076, 0.851, 1.090, 
0.987, 0.008, 1.181, 1.032, 0.939, 0.977, 0.939, 0.872, 0.967, 
1.029, 0.004, 1.011, 1.163, 1.003, 1.061, 0.990, 0.991, 0.983, 
1.034, 0.013, 1.073, 1.050, 0.988, 1.152, 1.107, 0.779, 1.091, 
0.986, 0.002, 0.983, 1.034, 0.965, 1.008, 1.020, 0.908, 
