1.003, 0.011, 0.935, 1.030, 1.128, 1.169, 0.912, 0.977, 0.874, 
1.042, 0.004, 0.999, 0.986, 1.031, 1.076, 0.988, 1.166, 1.049, 
1.039, 0.002, 1.097, 0.974, 1.073, 1.039, 1.004, 1.059, 1.029, 
0.984, 0.002, 0.987, 1.075, 0.909, 0.941, 1.010, 0.993, 0.970, 
0.958, 0.009, 0.816, 0.912, 0.846, 1.083, 1.028, 0.998, 1.023, 
0.963, 0.007, 0.985, 0.912, 0.997, 0.977, 1.031, 1.049, 0.788, 
1.039, 0.008, 1.091, 0.952, 0.974, 1.199, 0.932, 1.009, 1.115, 
0.966, 0.005, 0.905, 0.828, 1.046, 0.988, 0.980, 0.967, 1.050, 
0.996, 0.011, 1.174, 0.851, 0.998, 1.109, 0.904, 0.934, 1.000, 
1.096, 0.012, 1.090, 1.323, 1.036, 1.062, 0.947, 1.141, 1.076, 
0.997, 0.004, 1.024, 0.854, 0.994, 1.029, 1.022, 0.991, 1.069, 
1.044, 0.003, 1.107, 1.019, 1.099, 1.083, 1.021, 0.938, 
