0.889, 0.071, 0.875, 0.966, 1.071, 1.088, 0.283, 1.110, 0.828, 
1.098, 0.004, 1.213, 1.083, 1.054, 1.044, 1.140, 1.144, 1.008, 
1.005, 0.001, 0.997, 1.011, 1.026, 1.069, 0.931, 1.005, 0.998, 
1.039, 0.007, 1.131, 1.108, 1.051, 0.956, 0.881, 1.047, 1.100, 
1.021, 0.002, 0.986, 0.990, 0.957, 1.082, 1.046, 1.013, 1.075, 
1.000, 0.003, 0.949, 0.977, 0.927, 1.039, 1.063, 1.086, 0.959, 
1.011, 0.007, 0.960, 1.085, 1.037, 1.105, 0.867, 1.088, 0.932, 
0.992, 0.003, 0.975, 0.955, 1.088, 1.016, 0.957, 0.913, 1.037, 
1.070, 0.006, 1.116, 0.951, 1.141, 1.086, 1.150, 1.079, 0.966, 
1.103, 0.014, 1.043, 1.262, 1.061, 1.117, 1.186, 1.184, 0.869, 
1.035, 0.003, 1.018, 1.061, 0.939, 1.121, 1.002, 1.043, 1.062, 
0.975, 0.003, 0.990, 0.918, 1.043, 0.985, 1.026, 0.888, 
