0.985, 0.008, 0.907, 0.971, 1.165, 0.998, 1.010, 0.985, 0.861, 
1.015, 0.007, 1.037, 1.021, 1.017, 0.965, 0.871, 1.164, 1.030, 
1.039, 0.003, 0.937, 1.093, 1.049, 0.997, 1.030, 1.084, 1.082, 
0.987, 0.004, 0.885, 1.054, 0.945, 1.003, 0.930, 1.034, 1.057, 
0.984, 0.011, 0.936, 0.874, 0.862, 1.092, 0.933, 1.035, 1.153, 
1.045, 0.003, 1.081, 0.988, 1.143, 0.991, 0.973, 1.090, 1.045, 
1.016, 0.002, 0.963, 0.949, 1.012, 1.084, 1.015, 1.071, 1.020, 
0.999, 0.005, 0.976, 0.909, 0.987, 1.073, 0.924, 1.000, 1.122, 
1.031, 0.009, 1.206, 0.888, 1.096, 1.079, 0.991, 0.957, 1.001, 
1.008, 0.006, 1.108, 0.935, 0.896, 1.014, 1.111, 1.047, 0.941, 
1.033, 0.003, 1.049, 0.967, 0.935, 1.050, 1.070, 1.043, 1.117, 
0.988, 0.002, 0.935, 0.929, 1.005, 1.024, 1.023, 1.012, 
