0.991, 0.002, 0.927, 0.982, 0.994, 1.051, 1.025, 1.010, 0.947, 
1.011, 0.003, 0.938, 0.994, 1.016, 0.995, 1.115, 1.042, 0.976, 
1.021, 0.001, 1.097, 1.009, 0.997, 1.041, 1.021, 1.014, 0.966, 
0.998, 0.004, 0.942, 1.071, 0.939, 1.006, 0.931, 0.992, 1.102, 
0.985, 0.003, 1.007, 1.042, 0.876, 1.051, 0.975, 0.984, 0.962, 
1.026, 0.002, 0.974, 0.992, 1.106, 0.980, 1.014, 1.054, 1.058, 
0.986, 0.007, 0.826, 0.950, 0.942, 1.053, 1.016, 1.110, 1.004, 
0.993, 0.001, 1.003, 0.981, 1.052, 1.011, 0.964, 0.983, 0.960, 
1.019, 0.003, 1.126, 0.971, 1.077, 1.027, 0.954, 0.969, 1.007, 
1.013, 0.006, 1.096, 1.048, 0.934, 1.060, 1.103, 0.928, 0.924, 
1.039, 0.001, 1.048, 1.002, 1.091, 1.033, 1.083, 1.015, 1.003, 
0.949, 0.045, 1.096, 1.082, 1.012, 0.479, 1.018, 1.007, 
