0.974, 0.003, 1.001, 0.971, 0.955, 1.062, 0.879, 0.988, 0.967, 
1.043, 0.002, 1.004, 1.040, 1.041, 1.143, 1.010, 1.023, 1.042, 
1.008, 0.004, 1.102, 0.969, 0.969, 0.913, 0.991, 1.013, 1.097, 
0.982, 0.003, 1.058, 0.994, 0.888, 1.004, 0.931, 0.949, 1.050, 
0.996, 0.002, 0.922, 0.946, 1.041, 1.070, 1.027, 1.000, 0.966, 
1.040, 0.004, 0.934, 1.023, 1.076, 1.157, 1.073, 0.987, 1.032, 
0.991, 0.002, 0.988, 0.947, 1.021, 1.002, 0.958, 0.944, 1.074, 
0.944, 0.002, 0.918, 0.879, 0.987, 0.915, 1.000, 0.929, 0.983, 
0.999, 0.008, 1.115, 0.890, 1.073, 1.109, 0.911, 0.920, 0.973, 
1.063, 0.013, 1.031, 1.221, 0.959, 1.072, 1.209, 1.067, 0.885, 
1.020, 0.003, 0.999, 1.065, 0.922, 1.031, 1.023, 1.008, 1.094, 
1.035, 0.006, 1.026, 1.165, 1.090, 0.981, 1.024, 0.923, 
