0.918, 0.029, 0.566, 0.847, 1.163, 0.929, 1.015, 0.957, 0.951, 
1.029, 0.015, 1.306, 0.913, 0.996, 0.941, 0.998, 0.990, 1.057, 
0.998, 0.006, 1.088, 0.868, 1.057, 0.987, 1.077, 0.929, 0.979, 
1.093, 0.009, 1.303, 1.021, 1.081, 1.126, 1.051, 1.016, 1.052, 
1.074, 0.013, 1.001, 1.329, 0.970, 1.114, 0.993, 1.065, 1.043, 
0.954, 0.005, 0.825, 0.909, 1.044, 0.906, 0.981, 0.992, 1.020, 
1.050, 0.027, 1.142, 0.833, 1.379, 1.040, 0.934, 0.950, 1.075, 
0.965, 0.009, 0.882, 0.852, 1.016, 0.917, 1.134, 0.908, 1.047, 
1.003, 0.002, 0.993, 1.018, 0.952, 1.088, 0.977, 0.974, 1.019, 
0.982, 0.005, 0.871, 1.015, 0.966, 0.905, 0.977, 1.045, 1.095, 
1.026, 0.013, 1.043, 0.858, 1.213, 1.116, 0.929, 1.080, 0.942, 
1.024, 0.013, 1.177, 1.032, 0.819, 0.986, 1.130, 1.001, 
