1.020, 0.026, 1.325, 0.910, 1.172, 0.952, 0.987, 0.997, 0.794, 
1.089, 0.017, 1.177, 0.995, 0.915, 1.346, 1.002, 1.071, 1.118, 
0.985, 0.013, 0.787, 1.038, 0.977, 1.007, 0.898, 1.191, 1.000, 
1.009, 0.008, 1.133, 1.023, 0.910, 1.107, 0.900, 0.927, 1.060, 
1.006, 0.008, 0.892, 0.958, 0.897, 1.117, 1.115, 1.073, 0.989, 
1.009, 0.037, 0.955, 0.978, 1.106, 1.086, 1.206, 0.584, 1.149, 
1.019, 0.006, 1.098, 0.977, 1.064, 1.090, 0.862, 0.977, 1.063, 
1.008, 0.007, 0.853, 0.944, 1.043, 1.150, 1.028, 0.992, 1.048, 
1.034, 0.017, 1.001, 0.776, 1.066, 1.168, 1.080, 1.195, 0.951, 
1.032, 0.013, 0.994, 1.267, 1.037, 0.923, 1.063, 1.058, 0.881, 
1.033, 0.006, 1.119, 0.929, 0.927, 1.099, 0.981, 1.082, 1.092, 
1.069, 0.019, 1.268, 1.019, 1.072, 1.219, 0.952, 0.883, 
