0.986, 0.008, 0.881, 0.983, 1.033, 1.113, 0.953, 1.071, 0.865, 
1.074, 0.005, 1.221, 1.032, 1.011, 1.034, 1.002, 1.111, 1.108, 
1.028, 0.002, 1.044, 1.051, 1.054, 1.069, 0.943, 0.991, 1.043, 
1.013, 0.004, 1.150, 0.998, 1.019, 0.996, 0.969, 0.947, 1.014, 
1.018, 0.003, 0.894, 1.087, 1.007, 1.021, 1.026, 1.074, 1.015, 
0.962, 0.004, 0.838, 0.923, 0.983, 1.000, 1.018, 1.016, 0.955, 
1.001, 0.006, 1.028, 0.871, 0.999, 1.048, 0.911, 1.048, 1.104, 
1.017, 0.005, 0.913, 0.967, 1.079, 1.014, 1.155, 0.979, 1.014, 
1.010, 0.012, 1.181, 0.891, 1.100, 1.109, 0.918, 0.926, 0.945, 
1.055, 0.008, 1.081, 1.234, 1.028, 1.005, 1.025, 1.087, 0.923, 
1.032, 0.004, 0.923, 1.039, 1.007, 1.060, 1.110, 0.980, 1.107, 
1.061, 0.002, 1.081, 1.154, 1.050, 1.067, 1.017, 1.000, 
