0.976, 0.001, 0.978, 1.023, 0.995, 1.000, 0.955, 0.945, 0.934, 
1.054, 0.001, 1.069, 1.073, 0.996, 1.054, 1.044, 1.050, 1.088, 
1.026, 0.001, 1.054, 0.987, 1.048, 1.036, 1.019, 0.983, 1.053, 
1.010, 0.000, 0.991, 1.012, 1.026, 1.007, 0.995, 1.005, 1.034, 
1.000, 0.003, 0.887, 1.010, 0.945, 1.065, 1.019, 1.034, 1.042, 
1.013, 0.001, 1.046, 1.028, 0.985, 0.999, 1.033, 0.978, 1.023, 
1.008, 0.001, 1.019, 0.955, 1.042, 1.039, 0.994, 1.019, 0.990, 
1.004, 0.001, 1.011, 1.023, 1.021, 0.989, 1.025, 0.934, 1.028, 
0.989, 0.002, 1.008, 0.903, 1.000, 1.053, 0.983, 0.984, 0.988, 
1.043, 0.004, 1.039, 1.162, 0.986, 1.057, 1.026, 1.082, 0.946, 
1.022, 0.001, 1.007, 0.977, 1.025, 1.030, 1.056, 0.990, 1.070, 
1.031, 0.002, 1.083, 1.086, 0.978, 1.017, 1.019, 1.005, 
