1.003, 0.002, 0.971, 1.019, 1.057, 1.074, 0.925, 0.996, 0.975, 
1.030, 0.000, 1.006, 1.042, 1.005, 1.027, 1.038, 1.030, 1.063, 
1.015, 0.000, 1.030, 1.018, 1.011, 1.025, 1.002, 0.972, 1.046, 
1.012, 0.001, 1.069, 1.043, 1.004, 0.985, 1.023, 0.955, 1.009, 
0.990, 0.003, 0.901, 0.963, 0.948, 1.063, 1.030, 1.020, 1.007, 
1.010, 0.000, 1.004, 1.027, 1.037, 0.988, 1.010, 0.973, 1.034, 
1.019, 0.003, 1.094, 0.935, 1.031, 1.072, 0.990, 0.979, 1.036, 
0.974, 0.001, 0.923, 0.954, 1.011, 0.969, 1.008, 0.947, 1.009, 
1.002, 0.004, 1.093, 0.890, 1.006, 1.056, 0.979, 1.005, 0.980, 
1.032, 0.005, 0.995, 1.098, 0.943, 1.049, 1.080, 1.122, 0.939, 
1.028, 0.001, 1.005, 1.021, 1.025, 1.062, 1.043, 0.993, 1.049, 
1.028, 0.001, 1.021, 1.039, 1.017, 1.081, 1.037, 0.971, 
