1.004, 0.003, 0.949, 1.019, 1.088, 1.061, 0.974, 1.020, 0.921, 
1.066, 0.011, 1.249, 1.077, 0.908, 1.077, 1.139, 1.066, 0.945, 
1.040, 0.004, 1.031, 1.099, 0.975, 1.099, 0.918, 1.107, 1.048, 
1.005, 0.002, 1.041, 0.997, 1.080, 0.984, 0.943, 0.975, 1.017, 
1.014, 0.002, 0.947, 1.036, 1.039, 0.944, 1.057, 1.004, 1.070, 
0.945, 0.006, 0.959, 0.839, 1.055, 0.840, 0.960, 1.013, 0.948, 
0.925, 0.040, 1.026, 0.470, 1.000, 0.844, 0.985, 1.035, 1.116, 
0.976, 0.003, 0.906, 0.961, 1.077, 1.008, 0.975, 0.902, 1.003, 
1.038, 0.010, 1.132, 0.938, 1.097, 1.209, 0.960, 0.967, 0.961, 
1.062, 0.012, 0.988, 1.173, 0.925, 1.057, 1.200, 1.162, 0.928, 
0.998, 0.010, 1.018, 1.030, 1.138, 0.931, 1.096, 0.824, 0.948, 
1.018, 0.001, 1.082, 1.029, 0.993, 0.967, 1.044, 0.995, 
