0.958, 0.012, 1.061, 1.093, 0.957, 0.795, 0.883, 
0.968, 0.008, 0.967, 1.062, 0.864, 1.078, 0.872, 
1.117, 0.001, 1.141, 1.104, 1.111, 1.077, 1.150, 
0.994, 0.007, 0.985, 1.093, 0.982, 0.849, 1.061, 
1.040, 0.005, 0.958, 1.128, 1.026, 0.976, 1.111, 
0.959, 0.004, 1.001, 0.889, 1.028, 0.882, 0.993, 
0.975, 0.003, 0.974, 1.040, 0.987, 1.007, 0.866, 
0.947, 0.006, 0.887, 0.855, 1.075, 0.927, 0.991, 
0.947, 0.010, 1.038, 1.079, 0.919, 0.792, 0.910, 
1.015, 0.002, 1.025, 1.058, 0.931, 1.066, 0.996, 
1.038, 0.004, 1.039, 1.001, 1.036, 0.955, 1.168, 1.030, 
0.978, 0.001, 1.006, 0.978, 1.005, 0.926, 0.975, 
