1.011, 0.009, 1.134, 1.131, 0.879, 1.001, 1.053, 0.907, 0.968, 
1.037, 0.022, 0.942, 0.974, 1.276, 0.818, 1.223, 0.988, 1.036, 
1.093, 0.005, 1.204, 0.985, 1.177, 1.090, 1.052, 1.060, 1.085, 
0.952, 0.007, 0.977, 0.978, 0.792, 0.992, 1.017, 1.039, 0.866, 
0.933, 0.024, 0.945, 1.102, 0.578, 1.036, 0.927, 1.003, 0.938, 
1.052, 0.030, 1.012, 0.977, 0.972, 1.467, 1.003, 1.014, 0.920, 
0.972, 0.003, 1.024, 0.871, 1.030, 0.944, 0.933, 0.973, 1.031, 
1.062, 0.020, 1.043, 0.802, 1.100, 1.068, 1.328, 1.072, 1.023, 
1.041, 0.033, 1.258, 0.824, 0.980, 1.363, 0.887, 0.973, 1.004, 
1.066, 0.008, 1.146, 1.203, 0.984, 1.075, 1.038, 1.094, 0.925, 
1.122, 0.028, 1.165, 0.768, 1.276, 1.276, 1.203, 1.163, 1.002, 
1.003, 0.007, 1.055, 1.012, 1.062, 1.104, 0.915, 0.869, 
