0.964, 0.005, 0.872, 0.895, 1.086, 1.025, 0.965, 0.964, 0.943, 
1.054, 0.003, 0.997, 1.021, 1.124, 1.059, 1.084, 1.116, 0.979, 
1.015, 0.002, 1.068, 0.939, 1.025, 0.989, 1.044, 0.993, 1.048, 
1.041, 0.004, 1.111, 1.148, 1.058, 1.020, 0.942, 0.992, 1.019, 
0.994, 0.010, 0.793, 1.027, 0.890, 1.043, 1.063, 1.061, 1.077, 
0.978, 0.003, 0.924, 0.909, 1.039, 0.979, 1.079, 0.932, 0.986, 
1.003, 0.004, 1.016, 0.891, 0.943, 1.086, 0.992, 1.001, 1.091, 
1.053, 0.007, 0.973, 0.968, 1.155, 1.147, 1.118, 0.950, 1.058, 
0.960, 0.006, 0.967, 0.817, 0.911, 0.999, 0.928, 1.059, 1.040, 
1.060, 0.013, 0.970, 1.218, 0.982, 1.039, 0.971, 1.248, 0.989, 
1.049, 0.002, 1.010, 0.977, 1.075, 1.043, 1.118, 1.097, 1.022, 
1.066, 0.013, 1.007, 1.308, 1.048, 1.039, 1.044, 0.947, 
