0.997, 0.005, 0.926, 0.908, 1.058, 1.032, 1.036, 0.917, 1.102, 
1.043, 0.001, 1.056, 1.038, 1.044, 1.079, 1.027, 0.968, 1.090, 
1.042, 0.002, 1.102, 1.084, 1.049, 1.004, 1.000, 0.977, 1.079, 
1.006, 0.004, 1.087, 1.065, 0.886, 0.944, 1.044, 0.996, 1.023, 
0.983, 0.001, 0.925, 0.965, 0.985, 1.053, 1.009, 0.977, 0.966, 
0.965, 0.002, 0.964, 0.997, 0.883, 0.947, 1.031, 0.997, 0.934, 
0.997, 0.003, 0.981, 0.932, 1.068, 1.046, 0.911, 1.015, 1.029, 
0.981, 0.002, 0.891, 1.009, 0.997, 0.950, 1.042, 0.956, 1.025, 
0.999, 0.008, 1.188, 0.924, 0.977, 1.063, 0.947, 0.907, 0.986, 
1.039, 0.008, 1.071, 1.227, 1.068, 0.967, 0.942, 1.015, 0.985, 
1.016, 0.003, 1.062, 1.009, 0.989, 0.972, 0.965, 0.981, 1.132, 
1.036, 0.003, 1.073, 1.082, 1.030, 1.049, 1.061, 0.922, 
