0.979, 0.012, 0.977, 1.044, 0.943, 1.120, 1.105, 0.824, 0.842, 
1.126, 0.002, 1.069, 1.187, 1.127, 1.070, 1.121, 1.153, 1.155, 
1.034, 0.007, 0.952, 1.117, 1.018, 0.977, 1.110, 0.915, 1.149, 
1.005, 0.006, 1.008, 1.089, 0.949, 0.988, 0.919, 0.937, 1.142, 
0.978, 0.006, 0.908, 0.918, 0.955, 1.149, 0.945, 0.963, 1.008, 
0.957, 0.008, 0.854, 0.981, 0.875, 1.036, 0.862, 1.114, 0.973, 
1.032, 0.008, 1.128, 1.083, 1.078, 1.006, 0.891, 0.907, 1.129, 
1.048, 0.014, 0.915, 1.069, 1.156, 0.971, 1.117, 0.884, 1.226, 
0.985, 0.006, 1.049, 0.828, 1.095, 0.958, 0.996, 0.974, 0.995, 
1.064, 0.012, 1.194, 1.210, 1.095, 1.065, 0.897, 1.043, 0.946, 
1.024, 0.026, 1.169, 0.746, 0.999, 0.967, 0.892, 1.200, 1.191, 
1.008, 0.006, 1.011, 1.088, 1.086, 1.032, 0.976, 0.857, 
