1.025, 0.039, 0.882, 1.331, 1.171, 1.148, 1.069, 0.838, 0.734, 
1.064, 0.001, 1.058, 1.043, 1.133, 1.089, 1.053, 1.048, 1.025, 
1.015, 0.013, 1.121, 1.049, 0.968, 1.218, 0.934, 0.870, 0.942, 
0.994, 0.008, 0.938, 0.994, 0.806, 1.007, 1.070, 1.063, 1.081, 
1.027, 0.019, 0.915, 0.882, 0.894, 1.266, 1.132, 0.981, 1.122, 
0.967, 0.031, 0.944, 0.782, 1.003, 1.213, 1.147, 0.670, 1.014, 
0.967, 0.004, 0.862, 0.996, 0.989, 0.893, 0.946, 1.036, 1.046, 
0.978, 0.019, 0.874, 0.826, 1.000, 1.055, 1.034, 0.824, 1.232, 
1.045, 0.014, 1.105, 0.946, 0.956, 1.281, 1.068, 0.909, 1.052, 
1.022, 0.005, 1.116, 1.015, 0.943, 0.997, 0.951, 1.146, 0.984, 
1.042, 0.007, 0.907, 1.075, 1.043, 1.190, 1.097, 0.964, 1.021, 
1.015, 0.005, 1.065, 1.087, 1.059, 1.006, 0.989, 0.883, 
