1.008, 0.009, 0.883, 1.099, 1.035, 1.051, 1.077, 1.064, 0.848, 
1.038, 0.001, 1.050, 1.042, 1.028, 0.985, 1.076, 1.050, 1.037, 
1.013, 0.001, 1.034, 0.944, 1.011, 1.035, 1.005, 1.000, 1.064, 
1.005, 0.002, 1.041, 1.065, 1.035, 0.972, 0.971, 0.943, 1.007, 
0.981, 0.006, 0.879, 0.997, 0.870, 0.963, 1.066, 1.055, 1.038, 
0.964, 0.001, 0.951, 0.953, 0.990, 0.940, 0.990, 0.997, 0.928, 
1.011, 0.009, 1.048, 0.901, 1.070, 1.029, 0.869, 0.995, 1.167, 
0.990, 0.002, 0.908, 1.016, 0.996, 0.977, 1.046, 0.983, 1.003, 
1.025, 0.004, 1.154, 1.016, 0.996, 1.067, 0.978, 0.994, 0.970, 
1.064, 0.010, 1.100, 1.126, 1.009, 0.988, 0.958, 1.270, 1.000, 
1.004, 0.002, 1.089, 0.977, 1.040, 0.963, 1.021, 0.947, 0.991, 
1.017, 0.001, 1.003, 1.053, 1.001, 0.986, 1.069, 0.992, 
