1.000, 0.028, 0.787, 1.336, 1.105, 1.037, 0.917, 0.936, 0.884, 
1.007, 0.006, 1.063, 0.968, 0.881, 0.939, 1.067, 1.132, 0.997, 
1.005, 0.002, 0.980, 0.992, 1.039, 1.009, 0.977, 0.945, 1.090, 
0.987, 0.012, 1.132, 0.966, 0.840, 1.008, 0.885, 0.931, 1.147, 
1.012, 0.001, 1.007, 0.951, 1.001, 1.048, 1.040, 0.997, 1.038, 
1.048, 0.005, 0.959, 1.196, 0.992, 1.000, 1.082, 1.025, 1.084, 
0.932, 0.006, 0.859, 0.901, 0.996, 1.057, 0.881, 0.844, 0.987, 
1.067, 0.028, 1.470, 0.991, 1.011, 0.937, 1.029, 0.998, 1.030, 
0.991, 0.010, 1.115, 0.927, 0.909, 1.129, 0.906, 0.877, 1.078, 
1.023, 0.014, 0.910, 1.182, 0.966, 1.108, 0.876, 1.170, 0.944, 
1.028, 0.006, 0.863, 0.976, 1.028, 1.053, 1.126, 1.075, 1.076, 
1.051, 0.003, 1.099, 1.100, 0.997, 1.031, 1.101, 0.981, 
