0.987, 0.006, 0.894, 1.088, 1.117, 1.001, 0.928, 0.938, 0.944, 
0.979, 0.005, 0.864, 0.936, 1.041, 1.102, 0.982, 0.960, 0.969, 
1.031, 0.001, 1.036, 1.058, 1.035, 1.045, 1.066, 0.944, 1.032, 
1.023, 0.008, 1.074, 1.170, 0.983, 0.951, 0.878, 1.102, 1.001, 
0.956, 0.005, 0.922, 0.867, 0.883, 1.091, 1.003, 0.930, 0.999, 
1.001, 0.005, 0.892, 1.063, 1.017, 0.915, 1.044, 1.085, 0.995, 
1.046, 0.017, 0.887, 1.148, 0.928, 1.103, 0.935, 1.050, 1.270, 
0.977, 0.005, 1.028, 0.820, 0.957, 1.031, 0.987, 1.016, 1.000, 
1.025, 0.008, 1.148, 0.990, 1.002, 1.122, 0.856, 1.034, 1.022, 
1.075, 0.011, 0.895, 1.233, 0.954, 1.119, 1.082, 1.094, 1.150, 
0.998, 0.003, 0.938, 0.988, 0.983, 1.104, 0.942, 1.009, 1.021, 
1.052, 0.004, 1.119, 1.067, 1.070, 1.011, 1.109, 0.933, 
