0.992, 0.013, 1.096, 0.939, 1.073, 1.108, 1.062, 0.843, 0.824, 
1.022, 0.003, 0.968, 1.010, 1.033, 1.051, 0.917, 1.086, 1.091, 
1.734, 2.945, 5.930, 0.912, 0.956, 1.089, 0.980, 1.016, 1.258, 
1.008, 0.014, 1.258, 0.980, 1.009, 0.973, 0.875, 0.905, 1.059, 
0.930, 0.011, 0.802, 0.871, 0.835, 0.894, 1.085, 0.953, 1.067, 
1.022, 0.015, 0.752, 1.084, 1.097, 1.052, 1.160, 1.018, 0.992, 
0.975, 0.007, 1.101, 0.978, 1.004, 0.919, 0.879, 0.868, 1.079, 
0.951, 0.013, 0.931, 0.875, 1.003, 0.857, 1.160, 0.794, 1.034, 
0.963, 0.008, 1.073, 0.809, 0.945, 1.062, 0.964, 1.023, 0.868, 
1.075, 0.005, 1.047, 1.199, 1.097, 1.143, 1.013, 1.038, 0.986, 
1.074, 0.006, 1.036, 0.977, 1.165, 1.156, 0.953, 1.112, 1.118, 
1.124, 0.015, 1.332, 1.248, 1.045, 1.074, 1.001, 1.048, 
