0.984, 0.002, 0.964, 0.962, 1.065, 1.037, 0.928, 0.974, 0.962, 
1.043, 0.001, 1.063, 1.064, 1.045, 1.013, 1.069, 1.053, 0.995, 
0.999, 0.005, 1.085, 0.863, 1.003, 1.085, 0.940, 1.028, 0.991, 
1.021, 0.002, 1.039, 1.075, 1.026, 1.077, 0.974, 0.997, 0.955, 
0.995, 0.002, 0.952, 1.024, 0.971, 0.986, 1.057, 1.027, 0.945, 
0.998, 0.005, 0.936, 1.096, 0.863, 1.007, 1.014, 1.065, 1.008, 
1.029, 0.001, 1.069, 0.999, 1.048, 0.999, 1.006, 1.061, 1.021, 
1.004, 0.001, 0.954, 0.989, 1.041, 1.006, 1.010, 0.976, 1.051, 
1.056, 0.008, 1.131, 1.002, 0.975, 1.148, 1.124, 1.107, 0.907, 
1.032, 0.002, 1.012, 1.103, 0.959, 1.050, 1.045, 1.079, 0.975, 
1.037, 0.000, 1.060, 1.004, 1.051, 1.045, 1.061, 1.017, 1.018, 
0.830, 0.055, 0.991, 1.015, 0.522, 0.992, 0.983, 0.477, 
