1.227, 0.030, 1.275, 1.344, 1.365, 1.474, 1.017, 0.970, 1.144, 
1.079, 0.016, 1.320, 1.049, 1.159, 1.073, 1.001, 1.069, 0.882, 
1.087, 0.009, 0.971, 1.100, 1.041, 1.275, 1.101, 0.989, 1.133, 
1.001, 0.010, 1.110, 1.119, 0.931, 0.933, 0.868, 1.110, 0.934, 
1.061, 0.050, 0.639, 0.807, 1.147, 1.150, 1.299, 1.225, 1.160, 
0.957, 0.024, 0.663, 0.874, 1.133, 1.113, 1.031, 1.026, 0.862, 
1.006, 0.008, 1.185, 1.028, 0.946, 0.973, 0.899, 0.946, 1.068, 
0.867, 0.042, 0.653, 0.794, 0.740, 0.736, 1.178, 0.775, 1.194, 
1.040, 0.004, 1.031, 1.038, 1.108, 1.146, 0.996, 0.969, 0.990, 
1.072, 0.018, 1.137, 1.222, 1.038, 1.053, 1.114, 1.167, 0.774, 
0.997, 0.011, 0.967, 0.840, 1.168, 0.977, 0.944, 1.128, 0.953, 
1.076, 0.013, 1.213, 0.987, 1.070, 1.112, 1.186, 0.886, 
