0.998, 0.016, 0.994, 1.130, 1.111, 1.098, 0.988, 0.927, 0.738, 
0.992, 0.018, 0.998, 0.935, 1.189, 1.121, 0.901, 1.040, 0.757, 
0.985, 0.004, 1.000, 0.973, 0.944, 1.120, 0.930, 0.992, 0.933, 
1.023, 0.010, 1.008, 1.021, 0.901, 0.947, 0.977, 1.078, 1.232, 
0.928, 0.016, 0.671, 0.940, 0.906, 1.127, 1.004, 0.902, 0.943, 
0.971, 0.007, 0.976, 1.090, 0.877, 0.931, 1.037, 1.032, 0.854, 
0.996, 0.006, 1.002, 0.879, 1.078, 1.061, 0.906, 1.073, 0.977, 
0.962, 0.005, 0.874, 0.925, 1.041, 1.023, 1.045, 0.857, 0.971, 
0.956, 0.005, 0.963, 1.049, 0.978, 0.972, 0.807, 1.014, 0.913, 
1.038, 0.002, 0.996, 1.003, 1.082, 1.039, 1.114, 1.046, 0.988, 
0.921, 0.013, 0.822, 0.757, 0.886, 0.977, 0.913, 0.953, 1.138, 
1.011, 0.029, 0.870, 1.018, 0.863, 1.151, 1.305, 0.859, 
