1.003, 0.001, 1.003, 1.062, 0.994, 0.973, 0.998, 1.040, 0.953, 
1.029, 0.002, 1.090, 0.954, 1.024, 0.995, 1.062, 1.047, 1.033, 
1.021, 0.001, 1.053, 1.003, 1.017, 1.064, 1.015, 0.970, 1.024, 
1.014, 0.002, 1.045, 0.952, 1.036, 1.081, 0.975, 0.969, 1.043, 
0.996, 0.004, 0.883, 1.019, 0.929, 1.095, 1.003, 1.011, 1.034, 
1.011, 0.003, 0.905, 1.081, 1.063, 1.007, 0.992, 0.996, 1.033, 
1.032, 0.004, 1.043, 0.892, 1.052, 1.105, 1.044, 1.093, 0.994, 
0.974, 0.001, 0.929, 0.918, 1.010, 1.014, 1.017, 0.951, 0.978, 
1.021, 0.001, 1.099, 0.967, 0.999, 1.033, 1.021, 1.016, 1.012, 
1.077, 0.002, 1.030, 1.100, 1.019, 1.129, 1.049, 1.155, 1.058, 
1.011, 0.001, 0.974, 1.006, 0.965, 1.047, 1.025, 0.991, 1.071, 
1.036, 0.000, 1.042, 1.051, 1.013, 1.018, 1.070, 1.020, 
