1.015, 0.011, 0.966, 0.973, 1.091, 1.017, 0.913, 1.236, 0.913, 
0.993, 0.020, 0.813, 1.022, 1.052, 0.850, 0.884, 1.249, 1.080, 
1.042, 0.003, 1.161, 1.019, 1.015, 0.993, 1.038, 0.997, 1.068, 
0.989, 0.002, 1.049, 1.008, 0.905, 0.973, 1.013, 0.959, 1.016, 
1.073, 0.014, 1.078, 1.002, 0.925, 1.106, 1.006, 1.069, 1.323, 
1.011, 0.001, 1.003, 0.964, 1.057, 1.014, 1.031, 0.958, 1.051, 
1.021, 0.001, 1.066, 1.004, 0.997, 1.062, 0.975, 0.989, 1.055, 
0.911, 0.002, 0.834, 0.881, 0.933, 0.975, 0.924, 0.899, 0.930, 
1.048, 0.014, 1.226, 0.882, 1.038, 1.171, 0.923, 0.988, 1.106, 
1.064, 0.005, 0.991, 1.197, 1.027, 1.019, 1.130, 1.079, 1.002, 
1.014, 0.005, 1.070, 0.939, 1.101, 0.917, 1.064, 0.952, 1.051, 
1.061, 0.001, 1.033, 1.080, 1.063, 1.041, 1.042, 1.106, 
