0.962, 0.008, 0.875, 0.997, 1.028, 1.063, 1.047, 0.915, 0.806, 
1.022, 0.008, 1.040, 0.916, 1.134, 0.942, 0.948, 1.010, 1.164, 
0.987, 0.004, 1.055, 0.942, 1.038, 0.991, 0.901, 0.914, 1.068, 
0.991, 0.006, 1.086, 1.088, 0.881, 1.004, 0.951, 1.034, 0.895, 
0.992, 0.013, 1.021, 1.059, 0.750, 1.094, 1.044, 0.909, 1.063, 
0.984, 0.001, 0.983, 0.974, 1.036, 1.003, 0.974, 0.949, 0.970, 
1.046, 0.004, 1.112, 0.930, 1.059, 1.080, 1.057, 0.988, 1.096, 
1.036, 0.021, 0.951, 0.810, 1.065, 1.012, 1.079, 1.014, 1.324, 
1.010, 0.008, 1.215, 0.925, 0.956, 1.026, 1.003, 0.932, 1.010, 
1.018, 0.014, 1.050, 1.197, 0.844, 0.914, 0.997, 1.162, 0.960, 
0.998, 0.006, 0.962, 0.904, 1.148, 1.050, 1.008, 0.904, 1.011, 
0.997, 0.004, 1.068, 1.003, 1.051, 0.999, 0.992, 0.867, 
