0.973, 0.007, 0.893, 1.029, 1.116, 1.051, 0.911, 0.889, 0.920, 
1.018, 0.001, 1.022, 1.004, 0.978, 0.964, 1.033, 1.074, 1.050, 
1.035, 0.004, 1.082, 0.985, 0.974, 1.032, 1.004, 1.000, 1.167, 
1.001, 0.002, 0.993, 1.003, 0.913, 0.984, 1.020, 1.042, 1.052, 
0.966, 0.002, 0.951, 0.908, 0.920, 1.048, 0.997, 0.967, 0.969, 
0.970, 0.002, 0.904, 0.991, 1.031, 0.966, 0.966, 0.926, 1.006, 
1.032, 0.002, 1.009, 0.964, 1.030, 1.072, 1.030, 1.006, 1.113, 
0.967, 0.002, 0.934, 0.941, 0.973, 0.975, 1.066, 0.965, 0.917, 
0.984, 0.005, 1.037, 0.890, 1.011, 1.072, 0.990, 0.877, 1.010, 
1.059, 0.007, 0.993, 1.213, 1.055, 1.054, 0.989, 1.139, 0.967, 
1.031, 0.006, 0.995, 1.027, 1.006, 0.992, 1.008, 0.978, 1.212, 
1.034, 0.005, 1.157, 1.052, 1.047, 1.057, 0.923, 0.970, 
