0.910, 0.025, 0.870, 0.998, 1.039, 1.117, 0.603, 0.934, 0.806, 
1.075, 0.012, 1.182, 1.027, 1.145, 0.969, 0.970, 1.258, 0.974, 
1.070, 0.009, 1.053, 0.918, 1.054, 1.112, 1.005, 1.102, 1.244, 
1.036, 0.006, 1.067, 1.096, 0.892, 1.155, 1.036, 0.967, 1.041, 
0.979, 0.017, 0.926, 1.192, 0.867, 1.151, 0.851, 0.874, 0.991, 
1.009, 0.006, 0.900, 0.976, 1.065, 1.053, 0.998, 0.931, 1.138, 
1.061, 0.029, 1.135, 1.019, 1.088, 1.336, 0.821, 0.842, 1.186, 
0.976, 0.019, 0.902, 1.080, 0.822, 1.016, 0.758, 1.143, 1.107, 
1.032, 0.007, 1.103, 0.992, 0.942, 1.155, 1.031, 0.904, 1.093, 
1.087, 0.013, 1.073, 1.219, 1.079, 1.209, 1.162, 0.898, 0.968, 
0.948, 0.007, 1.039, 0.937, 0.948, 1.079, 0.811, 0.937, 0.882, 
1.003, 0.011, 0.951, 1.038, 0.796, 1.076, 1.067, 1.088, 
