1.043, 0.054, 0.869, 1.592, 1.062, 0.979, 0.980, 0.963, 0.857, 
1.055, 0.010, 1.035, 0.856, 1.029, 1.028, 1.177, 1.141, 1.120, 
0.992, 0.005, 1.054, 0.863, 0.997, 1.009, 0.964, 0.954, 1.101, 
1.004, 0.007, 0.923, 1.049, 0.853, 1.113, 1.013, 1.058, 1.021, 
1.017, 0.017, 0.812, 0.985, 0.965, 1.062, 1.020, 0.992, 1.284, 
0.937, 0.007, 0.818, 0.822, 1.066, 0.968, 0.979, 0.912, 0.998, 
0.992, 0.010, 0.896, 0.880, 0.996, 1.019, 0.953, 0.989, 1.214, 
1.056, 0.003, 1.058, 0.943, 1.053, 1.030, 1.088, 1.132, 1.089, 
1.046, 0.010, 1.231, 0.967, 0.937, 1.054, 0.942, 1.095, 1.096, 
1.049, 0.008, 1.016, 1.171, 0.914, 0.978, 1.033, 1.183, 1.048, 
1.078, 0.003, 1.144, 1.087, 0.980, 1.028, 1.096, 1.131, 1.080, 
1.007, 0.003, 1.091, 0.916, 1.007, 1.014, 0.982, 1.032, 
