0.974, 0.004, 1.055, 1.012, 0.971, 0.987, 1.001, 0.944, 0.848, 
1.005, 0.004, 1.123, 0.981, 0.964, 0.963, 0.972, 0.963, 1.068, 
1.025, 0.002, 1.002, 0.971, 0.972, 1.057, 0.999, 1.073, 1.100, 
0.994, 0.003, 1.072, 1.042, 0.951, 0.958, 0.917, 0.993, 1.023, 
1.002, 0.001, 0.948, 1.025, 1.011, 0.986, 1.022, 1.039, 0.985, 
1.000, 0.003, 0.925, 0.989, 1.010, 0.911, 1.043, 1.086, 1.036, 
0.997, 0.013, 0.992, 0.952, 1.041, 1.058, 1.174, 0.765, 0.996, 
1.008, 0.010, 0.900, 1.190, 1.033, 1.002, 1.056, 0.864, 1.013, 
1.003, 0.004, 1.106, 0.944, 1.061, 1.031, 0.936, 0.930, 1.012, 
1.033, 0.015, 1.092, 0.911, 0.865, 1.040, 1.112, 1.248, 0.962, 
1.032, 0.001, 1.083, 1.030, 0.995, 1.057, 0.978, 1.010, 1.072, 
1.022, 0.002, 1.116, 1.005, 1.026, 1.021, 1.002, 0.961, 
