1.061, 0.038, 1.211, 1.027, 1.449, 0.955, 1.031, 0.807, 0.945, 
1.134, 0.027, 1.161, 1.191, 1.003, 0.832, 1.123, 1.229, 1.398, 
1.025, 0.042, 1.387, 0.663, 0.910, 0.962, 1.043, 1.135, 1.077, 
1.194, 0.304, 2.517, 1.027, 0.716, 1.094, 1.037, 0.997, 0.972, 
1.276, 0.884, 3.535, 0.833, 0.882, 0.774, 0.646, 1.276, 0.984, 
0.966, 0.022, 0.853, 0.733, 1.168, 1.140, 1.035, 0.863, 0.972, 
0.984, 0.018, 1.112, 0.770, 0.915, 0.997, 0.866, 1.041, 1.185, 
1.014, 0.034, 0.813, 0.904, 0.996, 0.920, 0.905, 1.176, 1.382, 
1.136, 0.099, 1.542, 0.879, 1.041, 1.678, 0.836, 0.873, 1.105, 
0.981, 0.049, 0.652, 1.114, 0.725, 1.153, 1.080, 1.292, 0.852, 
1.053, 0.022, 1.140, 0.720, 0.980, 1.083, 1.183, 1.152, 1.112, 
1.045, 0.023, 1.308, 0.985, 0.811, 1.123, 1.008, 1.037, 
