0.972, 0.006, 0.843, 1.022, 1.030, 1.067, 1.024, 0.914, 0.903, 
1.050, 0.006, 1.093, 0.969, 1.054, 0.956, 0.981, 1.107, 1.190, 
1.068, 0.002, 1.091, 1.142, 1.090, 1.072, 1.043, 0.983, 1.053, 
1.016, 0.003, 1.087, 1.083, 0.940, 1.027, 1.057, 0.939, 0.980, 
1.009, 0.004, 0.982, 0.987, 0.964, 1.136, 1.064, 0.963, 0.970, 
0.988, 0.001, 0.979, 1.038, 0.968, 0.978, 0.997, 1.009, 0.950, 
1.046, 0.005, 1.126, 0.987, 0.982, 1.030, 0.977, 1.052, 1.167, 
0.944, 0.022, 0.614, 0.892, 1.087, 1.001, 1.063, 0.930, 1.019, 
0.946, 0.015, 1.055, 0.909, 0.675, 1.054, 1.033, 0.934, 0.960, 
1.089, 0.007, 1.089, 1.272, 1.091, 1.009, 1.029, 1.014, 1.115, 
1.057, 0.001, 1.051, 1.050, 0.992, 1.094, 1.103, 1.027, 1.083, 
1.024, 0.003, 1.092, 1.085, 1.020, 1.033, 0.980, 0.931, 
