1.016, 0.028, 0.864, 0.963, 1.298, 1.254, 0.926, 0.897, 0.908, 
1.089, 0.014, 1.257, 1.000, 1.185, 0.932, 1.011, 1.223, 1.017, 
1.042, 0.033, 1.095, 0.893, 1.086, 0.980, 0.823, 0.988, 1.427, 
0.919, 0.005, 0.856, 0.941, 0.866, 0.990, 0.975, 0.993, 0.814, 
0.942, 0.045, 0.843, 0.956, 0.767, 1.159, 1.263, 1.009, 0.599, 
0.941, 0.012, 0.722, 1.030, 0.964, 0.900, 1.106, 0.933, 0.930, 
0.968, 0.011, 1.060, 0.902, 0.822, 1.099, 0.882, 0.922, 1.085, 
0.917, 0.017, 0.784, 0.689, 0.886, 0.974, 1.022, 0.985, 1.080, 
1.101, 0.078, 1.303, 0.829, 1.665, 1.153, 0.958, 0.840, 0.962, 
1.051, 0.010, 1.006, 1.171, 0.998, 1.140, 0.999, 1.157, 0.885, 
1.095, 0.029, 0.997, 0.965, 1.327, 0.964, 1.270, 0.875, 1.264, 
1.063, 0.028, 1.227, 1.010, 0.978, 0.967, 1.342, 0.853, 
