1.001, 0.003, 0.945, 1.030, 1.102, 1.043, 0.975, 0.947, 0.964, 
1.024, 0.001, 1.054, 0.984, 1.039, 0.971, 1.048, 1.030, 1.042, 
1.013, 0.002, 1.039, 1.031, 0.999, 0.928, 1.027, 0.981, 1.090, 
1.012, 0.001, 1.011, 1.069, 1.003, 1.006, 0.981, 1.025, 0.987, 
0.967, 0.004, 0.863, 0.942, 0.892, 1.044, 1.039, 0.990, 0.998, 
0.977, 0.004, 0.957, 0.986, 1.088, 0.890, 0.965, 0.924, 1.027, 
1.022, 0.002, 1.091, 0.941, 1.045, 1.071, 0.998, 0.986, 1.022, 
0.976, 0.002, 0.927, 0.929, 1.035, 0.978, 1.020, 0.933, 1.008, 
1.025, 0.009, 1.223, 1.048, 1.000, 1.051, 0.918, 0.982, 0.952, 
1.039, 0.003, 1.077, 1.140, 0.980, 1.004, 1.012, 1.089, 0.974, 
1.011, 0.002, 0.931, 0.959, 1.022, 1.047, 1.088, 1.000, 1.032, 
1.023, 0.010, 1.149, 0.847, 1.040, 1.083, 1.077, 0.945, 
