1.006, 0.006, 0.978, 0.975, 1.169, 1.041, 0.963, 0.915, 0.997, 
1.037, 0.004, 1.029, 0.933, 1.034, 0.987, 1.153, 1.043, 1.078, 
1.054, 0.005, 1.208, 1.044, 1.011, 1.066, 1.024, 0.975, 1.048, 
1.017, 0.004, 1.074, 1.043, 0.917, 1.003, 0.950, 1.046, 1.090, 
0.956, 0.004, 0.871, 0.934, 0.891, 1.084, 0.987, 0.982, 0.942, 
0.991, 0.001, 0.968, 1.055, 1.001, 0.999, 0.996, 0.997, 0.920, 
1.036, 0.008, 1.115, 0.861, 1.053, 1.042, 0.998, 1.019, 1.160, 
0.955, 0.002, 0.898, 0.908, 0.989, 0.958, 0.992, 0.912, 1.030, 
0.985, 0.007, 1.150, 0.919, 1.015, 1.037, 0.907, 0.896, 0.970, 
1.071, 0.009, 1.071, 1.256, 1.066, 1.004, 1.131, 1.022, 0.945, 
1.014, 0.002, 1.049, 0.930, 0.990, 1.022, 1.049, 0.974, 1.082, 
0.999, 0.002, 1.051, 0.953, 1.015, 1.034, 1.016, 0.929, 
