0.993, 0.005, 1.043, 1.026, 1.051, 1.074, 0.889, 0.907, 0.960, 
1.048, 0.002, 1.088, 0.975, 1.094, 1.007, 1.053, 1.043, 1.079, 
1.011, 0.003, 1.062, 1.080, 0.938, 0.973, 0.992, 0.964, 1.070, 
1.025, 0.001, 1.071, 0.994, 1.036, 0.995, 1.028, 1.009, 1.046, 
0.987, 0.005, 0.881, 0.945, 0.959, 1.125, 0.997, 1.019, 0.987, 
0.957, 0.002, 0.911, 1.026, 0.890, 0.971, 1.007, 0.966, 0.929, 
1.017, 0.006, 1.094, 0.901, 1.075, 1.067, 0.925, 0.965, 1.093, 
0.986, 0.002, 0.956, 0.951, 0.987, 0.981, 0.988, 0.955, 1.085, 
1.013, 0.008, 1.168, 0.894, 1.047, 1.084, 0.980, 0.906, 1.013, 
1.078, 0.011, 1.084, 1.295, 0.933, 1.068, 1.106, 1.082, 0.979, 
1.037, 0.002, 1.050, 1.013, 1.039, 1.013, 1.034, 0.987, 1.121, 
1.016, 0.003, 1.060, 0.953, 1.021, 1.097, 1.012, 0.951, 
