1.049, 0.008, 1.046, 1.084, 1.195, 1.137, 0.983, 0.984, 0.912, 
1.012, 0.008, 1.007, 0.845, 1.130, 0.918, 1.060, 1.061, 1.064, 
1.033, 0.004, 1.055, 1.106, 1.076, 1.056, 0.895, 0.986, 1.058, 
1.035, 0.008, 1.145, 1.083, 1.119, 1.070, 0.939, 0.878, 1.008, 
0.986, 0.005, 0.844, 1.007, 0.932, 1.042, 1.075, 0.981, 1.020, 
0.974, 0.010, 0.795, 0.951, 1.089, 0.874, 1.030, 1.053, 1.026, 
0.990, 0.011, 1.029, 0.894, 1.107, 0.862, 0.889, 1.008, 1.140, 
0.979, 0.017, 0.913, 0.727, 1.192, 0.948, 1.061, 1.006, 1.005, 
0.991, 0.010, 1.071, 0.841, 1.149, 1.067, 0.942, 0.931, 0.939, 
1.056, 0.019, 0.898, 1.334, 1.113, 1.076, 1.085, 0.966, 0.922, 
1.025, 0.012, 0.803, 1.159, 0.971, 1.050, 1.127, 1.075, 0.991, 
1.049, 0.006, 1.173, 1.076, 1.051, 1.088, 0.981, 0.927, 
