0.975, 0.018, 1.007, 0.907, 1.134, 1.082, 0.829, 1.106, 0.762, 
1.058, 0.033, 1.301, 1.021, 1.068, 1.029, 1.014, 0.708, 1.268, 
1.087, 0.016, 0.987, 1.035, 1.066, 1.042, 0.956, 1.165, 1.356, 
1.065, 0.021, 1.335, 1.226, 0.961, 1.043, 0.970, 0.922, 1.001, 
0.958, 0.004, 0.922, 0.975, 0.979, 1.018, 0.967, 1.019, 0.825, 
0.944, 0.004, 0.826, 1.010, 0.939, 1.006, 0.875, 1.010, 0.942, 
0.996, 0.002, 1.096, 0.950, 1.014, 0.995, 0.991, 0.958, 0.967, 
0.967, 0.008, 0.877, 1.023, 1.112, 0.948, 1.043, 0.850, 0.917, 
0.933, 0.037, 1.324, 0.927, 1.020, 0.893, 0.753, 0.678, 0.939, 
1.075, 0.003, 1.024, 1.201, 1.093, 1.066, 1.079, 1.052, 1.010, 
1.052, 0.008, 1.119, 1.081, 0.950, 1.064, 1.077, 0.900, 1.175, 
1.011, 0.014, 1.074, 1.049, 1.000, 1.054, 1.130, 0.760, 
