1.045, 0.060, 1.567, 1.012, 1.092, 1.114, 0.939, 0.840, 0.752, 
1.006, 0.007, 0.971, 1.026, 0.922, 0.870, 1.078, 1.069, 1.105, 
1.149, 0.057, 1.006, 0.972, 1.064, 1.615, 1.076, 0.911, 1.395, 
1.056, 0.048, 1.558, 1.005, 1.053, 1.068, 0.988, 0.893, 0.829, 
0.994, 0.005, 1.086, 1.009, 0.868, 1.035, 0.915, 1.010, 1.035, 
0.998, 0.005, 1.034, 1.043, 0.970, 0.886, 1.115, 1.012, 0.931, 
0.966, 0.006, 0.839, 0.932, 0.937, 1.067, 1.017, 0.919, 1.053, 
0.983, 0.026, 0.855, 0.850, 1.242, 0.971, 0.970, 0.796, 1.194, 
0.959, 0.022, 1.156, 0.744, 1.017, 1.133, 0.827, 0.826, 1.010, 
1.107, 0.021, 1.169, 1.365, 1.001, 1.059, 1.090, 1.190, 0.876, 
1.116, 0.010, 1.193, 1.207, 0.942, 1.017, 1.072, 1.201, 1.183, 
1.043, 0.010, 1.089, 0.970, 1.010, 1.176, 1.130, 0.880, 
