1.008, 0.011, 0.990, 0.854, 0.936, 1.112, 0.931, 1.065, 1.168, 
1.037, 0.007, 1.205, 1.065, 1.036, 0.913, 1.036, 0.951, 1.056, 
1.074, 0.009, 1.155, 1.113, 1.028, 0.992, 0.911, 1.112, 1.208, 
0.991, 0.005, 1.049, 1.087, 0.885, 1.063, 0.959, 0.956, 0.942, 
1.005, 0.003, 0.982, 0.950, 1.004, 1.099, 1.000, 1.077, 0.923, 
1.008, 0.004, 0.918, 0.917, 1.041, 1.032, 1.035, 0.997, 1.114, 
1.005, 0.003, 0.980, 1.074, 1.023, 0.999, 1.002, 0.892, 1.067, 
1.022, 0.004, 1.038, 0.900, 1.125, 0.989, 1.074, 1.019, 1.010, 
1.029, 0.006, 1.125, 1.111, 1.054, 1.086, 0.905, 0.961, 0.962, 
0.964, 0.001, 0.903, 1.022, 0.976, 0.957, 1.007, 0.939, 0.945, 
1.035, 0.015, 1.178, 1.138, 0.815, 0.990, 1.129, 0.923, 1.069, 
1.016, 0.005, 0.964, 1.002, 0.905, 1.046, 1.053, 1.128, 
