1.060, 0.038, 1.122, 1.389, 0.955, 0.879, 1.280, 0.843, 0.952, 
0.999, 0.012, 0.867, 0.900, 1.238, 1.024, 0.973, 1.005, 0.983, 
1.102, 0.033, 1.397, 0.983, 1.193, 0.962, 0.836, 1.062, 1.281, 
1.100, 0.017, 0.960, 1.044, 1.377, 1.097, 0.982, 1.091, 1.146, 
1.011, 0.048, 0.611, 1.351, 0.891, 0.907, 1.074, 1.181, 1.059, 
1.006, 0.001, 0.985, 0.969, 1.031, 0.970, 1.026, 1.065, 0.995, 
1.006, 0.018, 0.890, 1.206, 0.878, 1.106, 0.814, 1.053, 1.095, 
0.862, 0.025, 0.782, 0.746, 0.718, 0.802, 1.024, 1.176, 0.787, 
0.961, 0.011, 1.013, 0.841, 1.097, 1.046, 0.787, 0.943, 1.001, 
1.078, 0.054, 1.595, 1.157, 0.876, 1.053, 0.880, 1.066, 0.919, 
0.973, 0.007, 1.000, 0.869, 1.091, 0.875, 0.944, 0.945, 1.084, 
1.088, 0.007, 1.071, 0.950, 1.090, 1.137, 1.223, 1.059, 
