1.020, 0.004, 1.070, 1.031, 1.034, 1.108, 1.018, 0.909, 0.966, 
1.052, 0.006, 0.999, 1.160, 0.984, 1.015, 1.085, 1.158, 0.964, 
1.049, 0.001, 1.005, 1.018, 1.100, 1.101, 1.040, 1.054, 1.025, 
1.006, 0.003, 1.025, 0.981, 0.995, 1.049, 0.891, 1.083, 1.021, 
0.979, 0.003, 0.876, 0.948, 0.934, 1.054, 1.004, 1.038, 1.001, 
1.047, 0.004, 0.957, 1.035, 1.111, 1.024, 1.138, 1.091, 0.977, 
0.986, 0.010, 0.797, 0.975, 1.015, 1.074, 0.944, 0.973, 1.127, 
0.945, 0.007, 0.858, 0.824, 0.996, 0.992, 0.963, 0.898, 1.082, 
1.002, 0.004, 1.054, 0.880, 1.004, 1.071, 0.999, 1.057, 0.951, 
1.116, 0.019, 1.238, 1.388, 1.022, 1.032, 1.072, 1.104, 0.956, 
1.002, 0.005, 0.894, 0.982, 0.973, 1.043, 0.966, 1.022, 1.132, 
1.089, 0.018, 1.360, 1.127, 0.989, 1.019, 1.077, 0.965, 
