0.989, 0.001, 0.941, 0.969, 1.017, 1.041, 0.961, 0.989, 1.005, 
1.035, 0.001, 1.071, 1.071, 1.063, 1.040, 0.982, 1.009, 1.008, 
1.014, 0.001, 1.092, 0.998, 1.004, 1.008, 0.968, 1.014, 1.012, 
1.010, 0.001, 1.042, 1.044, 0.998, 1.030, 1.022, 0.982, 0.949, 
1.015, 0.001, 0.959, 1.051, 0.996, 1.027, 0.994, 0.994, 1.083, 
1.005, 0.001, 0.970, 1.009, 0.995, 1.037, 0.982, 1.035, 1.007, 
1.010, 0.000, 1.024, 0.998, 1.011, 1.026, 0.988, 1.035, 0.988, 
0.990, 0.005, 0.892, 1.046, 0.996, 0.883, 1.049, 1.003, 1.059, 
0.993, 0.002, 1.074, 0.986, 1.010, 0.953, 0.951, 1.024, 0.956, 
1.035, 0.001, 1.002, 1.080, 0.983, 1.025, 1.061, 1.086, 1.009, 
1.013, 0.001, 1.033, 1.029, 1.002, 1.053, 0.966, 0.993, 1.017, 
0.939, 0.021, 1.025, 1.044, 0.628, 1.003, 1.004, 0.929, 
