1.018, 0.006, 1.008, 1.033, 1.100, 0.952, 0.956, 1.151, 0.929, 
1.083, 0.020, 1.378, 1.000, 1.082, 1.114, 0.936, 0.931, 1.139, 
1.028, 0.002, 0.955, 1.030, 0.985, 1.019, 1.059, 1.062, 1.084, 
1.012, 0.018, 1.156, 0.936, 0.960, 0.967, 1.223, 1.042, 0.797, 
0.984, 0.005, 0.947, 0.944, 1.064, 1.047, 0.993, 1.036, 0.856, 
0.939, 0.011, 1.043, 0.919, 0.858, 0.945, 1.096, 0.948, 0.762, 
1.072, 0.017, 0.954, 0.987, 0.972, 1.149, 1.221, 0.941, 1.279, 
0.967, 0.019, 0.787, 1.088, 0.997, 1.117, 1.060, 0.732, 0.989, 
1.027, 0.015, 1.088, 0.929, 1.045, 1.282, 0.966, 0.872, 1.004, 
1.040, 0.009, 0.908, 1.058, 0.972, 0.990, 1.231, 1.105, 1.019, 
0.995, 0.008, 1.026, 0.940, 0.945, 1.087, 1.030, 0.828, 1.111, 
1.022, 0.005, 1.002, 0.981, 1.080, 1.064, 1.110, 0.893, 
