0.989, 0.010, 0.867, 1.184, 1.006, 1.061, 0.985, 0.933, 0.885, 
1.033, 0.005, 1.035, 0.951, 0.963, 0.963, 1.140, 1.059, 1.118, 
1.018, 0.001, 1.011, 0.988, 0.990, 1.012, 1.047, 0.989, 1.087, 
1.011, 0.002, 1.043, 0.954, 1.058, 1.010, 0.946, 1.012, 1.057, 
0.995, 0.002, 1.034, 0.911, 1.003, 1.041, 0.974, 1.001, 1.001, 
0.998, 0.002, 1.002, 1.044, 1.049, 0.932, 1.029, 0.973, 0.960, 
1.003, 0.004, 1.024, 0.927, 0.971, 1.012, 0.980, 0.963, 1.142, 
0.981, 0.008, 0.837, 1.062, 1.041, 0.985, 1.057, 0.861, 1.022, 
1.032, 0.001, 1.056, 1.003, 1.036, 1.058, 0.975, 1.022, 1.075, 
1.000, 0.008, 1.023, 1.129, 0.985, 1.076, 0.929, 0.835, 1.022, 
0.995, 0.005, 0.897, 0.967, 0.990, 0.991, 0.925, 1.106, 1.092, 
1.033, 0.005, 1.119, 1.080, 1.058, 1.064, 0.965, 0.916, 
