0.963, 0.000, 0.941, 0.964, 0.989, 0.989, 0.969, 0.933, 0.956, 
1.033, 0.000, 1.001, 1.039, 1.029, 1.024, 1.034, 1.063, 1.042, 
1.027, 0.003, 1.085, 1.029, 1.043, 0.997, 1.000, 0.939, 1.099, 
1.022, 0.000, 1.020, 1.053, 1.013, 1.029, 0.987, 1.017, 1.036, 
0.971, 0.001, 0.924, 0.988, 0.924, 1.010, 1.017, 0.994, 0.938, 
1.003, 0.000, 0.997, 1.042, 0.989, 1.005, 0.997, 0.974, 1.016, 
1.011, 0.003, 1.113, 0.954, 0.978, 1.040, 0.969, 0.961, 1.062, 
0.990, 0.002, 0.995, 0.959, 1.007, 0.972, 1.021, 0.921, 1.053, 
0.993, 0.001, 1.041, 0.963, 0.990, 1.028, 0.975, 0.977, 0.976, 
1.030, 0.003, 1.009, 1.104, 1.015, 1.031, 0.963, 1.107, 0.981, 
1.011, 0.000, 1.009, 0.997, 0.986, 1.013, 1.039, 1.008, 1.025, 
1.020, 0.002, 1.032, 1.082, 1.022, 1.039, 1.023, 0.925, 
