0.947, 0.007, 0.876, 0.938, 1.067, 1.072, 0.951, 0.867, 0.860, 
1.010, 0.007, 0.930, 1.077, 1.070, 1.065, 1.054, 1.026, 0.848, 
1.098, 0.008, 1.220, 0.944, 1.102, 1.106, 1.019, 1.093, 1.199, 
1.038, 0.007, 1.023, 1.047, 0.994, 1.054, 0.912, 1.024, 1.212, 
0.920, 0.013, 0.898, 0.822, 0.706, 1.082, 0.990, 0.969, 0.971, 
1.013, 0.012, 0.911, 0.995, 1.033, 0.975, 1.086, 1.221, 0.871, 
1.001, 0.003, 1.048, 1.049, 0.896, 1.057, 0.967, 0.951, 1.036, 
0.981, 0.019, 0.934, 0.828, 1.296, 0.927, 0.925, 0.976, 0.980, 
0.950, 0.015, 1.067, 0.677, 1.050, 1.021, 0.940, 0.907, 0.990, 
1.083, 0.013, 1.012, 1.344, 1.026, 1.080, 1.060, 1.095, 0.962, 
1.071, 0.014, 1.098, 1.082, 0.967, 1.260, 0.881, 1.015, 1.193, 
1.038, 0.011, 0.996, 1.050, 0.972, 1.230, 1.086, 0.897, 
