0.978, 0.006, 0.908, 1.091, 1.063, 1.011, 0.989, 0.882, 0.902, 
1.059, 0.004, 0.949, 1.066, 1.058, 1.024, 1.026, 1.130, 1.158, 
1.023, 0.005, 1.143, 0.935, 1.085, 1.019, 1.052, 0.945, 0.981, 
0.978, 0.002, 0.926, 1.059, 0.938, 0.934, 0.984, 0.988, 1.018, 
0.998, 0.004, 0.910, 1.007, 0.903, 1.036, 1.024, 1.024, 1.079, 
0.952, 0.001, 0.911, 0.980, 0.952, 0.955, 0.987, 0.903, 0.973, 
1.058, 0.006, 1.156, 0.980, 1.076, 1.057, 0.941, 1.020, 1.175, 
0.993, 0.002, 0.997, 0.949, 1.036, 1.032, 1.019, 0.893, 1.022, 
1.022, 0.004, 1.151, 0.975, 1.017, 1.012, 0.989, 0.952, 1.055, 
1.034, 0.003, 1.004, 1.057, 0.940, 1.025, 1.042, 1.132, 1.040, 
0.995, 0.008, 1.045, 1.057, 1.068, 1.064, 0.932, 0.814, 0.985, 
1.014, 0.001, 1.051, 1.013, 0.970, 1.006, 1.032, 1.010, 
