0.895, 0.011, 0.958, 1.037, 0.861, 0.891, 0.727, 
1.083, 0.002, 1.051, 1.117, 1.144, 1.028, 1.073, 
1.082, 0.008, 1.053, 1.066, 0.990, 1.046, 1.256, 
1.024, 0.014, 0.887, 1.237, 0.964, 0.980, 1.053, 
1.013, 0.048, 0.764, 1.394, 0.889, 1.100, 0.920, 
1.018, 0.007, 0.973, 1.051, 1.157, 0.990, 0.917, 
0.947, 0.017, 0.734, 1.020, 0.969, 0.891, 1.123, 
0.985, 0.012, 1.053, 1.068, 1.082, 0.799, 0.922, 
1.003, 0.020, 1.273, 0.974, 0.846, 0.973, 0.951, 
0.891, 0.020, 0.719, 0.721, 1.025, 0.967, 1.026, 
1.043, 0.005, 1.135, 1.017, 0.924, 1.105, 1.036, 
1.038, 0.000, 1.013, 1.045, 1.042, 1.051, 
