0.999, 0.002, 0.952, 1.015, 0.978, 1.092, 0.936, 0.998, 1.021, 
1.018, 0.002, 0.979, 0.981, 0.948, 1.023, 1.032, 1.078, 1.082, 
1.015, 0.006, 1.001, 0.964, 0.888, 1.017, 1.149, 1.036, 1.051, 
1.029, 0.024, 1.108, 1.021, 0.766, 1.260, 1.072, 1.114, 0.863, 
0.984, 0.014, 0.978, 0.728, 0.952, 1.141, 0.996, 1.070, 1.023, 
1.033, 0.021, 0.762, 1.035, 1.192, 1.110, 1.203, 0.947, 0.979, 
0.975, 0.021, 1.090, 0.982, 0.739, 1.104, 0.827, 0.911, 1.169, 
0.966, 0.006, 0.925, 0.864, 1.046, 0.848, 1.033, 1.013, 1.029, 
1.072, 0.018, 1.164, 1.199, 1.226, 1.139, 1.004, 0.868, 0.901, 
0.968, 0.016, 0.944, 1.267, 0.884, 0.912, 0.905, 0.898, 0.968, 
0.957, 0.045, 1.019, 0.450, 0.989, 0.992, 1.056, 1.147, 1.048, 
1.013, 0.003, 1.013, 0.967, 1.010, 1.123, 0.969, 0.992, 
