1.035, 0.024, 1.190, 0.913, 1.321, 1.036, 0.979, 0.974, 0.837, 
1.032, 0.005, 1.137, 1.002, 0.978, 0.951, 1.007, 1.013, 1.132, 
0.995, 0.001, 1.004, 0.977, 0.973, 1.046, 1.007, 0.949, 1.012, 
0.987, 0.005, 0.879, 0.978, 0.962, 0.994, 0.992, 0.981, 1.126, 
0.939, 0.004, 0.864, 1.022, 0.926, 0.974, 1.015, 0.838, 0.931, 
0.981, 0.001, 0.934, 0.939, 0.961, 1.025, 1.013, 0.994, 1.005, 
0.984, 0.004, 1.052, 1.003, 0.928, 1.041, 1.000, 0.861, 1.004, 
1.025, 0.027, 0.805, 1.351, 1.029, 0.986, 0.998, 0.880, 1.130, 
1.290, 0.439, 1.204, 2.892, 1.060, 1.124, 0.896, 0.938, 0.916, 
0.987, 0.007, 0.919, 1.164, 0.894, 0.946, 1.008, 0.979, 1.001, 
0.998, 0.011, 1.161, 0.790, 0.963, 0.954, 1.011, 1.056, 1.052, 
1.049, 0.005, 1.203, 1.038, 1.040, 0.998, 1.015, 1.000, 
