1.020, 0.003, 1.065, 1.037, 1.065, 1.071, 0.910, 0.988, 1.004, 
1.058, 0.003, 1.063, 1.104, 1.057, 0.970, 1.068, 1.145, 0.997, 
1.038, 0.002, 1.086, 0.988, 1.101, 1.049, 0.992, 1.015, 1.032, 
1.020, 0.003, 1.058, 1.036, 1.062, 1.102, 0.941, 0.953, 0.989, 
0.990, 0.003, 0.930, 1.112, 1.005, 0.987, 0.994, 0.966, 0.938, 
0.930, 0.031, 0.990, 0.992, 0.995, 1.005, 0.970, 0.505, 1.053, 
1.026, 0.003, 0.981, 0.948, 1.072, 1.031, 0.967, 1.083, 1.100, 
1.020, 0.005, 0.957, 1.011, 1.045, 1.005, 1.170, 0.931, 1.019, 
1.022, 0.002, 1.094, 1.035, 0.938, 1.078, 0.994, 0.996, 1.018, 
1.036, 0.003, 1.057, 1.115, 0.928, 1.049, 1.069, 1.053, 0.979, 
1.040, 0.002, 1.084, 1.036, 0.985, 0.994, 1.123, 1.042, 1.016, 
0.919, 0.029, 0.979, 0.544, 0.932, 0.994, 1.038, 1.030, 
