1.002, 0.010, 0.928, 1.190, 1.083, 0.993, 0.935, 1.009, 0.873, 
1.056, 0.018, 1.218, 1.088, 0.976, 0.809, 1.042, 1.223, 1.034, 
1.011, 0.005, 1.043, 0.970, 1.116, 1.072, 0.959, 0.894, 1.027, 
1.031, 0.015, 1.196, 1.065, 0.965, 0.977, 0.806, 1.169, 1.038, 
0.971, 0.008, 0.855, 1.040, 0.834, 1.073, 0.977, 0.976, 1.043, 
0.963, 0.005, 0.841, 0.942, 0.985, 0.924, 1.052, 0.951, 1.044, 
1.003, 0.009, 1.080, 0.846, 1.048, 1.097, 0.918, 0.925, 1.105, 
0.971, 0.010, 0.951, 0.819, 1.017, 0.841, 1.033, 1.117, 1.014, 
1.010, 0.004, 1.011, 0.948, 1.105, 1.088, 0.941, 0.970, 1.009, 
0.994, 0.009, 0.893, 1.171, 0.896, 0.943, 0.973, 1.067, 1.018, 
1.045, 0.003, 0.995, 0.964, 1.138, 1.048, 1.042, 1.104, 1.021, 
1.123, 0.007, 1.122, 1.233, 1.216, 1.055, 1.111, 1.001, 
