0.995, 0.003, 1.014, 1.094, 0.991, 0.925, 1.021, 0.939, 0.978, 
1.040, 0.001, 1.063, 1.021, 1.056, 1.016, 1.067, 1.072, 0.986, 
1.017, 0.001, 1.014, 0.995, 1.040, 1.068, 1.010, 1.007, 0.987, 
1.006, 0.001, 1.021, 0.971, 1.025, 1.059, 0.963, 0.964, 1.040, 
0.994, 0.004, 0.890, 1.023, 0.929, 1.094, 1.015, 0.981, 1.023, 
0.990, 0.004, 0.917, 1.004, 1.104, 0.988, 0.956, 0.931, 1.033, 
1.015, 0.005, 0.956, 0.913, 0.996, 1.086, 0.993, 1.139, 1.022, 
0.999, 0.002, 0.947, 0.968, 1.022, 1.059, 1.046, 0.951, 1.002, 
1.012, 0.001, 1.020, 0.952, 1.004, 1.030, 1.042, 1.061, 0.977, 
1.040, 0.001, 1.015, 1.074, 1.003, 1.067, 1.023, 1.105, 0.995, 
1.041, 0.001, 0.995, 1.035, 0.998, 1.081, 1.035, 1.058, 1.088, 
1.026, 0.001, 0.984, 1.097, 1.010, 1.026, 1.026, 1.012, 
