1.025, 0.001, 1.095, 1.040, 1.026, 1.029, 1.014, 0.963, 1.009, 
1.052, 0.002, 1.111, 1.006, 0.996, 1.010, 1.044, 1.065, 1.131, 
1.042, 0.005, 1.081, 1.136, 1.089, 1.074, 0.999, 0.925, 0.991, 
1.019, 0.003, 1.050, 1.015, 0.972, 1.109, 1.046, 0.940, 1.002, 
1.032, 0.005, 0.947, 0.934, 1.050, 1.113, 1.103, 1.093, 0.985, 
0.971, 0.005, 0.925, 1.095, 0.854, 0.987, 1.043, 0.937, 0.954, 
0.956, 0.005, 0.926, 0.951, 0.807, 1.045, 0.981, 0.954, 1.029, 
0.994, 0.011, 0.930, 0.852, 1.193, 0.935, 0.973, 0.976, 1.100, 
1.018, 0.004, 0.990, 1.174, 1.015, 0.995, 0.946, 1.014, 0.995, 
0.997, 0.003, 1.000, 1.098, 1.008, 0.984, 0.930, 1.034, 0.923, 
1.031, 0.002, 1.011, 1.040, 1.043, 1.077, 1.064, 1.050, 0.930, 
1.004, 0.003, 0.929, 0.973, 0.987, 1.068, 0.973, 1.092, 
