0.994, 0.005, 1.084, 0.901, 0.980, 1.087, 0.927, 1.018, 0.959, 
1.065, 0.005, 0.981, 1.002, 1.161, 1.047, 1.018, 1.082, 1.161, 
1.045, 0.002, 1.093, 1.073, 1.059, 1.071, 0.962, 1.027, 1.028, 
1.008, 0.003, 1.074, 1.061, 1.059, 1.019, 0.972, 0.910, 0.962, 
0.999, 0.005, 0.989, 1.133, 1.009, 1.028, 0.930, 0.999, 0.906, 
0.989, 0.001, 0.926, 1.042, 0.960, 1.018, 0.989, 0.998, 0.992, 
1.022, 0.004, 1.159, 1.008, 1.036, 0.977, 1.007, 0.956, 1.011, 
0.964, 0.006, 0.926, 1.008, 1.041, 0.860, 1.095, 0.885, 0.934, 
1.009, 0.015, 1.296, 0.981, 0.909, 1.009, 0.983, 0.910, 0.976, 
1.026, 0.005, 1.064, 1.157, 0.940, 0.994, 1.067, 0.995, 0.966, 
1.074, 0.002, 1.148, 1.028, 1.020, 1.075, 1.067, 1.110, 1.072, 
1.040, 0.003, 1.062, 1.084, 0.938, 1.076, 0.993, 1.084, 
