0.997, 0.013, 1.109, 0.937, 1.109, 1.152, 0.964, 0.859, 0.850, 
1.069, 0.019, 1.287, 1.071, 0.946, 0.919, 0.963, 1.037, 1.262, 
1.055, 0.019, 1.075, 0.921, 1.341, 0.968, 0.925, 1.141, 1.015, 
1.071, 0.014, 1.128, 1.124, 0.953, 1.027, 1.029, 0.928, 1.310, 
1.064, 0.019, 0.838, 1.340, 1.035, 1.039, 1.075, 1.115, 1.005, 
1.017, 0.012, 0.786, 1.071, 1.120, 1.059, 1.065, 1.078, 0.938, 
0.987, 0.023, 1.227, 1.032, 0.831, 1.179, 0.926, 0.913, 0.801, 
0.910, 0.039, 0.715, 0.749, 0.875, 0.860, 1.358, 0.856, 0.955, 
0.977, 0.012, 1.067, 0.791, 1.151, 0.961, 0.998, 0.864, 1.007, 
1.063, 0.015, 1.238, 1.136, 0.977, 0.951, 1.134, 1.134, 0.868, 
1.057, 0.015, 1.142, 1.062, 0.787, 1.021, 1.086, 1.205, 1.097, 
1.022, 0.003, 1.105, 0.959, 0.982, 1.072, 1.018, 0.994, 
