0.997, 0.010, 1.071, 0.991, 1.163, 1.053, 0.937, 0.937, 0.828, 
1.005, 0.002, 0.963, 0.942, 0.980, 1.038, 1.007, 1.079, 1.024, 
1.080, 0.005, 0.974, 1.175, 1.060, 1.067, 1.100, 1.018, 1.162, 
1.013, 0.013, 1.276, 1.026, 0.918, 0.918, 0.990, 0.937, 1.026, 
1.007, 0.003, 1.005, 0.932, 1.008, 1.107, 0.993, 0.967, 1.035, 
0.995, 0.006, 0.969, 1.072, 1.000, 1.060, 0.938, 1.082, 0.847, 
0.974, 0.004, 0.903, 0.888, 0.967, 1.036, 1.006, 0.941, 1.079, 
0.986, 0.007, 0.904, 0.859, 1.137, 0.968, 1.026, 0.983, 1.024, 
1.033, 0.023, 1.304, 0.767, 1.011, 1.135, 1.017, 1.052, 0.945, 
1.059, 0.007, 1.047, 1.229, 1.013, 0.990, 1.088, 1.084, 0.960, 
1.065, 0.004, 1.156, 1.044, 1.134, 0.985, 1.002, 1.034, 1.099, 
0.995, 0.014, 1.103, 1.020, 1.068, 0.996, 1.041, 0.740, 
