1.010, 0.005, 0.958, 0.988, 1.148, 1.058, 0.955, 1.043, 0.919, 
1.030, 0.003, 1.023, 1.012, 0.967, 0.978, 1.057, 1.018, 1.153, 
1.052, 0.009, 1.255, 0.974, 1.066, 1.081, 1.003, 0.948, 1.037, 
1.021, 0.004, 1.149, 1.020, 1.054, 1.010, 1.023, 0.944, 0.949, 
0.959, 0.003, 0.845, 0.970, 0.974, 0.997, 1.041, 0.960, 0.927, 
0.987, 0.002, 0.935, 0.937, 1.058, 0.988, 1.016, 0.975, 1.002, 
1.003, 0.004, 1.005, 0.979, 0.926, 1.078, 0.972, 0.951, 1.111, 
0.930, 0.016, 0.831, 0.671, 1.050, 0.931, 1.005, 0.979, 1.042, 
0.996, 0.003, 1.056, 0.983, 1.050, 1.053, 0.947, 0.960, 0.920, 
1.080, 0.011, 1.170, 1.254, 0.922, 1.043, 1.092, 1.099, 0.978, 
1.020, 0.004, 0.897, 1.092, 1.027, 0.970, 1.057, 1.009, 1.086, 
1.034, 0.007, 1.067, 1.126, 1.043, 1.051, 1.055, 0.862, 
