0.999, 0.001, 1.002, 0.989, 1.009, 1.038, 1.014, 0.957, 0.987, 
1.019, 0.011, 1.105, 0.910, 0.937, 0.872, 1.023, 1.150, 1.134, 
0.980, 0.003, 0.958, 0.956, 0.925, 1.037, 0.944, 1.083, 0.954, 
0.971, 0.008, 1.044, 0.986, 1.070, 0.979, 0.778, 0.995, 0.946, 
0.953, 0.019, 0.856, 0.686, 1.048, 0.978, 0.926, 1.052, 1.126, 
1.079, 0.034, 0.978, 0.875, 1.062, 1.092, 1.330, 1.356, 0.861, 
1.017, 0.006, 1.026, 1.095, 1.080, 1.041, 0.907, 0.894, 1.071, 
1.004, 0.008, 0.924, 0.949, 1.031, 0.921, 1.125, 0.944, 1.134, 
0.983, 0.026, 1.199, 0.972, 0.946, 1.175, 0.872, 0.696, 1.020, 
1.022, 0.020, 0.996, 1.058, 0.912, 0.961, 0.925, 1.352, 0.952, 
1.014, 0.009, 1.065, 0.816, 0.983, 1.026, 1.130, 0.981, 1.098, 
0.999, 0.061, 1.180, 0.874, 0.885, 0.847, 1.462, 0.745, 
