1.000, 0.006, 0.967, 1.049, 0.995, 1.018, 0.864, 1.108, 
1.082, 0.005, 1.103, 0.956, 1.041, 1.102, 1.176, 1.115, 
1.031, 0.004, 1.169, 0.983, 1.002, 1.006, 1.039, 1.048, 0.971, 
1.139, 0.023, 1.081, 0.980, 1.441, 0.992, 1.134, 1.260, 1.083, 
1.007, 0.008, 0.950, 0.932, 0.935, 1.070, 1.083, 1.165, 0.917, 
1.022, 0.009, 0.997, 0.865, 1.186, 1.083, 1.027, 1.048, 0.945, 
1.067, 0.019, 0.975, 1.109, 0.987, 1.125, 1.168, 1.284, 0.824, 
1.012, 0.018, 0.700, 1.022, 1.097, 1.123, 1.100, 1.000, 1.046, 
0.922, 0.002, 0.880, 0.879, 0.937, 1.004, 0.896, 0.952, 0.910, 
0.834, 0.061, 0.906, 0.956, 0.852, 0.940, 1.018, 0.239, 0.924, 
1.078, 0.009, 1.182, 0.920, 1.161, 1.173, 1.101, 0.978, 1.035, 
0.928, 0.001, 0.871, 0.929, 0.923, 0.990, 0.927, 
