1.005, 0.012, 0.912, 1.154, 1.106, 0.974, 0.880, 
1.057, 0.002, 1.049, 0.993, 1.064, 1.141, 1.040, 
1.058, 0.002, 1.130, 1.060, 0.985, 1.080, 1.034, 
1.014, 0.002, 0.988, 1.070, 0.937, 1.032, 1.046, 
1.005, 0.009, 0.901, 1.016, 0.950, 1.154, 
1.003, 0.004, 0.932, 1.007, 1.105, 0.966, 
1.023, 0.004, 1.084, 0.919, 1.025, 1.064, 
0.946, 0.002, 0.928, 0.887, 0.984, 0.984, 
0.999, 0.002, 1.032, 0.917, 1.012, 1.035, 
1.058, 0.001, 1.012, 1.092, 1.099, 1.031, 
0.975, 0.002, 0.981, 0.930, 0.951, 1.037, 
1.039, 0.002, 1.078, 1.087, 1.006, 0.984, 
