0.987, 0.004, 0.970, 0.997, 1.108, 1.020, 0.921, 0.973, 0.921, 
1.034, 0.004, 1.026, 1.003, 1.076, 0.976, 1.113, 1.110, 0.935, 
1.024, 0.001, 1.015, 1.052, 0.997, 1.040, 1.009, 0.988, 1.064, 
1.041, 0.001, 1.125, 1.033, 1.029, 1.045, 1.015, 1.025, 1.018, 
0.997, 0.003, 0.903, 0.972, 0.967, 1.069, 1.014, 1.040, 1.015, 
0.999, 0.001, 0.939, 1.061, 1.000, 0.990, 1.013, 1.028, 0.964, 
1.035, 0.003, 1.076, 0.925, 1.127, 1.049, 1.026, 1.029, 1.012, 
0.978, 0.002, 0.912, 0.931, 1.026, 0.994, 1.023, 0.972, 0.988, 
0.997, 0.006, 1.117, 0.872, 1.030, 1.064, 0.959, 0.957, 0.976, 
1.084, 0.003, 1.087, 1.199, 1.070, 1.024, 1.086, 1.100, 1.020, 
1.029, 0.001, 1.043, 0.964, 1.012, 1.034, 1.033, 1.040, 1.076, 
1.020, 0.001, 1.065, 1.014, 0.985, 1.031, 1.025, 1.000, 
