0.995, 0.011, 1.061, 0.896, 1.219, 0.963, 0.916, 0.935, 0.976, 
1.000, 0.002, 0.921, 1.035, 0.984, 1.026, 1.052, 0.997, 0.983, 
1.019, 0.014, 1.114, 0.819, 1.223, 0.995, 0.960, 1.032, 0.991, 
1.054, 0.028, 1.422, 1.036, 0.819, 1.005, 1.065, 0.993, 1.038, 
0.959, 0.006, 0.868, 1.052, 0.829, 0.993, 0.999, 1.002, 0.970, 
1.000, 0.009, 0.813, 0.960, 1.120, 1.064, 1.073, 0.990, 0.980, 
1.052, 0.027, 1.404, 0.875, 1.092, 0.918, 0.947, 1.076, 1.051, 
1.567, 1.846, 0.940, 0.948, 1.010, 1.154, 4.890, 0.955, 1.071, 
1.005, 0.005, 1.015, 0.901, 1.132, 1.053, 0.954, 0.977, 1.005, 
1.007, 0.010, 0.920, 1.161, 0.924, 0.861, 1.091, 1.083, 1.005, 
1.004, 0.007, 1.054, 0.832, 1.032, 1.074, 0.941, 1.066, 1.029, 
1.039, 0.003, 1.095, 1.022, 1.101, 1.000, 1.057, 0.961, 
