0.978, 0.006, 1.027, 0.891, 1.027, 1.020, 0.846, 0.945, 1.091, 
1.034, 0.004, 0.914, 1.107, 1.048, 1.051, 1.113, 1.017, 0.991, 
1.022, 0.005, 1.113, 0.964, 1.086, 1.031, 0.931, 0.952, 1.075, 
1.009, 0.001, 1.008, 1.016, 1.036, 1.041, 0.973, 1.013, 0.976, 
1.016, 0.001, 1.016, 0.983, 1.081, 1.023, 1.026, 0.970, 1.012, 
0.986, 0.002, 0.890, 1.003, 1.029, 0.984, 1.058, 0.980, 0.958, 
1.007, 0.002, 1.021, 0.961, 0.960, 1.052, 1.018, 0.947, 1.092, 
0.968, 0.005, 0.941, 0.929, 1.088, 1.035, 0.968, 0.851, 0.959, 
1.011, 0.007, 1.163, 0.906, 1.046, 1.059, 0.979, 0.924, 0.999, 
1.061, 0.006, 1.058, 1.137, 0.989, 1.029, 0.985, 1.219, 1.008, 
0.982, 0.002, 1.009, 0.945, 0.969, 0.929, 1.015, 0.957, 1.047, 
1.028, 0.005, 1.013, 1.087, 0.964, 1.160, 0.977, 0.967, 
