0.979, 0.011, 0.883, 1.054, 1.172, 1.032, 0.849, 0.970, 0.895, 
1.078, 0.002, 1.101, 1.047, 1.139, 1.061, 1.039, 1.032, 1.130, 
0.978, 0.002, 1.024, 0.918, 0.922, 1.039, 0.997, 0.993, 0.951, 
0.994, 0.003, 0.939, 1.041, 0.993, 0.956, 1.081, 1.023, 0.926, 
1.020, 0.008, 0.952, 0.979, 0.899, 1.186, 0.976, 1.060, 1.088, 
1.003, 0.004, 0.987, 0.970, 0.994, 1.054, 1.113, 0.884, 1.020, 
1.009, 0.007, 1.000, 0.910, 1.000, 1.153, 0.888, 1.025, 1.087, 
1.001, 0.004, 0.886, 0.944, 1.020, 0.982, 1.066, 1.054, 1.054, 
1.067, 0.015, 1.168, 1.026, 0.946, 1.287, 0.903, 1.068, 1.073, 
1.028, 0.005, 1.098, 1.074, 0.986, 0.995, 1.071, 1.077, 0.895, 
1.036, 0.001, 0.984, 1.023, 1.007, 1.076, 1.055, 1.062, 1.048, 
1.047, 0.002, 1.088, 1.059, 1.040, 1.027, 1.090, 0.976, 
