1.019, 0.008, 1.084, 1.136, 1.084, 0.922, 0.999, 1.047, 0.859, 
1.021, 0.008, 0.918, 1.065, 1.048, 1.083, 0.845, 1.096, 1.096, 
1.048, 0.005, 1.196, 1.002, 1.027, 1.097, 0.972, 1.040, 1.002, 
1.011, 0.002, 0.966, 0.948, 1.024, 1.070, 1.052, 0.973, 1.047, 
0.988, 0.009, 0.859, 0.890, 0.923, 1.093, 1.099, 1.068, 0.983, 
0.994, 0.001, 1.001, 1.009, 0.992, 0.997, 1.040, 1.007, 0.914, 
1.028, 0.004, 1.054, 0.968, 1.004, 1.168, 0.973, 1.012, 1.015, 
0.983, 0.011, 0.953, 0.822, 1.080, 0.901, 1.150, 0.922, 1.056, 
0.981, 0.003, 1.017, 0.986, 0.890, 1.068, 0.986, 0.951, 0.972, 
1.025, 0.021, 1.079, 1.065, 0.677, 1.086, 1.028, 1.106, 1.134, 
1.065, 0.009, 0.950, 1.162, 0.991, 1.231, 1.093, 0.985, 1.041, 
1.039, 0.003, 1.066, 1.094, 1.069, 1.052, 1.013, 0.938, 
