1.001, 0.016, 0.868, 1.037, 1.152, 1.168, 1.044, 0.936, 0.805, 
1.148, 0.041, 0.930, 1.210, 1.045, 1.515, 1.043, 1.348, 0.948, 
0.951, 0.002, 0.997, 0.990, 0.840, 0.978, 0.947, 0.962, 0.944, 
1.018, 0.015, 0.880, 1.053, 0.908, 1.278, 1.026, 1.042, 0.939, 
0.999, 0.047, 0.745, 1.078, 0.901, 1.474, 1.004, 0.938, 0.857, 
0.982, 0.012, 0.956, 0.912, 0.921, 1.053, 1.225, 0.932, 0.878, 
1.007, 0.018, 1.034, 1.048, 0.792, 1.278, 0.926, 0.984, 0.990, 
0.880, 0.026, 0.855, 0.743, 1.199, 0.794, 1.012, 0.866, 0.694, 
0.966, 0.048, 1.319, 0.615, 0.987, 1.217, 0.883, 0.852, 0.893, 
1.055, 0.030, 0.973, 1.194, 0.964, 1.171, 0.900, 1.351, 0.831, 
0.911, 0.005, 0.885, 0.789, 1.050, 0.963, 0.910, 0.895, 0.887, 
1.050, 0.019, 1.093, 0.825, 1.214, 0.982, 0.978, 1.210, 
