0.978, 0.013, 0.876, 0.995, 1.191, 1.083, 0.857, 0.870, 0.973, 
1.020, 0.003, 1.062, 0.975, 0.931, 0.988, 1.045, 1.064, 1.077, 
1.060, 0.003, 1.057, 1.054, 0.972, 1.058, 1.014, 1.090, 1.174, 
0.997, 0.006, 0.911, 0.962, 0.879, 0.998, 1.023, 1.101, 1.103, 
0.950, 0.004, 0.909, 0.937, 0.835, 1.036, 0.959, 0.986, 0.986, 
0.987, 0.002, 0.912, 0.974, 1.079, 0.978, 1.030, 0.951, 0.983, 
1.060, 0.006, 1.067, 0.960, 1.084, 1.027, 1.189, 0.971, 1.122, 
0.957, 0.005, 0.946, 0.823, 0.952, 0.995, 1.090, 0.959, 0.932, 
0.958, 0.008, 1.031, 0.796, 0.926, 1.088, 0.959, 0.887, 1.019, 
1.099, 0.008, 1.025, 1.295, 1.132, 1.059, 1.011, 1.099, 1.073, 
1.033, 0.006, 1.088, 1.032, 0.979, 1.020, 0.996, 0.930, 1.183, 
1.042, 0.006, 1.145, 1.056, 1.046, 1.076, 0.894, 1.034, 
