0.956, 0.013, 0.999, 0.773, 1.137, 0.980, 1.027, 0.941, 0.836, 
1.026, 0.032, 1.117, 1.173, 0.907, 0.874, 1.362, 0.885, 0.862, 
0.974, 0.004, 1.060, 0.934, 0.912, 0.992, 0.934, 0.916, 1.072, 
0.983, 0.002, 1.005, 0.958, 1.046, 1.003, 0.909, 0.936, 1.024, 
1.018, 0.017, 0.983, 0.967, 0.917, 1.117, 1.295, 0.889, 0.957, 
0.979, 0.008, 0.851, 0.988, 1.164, 0.915, 0.976, 0.943, 1.015, 
0.989, 0.027, 1.110, 1.029, 0.691, 0.893, 0.968, 1.266, 0.968, 
0.925, 0.025, 0.655, 0.804, 0.891, 0.925, 1.174, 0.956, 1.074, 
1.002, 0.011, 1.160, 0.805, 1.011, 1.042, 0.992, 1.065, 0.940, 
1.035, 0.026, 0.765, 1.132, 0.867, 1.096, 1.176, 0.962, 1.246, 
1.026, 0.015, 0.982, 1.154, 0.887, 0.820, 1.068, 1.104, 1.166, 
1.045, 0.003, 1.131, 1.045, 1.092, 0.956, 0.990, 1.058, 
