1.053, 0.028, 1.060, 1.287, 1.054, 0.812, 
1.063, 0.004, 0.994, 1.029, 1.063, 1.167, 
1.018, 0.052, 0.736, 0.858, 1.299, 1.177, 
1.000, 0.011, 0.965, 0.849, 1.061, 1.124, 
1.134, 0.015, 1.006, 1.360, 1.133, 1.051, 1.122, 
1.236, 0.094, 1.810, 0.924, 1.237, 1.176, 1.034, 
1.103, 0.029, 1.292, 1.055, 0.803, 1.235, 1.128, 
0.963, 0.003, 0.995, 0.975, 1.010, 0.862, 0.976, 
0.985, 0.023, 0.938, 1.114, 0.969, 0.738, 1.169, 
0.965, 0.016, 0.970, 0.950, 0.919, 1.185, 0.800, 
1.005, 0.009, 0.830, 1.046, 1.119, 0.986, 1.044, 
0.906, 0.016, 0.758, 1.095, 0.943, 0.826, 
