0.993, 0.004, 0.996, 1.084, 1.032, 1.033, 0.964, 0.966, 0.877, 
1.052, 0.001, 1.120, 1.028, 1.081, 1.015, 1.062, 1.038, 1.022, 
1.017, 0.002, 0.994, 1.024, 1.021, 1.039, 0.972, 0.970, 1.099, 
1.016, 0.004, 1.103, 0.967, 0.950, 0.938, 1.048, 1.037, 1.068, 
0.992, 0.004, 0.875, 1.006, 0.914, 1.074, 1.028, 1.037, 1.011, 
0.973, 0.002, 0.890, 1.004, 0.931, 0.973, 1.007, 1.029, 0.973, 
1.049, 0.005, 1.123, 0.925, 1.078, 1.082, 1.010, 1.001, 1.125, 
0.982, 0.001, 0.927, 0.956, 0.980, 1.015, 1.026, 0.952, 1.018, 
1.012, 0.011, 1.124, 0.818, 1.154, 1.063, 0.970, 0.965, 0.990, 
1.019, 0.018, 0.998, 1.293, 0.897, 0.867, 1.041, 1.108, 0.932, 
1.028, 0.001, 0.976, 1.020, 1.040, 1.023, 1.020, 1.027, 1.087, 
1.032, 0.002, 1.116, 1.057, 1.005, 1.009, 1.025, 0.979, 
