1.065, 0.022, 0.927, 1.103, 1.330, 1.052, 1.079, 1.138, 0.829, 
1.103, 0.010, 1.187, 1.075, 1.255, 0.951, 1.172, 1.074, 1.004, 
1.044, 0.004, 1.015, 0.928, 1.033, 1.038, 1.056, 1.112, 1.129, 
0.988, 0.005, 1.029, 0.886, 0.990, 1.048, 1.094, 0.963, 0.908, 
1.008, 0.007, 0.965, 0.874, 0.976, 1.067, 1.041, 1.162, 0.970, 
0.978, 0.003, 1.029, 0.921, 0.991, 0.934, 1.089, 0.949, 0.935, 
1.058, 0.003, 1.052, 1.113, 1.057, 1.092, 1.090, 0.928, 1.074, 
1.017, 0.009, 1.005, 0.844, 1.055, 1.073, 1.077, 0.924, 1.137, 
0.974, 0.010, 1.156, 0.914, 0.787, 0.980, 1.009, 0.978, 0.997, 
1.017, 0.003, 1.092, 1.082, 0.992, 0.991, 1.012, 0.919, 1.028, 
1.036, 0.012, 1.134, 0.810, 0.995, 1.065, 1.172, 1.077, 1.001, 
1.030, 0.007, 1.118, 1.073, 0.903, 1.042, 1.106, 0.941, 
