0.994, 0.004, 0.904, 0.936, 0.990, 1.015, 0.950, 1.060, 1.102, 
1.015, 0.006, 1.006, 1.101, 1.045, 0.892, 1.124, 0.967, 0.968, 
1.099, 0.012, 1.064, 1.196, 1.285, 0.912, 1.090, 1.062, 1.081, 
1.010, 0.005, 1.127, 1.030, 0.991, 0.921, 0.928, 1.096, 0.976, 
0.913, 0.061, 0.805, 0.955, 0.398, 1.220, 1.071, 1.075, 0.868, 
1.000, 0.012, 0.774, 1.116, 0.960, 1.120, 1.013, 1.036, 0.979, 
1.015, 0.003, 1.088, 0.959, 0.931, 1.001, 1.046, 1.049, 1.030, 
0.999, 0.010, 0.846, 0.929, 1.031, 0.954, 0.954, 1.159, 1.117, 
1.016, 0.006, 1.187, 0.965, 1.063, 0.992, 0.982, 0.938, 0.982, 
1.062, 0.012, 1.280, 1.093, 1.087, 0.932, 1.090, 1.006, 0.947, 
1.046, 0.004, 1.062, 1.099, 1.037, 1.166, 0.976, 1.014, 0.965, 
1.019, 0.004, 1.048, 1.140, 0.925, 1.013, 1.007, 0.983, 
