0.992, 0.004, 0.987, 1.079, 1.004, 1.046, 1.010, 0.936, 0.883, 
1.060, 0.000, 1.045, 1.073, 1.043, 1.066, 1.055, 1.056, 1.084, 
1.037, 0.001, 1.078, 0.996, 1.046, 1.073, 0.987, 1.054, 1.024, 
1.002, 0.002, 1.049, 0.975, 1.030, 0.969, 0.940, 0.984, 1.068, 
0.981, 0.003, 0.900, 0.970, 0.929, 1.039, 1.026, 0.954, 1.048, 
1.013, 0.001, 0.980, 1.048, 1.008, 0.996, 1.024, 1.041, 0.993, 
1.027, 0.002, 1.065, 1.042, 1.022, 1.042, 0.951, 0.982, 1.087, 
0.990, 0.003, 0.880, 1.019, 1.040, 0.968, 1.049, 0.946, 1.030, 
0.997, 0.004, 1.088, 0.907, 0.991, 1.093, 0.965, 0.937, 1.000, 
1.045, 0.003, 1.052, 1.144, 1.008, 1.052, 1.086, 0.986, 0.989, 
1.031, 0.002, 0.980, 1.024, 0.986, 1.032, 1.051, 1.038, 1.105, 
1.010, 0.002, 1.082, 1.020, 1.015, 1.006, 0.972, 0.962, 
