0.991, 0.007, 0.882, 1.063, 1.051, 1.094, 1.038, 0.906, 0.904, 
1.063, 0.001, 1.044, 1.064, 1.026, 1.042, 1.072, 1.054, 1.141, 
0.986, 0.004, 0.982, 1.010, 0.991, 0.858, 1.034, 0.957, 1.072, 
1.002, 0.002, 1.023, 1.055, 0.995, 1.022, 1.006, 0.997, 0.916, 
1.001, 0.008, 0.944, 0.880, 0.893, 1.086, 1.001, 1.099, 1.101, 
0.964, 0.003, 0.883, 1.045, 0.988, 0.946, 1.036, 0.919, 0.929, 
1.041, 0.002, 1.087, 0.969, 1.057, 1.068, 1.004, 0.996, 1.108, 
1.004, 0.004, 0.914, 1.010, 0.989, 0.980, 1.058, 1.118, 0.957, 
1.007, 0.009, 1.094, 0.950, 0.932, 1.023, 0.848, 1.057, 1.146, 
1.030, 0.005, 1.074, 1.139, 0.980, 1.019, 1.006, 1.084, 0.906, 
1.003, 0.001, 1.041, 0.992, 0.981, 1.002, 1.058, 0.944, 1.005, 
1.009, 0.000, 0.988, 1.044, 1.018, 0.994, 1.020, 0.994, 
