1.022, 0.005, 1.039, 1.020, 1.095, 1.033, 1.042, 1.057, 0.864, 
1.038, 0.001, 1.026, 0.987, 1.075, 1.031, 1.024, 1.086, 1.035, 
1.019, 0.001, 1.068, 0.961, 1.003, 1.044, 1.025, 0.984, 1.051, 
1.014, 0.004, 1.146, 1.025, 0.996, 1.039, 0.966, 0.943, 0.981, 
0.982, 0.004, 0.902, 1.019, 0.878, 1.039, 1.008, 1.030, 0.997, 
0.974, 0.003, 0.877, 1.009, 0.978, 1.026, 1.049, 0.930, 0.946, 
1.025, 0.003, 1.034, 0.964, 1.052, 1.099, 0.998, 0.945, 1.081, 
0.984, 0.003, 0.914, 0.920, 1.053, 0.971, 0.994, 0.969, 1.067, 
1.007, 0.008, 1.191, 0.929, 0.978, 1.053, 0.890, 1.004, 1.008, 
1.059, 0.009, 1.069, 1.260, 0.944, 0.998, 1.065, 1.100, 0.976, 
1.020, 0.004, 0.980, 0.890, 1.086, 1.015, 1.074, 1.041, 1.056, 
1.030, 0.003, 1.135, 0.987, 1.047, 1.036, 1.002, 0.973, 
