0.971, 0.007, 0.985, 1.032, 1.070, 1.010, 0.980, 0.914, 0.806, 
1.114, 0.009, 1.178, 0.975, 1.201, 0.983, 1.094, 1.119, 1.246, 
1.041, 0.006, 1.139, 1.074, 0.961, 1.104, 0.939, 0.968, 1.101, 
1.018, 0.004, 1.078, 1.072, 0.885, 0.995, 1.013, 1.037, 1.046, 
0.986, 0.010, 0.864, 0.900, 0.882, 1.162, 1.077, 1.001, 1.015, 
0.979, 0.005, 0.924, 1.095, 0.922, 1.031, 1.036, 0.967, 0.880, 
1.048, 0.014, 1.184, 0.924, 1.129, 1.051, 0.981, 0.872, 1.192, 
0.950, 0.005, 0.903, 0.814, 1.050, 0.961, 0.980, 0.933, 1.007, 
0.973, 0.014, 1.159, 0.808, 0.942, 1.085, 0.824, 0.965, 1.025, 
1.105, 0.017, 1.105, 1.301, 1.061, 1.042, 0.984, 1.290, 0.955, 
1.011, 0.005, 1.106, 0.870, 1.025, 1.071, 1.047, 0.954, 1.007, 
1.034, 0.007, 1.118, 1.095, 1.083, 0.996, 1.043, 0.866, 
