1.023, 0.014, 0.903, 1.165, 1.219, 0.942, 1.075, 0.933, 0.923, 
1.052, 0.002, 1.095, 1.097, 0.989, 1.032, 1.064, 1.078, 1.010, 
1.010, 0.003, 1.083, 0.969, 1.013, 0.960, 0.971, 0.963, 1.110, 
0.990, 0.006, 1.118, 0.938, 1.023, 1.052, 0.876, 1.007, 0.915, 
1.002, 0.009, 0.881, 0.982, 0.862, 1.086, 1.025, 1.147, 1.034, 
0.965, 0.004, 0.896, 0.947, 0.933, 0.986, 1.091, 0.915, 0.983, 
0.999, 0.003, 1.053, 0.933, 1.068, 0.949, 0.945, 0.985, 1.063, 
0.983, 0.008, 0.835, 0.924, 1.065, 0.931, 1.099, 0.947, 1.076, 
1.009, 0.010, 1.217, 0.912, 0.916, 1.076, 0.939, 0.991, 1.012, 
1.082, 0.012, 1.007, 1.314, 1.031, 1.071, 0.935, 1.138, 1.077, 
1.027, 0.003, 1.070, 0.927, 1.041, 0.969, 1.101, 1.061, 1.018, 
1.060, 0.003, 1.172, 1.075, 1.057, 1.033, 1.013, 1.010, 
