0.999, 0.007, 1.033, 1.032, 1.089, 1.063, 0.976, 0.990, 0.810, 
1.147, 0.015, 1.228, 1.348, 0.955, 1.073, 1.108, 1.250, 1.068, 
1.068, 0.004, 1.046, 1.051, 1.081, 1.056, 1.204, 1.060, 0.977, 
0.993, 0.003, 0.951, 1.069, 0.899, 0.975, 1.058, 1.038, 0.963, 
1.006, 0.014, 0.887, 0.994, 0.841, 1.215, 1.126, 1.006, 0.974, 
0.983, 0.009, 0.821, 1.070, 0.905, 1.009, 1.092, 1.063, 0.920, 
1.045, 0.016, 1.325, 0.985, 1.004, 1.087, 0.956, 0.916, 1.040, 
0.969, 0.014, 1.073, 0.792, 1.050, 0.827, 1.124, 0.902, 1.014, 
0.996, 0.007, 0.994, 0.966, 1.067, 1.144, 0.872, 0.986, 0.944, 
1.026, 0.011, 0.993, 1.209, 0.922, 1.135, 0.965, 1.054, 0.902, 
1.020, 0.005, 0.986, 1.066, 0.947, 1.107, 0.907, 1.078, 1.049, 
1.008, 0.004, 1.004, 0.913, 1.070, 1.088, 1.015, 0.957, 
