0.987, 0.007, 0.970, 1.034, 1.144, 1.016, 0.949, 0.954, 0.841, 
1.042, 0.015, 1.134, 0.989, 0.911, 1.094, 0.930, 1.280, 0.960, 
1.113, 0.008, 1.298, 1.107, 1.114, 1.066, 1.027, 1.023, 1.154, 
0.986, 0.006, 1.096, 1.042, 1.037, 0.908, 0.860, 1.024, 0.936, 
0.990, 0.002, 0.936, 1.013, 0.905, 1.021, 1.022, 1.053, 0.982, 
1.004, 0.006, 0.917, 1.021, 0.996, 1.009, 1.038, 1.152, 0.893, 
1.015, 0.011, 1.099, 0.888, 0.980, 1.102, 0.856, 1.015, 1.163, 
0.999, 0.002, 1.013, 0.965, 1.046, 0.945, 1.061, 0.948, 1.019, 
0.972, 0.009, 1.103, 0.810, 0.967, 1.108, 0.934, 0.940, 0.939, 
1.007, 0.003, 1.009, 1.089, 1.072, 1.026, 0.998, 0.929, 0.927, 
0.989, 0.003, 0.994, 0.895, 1.010, 0.970, 0.937, 1.027, 1.089, 
1.073, 0.002, 1.093, 1.063, 1.089, 1.104, 1.117, 0.970, 
