1.010, 0.003, 1.040, 1.074, 1.048, 1.045, 0.903, 0.980, 0.980, 
0.972, 0.031, 1.071, 1.060, 0.543, 0.991, 1.064, 1.037, 1.040, 
1.031, 0.001, 1.037, 0.996, 1.073, 1.055, 0.987, 1.019, 1.047, 
1.017, 0.003, 1.088, 1.076, 1.063, 1.033, 0.952, 0.928, 0.978, 
0.990, 0.001, 0.969, 0.997, 0.993, 1.032, 0.932, 1.016, 0.992, 
0.993, 0.001, 0.922, 1.009, 1.011, 1.000, 0.978, 1.028, 1.003, 
1.033, 0.001, 0.976, 1.060, 1.048, 1.034, 0.994, 1.046, 1.071, 
1.019, 0.002, 0.974, 1.011, 1.038, 1.017, 1.122, 1.017, 0.957, 
1.018, 0.002, 1.109, 1.023, 0.980, 1.068, 0.988, 1.006, 0.955, 
1.025, 0.003, 1.028, 1.068, 0.914, 1.066, 1.062, 1.046, 0.988, 
1.022, 0.001, 0.989, 1.036, 1.056, 1.045, 1.035, 0.969, 1.026, 
1.010, 0.002, 0.980, 1.069, 0.948, 1.013, 1.043, 1.009, 
