0.993, 0.014, 1.030, 1.076, 1.124, 1.045, 0.916, 0.770, 
1.088, 0.013, 0.940, 1.080, 1.269, 1.140, 1.145, 0.957, 
1.064, 0.013, 1.002, 0.947, 1.206, 1.037, 0.954, 1.236, 
0.979, 0.008, 0.968, 0.867, 1.156, 0.975, 0.999, 0.911, 
1.091, 0.010, 1.061, 1.199, 1.199, 1.131, 1.034, 0.921, 
1.003, 0.013, 1.053, 0.818, 1.035, 1.200, 0.951, 0.963, 
0.989, 0.012, 0.932, 0.838, 1.097, 0.923, 0.988, 1.154, 
0.946, 0.007, 0.804, 0.915, 0.957, 0.989, 0.942, 1.072, 
0.902, 0.013, 0.726, 1.005, 0.969, 0.754, 0.972, 0.987, 
1.031, 0.017, 0.987, 1.228, 0.906, 1.073, 0.922, 1.202, 0.899, 
1.050, 0.010, 1.173, 0.839, 1.085, 0.986, 1.055, 1.119, 1.096, 
1.040, 0.004, 1.163, 1.057, 1.041, 0.996, 1.032, 0.948, 
