1.050, 0.022, 1.053, 1.089, 1.271, 1.215, 0.896, 1.002, 0.827, 
1.072, 0.004, 1.133, 1.071, 1.188, 1.035, 1.059, 1.044, 0.974, 
1.061, 0.006, 1.060, 1.083, 1.070, 1.221, 0.976, 0.999, 1.019, 
1.014, 0.023, 1.117, 1.236, 0.701, 1.005, 0.990, 1.067, 0.981, 
0.962, 0.009, 0.954, 1.039, 0.796, 0.874, 1.113, 0.980, 0.977, 
0.950, 0.042, 0.948, 1.073, 0.473, 1.049, 1.083, 1.102, 0.920, 
1.073, 0.024, 0.986, 1.064, 1.314, 0.869, 0.917, 1.096, 1.265, 
0.986, 0.009, 0.868, 0.826, 1.098, 0.999, 1.064, 1.011, 1.034, 
0.977, 0.018, 1.145, 0.933, 0.961, 1.135, 0.949, 0.996, 0.719, 
1.020, 0.018, 1.110, 1.266, 0.848, 0.867, 1.009, 1.078, 0.963, 
1.039, 0.018, 1.024, 0.816, 0.979, 1.304, 1.012, 1.031, 1.104, 
1.035, 0.009, 1.136, 0.984, 1.158, 1.068, 0.982, 0.883, 
