1.023, 0.007, 0.958, 1.063, 1.148, 1.074, 0.880, 1.042, 0.994, 
1.050, 0.001, 1.100, 1.011, 1.066, 1.065, 1.040, 1.074, 0.994, 
1.036, 0.003, 1.038, 1.147, 1.052, 0.998, 1.001, 0.968, 1.045, 
1.049, 0.004, 1.163, 1.043, 1.083, 1.043, 0.934, 1.021, 1.053, 
0.994, 0.002, 0.986, 1.025, 0.922, 1.052, 0.960, 1.002, 1.012, 
0.981, 0.004, 0.911, 1.079, 0.907, 1.040, 0.938, 1.028, 0.964, 
1.039, 0.003, 1.117, 0.987, 1.104, 1.031, 1.039, 1.022, 0.973, 
0.988, 0.003, 0.979, 0.943, 1.060, 1.015, 1.059, 0.931, 0.928, 
0.850, 0.040, 0.572, 1.070, 1.034, 0.549, 0.913, 1.005, 0.806, 
1.045, 0.008, 0.992, 1.102, 0.953, 1.054, 1.189, 1.108, 0.913, 
1.023, 0.002, 1.084, 1.000, 0.941, 1.030, 1.051, 0.981, 1.073, 
1.024, 0.003, 1.137, 1.010, 0.973, 1.041, 1.019, 0.965, 
