1.017, 0.005, 1.109, 0.954, 0.909, 1.119, 1.061, 0.991, 0.980, 
1.109, 0.006, 1.232, 1.099, 1.026, 1.023, 1.104, 1.059, 1.221, 
1.046, 0.004, 1.111, 1.052, 1.013, 1.083, 1.107, 0.925, 1.030, 
0.997, 0.001, 1.030, 1.015, 0.948, 0.995, 0.980, 1.035, 0.974, 
0.996, 0.004, 0.881, 0.941, 1.058, 1.032, 1.001, 1.081, 0.980, 
0.982, 0.003, 0.939, 1.041, 0.958, 1.015, 0.874, 1.013, 1.033, 
0.995, 0.009, 1.042, 0.910, 0.807, 1.050, 1.002, 1.031, 1.121, 
1.002, 0.001, 0.939, 1.004, 1.038, 1.053, 0.994, 0.960, 1.026, 
1.004, 0.001, 0.966, 0.975, 1.050, 0.985, 1.035, 1.023, 0.993, 
1.018, 0.004, 1.003, 1.143, 1.009, 0.986, 1.006, 1.051, 0.929, 
1.072, 0.004, 1.047, 1.051, 1.124, 1.132, 1.057, 1.137, 0.953, 
1.035, 0.001, 1.077, 1.048, 1.009, 1.042, 0.967, 1.065, 
