0.989, 0.010, 0.941, 1.028, 1.075, 1.088, 0.894, 1.083, 0.812, 
1.073, 0.009, 0.973, 1.217, 1.078, 1.174, 0.988, 1.118, 0.966, 
1.058, 0.004, 1.139, 1.165, 1.014, 1.054, 0.983, 0.986, 1.064, 
0.971, 0.004, 0.962, 0.988, 0.867, 0.965, 1.095, 0.959, 0.962, 
0.987, 0.008, 0.873, 0.902, 0.998, 1.166, 1.004, 1.018, 0.952, 
0.981, 0.005, 0.990, 0.963, 1.079, 0.852, 1.052, 0.981, 0.951, 
1.069, 0.002, 1.056, 1.086, 1.103, 1.081, 1.012, 1.134, 1.015, 
1.020, 0.032, 0.891, 0.981, 1.424, 0.830, 1.067, 0.948, 1.001, 
1.017, 0.010, 1.164, 0.842, 1.071, 0.945, 0.949, 1.079, 1.067, 
1.087, 0.017, 0.996, 1.344, 0.887, 1.113, 1.126, 1.093, 1.050, 
1.106, 0.012, 1.274, 0.909, 1.148, 1.204, 1.116, 1.070, 1.021, 
1.004, 0.004, 1.121, 0.993, 1.038, 0.986, 0.984, 0.904, 
