0.965, 0.008, 0.834, 0.920, 1.055, 1.079, 1.034, 0.874, 0.960, 
1.013, 0.003, 0.939, 0.951, 1.040, 1.004, 1.005, 1.092, 1.060, 
1.043, 0.002, 1.105, 1.064, 1.051, 1.053, 1.016, 0.945, 1.068, 
0.993, 0.003, 1.025, 0.959, 1.014, 0.888, 0.957, 1.084, 1.023, 
0.989, 0.002, 0.954, 1.024, 0.939, 1.066, 0.930, 1.028, 0.981, 
0.960, 0.004, 0.883, 0.949, 1.019, 0.851, 1.040, 0.978, 0.999, 
1.007, 0.002, 1.023, 0.976, 1.004, 1.011, 0.933, 1.002, 1.103, 
0.977, 0.004, 0.864, 0.929, 1.004, 0.975, 0.983, 1.012, 1.069, 
1.022, 0.006, 1.143, 0.934, 1.016, 1.127, 0.981, 0.947, 1.005, 
1.063, 0.005, 1.010, 1.201, 0.965, 1.034, 1.050, 1.098, 1.082, 
1.041, 0.002, 1.111, 1.021, 0.970, 1.077, 1.032, 1.038, 1.036, 
1.012, 0.002, 1.088, 1.003, 1.030, 0.994, 1.005, 0.951, 
