1.044, 0.006, 0.921, 1.025, 1.143, 1.115, 1.082, 1.061, 0.961, 
1.051, 0.011, 0.992, 1.218, 0.992, 1.155, 1.057, 0.866, 1.079, 
1.025, 0.002, 1.061, 0.976, 0.999, 1.088, 1.081, 0.960, 1.010, 
0.976, 0.003, 1.081, 1.042, 0.913, 0.978, 0.937, 0.960, 0.925, 
1.031, 0.008, 1.007, 1.020, 0.846, 1.086, 0.995, 1.142, 1.120, 
0.933, 0.011, 0.794, 0.940, 0.800, 0.903, 1.117, 1.009, 0.967, 
1.047, 0.008, 1.106, 0.885, 0.961, 1.125, 1.013, 1.143, 1.093, 
1.012, 0.014, 0.803, 0.989, 1.190, 1.084, 1.003, 0.926, 1.090, 
1.029, 0.006, 1.216, 0.993, 1.022, 0.978, 0.974, 0.989, 1.032, 
1.077, 0.008, 1.028, 1.233, 1.062, 0.968, 1.083, 1.173, 0.990, 
1.031, 0.008, 1.028, 0.887, 1.121, 0.916, 1.112, 1.070, 1.081, 
1.009, 0.005, 1.100, 0.970, 0.882, 1.064, 1.049, 0.990, 
