0.980, 0.017, 0.902, 0.960, 1.133, 1.157, 0.837, 1.069, 0.804, 
1.052, 0.001, 1.069, 1.086, 1.002, 1.046, 1.002, 1.047, 1.110, 
1.051, 0.003, 1.034, 1.104, 1.009, 1.045, 1.051, 0.974, 1.139, 
1.017, 0.001, 1.066, 1.071, 0.989, 1.003, 1.007, 0.967, 1.020, 
0.954, 0.005, 0.820, 1.027, 0.873, 1.013, 0.993, 0.987, 0.967, 
0.991, 0.001, 0.967, 1.048, 0.994, 0.962, 1.001, 0.990, 0.978, 
0.979, 0.008, 0.984, 0.937, 0.975, 1.060, 0.860, 0.897, 1.140, 
1.000, 0.003, 0.999, 1.059, 1.011, 0.983, 1.014, 0.876, 1.056, 
0.995, 0.008, 1.144, 0.842, 1.010, 1.062, 0.945, 0.972, 0.986, 
1.031, 0.008, 0.989, 1.062, 1.093, 1.044, 0.921, 1.191, 0.918, 
1.019, 0.001, 1.025, 1.032, 1.056, 1.017, 1.044, 0.965, 0.996, 
0.998, 0.001, 1.025, 0.996, 0.977, 1.045, 0.950, 0.992, 
