1.067, 0.027, 1.058, 1.123, 1.372, 1.137, 0.986, 1.001, 0.789, 
1.039, 0.001, 1.025, 1.000, 1.075, 0.998, 1.099, 1.035, 1.038, 
1.024, 0.001, 1.057, 1.024, 1.004, 1.041, 0.977, 1.005, 1.059, 
0.993, 0.004, 1.085, 0.954, 0.947, 0.888, 1.005, 0.988, 1.082, 
0.958, 0.005, 0.889, 0.868, 0.895, 1.058, 0.979, 1.035, 0.979, 
0.967, 0.004, 0.822, 1.046, 1.019, 0.968, 0.981, 0.989, 0.941, 
1.054, 0.005, 1.187, 1.002, 1.077, 1.062, 0.957, 0.984, 1.108, 
0.942, 0.011, 0.841, 0.755, 1.018, 0.981, 1.042, 0.894, 1.064, 
1.024, 0.005, 1.171, 1.081, 0.997, 1.021, 0.942, 0.988, 0.969, 
1.056, 0.004, 1.002, 1.107, 0.973, 1.046, 1.143, 1.119, 1.000, 
1.050, 0.004, 1.074, 1.021, 0.939, 1.142, 1.048, 1.014, 1.110, 
1.026, 0.002, 1.047, 0.972, 1.028, 1.109, 0.999, 1.003, 
