0.994, 0.023, 1.289, 0.990, 0.910, 0.886, 0.897, 
1.148, 0.003, 1.062, 1.112, 1.206, 1.196, 1.163, 
0.987, 0.007, 1.135, 1.002, 0.884, 0.925, 0.987, 
1.026, 0.009, 1.070, 1.133, 0.859, 0.986, 1.083, 
0.979, 0.051, 0.573, 1.221, 0.909, 1.076, 1.115, 
0.995, 0.030, 0.767, 0.928, 1.293, 1.026, 0.962, 
1.035, 0.017, 0.956, 1.193, 0.856, 0.998, 1.172, 
1.203, 0.074, 0.877, 1.705, 1.164, 1.102, 1.166, 
0.954, 0.005, 0.983, 0.977, 0.815, 0.957, 1.036, 
1.004, 0.006, 1.099, 0.991, 1.110, 0.944, 0.911, 0.970, 
0.996, 0.012, 0.943, 0.998, 1.029, 0.819, 1.179, 1.008, 
1.023, 0.006, 0.952, 1.044, 1.136, 1.058, 0.922, 
