1.104, 0.019, 0.950, 1.331, 1.242, 1.103, 1.169, 0.970, 0.965, 
1.073, 0.032, 1.428, 0.805, 1.092, 1.078, 1.142, 0.923, 1.042, 
0.961, 0.004, 0.926, 0.970, 0.917, 1.086, 0.962, 0.870, 0.994, 
0.975, 0.031, 1.187, 1.157, 0.900, 1.009, 0.651, 0.838, 1.084, 
0.940, 0.005, 0.868, 0.893, 0.874, 0.963, 0.900, 1.071, 1.014, 
1.006, 0.003, 0.984, 0.924, 1.089, 1.036, 1.073, 0.963, 0.975, 
1.059, 0.022, 1.242, 0.802, 0.946, 1.142, 0.951, 1.209, 1.121, 
0.959, 0.016, 0.797, 0.817, 0.973, 0.972, 1.108, 0.886, 1.158, 
0.938, 0.007, 1.016, 0.786, 0.974, 1.028, 0.922, 0.862, 0.980, 
1.037, 0.040, 0.875, 1.279, 0.809, 1.341, 0.952, 0.853, 1.147, 
1.048, 0.001, 1.063, 1.005, 1.041, 1.077, 1.014, 1.045, 1.091, 
1.071, 0.006, 1.175, 1.171, 0.984, 1.008, 1.091, 0.998, 
