0.991, 0.003, 1.024, 0.934, 1.100, 0.994, 0.948, 0.997, 0.940, 
1.029, 0.007, 0.971, 1.022, 1.017, 1.024, 1.182, 0.889, 1.099, 
1.053, 0.011, 0.969, 1.077, 1.007, 1.245, 0.920, 0.994, 1.156, 
0.953, 0.004, 0.970, 0.954, 0.850, 0.936, 0.920, 0.972, 1.067, 
0.997, 0.028, 0.885, 0.913, 0.779, 1.213, 1.279, 0.932, 0.975, 
1.006, 0.007, 0.850, 1.003, 0.954, 1.073, 1.091, 0.958, 1.111, 
1.022, 0.002, 1.058, 0.934, 1.005, 1.058, 0.983, 1.037, 1.082, 
1.014, 0.014, 1.050, 0.839, 1.203, 1.024, 1.129, 0.878, 0.974, 
1.012, 0.015, 1.075, 0.836, 1.165, 1.179, 0.906, 0.925, 1.001, 
1.057, 0.008, 1.019, 1.178, 0.946, 1.082, 1.134, 1.120, 0.917, 
1.052, 0.016, 1.310, 0.893, 1.050, 0.977, 1.067, 1.108, 0.961, 
1.042, 0.001, 1.043, 1.059, 1.063, 1.024, 1.087, 0.978, 
