1.005, 0.006, 0.961, 0.978, 1.084, 1.149, 1.004, 0.940, 0.919, 
1.056, 0.002, 1.074, 1.128, 1.068, 1.026, 1.003, 1.095, 0.999, 
1.049, 0.004, 1.129, 1.031, 0.940, 1.112, 0.980, 1.045, 1.102, 
1.045, 0.002, 1.048, 1.129, 1.029, 1.026, 1.004, 1.009, 1.072, 
1.040, 0.005, 1.141, 1.000, 0.913, 1.048, 1.084, 1.092, 1.003, 
1.004, 0.005, 0.888, 0.952, 1.067, 0.977, 1.064, 1.094, 0.983, 
0.991, 0.005, 0.901, 0.973, 0.924, 1.033, 1.125, 1.006, 0.976, 
0.963, 0.004, 0.895, 0.868, 1.017, 0.981, 1.055, 0.976, 0.947, 
1.027, 0.017, 1.235, 0.843, 1.145, 1.098, 0.933, 0.919, 1.015, 
1.019, 0.005, 1.032, 1.161, 0.928, 1.059, 0.980, 0.984, 0.987, 
1.009, 0.000, 1.001, 0.992, 1.044, 1.025, 1.005, 1.006, 0.992, 
1.022, 0.002, 1.052, 0.980, 1.079, 0.975, 1.071, 0.976, 
