1.028, 0.009, 1.066, 1.080, 1.191, 0.974, 0.887, 1.044, 0.952, 
1.026, 0.006, 1.001, 1.112, 1.102, 0.903, 1.061, 1.073, 0.932, 
1.101, 0.008, 1.203, 1.168, 1.113, 0.917, 1.083, 1.068, 1.158, 
1.014, 0.005, 1.023, 1.099, 0.954, 1.060, 0.876, 1.008, 1.080, 
1.033, 0.001, 1.052, 1.040, 1.006, 1.050, 0.981, 1.014, 1.086, 
1.059, 0.005, 0.979, 1.204, 1.025, 1.090, 1.079, 1.006, 1.030, 
1.017, 0.002, 1.026, 0.978, 0.942, 1.012, 0.998, 1.077, 1.082, 
0.989, 0.004, 0.919, 0.936, 1.101, 1.000, 1.053, 0.956, 0.958, 
1.119, 0.012, 1.291, 1.114, 1.028, 1.206, 1.195, 1.043, 0.959, 
1.032, 0.001, 1.057, 1.040, 0.957, 1.064, 1.030, 1.063, 1.014, 
1.024, 0.004, 1.160, 0.990, 1.033, 0.996, 1.038, 0.969, 0.985, 
0.970, 0.013, 0.963, 0.938, 1.014, 0.751, 1.031, 1.120, 
