1.004, 0.003, 0.957, 1.024, 1.077, 1.038, 1.042, 0.990, 0.896, 
1.032, 0.002, 1.089, 0.994, 0.968, 1.033, 1.031, 1.009, 1.100, 
1.012, 0.003, 1.090, 1.045, 0.963, 1.037, 1.037, 0.903, 1.006, 
1.040, 0.001, 1.040, 1.045, 1.051, 1.051, 1.007, 0.985, 1.104, 
0.987, 0.002, 0.930, 1.006, 0.975, 1.061, 1.044, 0.950, 0.946, 
0.929, 0.032, 0.968, 1.020, 1.047, 0.994, 0.502, 0.944, 1.031, 
1.029, 0.001, 1.054, 0.996, 1.043, 1.021, 0.992, 1.023, 1.075, 
0.976, 0.003, 0.972, 0.915, 0.995, 0.973, 1.061, 0.881, 1.036, 
1.010, 0.003, 1.106, 0.907, 0.973, 1.016, 1.015, 1.044, 1.008, 
1.042, 0.008, 1.052, 1.216, 1.034, 0.967, 1.073, 1.039, 0.916, 
1.025, 0.002, 1.021, 1.035, 0.989, 1.075, 1.024, 0.940, 1.089, 
1.012, 0.001, 1.017, 1.049, 1.014, 1.025, 1.028, 0.941, 
