0.967, 0.003, 0.882, 0.941, 0.966, 1.062, 0.955, 1.003, 0.961, 
1.069, 0.004, 1.031, 1.126, 1.069, 0.945, 1.050, 1.108, 1.156, 
1.043, 0.021, 1.155, 0.790, 1.004, 0.975, 0.963, 1.177, 1.234, 
0.986, 0.004, 1.001, 1.068, 0.990, 1.054, 0.968, 0.885, 0.936, 
0.944, 0.002, 0.950, 0.958, 0.966, 1.008, 0.928, 0.858, 0.942, 
0.966, 0.001, 0.921, 0.946, 0.951, 0.970, 1.007, 1.014, 0.949, 
1.052, 0.007, 0.923, 1.142, 1.135, 1.047, 1.058, 0.942, 1.114, 
1.040, 0.022, 0.953, 0.811, 1.231, 0.995, 1.118, 0.934, 1.239, 
0.943, 0.003, 1.029, 0.888, 0.993, 0.875, 0.921, 0.950, 0.948, 
0.991, 0.012, 0.940, 1.212, 0.960, 1.036, 0.830, 0.985, 0.974, 
1.037, 0.015, 1.249, 1.001, 1.043, 1.024, 1.054, 0.798, 1.089, 
1.022, 0.003, 0.950, 1.040, 1.022, 0.979, 1.110, 1.029, 
