1.004, 0.029, 0.870, 0.986, 1.273, 1.022, 1.077, 1.101, 0.698, 
1.082, 0.012, 1.199, 1.022, 1.092, 0.960, 1.163, 0.919, 1.220, 
1.056, 0.018, 1.218, 0.999, 1.254, 0.945, 0.902, 0.932, 1.140, 
1.060, 0.021, 1.375, 0.929, 1.045, 1.015, 0.909, 1.019, 1.125, 
0.965, 0.014, 0.742, 0.926, 0.872, 1.082, 1.005, 1.056, 1.075, 
0.948, 0.017, 0.715, 1.036, 1.161, 0.840, 0.996, 0.958, 0.928, 
0.968, 0.012, 0.954, 0.799, 0.867, 1.072, 0.897, 1.105, 1.084, 
1.025, 0.013, 1.006, 0.875, 1.259, 0.941, 1.081, 0.988, 1.021, 
0.970, 0.022, 1.060, 0.717, 1.079, 1.208, 0.940, 0.879, 0.906, 
1.055, 0.032, 0.966, 1.438, 1.191, 0.968, 0.964, 0.897, 0.965, 
1.038, 0.002, 1.005, 1.109, 0.989, 0.988, 1.083, 1.023, 1.069, 
1.075, 0.010, 1.281, 1.106, 1.025, 1.047, 0.978, 1.010, 
