0.934, 0.015, 0.895, 0.852, 1.104, 1.137, 0.898, 0.856, 0.800, 
1.080, 0.022, 1.386, 0.956, 0.912, 1.039, 1.078, 1.175, 1.017, 
1.006, 0.003, 0.934, 1.064, 1.017, 1.065, 0.925, 0.985, 1.054, 
0.941, 0.002, 1.013, 0.968, 0.903, 0.900, 0.893, 0.927, 0.984, 
0.966, 0.005, 0.997, 0.976, 1.022, 1.061, 0.939, 0.939, 0.826, 
0.965, 0.016, 0.962, 1.077, 1.083, 0.880, 1.075, 0.965, 0.714, 
0.938, 0.015, 0.857, 0.914, 0.849, 1.123, 0.969, 0.758, 1.096, 
0.884, 0.011, 0.771, 0.863, 1.043, 0.918, 0.933, 0.713, 0.951, 
0.980, 0.032, 1.233, 0.936, 1.148, 1.132, 0.848, 0.835, 0.725, 
1.072, 0.017, 0.991, 1.070, 0.936, 1.094, 1.261, 1.247, 0.906, 
1.053, 0.055, 1.009, 0.904, 0.718, 1.093, 0.893, 1.308, 1.446, 
0.998, 0.006, 1.108, 1.019, 1.071, 0.957, 0.928, 0.902, 
