1.004, 0.003, 0.963, 1.037, 1.054, 1.065, 1.009, 1.006, 0.896, 
1.044, 0.001, 1.029, 1.011, 1.070, 1.018, 1.025, 1.055, 1.102, 
1.014, 0.001, 1.066, 1.022, 0.983, 1.031, 0.988, 0.960, 1.046, 
1.009, 0.001, 1.018, 1.053, 0.988, 0.982, 0.997, 0.979, 1.047, 
0.970, 0.003, 0.894, 0.970, 0.911, 1.044, 0.986, 1.021, 0.964, 
0.991, 0.001, 0.965, 1.035, 0.997, 0.983, 0.994, 0.949, 1.013, 
1.008, 0.006, 1.083, 0.954, 1.003, 1.123, 0.920, 0.901, 1.069, 
0.971, 0.003, 0.918, 0.909, 1.066, 0.950, 1.023, 0.926, 1.003, 
0.998, 0.002, 1.080, 0.967, 0.983, 1.071, 0.964, 0.974, 0.948, 
1.039, 0.003, 1.045, 1.103, 0.994, 0.995, 1.015, 1.125, 0.997, 
1.018, 0.001, 1.016, 0.983, 1.019, 1.046, 1.034, 0.975, 1.053, 
1.023, 0.000, 1.037, 0.988, 1.022, 1.026, 1.058, 1.008, 
