0.974, 0.002, 0.955, 0.963, 1.043, 0.992, 0.915, 
1.063, 0.002, 1.066, 1.137, 1.033, 1.034, 1.042, 
0.978, 0.004, 0.845, 0.984, 1.009, 1.036, 0.952, 1.043, 
1.012, 0.002, 1.074, 0.955, 1.020, 0.973, 1.052, 0.996, 
0.983, 0.010, 0.908, 0.827, 1.097, 1.065, 1.074, 0.929, 
0.990, 0.007, 1.126, 0.896, 0.993, 1.063, 0.973, 0.888, 
0.978, 0.003, 0.963, 0.890, 1.038, 0.981, 0.946, 1.049, 
1.063, 0.026, 0.828, 1.376, 1.090, 1.049, 1.009, 1.024, 
0.980, 0.004, 0.855, 0.993, 1.048, 0.960, 1.016, 1.006, 
1.051, 0.010, 1.105, 1.257, 0.967, 1.014, 0.955, 1.083, 0.978, 
1.029, 0.002, 0.971, 1.007, 1.065, 1.021, 1.047, 1.103, 0.989, 
1.062, 0.009, 1.212, 0.918, 1.053, 1.028, 1.098, 
