1.088, 0.009, 1.102, 1.090, 1.154, 1.258, 1.034, 1.046, 0.930, 
1.016, 0.006, 0.959, 1.065, 1.055, 1.053, 0.941, 1.132, 0.911, 
1.066, 0.002, 1.114, 1.109, 1.080, 0.992, 1.075, 1.039, 1.053, 
0.967, 0.003, 1.050, 0.928, 0.948, 0.942, 1.052, 0.910, 0.941, 
0.950, 0.003, 0.883, 0.958, 0.885, 1.013, 0.979, 1.022, 0.910, 
0.968, 0.007, 0.988, 0.942, 1.099, 0.854, 0.899, 1.063, 0.929, 
1.020, 0.002, 0.941, 1.004, 1.103, 1.044, 0.996, 1.044, 1.010, 
1.006, 0.008, 0.939, 0.903, 1.150, 1.000, 1.079, 0.902, 1.067, 
0.964, 0.008, 1.093, 0.826, 1.027, 0.950, 0.863, 1.031, 0.958, 
1.120, 0.021, 1.049, 1.414, 0.903, 1.200, 1.064, 1.105, 1.106, 
1.053, 0.006, 1.101, 0.889, 1.117, 1.108, 1.007, 1.088, 1.058, 
1.041, 0.005, 1.176, 0.965, 1.051, 1.060, 1.008, 0.987, 
