0.990, 0.004, 0.914, 1.051, 1.045, 1.053, 1.025, 0.943, 0.898, 
1.008, 0.001, 1.007, 1.028, 1.010, 0.953, 1.050, 0.993, 1.017, 
1.034, 0.004, 1.157, 0.947, 1.012, 1.015, 1.027, 1.015, 1.064, 
1.036, 0.003, 1.095, 1.111, 1.028, 1.035, 1.031, 0.936, 1.018, 
0.970, 0.002, 0.919, 1.004, 0.949, 0.932, 1.043, 0.959, 0.988, 
0.991, 0.001, 0.954, 0.977, 0.994, 1.020, 0.999, 0.951, 1.042, 
1.034, 0.001, 1.108, 1.009, 1.003, 1.030, 0.999, 1.016, 1.070, 
0.956, 0.001, 0.967, 0.934, 0.971, 0.952, 0.990, 0.917, 0.965, 
0.993, 0.003, 1.045, 0.900, 0.996, 1.037, 0.939, 1.043, 0.990, 
1.037, 0.004, 1.025, 1.083, 0.992, 1.061, 1.079, 1.115, 0.901, 
0.969, 0.002, 0.927, 0.904, 0.941, 0.989, 1.034, 0.962, 1.025, 
1.039, 0.000, 1.023, 1.056, 1.049, 1.014, 1.056, 1.034, 
