0.985, 0.005, 0.950, 1.018, 1.030, 1.090, 0.990, 0.952, 0.861, 
1.065, 0.006, 1.094, 1.047, 0.994, 1.061, 0.934, 1.171, 1.151, 
1.023, 0.000, 1.028, 1.029, 1.029, 1.039, 0.972, 1.035, 1.030, 
0.993, 0.004, 1.050, 1.021, 1.074, 0.978, 0.879, 0.956, 0.993, 
0.994, 0.002, 1.011, 0.958, 0.943, 1.022, 1.065, 0.995, 0.967, 
0.991, 0.003, 0.948, 0.965, 1.111, 0.955, 0.972, 0.988, 1.001, 
1.052, 0.003, 1.049, 0.962, 1.046, 1.062, 1.104, 1.140, 1.004, 
1.003, 0.003, 1.036, 1.015, 1.055, 1.014, 1.048, 0.980, 0.871, 
1.021, 0.003, 1.084, 0.924, 1.027, 1.058, 0.963, 1.033, 1.056, 
1.058, 0.009, 1.070, 1.130, 0.843, 1.057, 1.077, 1.174, 1.057, 
1.023, 0.002, 1.004, 1.042, 0.965, 1.047, 1.009, 1.109, 0.986, 
1.009, 0.002, 0.948, 1.090, 1.017, 1.045, 0.975, 0.979, 
