0.969, 0.018, 1.034, 1.024, 1.041, 1.182, 0.912, 0.823, 0.762, 
1.078, 0.012, 1.267, 1.138, 0.982, 1.155, 0.994, 0.936, 1.075, 
0.999, 0.007, 1.002, 1.038, 1.052, 1.113, 0.955, 1.001, 0.829, 
1.008, 0.006, 1.161, 0.904, 0.974, 1.037, 1.051, 1.007, 0.925, 
1.015, 0.013, 0.932, 1.037, 0.858, 1.233, 1.034, 0.922, 1.084, 
0.980, 0.022, 0.803, 1.129, 1.109, 0.767, 1.136, 1.045, 0.874, 
1.111, 0.021, 1.316, 1.298, 1.033, 1.046, 0.986, 0.914, 1.184, 
0.991, 0.008, 1.045, 0.796, 1.053, 0.961, 1.073, 0.954, 1.055, 
0.959, 0.013, 1.137, 0.873, 0.998, 0.928, 0.773, 0.935, 1.068, 
1.129, 0.004, 1.196, 1.168, 1.102, 1.230, 1.033, 1.103, 1.076, 
1.110, 0.016, 1.223, 1.248, 1.129, 1.048, 0.869, 1.212, 1.042, 
1.012, 0.005, 1.026, 1.022, 1.058, 1.007, 1.095, 0.863, 
