0.951, 0.007, 0.911, 0.946, 1.073, 1.075, 0.860, 0.887, 0.904, 
0.977, 0.004, 0.960, 1.042, 1.004, 0.860, 1.041, 1.002, 0.933, 
1.019, 0.003, 1.099, 1.017, 1.015, 0.942, 1.005, 0.969, 1.088, 
1.055, 0.008, 1.180, 1.177, 1.070, 1.019, 0.990, 1.013, 0.934, 
0.983, 0.005, 0.975, 1.017, 1.069, 0.904, 0.890, 0.950, 1.079, 
1.024, 0.004, 0.969, 1.150, 1.069, 1.017, 1.019, 0.942, 1.000, 
1.011, 0.001, 1.030, 0.970, 1.047, 1.074, 0.987, 0.972, 0.996, 
0.945, 0.002, 0.894, 1.024, 0.965, 0.879, 0.926, 0.981, 0.942, 
1.013, 0.009, 1.122, 0.848, 1.071, 1.037, 1.115, 0.925, 0.973, 
0.994, 0.002, 1.014, 1.006, 0.988, 1.047, 1.054, 0.907, 0.941, 
1.049, 0.003, 1.065, 0.978, 1.053, 1.169, 1.017, 1.065, 0.998, 
1.042, 0.005, 1.133, 1.097, 0.945, 0.968, 1.023, 1.083, 
