0.976, 0.010, 1.019, 0.959, 1.186, 0.969, 0.932, 0.918, 0.848, 
1.107, 0.005, 1.035, 1.019, 1.156, 1.083, 1.173, 1.216, 1.070, 
1.053, 0.002, 1.101, 1.050, 0.996, 1.045, 1.029, 1.034, 1.116, 
1.066, 0.003, 1.087, 1.188, 1.041, 1.060, 0.998, 1.025, 1.058, 
0.959, 0.005, 0.911, 0.932, 0.834, 1.057, 1.007, 1.030, 0.946, 
0.975, 0.004, 1.025, 1.029, 0.963, 0.991, 1.004, 0.978, 0.836, 
1.039, 0.009, 1.196, 0.920, 1.086, 1.054, 0.912, 0.991, 1.112, 
0.972, 0.011, 0.918, 0.757, 1.070, 0.987, 1.042, 0.953, 1.079, 
0.993, 0.012, 1.188, 0.846, 0.979, 1.074, 0.891, 0.926, 1.050, 
1.053, 0.014, 1.033, 1.297, 1.011, 1.024, 1.050, 1.082, 0.872, 
1.018, 0.002, 1.068, 0.937, 1.041, 1.018, 1.068, 0.952, 1.043, 
1.037, 0.006, 1.200, 0.958, 1.028, 1.043, 1.030, 0.963, 
