1.021, 0.007, 1.030, 1.029, 1.157, 1.108, 0.997, 0.906, 0.920, 
1.062, 0.002, 1.066, 1.085, 1.111, 1.040, 1.067, 1.100, 0.964, 
1.029, 0.001, 1.077, 1.018, 1.028, 1.068, 1.056, 0.999, 0.959, 
0.970, 0.002, 1.024, 1.005, 0.984, 0.993, 0.896, 0.994, 0.890, 
0.942, 0.011, 0.746, 0.937, 0.898, 1.097, 0.910, 0.962, 1.046, 
0.946, 0.006, 0.858, 0.976, 1.019, 0.945, 1.037, 0.983, 0.803, 
1.015, 0.008, 1.053, 1.020, 0.987, 1.158, 0.860, 0.939, 1.091, 
0.954, 0.004, 0.953, 0.848, 1.016, 0.946, 1.006, 0.887, 1.021, 
1.001, 0.013, 1.177, 0.827, 1.112, 1.084, 0.927, 0.917, 0.962, 
1.035, 0.009, 1.045, 1.113, 1.009, 1.191, 0.924, 1.069, 0.891, 
1.032, 0.005, 1.067, 0.959, 0.961, 1.028, 1.014, 1.014, 1.181, 
1.005, 0.012, 1.134, 0.979, 1.076, 1.018, 1.045, 0.780, 
