0.988, 0.014, 0.975, 1.006, 1.233, 1.050, 0.895, 0.897, 0.859, 
1.043, 0.004, 1.014, 0.964, 0.967, 1.023, 1.093, 1.144, 1.093, 
1.073, 0.011, 1.202, 0.952, 1.095, 1.145, 1.025, 0.905, 1.186, 
0.972, 0.007, 1.155, 0.924, 0.982, 0.927, 0.859, 0.986, 0.970, 
0.973, 0.014, 0.726, 0.937, 0.925, 1.122, 1.042, 1.045, 1.016, 
0.997, 0.010, 0.817, 0.880, 1.114, 1.048, 1.021, 1.093, 1.009, 
0.978, 0.005, 1.016, 0.869, 0.998, 1.062, 0.929, 0.920, 1.052, 
0.981, 0.008, 0.823, 0.968, 1.130, 0.946, 1.028, 0.927, 1.044, 
1.022, 0.016, 1.212, 0.879, 1.122, 1.147, 0.897, 0.925, 0.971, 
1.080, 0.013, 0.927, 1.236, 0.982, 1.135, 0.963, 1.111, 1.202, 
1.044, 0.010, 1.050, 0.817, 1.106, 1.024, 1.173, 1.067, 1.068, 
1.075, 0.043, 1.433, 1.174, 1.190, 0.884, 0.881, 0.886, 
