0.941, 0.007, 1.002, 0.983, 0.978, 0.802, 
1.035, 0.001, 1.007, 1.000, 1.098, 1.035, 
1.014, 0.001, 1.039, 0.952, 1.019, 1.045, 
0.993, 0.001, 1.031, 0.963, 1.014, 0.966, 
1.024, 0.000, 0.993, 1.024, 1.040, 1.038, 
1.007, 0.001, 0.999, 1.042, 0.962, 1.023, 
1.001, 0.003, 1.010, 0.983, 0.935, 1.074, 
1.016, 0.001, 0.958, 1.027, 1.063, 1.016, 
0.954, 0.001, 1.005, 0.933, 0.934, 0.944, 
0.987, 0.001, 1.019, 0.954, 0.995, 0.979, 
1.030, 0.003, 0.995, 0.958, 1.088, 1.078, 
0.976, 0.002, 1.037, 1.002, 0.945, 0.920, 
