1.026, 0.009, 1.021, 1.025, 1.194, 1.106, 0.884, 0.942, 1.008, 
0.971, 0.006, 0.906, 1.079, 0.838, 0.970, 0.969, 0.996, 1.042, 
1.052, 0.010, 1.134, 1.241, 0.936, 1.015, 0.957, 1.058, 1.022, 
1.014, 0.008, 1.213, 0.902, 0.974, 0.990, 0.999, 1.041, 0.979, 
0.975, 0.006, 1.118, 0.909, 0.925, 0.981, 0.875, 1.001, 1.019, 
1.077, 0.001, 1.050, 1.144, 1.112, 1.077, 1.067, 1.072, 1.015, 
1.008, 0.003, 0.992, 1.051, 0.938, 1.104, 0.924, 1.030, 1.018, 
1.004, 0.004, 0.942, 1.041, 0.927, 1.011, 1.108, 0.962, 1.035, 
1.036, 0.001, 1.056, 1.040, 1.084, 1.009, 1.011, 1.022, 1.029, 
1.016, 0.002, 0.980, 1.043, 0.995, 0.995, 1.105, 0.984, 1.007, 
1.035, 0.004, 0.994, 1.103, 1.048, 1.155, 0.992, 0.951, 0.999, 
1.037, 0.002, 0.994, 1.065, 1.022, 1.102, 1.065, 0.973, 
