1.034, 0.007, 1.076, 1.164, 1.082, 1.091, 0.932, 0.937, 0.955, 
0.975, 0.014, 1.178, 0.806, 0.859, 1.078, 0.939, 0.930, 1.033, 
0.994, 0.014, 1.153, 1.012, 1.079, 0.921, 0.895, 0.803, 1.097, 
1.028, 0.003, 1.085, 1.039, 0.971, 1.015, 0.943, 1.079, 1.063, 
0.943, 0.001, 0.929, 0.959, 0.919, 0.996, 0.930, 0.949, 0.919, 
0.995, 0.003, 0.991, 1.010, 1.092, 0.932, 1.022, 1.006, 0.913, 
0.953, 0.006, 0.941, 0.975, 0.910, 1.031, 0.824, 0.924, 1.070, 
1.015, 0.014, 0.865, 0.933, 1.030, 1.015, 1.274, 0.976, 1.013, 
0.984, 0.014, 1.175, 0.826, 1.029, 1.069, 0.835, 1.022, 0.930, 
1.038, 0.009, 0.938, 1.187, 0.979, 1.025, 1.066, 1.150, 0.924, 
1.040, 0.006, 0.964, 1.066, 0.996, 1.076, 1.116, 0.910, 1.150, 
1.094, 0.008, 1.133, 1.200, 1.033, 1.065, 1.187, 0.946, 
