1.126, 0.049, 1.633, 0.980, 1.127, 1.113, 1.115, 1.023, 0.894, 
1.046, 0.011, 1.101, 0.917, 1.154, 0.903, 0.981, 1.180, 1.083, 
1.203, 0.174, 2.215, 1.109, 0.966, 1.055, 0.997, 0.958, 1.118, 
1.024, 0.026, 1.384, 0.970, 0.818, 0.975, 0.948, 1.015, 1.056, 
0.942, 0.015, 0.735, 0.874, 0.848, 1.136, 1.049, 0.963, 0.989, 
0.958, 0.003, 0.999, 0.994, 0.899, 0.971, 1.033, 0.919, 0.894, 
1.012, 0.011, 1.104, 0.820, 1.014, 0.970, 0.937, 1.090, 1.150, 
0.938, 0.014, 0.746, 0.792, 1.005, 1.074, 1.046, 0.909, 0.996, 
1.016, 0.020, 1.283, 0.843, 1.056, 1.098, 0.944, 0.866, 1.020, 
1.001, 0.052, 1.017, 1.462, 0.879, 1.007, 0.744, 1.124, 0.774, 
1.110, 0.009, 1.314, 1.021, 1.141, 1.017, 1.087, 1.073, 1.118, 
1.083, 0.006, 1.125, 1.128, 1.123, 1.030, 1.159, 0.937, 
