1.030, 0.004, 1.103, 1.038, 1.119, 1.041, 0.972, 0.990, 0.943, 
0.996, 0.005, 1.080, 0.989, 0.912, 1.022, 0.975, 0.903, 1.093, 
1.059, 0.003, 1.074, 1.073, 1.086, 1.107, 0.963, 0.992, 1.119, 
0.998, 0.003, 0.929, 1.046, 0.931, 1.067, 0.947, 1.016, 1.052, 
1.003, 0.004, 0.918, 1.006, 0.940, 1.097, 1.096, 0.979, 0.984, 
1.043, 0.007, 0.916, 1.059, 1.139, 0.924, 1.079, 1.109, 1.075, 
1.031, 0.008, 1.089, 0.977, 1.078, 1.098, 0.911, 0.919, 1.146, 
0.947, 0.005, 0.986, 0.800, 0.973, 0.947, 1.027, 0.911, 0.982, 
1.006, 0.007, 1.054, 0.854, 1.039, 1.037, 0.903, 1.058, 1.101, 
1.090, 0.012, 0.992, 1.284, 1.008, 1.140, 1.028, 1.193, 0.987, 
1.040, 0.003, 1.035, 0.998, 1.062, 1.035, 1.003, 0.986, 1.159, 
1.011, 0.011, 1.151, 1.011, 1.096, 1.006, 0.810, 0.992, 
