0.939, 0.003, 0.926, 0.908, 0.935, 0.983, 0.912, 1.052, 0.859, 
1.065, 0.001, 1.108, 1.104, 1.081, 1.023, 1.082, 1.018, 1.040, 
1.087, 0.008, 1.232, 1.110, 0.966, 1.143, 1.150, 0.979, 1.026, 
1.037, 0.005, 1.121, 1.087, 1.036, 1.052, 0.937, 0.939, 1.087, 
0.982, 0.005, 0.991, 0.919, 0.916, 1.019, 1.074, 1.061, 0.895, 
0.981, 0.005, 0.852, 0.944, 0.944, 1.031, 1.072, 1.043, 0.983, 
1.018, 0.001, 1.060, 1.025, 1.014, 1.031, 0.941, 1.027, 1.030, 
0.998, 0.007, 0.967, 0.939, 1.183, 0.979, 1.016, 0.902, 0.999, 
1.030, 0.007, 1.212, 0.957, 1.066, 0.996, 1.015, 1.009, 0.954, 
1.008, 0.008, 1.013, 1.205, 1.045, 0.939, 0.969, 0.966, 0.916, 
1.031, 0.008, 1.020, 1.001, 0.962, 1.119, 1.150, 0.868, 1.096, 
1.003, 0.002, 1.065, 1.044, 0.959, 0.992, 1.032, 0.927, 
