0.954, 0.002, 1.007, 0.898, 1.024, 0.986, 0.946, 0.915, 0.905, 
1.031, 0.004, 1.139, 0.943, 1.017, 0.975, 1.003, 1.078, 1.065, 
1.037, 0.003, 1.097, 1.065, 0.966, 1.060, 0.945, 1.039, 1.086, 
1.006, 0.004, 1.032, 1.082, 0.980, 0.910, 1.060, 0.935, 1.044, 
0.996, 0.006, 0.867, 0.939, 0.926, 1.103, 1.022, 1.074, 1.040, 
1.021, 0.004, 0.910, 1.035, 0.985, 1.035, 1.120, 1.067, 0.996, 
0.995, 0.007, 1.138, 1.004, 0.886, 1.012, 0.994, 0.889, 1.043, 
0.981, 0.005, 0.870, 0.950, 1.041, 0.956, 1.042, 0.923, 1.082, 
0.985, 0.011, 1.206, 0.874, 0.968, 1.052, 0.907, 0.900, 0.987, 
1.050, 0.010, 0.989, 1.244, 0.984, 0.996, 1.062, 1.133, 0.945, 
1.093, 0.003, 1.092, 1.207, 1.075, 1.058, 1.026, 1.099, 1.089, 
1.031, 0.002, 1.099, 1.025, 1.029, 1.071, 0.968, 0.997, 
