0.988, 0.003, 1.041, 0.949, 1.056, 1.026, 0.969, 0.995, 0.881, 
1.089, 0.001, 1.096, 1.062, 1.104, 1.072, 1.023, 1.108, 1.156, 
1.036, 0.002, 1.101, 1.027, 1.039, 1.080, 0.998, 0.983, 1.024, 
1.002, 0.004, 1.038, 1.080, 1.096, 0.943, 0.964, 0.949, 0.944, 
0.972, 0.002, 0.872, 1.003, 0.987, 0.980, 1.028, 0.992, 0.944, 
0.988, 0.003, 0.880, 0.994, 1.029, 0.972, 1.023, 0.969, 1.047, 
1.053, 0.005, 1.221, 1.039, 1.005, 1.081, 1.008, 0.998, 1.023, 
0.974, 0.002, 0.912, 0.942, 0.998, 0.955, 1.056, 0.936, 1.019, 
1.001, 0.006, 1.170, 0.921, 1.015, 1.026, 0.994, 0.936, 0.945, 
1.049, 0.007, 1.041, 1.173, 0.963, 1.094, 0.958, 1.148, 0.966, 
1.021, 0.003, 0.990, 1.055, 0.964, 1.078, 1.073, 0.934, 1.052, 
1.036, 0.002, 1.029, 1.092, 1.079, 1.020, 1.038, 0.958, 
