0.983, 0.005, 0.913, 1.052, 1.012, 1.098, 0.915, 1.006, 0.888, 
1.030, 0.002, 1.109, 0.981, 1.026, 1.037, 1.041, 1.041, 0.977, 
1.038, 0.000, 1.013, 1.059, 1.046, 1.059, 1.021, 1.022, 1.045, 
0.989, 0.001, 0.965, 1.013, 1.000, 1.017, 1.011, 1.001, 0.917, 
0.999, 0.002, 0.977, 0.955, 0.940, 1.021, 1.031, 1.014, 1.055, 
0.976, 0.001, 0.937, 0.954, 1.013, 0.960, 1.011, 0.996, 0.962, 
1.021, 0.002, 1.084, 0.955, 0.999, 1.037, 1.000, 1.019, 1.056, 
1.013, 0.002, 1.001, 1.016, 1.109, 0.944, 1.039, 0.989, 0.997, 
1.020, 0.007, 1.195, 0.920, 1.048, 1.035, 0.972, 0.981, 0.992, 
1.040, 0.004, 0.991, 1.178, 1.024, 1.002, 1.014, 1.058, 1.012, 
1.010, 0.003, 0.946, 0.950, 0.991, 1.032, 1.055, 1.003, 1.095, 
1.024, 0.002, 1.102, 0.999, 1.025, 1.015, 0.971, 1.033, 
