0.961, 0.009, 0.947, 1.148, 0.968, 1.014, 0.834, 0.927, 0.893, 
0.950, 0.005, 0.833, 0.903, 1.092, 0.956, 0.980, 0.942, 0.947, 
1.055, 0.010, 1.020, 1.159, 1.046, 1.102, 0.828, 1.105, 1.126, 
1.015, 0.007, 1.042, 0.869, 0.988, 1.112, 1.035, 0.933, 1.125, 
0.976, 0.003, 0.927, 1.007, 0.972, 0.921, 1.091, 0.976, 0.938, 
1.032, 0.002, 1.042, 0.991, 0.980, 1.103, 1.078, 1.001, 1.029, 
0.985, 0.003, 1.028, 0.943, 0.996, 1.037, 0.905, 0.919, 1.066, 
0.977, 0.002, 0.888, 0.959, 0.933, 1.021, 1.028, 0.989, 1.022, 
1.042, 0.013, 1.292, 0.951, 1.048, 1.075, 0.942, 0.962, 1.024, 
1.045, 0.004, 1.004, 1.103, 0.979, 1.070, 1.124, 1.083, 0.952, 
1.018, 0.011, 1.039, 0.823, 0.968, 1.079, 1.150, 1.118, 0.948, 
1.098, 0.013, 1.043, 1.165, 1.194, 0.961, 1.258, 0.969, 
