0.964, 0.058, 0.545, 1.226, 1.333, 0.953, 0.967, 0.912, 0.811, 
1.096, 0.015, 1.229, 0.892, 1.068, 1.049, 1.023, 1.295, 1.116, 
0.988, 0.005, 1.059, 0.893, 1.019, 0.989, 1.031, 1.057, 0.865, 
1.033, 0.012, 1.088, 1.202, 1.165, 0.930, 0.938, 0.997, 0.909, 
0.895, 0.034, 0.765, 1.129, 0.854, 0.759, 1.056, 1.093, 0.609, 
1.075, 0.018, 1.221, 1.232, 0.984, 1.059, 1.164, 0.826, 1.040, 
1.038, 0.016, 1.131, 1.116, 1.012, 0.839, 0.935, 0.979, 1.251, 
0.975, 0.018, 1.002, 0.954, 0.693, 0.983, 1.110, 0.948, 1.137, 
1.011, 0.043, 1.396, 0.661, 1.108, 1.001, 0.924, 0.920, 1.069, 
1.199, 0.079, 1.735, 1.367, 0.871, 1.059, 1.196, 1.289, 0.879, 
0.958, 0.011, 0.933, 0.840, 0.986, 0.885, 0.871, 1.169, 1.019, 
0.997, 0.034, 1.039, 0.613, 0.997, 1.031, 1.211, 1.094, 
