0.903, 0.012, 0.851, 0.965, 1.086, 0.925, 0.964, 0.772, 0.761, 
1.026, 0.011, 0.994, 1.009, 0.902, 0.977, 0.971, 1.076, 1.252, 
1.142, 0.030, 1.158, 1.205, 0.998, 1.191, 1.049, 0.903, 1.487, 
0.961, 0.018, 0.987, 0.916, 0.887, 0.878, 0.900, 0.878, 1.283, 
1.079, 0.083, 0.841, 0.996, 0.801, 1.284, 0.905, 1.683, 1.043, 
0.989, 0.005, 0.890, 0.964, 0.938, 0.957, 1.061, 0.985, 1.127, 
0.970, 0.019, 1.088, 0.960, 0.950, 1.131, 0.881, 0.698, 1.082, 
0.921, 0.013, 0.850, 0.790, 1.005, 0.938, 1.070, 1.034, 0.758, 
0.970, 0.017, 1.045, 0.821, 1.086, 1.076, 0.873, 0.776, 1.115, 
1.050, 0.010, 0.958, 1.279, 1.059, 1.056, 0.973, 0.991, 1.033, 
0.999, 0.012, 0.950, 1.114, 1.065, 0.928, 0.815, 1.155, 0.966, 
1.117, 0.012, 1.343, 1.074, 1.113, 1.048, 1.111, 1.010, 
