1.007, 0.006, 1.096, 1.095, 0.979, 0.952, 0.911, 
1.169, 0.048, 1.345, 1.319, 1.380, 0.904, 0.898, 
1.010, 0.014, 0.963, 0.982, 0.851, 1.214, 1.039, 
0.900, 0.020, 0.651, 0.991, 0.915, 0.875, 1.065, 
0.983, 0.030, 0.708, 1.063, 0.866, 1.190, 1.088, 
0.923, 0.002, 0.903, 0.850, 0.943, 0.968, 0.953, 
0.901, 0.042, 0.552, 0.988, 0.909, 0.869, 1.188, 
0.979, 0.000, 0.987, 0.961, 0.987, 1.001, 0.960, 
1.027, 0.022, 0.975, 1.311, 0.918, 0.898, 1.034, 
0.945, 0.006, 0.829, 0.959, 0.891, 1.058, 0.985, 
1.103, 0.004, 1.121, 1.218, 1.063, 1.094, 1.019, 
0.991, 0.003, 1.018, 0.937, 0.914, 1.061, 1.024, 
