0.983, 0.011, 1.035, 0.830, 1.030, 1.071, 0.817, 0.990, 1.112, 
1.106, 0.003, 1.210, 1.117, 1.115, 1.067, 1.097, 1.004, 1.131, 
1.075, 0.016, 1.346, 0.971, 1.175, 1.006, 1.025, 1.033, 0.972, 
0.997, 0.021, 0.933, 1.138, 1.007, 1.247, 0.991, 0.795, 0.870, 
0.999, 0.009, 0.910, 1.065, 0.979, 1.098, 1.129, 0.942, 0.867, 
0.957, 0.005, 0.958, 0.881, 1.093, 0.899, 1.007, 0.902, 0.960, 
1.038, 0.007, 1.110, 1.057, 0.948, 0.972, 0.992, 0.986, 1.201, 
0.914, 0.017, 0.822, 0.727, 0.848, 0.954, 1.167, 0.897, 0.984, 
0.978, 0.042, 1.387, 0.947, 0.898, 1.042, 0.866, 0.662, 1.047, 
1.153, 0.012, 1.217, 1.302, 0.955, 1.055, 1.191, 1.122, 1.232, 
1.021, 0.010, 1.207, 1.008, 0.941, 0.964, 1.066, 0.884, 1.079, 
1.016, 0.015, 0.881, 1.240, 0.906, 0.949, 1.082, 1.038, 
