[[  0.  16.  11.]
 [  0.  23.  16.]
 [  0.  15.  19.]]
cf_score, 31.0
nv_score, -19.0
ratio, 0.424242424242
[[ 18.   2.  16.]
 [  7.   3.  18.]
 [  4.   0.  32.]]
cf_score, 33.0
nv_score, -18.0
ratio, 0.535353535354
[[ 24.   5.   9.]
 [  7.   5.  16.]
 [  8.   4.  22.]]
cf_score, 34.0
nv_score, -12.0
ratio, 0.515151515152
[[ 13.   8.   9.]
 [ 19.   6.  11.]
 [  5.   5.  24.]]
cf_score, 29.0
nv_score, -5.0
ratio, 0.434343434343
[[ 16.  11.  10.]
 [  7.   8.  16.]
 [  4.   5.  23.]]
cf_score, 33.0
nv_score, -13.0
ratio, 0.474747474747
[[ 14.   2.   9.]
 [ 13.  12.  13.]
 [  3.   7.  27.]]
cf_score, 41.0
nv_score, -4.0
ratio, 0.535353535354
[[ 20.  12.   4.]
 [  8.   7.  23.]
 [  6.   3.  17.]]
cf_score, 34.0
nv_score, -14.0
ratio, 0.444444444444
[[ 21.   6.   8.]
 [  8.  10.  15.]
 [  3.   6.  23.]]
cf_score, 43.0
nv_score, -8.0
ratio, 0.545454545455
[[ 17.  11.  11.]
 [  8.  13.   7.]
 [  2.  11.  20.]]
cf_score, 37.0
nv_score, -9.0
ratio, 0.505050505051
[[ 24.   7.   7.]
 [  6.  15.  12.]
 [  4.   6.  19.]]
cf_score, 47.0
nv_score, -7.0
ratio, 0.585858585859
[[ 16.   8.  10.]
 [  6.  15.  11.]
 [  3.  11.  20.]]
cf_score, 38.0
nv_score, -11.0
ratio, 0.515151515152
[[ 24.   7.   4.]
 [ 10.  15.   5.]
 [  3.  12.  20.]]
cf_score, 52.0
nv_score, 7.0
ratio, 0.59595959596
[[ 20.   4.   7.]
 [  6.  18.   9.]
 [  4.  13.  19.]]
cf_score, 46.0
nv_score, -4.0
ratio, 0.575757575758
[[ 23.   9.   7.]
 [  6.  13.  10.]
 [  8.   7.  17.]]
cf_score, 38.0
nv_score, -7.0
ratio, 0.535353535354
[[ 12.  10.   7.]
 [  9.  19.   8.]
 [  2.   7.  26.]]
cf_score, 48.0
nv_score, 4.0
ratio, 0.575757575758
[[ 11.   8.  20.]
 [  4.  15.   8.]
 [  3.   7.  24.]]
cf_score, 27.0
nv_score, -24.0
ratio, 0.505050505051
[[ 13.   5.   9.]
 [ 11.  21.   5.]
 [  6.  12.  18.]]
cf_score, 37.0
nv_score, -5.0
ratio, 0.525252525253
[[  9.   7.  10.]
 [ 11.  13.   9.]
 [  1.  11.  29.]]
cf_score, 40.0
nv_score, 0.0
ratio, 0.515151515152
[[ 15.   5.  10.]
 [  5.  24.   7.]
 [  8.  11.  15.]]
cf_score, 36.0
nv_score, -12.0
ratio, 0.545454545455
[[ 15.   8.  11.]
 [  6.  17.   8.]
 [  6.  13.  16.]]
cf_score, 31.0
nv_score, -14.0
ratio, 0.484848484848
[[ 12.   9.  13.]
 [  3.  16.  11.]
 [  5.  12.  19.]]
cf_score, 29.0
nv_score, -18.0
ratio, 0.474747474747
[[ 14.  12.   9.]
 [  7.   4.  18.]
 [  3.   8.  25.]]
cf_score, 31.0
nv_score, -11.0
ratio, 0.434343434343
[[ 25.  12.   6.]
 [  6.  16.  11.]
 [  4.  13.   7.]]
cf_score, 38.0
nv_score, -16.0
ratio, 0.484848484848
[[ 17.   9.   3.]
 [  8.  12.   8.]
 [  7.  12.  24.]]
cf_score, 43.0
nv_score, 10.0
ratio, 0.535353535354
[[ 10.  13.   6.]
 [  7.  18.  12.]
 [  4.  10.  20.]]
cf_score, 38.0
nv_score, -4.0
ratio, 0.484848484848
[[ 17.  15.   7.]
 [  5.  18.   7.]
 [  3.  10.  18.]]
cf_score, 43.0
nv_score, -3.0
ratio, 0.535353535354
[[  9.   9.  10.]
 [  8.  18.   8.]
 [  3.  12.  23.]]
cf_score, 37.0
nv_score, -5.0
ratio, 0.505050505051
[[ 14.   6.   6.]
 [  4.  16.  10.]
 [  5.  13.  26.]]
cf_score, 45.0
nv_score, 4.0
ratio, 0.565656565657
[[ 12.   7.  14.]
 [  3.  19.   8.]
 [  8.  10.  19.]]
cf_score, 28.0
nv_score, -17.0
ratio, 0.505050505051
[[ 18.   8.  12.]
 [  8.  18.   2.]
 [  2.  13.  19.]]
cf_score, 41.0
nv_score, -7.0
ratio, 0.555555555556
[[ 13.   8.   9.]
 [  7.  13.   5.]
 [  4.  23.  18.]]
cf_score, 31.0
nv_score, -5.0
ratio, 0.444444444444
[[ 10.  12.   6.]
 [  3.  23.   7.]
 [  3.  16.  20.]]
cf_score, 44.0
nv_score, 1.0
ratio, 0.535353535354
[[ 21.   4.  12.]
 [  7.  14.   7.]
 [  4.  10.  21.]]
cf_score, 40.0
nv_score, -10.0
ratio, 0.565656565657
[[ 13.  12.   4.]
 [  8.  21.  13.]
 [  5.   9.  15.]]
cf_score, 40.0
nv_score, -6.0
ratio, 0.494949494949
[[  9.   9.   7.]
 [  8.  21.   7.]
 [  4.  11.  24.]]
cf_score, 43.0
nv_score, 3.0
ratio, 0.545454545455
[[ 18.  10.  10.]
 [  4.  17.  11.]
 [  3.  10.  17.]]
cf_score, 39.0
nv_score, -14.0
ratio, 0.525252525253
[[ 12.   9.  10.]
 [  7.  17.   6.]
 [  8.   9.  22.]]
cf_score, 33.0
nv_score, -4.0
ratio, 0.515151515152
[[ 17.   6.   5.]
 [ 13.  11.  15.]
 [  3.  11.  19.]]
cf_score, 39.0
nv_score, -6.0
ratio, 0.474747474747
[[ 20.  13.   8.]
 [  6.  15.   5.]
 [  5.  11.  17.]]
cf_score, 39.0
nv_score, -4.0
ratio, 0.525252525253
[[ 17.   7.  16.]
 [  8.  14.   6.]
 [  7.   8.  17.]]
cf_score, 25.0
nv_score, -21.0
ratio, 0.484848484848
[[ 17.   5.  12.]
 [  7.  19.   7.]
 [  5.  10.  18.]]
cf_score, 37.0
nv_score, -13.0
ratio, 0.545454545455
[[  8.  10.  10.]
 [  6.  16.   7.]
 [  4.  10.  29.]]
cf_score, 39.0
nv_score, 2.0
ratio, 0.535353535354
[[ 16.   2.   8.]
 [  9.  20.  10.]
 [  8.  15.  12.]]
cf_score, 32.0
nv_score, -14.0
ratio, 0.484848484848
[[  9.  10.   8.]
 [  5.  12.  17.]
 [  5.  17.  17.]]
cf_score, 25.0
nv_score, -16.0
ratio, 0.383838383838
[[ 12.  12.  10.]
 [  4.  21.  12.]
 [  5.   5.  19.]]
cf_score, 37.0
nv_score, -13.0
ratio, 0.525252525253
[[ 12.  16.   3.]
 [  3.  23.  11.]
 [  4.   5.  23.]]
cf_score, 51.0
nv_score, 6.0
ratio, 0.585858585859
[[ 15.  10.   9.]
 [  2.  19.  10.]
 [  3.   7.  25.]]
cf_score, 47.0
nv_score, -3.0
ratio, 0.59595959596
[[ 15.   8.  10.]
 [  6.  14.  12.]
 [  4.  19.  12.]]
cf_score, 27.0
nv_score, -20.0
ratio, 0.414141414141
[[ 14.  11.  10.]
 [  4.  17.   9.]
 [  5.   7.  23.]]
cf_score, 39.0
nv_score, -6.0
ratio, 0.545454545455
[[ 13.  12.  13.]
 [  9.  13.  10.]
 [  2.  13.  15.]]
cf_score, 26.0
nv_score, -21.0
ratio, 0.414141414141
