Loading Model: level_list/m1_100/tick_list/AGM/class/models/model.h5
history_filename: history_recent/AGM/history.json
Yesterday        : 2017-09-06: OHLCV: 67.0600, 67.0600, 64.0900, 64.5100, 47896
UberYesterday    : 2017-09-05: OHLCV: 67.0600, 67.1000, 64.9300, 65.2400, 66550
[u'67.0600', u'67.0600', u'64.0900', u'64.5100', u'47896']
[u'67.0600', u'67.1000', u'64.9300', u'65.2400', u'66550']
question_base :[67.06, 67.1, 64.93, 65.24, 67.06, 67.06, 64.09, 64.51]
58.059: [67.060, 67.100, 64.930, 65.240, 67.060, 67.060, 64.090, 64.510, 58.059][0.194, 0.197, 0.609]
58.38155: [67.060, 67.100, 64.930, 65.240, 67.060, 67.060, 64.090, 64.510, 58.382][0.194, 0.197, 0.609]
58.7041: [67.060, 67.100, 64.930, 65.240, 67.060, 67.060, 64.090, 64.510, 58.704][0.194, 0.197, 0.609]
59.02665: [67.060, 67.100, 64.930, 65.240, 67.060, 67.060, 64.090, 64.510, 59.027][0.194, 0.197, 0.609]
59.3492: [67.060, 67.100, 64.930, 65.240, 67.060, 67.060, 64.090, 64.510, 59.349][0.194, 0.197, 0.609]
59.67175: [67.060, 67.100, 64.930, 65.240, 67.060, 67.060, 64.090, 64.510, 59.672][0.194, 0.197, 0.609]
59.9943: [67.060, 67.100, 64.930, 65.240, 67.060, 67.060, 64.090, 64.510, 59.994][0.194, 0.197, 0.609]
60.31685: [67.060, 67.100, 64.930, 65.240, 67.060, 67.060, 64.090, 64.510, 60.317][0.194, 0.197, 0.609]
60.6394: [67.060, 67.100, 64.930, 65.240, 67.060, 67.060, 64.090, 64.510, 60.639][0.194, 0.197, 0.609]
60.96195: [67.060, 67.100, 64.930, 65.240, 67.060, 67.060, 64.090, 64.510, 60.962][0.194, 0.197, 0.609]
61.2845: [67.060, 67.100, 64.930, 65.240, 67.060, 67.060, 64.090, 64.510, 61.285][0.194, 0.197, 0.609]
61.60705: [67.060, 67.100, 64.930, 65.240, 67.060, 67.060, 64.090, 64.510, 61.607][0.194, 0.197, 0.609]
61.9296: [67.060, 67.100, 64.930, 65.240, 67.060, 67.060, 64.090, 64.510, 61.930][0.194, 0.197, 0.609]
62.25215: [67.060, 67.100, 64.930, 65.240, 67.060, 67.060, 64.090, 64.510, 62.252][0.194, 0.197, 0.609]
62.5747: [67.060, 67.100, 64.930, 65.240, 67.060, 67.060, 64.090, 64.510, 62.575][0.194, 0.198, 0.609]
62.89725: [67.060, 67.100, 64.930, 65.240, 67.060, 67.060, 64.090, 64.510, 62.897][0.194, 0.198, 0.609]
63.2198: [67.060, 67.100, 64.930, 65.240, 67.060, 67.060, 64.090, 64.510, 63.220][0.194, 0.198, 0.608]
63.54235: [67.060, 67.100, 64.930, 65.240, 67.060, 67.060, 64.090, 64.510, 63.542][0.194, 0.198, 0.608]
63.8649: [67.060, 67.100, 64.930, 65.240, 67.060, 67.060, 64.090, 64.510, 63.865][0.194, 0.199, 0.607]
64.18745: [67.060, 67.100, 64.930, 65.240, 67.060, 67.060, 64.090, 64.510, 64.187][0.195, 0.202, 0.603]
64.51: [67.060, 67.100, 64.930, 65.240, 67.060, 67.060, 64.090, 64.510, 64.510][0.197, 0.217, 0.586]
64.83255: [67.060, 67.100, 64.930, 65.240, 67.060, 67.060, 64.090, 64.510, 64.833][0.204, 0.381, 0.415]
65.1551: [67.060, 67.100, 64.930, 65.240, 67.060, 67.060, 64.090, 64.510, 65.155][0.377, 0.378, 0.245]
65.47765: [67.060, 67.100, 64.930, 65.240, 67.060, 67.060, 64.090, 64.510, 65.478][0.343, 0.400, 0.257]
65.8002: [67.060, 67.100, 64.930, 65.240, 67.060, 67.060, 64.090, 64.510, 65.800][0.348, 0.399, 0.253]
66.12275: [67.060, 67.100, 64.930, 65.240, 67.060, 67.060, 64.090, 64.510, 66.123][0.370, 0.389, 0.241]
66.4453: [67.060, 67.100, 64.930, 65.240, 67.060, 67.060, 64.090, 64.510, 66.445][0.411, 0.367, 0.222]
66.76785: [67.060, 67.100, 64.930, 65.240, 67.060, 67.060, 64.090, 64.510, 66.768][0.471, 0.330, 0.198]
67.0904: [67.060, 67.100, 64.930, 65.240, 67.060, 67.060, 64.090, 64.510, 67.090][0.547, 0.283, 0.171]
67.41295: [67.060, 67.100, 64.930, 65.240, 67.060, 67.060, 64.090, 64.510, 67.413][0.621, 0.235, 0.144]
67.7355: [67.060, 67.100, 64.930, 65.240, 67.060, 67.060, 64.090, 64.510, 67.736][0.683, 0.195, 0.122]
68.05805: [67.060, 67.100, 64.930, 65.240, 67.060, 67.060, 64.090, 64.510, 68.058][0.727, 0.167, 0.106]
68.3806: [67.060, 67.100, 64.930, 65.240, 67.060, 67.060, 64.090, 64.510, 68.381][0.757, 0.148, 0.095]
68.70315: [67.060, 67.100, 64.930, 65.240, 67.060, 67.060, 64.090, 64.510, 68.703][0.777, 0.135, 0.087]
69.0257: [67.060, 67.100, 64.930, 65.240, 67.060, 67.060, 64.090, 64.510, 69.026][0.790, 0.127, 0.083]
69.34825: [67.060, 67.100, 64.930, 65.240, 67.060, 67.060, 64.090, 64.510, 69.348][0.798, 0.122, 0.080]
69.6708: [67.060, 67.100, 64.930, 65.240, 67.060, 67.060, 64.090, 64.510, 69.671][0.804, 0.119, 0.078]
69.99335: [67.060, 67.100, 64.930, 65.240, 67.060, 67.060, 64.090, 64.510, 69.993][0.807, 0.117, 0.076]
70.3159: [67.060, 67.100, 64.930, 65.240, 67.060, 67.060, 64.090, 64.510, 70.316][0.809, 0.115, 0.075]
70.63845: [67.060, 67.100, 64.930, 65.240, 67.060, 67.060, 64.090, 64.510, 70.638][0.811, 0.114, 0.075]
