Loading Model: level_list/m1_100/tick_list/APOG/class/models/model.h5
history_filename: history_recent/APOG/history.json
Yesterday        : 2017-09-06: OHLCV: 43.6200, 43.8300, 43.3900, 43.6900, 221727
UberYesterday    : 2017-09-05: OHLCV: 43.1900, 43.6000, 43.1900, 43.3500, 161227
[u'43.6200', u'43.8300', u'43.3900', u'43.6900', u'221727']
[u'43.1900', u'43.6000', u'43.1900', u'43.3500', u'161227']
question_base :[43.19, 43.6, 43.19, 43.35, 43.62, 43.83, 43.39, 43.69]
39.321: [43.190, 43.600, 43.190, 43.350, 43.620, 43.830, 43.390, 43.690, 39.321][0.011, 0.006, 0.982]
39.53945: [43.190, 43.600, 43.190, 43.350, 43.620, 43.830, 43.390, 43.690, 39.539][0.011, 0.006, 0.982]
39.7579: [43.190, 43.600, 43.190, 43.350, 43.620, 43.830, 43.390, 43.690, 39.758][0.012, 0.007, 0.982]
39.97635: [43.190, 43.600, 43.190, 43.350, 43.620, 43.830, 43.390, 43.690, 39.976][0.012, 0.007, 0.981]
40.1948: [43.190, 43.600, 43.190, 43.350, 43.620, 43.830, 43.390, 43.690, 40.195][0.013, 0.007, 0.980]
40.41325: [43.190, 43.600, 43.190, 43.350, 43.620, 43.830, 43.390, 43.690, 40.413][0.013, 0.008, 0.979]
40.6317: [43.190, 43.600, 43.190, 43.350, 43.620, 43.830, 43.390, 43.690, 40.632][0.015, 0.009, 0.976]
40.85015: [43.190, 43.600, 43.190, 43.350, 43.620, 43.830, 43.390, 43.690, 40.850][0.018, 0.012, 0.971]
41.0686: [43.190, 43.600, 43.190, 43.350, 43.620, 43.830, 43.390, 43.690, 41.069][0.024, 0.018, 0.959]
41.28705: [43.190, 43.600, 43.190, 43.350, 43.620, 43.830, 43.390, 43.690, 41.287][0.039, 0.036, 0.925]
41.5055: [43.190, 43.600, 43.190, 43.350, 43.620, 43.830, 43.390, 43.690, 41.505][0.087, 0.111, 0.802]
41.72395: [43.190, 43.600, 43.190, 43.350, 43.620, 43.830, 43.390, 43.690, 41.724][0.182, 0.340, 0.478]
41.9424: [43.190, 43.600, 43.190, 43.350, 43.620, 43.830, 43.390, 43.690, 41.942][0.287, 0.481, 0.232]
42.16085: [43.190, 43.600, 43.190, 43.350, 43.620, 43.830, 43.390, 43.690, 42.161][0.453, 0.418, 0.129]
42.3793: [43.190, 43.600, 43.190, 43.350, 43.620, 43.830, 43.390, 43.690, 42.379][0.531, 0.369, 0.099]
42.59775: [43.190, 43.600, 43.190, 43.350, 43.620, 43.830, 43.390, 43.690, 42.598][0.552, 0.356, 0.092]
42.8162: [43.190, 43.600, 43.190, 43.350, 43.620, 43.830, 43.390, 43.690, 42.816][0.558, 0.352, 0.091]
43.03465: [43.190, 43.600, 43.190, 43.350, 43.620, 43.830, 43.390, 43.690, 43.035][0.560, 0.351, 0.090]
43.2531: [43.190, 43.600, 43.190, 43.350, 43.620, 43.830, 43.390, 43.690, 43.253][0.560, 0.350, 0.090]
43.47155: [43.190, 43.600, 43.190, 43.350, 43.620, 43.830, 43.390, 43.690, 43.472][0.561, 0.350, 0.090]
43.69: [43.190, 43.600, 43.190, 43.350, 43.620, 43.830, 43.390, 43.690, 43.690][0.561, 0.350, 0.090]
43.90845: [43.190, 43.600, 43.190, 43.350, 43.620, 43.830, 43.390, 43.690, 43.908][0.561, 0.350, 0.089]
44.1269: [43.190, 43.600, 43.190, 43.350, 43.620, 43.830, 43.390, 43.690, 44.127][0.561, 0.349, 0.089]
44.34535: [43.190, 43.600, 43.190, 43.350, 43.620, 43.830, 43.390, 43.690, 44.345][0.561, 0.349, 0.089]
44.5638: [43.190, 43.600, 43.190, 43.350, 43.620, 43.830, 43.390, 43.690, 44.564][0.561, 0.349, 0.089]
44.78225: [43.190, 43.600, 43.190, 43.350, 43.620, 43.830, 43.390, 43.690, 44.782][0.561, 0.349, 0.089]
45.0007: [43.190, 43.600, 43.190, 43.350, 43.620, 43.830, 43.390, 43.690, 45.001][0.561, 0.349, 0.089]
45.21915: [43.190, 43.600, 43.190, 43.350, 43.620, 43.830, 43.390, 43.690, 45.219][0.561, 0.349, 0.089]
45.4376: [43.190, 43.600, 43.190, 43.350, 43.620, 43.830, 43.390, 43.690, 45.438][0.561, 0.349, 0.089]
45.65605: [43.190, 43.600, 43.190, 43.350, 43.620, 43.830, 43.390, 43.690, 45.656][0.561, 0.349, 0.089]
45.8745: [43.190, 43.600, 43.190, 43.350, 43.620, 43.830, 43.390, 43.690, 45.874][0.561, 0.349, 0.089]
46.09295: [43.190, 43.600, 43.190, 43.350, 43.620, 43.830, 43.390, 43.690, 46.093][0.561, 0.349, 0.089]
46.3114: [43.190, 43.600, 43.190, 43.350, 43.620, 43.830, 43.390, 43.690, 46.311][0.561, 0.349, 0.089]
46.52985: [43.190, 43.600, 43.190, 43.350, 43.620, 43.830, 43.390, 43.690, 46.530][0.561, 0.349, 0.089]
46.7483: [43.190, 43.600, 43.190, 43.350, 43.620, 43.830, 43.390, 43.690, 46.748][0.561, 0.349, 0.089]
46.96675: [43.190, 43.600, 43.190, 43.350, 43.620, 43.830, 43.390, 43.690, 46.967][0.561, 0.349, 0.089]
47.1852: [43.190, 43.600, 43.190, 43.350, 43.620, 43.830, 43.390, 43.690, 47.185][0.561, 0.349, 0.089]
47.40365: [43.190, 43.600, 43.190, 43.350, 43.620, 43.830, 43.390, 43.690, 47.404][0.561, 0.349, 0.089]
47.6221: [43.190, 43.600, 43.190, 43.350, 43.620, 43.830, 43.390, 43.690, 47.622][0.561, 0.349, 0.089]
47.84055: [43.190, 43.600, 43.190, 43.350, 43.620, 43.830, 43.390, 43.690, 47.841][0.561, 0.349, 0.089]
48.059: [43.190, 43.600, 43.190, 43.350, 43.620, 43.830, 43.390, 43.690, 48.059][0.561, 0.349, 0.089]
