Loading Model: level_list/m1_100/tick_list/ATW/class/models/model.h5
history_filename: history_recent/ATW/history.json
Yesterday        : 2017-09-06: OHLCV: 7.1200, 7.3200, 7.0200, 7.2000, 3134941
UberYesterday    : 2017-09-05: OHLCV: 7.1200, 7.2300, 6.9401, 7.0400, 3363340
[u'7.1200', u'7.3200', u'7.0200', u'7.2000', u'3134941']
[u'7.1200', u'7.2300', u'6.9401', u'7.0400', u'3363340']
question_base :[7.12, 7.23, 6.9401, 7.04, 7.12, 7.32, 7.02, 7.2]
6.48: [7.120, 7.230, 6.940, 7.040, 7.120, 7.320, 7.020, 7.200, 6.480][0.058, 0.122, 0.820]
6.516: [7.120, 7.230, 6.940, 7.040, 7.120, 7.320, 7.020, 7.200, 6.516][0.058, 0.122, 0.820]
6.552: [7.120, 7.230, 6.940, 7.040, 7.120, 7.320, 7.020, 7.200, 6.552][0.058, 0.123, 0.819]
6.588: [7.120, 7.230, 6.940, 7.040, 7.120, 7.320, 7.020, 7.200, 6.588][0.058, 0.123, 0.819]
6.624: [7.120, 7.230, 6.940, 7.040, 7.120, 7.320, 7.020, 7.200, 6.624][0.058, 0.123, 0.819]
6.66: [7.120, 7.230, 6.940, 7.040, 7.120, 7.320, 7.020, 7.200, 6.660][0.058, 0.124, 0.818]
6.696: [7.120, 7.230, 6.940, 7.040, 7.120, 7.320, 7.020, 7.200, 6.696][0.058, 0.124, 0.818]
6.732: [7.120, 7.230, 6.940, 7.040, 7.120, 7.320, 7.020, 7.200, 6.732][0.059, 0.124, 0.817]
6.768: [7.120, 7.230, 6.940, 7.040, 7.120, 7.320, 7.020, 7.200, 6.768][0.059, 0.125, 0.816]
6.804: [7.120, 7.230, 6.940, 7.040, 7.120, 7.320, 7.020, 7.200, 6.804][0.059, 0.125, 0.816]
6.84: [7.120, 7.230, 6.940, 7.040, 7.120, 7.320, 7.020, 7.200, 6.840][0.059, 0.126, 0.815]
6.876: [7.120, 7.230, 6.940, 7.040, 7.120, 7.320, 7.020, 7.200, 6.876][0.060, 0.127, 0.814]
6.912: [7.120, 7.230, 6.940, 7.040, 7.120, 7.320, 7.020, 7.200, 6.912][0.060, 0.127, 0.813]
6.948: [7.120, 7.230, 6.940, 7.040, 7.120, 7.320, 7.020, 7.200, 6.948][0.060, 0.128, 0.811]
6.984: [7.120, 7.230, 6.940, 7.040, 7.120, 7.320, 7.020, 7.200, 6.984][0.061, 0.129, 0.810]
7.02: [7.120, 7.230, 6.940, 7.040, 7.120, 7.320, 7.020, 7.200, 7.020][0.061, 0.131, 0.808]
7.056: [7.120, 7.230, 6.940, 7.040, 7.120, 7.320, 7.020, 7.200, 7.056][0.062, 0.132, 0.806]
7.092: [7.120, 7.230, 6.940, 7.040, 7.120, 7.320, 7.020, 7.200, 7.092][0.062, 0.134, 0.804]
7.128: [7.120, 7.230, 6.940, 7.040, 7.120, 7.320, 7.020, 7.200, 7.128][0.063, 0.135, 0.801]
7.164: [7.120, 7.230, 6.940, 7.040, 7.120, 7.320, 7.020, 7.200, 7.164][0.064, 0.137, 0.798]
7.2: [7.120, 7.230, 6.940, 7.040, 7.120, 7.320, 7.020, 7.200, 7.200][0.065, 0.140, 0.795]
7.236: [7.120, 7.230, 6.940, 7.040, 7.120, 7.320, 7.020, 7.200, 7.236][0.066, 0.143, 0.791]
7.272: [7.120, 7.230, 6.940, 7.040, 7.120, 7.320, 7.020, 7.200, 7.272][0.068, 0.146, 0.786]
7.308: [7.120, 7.230, 6.940, 7.040, 7.120, 7.320, 7.020, 7.200, 7.308][0.070, 0.150, 0.781]
7.344: [7.120, 7.230, 6.940, 7.040, 7.120, 7.320, 7.020, 7.200, 7.344][0.072, 0.154, 0.775]
7.38: [7.120, 7.230, 6.940, 7.040, 7.120, 7.320, 7.020, 7.200, 7.380][0.074, 0.159, 0.767]
7.416: [7.120, 7.230, 6.940, 7.040, 7.120, 7.320, 7.020, 7.200, 7.416][0.077, 0.164, 0.759]
7.452: [7.120, 7.230, 6.940, 7.040, 7.120, 7.320, 7.020, 7.200, 7.452][0.080, 0.171, 0.749]
7.488: [7.120, 7.230, 6.940, 7.040, 7.120, 7.320, 7.020, 7.200, 7.488][0.084, 0.178, 0.738]
7.524: [7.120, 7.230, 6.940, 7.040, 7.120, 7.320, 7.020, 7.200, 7.524][0.089, 0.186, 0.725]
7.56: [7.120, 7.230, 6.940, 7.040, 7.120, 7.320, 7.020, 7.200, 7.560][0.094, 0.195, 0.710]
7.596: [7.120, 7.230, 6.940, 7.040, 7.120, 7.320, 7.020, 7.200, 7.596][0.101, 0.205, 0.694]
7.632: [7.120, 7.230, 6.940, 7.040, 7.120, 7.320, 7.020, 7.200, 7.632][0.110, 0.215, 0.675]
7.668: [7.120, 7.230, 6.940, 7.040, 7.120, 7.320, 7.020, 7.200, 7.668][0.120, 0.226, 0.655]
7.704: [7.120, 7.230, 6.940, 7.040, 7.120, 7.320, 7.020, 7.200, 7.704][0.132, 0.235, 0.633]
7.74: [7.120, 7.230, 6.940, 7.040, 7.120, 7.320, 7.020, 7.200, 7.740][0.147, 0.243, 0.611]
7.776: [7.120, 7.230, 6.940, 7.040, 7.120, 7.320, 7.020, 7.200, 7.776][0.165, 0.247, 0.588]
7.812: [7.120, 7.230, 6.940, 7.040, 7.120, 7.320, 7.020, 7.200, 7.812][0.187, 0.248, 0.565]
7.848: [7.120, 7.230, 6.940, 7.040, 7.120, 7.320, 7.020, 7.200, 7.848][0.213, 0.243, 0.544]
7.884: [7.120, 7.230, 6.940, 7.040, 7.120, 7.320, 7.020, 7.200, 7.884][0.244, 0.233, 0.523]
7.92: [7.120, 7.230, 6.940, 7.040, 7.120, 7.320, 7.020, 7.200, 7.920][0.279, 0.217, 0.504]
