Loading Model: level_list/m1_100/tick_list/DXPE/class/models/model.h5
history_filename: history_recent/DXPE/history.json
Yesterday        : 2017-09-06: OHLCV: 26.8800, 27.5200, 26.6500, 26.9500, 137058
UberYesterday    : 2017-09-05: OHLCV: 26.7800, 27.2800, 26.5100, 26.8200, 93269
[u'26.8800', u'27.5200', u'26.6500', u'26.9500', u'137058']
[u'26.7800', u'27.2800', u'26.5100', u'26.8200', u'93269']
question_base :[26.78, 27.28, 26.51, 26.82, 26.88, 27.52, 26.65, 26.95]
24.255: [26.780, 27.280, 26.510, 26.820, 26.880, 27.520, 26.650, 26.950, 24.255][0.076, 0.633, 0.291]
24.38975: [26.780, 27.280, 26.510, 26.820, 26.880, 27.520, 26.650, 26.950, 24.390][0.076, 0.632, 0.292]
24.5245: [26.780, 27.280, 26.510, 26.820, 26.880, 27.520, 26.650, 26.950, 24.524][0.076, 0.630, 0.294]
24.65925: [26.780, 27.280, 26.510, 26.820, 26.880, 27.520, 26.650, 26.950, 24.659][0.076, 0.628, 0.295]
24.794: [26.780, 27.280, 26.510, 26.820, 26.880, 27.520, 26.650, 26.950, 24.794][0.076, 0.626, 0.297]
24.92875: [26.780, 27.280, 26.510, 26.820, 26.880, 27.520, 26.650, 26.950, 24.929][0.076, 0.624, 0.299]
25.0635: [26.780, 27.280, 26.510, 26.820, 26.880, 27.520, 26.650, 26.950, 25.064][0.077, 0.622, 0.301]
25.19825: [26.780, 27.280, 26.510, 26.820, 26.880, 27.520, 26.650, 26.950, 25.198][0.077, 0.619, 0.304]
25.333: [26.780, 27.280, 26.510, 26.820, 26.880, 27.520, 26.650, 26.950, 25.333][0.077, 0.617, 0.306]
25.46775: [26.780, 27.280, 26.510, 26.820, 26.880, 27.520, 26.650, 26.950, 25.468][0.077, 0.614, 0.309]
25.6025: [26.780, 27.280, 26.510, 26.820, 26.880, 27.520, 26.650, 26.950, 25.603][0.077, 0.611, 0.312]
25.73725: [26.780, 27.280, 26.510, 26.820, 26.880, 27.520, 26.650, 26.950, 25.737][0.078, 0.608, 0.315]
25.872: [26.780, 27.280, 26.510, 26.820, 26.880, 27.520, 26.650, 26.950, 25.872][0.078, 0.604, 0.318]
26.00675: [26.780, 27.280, 26.510, 26.820, 26.880, 27.520, 26.650, 26.950, 26.007][0.078, 0.601, 0.321]
26.1415: [26.780, 27.280, 26.510, 26.820, 26.880, 27.520, 26.650, 26.950, 26.142][0.078, 0.597, 0.325]
26.27625: [26.780, 27.280, 26.510, 26.820, 26.880, 27.520, 26.650, 26.950, 26.276][0.078, 0.593, 0.328]
26.411: [26.780, 27.280, 26.510, 26.820, 26.880, 27.520, 26.650, 26.950, 26.411][0.079, 0.589, 0.332]
26.54575: [26.780, 27.280, 26.510, 26.820, 26.880, 27.520, 26.650, 26.950, 26.546][0.079, 0.585, 0.336]
26.6805: [26.780, 27.280, 26.510, 26.820, 26.880, 27.520, 26.650, 26.950, 26.681][0.079, 0.581, 0.340]
26.81525: [26.780, 27.280, 26.510, 26.820, 26.880, 27.520, 26.650, 26.950, 26.815][0.080, 0.577, 0.344]
26.95: [26.780, 27.280, 26.510, 26.820, 26.880, 27.520, 26.650, 26.950, 26.950][0.080, 0.572, 0.348]
27.08475: [26.780, 27.280, 26.510, 26.820, 26.880, 27.520, 26.650, 26.950, 27.085][0.080, 0.568, 0.352]
27.2195: [26.780, 27.280, 26.510, 26.820, 26.880, 27.520, 26.650, 26.950, 27.220][0.080, 0.563, 0.357]
27.35425: [26.780, 27.280, 26.510, 26.820, 26.880, 27.520, 26.650, 26.950, 27.354][0.081, 0.558, 0.361]
27.489: [26.780, 27.280, 26.510, 26.820, 26.880, 27.520, 26.650, 26.950, 27.489][0.081, 0.553, 0.366]
27.62375: [26.780, 27.280, 26.510, 26.820, 26.880, 27.520, 26.650, 26.950, 27.624][0.081, 0.548, 0.370]
27.7585: [26.780, 27.280, 26.510, 26.820, 26.880, 27.520, 26.650, 26.950, 27.759][0.082, 0.543, 0.375]
27.89325: [26.780, 27.280, 26.510, 26.820, 26.880, 27.520, 26.650, 26.950, 27.893][0.082, 0.538, 0.380]
28.028: [26.780, 27.280, 26.510, 26.820, 26.880, 27.520, 26.650, 26.950, 28.028][0.082, 0.533, 0.384]
28.16275: [26.780, 27.280, 26.510, 26.820, 26.880, 27.520, 26.650, 26.950, 28.163][0.083, 0.528, 0.389]
28.2975: [26.780, 27.280, 26.510, 26.820, 26.880, 27.520, 26.650, 26.950, 28.298][0.083, 0.524, 0.393]
28.43225: [26.780, 27.280, 26.510, 26.820, 26.880, 27.520, 26.650, 26.950, 28.432][0.084, 0.519, 0.398]
28.567: [26.780, 27.280, 26.510, 26.820, 26.880, 27.520, 26.650, 26.950, 28.567][0.084, 0.514, 0.402]
28.70175: [26.780, 27.280, 26.510, 26.820, 26.880, 27.520, 26.650, 26.950, 28.702][0.085, 0.510, 0.406]
28.8365: [26.780, 27.280, 26.510, 26.820, 26.880, 27.520, 26.650, 26.950, 28.837][0.085, 0.506, 0.409]
28.97125: [26.780, 27.280, 26.510, 26.820, 26.880, 27.520, 26.650, 26.950, 28.971][0.086, 0.502, 0.412]
29.106: [26.780, 27.280, 26.510, 26.820, 26.880, 27.520, 26.650, 26.950, 29.106][0.086, 0.499, 0.415]
29.24075: [26.780, 27.280, 26.510, 26.820, 26.880, 27.520, 26.650, 26.950, 29.241][0.087, 0.496, 0.417]
29.3755: [26.780, 27.280, 26.510, 26.820, 26.880, 27.520, 26.650, 26.950, 29.376][0.088, 0.494, 0.418]
29.51025: [26.780, 27.280, 26.510, 26.820, 26.880, 27.520, 26.650, 26.950, 29.510][0.089, 0.493, 0.418]
