Loading Model: level_list/m1_100/tick_list/FLIR/class/models/model.h5
history_filename: history_recent/FLIR/history.json
Yesterday        : 2017-09-06: OHLCV: 38.3500, 38.3500, 37.8000, 38.1400, 1345176
UberYesterday    : 2017-09-05: OHLCV: 38.2700, 38.4600, 37.9900, 38.1800, 787004
[u'38.3500', u'38.3500', u'37.8000', u'38.1400', u'1345176']
[u'38.2700', u'38.4600', u'37.9900', u'38.1800', u'787004']
question_base :[38.27, 38.46, 37.99, 38.18, 38.35, 38.35, 37.8, 38.14]
34.326: [38.270, 38.460, 37.990, 38.180, 38.350, 38.350, 37.800, 38.140, 34.326][0.150, 0.313, 0.537]
34.5167: [38.270, 38.460, 37.990, 38.180, 38.350, 38.350, 37.800, 38.140, 34.517][0.150, 0.312, 0.538]
34.7074: [38.270, 38.460, 37.990, 38.180, 38.350, 38.350, 37.800, 38.140, 34.707][0.149, 0.311, 0.539]
34.8981: [38.270, 38.460, 37.990, 38.180, 38.350, 38.350, 37.800, 38.140, 34.898][0.149, 0.310, 0.541]
35.0888: [38.270, 38.460, 37.990, 38.180, 38.350, 38.350, 37.800, 38.140, 35.089][0.148, 0.309, 0.542]
35.2795: [38.270, 38.460, 37.990, 38.180, 38.350, 38.350, 37.800, 38.140, 35.279][0.148, 0.308, 0.545]
35.4702: [38.270, 38.460, 37.990, 38.180, 38.350, 38.350, 37.800, 38.140, 35.470][0.147, 0.306, 0.548]
35.6609: [38.270, 38.460, 37.990, 38.180, 38.350, 38.350, 37.800, 38.140, 35.661][0.146, 0.303, 0.551]
35.8516: [38.270, 38.460, 37.990, 38.180, 38.350, 38.350, 37.800, 38.140, 35.852][0.144, 0.300, 0.555]
36.0423: [38.270, 38.460, 37.990, 38.180, 38.350, 38.350, 37.800, 38.140, 36.042][0.143, 0.297, 0.560]
36.233: [38.270, 38.460, 37.990, 38.180, 38.350, 38.350, 37.800, 38.140, 36.233][0.142, 0.294, 0.565]
36.4237: [38.270, 38.460, 37.990, 38.180, 38.350, 38.350, 37.800, 38.140, 36.424][0.141, 0.291, 0.568]
36.6144: [38.270, 38.460, 37.990, 38.180, 38.350, 38.350, 37.800, 38.140, 36.614][0.141, 0.292, 0.567]
36.8051: [38.270, 38.460, 37.990, 38.180, 38.350, 38.350, 37.800, 38.140, 36.805][0.147, 0.301, 0.553]
36.9958: [38.270, 38.460, 37.990, 38.180, 38.350, 38.350, 37.800, 38.140, 36.996][0.163, 0.330, 0.507]
37.1865: [38.270, 38.460, 37.990, 38.180, 38.350, 38.350, 37.800, 38.140, 37.186][0.201, 0.392, 0.406]
37.3772: [38.270, 38.460, 37.990, 38.180, 38.350, 38.350, 37.800, 38.140, 37.377][0.260, 0.454, 0.286]
37.5679: [38.270, 38.460, 37.990, 38.180, 38.350, 38.350, 37.800, 38.140, 37.568][0.325, 0.452, 0.223]
37.7586: [38.270, 38.460, 37.990, 38.180, 38.350, 38.350, 37.800, 38.140, 37.759][0.383, 0.420, 0.197]
37.9493: [38.270, 38.460, 37.990, 38.180, 38.350, 38.350, 37.800, 38.140, 37.949][0.406, 0.405, 0.189]
38.14: [38.270, 38.460, 37.990, 38.180, 38.350, 38.350, 37.800, 38.140, 38.140][0.406, 0.406, 0.188]
38.3307: [38.270, 38.460, 37.990, 38.180, 38.350, 38.350, 37.800, 38.140, 38.331][0.400, 0.411, 0.190]
38.5214: [38.270, 38.460, 37.990, 38.180, 38.350, 38.350, 37.800, 38.140, 38.521][0.392, 0.416, 0.192]
38.7121: [38.270, 38.460, 37.990, 38.180, 38.350, 38.350, 37.800, 38.140, 38.712][0.386, 0.420, 0.193]
38.9028: [38.270, 38.460, 37.990, 38.180, 38.350, 38.350, 37.800, 38.140, 38.903][0.382, 0.423, 0.194]
39.0935: [38.270, 38.460, 37.990, 38.180, 38.350, 38.350, 37.800, 38.140, 39.093][0.379, 0.426, 0.195]
39.2842: [38.270, 38.460, 37.990, 38.180, 38.350, 38.350, 37.800, 38.140, 39.284][0.377, 0.427, 0.196]
39.4749: [38.270, 38.460, 37.990, 38.180, 38.350, 38.350, 37.800, 38.140, 39.475][0.376, 0.428, 0.196]
39.6656: [38.270, 38.460, 37.990, 38.180, 38.350, 38.350, 37.800, 38.140, 39.666][0.374, 0.429, 0.196]
39.8563: [38.270, 38.460, 37.990, 38.180, 38.350, 38.350, 37.800, 38.140, 39.856][0.374, 0.430, 0.197]
40.047: [38.270, 38.460, 37.990, 38.180, 38.350, 38.350, 37.800, 38.140, 40.047][0.373, 0.430, 0.197]
40.2377: [38.270, 38.460, 37.990, 38.180, 38.350, 38.350, 37.800, 38.140, 40.238][0.373, 0.430, 0.197]
40.4284: [38.270, 38.460, 37.990, 38.180, 38.350, 38.350, 37.800, 38.140, 40.428][0.372, 0.431, 0.197]
40.6191: [38.270, 38.460, 37.990, 38.180, 38.350, 38.350, 37.800, 38.140, 40.619][0.372, 0.431, 0.197]
40.8098: [38.270, 38.460, 37.990, 38.180, 38.350, 38.350, 37.800, 38.140, 40.810][0.372, 0.431, 0.197]
41.0005: [38.270, 38.460, 37.990, 38.180, 38.350, 38.350, 37.800, 38.140, 41.000][0.372, 0.431, 0.197]
41.1912: [38.270, 38.460, 37.990, 38.180, 38.350, 38.350, 37.800, 38.140, 41.191][0.372, 0.431, 0.197]
41.3819: [38.270, 38.460, 37.990, 38.180, 38.350, 38.350, 37.800, 38.140, 41.382][0.371, 0.431, 0.197]
41.5726: [38.270, 38.460, 37.990, 38.180, 38.350, 38.350, 37.800, 38.140, 41.573][0.371, 0.431, 0.197]
41.7633: [38.270, 38.460, 37.990, 38.180, 38.350, 38.350, 37.800, 38.140, 41.763][0.371, 0.431, 0.197]
41.954: [38.270, 38.460, 37.990, 38.180, 38.350, 38.350, 37.800, 38.140, 41.954][0.371, 0.431, 0.197]
