Loading Model: level_list/m1_100/tick_list/INSY/class/models/model.h5
history_filename: history_recent/INSY/history.json
Yesterday        : 2017-09-06: OHLCV: 9.3000, 9.4800, 9.1500, 9.4000, 525718
UberYesterday    : 2017-09-05: OHLCV: 9.1800, 9.3400, 9.0100, 9.2600, 506441
[u'9.3000', u'9.4800', u'9.1500', u'9.4000', u'525718']
[u'9.1800', u'9.3400', u'9.0100', u'9.2600', u'506441']
question_base :[9.18, 9.34, 9.01, 9.26, 9.3, 9.48, 9.15, 9.4]
8.46: [9.180, 9.340, 9.010, 9.260, 9.300, 9.480, 9.150, 9.400, 8.460][0.333, 0.400, 0.267]
8.507: [9.180, 9.340, 9.010, 9.260, 9.300, 9.480, 9.150, 9.400, 8.507][0.333, 0.400, 0.267]
8.554: [9.180, 9.340, 9.010, 9.260, 9.300, 9.480, 9.150, 9.400, 8.554][0.333, 0.400, 0.267]
8.601: [9.180, 9.340, 9.010, 9.260, 9.300, 9.480, 9.150, 9.400, 8.601][0.333, 0.400, 0.267]
8.648: [9.180, 9.340, 9.010, 9.260, 9.300, 9.480, 9.150, 9.400, 8.648][0.333, 0.400, 0.267]
8.695: [9.180, 9.340, 9.010, 9.260, 9.300, 9.480, 9.150, 9.400, 8.695][0.333, 0.400, 0.267]
8.742: [9.180, 9.340, 9.010, 9.260, 9.300, 9.480, 9.150, 9.400, 8.742][0.333, 0.400, 0.267]
8.789: [9.180, 9.340, 9.010, 9.260, 9.300, 9.480, 9.150, 9.400, 8.789][0.333, 0.400, 0.267]
8.836: [9.180, 9.340, 9.010, 9.260, 9.300, 9.480, 9.150, 9.400, 8.836][0.333, 0.400, 0.267]
8.883: [9.180, 9.340, 9.010, 9.260, 9.300, 9.480, 9.150, 9.400, 8.883][0.333, 0.400, 0.267]
8.93: [9.180, 9.340, 9.010, 9.260, 9.300, 9.480, 9.150, 9.400, 8.930][0.333, 0.400, 0.267]
8.977: [9.180, 9.340, 9.010, 9.260, 9.300, 9.480, 9.150, 9.400, 8.977][0.333, 0.400, 0.267]
9.024: [9.180, 9.340, 9.010, 9.260, 9.300, 9.480, 9.150, 9.400, 9.024][0.333, 0.400, 0.267]
9.071: [9.180, 9.340, 9.010, 9.260, 9.300, 9.480, 9.150, 9.400, 9.071][0.333, 0.400, 0.267]
9.118: [9.180, 9.340, 9.010, 9.260, 9.300, 9.480, 9.150, 9.400, 9.118][0.333, 0.400, 0.267]
9.165: [9.180, 9.340, 9.010, 9.260, 9.300, 9.480, 9.150, 9.400, 9.165][0.333, 0.400, 0.267]
9.212: [9.180, 9.340, 9.010, 9.260, 9.300, 9.480, 9.150, 9.400, 9.212][0.333, 0.400, 0.267]
9.259: [9.180, 9.340, 9.010, 9.260, 9.300, 9.480, 9.150, 9.400, 9.259][0.333, 0.400, 0.267]
9.306: [9.180, 9.340, 9.010, 9.260, 9.300, 9.480, 9.150, 9.400, 9.306][0.333, 0.400, 0.267]
9.353: [9.180, 9.340, 9.010, 9.260, 9.300, 9.480, 9.150, 9.400, 9.353][0.333, 0.400, 0.267]
9.4: [9.180, 9.340, 9.010, 9.260, 9.300, 9.480, 9.150, 9.400, 9.400][0.333, 0.400, 0.267]
9.447: [9.180, 9.340, 9.010, 9.260, 9.300, 9.480, 9.150, 9.400, 9.447][0.333, 0.400, 0.267]
9.494: [9.180, 9.340, 9.010, 9.260, 9.300, 9.480, 9.150, 9.400, 9.494][0.333, 0.400, 0.267]
9.541: [9.180, 9.340, 9.010, 9.260, 9.300, 9.480, 9.150, 9.400, 9.541][0.333, 0.400, 0.267]
9.588: [9.180, 9.340, 9.010, 9.260, 9.300, 9.480, 9.150, 9.400, 9.588][0.333, 0.400, 0.267]
9.635: [9.180, 9.340, 9.010, 9.260, 9.300, 9.480, 9.150, 9.400, 9.635][0.333, 0.400, 0.267]
9.682: [9.180, 9.340, 9.010, 9.260, 9.300, 9.480, 9.150, 9.400, 9.682][0.333, 0.400, 0.267]
9.729: [9.180, 9.340, 9.010, 9.260, 9.300, 9.480, 9.150, 9.400, 9.729][0.333, 0.400, 0.267]
9.776: [9.180, 9.340, 9.010, 9.260, 9.300, 9.480, 9.150, 9.400, 9.776][0.333, 0.400, 0.267]
9.823: [9.180, 9.340, 9.010, 9.260, 9.300, 9.480, 9.150, 9.400, 9.823][0.333, 0.400, 0.267]
9.87: [9.180, 9.340, 9.010, 9.260, 9.300, 9.480, 9.150, 9.400, 9.870][0.333, 0.400, 0.267]
9.917: [9.180, 9.340, 9.010, 9.260, 9.300, 9.480, 9.150, 9.400, 9.917][0.333, 0.400, 0.267]
9.964: [9.180, 9.340, 9.010, 9.260, 9.300, 9.480, 9.150, 9.400, 9.964][0.333, 0.400, 0.267]
10.011: [9.180, 9.340, 9.010, 9.260, 9.300, 9.480, 9.150, 9.400, 10.011][0.333, 0.400, 0.267]
10.058: [9.180, 9.340, 9.010, 9.260, 9.300, 9.480, 9.150, 9.400, 10.058][0.333, 0.400, 0.267]
10.105: [9.180, 9.340, 9.010, 9.260, 9.300, 9.480, 9.150, 9.400, 10.105][0.333, 0.400, 0.267]
10.152: [9.180, 9.340, 9.010, 9.260, 9.300, 9.480, 9.150, 9.400, 10.152][0.333, 0.400, 0.267]
10.199: [9.180, 9.340, 9.010, 9.260, 9.300, 9.480, 9.150, 9.400, 10.199][0.333, 0.400, 0.267]
10.246: [9.180, 9.340, 9.010, 9.260, 9.300, 9.480, 9.150, 9.400, 10.246][0.333, 0.400, 0.267]
10.293: [9.180, 9.340, 9.010, 9.260, 9.300, 9.480, 9.150, 9.400, 10.293][0.333, 0.400, 0.267]
