Loading Model: level_list/m1_100/tick_list/XONE/class/models/model.h5
history_filename: history_recent/XONE/history.json
Yesterday        : 2017-09-06: OHLCV: 8.3800, 8.6000, 8.2300, 8.3800, 99552
UberYesterday    : 2017-09-05: OHLCV: 8.1200, 8.6000, 8.0600, 8.4000, 270402
[u'8.3800', u'8.6000', u'8.2300', u'8.3800', u'99552']
[u'8.1200', u'8.6000', u'8.0600', u'8.4000', u'270402']
question_base :[8.12, 8.6, 8.06, 8.4, 8.38, 8.6, 8.23, 8.38]
7.542: [8.120, 8.600, 8.060, 8.400, 8.380, 8.600, 8.230, 8.380, 7.542][0.119, 0.170, 0.712]
7.5839: [8.120, 8.600, 8.060, 8.400, 8.380, 8.600, 8.230, 8.380, 7.584][0.119, 0.170, 0.712]
7.6258: [8.120, 8.600, 8.060, 8.400, 8.380, 8.600, 8.230, 8.380, 7.626][0.119, 0.170, 0.712]
7.6677: [8.120, 8.600, 8.060, 8.400, 8.380, 8.600, 8.230, 8.380, 7.668][0.119, 0.170, 0.712]
7.7096: [8.120, 8.600, 8.060, 8.400, 8.380, 8.600, 8.230, 8.380, 7.710][0.119, 0.170, 0.712]
7.7515: [8.120, 8.600, 8.060, 8.400, 8.380, 8.600, 8.230, 8.380, 7.752][0.119, 0.170, 0.712]
7.7934: [8.120, 8.600, 8.060, 8.400, 8.380, 8.600, 8.230, 8.380, 7.793][0.119, 0.170, 0.712]
7.8353: [8.120, 8.600, 8.060, 8.400, 8.380, 8.600, 8.230, 8.380, 7.835][0.118, 0.170, 0.712]
7.8772: [8.120, 8.600, 8.060, 8.400, 8.380, 8.600, 8.230, 8.380, 7.877][0.118, 0.170, 0.712]
7.9191: [8.120, 8.600, 8.060, 8.400, 8.380, 8.600, 8.230, 8.380, 7.919][0.118, 0.170, 0.712]
7.961: [8.120, 8.600, 8.060, 8.400, 8.380, 8.600, 8.230, 8.380, 7.961][0.118, 0.171, 0.711]
8.0029: [8.120, 8.600, 8.060, 8.400, 8.380, 8.600, 8.230, 8.380, 8.003][0.117, 0.173, 0.710]
8.0448: [8.120, 8.600, 8.060, 8.400, 8.380, 8.600, 8.230, 8.380, 8.045][0.111, 0.187, 0.702]
8.0867: [8.120, 8.600, 8.060, 8.400, 8.380, 8.600, 8.230, 8.380, 8.087][0.091, 0.265, 0.644]
8.1286: [8.120, 8.600, 8.060, 8.400, 8.380, 8.600, 8.230, 8.380, 8.129][0.068, 0.492, 0.440]
8.1705: [8.120, 8.600, 8.060, 8.400, 8.380, 8.600, 8.230, 8.380, 8.171][0.089, 0.588, 0.323]
8.2124: [8.120, 8.600, 8.060, 8.400, 8.380, 8.600, 8.230, 8.380, 8.212][0.148, 0.541, 0.310]
8.2543: [8.120, 8.600, 8.060, 8.400, 8.380, 8.600, 8.230, 8.380, 8.254][0.215, 0.478, 0.307]
8.2962: [8.120, 8.600, 8.060, 8.400, 8.380, 8.600, 8.230, 8.380, 8.296][0.270, 0.428, 0.302]
8.3381: [8.120, 8.600, 8.060, 8.400, 8.380, 8.600, 8.230, 8.380, 8.338][0.310, 0.394, 0.296]
8.38: [8.120, 8.600, 8.060, 8.400, 8.380, 8.600, 8.230, 8.380, 8.380][0.338, 0.371, 0.290]
8.4219: [8.120, 8.600, 8.060, 8.400, 8.380, 8.600, 8.230, 8.380, 8.422][0.358, 0.356, 0.286]
8.4638: [8.120, 8.600, 8.060, 8.400, 8.380, 8.600, 8.230, 8.380, 8.464][0.372, 0.345, 0.283]
8.5057: [8.120, 8.600, 8.060, 8.400, 8.380, 8.600, 8.230, 8.380, 8.506][0.382, 0.337, 0.281]
8.5476: [8.120, 8.600, 8.060, 8.400, 8.380, 8.600, 8.230, 8.380, 8.548][0.389, 0.332, 0.279]
8.5895: [8.120, 8.600, 8.060, 8.400, 8.380, 8.600, 8.230, 8.380, 8.590][0.395, 0.327, 0.278]
8.6314: [8.120, 8.600, 8.060, 8.400, 8.380, 8.600, 8.230, 8.380, 8.631][0.399, 0.324, 0.277]
8.6733: [8.120, 8.600, 8.060, 8.400, 8.380, 8.600, 8.230, 8.380, 8.673][0.403, 0.322, 0.276]
8.7152: [8.120, 8.600, 8.060, 8.400, 8.380, 8.600, 8.230, 8.380, 8.715][0.405, 0.320, 0.275]
8.7571: [8.120, 8.600, 8.060, 8.400, 8.380, 8.600, 8.230, 8.380, 8.757][0.408, 0.318, 0.274]
8.799: [8.120, 8.600, 8.060, 8.400, 8.380, 8.600, 8.230, 8.380, 8.799][0.410, 0.316, 0.274]
8.8409: [8.120, 8.600, 8.060, 8.400, 8.380, 8.600, 8.230, 8.380, 8.841][0.411, 0.315, 0.273]
8.8828: [8.120, 8.600, 8.060, 8.400, 8.380, 8.600, 8.230, 8.380, 8.883][0.413, 0.314, 0.273]
8.9247: [8.120, 8.600, 8.060, 8.400, 8.380, 8.600, 8.230, 8.380, 8.925][0.414, 0.313, 0.273]
8.9666: [8.120, 8.600, 8.060, 8.400, 8.380, 8.600, 8.230, 8.380, 8.967][0.415, 0.313, 0.273]
9.0085: [8.120, 8.600, 8.060, 8.400, 8.380, 8.600, 8.230, 8.380, 9.009][0.416, 0.312, 0.272]
9.0504: [8.120, 8.600, 8.060, 8.400, 8.380, 8.600, 8.230, 8.380, 9.050][0.417, 0.311, 0.272]
9.0923: [8.120, 8.600, 8.060, 8.400, 8.380, 8.600, 8.230, 8.380, 9.092][0.417, 0.311, 0.272]
9.1342: [8.120, 8.600, 8.060, 8.400, 8.380, 8.600, 8.230, 8.380, 9.134][0.418, 0.310, 0.272]
9.1761: [8.120, 8.600, 8.060, 8.400, 8.380, 8.600, 8.230, 8.380, 9.176][0.418, 0.310, 0.272]
