[[ 15.   3.  14.]
 [ 15.   8.  13.]
 [ 10.   4.  18.]]
cf_score, 17.0
nv_score, -23.0
ratio, 0.414141414141
[[ 18.  10.  13.]
 [ 11.   8.   6.]
 [  9.   8.  17.]]
cf_score, 21.0
nv_score, -15.0
ratio, 0.434343434343
[[ 25.   5.   3.]
 [ 14.   9.   9.]
 [  6.   5.  24.]]
cf_score, 49.0
nv_score, 9.0
ratio, 0.585858585859
[[ 16.   7.  11.]
 [ 21.   7.   9.]
 [  8.   2.  19.]]
cf_score, 23.0
nv_score, -12.0
ratio, 0.424242424242
[[ 18.   7.   9.]
 [ 16.   8.  17.]
 [  5.   5.  15.]]
cf_score, 27.0
nv_score, -20.0
ratio, 0.414141414141
[[ 17.  11.   6.]
 [ 17.   4.  16.]
 [  9.   5.  15.]]
cf_score, 21.0
nv_score, -13.0
ratio, 0.363636363636
[[ 20.  14.  13.]
 [ 10.   8.  10.]
 [  6.   4.  15.]]
cf_score, 24.0
nv_score, -21.0
ratio, 0.434343434343
[[ 14.   7.  11.]
 [ 20.   0.  14.]
 [ 14.   7.  13.]]
cf_score, 2.0
nv_score, -23.0
ratio, 0.272727272727
[[  9.  11.  14.]
 [ 16.   5.  11.]
 [ 11.   6.  17.]]
cf_score, 6.0
nv_score, -22.0
ratio, 0.313131313131
[[ 10.  10.  15.]
 [ 15.   8.   9.]
 [  8.   6.  19.]]
cf_score, 14.0
nv_score, -20.0
ratio, 0.373737373737
[[ 20.  13.  11.]
 [ 16.   3.  19.]
 [  3.   2.  13.]]
cf_score, 22.0
nv_score, -28.0
ratio, 0.363636363636
[[ 16.   7.  10.]
 [ 17.   6.  11.]
 [ 11.   3.  19.]]
cf_score, 20.0
nv_score, -12.0
ratio, 0.414141414141
[[ 22.   6.  10.]
 [ 11.   5.   7.]
 [ 12.   7.  20.]]
cf_score, 25.0
nv_score, -7.0
ratio, 0.474747474747
[[ 18.  13.   8.]
 [ 16.   3.  10.]
 [ 12.   5.  15.]]
cf_score, 16.0
nv_score, -11.0
ratio, 0.363636363636
[[ 10.   7.   7.]
 [  9.  10.  24.]
 [  8.   6.  19.]]
cf_score, 24.0
nv_score, -19.0
ratio, 0.393939393939
[[ 20.   6.   6.]
 [ 21.   4.  18.]
 [  6.   5.  14.]]
cf_score, 26.0
nv_score, -16.0
ratio, 0.383838383838
[[ 21.   8.  11.]
 [ 17.   4.   9.]
 [ 11.   4.  15.]]
cf_score, 18.0
nv_score, -16.0
ratio, 0.40404040404
[[ 11.   9.  11.]
 [ 17.   8.  14.]
 [  4.  10.  16.]]
cf_score, 20.0
nv_score, -20.0
ratio, 0.353535353535
[[ 15.  11.  15.]
 [ 20.   1.  12.]
 [  9.   2.  15.]]
cf_score, 7.0
nv_score, -27.0
ratio, 0.313131313131
[[ 10.   5.  12.]
 [ 17.   5.  11.]
 [ 12.   4.  24.]]
cf_score, 15.0
nv_score, -11.0
ratio, 0.393939393939
[[ 13.  10.   9.]
 [ 13.   3.  19.]
 [  9.   8.  16.]]
cf_score, 14.0
nv_score, -21.0
ratio, 0.323232323232
[[ 15.   6.  11.]
 [ 16.   2.  17.]
 [  6.   6.  21.]]
cf_score, 21.0
nv_score, -18.0
ratio, 0.383838383838
[[ 17.  12.   8.]
 [ 16.   7.  12.]
 [ 10.   5.  13.]]
cf_score, 19.0
nv_score, -15.0
ratio, 0.373737373737
[[ 14.  11.  12.]
 [ 10.   8.  12.]
 [  6.  10.  17.]]
cf_score, 21.0
nv_score, -19.0
ratio, 0.393939393939
[[ 12.   7.  10.]
 [ 16.   8.  10.]
 [  9.   6.  22.]]
cf_score, 23.0
nv_score, -8.0
ratio, 0.424242424242
[[ 15.   5.  10.]
 [ 19.   8.  10.]
 [ 14.   8.  11.]]
cf_score, 10.0
nv_score, -19.0
ratio, 0.343434343434
[[ 19.   8.  18.]
 [ 12.   6.  10.]
 [  9.   8.  10.]]
cf_score, 8.0
nv_score, -36.0
ratio, 0.353535353535
[[ 20.   5.  13.]
 [ 12.   9.   7.]
 [  9.   5.  20.]]
cf_score, 27.0
nv_score, -13.0
ratio, 0.494949494949
[[ 16.  11.   7.]
 [ 22.  12.   9.]
 [  4.   3.  16.]]
cf_score, 33.0
nv_score, -7.0
ratio, 0.444444444444
[[ 25.   7.  11.]
 [  9.   7.  16.]
 [  4.   5.  16.]]
cf_score, 33.0
nv_score, -22.0
ratio, 0.484848484848
[[ 16.   8.  11.]
 [ 19.   5.   9.]
 [  8.   7.  17.]]
cf_score, 19.0
nv_score, -14.0
ratio, 0.383838383838
[[ 13.   5.   9.]
 [ 16.  12.  13.]
 [  7.   9.  16.]]
cf_score, 25.0
nv_score, -15.0
ratio, 0.414141414141
[[ 14.   7.  13.]
 [ 18.   7.   4.]
 [ 10.   5.  22.]]
cf_score, 20.0
nv_score, -8.0
ratio, 0.434343434343
[[ 16.   7.  13.]
 [ 16.   7.  12.]
 [  9.   6.  14.]]
cf_score, 15.0
nv_score, -24.0
ratio, 0.373737373737
[[ 17.  10.  13.]
 [ 16.   6.   8.]
 [  9.   6.  15.]]
cf_score, 16.0
nv_score, -19.0
ratio, 0.383838383838
[[ 16.   4.  11.]
 [ 16.  12.   9.]
 [  5.  13.  14.]]
cf_score, 26.0
nv_score, -17.0
ratio, 0.424242424242
[[ 11.  13.  21.]
 [ 14.   9.   7.]
 [  6.   8.  11.]]
cf_score, 4.0
nv_score, -38.0
ratio, 0.313131313131
[[ 14.   7.  12.]
 [ 17.  10.  11.]
 [  6.   4.  19.]]
cf_score, 25.0
nv_score, -16.0
ratio, 0.434343434343
[[ 23.   6.  10.]
 [ 11.   4.  13.]
 [  7.  12.  14.]]
cf_score, 24.0
nv_score, -19.0
ratio, 0.414141414141
[[  8.  13.   9.]
 [ 13.   8.  11.]
 [ 13.  10.  15.]]
cf_score, 9.0
nv_score, -14.0
ratio, 0.313131313131
[[ 16.   9.   9.]
 [ 13.   4.  11.]
 [  7.  11.  20.]]
cf_score, 24.0
nv_score, -9.0
ratio, 0.40404040404
[[ 13.   7.  12.]
 [ 10.  12.  19.]
 [  5.  10.  12.]]
cf_score, 20.0
nv_score, -31.0
ratio, 0.373737373737
[[ 18.  15.   8.]
 [ 12.   4.  12.]
 [  7.   7.  17.]]
cf_score, 24.0
nv_score, -11.0
ratio, 0.393939393939
[[ 10.   6.  12.]
 [ 16.   6.  11.]
 [  9.   7.  23.]]
cf_score, 18.0
nv_score, -12.0
ratio, 0.393939393939
[[ 23.   8.  10.]
 [  5.   7.  15.]
 [  5.  10.  17.]]
cf_score, 32.0
nv_score, -18.0
ratio, 0.474747474747
[[ 16.   8.  15.]
 [  9.  10.  13.]
 [  7.   9.  13.]]
cf_score, 17.0
nv_score, -30.0
ratio, 0.393939393939
[[ 23.   9.  13.]
 [ 13.  13.   4.]
 [  6.   5.  14.]]
cf_score, 31.0
nv_score, -16.0
ratio, 0.505050505051
[[ 10.  13.   8.]
 [ 19.  14.  13.]
 [  3.   7.  13.]]
cf_score, 26.0
nv_score, -16.0
ratio, 0.373737373737
[[ 15.  13.  13.]
 [  6.   8.  19.]
 [  6.   8.  12.]]
cf_score, 16.0
nv_score, -33.0
ratio, 0.353535353535
[[ 21.   7.  15.]
 [ 12.   9.  12.]
 [  4.  12.   8.]]
cf_score, 19.0
nv_score, -34.0
ratio, 0.383838383838
