[[  0.  25.  12.]
 [  0.  26.   8.]
 [  0.  22.   7.]]
cf_score, 21.0
ratio, 0.333333333333
[[  0.  23.   5.]
 [  0.  30.   4.]
 [  0.  33.   5.]]
cf_score, 30.0
ratio, 0.353535353535
[[  0.  15.  13.]
 [  0.  31.   5.]
 [  0.  22.  14.]]
cf_score, 32.0
ratio, 0.454545454545
[[  0.  28.   6.]
 [  0.  23.  10.]
 [  0.  19.  14.]]
cf_score, 31.0
ratio, 0.373737373737
[[  0.  21.   4.]
 [  0.  28.  10.]
 [  0.  23.  14.]]
cf_score, 38.0
ratio, 0.424242424242
[[  0.  31.  10.]
 [  0.  16.  10.]
 [  0.  19.  14.]]
cf_score, 20.0
ratio, 0.30303030303
[[  0.  18.  13.]
 [  0.  17.  18.]
 [  0.  16.  18.]]
cf_score, 22.0
ratio, 0.353535353535
[[  0.  14.  22.]
 [  0.  16.  14.]
 [  0.   7.  27.]]
cf_score, 21.0
ratio, 0.434343434343
[[  0.  28.   8.]
 [  0.  26.   8.]
 [  0.  17.  13.]]
cf_score, 31.0
ratio, 0.393939393939
[[  0.  25.  13.]
 [  0.  24.   8.]
 [  0.  17.  13.]]
cf_score, 24.0
ratio, 0.373737373737
[[  0.  16.  14.]
 [  0.  30.   7.]
 [  0.  22.  11.]]
cf_score, 27.0
ratio, 0.414141414141
[[  0.  17.  12.]
 [  0.  30.  15.]
 [  0.  11.  15.]]
cf_score, 33.0
ratio, 0.454545454545
[[  0.  16.  16.]
 [  0.  20.  10.]
 [  0.  15.  23.]]
cf_score, 27.0
ratio, 0.434343434343
[[  0.  18.  17.]
 [  0.  20.   6.]
 [  0.  20.  19.]]
cf_score, 22.0
ratio, 0.393939393939
[[  0.  29.  12.]
 [  0.  14.  11.]
 [  0.  20.  14.]]
cf_score, 16.0
ratio, 0.282828282828
[[  0.  16.  18.]
 [  0.  20.  13.]
 [  0.   9.  24.]]
cf_score, 26.0
ratio, 0.444444444444
[[  1.  17.  11.]
 [  0.  21.  15.]
 [  2.  14.  19.]]
cf_score, 28.0
ratio, 0.414141414141
[[  2.  24.  16.]
 [  0.  17.   9.]
 [  1.   8.  23.]]
cf_score, 25.0
ratio, 0.424242424242
[[  3.  12.  17.]
 [  0.  17.   7.]
 [  0.  21.  23.]]
cf_score, 26.0
ratio, 0.434343434343
[[  1.  18.  14.]
 [  6.  17.  14.]
 [  3.  14.  13.]]
cf_score, 14.0
ratio, 0.313131313131
[[  2.  19.  17.]
 [  0.  19.  16.]
 [  2.   7.  18.]]
cf_score, 20.0
ratio, 0.393939393939
[[  3.  19.  11.]
 [  1.  16.  13.]
 [  0.  17.  20.]]
cf_score, 28.0
ratio, 0.393939393939
[[  2.  18.  20.]
 [  1.  19.  10.]
 [  2.  13.  15.]]
cf_score, 14.0
ratio, 0.363636363636
[[  5.  18.  11.]
 [  1.  26.   9.]
 [  2.   8.  20.]]
cf_score, 38.0
ratio, 0.515151515152
[[  5.  15.  16.]
 [  5.  18.  10.]
 [  2.  15.  14.]]
cf_score, 19.0
ratio, 0.373737373737
[[  5.  20.  14.]
 [  2.  15.  11.]
 [  0.  13.  20.]]
cf_score, 26.0
ratio, 0.40404040404
[[  3.  14.  14.]
 [  2.  22.  10.]
 [  1.  16.  18.]]
cf_score, 28.0
ratio, 0.434343434343
[[  4.  16.  10.]
 [  2.  22.  14.]
 [  0.  10.  22.]]
cf_score, 38.0
ratio, 0.484848484848
[[  6.  18.  17.]
 [  2.  14.  13.]
 [  1.  16.  13.]]
cf_score, 15.0
ratio, 0.333333333333
[[  8.  15.  14.]
 [  1.  18.  10.]
 [  0.  14.  20.]]
cf_score, 32.0
ratio, 0.464646464646
[[  2.  16.  18.]
 [  4.  18.   5.]
 [  0.  21.  16.]]
cf_score, 18.0
ratio, 0.363636363636
[[  7.  16.  10.]
 [  6.  15.  11.]
 [  2.  16.  17.]]
cf_score, 27.0
ratio, 0.393939393939
[[  1.  18.  17.]
 [  4.  19.  11.]
 [  0.  11.  19.]]
cf_score, 22.0
ratio, 0.393939393939
[[  2.  16.  12.]
 [  2.  24.   9.]
 [  0.  20.  15.]]
cf_score, 29.0
ratio, 0.414141414141
[[  3.  17.  11.]
 [  3.  21.   7.]
 [  2.  13.  23.]]
cf_score, 34.0
ratio, 0.474747474747
[[  6.  13.  17.]
 [  1.  19.   7.]
 [  1.  16.  20.]]
cf_score, 27.0
ratio, 0.454545454545
[[  1.  16.  13.]
 [  2.  14.  20.]
 [  0.  14.  20.]]
cf_score, 22.0
ratio, 0.353535353535
[[  5.  19.  18.]
 [  1.  20.  11.]
 [  1.   6.  19.]]
cf_score, 25.0
ratio, 0.444444444444
[[  5.  15.  10.]
 [  5.  23.   9.]
 [  3.  11.  19.]]
cf_score, 34.0
ratio, 0.474747474747
[[  4.  20.   6.]
 [  4.  17.  10.]
 [  1.  20.  18.]]
cf_score, 32.0
ratio, 0.393939393939
[[  6.  18.  16.]
 [  4.  22.  10.]
 [  1.   7.  16.]]
cf_score, 27.0
ratio, 0.444444444444
[[  7.  15.  16.]
 [  0.  20.  10.]
 [  1.  11.  20.]]
cf_score, 30.0
ratio, 0.474747474747
[[  1.  20.  14.]
 [  3.  21.  10.]
 [  0.  14.  17.]]
cf_score, 25.0
ratio, 0.393939393939
[[  4.  18.  11.]
 [  3.  21.   6.]
 [  4.  22.  11.]]
cf_score, 21.0
ratio, 0.363636363636
[[  1.  17.  13.]
 [  5.  19.  16.]
 [  2.  10.  17.]]
cf_score, 22.0
ratio, 0.373737373737
[[  7.  13.  13.]
 [  2.  16.   9.]
 [  2.  18.  20.]]
cf_score, 28.0
ratio, 0.434343434343
[[  5.  24.  15.]
 [  4.  22.   7.]
 [  0.  10.  13.]]
cf_score, 25.0
ratio, 0.40404040404
[[  4.  16.  18.]
 [  1.  23.  14.]
 [  0.   8.  16.]]
cf_score, 25.0
ratio, 0.434343434343
[[  2.  23.  13.]
 [  3.  20.  12.]
 [  1.  15.  11.]]
cf_score, 19.0
ratio, 0.333333333333
[[  3.  14.  19.]
 [  2.  15.   9.]
 [  2.  12.  24.]]
cf_score, 21.0
ratio, 0.424242424242
[[  4.  19.  15.]
 [  4.  19.   7.]
 [  2.  14.  16.]]
cf_score, 22.0
ratio, 0.393939393939
[[  6.  21.  16.]
 [  2.  16.   9.]
 [  0.  11.  19.]]
cf_score, 25.0
ratio, 0.414141414141
[[  5.  14.  15.]
 [  3.  20.   9.]
 [  1.  14.  19.]]
cf_score, 28.0
ratio, 0.444444444444
[[  3.  16.  14.]
 [  5.  20.  11.]
 [  0.  13.  18.]]
cf_score, 27.0
ratio, 0.414141414141
[[  6.  10.  15.]
 [  3.  20.  15.]
 [  3.   8.  20.]]
cf_score, 28.0
ratio, 0.464646464646
[[  4.  21.  13.]
 [  0.  17.  12.]
 [  1.  15.  17.]]
cf_score, 24.0
ratio, 0.383838383838
[[  9.  13.  12.]
 [  6.  17.   9.]
 [  2.   9.  23.]]
cf_score, 35.0
ratio, 0.494949494949
[[  7.  12.  14.]
 [  2.  17.  14.]
 [  2.  22.  10.]]
cf_score, 18.0
ratio, 0.343434343434
[[  5.  10.  10.]
 [  3.  20.  10.]
 [  4.  18.  20.]]
cf_score, 31.0
ratio, 0.454545454545
[[  5.   8.  17.]
 [  4.  16.  14.]
 [  0.  13.  23.]]
cf_score, 27.0
ratio, 0.444444444444
[[  3.  13.  12.]
 [  4.  23.   8.]
 [  2.  19.  16.]]
cf_score, 28.0
ratio, 0.424242424242
[[  6.  17.   9.]
 [  5.  22.  12.]
 [  1.  16.  12.]]
cf_score, 30.0
ratio, 0.40404040404
[[  2.  11.  18.]
 [  4.  20.   9.]
 [  2.  13.  21.]]
cf_score, 23.0
ratio, 0.434343434343
[[  8.  20.  13.]
 [  3.  17.   8.]
 [  1.  15.  15.]]
cf_score, 26.0
ratio, 0.40404040404
[[  3.  11.  18.]
 [  5.  23.  10.]
 [  1.  10.  19.]]
cf_score, 26.0
ratio, 0.454545454545
[[  4.  14.  19.]
 [  3.  20.   8.]
 [  1.  14.  17.]]
cf_score, 21.0
ratio, 0.414141414141
[[  4.  17.  14.]
 [  4.  18.   7.]
 [  6.   9.  21.]]
cf_score, 23.0
ratio, 0.434343434343
[[  9.  18.   8.]
 [  3.  21.  11.]
 [  2.  12.  16.]]
cf_score, 36.0
ratio, 0.464646464646
[[  5.  20.  10.]
 [  4.  20.   8.]
 [  1.  18.  14.]]
cf_score, 28.0
ratio, 0.393939393939
[[  2.  23.  18.]
 [  2.  19.   8.]
 [  4.  12.  12.]]
cf_score, 11.0
ratio, 0.333333333333
[[  3.  11.  12.]
 [  6.  21.   2.]
 [  2.  21.  22.]]
cf_score, 32.0
ratio, 0.464646464646
[[  4.  14.  14.]
 [  3.  15.  17.]
 [  0.  17.  16.]]
cf_score, 21.0
ratio, 0.353535353535
[[  4.  10.  18.]
 [  0.  16.  18.]
 [  1.  13.  20.]]
cf_score, 21.0
ratio, 0.40404040404
[[  5.  15.  12.]
 [  1.  23.   9.]
 [  3.  17.  15.]]
cf_score, 28.0
ratio, 0.434343434343
[[  3.  15.  16.]
 [  3.  12.  15.]
 [  3.  18.  15.]]
cf_score, 11.0
ratio, 0.30303030303
[[  8.  14.  11.]
 [  4.  18.   8.]
 [  2.  18.  17.]]
cf_score, 30.0
ratio, 0.434343434343
[[  6.  15.  17.]
 [  4.  13.   8.]
 [  3.  12.  22.]]
cf_score, 21.0
ratio, 0.414141414141
[[ 11.  12.  13.]
 [  2.  14.  12.]
 [  0.  20.  16.]]
cf_score, 28.0
ratio, 0.414141414141
[[  8.  18.  14.]
 [  2.  15.   8.]
 [  0.   9.  26.]]
cf_score, 35.0
ratio, 0.494949494949
[[  6.  20.  20.]
 [  1.  21.  10.]
 [  1.   7.  14.]]
cf_score, 20.0
ratio, 0.414141414141
[[  5.  14.   8.]
 [  3.  24.  10.]
 [  3.  14.  19.]]
cf_score, 37.0
ratio, 0.484848484848
[[  4.  16.  14.]
 [  3.  22.   9.]
 [  4.  14.  14.]]
cf_score, 22.0
ratio, 0.40404040404
[[  4.  19.  19.]
 [  7.  22.   5.]
 [  1.   9.  14.]]
cf_score, 20.0
ratio, 0.40404040404
[[  4.  16.  14.]
 [  3.  19.  17.]
 [  0.  14.  13.]]
cf_score, 22.0
ratio, 0.363636363636
[[  4.  17.  18.]
 [  1.  22.  14.]
 [  2.  11.  11.]]
cf_score, 17.0
ratio, 0.373737373737
[[  4.  12.  16.]
 [  3.  15.  14.]
 [  1.  13.  22.]]
cf_score, 24.0
ratio, 0.414141414141
[[  6.  15.   8.]
 [  7.  22.  10.]
 [  3.  16.  13.]]
cf_score, 30.0
ratio, 0.414141414141
[[  3.  13.  16.]
 [  5.  23.   6.]
 [  4.  12.  18.]]
cf_score, 24.0
ratio, 0.444444444444
[[  2.  10.  15.]
 [  2.  20.  11.]
 [  2.  17.  21.]]
cf_score, 26.0
ratio, 0.434343434343
[[  5.  21.  14.]
 [  2.  14.  13.]
 [  2.  10.  19.]]
cf_score, 22.0
ratio, 0.383838383838
[[  8.  13.  15.]
 [  4.  16.   9.]
 [  1.  19.  15.]]
cf_score, 23.0
ratio, 0.393939393939
[[  4.  13.  15.]
 [  3.  13.  17.]
 [  1.  14.  20.]]
cf_score, 21.0
ratio, 0.373737373737
[[  5.  13.  22.]
 [  4.  18.   9.]
 [  3.   8.  18.]]
cf_score, 16.0
ratio, 0.414141414141
[[  6.  10.  18.]
 [  2.  17.  15.]
 [  1.  15.  16.]]
cf_score, 20.0
ratio, 0.393939393939
[[  2.  13.  11.]
 [  5.  20.  13.]
 [  1.  14.  21.]]
cf_score, 31.0
ratio, 0.434343434343
[[  2.  14.  11.]
 [  5.  17.   8.]
 [  2.  17.  24.]]
cf_score, 30.0
ratio, 0.434343434343
[[  2.  14.  15.]
 [  4.  21.   9.]
 [  2.  10.  23.]]
cf_score, 29.0
ratio, 0.464646464646
[[  8.  25.  16.]
 [  3.  21.   6.]
 [  1.  10.  10.]]
cf_score, 22.0
ratio, 0.393939393939
[[  5.  19.  15.]
 [  4.  19.   6.]
 [  1.  15.  16.]]
cf_score, 24.0
ratio, 0.40404040404
[[ 10.  17.  13.]
 [  3.  14.   7.]
 [  2.  17.  17.]]
cf_score, 26.0
ratio, 0.414141414141
