[[  2.  18.  11.]
 [  1.  24.  14.]
 [  2.  17.  11.]]
cf_score, 24.0
nv_score, -25.0
ratio, 0.373737373737
[[ 13.  15.  10.]
 [ 10.  15.  13.]
 [  5.   8.  11.]]
cf_score, 24.0
nv_score, -22.0
ratio, 0.393939393939
[[ 22.   0.  10.]
 [ 27.   0.   9.]
 [ 20.   0.  12.]]
cf_score, 4.0
nv_score, -17.0
ratio, 0.343434343434
[[ 19.   0.   9.]
 [ 29.   0.  14.]
 [ 12.   0.  17.]]
cf_score, 15.0
nv_score, -15.0
ratio, 0.363636363636
[[ 21.   0.  10.]
 [ 20.   0.  14.]
 [ 18.   0.  17.]]
cf_score, 10.0
nv_score, -17.0
ratio, 0.383838383838
[[ 22.   0.  18.]
 [ 24.   0.  12.]
 [ 10.   0.  14.]]
cf_score, 8.0
nv_score, -34.0
ratio, 0.363636363636
[[ 20.   0.  12.]
 [ 21.   0.  11.]
 [ 11.   0.  25.]]
cf_score, 22.0
nv_score, -10.0
ratio, 0.454545454545
[[ 23.   0.   9.]
 [ 31.   0.   7.]
 [ 16.   0.  14.]]
cf_score, 12.0
nv_score, -11.0
ratio, 0.373737373737
[[ 20.   0.  11.]
 [ 31.   0.  12.]
 [  9.   0.  17.]]
cf_score, 17.0
nv_score, -17.0
ratio, 0.373737373737
[[ 17.   0.  16.]
 [ 23.   0.  21.]
 [  5.   0.  18.]]
cf_score, 14.0
nv_score, -35.0
ratio, 0.353535353535
[[ 19.   0.  12.]
 [ 23.   0.  19.]
 [  7.   0.  20.]]
cf_score, 20.0
nv_score, -23.0
ratio, 0.393939393939
[[ 27.   0.  12.]
 [ 18.   0.  14.]
 [  8.   0.  21.]]
cf_score, 28.0
nv_score, -17.0
ratio, 0.484848484848
[[ 21.   0.   9.]
 [ 25.   0.  12.]
 [ 19.   0.  14.]]
cf_score, 7.0
nv_score, -16.0
ratio, 0.353535353535
[[ 25.   0.   6.]
 [ 21.   0.  13.]
 [ 13.   0.  22.]]
cf_score, 28.0
nv_score, -3.0
ratio, 0.474747474747
[[ 24.   0.   8.]
 [ 24.   0.  12.]
 [ 12.   0.  20.]]
cf_score, 24.0
nv_score, -8.0
ratio, 0.444444444444
[[ 25.   0.  12.]
 [ 17.   0.  11.]
 [ 16.   0.  19.]]
cf_score, 16.0
nv_score, -16.0
ratio, 0.444444444444
[[ 19.   0.   8.]
 [ 26.   0.  13.]
 [ 13.   0.  21.]]
cf_score, 19.0
nv_score, -8.0
ratio, 0.40404040404
[[ 28.   0.   8.]
 [ 22.   0.   8.]
 [ 14.   0.  20.]]
cf_score, 26.0
nv_score, -4.0
ratio, 0.484848484848
[[ 21.   0.  14.]
 [ 24.   0.  10.]
 [ 17.   0.  14.]]
cf_score, 4.0
nv_score, -24.0
ratio, 0.353535353535
[[ 24.   0.  11.]
 [ 18.   0.   9.]
 [ 20.   0.  18.]]
cf_score, 11.0
nv_score, -13.0
ratio, 0.424242424242
[[ 24.   0.   7.]
 [ 22.   0.  20.]
 [ 10.   0.  17.]]
cf_score, 24.0
nv_score, -17.0
ratio, 0.414141414141
[[ 20.   0.  10.]
 [ 30.   0.   9.]
 [ 12.   0.  19.]]
cf_score, 17.0
nv_score, -10.0
ratio, 0.393939393939
[[ 26.   0.  12.]
 [ 15.   0.  14.]
 [ 10.   0.  23.]]
cf_score, 27.0
nv_score, -15.0
ratio, 0.494949494949
[[ 25.   0.   6.]
 [ 26.   0.  10.]
 [ 16.   0.  17.]]
cf_score, 20.0
nv_score, -5.0
ratio, 0.424242424242
[[ 25.   0.   6.]
 [ 23.   0.  18.]
 [ 12.   0.  16.]]
cf_score, 23.0
nv_score, -14.0
ratio, 0.414141414141
[[ 22.   0.  12.]
 [ 16.   0.   8.]
 [ 11.   0.  31.]]
cf_score, 30.0
nv_score, -1.0
ratio, 0.535353535354
[[ 18.   0.   7.]
 [ 18.   0.  15.]
 [ 19.   0.  23.]]
cf_score, 15.0
nv_score, -6.0
ratio, 0.414141414141
[[ 26.   0.   8.]
 [ 32.   0.  10.]
 [ 10.   0.  14.]]
cf_score, 22.0
nv_score, -12.0
ratio, 0.40404040404
[[ 21.   0.  11.]
 [ 24.   0.  13.]
 [ 16.   0.  15.]]
cf_score, 9.0
nv_score, -20.0
ratio, 0.363636363636
[[ 23.   1.  14.]
 [ 21.   0.  14.]
 [ 12.   0.  15.]]
cf_score, 12.0
nv_score, -27.0
ratio, 0.383838383838
[[ 20.   0.  16.]
 [ 23.   2.  15.]
 [ 12.   0.  12.]]
cf_score, 6.0
nv_score, -35.0
ratio, 0.343434343434
[[ 18.   2.   5.]
 [ 23.   4.  11.]
 [ 17.   6.  14.]]
cf_score, 14.0
nv_score, -7.0
ratio, 0.363636363636
[[ 15.   2.  16.]
 [ 24.   0.  20.]
 [ 10.   0.  13.]]
cf_score, 2.0
nv_score, -39.0
ratio, 0.282828282828
[[ 24.   1.   8.]
 [ 21.   1.  15.]
 [ 10.   1.  19.]]
cf_score, 26.0
nv_score, -12.0
ratio, 0.444444444444
[[ 16.   4.  10.]
 [ 24.   3.  15.]
 [ 14.   1.  13.]]
cf_score, 8.0
nv_score, -22.0
ratio, 0.323232323232
[[ 23.   2.   8.]
 [ 22.   2.  13.]
 [  8.   4.  18.]]
cf_score, 27.0
nv_score, -11.0
ratio, 0.434343434343
[[ 24.   7.  11.]
 [ 17.   1.   7.]
 [ 17.   3.  13.]]
cf_score, 10.0
nv_score, -16.0
ratio, 0.383838383838
[[ 25.   3.  15.]
 [ 18.   2.  16.]
 [  7.   0.  14.]]
cf_score, 19.0
nv_score, -32.0
ratio, 0.414141414141
[[ 24.   1.   9.]
 [ 12.   2.  15.]
 [ 12.   3.  22.]]
cf_score, 27.0
nv_score, -11.0
ratio, 0.484848484848
[[ 20.   4.   9.]
 [ 18.   4.  19.]
 [  9.   2.  15.]]
cf_score, 21.0
nv_score, -22.0
ratio, 0.393939393939
[[ 17.   3.  12.]
 [ 17.   2.  18.]
 [ 12.   1.  18.]]
cf_score, 13.0
nv_score, -24.0
ratio, 0.373737373737
[[ 14.   4.   7.]
 [ 23.   3.  15.]
 [ 17.   1.  16.]]
cf_score, 9.0
nv_score, -13.0
ratio, 0.333333333333
[[ 12.   9.   7.]
 [ 27.   6.  12.]
 [  6.   2.  19.]]
cf_score, 24.0
nv_score, -7.0
ratio, 0.373737373737
[[ 20.   2.  14.]
 [ 13.   7.  12.]
 [ 11.   1.  20.]]
cf_score, 22.0
nv_score, -20.0
ratio, 0.474747474747
[[ 28.   3.  10.]
 [ 11.   2.  12.]
 [  8.   3.  23.]]
cf_score, 35.0
nv_score, -9.0
ratio, 0.535353535354
[[ 14.   3.  10.]
 [ 17.   8.  11.]
 [ 17.   5.  15.]]
cf_score, 10.0
nv_score, -16.0
ratio, 0.373737373737
[[ 17.   4.  15.]
 [ 21.   5.  11.]
 [ 11.   3.  13.]]
cf_score, 9.0
nv_score, -28.0
ratio, 0.353535353535
[[ 15.   2.  21.]
 [ 21.   4.  16.]
 [  8.   0.  13.]]
cf_score, 3.0
nv_score, -45.0
ratio, 0.323232323232
[[ 17.   0.  16.]
 [ 14.   2.  19.]
 [  6.   5.  21.]]
cf_score, 18.0
nv_score, -30.0
ratio, 0.40404040404
[[ 27.   3.   9.]
 [ 15.   5.  15.]
 [  8.   1.  17.]]
cf_score, 32.0
nv_score, -16.0
ratio, 0.494949494949
