[[  0.  21.  16.]
 [  0.  16.   9.]
 [  0.  16.  22.]]
cf_score, 22.0
ratio, 0.383838383838
[[  8.  12.  11.]
 [ 11.  13.  14.]
 [  9.   4.  18.]]
cf_score, 19.0
ratio, 0.393939393939
[[ 16.   3.  15.]
 [ 16.   5.  11.]
 [ 11.   4.  19.]]
cf_score, 14.0
ratio, 0.40404040404
[[  7.  12.  12.]
 [ 13.   5.  14.]
 [ 12.   5.  20.]]
cf_score, 8.0
ratio, 0.323232323232
[[ 13.  12.   7.]
 [ 15.   9.  11.]
 [ 14.   5.  14.]]
cf_score, 15.0
ratio, 0.363636363636
[[ 13.   9.   7.]
 [ 15.   8.  17.]
 [  9.   2.  20.]]
cf_score, 25.0
ratio, 0.414141414141
[[ 24.  10.   6.]
 [ 12.  10.   6.]
 [  8.   7.  17.]]
cf_score, 37.0
ratio, 0.515151515152
[[ 18.   9.   7.]
 [ 12.  17.  10.]
 [  6.   9.  12.]]
cf_score, 34.0
ratio, 0.474747474747
[[ 10.  13.  11.]
 [ 13.   9.   8.]
 [  9.  12.  15.]]
cf_score, 14.0
ratio, 0.343434343434
[[ 10.  15.   3.]
 [  7.  12.  12.]
 [  8.  12.  21.]]
cf_score, 32.0
ratio, 0.434343434343
[[ 12.  16.   8.]
 [  7.  12.  16.]
 [  7.   8.  14.]]
cf_score, 23.0
ratio, 0.383838383838
[[  2.  14.  11.]
 [  3.  18.  11.]
 [  2.  11.  28.]]
cf_score, 35.0
ratio, 0.484848484848
[[  9.  20.   9.]
 [  6.  14.  12.]
 [  4.   4.  22.]]
cf_score, 32.0
ratio, 0.454545454545
[[  6.  20.   8.]
 [  5.  11.  18.]
 [  1.   9.  22.]]
cf_score, 30.0
ratio, 0.393939393939
[[ 10.  23.   9.]
 [  7.  12.   9.]
 [  6.  12.  12.]]
cf_score, 19.0
ratio, 0.343434343434
[[ 14.  17.  12.]
 [  8.  12.  14.]
 [  0.   8.  15.]]
cf_score, 29.0
ratio, 0.414141414141
[[ 11.  25.   5.]
 [  6.  22.   9.]
 [  4.   7.  11.]]
cf_score, 35.0
ratio, 0.444444444444
[[  6.  18.   9.]
 [  7.  21.  10.]
 [  1.  13.  15.]]
cf_score, 32.0
ratio, 0.424242424242
[[  9.  12.   1.]
 [ 16.  18.   9.]
 [  8.  14.  13.]]
cf_score, 31.0
ratio, 0.40404040404
[[  9.  22.   5.]
 [ 11.  14.  10.]
 [  4.   9.  16.]]
cf_score, 30.0
ratio, 0.393939393939
[[  7.  21.   9.]
 [  4.  19.   8.]
 [  5.  14.  13.]]
cf_score, 25.0
ratio, 0.393939393939
[[  6.  22.   8.]
 [  7.  16.  11.]
 [  3.  12.  15.]]
cf_score, 26.0
ratio, 0.373737373737
[[ 11.  21.   5.]
 [ 11.  14.   6.]
 [  5.  13.  14.]]
cf_score, 29.0
ratio, 0.393939393939
[[  8.  20.  13.]
 [  9.   9.   8.]
 [  7.   8.  18.]]
cf_score, 15.0
ratio, 0.353535353535
[[ 10.  13.   9.]
 [ 12.  19.  11.]
 [  3.   7.  16.]]
cf_score, 33.0
ratio, 0.454545454545
[[ 10.  21.   8.]
 [ 12.  10.   7.]
 [  2.  13.  17.]]
cf_score, 27.0
ratio, 0.373737373737
[[ 11.  18.   6.]
 [  5.  21.   9.]
 [  7.  12.  11.]]
cf_score, 30.0
ratio, 0.434343434343
[[  8.  17.   8.]
 [ 11.  16.   5.]
 [  3.  12.  20.]]
cf_score, 33.0
ratio, 0.444444444444
[[ 11.  19.   5.]
 [  8.  15.  12.]
 [  5.   6.  19.]]
cf_score, 35.0
ratio, 0.454545454545
[[  8.   9.   8.]
 [ 10.  17.   9.]
 [  5.  17.  17.]]
cf_score, 29.0
ratio, 0.424242424242
[[ 12.  17.   5.]
 [  8.  16.  10.]
 [  4.  11.  17.]]
cf_score, 36.0
ratio, 0.454545454545
[[ 12.  12.   2.]
 [  6.  25.  10.]
 [  6.  11.  16.]]
cf_score, 45.0
ratio, 0.535353535354
[[ 12.  19.   7.]
 [  9.  12.   4.]
 [  8.  10.  19.]]
cf_score, 28.0
ratio, 0.434343434343
[[ 16.   9.   8.]
 [  6.  24.   7.]
 [  2.   9.  19.]]
cf_score, 49.0
ratio, 0.59595959596
[[  9.  22.   9.]
 [ 12.  15.  12.]
 [  5.   6.  10.]]
cf_score, 20.0
ratio, 0.343434343434
[[ 11.  20.   5.]
 [ 15.  15.  12.]
 [  4.  12.   6.]]
cf_score, 23.0
ratio, 0.323232323232
[[  9.  13.   7.]
 [ 14.  13.   9.]
 [  1.  11.  23.]]
cf_score, 37.0
ratio, 0.454545454545
[[ 14.  19.   6.]
 [  9.  11.   5.]
 [  5.  14.  17.]]
cf_score, 31.0
ratio, 0.424242424242
[[ 11.  16.   7.]
 [ 12.  16.   7.]
 [  4.  17.  10.]]
cf_score, 26.0
ratio, 0.373737373737
[[  7.  16.   7.]
 [ 12.  18.  10.]
 [  5.  12.  13.]]
cf_score, 26.0
ratio, 0.383838383838
[[  8.   8.   9.]
 [ 10.  13.  11.]
 [  3.  16.  22.]]
cf_score, 31.0
ratio, 0.434343434343
[[ 11.  19.   6.]
 [  8.  16.  12.]
 [  3.  10.  15.]]
cf_score, 33.0
ratio, 0.424242424242
[[  6.  16.   9.]
 [ 10.  17.  11.]
 [  6.  10.  15.]]
cf_score, 23.0
ratio, 0.383838383838
[[ 10.  14.   7.]
 [ 11.  11.  10.]
 [ 10.  14.  13.]]
cf_score, 17.0
ratio, 0.343434343434
[[ 13.  11.   9.]
 [  8.  16.   6.]
 [  5.  18.  14.]]
cf_score, 29.0
ratio, 0.434343434343
[[  8.  12.   9.]
 [ 17.  10.   9.]
 [  3.  15.  17.]]
cf_score, 23.0
ratio, 0.353535353535
[[ 19.  17.   6.]
 [  8.  17.   8.]
 [  3.  14.   8.]]
cf_score, 35.0
ratio, 0.444444444444
[[ 13.  16.   7.]
 [  9.  12.  15.]
 [  4.   7.  17.]]
cf_score, 31.0
ratio, 0.424242424242
[[ 10.  15.   4.]
 [ 13.  13.  13.]
 [  5.  12.  15.]]
cf_score, 29.0
ratio, 0.383838383838
[[  7.  21.   8.]
 [  6.  18.   8.]
 [  7.  10.  15.]]
cf_score, 25.0
ratio, 0.40404040404
[[  8.  20.   6.]
 [  4.  13.   8.]
 [  3.  16.  22.]]
cf_score, 34.0
ratio, 0.434343434343
[[ 11.  10.   8.]
 [  4.  13.  10.]
 [ 11.  15.  18.]]
cf_score, 23.0
ratio, 0.424242424242
[[ 10.  18.   6.]
 [  9.  14.  10.]
 [  5.  14.  14.]]
cf_score, 27.0
ratio, 0.383838383838
[[  9.  19.   7.]
 [ 10.  12.  10.]
 [  6.  13.  14.]]
cf_score, 22.0
ratio, 0.353535353535
[[  8.  18.   4.]
 [ 11.   9.  11.]
 [  6.  14.  19.]]
cf_score, 26.0
ratio, 0.363636363636
[[ 20.  14.   7.]
 [ 14.  11.   8.]
 [  6.   9.  11.]]
cf_score, 29.0
ratio, 0.424242424242
[[ 13.  17.   6.]
 [  6.   9.  15.]
 [  3.  10.  21.]]
cf_score, 34.0
ratio, 0.434343434343
[[  5.  18.   5.]
 [  9.  20.  10.]
 [  4.  11.  18.]]
cf_score, 34.0
ratio, 0.434343434343
[[ 10.  18.   8.]
 [  8.  12.  11.]
 [  3.  12.  18.]]
cf_score, 29.0
ratio, 0.40404040404
[[ 10.  19.   6.]
 [ 12.   7.   9.]
 [ 10.  14.  13.]]
cf_score, 14.0
ratio, 0.30303030303
[[ 16.  13.   9.]
 [  8.  11.   7.]
 [  2.  19.  15.]]
cf_score, 31.0
ratio, 0.424242424242
[[  4.  16.   3.]
 [ 10.  16.  10.]
 [  8.  17.  16.]]
cf_score, 25.0
ratio, 0.363636363636
[[ 13.  22.   8.]
 [  9.   7.  10.]
 [  6.   9.  16.]]
cf_score, 22.0
ratio, 0.363636363636
[[ 11.  19.   5.]
 [ 10.  11.  11.]
 [  4.  14.  15.]]
cf_score, 28.0
ratio, 0.373737373737
[[  7.  20.  13.]
 [  4.  15.   7.]
 [  5.  15.  14.]]
cf_score, 18.0
ratio, 0.363636363636
[[  5.  17.   8.]
 [  4.  20.  11.]
 [  6.  15.  14.]]
cf_score, 25.0
ratio, 0.393939393939
[[ 10.  20.  12.]
 [  7.  16.   7.]
 [  2.  12.  14.]]
cf_score, 26.0
ratio, 0.40404040404
[[  8.  12.   6.]
 [ 15.   8.   6.]
 [  8.  14.  23.]]
cf_score, 25.0
ratio, 0.393939393939
[[ 10.  15.   9.]
 [ 13.  12.  13.]
 [  5.  14.   9.]]
cf_score, 17.0
ratio, 0.313131313131
[[ 14.  15.   6.]
 [ 10.  10.  10.]
 [  5.  13.  17.]]
cf_score, 30.0
ratio, 0.414141414141
[[  5.  25.   1.]
 [ 11.  14.  13.]
 [  7.  12.  12.]]
cf_score, 23.0
ratio, 0.313131313131
[[ 17.  14.   4.]
 [ 11.  12.  11.]
 [  5.  11.  15.]]
cf_score, 35.0
ratio, 0.444444444444
[[  7.  17.  11.]
 [  7.  12.   9.]
 [  5.  11.  21.]]
cf_score, 24.0
ratio, 0.40404040404
[[  8.  14.   6.]
 [ 11.  14.  13.]
 [  1.  14.  19.]]
cf_score, 34.0
ratio, 0.414141414141
[[ 13.  17.   7.]
 [ 18.   7.   8.]
 [  5.   8.  17.]]
cf_score, 25.0
ratio, 0.373737373737
[[ 10.  17.   7.]
 [  9.   7.  11.]
 [  9.  15.  15.]]
cf_score, 16.0
ratio, 0.323232323232
[[ 18.  14.   3.]
 [ 13.  17.   7.]
 [  9.   8.  11.]]
cf_score, 34.0
ratio, 0.464646464646
[[  6.  16.   5.]
 [  9.  15.   5.]
 [  8.  18.  18.]]
cf_score, 26.0
ratio, 0.393939393939
[[  6.  13.   5.]
 [  7.  15.  18.]
 [  4.  13.  19.]]
cf_score, 31.0
ratio, 0.40404040404
[[ 14.  19.   3.]
 [ 11.  14.  10.]
 [  4.  13.  12.]]
cf_score, 33.0
ratio, 0.40404040404
[[ 12.  21.   2.]
 [ 11.  16.   5.]
 [  4.  16.  13.]]
cf_score, 35.0
ratio, 0.414141414141
[[ 16.  22.   6.]
 [  9.  12.   9.]
 [  7.   9.  10.]]
cf_score, 25.0
ratio, 0.383838383838
[[ 15.  10.   7.]
 [  9.  10.   9.]
 [ 11.  14.  15.]]
cf_score, 22.0
ratio, 0.40404040404
[[ 11.  18.   6.]
 [ 10.   8.   7.]
 [  5.  18.  17.]]
cf_score, 25.0
ratio, 0.363636363636
[[  6.  17.   8.]
 [  3.  15.  11.]
 [ 10.  10.  20.]]
cf_score, 23.0
ratio, 0.414141414141
[[ 10.  26.   8.]
 [  7.   8.   6.]
 [  1.  14.  20.]]
cf_score, 29.0
ratio, 0.383838383838
[[ 11.  16.   9.]
 [  7.  11.  11.]
 [  7.   8.  20.]]
cf_score, 26.0
ratio, 0.424242424242
[[  7.  13.   7.]
 [ 14.  14.   5.]
 [  3.  15.  22.]]
cf_score, 33.0
ratio, 0.434343434343
[[  6.  24.   7.]
 [  7.   9.  12.]
 [  4.  17.  14.]]
cf_score, 18.0
ratio, 0.292929292929
[[  7.  16.   9.]
 [ 10.  14.  13.]
 [  3.  12.  16.]]
cf_score, 25.0
ratio, 0.373737373737
[[ 16.  22.   9.]
 [  8.   8.   7.]
 [  7.   9.  14.]]
cf_score, 22.0
ratio, 0.383838383838
[[ 14.  20.   3.]
 [ 12.  11.  13.]
 [  4.   4.  19.]]
cf_score, 37.0
ratio, 0.444444444444
[[ 16.  14.   9.]
 [  7.  13.   7.]
 [  5.   9.  20.]]
cf_score, 35.0
ratio, 0.494949494949
[[ 14.  21.  12.]
 [ 11.  12.   5.]
 [  2.   8.  15.]]
cf_score, 27.0
ratio, 0.414141414141
[[ 10.  18.   9.]
 [ 16.  12.   9.]
 [  0.  10.  16.]]
cf_score, 29.0
ratio, 0.383838383838
[[ 14.  14.   6.]
 [ 14.  17.   4.]
 [  6.  12.  13.]]
cf_score, 32.0
ratio, 0.444444444444
[[ 14.  18.   4.]
 [ 16.  14.   7.]
 [  7.   9.  11.]]
cf_score, 28.0
ratio, 0.393939393939
[[  7.  16.  10.]
 [  9.  14.  12.]
 [  4.  12.  16.]]
cf_score, 23.0
ratio, 0.373737373737
[[  9.  13.  15.]
 [ 11.  13.  10.]
 [  3.   9.  17.]]
cf_score, 21.0
ratio, 0.393939393939
[[ 15.  16.   4.]
 [ 10.  13.   8.]
 [ 11.  13.  10.]]
cf_score, 23.0
ratio, 0.383838383838
