[[  0.   0.  34.]
 [  0.   0.  40.]
 [  0.   0.  26.]]
cf_score, -8.0
nv_score, -82.0
ratio, 0.262626262626
[[  0.   0.  30.]
 [  0.   0.  33.]
 [  0.   0.  37.]]
cf_score, 7.0
nv_score, -56.0
ratio, 0.373737373737
[[  0.   0.  24.]
 [  0.   0.  40.]
 [  0.   0.  36.]]
cf_score, 12.0
nv_score, -52.0
ratio, 0.363636363636
[[  0.  31.   0.]
 [  0.  30.   0.]
 [  0.  39.   0.]]
cf_score, 30.0
nv_score, 0.0
ratio, 0.30303030303
[[ 32.   0.   0.]
 [ 37.   0.   0.]
 [ 31.   0.   0.]]
cf_score, 1.0
nv_score, 0.0
ratio, 0.323232323232
[[  0.   0.  38.]
 [  0.   0.  35.]
 [  0.   0.  27.]]
cf_score, -11.0
nv_score, -84.0
ratio, 0.272727272727
[[ 31.   0.   0.]
 [ 30.   0.   0.]
 [ 39.   0.   0.]]
cf_score, -8.0
nv_score, 0.0
ratio, 0.313131313131
[[  0.   0.  37.]
 [  0.   0.  37.]
 [  0.   0.  26.]]
cf_score, -11.0
nv_score, -85.0
ratio, 0.262626262626
[[  0.   0.  31.]
 [  0.   0.  28.]
 [  0.   0.  41.]]
cf_score, 10.0
nv_score, -49.0
ratio, 0.414141414141
[[ 27.   0.   0.]
 [ 41.   0.   0.]
 [ 32.   0.   0.]]
cf_score, -5.0
nv_score, 0.0
ratio, 0.272727272727
[[ 38.   0.   0.]
 [ 32.   0.   0.]
 [ 30.   0.   0.]]
cf_score, 8.0
nv_score, 0.0
ratio, 0.383838383838
[[  0.   0.  28.]
 [  0.   0.  39.]
 [  0.   0.  33.]]
cf_score, 5.0
nv_score, -62.0
ratio, 0.333333333333
[[  0.  35.   0.]
 [  0.  31.   0.]
 [  0.  34.   0.]]
cf_score, 31.0
nv_score, 0.0
ratio, 0.313131313131
[[  0.   0.  37.]
 [  0.   0.  27.]
 [  0.   0.  36.]]
cf_score, -1.0
nv_score, -65.0
ratio, 0.363636363636
[[ 30.   0.   0.]
 [ 35.   0.   0.]
 [ 35.   0.   0.]]
cf_score, -5.0
nv_score, 0.0
ratio, 0.30303030303
[[  0.   0.  27.]
 [  0.   0.  47.]
 [  0.   0.  26.]]
cf_score, -1.0
nv_score, -75.0
ratio, 0.262626262626
[[  0.  34.   0.]
 [  0.  32.   0.]
 [  0.  34.   0.]]
cf_score, 32.0
nv_score, 0.0
ratio, 0.323232323232
[[ 36.   0.   0.]
 [ 34.   0.   0.]
 [ 30.   0.   0.]]
cf_score, 6.0
nv_score, 0.0
ratio, 0.363636363636
[[  0.   0.  33.]
 [  0.   0.  33.]
 [  0.   0.  34.]]
cf_score, 1.0
nv_score, -65.0
ratio, 0.343434343434
[[ 27.   0.   0.]
 [ 49.   0.   0.]
 [ 24.   0.   0.]]
cf_score, 3.0
nv_score, 0.0
ratio, 0.272727272727
[[  0.   0.  32.]
 [  0.   0.  33.]
 [  0.   0.  35.]]
cf_score, 3.0
nv_score, -62.0
ratio, 0.353535353535
[[  0.   0.  28.]
 [  0.   0.  30.]
 [  0.   0.  42.]]
cf_score, 14.0
nv_score, -44.0
ratio, 0.424242424242
[[  0.   0.  38.]
 [  0.   0.  37.]
 [  0.   0.  25.]]
cf_score, -13.0
nv_score, -88.0
ratio, 0.252525252525
[[  0.  16.  15.]
 [  0.  24.  19.]
 [  0.  14.  12.]]
cf_score, 21.0
nv_score, -37.0
ratio, 0.363636363636
[[  0.  24.   5.]
 [  0.  40.   1.]
 [  0.  24.   6.]]
cf_score, 41.0
nv_score, -5.0
ratio, 0.464646464646
[[  3.  21.   0.]
 [  4.  36.   0.]
 [  9.  27.   0.]]
cf_score, 30.0
nv_score, 0.0
ratio, 0.393939393939
[[  2.  35.   0.]
 [  0.  29.   0.]
 [  2.  32.   0.]]
cf_score, 29.0
nv_score, 0.0
ratio, 0.313131313131
[[  2.  22.   0.]
 [  1.  41.   0.]
 [  8.  26.   0.]]
cf_score, 35.0
nv_score, 0.0
ratio, 0.434343434343
[[  5.  29.   0.]
 [  3.  35.   1.]
 [  8.  19.   0.]]
cf_score, 32.0
nv_score, -1.0
ratio, 0.40404040404
[[  8.  25.   1.]
 [  1.  23.   1.]
 [  9.  32.   0.]]
cf_score, 21.0
nv_score, -3.0
ratio, 0.313131313131
[[  9.  15.   2.]
 [  2.  36.   0.]
 [  3.  30.   3.]]
cf_score, 43.0
nv_score, -1.0
ratio, 0.484848484848
[[ 10.  19.   0.]
 [  7.  36.   0.]
 [ 10.  17.   1.]]
cf_score, 37.0
nv_score, 1.0
ratio, 0.474747474747
[[ 15.  28.   1.]
 [  3.  20.   0.]
 [ 10.  23.   0.]]
cf_score, 24.0
nv_score, -2.0
ratio, 0.353535353535
[[  4.  23.   2.]
 [  1.  32.   3.]
 [ 10.  16.   9.]]
cf_score, 33.0
nv_score, 2.0
ratio, 0.454545454545
[[ 10.  20.   2.]
 [  3.  27.   1.]
 [ 10.  23.   4.]]
cf_score, 29.0
nv_score, -1.0
ratio, 0.414141414141
[[  8.  19.   2.]
 [  2.  31.   3.]
 [  8.  23.   4.]]
cf_score, 33.0
nv_score, -3.0
ratio, 0.434343434343
[[ 15.  15.   3.]
 [  4.  25.   6.]
 [ 11.  14.   7.]]
cf_score, 33.0
nv_score, -5.0
ratio, 0.474747474747
[[  7.  21.   8.]
 [  3.  21.   8.]
 [ 12.  18.   2.]]
cf_score, 10.0
nv_score, -22.0
ratio, 0.30303030303
[[ 13.  25.   2.]
 [  2.  20.   1.]
 [  5.  28.   4.]]
cf_score, 30.0
nv_score, -1.0
ratio, 0.373737373737
[[ 11.  26.   4.]
 [  2.  22.   3.]
 [ 14.  14.   4.]]
cf_score, 19.0
nv_score, -7.0
ratio, 0.373737373737
[[ 11.  24.   3.]
 [  1.  22.   4.]
 [  9.  20.   6.]]
cf_score, 27.0
nv_score, -4.0
ratio, 0.393939393939
[[ 15.  24.   0.]
 [  1.  31.   2.]
 [  6.  19.   2.]]
cf_score, 42.0
nv_score, 0.0
ratio, 0.484848484848
[[ 11.  19.   4.]
 [  2.  26.   9.]
 [  3.  21.   5.]]
cf_score, 35.0
nv_score, -12.0
ratio, 0.424242424242
[[ 14.  15.   1.]
 [  5.  28.   3.]
 [ 13.  15.   6.]]
cf_score, 34.0
nv_score, 1.0
ratio, 0.484848484848
[[ 15.  12.   1.]
 [  6.  25.   1.]
 [ 21.  17.   2.]]
cf_score, 20.0
nv_score, -1.0
ratio, 0.424242424242
[[ 13.  16.   2.]
 [  3.  33.   3.]
 [  3.  23.   4.]]
cf_score, 45.0
nv_score, -3.0
ratio, 0.505050505051
[[  6.  18.   1.]
 [  2.  37.   2.]
 [  7.  24.   3.]]
cf_score, 38.0
nv_score, -1.0
ratio, 0.464646464646
[[  9.  14.   5.]
 [  2.  25.   5.]
 [ 14.  21.   5.]]
cf_score, 20.0
nv_score, -10.0
ratio, 0.393939393939
[[ 11.  16.   3.]
 [  2.  36.   1.]
 [  4.  22.   5.]]
cf_score, 45.0
nv_score, -2.0
ratio, 0.525252525253
[[ 11.  12.   2.]
 [  2.  28.  10.]
 [  6.  24.   5.]]
cf_score, 36.0
nv_score, -9.0
ratio, 0.444444444444
