[[  0.  16.  14.]
 [  0.  24.  11.]
 [  0.  22.  13.]]
cf_score, 23.0
nv_score, -26.0
ratio, 0.373737373737
[[  2.  38.   3.]
 [  0.  30.   1.]
 [  0.  18.   8.]]
cf_score, 37.0
nv_score, 1.0
ratio, 0.40404040404
[[  4.  27.   4.]
 [  2.  31.   0.]
 [  1.  21.  10.]]
cf_score, 40.0
nv_score, 2.0
ratio, 0.454545454545
[[  6.  30.   3.]
 [  2.  28.   3.]
 [  1.  19.   8.]]
cf_score, 38.0
nv_score, -1.0
ratio, 0.424242424242
[[  2.  27.   9.]
 [  7.  20.   2.]
 [  1.  18.  14.]]
cf_score, 26.0
nv_score, -6.0
ratio, 0.363636363636
[[  5.  24.   8.]
 [  6.  26.   2.]
 [  2.  15.  12.]]
cf_score, 33.0
nv_score, -6.0
ratio, 0.434343434343
[[ 14.  14.  11.]
 [  9.  12.  10.]
 [  2.  15.  13.]]
cf_score, 26.0
nv_score, -19.0
ratio, 0.393939393939
[[ 12.  20.  10.]
 [ 10.  10.   9.]
 [  4.  12.  13.]]
cf_score, 21.0
nv_score, -16.0
ratio, 0.353535353535
[[  9.  20.   8.]
 [  7.  20.   3.]
 [  1.  20.  12.]]
cf_score, 32.0
nv_score, -7.0
ratio, 0.414141414141
[[ 11.  17.  11.]
 [  6.  21.   5.]
 [  5.  11.  13.]]
cf_score, 29.0
nv_score, -14.0
ratio, 0.454545454545
[[ 20.   5.   8.]
 [ 12.  12.  10.]
 [  6.   7.  20.]]
cf_score, 38.0
nv_score, -6.0
ratio, 0.525252525253
[[ 14.   8.   8.]
 [ 18.  19.   1.]
 [  5.  15.  12.]]
cf_score, 32.0
nv_score, -5.0
ratio, 0.454545454545
[[ 18.   8.   4.]
 [  8.  19.   8.]
 [  7.  13.  15.]]
cf_score, 41.0
nv_score, -1.0
ratio, 0.525252525253
[[ 22.   7.   2.]
 [ 11.   7.  13.]
 [ 16.   7.  15.]]
cf_score, 26.0
nv_score, -2.0
ratio, 0.444444444444
[[ 17.   8.  10.]
 [ 16.  10.   4.]
 [ 12.  11.  12.]]
cf_score, 17.0
nv_score, -12.0
ratio, 0.393939393939
[[ 17.   7.  14.]
 [ 19.  11.   4.]
 [  9.   5.  14.]]
cf_score, 19.0
nv_score, -18.0
ratio, 0.424242424242
[[ 23.   4.  13.]
 [ 13.   5.   8.]
 [ 14.   6.  14.]]
cf_score, 15.0
nv_score, -20.0
ratio, 0.424242424242
[[ 22.   7.  11.]
 [ 13.  12.   5.]
 [  7.   9.  14.]]
cf_score, 30.0
nv_score, -13.0
ratio, 0.484848484848
[[ 24.   6.   6.]
 [ 22.   5.   7.]
 [  8.   2.  20.]]
cf_score, 35.0
nv_score, 1.0
ratio, 0.494949494949
[[ 21.   8.   8.]
 [ 15.  12.   5.]
 [  8.   2.  21.]]
cf_score, 38.0
nv_score, 0.0
ratio, 0.545454545455
[[ 18.   4.   6.]
 [ 15.  11.   8.]
 [ 13.   4.  21.]]
cf_score, 31.0
nv_score, 1.0
ratio, 0.505050505051
[[ 24.   6.   8.]
 [ 16.   5.   7.]
 [ 13.   3.  18.]]
cf_score, 26.0
nv_score, -5.0
ratio, 0.474747474747
[[ 22.  10.  10.]
 [ 14.   9.   4.]
 [  8.   6.  17.]]
cf_score, 30.0
nv_score, -7.0
ratio, 0.484848484848
[[ 17.   2.  12.]
 [ 20.   4.   9.]
 [  7.   5.  24.]]
cf_score, 26.0
nv_score, -9.0
ratio, 0.454545454545
[[ 20.   1.   9.]
 [ 20.   8.  14.]
 [ 10.   5.  13.]]
cf_score, 22.0
nv_score, -19.0
ratio, 0.414141414141
[[ 20.   4.   8.]
 [ 13.  11.   9.]
 [ 11.  10.  14.]]
cf_score, 26.0
nv_score, -11.0
ratio, 0.454545454545
[[ 18.   5.   8.]
 [ 12.   8.  10.]
 [ 14.   6.  19.]]
cf_score, 23.0
nv_score, -7.0
ratio, 0.454545454545
[[ 35.   5.   6.]
 [ 16.   4.   8.]
 [  7.   3.  16.]]
cf_score, 42.0
nv_score, -4.0
ratio, 0.555555555556
[[ 16.   3.   6.]
 [ 22.   6.  13.]
 [ 12.   4.  18.]]
cf_score, 22.0
nv_score, -7.0
ratio, 0.40404040404
[[ 14.   9.  10.]
 [ 18.   6.   7.]
 [ 14.   3.  19.]]
cf_score, 15.0
nv_score, -8.0
ratio, 0.393939393939
[[ 28.   3.   9.]
 [ 14.   6.   7.]
 [ 10.   1.  22.]]
cf_score, 37.0
nv_score, -3.0
ratio, 0.565656565657
[[ 37.   1.  10.]
 [ 13.   2.   5.]
 [  9.   4.  19.]]
cf_score, 39.0
nv_score, -6.0
ratio, 0.585858585859
[[ 22.   4.  10.]
 [ 14.   1.  13.]
 [  9.   1.  26.]]
cf_score, 30.0
nv_score, -7.0
ratio, 0.494949494949
[[ 15.   9.  12.]
 [ 18.   7.   7.]
 [  7.   7.  18.]]
cf_score, 21.0
nv_score, -13.0
ratio, 0.40404040404
[[ 19.   2.  11.]
 [ 28.   3.   4.]
 [ 14.   3.  16.]]
cf_score, 13.0
nv_score, -10.0
ratio, 0.383838383838
[[ 23.   1.  16.]
 [ 20.   2.   6.]
 [ 16.   2.  14.]]
cf_score, 7.0
nv_score, -24.0
ratio, 0.393939393939
[[ 25.   2.  11.]
 [ 21.   2.   5.]
 [ 11.   2.  21.]]
cf_score, 26.0
nv_score, -6.0
ratio, 0.484848484848
[[ 27.   6.  16.]
 [ 18.   6.   7.]
 [  4.   1.  15.]]
cf_score, 28.0
nv_score, -24.0
ratio, 0.484848484848
[[ 21.   3.   8.]
 [ 21.   3.  12.]
 [  8.   2.  22.]]
cf_score, 30.0
nv_score, -6.0
ratio, 0.464646464646
[[ 23.   9.  11.]
 [ 17.   4.   5.]
 [ 10.   2.  19.]]
cf_score, 25.0
nv_score, -8.0
ratio, 0.464646464646
[[ 25.   2.   8.]
 [ 18.   2.  13.]
 [ 11.   4.  17.]]
cf_score, 25.0
nv_score, -12.0
ratio, 0.444444444444
[[ 21.   3.   9.]
 [ 20.   5.  11.]
 [  7.   3.  21.]]
cf_score, 31.0
nv_score, -8.0
ratio, 0.474747474747
[[ 26.   2.   7.]
 [ 20.   1.  16.]
 [ 12.   1.  15.]]
cf_score, 23.0
nv_score, -15.0
ratio, 0.424242424242
[[ 22.   1.   7.]
 [ 25.   2.   8.]
 [ 12.   0.  23.]]
cf_score, 28.0
nv_score, 1.0
ratio, 0.474747474747
[[ 21.   6.  12.]
 [ 21.   4.   9.]
 [ 14.   0.  13.]]
cf_score, 12.0
nv_score, -20.0
ratio, 0.383838383838
[[ 25.   1.  11.]
 [ 18.   2.  12.]
 [  8.   2.  21.]]
cf_score, 29.0
nv_score, -13.0
ratio, 0.484848484848
[[ 19.   3.  12.]
 [ 27.   1.  11.]
 [  6.   2.  19.]]
cf_score, 21.0
nv_score, -16.0
ratio, 0.393939393939
[[ 17.   5.  11.]
 [ 19.   4.  10.]
 [ 10.   4.  20.]]
cf_score, 20.0
nv_score, -12.0
ratio, 0.414141414141
[[ 23.   3.  15.]
 [ 17.   4.   8.]
 [ 10.   1.  19.]]
cf_score, 21.0
nv_score, -19.0
ratio, 0.464646464646
[[ 26.   3.  10.]
 [ 20.   4.   8.]
 [ 14.   1.  14.]]
cf_score, 20.0
nv_score, -14.0
ratio, 0.444444444444
