[[ 15.   0.  18.]
 [  3.   0.  25.]
 [  2.   0.  37.]]
cf_score, 32.0
nv_score, -24.0
ratio, 0.525252525253
[[ 17.   0.  17.]
 [  9.   0.  25.]
 [  2.   0.  30.]]
cf_score, 28.0
nv_score, -29.0
ratio, 0.474747474747
[[ 21.   0.  15.]
 [  6.   0.  27.]
 [  6.   0.  25.]]
cf_score, 25.0
nv_score, -32.0
ratio, 0.464646464646
[[ 20.   3.  13.]
 [  8.   0.  28.]
 [  3.   1.  24.]]
cf_score, 28.0
nv_score, -30.0
ratio, 0.444444444444
[[ 21.   3.  15.]
 [  5.   7.  20.]
 [  2.   3.  24.]]
cf_score, 35.0
nv_score, -26.0
ratio, 0.525252525253
[[ 19.   2.  13.]
 [  6.   5.  16.]
 [  7.   3.  29.]]
cf_score, 33.0
nv_score, -13.0
ratio, 0.535353535354
[[ 18.   7.  13.]
 [  2.   1.  22.]
 [  4.   2.  31.]]
cf_score, 33.0
nv_score, -17.0
ratio, 0.505050505051
[[ 18.   3.  14.]
 [  5.   7.  19.]
 [  4.   1.  29.]]
cf_score, 36.0
nv_score, -18.0
ratio, 0.545454545455
[[ 13.   2.  24.]
 [  4.   1.  23.]
 [  4.   4.  25.]]
cf_score, 11.0
nv_score, -46.0
ratio, 0.393939393939
[[ 21.   0.  15.]
 [  6.  10.  13.]
 [  1.   6.  28.]]
cf_score, 43.0
nv_score, -15.0
ratio, 0.59595959596
[[ 12.   9.   7.]
 [  8.   9.  23.]
 [  6.   6.  20.]]
cf_score, 28.0
nv_score, -17.0
ratio, 0.414141414141
[[ 13.   5.  13.]
 [  6.   9.  15.]
 [  3.   4.  32.]]
cf_score, 38.0
nv_score, -9.0
ratio, 0.545454545455
[[ 15.   9.  13.]
 [ 10.   3.  26.]
 [  1.   1.  22.]]
cf_score, 26.0
nv_score, -30.0
ratio, 0.40404040404
[[ 19.   0.  12.]
 [  4.   8.  25.]
 [  5.   2.  25.]]
cf_score, 35.0
nv_score, -24.0
ratio, 0.525252525253
[[ 15.   4.   8.]
 [  8.   8.  23.]
 [  1.   2.  31.]]
cf_score, 45.0
nv_score, -8.0
ratio, 0.545454545455
[[ 18.   6.  17.]
 [  5.   4.  21.]
 [  1.   1.  27.]]
cf_score, 31.0
nv_score, -28.0
ratio, 0.494949494949
[[ 18.   3.  14.]
 [  2.   3.  23.]
 [  2.   5.  30.]]
cf_score, 35.0
nv_score, -21.0
ratio, 0.515151515152
[[ 16.   6.   7.]
 [  9.  11.  21.]
 [  0.   4.  26.]]
cf_score, 46.0
nv_score, -9.0
ratio, 0.535353535354
[[ 17.  10.   9.]
 [  6.  10.  22.]
 [  1.   2.  23.]]
cf_score, 40.0
nv_score, -17.0
ratio, 0.505050505051
[[ 19.   8.  17.]
 [  5.   9.  17.]
 [  1.   3.  21.]]
cf_score, 31.0
nv_score, -30.0
ratio, 0.494949494949
[[ 21.   3.  11.]
 [  4.   4.  19.]
 [  0.   5.  33.]]
cf_score, 47.0
nv_score, -8.0
ratio, 0.585858585859
[[ 18.   5.   9.]
 [  8.   8.  21.]
 [  3.   6.  22.]]
cf_score, 36.0
nv_score, -17.0
ratio, 0.484848484848
[[ 19.   4.   9.]
 [  7.  10.  15.]
 [  0.   7.  29.]]
cf_score, 49.0
nv_score, -4.0
ratio, 0.585858585859
[[ 16.   8.  13.]
 [  3.  12.  18.]
 [  2.   4.  24.]]
cf_score, 37.0
nv_score, -20.0
ratio, 0.525252525253
[[ 20.   6.   9.]
 [  5.   7.  14.]
 [  1.   9.  29.]]
cf_score, 46.0
nv_score, -3.0
ratio, 0.565656565657
[[ 17.   0.  12.]
 [  9.   8.  20.]
 [  4.   8.  22.]]
cf_score, 31.0
nv_score, -22.0
ratio, 0.474747474747
[[ 13.   6.  19.]
 [  5.   6.  24.]
 [  0.   3.  24.]]
cf_score, 24.0
nv_score, -38.0
ratio, 0.434343434343
[[ 16.   7.   9.]
 [  7.   9.  18.]
 [  1.   7.  26.]]
cf_score, 41.0
nv_score, -10.0
ratio, 0.515151515152
[[ 20.   3.  12.]
 [  9.  10.  19.]
 [  1.   2.  24.]]
cf_score, 41.0
nv_score, -19.0
ratio, 0.545454545455
[[ 16.   2.  12.]
 [  8.   6.  23.]
 [  2.   5.  26.]]
cf_score, 34.0
nv_score, -21.0
ratio, 0.484848484848
[[ 14.   7.  11.]
 [  8.  10.  27.]
 [  2.   3.  18.]]
cf_score, 29.0
nv_score, -31.0
ratio, 0.424242424242
[[ 13.   6.  13.]
 [  4.  13.  25.]
 [  1.   5.  20.]]
cf_score, 32.0
nv_score, -31.0
ratio, 0.464646464646
[[ 20.   4.   8.]
 [  4.   9.  22.]
 [  3.   9.  21.]]
cf_score, 39.0
nv_score, -17.0
ratio, 0.505050505051
[[ 18.   7.  13.]
 [  6.   5.  15.]
 [  2.   5.  29.]]
cf_score, 37.0
nv_score, -12.0
ratio, 0.525252525253
[[ 19.   5.  11.]
 [  5.   9.  26.]
 [  0.   6.  19.]]
cf_score, 36.0
nv_score, -29.0
ratio, 0.474747474747
[[ 22.   3.   7.]
 [ 10.   4.  22.]
 [  0.   8.  24.]]
cf_score, 43.0
nv_score, -12.0
ratio, 0.505050505051
[[ 14.   2.  10.]
 [  4.  10.  17.]
 [  2.   9.  32.]]
cf_score, 44.0
nv_score, -5.0
ratio, 0.565656565657
[[ 13.   2.   9.]
 [  4.  10.  20.]
 [  1.   6.  35.]]
cf_score, 48.0
nv_score, -3.0
ratio, 0.585858585859
[[ 17.   7.  12.]
 [  3.  13.  17.]
 [  2.   2.  27.]]
cf_score, 43.0
nv_score, -14.0
ratio, 0.575757575758
[[ 19.   2.  13.]
 [  5.   8.  20.]
 [  2.   8.  23.]]
cf_score, 35.0
nv_score, -23.0
ratio, 0.505050505051
[[ 24.   4.  11.]
 [  7.   6.  18.]
 [  1.   8.  21.]]
cf_score, 39.0
nv_score, -19.0
ratio, 0.515151515152
[[  9.   9.  14.]
 [  6.  11.  16.]
 [  3.   7.  25.]]
cf_score, 28.0
nv_score, -19.0
ratio, 0.454545454545
[[ 16.  10.  13.]
 [  3.   4.  25.]
 [  3.   5.  21.]]
cf_score, 25.0
nv_score, -30.0
ratio, 0.414141414141
[[ 23.   4.   8.]
 [  4.  11.  16.]
 [  1.   9.  24.]]
cf_score, 49.0
nv_score, -8.0
ratio, 0.585858585859
[[ 18.   6.  13.]
 [  3.   6.  18.]
 [  3.  11.  22.]]
cf_score, 30.0
nv_score, -22.0
ratio, 0.464646464646
[[ 19.   6.  14.]
 [  7.  10.  17.]
 [  1.   9.  17.]]
cf_score, 31.0
nv_score, -28.0
ratio, 0.464646464646
[[ 20.   2.  14.]
 [  4.  12.  17.]
 [  5.   3.  23.]]
cf_score, 36.0
nv_score, -22.0
ratio, 0.555555555556
[[ 19.   4.  14.]
 [  6.   7.  19.]
 [  4.  10.  17.]]
cf_score, 25.0
nv_score, -30.0
ratio, 0.434343434343
[[ 15.   4.  17.]
 [  5.  17.  19.]
 [  1.   4.  18.]]
cf_score, 32.0
nv_score, -35.0
ratio, 0.505050505051
[[ 17.   8.  11.]
 [  7.  16.  15.]
 [  1.   5.  20.]]
cf_score, 41.0
nv_score, -17.0
ratio, 0.535353535354
