[[  0.   0.  43.]
 [  0.   0.  26.]
 [  0.   0.  31.]]
cf_score, -12.0
nv_score, -81.0
ratio, 0.313131313131
[[ 25.   0.  14.]
 [ 15.   0.  20.]
 [ 10.   0.  16.]]
cf_score, 17.0
nv_score, -32.0
ratio, 0.414141414141
[[ 12.   1.  26.]
 [  5.   3.  27.]
 [  7.   0.  19.]]
cf_score, 1.0
nv_score, -60.0
ratio, 0.343434343434
[[ 18.   2.  16.]
 [  5.   3.  26.]
 [  8.   0.  22.]]
cf_score, 19.0
nv_score, -36.0
ratio, 0.434343434343
[[ 16.   3.  15.]
 [ 10.   1.  25.]
 [  4.   0.  26.]]
cf_score, 24.0
nv_score, -29.0
ratio, 0.434343434343
[[  8.   5.  21.]
 [  9.   2.  26.]
 [  8.   0.  21.]]
cf_score, 2.0
nv_score, -47.0
ratio, 0.313131313131
[[ 20.   4.  13.]
 [  6.   4.  22.]
 [ 11.   3.  17.]]
cf_score, 17.0
nv_score, -31.0
ratio, 0.414141414141
[[  8.   7.  19.]
 [  8.   2.  28.]
 [  7.   0.  21.]]
cf_score, 5.0
nv_score, -45.0
ratio, 0.313131313131
[[ 14.   1.  10.]
 [  5.   5.  32.]
 [  5.   2.  26.]]
cf_score, 30.0
nv_score, -26.0
ratio, 0.454545454545
[[ 17.   7.   9.]
 [ 10.   1.  26.]
 [  7.   3.  20.]]
cf_score, 22.0
nv_score, -24.0
ratio, 0.383838383838
[[ 12.   3.   9.]
 [ 10.   9.  23.]
 [  5.   5.  24.]]
cf_score, 31.0
nv_score, -17.0
ratio, 0.454545454545
[[ 14.   5.  11.]
 [  8.   4.  22.]
 [  8.   3.  25.]]
cf_score, 24.0
nv_score, -19.0
ratio, 0.434343434343
[[ 28.   3.   5.]
 [ 14.   5.  13.]
 [  7.   5.  20.]]
cf_score, 41.0
nv_score, -3.0
ratio, 0.535353535354
[[ 31.   4.  11.]
 [  5.   6.  14.]
 [ 10.   6.  13.]]
cf_score, 29.0
nv_score, -23.0
ratio, 0.505050505051
[[ 17.   3.   7.]
 [  7.  10.  17.]
 [  6.   6.  27.]]
cf_score, 41.0
nv_score, -4.0
ratio, 0.545454545455
[[ 13.   5.  16.]
 [ 15.   3.  17.]
 [  4.   4.  23.]]
cf_score, 19.0
nv_score, -26.0
ratio, 0.393939393939
[[ 16.   1.  12.]
 [  4.   4.  32.]
 [  5.   5.  21.]]
cf_score, 24.0
nv_score, -35.0
ratio, 0.414141414141
[[ 13.   7.  16.]
 [  6.  10.  15.]
 [  8.   3.  22.]]
cf_score, 21.0
nv_score, -25.0
ratio, 0.454545454545
[[ 16.  11.   5.]
 [  6.   6.  19.]
 [  3.   8.  26.]]
cf_score, 40.0
nv_score, -3.0
ratio, 0.484848484848
[[ 23.   3.   7.]
 [  8.   4.  30.]
 [  4.   1.  20.]]
cf_score, 36.0
nv_score, -24.0
ratio, 0.474747474747
[[ 16.   6.  11.]
 [ 10.   5.  24.]
 [  5.   1.  22.]]
cf_score, 27.0
nv_score, -24.0
ratio, 0.434343434343
[[ 21.   7.   7.]
 [  7.   5.  22.]
 [  8.   0.  23.]]
cf_score, 34.0
nv_score, -13.0
ratio, 0.494949494949
[[ 18.   5.  13.]
 [  7.   6.  16.]
 [  5.   6.  24.]]
cf_score, 30.0
nv_score, -18.0
ratio, 0.484848484848
[[ 16.   2.   9.]
 [  7.   2.  35.]
 [  3.   5.  21.]]
cf_score, 27.0
nv_score, -32.0
ratio, 0.393939393939
[[ 22.   6.  10.]
 [  5.  10.  15.]
 [  8.   2.  22.]]
cf_score, 36.0
nv_score, -13.0
ratio, 0.545454545455
[[ 13.   7.  16.]
 [  6.  11.  20.]
 [  6.   0.  21.]]
cf_score, 23.0
nv_score, -31.0
ratio, 0.454545454545
[[ 21.   4.  15.]
 [  9.   8.  13.]
 [  9.   4.  17.]]
cf_score, 22.0
nv_score, -26.0
ratio, 0.464646464646
[[ 20.   6.  12.]
 [ 10.  12.  20.]
 [  6.   1.  13.]]
cf_score, 27.0
nv_score, -31.0
ratio, 0.454545454545
[[ 19.   4.  12.]
 [  6.   9.  23.]
 [  5.   3.  19.]]
cf_score, 30.0
nv_score, -28.0
ratio, 0.474747474747
[[ 15.   3.  21.]
 [  5.   1.  25.]
 [  0.   4.  26.]]
cf_score, 21.0
nv_score, -41.0
ratio, 0.424242424242
[[ 19.   6.  14.]
 [ 10.   5.  16.]
 [  9.   2.  19.]]
cf_score, 20.0
nv_score, -25.0
ratio, 0.434343434343
[[ 17.   5.  15.]
 [  5.   4.  28.]
 [  2.   1.  23.]]
cf_score, 27.0
nv_score, -35.0
ratio, 0.444444444444
[[ 18.   7.  12.]
 [  6.   3.  22.]
 [  6.   4.  22.]]
cf_score, 25.0
nv_score, -24.0
ratio, 0.434343434343
[[ 18.   0.  11.]
 [  9.   5.  24.]
 [  4.   5.  24.]]
cf_score, 32.0
nv_score, -22.0
ratio, 0.474747474747
[[ 18.   3.  14.]
 [ 18.   5.  14.]
 [  7.   1.  20.]]
cf_score, 22.0
nv_score, -22.0
ratio, 0.434343434343
[[ 20.   7.   9.]
 [  6.   4.  19.]
 [  7.   4.  24.]]
cf_score, 32.0
nv_score, -13.0
ratio, 0.484848484848
[[ 17.  12.  13.]
 [  4.   6.  19.]
 [  4.   6.  19.]]
cf_score, 25.0
nv_score, -26.0
ratio, 0.424242424242
[[ 24.   5.  14.]
 [  5.   6.  24.]
 [  3.   3.  16.]]
cf_score, 29.0
nv_score, -36.0
ratio, 0.464646464646
[[ 12.   4.  14.]
 [  5.   2.  31.]
 [  4.   3.  25.]]
cf_score, 21.0
nv_score, -34.0
ratio, 0.393939393939
[[ 21.   8.  14.]
 [  6.   4.  19.]
 [  3.   4.  21.]]
cf_score, 29.0
nv_score, -26.0
ratio, 0.464646464646
[[ 17.   3.  12.]
 [  6.   7.  25.]
 [  7.   5.  18.]]
cf_score, 23.0
nv_score, -31.0
ratio, 0.424242424242
[[ 15.   6.  14.]
 [  7.   6.  22.]
 [  4.   6.  20.]]
cf_score, 23.0
nv_score, -30.0
ratio, 0.414141414141
[[ 13.   4.  17.]
 [  9.   1.  23.]
 [  4.   4.  25.]]
cf_score, 18.0
nv_score, -32.0
ratio, 0.393939393939
[[ 14.   4.  18.]
 [  9.   4.  22.]
 [  4.   5.  20.]]
cf_score, 16.0
nv_score, -38.0
ratio, 0.383838383838
[[ 18.   3.  12.]
 [  5.   3.  29.]
 [  2.   8.  20.]]
cf_score, 27.0
nv_score, -33.0
ratio, 0.414141414141
[[ 17.   6.   8.]
 [  5.   9.  27.]
 [ 11.   5.  12.]]
cf_score, 19.0
nv_score, -31.0
ratio, 0.383838383838
[[ 23.   6.  13.]
 [  6.   1.  20.]
 [  2.   3.  26.]]
cf_score, 35.0
nv_score, -20.0
ratio, 0.505050505051
[[ 17.   7.  18.]
 [  7.   7.  20.]
 [  3.   3.  18.]]
cf_score, 21.0
nv_score, -38.0
ratio, 0.424242424242
[[ 22.   5.  15.]
 [  6.   2.  23.]
 [  4.   6.  17.]]
cf_score, 22.0
nv_score, -36.0
ratio, 0.414141414141
[[ 19.   4.   9.]
 [ 11.   8.  17.]
 [  2.   6.  24.]]
cf_score, 40.0
nv_score, -11.0
ratio, 0.515151515152
