[[ 35.   0.   0.]
 [ 34.   0.   0.]
 [ 31.   0.   0.]]
cf_score, 4.0
nv_score, 0.0
ratio, 0.353535353535
[[  0.  27.  13.]
 [  0.  27.   2.]
 [  0.  25.   6.]]
cf_score, 20.0
nv_score, -22.0
ratio, 0.333333333333
[[  0.  28.   6.]
 [  0.  24.   2.]
 [  0.  28.  12.]]
cf_score, 30.0
nv_score, -2.0
ratio, 0.363636363636
[[  0.  30.   6.]
 [  0.  31.   2.]
 [  0.  19.  12.]]
cf_score, 37.0
nv_score, -2.0
ratio, 0.434343434343
[[  6.  31.   2.]
 [  3.  34.   0.]
 [  1.  21.   2.]]
cf_score, 39.0
nv_score, -2.0
ratio, 0.424242424242
[[  3.  33.   0.]
 [  1.  28.   1.]
 [  1.  27.   6.]]
cf_score, 36.0
nv_score, 5.0
ratio, 0.373737373737
[[  6.  13.   4.]
 [  0.  37.   6.]
 [  3.  26.   5.]]
cf_score, 41.0
nv_score, -9.0
ratio, 0.484848484848
[[  3.  19.   2.]
 [  1.  25.   4.]
 [  0.  32.  14.]]
cf_score, 40.0
nv_score, 6.0
ratio, 0.424242424242
[[  7.  31.   2.]
 [  1.  25.   2.]
 [  1.  17.  14.]]
cf_score, 43.0
nv_score, 8.0
ratio, 0.464646464646
[[  5.  26.   5.]
 [  2.  27.   4.]
 [  0.  22.   9.]]
cf_score, 36.0
nv_score, -5.0
ratio, 0.414141414141
[[  7.  27.   2.]
 [  1.  20.   5.]
 [  0.  23.  15.]]
cf_score, 40.0
nv_score, 6.0
ratio, 0.424242424242
[[  7.  20.   4.]
 [  0.  25.   8.]
 [  2.  22.  12.]]
cf_score, 38.0
nv_score, -4.0
ratio, 0.444444444444
[[  3.  17.   9.]
 [  0.  24.  11.]
 [  1.  21.  14.]]
cf_score, 31.0
nv_score, -15.0
ratio, 0.414141414141
[[  2.  21.  11.]
 [  1.  21.   9.]
 [  0.  15.  20.]]
cf_score, 32.0
nv_score, -11.0
ratio, 0.434343434343
[[  9.  20.   7.]
 [  0.  21.   7.]
 [  4.  16.  16.]]
cf_score, 35.0
nv_score, -5.0
ratio, 0.464646464646
[[  7.  13.   5.]
 [  0.  35.   6.]
 [  2.  19.  13.]]
cf_score, 48.0
nv_score, -3.0
ratio, 0.555555555556
[[  7.  17.  10.]
 [  0.  22.  12.]
 [  0.   8.  24.]]
cf_score, 43.0
nv_score, -8.0
ratio, 0.535353535354
[[  7.  16.  11.]
 [  0.  17.   9.]
 [  1.  19.  20.]]
cf_score, 32.0
nv_score, -11.0
ratio, 0.444444444444
[[  6.  23.   4.]
 [  0.  28.   6.]
 [  0.  20.  13.]]
cf_score, 43.0
nv_score, -1.0
ratio, 0.474747474747
[[  9.  23.   1.]
 [  0.  28.   4.]
 [  3.  21.  11.]]
cf_score, 44.0
nv_score, 5.0
ratio, 0.484848484848
[[  4.  24.   5.]
 [  0.  25.   9.]
 [  4.  11.  18.]]
cf_score, 38.0
nv_score, -1.0
ratio, 0.474747474747
[[  4.  18.   6.]
 [  2.  23.  11.]
 [  1.  20.  15.]]
cf_score, 35.0
nv_score, -8.0
ratio, 0.424242424242
[[  9.  17.   8.]
 [  3.  25.   9.]
 [  3.  14.  12.]]
cf_score, 35.0
nv_score, -13.0
ratio, 0.464646464646
[[ 17.  13.  11.]
 [  6.  10.   8.]
 [  5.  15.  15.]]
cf_score, 26.0
nv_score, -15.0
ratio, 0.424242424242
[[  6.   9.   4.]
 [  4.  31.   4.]
 [  2.  29.  11.]]
cf_score, 42.0
nv_score, -1.0
ratio, 0.484848484848
[[  9.  10.   7.]
 [  2.  23.   5.]
 [  2.  19.  23.]]
cf_score, 46.0
nv_score, 4.0
ratio, 0.555555555556
[[ 13.  22.   6.]
 [  5.  16.   9.]
 [  2.  11.  16.]]
cf_score, 37.0
nv_score, -5.0
ratio, 0.454545454545
[[  8.  17.   7.]
 [  4.  26.   6.]
 [  1.  14.  17.]]
cf_score, 43.0
nv_score, -3.0
ratio, 0.515151515152
[[  8.  12.   6.]
 [  2.  26.   6.]
 [  4.  20.  16.]]
cf_score, 40.0
nv_score, -2.0
ratio, 0.505050505051
[[  6.  12.   6.]
 [  3.  28.   8.]
 [  3.  15.  19.]]
cf_score, 44.0
nv_score, -1.0
ratio, 0.535353535354
[[  8.  20.   2.]
 [  7.  24.   4.]
 [  2.  16.  17.]]
cf_score, 45.0
nv_score, 9.0
ratio, 0.494949494949
[[ 13.  17.   4.]
 [  1.  21.  13.]
 [  4.  14.  13.]]
cf_score, 39.0
nv_score, -8.0
ratio, 0.474747474747
[[  7.  21.   4.]
 [  2.  16.  13.]
 [  0.  18.  19.]]
cf_score, 38.0
nv_score, -2.0
ratio, 0.424242424242
[[  9.  13.   9.]
 [  3.  19.  10.]
 [  0.  17.  20.]]
cf_score, 39.0
nv_score, -8.0
ratio, 0.484848484848
[[ 10.  15.   1.]
 [  2.  14.  14.]
 [  2.  18.  24.]]
cf_score, 45.0
nv_score, 8.0
ratio, 0.484848484848
[[  6.  15.  10.]
 [  1.  16.  12.]
 [  1.  21.  18.]]
cf_score, 29.0
nv_score, -14.0
ratio, 0.40404040404
[[  8.  21.   4.]
 [  0.  16.  13.]
 [  0.  18.  20.]]
cf_score, 40.0
nv_score, -1.0
ratio, 0.444444444444
[[  5.  16.   9.]
 [  2.  15.  11.]
 [  3.  20.  19.]]
cf_score, 27.0
nv_score, -10.0
ratio, 0.393939393939
[[ 13.  16.   5.]
 [  4.  24.  10.]
 [  6.  10.  12.]]
cf_score, 38.0
nv_score, -8.0
ratio, 0.494949494949
[[  6.  20.   4.]
 [  3.  22.   3.]
 [  4.  21.  17.]]
cf_score, 37.0
nv_score, 6.0
ratio, 0.454545454545
[[ 11.  17.  10.]
 [  1.  24.   9.]
 [  0.  13.  15.]]
cf_score, 40.0
nv_score, -14.0
ratio, 0.505050505051
[[  8.  17.   4.]
 [  2.  28.   9.]
 [  0.  17.  15.]]
cf_score, 47.0
nv_score, -2.0
ratio, 0.515151515152
[[ 10.  22.   9.]
 [  1.  24.   8.]
 [  1.  12.  13.]]
cf_score, 37.0
nv_score, -13.0
ratio, 0.474747474747
[[ 11.  12.   7.]
 [  3.  26.   9.]
 [  2.   9.  21.]]
cf_score, 49.0
nv_score, -2.0
ratio, 0.585858585859
[[  5.  14.  11.]
 [  2.  22.  13.]
 [  1.  18.  14.]]
cf_score, 29.0
nv_score, -21.0
ratio, 0.414141414141
[[  8.  18.  10.]
 [  5.  23.   6.]
 [  4.  11.  15.]]
cf_score, 32.0
nv_score, -11.0
ratio, 0.464646464646
[[  9.  15.  12.]
 [  1.  26.  11.]
 [  2.   6.  18.]]
cf_score, 39.0
nv_score, -17.0
ratio, 0.535353535354
[[  9.  13.   4.]
 [  2.  17.   6.]
 [  2.  22.  25.]]
cf_score, 45.0
nv_score, 11.0
ratio, 0.515151515152
[[  6.  11.  11.]
 [  1.  18.  11.]
 [  2.  16.  24.]]
cf_score, 35.0
nv_score, -9.0
ratio, 0.484848484848
[[ 10.  17.   7.]
 [  2.  22.  10.]
 [  1.  17.  14.]]
cf_score, 38.0
nv_score, -10.0
ratio, 0.464646464646
[[  7.  21.   6.]
 [  2.  26.   6.]
 [  6.  12.  14.]]
cf_score, 35.0
nv_score, -4.0
ratio, 0.474747474747
[[  9.  11.   6.]
 [  0.  25.  14.]
 [  3.  13.  19.]]
cf_score, 44.0
nv_score, -7.0
ratio, 0.535353535354
[[ 14.  17.   4.]
 [  0.  22.   7.]
 [  1.  19.  16.]]
cf_score, 47.0
nv_score, 1.0
ratio, 0.525252525253
[[  8.  16.   4.]
 [  2.  28.   3.]
 [  2.  21.  16.]]
cf_score, 46.0
nv_score, 5.0
ratio, 0.525252525253
[[  7.  14.   9.]
 [  0.  22.  15.]
 [  1.  11.  21.]]
cf_score, 40.0
nv_score, -12.0
ratio, 0.505050505051
[[  7.  16.   9.]
 [  1.  23.   9.]
 [  0.  12.  23.]]
cf_score, 44.0
nv_score, -4.0
ratio, 0.535353535354
[[ 11.  11.  11.]
 [  3.  19.  10.]
 [  1.  20.  14.]]
cf_score, 32.0
nv_score, -18.0
ratio, 0.444444444444
[[ 13.  12.   8.]
 [  2.  19.  10.]
 [  6.  18.  12.]]
cf_score, 30.0
nv_score, -14.0
ratio, 0.444444444444
[[ 14.  15.   2.]
 [  0.  24.   9.]
 [  1.  15.  20.]]
cf_score, 55.0
nv_score, 7.0
ratio, 0.585858585859
[[ 15.  14.   2.]
 [  2.  20.   8.]
 [  3.  10.  26.]]
cf_score, 56.0
nv_score, 14.0
ratio, 0.616161616162
[[  4.  11.   6.]
 [  0.  18.  18.]
 [  1.  21.  21.]]
cf_score, 36.0
nv_score, -9.0
ratio, 0.434343434343
[[ 11.  12.   4.]
 [  2.  29.   8.]
 [  4.  14.  16.]]
cf_score, 48.0
nv_score, 0.0
ratio, 0.565656565657
[[ 15.   9.   4.]
 [  6.  19.   3.]
 [  7.  19.  18.]]
cf_score, 41.0
nv_score, 7.0
ratio, 0.525252525253
[[ 10.  16.   8.]
 [  3.  18.   6.]
 [  2.  15.  22.]]
cf_score, 40.0
nv_score, 0.0
ratio, 0.505050505051
[[  9.  16.   4.]
 [  3.  23.   9.]
 [  1.  14.  21.]]
cf_score, 48.0
nv_score, 4.0
ratio, 0.535353535354
[[ 12.  16.   7.]
 [  2.  31.   4.]
 [  1.   9.  18.]]
cf_score, 53.0
nv_score, 0.0
ratio, 0.616161616162
[[  4.  21.   6.]
 [  3.  28.   3.]
 [  3.  11.  21.]]
cf_score, 44.0
nv_score, 6.0
ratio, 0.535353535354
[[  4.  19.   6.]
 [  1.  31.  10.]
 [  1.  11.  17.]]
cf_score, 45.0
nv_score, -5.0
ratio, 0.525252525253
[[  7.  12.   8.]
 [  3.  21.   6.]
 [  2.  26.  15.]]
cf_score, 33.0
nv_score, -7.0
ratio, 0.434343434343
[[  7.  18.   6.]
 [  1.  17.   5.]
 [  2.  18.  26.]]
cf_score, 42.0
nv_score, 9.0
ratio, 0.505050505051
[[ 10.  15.   8.]
 [  1.  23.   3.]
 [  3.  19.  18.]]
cf_score, 40.0
nv_score, -1.0
ratio, 0.515151515152
[[ 12.  12.   4.]
 [  4.  16.  12.]
 [  3.  20.  17.]]
cf_score, 38.0
nv_score, -3.0
ratio, 0.454545454545
[[ 10.  21.   6.]
 [  0.  18.   9.]
 [  2.  15.  19.]]
cf_score, 39.0
nv_score, -2.0
ratio, 0.474747474747
[[ 11.  18.   4.]
 [  0.  15.  10.]
 [  3.  21.  18.]]
cf_score, 37.0
nv_score, 0.0
ratio, 0.444444444444
[[  2.  17.  10.]
 [  1.  27.  13.]
 [  4.  13.  13.]]
cf_score, 28.0
nv_score, -20.0
ratio, 0.424242424242
[[ 18.  15.   1.]
 [  2.  19.  10.]
 [  3.  15.  17.]]
cf_score, 50.0
nv_score, 5.0
ratio, 0.545454545455
[[ 17.  12.   2.]
 [  5.  22.   8.]
 [  2.  17.  15.]]
cf_score, 50.0
nv_score, 3.0
ratio, 0.545454545455
[[  9.  14.   9.]
 [  2.  18.  20.]
 [  3.  13.  12.]]
cf_score, 27.0
nv_score, -26.0
ratio, 0.393939393939
[[  8.  14.   8.]
 [  1.  18.   8.]
 [  1.  20.  22.]]
cf_score, 39.0
nv_score, -2.0
ratio, 0.484848484848
[[ 14.  19.   5.]
 [  6.  18.   3.]
 [  1.  16.  18.]]
cf_score, 44.0
nv_score, 5.0
ratio, 0.505050505051
[[  6.  14.   7.]
 [  1.  21.   9.]
 [  6.  13.  23.]]
cf_score, 37.0
nv_score, 0.0
ratio, 0.505050505051
[[  7.   8.   8.]
 [  0.  22.  10.]
 [  5.  16.  24.]]
cf_score, 40.0
nv_score, -2.0
ratio, 0.535353535354
[[  6.  19.   5.]
 [  5.  26.  11.]
 [  2.  12.  14.]]
cf_score, 39.0
nv_score, -7.0
ratio, 0.464646464646
[[  6.  20.   7.]
 [  3.  21.   8.]
 [  1.  18.  16.]]
cf_score, 35.0
nv_score, -6.0
ratio, 0.434343434343
[[ 13.  18.   5.]
 [  3.  18.   9.]
 [  2.  18.  14.]]
cf_score, 38.0
nv_score, -5.0
ratio, 0.454545454545
[[  7.  17.   6.]
 [  1.  22.   6.]
 [  3.  15.  23.]]
cf_score, 43.0
nv_score, 5.0
ratio, 0.525252525253
[[ 11.  20.   5.]
 [  2.  14.   7.]
 [  3.  19.  19.]]
cf_score, 36.0
nv_score, 2.0
ratio, 0.444444444444
[[  8.  23.   7.]
 [  1.  19.   7.]
 [  0.  14.  21.]]
cf_score, 41.0
nv_score, 0.0
ratio, 0.484848484848
[[  2.  21.   6.]
 [  1.  23.  13.]
 [  1.  20.  13.]]
cf_score, 31.0
nv_score, -12.0
ratio, 0.383838383838
[[ 14.  14.   7.]
 [  4.  20.   4.]
 [  4.  24.   9.]]
cf_score, 32.0
nv_score, -9.0
ratio, 0.434343434343
[[ 10.  16.   5.]
 [  3.  26.   9.]
 [  3.  13.  15.]]
cf_score, 43.0
nv_score, -4.0
ratio, 0.515151515152
[[ 13.  19.   2.]
 [  1.  20.   6.]
 [  4.  15.  20.]]
cf_score, 47.0
nv_score, 10.0
ratio, 0.535353535354
[[  5.  17.  10.]
 [  0.  27.  10.]
 [  0.  15.  16.]]
cf_score, 38.0
nv_score, -14.0
ratio, 0.484848484848
[[  8.  12.   6.]
 [  1.  26.  11.]
 [  0.  23.  13.]]
cf_score, 41.0
nv_score, -10.0
ratio, 0.474747474747
[[ 11.  19.   4.]
 [  3.  19.   9.]
 [  3.  18.  14.]]
cf_score, 37.0
nv_score, -3.0
ratio, 0.444444444444
[[  6.  20.   4.]
 [  2.  21.   5.]
 [  6.  14.  22.]]
cf_score, 39.0
nv_score, 9.0
ratio, 0.494949494949
[[ 12.  13.   5.]
 [  1.  19.   9.]
 [  2.  19.  20.]]
cf_score, 44.0
nv_score, 1.0
ratio, 0.515151515152
[[  6.  18.   4.]
 [  3.  18.   7.]
 [  1.  27.  16.]]
cf_score, 35.0
nv_score, 1.0
ratio, 0.40404040404
[[  6.  16.   3.]
 [  0.  24.   7.]
 [  1.  23.  20.]]
cf_score, 46.0
nv_score, 7.0
ratio, 0.505050505051
[[  6.  15.  12.]
 [  2.  27.   4.]
 [  4.  13.  17.]]
cf_score, 34.0
nv_score, -11.0
ratio, 0.505050505051
[[  9.   9.  14.]
 [  2.  15.   9.]
 [  2.  17.  23.]]
cf_score, 31.0
nv_score, -14.0
ratio, 0.474747474747
[[  9.  10.   7.]
 [  0.  18.  12.]
 [  2.  18.  24.]]
cf_score, 42.0
nv_score, -2.0
ratio, 0.515151515152
[[  8.  21.   7.]
 [  1.  23.   8.]
 [  2.  16.  14.]]
cf_score, 36.0
nv_score, -8.0
ratio, 0.454545454545
[[  9.  12.   6.]
 [  1.  22.  12.]
 [  2.  19.  17.]]
cf_score, 40.0
nv_score, -7.0
ratio, 0.484848484848
[[  9.  15.   7.]
 [  4.  27.   7.]
 [  1.  19.  11.]]
cf_score, 39.0
nv_score, -10.0
ratio, 0.474747474747
[[  7.  20.   4.]
 [  1.  23.   7.]
 [  0.  18.  20.]]
cf_score, 46.0
nv_score, 5.0
ratio, 0.505050505051
[[  4.  24.   3.]
 [  1.  22.   9.]
 [  1.  24.  12.]]
cf_score, 34.0
nv_score, -3.0
ratio, 0.383838383838
[[ 14.  16.   3.]
 [  0.  21.   9.]
 [  5.  15.  17.]]
cf_score, 44.0
nv_score, 2.0
ratio, 0.525252525253
[[ 11.  15.   8.]
 [  1.  14.  10.]
 [  5.  15.  21.]]
cf_score, 33.0
nv_score, -5.0
ratio, 0.464646464646
[[  9.  10.   5.]
 [  0.  30.  10.]
 [  6.  18.  12.]]
cf_score, 40.0
nv_score, -8.0
ratio, 0.515151515152
[[  9.  16.   5.]
 [  1.  23.   5.]
 [  2.  16.  23.]]
cf_score, 48.0
nv_score, 8.0
ratio, 0.555555555556
[[  8.  21.   5.]
 [  0.  23.  14.]
 [  4.  16.   9.]]
cf_score, 31.0
nv_score, -15.0
ratio, 0.40404040404
[[ 10.  12.   3.]
 [  6.  27.   8.]
 [  1.  19.  14.]]
cf_score, 47.0
nv_score, 0.0
ratio, 0.515151515152
[[ 11.  22.   2.]
 [  3.  24.   9.]
 [  4.  11.  14.]]
cf_score, 43.0
nv_score, 1.0
ratio, 0.494949494949
[[ 14.  15.   8.]
 [  0.  24.   9.]
 [  2.  12.  16.]]
cf_score, 44.0
nv_score, -9.0
ratio, 0.545454545455
[[ 10.  22.   8.]
 [  0.  16.   9.]
 [  5.  15.  15.]]
cf_score, 28.0
nv_score, -10.0
ratio, 0.414141414141
[[ 11.  19.   9.]
 [  0.  22.  10.]
 [  2.  15.  12.]]
cf_score, 34.0
nv_score, -16.0
ratio, 0.454545454545
[[ 12.  20.   0.]
 [  7.  21.   9.]
 [  5.  14.  12.]]
cf_score, 40.0
nv_score, 3.0
ratio, 0.454545454545
[[  5.  17.   8.]
 [  5.  23.   5.]
 [  4.  20.  13.]]
cf_score, 29.0
nv_score, -8.0
ratio, 0.414141414141
[[  7.  23.   6.]
 [  3.  25.  13.]
 [  1.   9.  13.]]
cf_score, 38.0
nv_score, -12.0
ratio, 0.454545454545
[[ 12.  14.   6.]
 [  8.  23.   6.]
 [  4.  15.  12.]]
cf_score, 37.0
nv_score, -6.0
ratio, 0.474747474747
[[  6.  14.   8.]
 [  4.  22.  12.]
 [  3.  17.  14.]]
cf_score, 31.0
nv_score, -14.0
ratio, 0.424242424242
[[ 14.  13.   6.]
 [  6.  20.   6.]
 [  1.  16.  18.]]
cf_score, 45.0
nv_score, 0.0
ratio, 0.525252525253
[[  9.  13.   8.]
 [  1.  20.  10.]
 [  4.  19.  16.]]
cf_score, 33.0
nv_score, -10.0
ratio, 0.454545454545
[[ 11.  22.   4.]
 [  1.  24.  10.]
 [  2.  11.  15.]]
cf_score, 44.0
nv_score, -3.0
ratio, 0.505050505051
[[  9.  26.   6.]
 [  2.  18.   3.]
 [  1.  20.  15.]]
cf_score, 35.0
nv_score, 0.0
ratio, 0.424242424242
[[  4.  16.  11.]
 [  1.  15.   9.]
 [  1.  22.  21.]]
cf_score, 28.0
nv_score, -10.0
ratio, 0.40404040404
[[  5.  18.   4.]
 [  3.  25.   9.]
 [  1.  19.  16.]]
cf_score, 41.0
nv_score, -1.0
ratio, 0.464646464646
[[ 10.  16.   7.]
 [  0.  27.   6.]
 [  3.  17.  14.]]
cf_score, 41.0
nv_score, -6.0
ratio, 0.515151515152
[[  4.  18.   5.]
 [  1.  31.   4.]
 [  2.  22.  13.]]
cf_score, 41.0
nv_score, -1.0
ratio, 0.484848484848
[[ 16.  15.   6.]
 [  3.  18.   3.]
 [  4.  16.  19.]]
cf_score, 43.0
nv_score, 4.0
ratio, 0.535353535354
[[  8.  17.   6.]
 [  1.  21.   6.]
 [  2.  16.  23.]]
cf_score, 44.0
nv_score, 5.0
ratio, 0.525252525253
[[ 11.  15.   8.]
 [  3.  20.   8.]
 [  5.  13.  17.]]
cf_score, 35.0
nv_score, -7.0
ratio, 0.484848484848
[[ 14.  20.   9.]
 [  2.  16.   9.]
 [  1.  20.   9.]]
cf_score, 29.0
nv_score, -18.0
ratio, 0.393939393939
[[ 15.  12.   5.]
 [  6.  29.   7.]
 [  5.  14.   7.]]
cf_score, 41.0
nv_score, -10.0
ratio, 0.515151515152
[[ 14.  18.   3.]
 [  3.  24.   5.]
 [  2.  12.  19.]]
cf_score, 52.0
nv_score, 8.0
ratio, 0.575757575758
[[  4.  15.   6.]
 [  0.  24.   8.]
 [  2.  23.  18.]]
cf_score, 38.0
nv_score, -2.0
ratio, 0.464646464646
[[  6.  13.   4.]
 [  1.  26.   8.]
 [  4.  17.  21.]]
cf_score, 45.0
nv_score, 5.0
ratio, 0.535353535354
[[  6.  16.   6.]
 [  3.  22.   9.]
 [  4.  17.  17.]]
cf_score, 35.0
nv_score, -4.0
ratio, 0.454545454545
[[ 11.  16.   5.]
 [  3.  20.  10.]
 [  2.  18.  15.]]
cf_score, 39.0
nv_score, -5.0
ratio, 0.464646464646
[[  6.  17.   5.]
 [  1.  25.   7.]
 [  2.  17.  20.]]
cf_score, 44.0
nv_score, 3.0
ratio, 0.515151515152
[[  6.  24.   8.]
 [  1.  20.   9.]
 [  1.  17.  14.]]
cf_score, 31.0
nv_score, -11.0
ratio, 0.40404040404
[[ 12.  16.   6.]
 [  2.  18.   8.]
 [  3.  15.  20.]]
cf_score, 41.0
nv_score, 0.0
ratio, 0.505050505051
[[  5.  20.   9.]
 [  1.  17.  11.]
 [  1.  11.  25.]]
cf_score, 37.0
nv_score, -4.0
ratio, 0.474747474747
[[ 10.  14.   6.]
 [  3.  14.   9.]
 [  7.  16.  21.]]
cf_score, 32.0
nv_score, 0.0
ratio, 0.454545454545
[[  9.  27.   3.]
 [  3.  23.   5.]
 [  5.  10.  15.]]
cf_score, 39.0
nv_score, 4.0
ratio, 0.474747474747
[[  5.  15.   6.]
 [  1.  17.  13.]
 [  1.  21.  21.]]
cf_score, 36.0
nv_score, -4.0
ratio, 0.434343434343
[[ 11.  17.   2.]
 [  1.  32.   9.]
 [  5.  14.   9.]]
cf_score, 45.0
nv_score, -4.0
ratio, 0.525252525253
[[ 10.  11.  12.]
 [  7.  23.   8.]
 [  1.  10.  18.]]
cf_score, 38.0
nv_score, -14.0
ratio, 0.515151515152
[[ 10.  14.   3.]
 [  8.  25.   6.]
 [  2.  10.  22.]]
cf_score, 52.0
nv_score, 10.0
ratio, 0.575757575758
[[  8.  10.   5.]
 [  4.  26.   8.]
 [  1.  18.  20.]]
cf_score, 48.0
nv_score, 2.0
ratio, 0.545454545455
[[ 12.  20.   6.]
 [  7.  20.   6.]
 [  2.  13.  14.]]
cf_score, 38.0
nv_score, -4.0
ratio, 0.464646464646
[[  9.  15.   3.]
 [  3.  31.   8.]
 [  2.  21.   8.]]
cf_score, 43.0
nv_score, -6.0
ratio, 0.484848484848
[[ 13.  14.   3.]
 [  1.  25.   5.]
 [  2.  17.  20.]]
cf_score, 53.0
nv_score, 9.0
ratio, 0.585858585859
[[ 12.  20.   5.]
 [  0.  34.   3.]
 [  5.   8.  13.]]
cf_score, 49.0
nv_score, 0.0
ratio, 0.59595959596
[[  9.  15.  10.]
 [  0.  25.  10.]
 [  3.  16.  12.]]
cf_score, 33.0
nv_score, -18.0
ratio, 0.464646464646
[[ 15.  17.   5.]
 [  1.  19.  12.]
 [  1.  17.  13.]]
cf_score, 41.0
nv_score, -9.0
ratio, 0.474747474747
[[ 15.  19.   6.]
 [  0.  18.   6.]
 [  0.  24.  12.]]
cf_score, 39.0
nv_score, -6.0
ratio, 0.454545454545
[[ 10.  14.   8.]
 [  0.  25.   7.]
 [  5.  13.  18.]]
cf_score, 40.0
nv_score, -5.0
ratio, 0.535353535354
[[ 13.  14.   5.]
 [  3.  13.  11.]
 [  4.  23.  14.]]
cf_score, 31.0
nv_score, -7.0
ratio, 0.40404040404
[[  4.  15.   7.]
 [  1.  24.  15.]
 [  1.  18.  15.]]
cf_score, 35.0
nv_score, -14.0
ratio, 0.434343434343
[[ 14.  20.   5.]
 [  2.  23.   7.]
 [  4.  16.   9.]]
cf_score, 37.0
nv_score, -8.0
ratio, 0.464646464646
[[  5.  15.  10.]
 [  1.  17.  12.]
 [  1.  16.  23.]]
cf_score, 34.0
nv_score, -9.0
ratio, 0.454545454545
[[  8.  11.   5.]
 [  2.  24.  12.]
 [  4.  16.  18.]]
cf_score, 41.0
nv_score, -4.0
ratio, 0.505050505051
[[  8.  23.  10.]
 [  2.  18.   5.]
 [  1.  16.  17.]]
cf_score, 32.0
nv_score, -8.0
ratio, 0.434343434343
[[  9.  12.   4.]
 [  8.  22.   4.]
 [  4.  23.  14.]]
cf_score, 37.0
nv_score, 2.0
ratio, 0.454545454545
[[  7.  24.   4.]
 [  2.  23.   4.]
 [  2.  20.  14.]]
cf_score, 38.0
nv_score, 2.0
ratio, 0.444444444444
[[  4.  21.   9.]
 [  2.  21.   8.]
 [  2.  16.  17.]]
cf_score, 31.0
nv_score, -9.0
ratio, 0.424242424242
[[ 12.  12.   7.]
 [  2.  24.   7.]
 [  5.  13.  18.]]
cf_score, 42.0
nv_score, -3.0
ratio, 0.545454545455
[[ 12.  15.   4.]
 [  6.  21.   1.]
 [  4.  17.  20.]]
cf_score, 45.0
nv_score, 11.0
ratio, 0.535353535354
[[ 15.  21.   3.]
 [  7.  19.   9.]
 [  0.  16.  10.]]
cf_score, 41.0
nv_score, -5.0
ratio, 0.444444444444
[[  5.  21.   5.]
 [  3.  19.  16.]
 [  0.  19.  12.]]
cf_score, 31.0
nv_score, -14.0
ratio, 0.363636363636
[[  8.  12.   5.]
 [  3.  21.  10.]
 [  1.  13.  27.]]
cf_score, 50.0
nv_score, 7.0
ratio, 0.565656565657
[[  5.  17.   7.]
 [  1.  32.   5.]
 [  2.  14.  17.]]
cf_score, 45.0
nv_score, -2.0
ratio, 0.545454545455
[[  4.   6.   9.]
 [  0.  22.  10.]
 [  3.  19.  27.]]
cf_score, 41.0
nv_score, -1.0
ratio, 0.535353535354
[[  7.  17.   4.]
 [  1.  22.  12.]
 [  2.  17.  18.]]
cf_score, 41.0
nv_score, -2.0
ratio, 0.474747474747
[[ 13.  21.   4.]
 [  1.  21.   8.]
 [  1.  16.  15.]]
cf_score, 44.0
nv_score, -1.0
ratio, 0.494949494949
[[  9.  17.   5.]
 [  3.  20.  13.]
 [  3.  18.  12.]]
cf_score, 33.0
nv_score, -11.0
ratio, 0.414141414141
[[  7.  19.   8.]
 [  2.  18.   6.]
 [  0.  18.  22.]]
cf_score, 39.0
nv_score, 0.0
ratio, 0.474747474747
[[  2.  18.   2.]
 [  1.  22.  10.]
 [  2.  21.  22.]]
cf_score, 42.0
nv_score, 8.0
ratio, 0.464646464646
[[ 18.  20.   3.]
 [  1.  21.   7.]
 [  5.  12.  13.]]
cf_score, 44.0
nv_score, 0.0
ratio, 0.525252525253
[[ 16.  22.   9.]
 [  1.  14.  10.]
 [  1.  10.  17.]]
cf_score, 37.0
nv_score, -11.0
ratio, 0.474747474747
[[ 14.  19.   8.]
 [  3.  20.   7.]
 [  1.  12.  16.]]
cf_score, 41.0
nv_score, -7.0
ratio, 0.505050505051
[[  7.  16.  10.]
 [  4.  24.   7.]
 [  3.  13.  16.]]
cf_score, 34.0
nv_score, -11.0
ratio, 0.474747474747
[[  8.  17.   5.]
 [  1.  25.  10.]
 [  2.  18.  14.]]
cf_score, 40.0
nv_score, -6.0
ratio, 0.474747474747
[[  6.  16.   6.]
 [  1.  30.   8.]
 [  0.  19.  14.]]
cf_score, 44.0
nv_score, -6.0
ratio, 0.505050505051
[[ 12.  16.   4.]
 [  2.  18.   7.]
 [  3.  16.  22.]]
cf_score, 45.0
nv_score, 7.0
ratio, 0.525252525253
[[ 17.  14.   4.]
 [  3.  20.  10.]
 [  1.  19.  12.]]
cf_score, 44.0
nv_score, -6.0
ratio, 0.494949494949
[[  7.  15.   6.]
 [  6.  28.   4.]
 [  7.  18.   9.]]
cf_score, 31.0
nv_score, -7.0
ratio, 0.444444444444
[[ 11.  12.   3.]
 [  1.  30.   9.]
 [  5.  15.  14.]]
cf_score, 47.0
nv_score, -1.0
ratio, 0.555555555556
[[  8.  15.   6.]
 [  1.  25.   5.]
 [  1.  19.  20.]]
cf_score, 46.0
nv_score, 3.0
ratio, 0.535353535354
[[ 11.  11.   4.]
 [  0.  28.   8.]
 [  3.   9.  26.]]
cf_score, 58.0
nv_score, 10.0
ratio, 0.656565656566
[[ 10.  22.   4.]
 [  1.  21.  10.]
 [  1.  15.  16.]]
cf_score, 42.0
nv_score, -2.0
ratio, 0.474747474747
[[  4.  22.   7.]
 [  3.  24.   7.]
 [  3.  17.  13.]]
cf_score, 31.0
nv_score, -8.0
ratio, 0.414141414141
[[ 10.  20.   4.]
 [  1.  23.   7.]
 [  4.  17.  14.]]
cf_score, 39.0
nv_score, -1.0
ratio, 0.474747474747
[[ 12.  17.   8.]
 [  1.  21.   7.]
 [  2.  17.  15.]]
cf_score, 38.0
nv_score, -8.0
ratio, 0.484848484848
[[  5.  12.   7.]
 [  2.  28.   9.]
 [  0.  16.  21.]]
cf_score, 47.0
nv_score, -2.0
ratio, 0.545454545455
[[ 11.  12.   6.]
 [  2.  19.   7.]
 [  3.  19.  21.]]
cf_score, 42.0
nv_score, 2.0
ratio, 0.515151515152
[[  7.  14.   5.]
 [  2.  23.  11.]
 [  2.  16.  20.]]
cf_score, 43.0
nv_score, -1.0
ratio, 0.505050505051
[[  7.  19.   4.]
 [  2.  17.   7.]
 [  1.  19.  24.]]
cf_score, 43.0
nv_score, 9.0
ratio, 0.484848484848
[[ 11.  13.   4.]
 [  3.  23.  10.]
 [  1.  13.  22.]]
cf_score, 51.0
nv_score, 4.0
ratio, 0.565656565657
[[ 21.  12.   7.]
 [  3.  12.   8.]
 [  4.  21.  12.]]
cf_score, 34.0
nv_score, -10.0
ratio, 0.454545454545
[[  8.  15.   9.]
 [  0.  19.  11.]
 [  2.  18.  18.]]
cf_score, 34.0
nv_score, -11.0
ratio, 0.454545454545
[[ 10.  18.   9.]
 [  0.  17.  11.]
 [  3.  15.  17.]]
cf_score, 32.0
nv_score, -12.0
ratio, 0.444444444444
[[ 13.  19.   1.]
 [  1.  29.   5.]
 [  1.  14.  17.]]
cf_score, 57.0
nv_score, 10.0
ratio, 0.59595959596
[[  8.  16.   3.]
 [  3.  19.   7.]
 [  7.  22.  15.]]
cf_score, 32.0
nv_score, 2.0
ratio, 0.424242424242
[[  8.  24.   8.]
 [  0.  20.   9.]
 [  4.  12.  15.]]
cf_score, 31.0
nv_score, -10.0
ratio, 0.434343434343
[[  7.  18.   8.]
 [  1.  27.   4.]
 [  1.  19.  15.]]
cf_score, 40.0
nv_score, -5.0
ratio, 0.494949494949
[[  5.  20.  11.]
 [  2.  21.   9.]
 [  1.  14.  17.]]
cf_score, 31.0
nv_score, -14.0
ratio, 0.434343434343
[[ 12.  16.   4.]
 [  0.  28.   9.]
 [  6.  12.  13.]]
cf_score, 43.0
nv_score, -4.0
ratio, 0.535353535354
[[ 13.  13.   7.]
 [  4.  27.   4.]
 [  4.  13.  15.]]
cf_score, 44.0
nv_score, -3.0
ratio, 0.555555555556
[[  9.  16.   5.]
 [  4.  28.   3.]
 [  2.  13.  20.]]
cf_score, 50.0
nv_score, 7.0
ratio, 0.575757575758
[[ 12.  11.  10.]
 [  0.  14.   7.]
 [  4.  22.  20.]]
cf_score, 32.0
nv_score, -7.0
ratio, 0.464646464646
[[  5.  23.   3.]
 [  2.  22.   7.]
 [  8.  15.  15.]]
cf_score, 31.0
nv_score, 2.0
ratio, 0.424242424242
[[ 14.  22.   7.]
 [  1.  16.   6.]
 [  4.  16.  14.]]
cf_score, 33.0
nv_score, -6.0
ratio, 0.444444444444
[[  8.  20.   7.]
 [  1.  17.   8.]
 [  3.  20.  16.]]
cf_score, 31.0
nv_score, -6.0
ratio, 0.414141414141
[[  7.  13.   5.]
 [  1.  21.   8.]
 [  8.  15.  22.]]
cf_score, 37.0
nv_score, 4.0
ratio, 0.505050505051
[[ 10.  18.  10.]
 [  4.  22.   3.]
 [  4.  14.  15.]]
cf_score, 33.0
nv_score, -8.0
ratio, 0.474747474747
[[  9.  21.   4.]
 [  0.  26.   4.]
 [  6.  18.  12.]]
cf_score, 37.0
nv_score, 0.0
ratio, 0.474747474747
[[  8.  13.   2.]
 [  2.  26.  12.]
 [  2.  18.  17.]]
cf_score, 47.0
nv_score, 1.0
ratio, 0.515151515152
[[ 10.  15.   3.]
 [  2.  30.  11.]
 [  6.  12.  11.]]
cf_score, 42.0
nv_score, -6.0
ratio, 0.515151515152
[[ 10.  14.   4.]
 [  2.  28.   3.]
 [  1.  16.  22.]]
cf_score, 55.0
nv_score, 11.0
ratio, 0.606060606061
[[ 11.  12.   7.]
 [  1.  20.   5.]
 [  5.  22.  17.]]
cf_score, 36.0
nv_score, -2.0
ratio, 0.484848484848
[[  8.  11.   4.]
 [  1.  25.  11.]
 [  3.  21.  16.]]
cf_score, 42.0
nv_score, -3.0
ratio, 0.494949494949
[[ 10.  21.  14.]
 [  1.  19.   3.]
 [  3.  11.  18.]]
cf_score, 30.0
nv_score, -13.0
ratio, 0.474747474747
[[  8.  16.   5.]
 [  0.  28.  10.]
 [  7.  15.  11.]]
cf_score, 35.0
nv_score, -9.0
ratio, 0.474747474747
[[  2.  10.   4.]
 [  2.  21.   8.]
 [ 11.  20.  22.]]
cf_score, 30.0
nv_score, 6.0
ratio, 0.454545454545
[[  9.  14.   4.]
 [  1.  32.   7.]
 [  3.  11.  19.]]
cf_score, 53.0
nv_score, 4.0
ratio, 0.606060606061
[[  7.  11.   3.]
 [  3.  31.   9.]
 [  4.  19.  13.]]
cf_score, 44.0
nv_score, -2.0
ratio, 0.515151515152
[[  6.  17.   7.]
 [  1.  27.   4.]
 [  0.  19.  19.]]
cf_score, 45.0
nv_score, 1.0
ratio, 0.525252525253
[[ 11.  12.   6.]
 [  1.  22.   7.]
 [  5.  17.  19.]]
cf_score, 41.0
nv_score, 0.0
ratio, 0.525252525253
[[  9.  13.   3.]
 [  3.  26.   7.]
 [  5.  20.  14.]]
cf_score, 41.0
nv_score, 1.0
ratio, 0.494949494949
[[  9.  24.   3.]
 [  2.  20.   7.]
 [  5.  19.  11.]]
cf_score, 32.0
nv_score, -2.0
ratio, 0.40404040404
[[  8.  13.   4.]
 [  0.  25.  12.]
 [  3.  19.  16.]]
cf_score, 42.0
nv_score, -4.0
ratio, 0.494949494949
[[  6.  21.   4.]
 [  3.  23.   8.]
 [  3.  16.  16.]]
cf_score, 38.0
nv_score, 0.0
ratio, 0.454545454545
[[ 13.  20.   6.]
 [  4.  17.  10.]
 [  3.  14.  13.]]
cf_score, 34.0
nv_score, -9.0
ratio, 0.434343434343
[[ 13.  13.   7.]
 [  3.  28.   5.]
 [  3.  14.  14.]]
cf_score, 45.0
nv_score, -5.0
ratio, 0.555555555556
[[  9.  15.   9.]
 [  2.  28.   9.]
 [  3.  14.  11.]]
cf_score, 36.0
nv_score, -16.0
ratio, 0.484848484848
[[  5.  17.   6.]
 [  1.  30.   8.]
 [  1.  20.  12.]]
cf_score, 40.0
nv_score, -8.0
ratio, 0.474747474747
[[  6.  17.   6.]
 [  3.  31.   6.]
 [  2.  18.  11.]]
cf_score, 40.0
nv_score, -7.0
ratio, 0.484848484848
[[  3.  18.   4.]
 [  4.  22.  13.]
 [  4.  16.  16.]]
cf_score, 33.0
nv_score, -5.0
ratio, 0.414141414141
[[  9.  15.   9.]
 [  4.  17.  11.]
 [  6.  10.  19.]]
cf_score, 30.0
nv_score, -10.0
ratio, 0.454545454545
[[  9.  18.   5.]
 [  3.  31.  12.]
 [  1.   8.  13.]]
cf_score, 47.0
nv_score, -9.0
ratio, 0.535353535354
[[ 12.  14.   3.]
 [  0.  22.   3.]
 [  5.  17.  24.]]
cf_score, 50.0
nv_score, 15.0
ratio, 0.585858585859
[[ 10.  23.   3.]
 [  5.  18.   9.]
 [  7.  15.  10.]]
cf_score, 28.0
nv_score, -5.0
ratio, 0.383838383838
[[  8.  13.   5.]
 [  4.  29.   8.]
 [  2.  17.  14.]]
cf_score, 44.0
nv_score, -4.0
ratio, 0.515151515152
[[ 10.  12.   6.]
 [  3.  28.   6.]
 [  2.  12.  21.]]
cf_score, 51.0
nv_score, 3.0
ratio, 0.59595959596
[[ 12.  12.   7.]
 [  2.  20.  12.]
 [  2.  14.  19.]]
cf_score, 42.0
nv_score, -7.0
ratio, 0.515151515152
[[ 12.  16.   5.]
 [  2.  23.   7.]
 [  2.  15.  18.]]
cf_score, 46.0
nv_score, 1.0
ratio, 0.535353535354
[[  8.  17.   6.]
 [  0.  22.   9.]
 [  6.  16.  16.]]
cf_score, 34.0
nv_score, -5.0
ratio, 0.464646464646
[[ 11.  20.   3.]
 [  5.  18.  10.]
 [  2.  13.  18.]]
cf_score, 42.0
nv_score, 2.0
ratio, 0.474747474747
[[ 11.  12.   7.]
 [  4.  16.  11.]
 [  0.  14.  25.]]
cf_score, 45.0
nv_score, 0.0
ratio, 0.525252525253
[[  6.  20.   7.]
 [  5.  22.  12.]
 [  1.  10.  17.]]
cf_score, 37.0
nv_score, -9.0
ratio, 0.454545454545
[[  9.  20.   5.]
 [  3.  19.   3.]
 [  4.  16.  21.]]
cf_score, 40.0
nv_score, 8.0
ratio, 0.494949494949
[[ 17.  10.   6.]
 [  5.  25.   4.]
 [  5.  12.  16.]]
cf_score, 47.0
nv_score, 0.0
ratio, 0.585858585859
[[ 11.  15.   5.]
 [  3.  25.   5.]
 [  6.  18.  12.]]
cf_score, 37.0
nv_score, -3.0
ratio, 0.484848484848
[[ 12.  14.   7.]
 [  1.  18.  11.]
 [  2.  17.  18.]]
cf_score, 39.0
nv_score, -7.0
ratio, 0.484848484848
[[ 13.  10.   4.]
 [  3.  27.   7.]
 [  4.  16.  16.]]
cf_score, 48.0
nv_score, 1.0
ratio, 0.565656565657
[[  9.  16.   6.]
 [  5.  24.   5.]
 [  3.   8.  24.]]
cf_score, 48.0
nv_score, 7.0
ratio, 0.575757575758
[[  6.  15.   7.]
 [  0.  14.  11.]
 [  4.  28.  15.]]
cf_score, 24.0
nv_score, -10.0
ratio, 0.353535353535
[[  9.  20.   5.]
 [  2.  19.  10.]
 [  5.  19.  11.]]
cf_score, 29.0
nv_score, -9.0
ratio, 0.393939393939
[[  8.  14.   6.]
 [  1.  24.   3.]
 [  1.  24.  19.]]
cf_score, 44.0
nv_score, 4.0
ratio, 0.515151515152
[[  8.  20.   8.]
 [  1.  19.   6.]
 [  0.  19.  19.]]
cf_score, 38.0
nv_score, -3.0
ratio, 0.464646464646
[[ 13.  15.   7.]
 [  2.  25.   8.]
 [  0.  14.  16.]]
cf_score, 47.0
nv_score, -6.0
ratio, 0.545454545455
[[ 13.  14.   5.]
 [  4.  21.   8.]
 [  9.  13.  13.]]
cf_score, 33.0
nv_score, -5.0
ratio, 0.474747474747
[[  7.  13.   6.]
 [  0.  26.   8.]
 [  4.  19.  17.]]
cf_score, 40.0
nv_score, -3.0
ratio, 0.505050505051
[[ 10.  13.   5.]
 [ 10.  11.   8.]
 [  8.  18.  17.]]
cf_score, 25.0
nv_score, -1.0
ratio, 0.383838383838
[[  8.  11.   9.]
 [  0.  25.   5.]
 [  4.  20.  18.]]
cf_score, 38.0
nv_score, -5.0
ratio, 0.515151515152
[[ 14.   8.   6.]
 [  1.  25.   8.]
 [  5.  21.  12.]]
cf_score, 40.0
nv_score, -8.0
ratio, 0.515151515152
[[  5.  15.  13.]
 [  6.  30.   6.]
 [  4.  12.   9.]]
cf_score, 27.0
nv_score, -23.0
ratio, 0.444444444444
[[ 11.  18.   4.]
 [  4.  23.   4.]
 [  3.  14.  19.]]
cf_score, 46.0
nv_score, 7.0
ratio, 0.535353535354
[[ 16.  12.   8.]
 [  3.  13.   8.]
 [  4.  18.  18.]]
cf_score, 35.0
nv_score, -6.0
ratio, 0.474747474747
[[  8.  13.   1.]
 [  3.  28.   7.]
 [  7.  15.  18.]]
cf_score, 46.0
nv_score, 9.0
ratio, 0.545454545455
[[  5.  15.  11.]
 [  2.  21.   7.]
 [ 10.  17.  12.]]
cf_score, 17.0
nv_score, -17.0
ratio, 0.383838383838
[[  5.  13.   5.]
 [  1.  28.  12.]
 [  2.  20.  14.]]
cf_score, 40.0
nv_score, -8.0
ratio, 0.474747474747
[[ 10.  18.   8.]
 [  0.  22.   6.]
 [  2.  19.  15.]]
cf_score, 37.0
nv_score, -7.0
ratio, 0.474747474747
[[  9.  16.   5.]
 [  1.  14.   5.]
 [  4.  23.  23.]]
cf_score, 37.0
nv_score, 8.0
ratio, 0.464646464646
[[ 13.  16.   5.]
 [  5.  22.   6.]
 [  2.  13.  18.]]
cf_score, 46.0
nv_score, 2.0
ratio, 0.535353535354
[[ 12.  17.   7.]
 [  3.  25.   4.]
 [  5.  14.  13.]]
cf_score, 38.0
nv_score, -5.0
ratio, 0.505050505051
[[  9.  19.   8.]
 [  4.  20.   6.]
 [  4.  15.  15.]]
cf_score, 32.0
nv_score, -7.0
ratio, 0.444444444444
[[  7.  20.   7.]
 [  6.  23.  10.]
 [  3.  13.  11.]]
cf_score, 31.0
nv_score, -13.0
ratio, 0.414141414141
[[ 11.  10.   4.]
 [  4.  30.  10.]
 [  2.  15.  14.]]
cf_score, 49.0
nv_score, -4.0
ratio, 0.555555555556
[[ 15.  12.   4.]
 [  2.  18.  10.]
 [  6.  18.  15.]]
cf_score, 38.0
nv_score, -3.0
ratio, 0.484848484848
[[  6.  19.   7.]
 [  3.  21.  12.]
 [  1.  19.  12.]]
cf_score, 31.0
nv_score, -14.0
ratio, 0.393939393939
[[ 16.  11.   7.]
 [  4.  21.   7.]
 [  5.  17.  12.]]
cf_score, 37.0
nv_score, -9.0
ratio, 0.494949494949
[[  5.  18.   8.]
 [  3.  19.   9.]
 [  6.  13.  19.]]
cf_score, 29.0
nv_score, -6.0
ratio, 0.434343434343
[[ 10.  19.   5.]
 [  3.  30.   4.]
 [  4.  14.  11.]]
cf_score, 42.0
nv_score, -3.0
ratio, 0.515151515152
[[ 13.  23.   8.]
 [  0.  19.   9.]
 [  2.  12.  14.]]
cf_score, 36.0
nv_score, -11.0
ratio, 0.464646464646
[[  9.  14.   8.]
 [  3.  17.   7.]
 [  5.  20.  17.]]
cf_score, 30.0
nv_score, -6.0
ratio, 0.434343434343
[[  9.  17.   6.]
 [  1.  21.   5.]
 [  6.  14.  21.]]
cf_score, 39.0
nv_score, 4.0
ratio, 0.515151515152
[[ 13.  15.   4.]
 [  4.  26.   7.]
 [  1.  15.  15.]]
cf_score, 49.0
nv_score, 0.0
ratio, 0.545454545455
[[ 15.  21.   2.]
 [  3.  19.   2.]
 [  3.  18.  17.]]
cf_score, 46.0
nv_score, 11.0
ratio, 0.515151515152
[[ 12.  17.   7.]
 [  1.  15.  20.]
 [  3.   8.  17.]]
cf_score, 34.0
nv_score, -17.0
ratio, 0.444444444444
[[ 11.  22.   4.]
 [  3.  21.   8.]
 [  2.  17.  12.]]
cf_score, 38.0
nv_score, -4.0
ratio, 0.444444444444
[[  7.  14.   7.]
 [  3.  29.   4.]
 [  1.  16.  19.]]
cf_score, 47.0
nv_score, 1.0
ratio, 0.555555555556
[[ 11.  19.   3.]
 [  1.  21.   7.]
 [  4.  16.  18.]]
cf_score, 43.0
nv_score, 5.0
ratio, 0.505050505051
[[ 14.  16.   8.]
 [  4.  20.   2.]
 [  5.  15.  16.]]
cf_score, 37.0
nv_score, -2.0
ratio, 0.505050505051
[[  9.  23.   5.]
 [  3.  21.  15.]
 [  1.  10.  13.]]
cf_score, 37.0
nv_score, -12.0
ratio, 0.434343434343
[[ 11.  19.   2.]
 [  7.  22.   8.]
 [  6.  15.  10.]]
cf_score, 35.0
nv_score, -2.0
ratio, 0.434343434343
[[  9.  15.   4.]
 [  1.  29.   6.]
 [  5.  21.  10.]]
cf_score, 39.0
nv_score, -4.0
ratio, 0.484848484848
[[  8.  17.   3.]
 [  0.  23.  16.]
 [  4.  10.  19.]]
cf_score, 43.0
nv_score, -3.0
ratio, 0.505050505051
[[ 15.  16.   2.]
 [  8.  14.  11.]
 [  9.  12.  13.]]
cf_score, 31.0
nv_score, -2.0
ratio, 0.424242424242
[[ 14.  19.   5.]
 [  3.  18.   5.]
 [  2.  16.  18.]]
cf_score, 43.0
nv_score, 3.0
ratio, 0.505050505051
[[  6.  12.  11.]
 [  2.  28.  11.]
 [  4.  13.  13.]]
cf_score, 32.0
nv_score, -20.0
ratio, 0.474747474747
[[ 11.  11.   7.]
 [  3.  24.   7.]
 [  0.  20.  17.]]
cf_score, 45.0
nv_score, -4.0
ratio, 0.525252525253
[[  7.  16.   6.]
 [  3.  30.   7.]
 [  2.  11.  18.]]
cf_score, 47.0
nv_score, -1.0
ratio, 0.555555555556
[[ 12.  13.   5.]
 [  2.  20.   7.]
 [  4.  18.  19.]]
cf_score, 42.0
nv_score, 2.0
ratio, 0.515151515152
[[ 11.  22.   4.]
 [  2.  20.   7.]
 [  1.  18.  15.]]
cf_score, 41.0
nv_score, 0.0
ratio, 0.464646464646
[[  8.  11.   5.]
 [  4.  24.   5.]
 [  6.  17.  20.]]
cf_score, 41.0
nv_score, 5.0
ratio, 0.525252525253
[[ 14.   7.   4.]
 [  3.  24.   8.]
 [  7.  19.  14.]]
cf_score, 41.0
nv_score, -2.0
ratio, 0.525252525253
[[ 10.  18.   9.]
 [  0.  24.  10.]
 [  3.  11.  15.]]
cf_score, 37.0
nv_score, -13.0
ratio, 0.494949494949
[[  9.  17.   9.]
 [  0.  16.   9.]
 [  1.  20.  19.]]
cf_score, 34.0
nv_score, -8.0
ratio, 0.444444444444
[[  6.  15.   6.]
 [  5.  20.   4.]
 [  6.  19.  19.]]
cf_score, 33.0
nv_score, 3.0
ratio, 0.454545454545
[[  4.  13.   6.]
 [  1.  29.  11.]
 [  0.  15.  21.]]
cf_score, 48.0
nv_score, -2.0
ratio, 0.545454545455
[[  8.  15.   5.]
 [  3.  26.   7.]
 [  1.  16.  19.]]
cf_score, 47.0
nv_score, 2.0
ratio, 0.535353535354
[[  9.  10.   4.]
 [  3.  23.   4.]
 [  5.  21.  21.]]
cf_score, 44.0
nv_score, 9.0
ratio, 0.535353535354
[[  9.  23.   3.]
 [  4.  19.   7.]
 [  3.  17.  15.]]
cf_score, 37.0
nv_score, 2.0
ratio, 0.434343434343
[[  7.  13.  11.]
 [  4.  22.   5.]
 [  3.  17.  18.]]
cf_score, 33.0
nv_score, -9.0
ratio, 0.474747474747
[[ 13.  11.   6.]
 [  6.  14.   8.]
 [  5.  18.  19.]]
cf_score, 35.0
nv_score, -1.0
ratio, 0.464646464646
[[  9.  22.   6.]
 [  4.  16.   7.]
 [  8.  13.  15.]]
cf_score, 26.0
nv_score, -4.0
ratio, 0.40404040404
[[  9.  18.   5.]
 [  3.  26.   7.]
 [  2.  12.  18.]]
cf_score, 46.0
nv_score, 1.0
ratio, 0.535353535354
[[  5.  16.   7.]
 [  4.  18.   7.]
 [  4.  14.  25.]]
cf_score, 37.0
nv_score, 4.0
ratio, 0.484848484848
[[  7.  14.   8.]
 [  3.  16.  10.]
 [  2.  17.  23.]]
cf_score, 36.0
nv_score, -3.0
ratio, 0.464646464646
[[ 12.  14.   6.]
 [  3.  18.   5.]
 [  4.  24.  14.]]
cf_score, 34.0
nv_score, -3.0
ratio, 0.444444444444
[[  9.  16.   8.]
 [  1.  25.   7.]
 [  3.  10.  21.]]
cf_score, 44.0
nv_score, -2.0
ratio, 0.555555555556
[[ 13.  18.  13.]
 [  1.  16.  11.]
 [  3.  13.  12.]]
cf_score, 25.0
nv_score, -25.0
ratio, 0.414141414141
[[ 10.  24.   6.]
 [  2.  22.   6.]
 [  3.  12.  15.]]
cf_score, 38.0
nv_score, -3.0
ratio, 0.474747474747
[[  7.  13.   4.]
 [  4.  19.   8.]
 [  5.  21.  19.]]
cf_score, 36.0
nv_score, 3.0
ratio, 0.454545454545
[[ 11.  12.   7.]
 [  2.  17.   9.]
 [  5.  18.  19.]]
cf_score, 35.0
nv_score, -4.0
ratio, 0.474747474747
[[  6.  18.   4.]
 [  2.  18.  12.]
 [  7.  14.  19.]]
cf_score, 32.0
nv_score, -1.0
ratio, 0.434343434343
[[  9.  25.   7.]
 [  1.  21.   9.]
 [  3.  11.  14.]]
cf_score, 34.0
nv_score, -9.0
ratio, 0.444444444444
[[ 10.  14.   5.]
 [  3.  25.   6.]
 [  4.  20.  13.]]
cf_score, 39.0
nv_score, -3.0
ratio, 0.484848484848
[[  9.  17.   5.]
 [  0.  20.   5.]
 [  3.  23.  18.]]
cf_score, 39.0
nv_score, 3.0
ratio, 0.474747474747
[[ 15.  17.   7.]
 [  0.  25.   7.]
 [  5.   6.  18.]]
cf_score, 46.0
nv_score, -3.0
ratio, 0.585858585859
[[  8.  20.   3.]
 [  2.  23.   6.]
 [  6.  14.  18.]]
cf_score, 40.0
nv_score, 6.0
ratio, 0.494949494949
[[  7.  22.   7.]
 [  1.  28.  10.]
 [  2.  12.  11.]]
cf_score, 37.0
nv_score, -13.0
ratio, 0.464646464646
[[  5.  21.   9.]
 [  2.  22.  11.]
 [  3.  15.  12.]]
cf_score, 27.0
nv_score, -17.0
ratio, 0.393939393939
[[  9.  15.   6.]
 [  3.  20.  14.]
 [  5.  16.  12.]]
cf_score, 30.0
nv_score, -14.0
ratio, 0.414141414141
[[  8.  15.   6.]
 [  1.  20.  11.]
 [  6.  16.  17.]]
cf_score, 33.0
nv_score, -6.0
ratio, 0.454545454545
[[ 12.  19.   3.]
 [  3.  19.  10.]
 [  6.  15.  13.]]
cf_score, 35.0
nv_score, -3.0
ratio, 0.444444444444
[[ 10.  16.   5.]
 [  0.  21.   7.]
 [  5.  20.  16.]]
cf_score, 37.0
nv_score, -1.0
ratio, 0.474747474747
[[  6.  17.   7.]
 [  3.  22.   8.]
 [  9.  15.  13.]]
cf_score, 25.0
nv_score, -9.0
ratio, 0.414141414141
[[ 10.  14.   5.]
 [  2.  27.   6.]
 [  5.  14.  17.]]
cf_score, 44.0
nv_score, 1.0
ratio, 0.545454545455
[[  7.  14.   9.]
 [  1.  23.   7.]
 [  3.  18.  18.]]
cf_score, 36.0
nv_score, -7.0
ratio, 0.484848484848
[[ 18.  15.   5.]
 [  1.  21.   7.]
 [  4.  12.  17.]]
cf_score, 47.0
nv_score, 0.0
ratio, 0.565656565657
[[  7.  13.   7.]
 [  1.  22.   9.]
 [  7.  19.  15.]]
cf_score, 30.0
nv_score, -8.0
ratio, 0.444444444444
[[ 10.  21.   3.]
 [  0.  20.   3.]
 [  2.  23.  18.]]
cf_score, 43.0
nv_score, 9.0
ratio, 0.484848484848
[[  9.  12.   7.]
 [  8.  16.  10.]
 [  1.  20.  17.]]
cf_score, 34.0
nv_score, -7.0
ratio, 0.424242424242
[[ 10.  13.   7.]
 [  2.  24.   9.]
 [  0.  19.  16.]]
cf_score, 43.0
nv_score, -7.0
ratio, 0.505050505051
[[ 11.  19.   7.]
 [  2.  20.   8.]
 [  4.  20.   9.]]
cf_score, 29.0
nv_score, -13.0
ratio, 0.40404040404
[[ 12.  17.   7.]
 [  4.  20.  10.]
 [  4.  14.  12.]]
cf_score, 33.0
nv_score, -12.0
ratio, 0.444444444444
[[ 10.  14.   6.]
 [  4.  26.   2.]
 [  0.  19.  19.]]
cf_score, 49.0
nv_score, 5.0
ratio, 0.555555555556
[[ 16.  10.   5.]
 [  3.  24.   9.]
 [  3.  14.  16.]]
cf_score, 48.0
nv_score, -3.0
ratio, 0.565656565657
[[ 12.  10.   5.]
 [  3.  31.   7.]
 [  4.  14.  14.]]
cf_score, 48.0
nv_score, -3.0
ratio, 0.575757575758
[[  6.  12.   4.]
 [  4.  25.   7.]
 [  3.  22.  17.]]
cf_score, 41.0
nv_score, 2.0
ratio, 0.484848484848
[[ 12.  14.   8.]
 [  1.  24.   7.]
 [  6.  15.  13.]]
cf_score, 35.0
nv_score, -10.0
ratio, 0.494949494949
[[ 11.  13.   3.]
 [  7.  23.  10.]
 [  6.  16.  11.]]
cf_score, 36.0
nv_score, -5.0
ratio, 0.454545454545
[[ 13.   8.   6.]
 [  4.  16.  10.]
 [  2.  21.  20.]]
cf_score, 41.0
nv_score, -2.0
ratio, 0.494949494949
[[  8.  24.   3.]
 [  0.  22.   7.]
 [  4.  15.  17.]]
cf_score, 40.0
nv_score, 4.0
ratio, 0.474747474747
[[  8.  18.   5.]
 [  2.  24.   9.]
 [  3.  11.  20.]]
cf_score, 44.0
nv_score, 1.0
ratio, 0.525252525253
[[ 20.  17.   4.]
 [  4.  16.   7.]
 [  3.  13.  16.]]
cf_score, 45.0
nv_score, 1.0
ratio, 0.525252525253
[[ 11.  21.   8.]
 [  7.  13.   9.]
 [  7.  13.  11.]]
cf_score, 20.0
nv_score, -14.0
ratio, 0.353535353535
[[  8.  20.   9.]
 [  5.  19.   7.]
 [  3.  17.  12.]]
cf_score, 27.0
nv_score, -13.0
ratio, 0.393939393939
[[  7.  22.   7.]
 [  0.  23.   9.]
 [  4.  15.  13.]]
cf_score, 32.0
nv_score, -10.0
ratio, 0.434343434343
[[ 11.  19.   7.]
 [  3.  21.   6.]
 [  3.  12.  18.]]
cf_score, 40.0
nv_score, -2.0
ratio, 0.505050505051
[[  4.  17.   2.]
 [  2.  34.   7.]
 [  1.  18.  15.]]
cf_score, 50.0
nv_score, 4.0
ratio, 0.535353535354
[[ 10.  17.   7.]
 [  3.  20.  11.]
 [  4.  15.  13.]]
cf_score, 32.0
nv_score, -12.0
ratio, 0.434343434343
[[  8.  15.   8.]
 [  4.  22.   6.]
 [  7.  16.  14.]]
cf_score, 29.0
nv_score, -8.0
ratio, 0.444444444444
[[  7.  14.   8.]
 [  3.  25.   8.]
 [  5.  12.  18.]]
cf_score, 37.0
nv_score, -6.0
ratio, 0.505050505051
[[  4.  15.   1.]
 [  5.  31.   6.]
 [  8.  15.  15.]]
cf_score, 41.0
nv_score, 7.0
ratio, 0.505050505051
[[  8.  15.  10.]
 [  2.  26.   8.]
 [  7.   9.  15.]]
cf_score, 32.0
nv_score, -13.0
ratio, 0.494949494949
[[ 10.  16.   8.]
 [  5.  28.   7.]
 [  2.  10.  14.]]
cf_score, 42.0
nv_score, -9.0
ratio, 0.525252525253
[[ 13.  15.   4.]
 [  0.  27.  10.]
 [  4.  18.   9.]]
cf_score, 41.0
nv_score, -9.0
ratio, 0.494949494949
[[ 17.  14.   4.]
 [  4.  21.   5.]
 [ 10.  12.  13.]]
cf_score, 37.0
nv_score, 0.0
ratio, 0.515151515152
[[  8.  12.   5.]
 [  3.  23.   7.]
 [  1.  13.  28.]]
cf_score, 53.0
nv_score, 11.0
ratio, 0.59595959596
[[  9.  14.  10.]
 [  2.  14.   9.]
 [  1.  17.  24.]]
cf_score, 36.0
nv_score, -5.0
ratio, 0.474747474747
[[ 13.  17.   4.]
 [  3.  21.   6.]
 [  5.  15.  16.]]
cf_score, 41.0
nv_score, 2.0
ratio, 0.505050505051
[[ 13.  16.   3.]
 [  5.  19.   9.]
 [  3.  16.  16.]]
cf_score, 42.0
nv_score, 1.0
ratio, 0.484848484848
[[  7.   8.   6.]
 [  3.  22.  14.]
 [  3.  16.  21.]]
cf_score, 41.0
nv_score, -5.0
ratio, 0.505050505051
[[  8.  20.   7.]
 [  1.  19.   8.]
 [  2.  17.  18.]]
cf_score, 36.0
nv_score, -4.0
ratio, 0.454545454545
[[  9.  11.   8.]
 [  3.  30.   8.]
 [  3.  17.  11.]]
cf_score, 39.0
nv_score, -13.0
ratio, 0.505050505051
[[ 17.  22.   4.]
 [  3.  20.   3.]
 [  2.  12.  17.]]
cf_score, 48.0
nv_score, 6.0
ratio, 0.545454545455
[[  7.  17.   9.]
 [  2.  25.   4.]
 [  0.  21.  15.]]
cf_score, 38.0
nv_score, -7.0
ratio, 0.474747474747
[[  5.  15.   7.]
 [  2.  21.   9.]
 [  2.  18.  21.]]
cf_score, 38.0
nv_score, -2.0
ratio, 0.474747474747
[[ 15.   8.   2.]
 [  2.  33.   7.]
 [  4.  15.  14.]]
cf_score, 56.0
nv_score, 3.0
ratio, 0.626262626263
[[ 12.  17.   5.]
 [  2.  34.   3.]
 [  4.   9.  14.]]
cf_score, 51.0
nv_score, 1.0
ratio, 0.606060606061
[[  7.  16.   6.]
 [  3.  24.  14.]
 [  3.  15.  12.]]
cf_score, 34.0
nv_score, -14.0
ratio, 0.434343434343
[[ 19.  18.   7.]
 [  2.  19.   5.]
 [  3.  14.  13.]]
cf_score, 41.0
nv_score, -6.0
ratio, 0.515151515152
[[  8.  16.   6.]
 [  0.  28.  10.]
 [  0.  15.  17.]]
cf_score, 47.0
nv_score, -5.0
ratio, 0.535353535354
[[ 10.  15.   5.]
 [  3.  21.   7.]
 [  6.  21.  12.]]
cf_score, 32.0
nv_score, -5.0
ratio, 0.434343434343
[[ 14.  18.   3.]
 [  4.  21.   5.]
 [  3.  16.  16.]]
cf_score, 45.0
nv_score, 5.0
ratio, 0.515151515152
[[  9.  17.   8.]
 [  1.  17.  14.]
 [  5.  16.  13.]]
cf_score, 26.0
nv_score, -17.0
ratio, 0.393939393939
[[  8.  21.   1.]
 [  2.  29.   5.]
 [  5.  13.  16.]]
cf_score, 47.0
nv_score, 9.0
ratio, 0.535353535354
[[ 11.  21.   4.]
 [  5.  23.   5.]
 [  4.   8.  19.]]
cf_score, 45.0
nv_score, 6.0
ratio, 0.535353535354
[[ 12.  17.   8.]
 [  5.  11.   7.]
 [  6.  12.  22.]]
cf_score, 31.0
nv_score, -1.0
ratio, 0.454545454545
[[  8.  17.   4.]
 [  4.  23.   7.]
 [  1.  15.  21.]]
cf_score, 47.0
nv_score, 6.0
ratio, 0.525252525253
[[  9.  18.   8.]
 [  2.  25.   5.]
 [  2.  12.  19.]]
cf_score, 43.0
nv_score, -2.0
ratio, 0.535353535354
[[  9.  14.   9.]
 [  3.  19.   3.]
 [  7.  17.  19.]]
cf_score, 31.0
nv_score, -2.0
ratio, 0.474747474747
[[ 12.  18.   4.]
 [  2.  30.   7.]
 [  3.  13.  11.]]
cf_score, 46.0
nv_score, -4.0
ratio, 0.535353535354
[[ 12.  18.   8.]
 [  3.  26.   5.]
 [  1.  13.  14.]]
cf_score, 43.0
nv_score, -7.0
ratio, 0.525252525253
[[ 11.  23.   6.]
 [  1.  20.   2.]
 [  7.  10.  20.]]
cf_score, 38.0
nv_score, 6.0
ratio, 0.515151515152
[[ 11.  16.   6.]
 [  6.  17.   8.]
 [  7.  12.  17.]]
cf_score, 32.0
nv_score, -3.0
ratio, 0.454545454545
[[ 14.  13.   5.]
 [  5.  25.   1.]
 [  3.  14.  20.]]
cf_score, 51.0
nv_score, 9.0
ratio, 0.59595959596
[[  9.  10.   9.]
 [  6.  22.   9.]
 [  5.  14.  16.]]
cf_score, 33.0
nv_score, -11.0
ratio, 0.474747474747
[[  7.  27.   4.]
 [  2.  24.   6.]
 [  2.  11.  17.]]
cf_score, 42.0
nv_score, 3.0
ratio, 0.484848484848
[[  5.  12.   7.]
 [  0.  24.  17.]
 [  4.  21.  10.]]
cf_score, 28.0
nv_score, -21.0
ratio, 0.393939393939
[[ 13.  16.  10.]
 [  4.  19.   4.]
 [  3.  16.  15.]]
cf_score, 34.0
nv_score, -9.0
ratio, 0.474747474747
[[ 12.  20.   8.]
 [  2.  22.   5.]
 [  1.  16.  14.]]
cf_score, 39.0
nv_score, -7.0
ratio, 0.484848484848
[[  4.  16.   9.]
 [  0.  23.   7.]
 [  5.  17.  19.]]
cf_score, 32.0
nv_score, -6.0
ratio, 0.464646464646
[[ 11.  13.   7.]
 [  0.  22.   7.]
 [  2.  19.  19.]]
cf_score, 43.0
nv_score, -2.0
ratio, 0.525252525253
[[  9.  16.   8.]
 [  2.  20.  10.]
 [  2.  14.  19.]]
cf_score, 38.0
nv_score, -7.0
ratio, 0.484848484848
[[ 15.  19.   6.]
 [  1.  19.   6.]
 [  6.  19.   9.]]
cf_score, 31.0
nv_score, -9.0
ratio, 0.434343434343
[[ 10.  14.  12.]
 [  1.  20.  11.]
 [  2.  18.  12.]]
cf_score, 28.0
nv_score, -23.0
ratio, 0.424242424242
[[ 13.  10.   6.]
 [  2.  16.   9.]
 [  7.  19.  18.]]
cf_score, 34.0
nv_score, -3.0
ratio, 0.474747474747
[[ 13.  17.   1.]
 [  3.  24.   6.]
 [  2.  12.  22.]]
cf_score, 56.0
nv_score, 14.0
ratio, 0.59595959596
[[ 12.  24.   5.]
 [  3.  19.   6.]
 [  4.  15.  12.]]
cf_score, 34.0
nv_score, -4.0
ratio, 0.434343434343
[[  3.  17.   9.]
 [  2.  22.   9.]
 [  0.  17.  21.]]
cf_score, 37.0
nv_score, -6.0
ratio, 0.464646464646
