[[  0.   0.   0.]
 [  0.  73.   0.]
 [  0.  27.   0.]]
cf_score, 73.0
nv_score, 0.0
ratio, 0.737373737374
[[  0.   0.   0.]
 [  0.  72.   0.]
 [  0.  28.   0.]]
cf_score, 72.0
nv_score, 0.0
ratio, 0.727272727273
[[  0.   0.   0.]
 [  0.  68.   0.]
 [  0.  32.   0.]]
cf_score, 68.0
nv_score, 0.0
ratio, 0.686868686869
[[  0.   0.   0.]
 [  0.  69.   0.]
 [  0.  31.   0.]]
cf_score, 69.0
nv_score, 0.0
ratio, 0.69696969697
[[  0.   0.   0.]
 [  0.  69.   0.]
 [  0.  31.   0.]]
cf_score, 69.0
nv_score, 0.0
ratio, 0.69696969697
[[  0.   0.   0.]
 [  0.  72.   0.]
 [  0.  28.   0.]]
cf_score, 72.0
nv_score, 0.0
ratio, 0.727272727273
[[  0.   0.   0.]
 [  0.  76.   0.]
 [  0.  24.   0.]]
cf_score, 76.0
nv_score, 0.0
ratio, 0.767676767677
[[  0.   0.   0.]
 [  0.  68.   0.]
 [  0.  32.   0.]]
cf_score, 68.0
nv_score, 0.0
ratio, 0.686868686869
[[  0.   0.   0.]
 [  0.  69.   0.]
 [  0.  31.   0.]]
cf_score, 69.0
nv_score, 0.0
ratio, 0.69696969697
[[  0.   0.   0.]
 [  0.  72.   0.]
 [  0.  28.   0.]]
cf_score, 72.0
nv_score, 0.0
ratio, 0.727272727273
[[  0.   0.   0.]
 [  0.  73.   0.]
 [  0.  27.   0.]]
cf_score, 73.0
nv_score, 0.0
ratio, 0.737373737374
[[  0.   0.   0.]
 [  0.  75.   0.]
 [  0.  25.   0.]]
cf_score, 75.0
nv_score, 0.0
ratio, 0.757575757576
[[  0.   0.   0.]
 [  0.  71.   0.]
 [  0.  29.   0.]]
cf_score, 71.0
nv_score, 0.0
ratio, 0.717171717172
[[  0.   0.   0.]
 [  0.  72.   0.]
 [  0.  28.   0.]]
cf_score, 72.0
nv_score, 0.0
ratio, 0.727272727273
[[  0.   0.   0.]
 [  0.  73.   0.]
 [  0.  27.   0.]]
cf_score, 73.0
nv_score, 0.0
ratio, 0.737373737374
[[  0.   0.   0.]
 [  0.  74.   0.]
 [  0.  26.   0.]]
cf_score, 74.0
nv_score, 0.0
ratio, 0.747474747475
[[  0.   0.   0.]
 [  0.  67.   0.]
 [  0.  33.   0.]]
cf_score, 67.0
nv_score, 0.0
ratio, 0.676767676768
[[  0.   0.   0.]
 [  0.  80.   0.]
 [  0.  20.   0.]]
cf_score, 80.0
nv_score, 0.0
ratio, 0.808080808081
[[  0.   0.   0.]
 [  0.  68.   0.]
 [  0.  32.   0.]]
cf_score, 68.0
nv_score, 0.0
ratio, 0.686868686869
[[  0.   0.   0.]
 [  0.  76.   0.]
 [  0.  24.   0.]]
cf_score, 76.0
nv_score, 0.0
ratio, 0.767676767677
[[  0.   0.   0.]
 [  0.  73.   0.]
 [  0.  27.   0.]]
cf_score, 73.0
nv_score, 0.0
ratio, 0.737373737374
[[  0.   0.   0.]
 [  0.  72.   0.]
 [  0.  28.   0.]]
cf_score, 72.0
nv_score, 0.0
ratio, 0.727272727273
[[  0.   0.   0.]
 [  0.  69.   0.]
 [  0.  31.   0.]]
cf_score, 69.0
nv_score, 0.0
ratio, 0.69696969697
[[  0.   0.   0.]
 [  0.  71.   0.]
 [  0.  29.   0.]]
cf_score, 71.0
nv_score, 0.0
ratio, 0.717171717172
[[  0.   0.   0.]
 [  0.  64.   0.]
 [  0.  36.   0.]]
cf_score, 64.0
nv_score, 0.0
ratio, 0.646464646465
[[  0.   0.   0.]
 [  0.  72.   0.]
 [  0.  28.   0.]]
cf_score, 72.0
nv_score, 0.0
ratio, 0.727272727273
[[  0.   0.   0.]
 [  0.  65.   0.]
 [  0.  35.   0.]]
cf_score, 65.0
nv_score, 0.0
ratio, 0.656565656566
[[  0.   0.   0.]
 [  0.  66.   0.]
 [  0.  34.   0.]]
cf_score, 66.0
nv_score, 0.0
ratio, 0.666666666667
[[  0.   0.   0.]
 [  0.  64.   0.]
 [  0.  36.   0.]]
cf_score, 64.0
nv_score, 0.0
ratio, 0.646464646465
[[  0.   0.   0.]
 [  0.  69.   0.]
 [  0.  31.   0.]]
cf_score, 69.0
nv_score, 0.0
ratio, 0.69696969697
[[  0.   0.   0.]
 [  0.  75.   0.]
 [  0.  25.   0.]]
cf_score, 75.0
nv_score, 0.0
ratio, 0.757575757576
[[  0.   0.   0.]
 [  0.  71.   0.]
 [  0.  29.   0.]]
cf_score, 71.0
nv_score, 0.0
ratio, 0.717171717172
[[  0.   0.   0.]
 [  0.  67.   0.]
 [  0.  33.   0.]]
cf_score, 67.0
nv_score, 0.0
ratio, 0.676767676768
[[  0.   0.   0.]
 [  0.  74.   0.]
 [  0.  26.   0.]]
cf_score, 74.0
nv_score, 0.0
ratio, 0.747474747475
[[  0.   0.   0.]
 [  0.  68.   0.]
 [  0.  32.   0.]]
cf_score, 68.0
nv_score, 0.0
ratio, 0.686868686869
[[  0.   0.   0.]
 [  0.  76.   0.]
 [  0.  24.   0.]]
cf_score, 76.0
nv_score, 0.0
ratio, 0.767676767677
[[  0.   0.   0.]
 [  0.  73.   0.]
 [  0.  27.   0.]]
cf_score, 73.0
nv_score, 0.0
ratio, 0.737373737374
[[  0.   0.   0.]
 [  0.  68.   0.]
 [  0.  32.   0.]]
cf_score, 68.0
nv_score, 0.0
ratio, 0.686868686869
[[  0.   0.   0.]
 [  0.  78.   0.]
 [  0.  22.   0.]]
cf_score, 78.0
nv_score, 0.0
ratio, 0.787878787879
[[  0.   0.   0.]
 [  0.  68.   0.]
 [  0.  32.   0.]]
cf_score, 68.0
nv_score, 0.0
ratio, 0.686868686869
[[  0.   0.   0.]
 [  0.  75.   0.]
 [  0.  25.   0.]]
cf_score, 75.0
nv_score, 0.0
ratio, 0.757575757576
[[  0.   0.   0.]
 [  0.  64.   0.]
 [  0.  36.   0.]]
cf_score, 64.0
nv_score, 0.0
ratio, 0.646464646465
[[  0.   0.   0.]
 [  0.  72.   0.]
 [  0.  28.   0.]]
cf_score, 72.0
nv_score, 0.0
ratio, 0.727272727273
[[  0.   0.   0.]
 [  0.  75.   0.]
 [  0.  25.   0.]]
cf_score, 75.0
nv_score, 0.0
ratio, 0.757575757576
[[  0.   0.   0.]
 [  0.  75.   0.]
 [  0.  25.   0.]]
cf_score, 75.0
nv_score, 0.0
ratio, 0.757575757576
[[  0.   0.   0.]
 [  0.  67.   0.]
 [  0.  33.   0.]]
cf_score, 67.0
nv_score, 0.0
ratio, 0.676767676768
[[  0.   0.   0.]
 [  0.  72.   0.]
 [  0.  28.   0.]]
cf_score, 72.0
nv_score, 0.0
ratio, 0.727272727273
[[  0.   0.   0.]
 [  0.  67.   0.]
 [  0.  33.   0.]]
cf_score, 67.0
nv_score, 0.0
ratio, 0.676767676768
[[  0.   0.   0.]
 [  0.  84.   0.]
 [  0.  16.   0.]]
cf_score, 84.0
nv_score, 0.0
ratio, 0.848484848485
[[  0.   0.   0.]
 [  0.  68.   0.]
 [  0.  32.   0.]]
cf_score, 68.0
nv_score, 0.0
ratio, 0.686868686869
