Loading Model: level_list/m1_100/tick_list/AGM/class/models/model.h5
history_filename: history_recent/AGM/history.json
Yesterday        : 2017-08-29: OHLCV: 66.5400, 67.0400, 65.8600, 66.3100, 52174
UberYesterday    : 2017-08-28: OHLCV: 67.1100, 68.0000, 66.4200, 67.3100, 57644
[u'66.5400', u'67.0400', u'65.8600', u'66.3100', u'52174']
[u'67.1100', u'68.0000', u'66.4200', u'67.3100', u'57644']
question_base :[67.11, 68.0, 66.42, 67.31, 66.54, 67.04, 65.86, 66.31]
59.679: [67.110, 68.000, 66.420, 67.310, 66.540, 67.040, 65.860, 66.310, 59.679][0.194, 0.197, 0.609]
60.01055: [67.110, 68.000, 66.420, 67.310, 66.540, 67.040, 65.860, 66.310, 60.011][0.194, 0.197, 0.609]
60.3421: [67.110, 68.000, 66.420, 67.310, 66.540, 67.040, 65.860, 66.310, 60.342][0.194, 0.197, 0.609]
60.67365: [67.110, 68.000, 66.420, 67.310, 66.540, 67.040, 65.860, 66.310, 60.674][0.194, 0.197, 0.609]
61.0052: [67.110, 68.000, 66.420, 67.310, 66.540, 67.040, 65.860, 66.310, 61.005][0.194, 0.197, 0.609]
61.33675: [67.110, 68.000, 66.420, 67.310, 66.540, 67.040, 65.860, 66.310, 61.337][0.194, 0.197, 0.609]
61.6683: [67.110, 68.000, 66.420, 67.310, 66.540, 67.040, 65.860, 66.310, 61.668][0.194, 0.197, 0.609]
61.99985: [67.110, 68.000, 66.420, 67.310, 66.540, 67.040, 65.860, 66.310, 62.000][0.194, 0.198, 0.609]
62.3314: [67.110, 68.000, 66.420, 67.310, 66.540, 67.040, 65.860, 66.310, 62.331][0.194, 0.198, 0.609]
62.66295: [67.110, 68.000, 66.420, 67.310, 66.540, 67.040, 65.860, 66.310, 62.663][0.194, 0.198, 0.608]
62.9945: [67.110, 68.000, 66.420, 67.310, 66.540, 67.040, 65.860, 66.310, 62.995][0.194, 0.198, 0.608]
63.32605: [67.110, 68.000, 66.420, 67.310, 66.540, 67.040, 65.860, 66.310, 63.326][0.194, 0.199, 0.607]
63.6576: [67.110, 68.000, 66.420, 67.310, 66.540, 67.040, 65.860, 66.310, 63.658][0.195, 0.202, 0.603]
63.98915: [67.110, 68.000, 66.420, 67.310, 66.540, 67.040, 65.860, 66.310, 63.989][0.198, 0.222, 0.580]
64.3207: [67.110, 68.000, 66.420, 67.310, 66.540, 67.040, 65.860, 66.310, 64.321][0.236, 0.372, 0.392]
64.65225: [67.110, 68.000, 66.420, 67.310, 66.540, 67.040, 65.860, 66.310, 64.652][0.362, 0.388, 0.249]
64.9838: [67.110, 68.000, 66.420, 67.310, 66.540, 67.040, 65.860, 66.310, 64.984][0.343, 0.401, 0.257]
65.31535: [67.110, 68.000, 66.420, 67.310, 66.540, 67.040, 65.860, 66.310, 65.315][0.352, 0.397, 0.251]
65.6469: [67.110, 68.000, 66.420, 67.310, 66.540, 67.040, 65.860, 66.310, 65.647][0.379, 0.384, 0.237]
65.97845: [67.110, 68.000, 66.420, 67.310, 66.540, 67.040, 65.860, 66.310, 65.978][0.426, 0.358, 0.216]
66.31: [67.110, 68.000, 66.420, 67.310, 66.540, 67.040, 65.860, 66.310, 66.310][0.494, 0.316, 0.190]
66.64155: [67.110, 68.000, 66.420, 67.310, 66.540, 67.040, 65.860, 66.310, 66.642][0.573, 0.265, 0.161]
66.9731: [67.110, 68.000, 66.420, 67.310, 66.540, 67.040, 65.860, 66.310, 66.973][0.646, 0.219, 0.135]
67.30465: [67.110, 68.000, 66.420, 67.310, 66.540, 67.040, 65.860, 66.310, 67.305][0.703, 0.183, 0.115]
67.6362: [67.110, 68.000, 66.420, 67.310, 66.540, 67.040, 65.860, 66.310, 67.636][0.742, 0.158, 0.100]
67.96775: [67.110, 68.000, 66.420, 67.310, 66.540, 67.040, 65.860, 66.310, 67.968][0.768, 0.142, 0.091]
68.2993: [67.110, 68.000, 66.420, 67.310, 66.540, 67.040, 65.860, 66.310, 68.299][0.784, 0.131, 0.085]
68.63085: [67.110, 68.000, 66.420, 67.310, 66.540, 67.040, 65.860, 66.310, 68.631][0.795, 0.124, 0.081]
68.9624: [67.110, 68.000, 66.420, 67.310, 66.540, 67.040, 65.860, 66.310, 68.962][0.802, 0.120, 0.078]
69.29395: [67.110, 68.000, 66.420, 67.310, 66.540, 67.040, 65.860, 66.310, 69.294][0.806, 0.117, 0.077]
69.6255: [67.110, 68.000, 66.420, 67.310, 66.540, 67.040, 65.860, 66.310, 69.625][0.809, 0.116, 0.076]
69.95705: [67.110, 68.000, 66.420, 67.310, 66.540, 67.040, 65.860, 66.310, 69.957][0.810, 0.115, 0.075]
70.2886: [67.110, 68.000, 66.420, 67.310, 66.540, 67.040, 65.860, 66.310, 70.289][0.812, 0.114, 0.075]
70.62015: [67.110, 68.000, 66.420, 67.310, 66.540, 67.040, 65.860, 66.310, 70.620][0.812, 0.113, 0.074]
70.9517: [67.110, 68.000, 66.420, 67.310, 66.540, 67.040, 65.860, 66.310, 70.952][0.813, 0.113, 0.074]
71.28325: [67.110, 68.000, 66.420, 67.310, 66.540, 67.040, 65.860, 66.310, 71.283][0.813, 0.113, 0.074]
71.6148: [67.110, 68.000, 66.420, 67.310, 66.540, 67.040, 65.860, 66.310, 71.615][0.813, 0.113, 0.074]
71.94635: [67.110, 68.000, 66.420, 67.310, 66.540, 67.040, 65.860, 66.310, 71.946][0.814, 0.113, 0.074]
72.2779: [67.110, 68.000, 66.420, 67.310, 66.540, 67.040, 65.860, 66.310, 72.278][0.814, 0.113, 0.074]
72.60945: [67.110, 68.000, 66.420, 67.310, 66.540, 67.040, 65.860, 66.310, 72.609][0.814, 0.113, 0.074]
72.941: [67.110, 68.000, 66.420, 67.310, 66.540, 67.040, 65.860, 66.310, 72.941][0.814, 0.113, 0.074]
