Loading Model: level_list/m1_100/tick_list/APOG/class/models/model.h5
history_filename: history_recent/APOG/history.json
Yesterday        : 2017-08-29: OHLCV: 42.2300, 43.1300, 42.2300, 43.1200, 271066
UberYesterday    : 2017-08-28: OHLCV: 42.8500, 42.9700, 41.8500, 42.6400, 413078
[u'42.2300', u'43.1300', u'42.2300', u'43.1200', u'271066']
[u'42.8500', u'42.9700', u'41.8500', u'42.6400', u'413078']
question_base :[42.85, 42.97, 41.85, 42.64, 42.23, 43.13, 42.23, 43.12]
38.808: [42.850, 42.970, 41.850, 42.640, 42.230, 43.130, 42.230, 43.120, 38.808][0.011, 0.006, 0.982]
39.0236: [42.850, 42.970, 41.850, 42.640, 42.230, 43.130, 42.230, 43.120, 39.024][0.011, 0.006, 0.982]
39.2392: [42.850, 42.970, 41.850, 42.640, 42.230, 43.130, 42.230, 43.120, 39.239][0.012, 0.007, 0.982]
39.4548: [42.850, 42.970, 41.850, 42.640, 42.230, 43.130, 42.230, 43.120, 39.455][0.012, 0.007, 0.981]
39.6704: [42.850, 42.970, 41.850, 42.640, 42.230, 43.130, 42.230, 43.120, 39.670][0.012, 0.007, 0.980]
39.886: [42.850, 42.970, 41.850, 42.640, 42.230, 43.130, 42.230, 43.120, 39.886][0.013, 0.008, 0.979]
40.1016: [42.850, 42.970, 41.850, 42.640, 42.230, 43.130, 42.230, 43.120, 40.102][0.014, 0.009, 0.977]
40.3172: [42.850, 42.970, 41.850, 42.640, 42.230, 43.130, 42.230, 43.120, 40.317][0.017, 0.011, 0.972]
40.5328: [42.850, 42.970, 41.850, 42.640, 42.230, 43.130, 42.230, 43.120, 40.533][0.021, 0.015, 0.963]
40.7484: [42.850, 42.970, 41.850, 42.640, 42.230, 43.130, 42.230, 43.120, 40.748][0.033, 0.028, 0.939]
40.964: [42.850, 42.970, 41.850, 42.640, 42.230, 43.130, 42.230, 43.120, 40.964][0.067, 0.076, 0.857]
41.1796: [42.850, 42.970, 41.850, 42.640, 42.230, 43.130, 42.230, 43.120, 41.180][0.152, 0.256, 0.592]
41.3952: [42.850, 42.970, 41.850, 42.640, 42.230, 43.130, 42.230, 43.120, 41.395][0.244, 0.465, 0.291]
41.6108: [42.850, 42.970, 41.850, 42.640, 42.230, 43.130, 42.230, 43.120, 41.611][0.401, 0.446, 0.153]
41.8264: [42.850, 42.970, 41.850, 42.640, 42.230, 43.130, 42.230, 43.120, 41.826][0.514, 0.381, 0.105]
42.042: [42.850, 42.970, 41.850, 42.640, 42.230, 43.130, 42.230, 43.120, 42.042][0.547, 0.359, 0.094]
42.2576: [42.850, 42.970, 41.850, 42.640, 42.230, 43.130, 42.230, 43.120, 42.258][0.556, 0.353, 0.091]
42.4732: [42.850, 42.970, 41.850, 42.640, 42.230, 43.130, 42.230, 43.120, 42.473][0.559, 0.351, 0.090]
42.6888: [42.850, 42.970, 41.850, 42.640, 42.230, 43.130, 42.230, 43.120, 42.689][0.560, 0.350, 0.090]
42.9044: [42.850, 42.970, 41.850, 42.640, 42.230, 43.130, 42.230, 43.120, 42.904][0.561, 0.350, 0.090]
43.12: [42.850, 42.970, 41.850, 42.640, 42.230, 43.130, 42.230, 43.120, 43.120][0.561, 0.350, 0.090]
43.3356: [42.850, 42.970, 41.850, 42.640, 42.230, 43.130, 42.230, 43.120, 43.336][0.561, 0.350, 0.089]
43.5512: [42.850, 42.970, 41.850, 42.640, 42.230, 43.130, 42.230, 43.120, 43.551][0.561, 0.349, 0.089]
43.7668: [42.850, 42.970, 41.850, 42.640, 42.230, 43.130, 42.230, 43.120, 43.767][0.561, 0.349, 0.089]
43.9824: [42.850, 42.970, 41.850, 42.640, 42.230, 43.130, 42.230, 43.120, 43.982][0.561, 0.349, 0.089]
44.198: [42.850, 42.970, 41.850, 42.640, 42.230, 43.130, 42.230, 43.120, 44.198][0.561, 0.349, 0.089]
44.4136: [42.850, 42.970, 41.850, 42.640, 42.230, 43.130, 42.230, 43.120, 44.414][0.561, 0.349, 0.089]
44.6292: [42.850, 42.970, 41.850, 42.640, 42.230, 43.130, 42.230, 43.120, 44.629][0.561, 0.349, 0.089]
44.8448: [42.850, 42.970, 41.850, 42.640, 42.230, 43.130, 42.230, 43.120, 44.845][0.561, 0.349, 0.089]
45.0604: [42.850, 42.970, 41.850, 42.640, 42.230, 43.130, 42.230, 43.120, 45.060][0.561, 0.349, 0.089]
45.276: [42.850, 42.970, 41.850, 42.640, 42.230, 43.130, 42.230, 43.120, 45.276][0.561, 0.349, 0.089]
45.4916: [42.850, 42.970, 41.850, 42.640, 42.230, 43.130, 42.230, 43.120, 45.492][0.561, 0.349, 0.089]
45.7072: [42.850, 42.970, 41.850, 42.640, 42.230, 43.130, 42.230, 43.120, 45.707][0.561, 0.349, 0.089]
45.9228: [42.850, 42.970, 41.850, 42.640, 42.230, 43.130, 42.230, 43.120, 45.923][0.561, 0.349, 0.089]
46.1384: [42.850, 42.970, 41.850, 42.640, 42.230, 43.130, 42.230, 43.120, 46.138][0.561, 0.349, 0.089]
46.354: [42.850, 42.970, 41.850, 42.640, 42.230, 43.130, 42.230, 43.120, 46.354][0.561, 0.349, 0.089]
46.5696: [42.850, 42.970, 41.850, 42.640, 42.230, 43.130, 42.230, 43.120, 46.570][0.561, 0.349, 0.089]
46.7852: [42.850, 42.970, 41.850, 42.640, 42.230, 43.130, 42.230, 43.120, 46.785][0.561, 0.349, 0.089]
47.0008: [42.850, 42.970, 41.850, 42.640, 42.230, 43.130, 42.230, 43.120, 47.001][0.561, 0.349, 0.089]
47.2164: [42.850, 42.970, 41.850, 42.640, 42.230, 43.130, 42.230, 43.120, 47.216][0.561, 0.349, 0.089]
