Loading Model: level_list/m1_100/tick_list/ATW/class/models/model.h5
history_filename: history_recent/ATW/history.json
Yesterday        : 2017-08-29: OHLCV: 6.5800, 7.3300, 6.4300, 7.1700, 18558507
UberYesterday    : 2017-08-28: OHLCV: 6.5400, 6.6500, 6.2300, 6.3000, 5182590
[u'6.5800', u'7.3300', u'6.4300', u'7.1700', u'18558507']
[u'6.5400', u'6.6500', u'6.2300', u'6.3000', u'5182590']
question_base :[6.54, 6.65, 6.23, 6.3, 6.58, 7.33, 6.43, 7.17]
6.453: [6.540, 6.650, 6.230, 6.300, 6.580, 7.330, 6.430, 7.170, 6.453][0.057, 0.120, 0.823]
6.48885: [6.540, 6.650, 6.230, 6.300, 6.580, 7.330, 6.430, 7.170, 6.489][0.057, 0.120, 0.823]
6.5247: [6.540, 6.650, 6.230, 6.300, 6.580, 7.330, 6.430, 7.170, 6.525][0.057, 0.120, 0.823]
6.56055: [6.540, 6.650, 6.230, 6.300, 6.580, 7.330, 6.430, 7.170, 6.561][0.057, 0.120, 0.823]
6.5964: [6.540, 6.650, 6.230, 6.300, 6.580, 7.330, 6.430, 7.170, 6.596][0.057, 0.120, 0.823]
6.63225: [6.540, 6.650, 6.230, 6.300, 6.580, 7.330, 6.430, 7.170, 6.632][0.057, 0.120, 0.823]
6.6681: [6.540, 6.650, 6.230, 6.300, 6.580, 7.330, 6.430, 7.170, 6.668][0.057, 0.120, 0.823]
6.70395: [6.540, 6.650, 6.230, 6.300, 6.580, 7.330, 6.430, 7.170, 6.704][0.057, 0.120, 0.823]
6.7398: [6.540, 6.650, 6.230, 6.300, 6.580, 7.330, 6.430, 7.170, 6.740][0.057, 0.120, 0.823]
6.77565: [6.540, 6.650, 6.230, 6.300, 6.580, 7.330, 6.430, 7.170, 6.776][0.057, 0.120, 0.823]
6.8115: [6.540, 6.650, 6.230, 6.300, 6.580, 7.330, 6.430, 7.170, 6.811][0.057, 0.120, 0.823]
6.84735: [6.540, 6.650, 6.230, 6.300, 6.580, 7.330, 6.430, 7.170, 6.847][0.057, 0.120, 0.823]
6.8832: [6.540, 6.650, 6.230, 6.300, 6.580, 7.330, 6.430, 7.170, 6.883][0.057, 0.120, 0.823]
6.91905: [6.540, 6.650, 6.230, 6.300, 6.580, 7.330, 6.430, 7.170, 6.919][0.057, 0.120, 0.823]
6.9549: [6.540, 6.650, 6.230, 6.300, 6.580, 7.330, 6.430, 7.170, 6.955][0.057, 0.120, 0.823]
6.99075: [6.540, 6.650, 6.230, 6.300, 6.580, 7.330, 6.430, 7.170, 6.991][0.057, 0.120, 0.823]
7.0266: [6.540, 6.650, 6.230, 6.300, 6.580, 7.330, 6.430, 7.170, 7.027][0.057, 0.120, 0.823]
7.06245: [6.540, 6.650, 6.230, 6.300, 6.580, 7.330, 6.430, 7.170, 7.062][0.057, 0.120, 0.823]
7.0983: [6.540, 6.650, 6.230, 6.300, 6.580, 7.330, 6.430, 7.170, 7.098][0.057, 0.120, 0.823]
7.13415: [6.540, 6.650, 6.230, 6.300, 6.580, 7.330, 6.430, 7.170, 7.134][0.057, 0.120, 0.823]
7.17: [6.540, 6.650, 6.230, 6.300, 6.580, 7.330, 6.430, 7.170, 7.170][0.057, 0.120, 0.823]
7.20585: [6.540, 6.650, 6.230, 6.300, 6.580, 7.330, 6.430, 7.170, 7.206][0.057, 0.120, 0.823]
7.2417: [6.540, 6.650, 6.230, 6.300, 6.580, 7.330, 6.430, 7.170, 7.242][0.057, 0.120, 0.822]
7.27755: [6.540, 6.650, 6.230, 6.300, 6.580, 7.330, 6.430, 7.170, 7.278][0.057, 0.121, 0.822]
7.3134: [6.540, 6.650, 6.230, 6.300, 6.580, 7.330, 6.430, 7.170, 7.313][0.057, 0.121, 0.822]
7.34925: [6.540, 6.650, 6.230, 6.300, 6.580, 7.330, 6.430, 7.170, 7.349][0.057, 0.121, 0.822]
7.3851: [6.540, 6.650, 6.230, 6.300, 6.580, 7.330, 6.430, 7.170, 7.385][0.057, 0.121, 0.822]
7.42095: [6.540, 6.650, 6.230, 6.300, 6.580, 7.330, 6.430, 7.170, 7.421][0.057, 0.121, 0.822]
7.4568: [6.540, 6.650, 6.230, 6.300, 6.580, 7.330, 6.430, 7.170, 7.457][0.057, 0.121, 0.821]
7.49265: [6.540, 6.650, 6.230, 6.300, 6.580, 7.330, 6.430, 7.170, 7.493][0.058, 0.121, 0.821]
7.5285: [6.540, 6.650, 6.230, 6.300, 6.580, 7.330, 6.430, 7.170, 7.528][0.058, 0.122, 0.821]
7.56435: [6.540, 6.650, 6.230, 6.300, 6.580, 7.330, 6.430, 7.170, 7.564][0.058, 0.122, 0.820]
7.6002: [6.540, 6.650, 6.230, 6.300, 6.580, 7.330, 6.430, 7.170, 7.600][0.058, 0.122, 0.820]
7.63605: [6.540, 6.650, 6.230, 6.300, 6.580, 7.330, 6.430, 7.170, 7.636][0.058, 0.123, 0.819]
7.6719: [6.540, 6.650, 6.230, 6.300, 6.580, 7.330, 6.430, 7.170, 7.672][0.058, 0.123, 0.819]
7.70775: [6.540, 6.650, 6.230, 6.300, 6.580, 7.330, 6.430, 7.170, 7.708][0.058, 0.124, 0.818]
7.7436: [6.540, 6.650, 6.230, 6.300, 6.580, 7.330, 6.430, 7.170, 7.744][0.059, 0.124, 0.817]
7.77945: [6.540, 6.650, 6.230, 6.300, 6.580, 7.330, 6.430, 7.170, 7.779][0.059, 0.125, 0.816]
7.8153: [6.540, 6.650, 6.230, 6.300, 6.580, 7.330, 6.430, 7.170, 7.815][0.059, 0.125, 0.816]
7.85115: [6.540, 6.650, 6.230, 6.300, 6.580, 7.330, 6.430, 7.170, 7.851][0.059, 0.126, 0.814]
7.887: [6.540, 6.650, 6.230, 6.300, 6.580, 7.330, 6.430, 7.170, 7.887][0.060, 0.127, 0.813]
