Loading Model: level_list/m1_100/tick_list/DXPE/class/models/model.h5
history_filename: history_recent/DXPE/history.json
Yesterday        : 2017-08-29: OHLCV: 26.3000, 27.5100, 26.3000, 27.2600, 118620
UberYesterday    : 2017-08-28: OHLCV: 26.4900, 26.8100, 26.2300, 26.6500, 84454
[u'26.3000', u'27.5100', u'26.3000', u'27.2600', u'118620']
[u'26.4900', u'26.8100', u'26.2300', u'26.6500', u'84454']
question_base :[26.49, 26.81, 26.23, 26.65, 26.3, 27.51, 26.3, 27.26]
24.534: [26.490, 26.810, 26.230, 26.650, 26.300, 27.510, 26.300, 27.260, 24.534][0.075, 0.641, 0.284]
24.6703: [26.490, 26.810, 26.230, 26.650, 26.300, 27.510, 26.300, 27.260, 24.670][0.075, 0.639, 0.285]
24.8066: [26.490, 26.810, 26.230, 26.650, 26.300, 27.510, 26.300, 27.260, 24.807][0.076, 0.638, 0.287]
24.9429: [26.490, 26.810, 26.230, 26.650, 26.300, 27.510, 26.300, 27.260, 24.943][0.076, 0.636, 0.289]
25.0792: [26.490, 26.810, 26.230, 26.650, 26.300, 27.510, 26.300, 27.260, 25.079][0.076, 0.634, 0.290]
25.2155: [26.490, 26.810, 26.230, 26.650, 26.300, 27.510, 26.300, 27.260, 25.215][0.076, 0.632, 0.292]
25.3518: [26.490, 26.810, 26.230, 26.650, 26.300, 27.510, 26.300, 27.260, 25.352][0.076, 0.629, 0.295]
25.4881: [26.490, 26.810, 26.230, 26.650, 26.300, 27.510, 26.300, 27.260, 25.488][0.076, 0.627, 0.297]
25.6244: [26.490, 26.810, 26.230, 26.650, 26.300, 27.510, 26.300, 27.260, 25.624][0.076, 0.624, 0.299]
25.7607: [26.490, 26.810, 26.230, 26.650, 26.300, 27.510, 26.300, 27.260, 25.761][0.077, 0.621, 0.302]
25.897: [26.490, 26.810, 26.230, 26.650, 26.300, 27.510, 26.300, 27.260, 25.897][0.077, 0.618, 0.305]
26.0333: [26.490, 26.810, 26.230, 26.650, 26.300, 27.510, 26.300, 27.260, 26.033][0.077, 0.615, 0.308]
26.1696: [26.490, 26.810, 26.230, 26.650, 26.300, 27.510, 26.300, 27.260, 26.170][0.077, 0.612, 0.311]
26.3059: [26.490, 26.810, 26.230, 26.650, 26.300, 27.510, 26.300, 27.260, 26.306][0.077, 0.609, 0.314]
26.4422: [26.490, 26.810, 26.230, 26.650, 26.300, 27.510, 26.300, 27.260, 26.442][0.078, 0.605, 0.317]
26.5785: [26.490, 26.810, 26.230, 26.650, 26.300, 27.510, 26.300, 27.260, 26.578][0.078, 0.601, 0.321]
26.7148: [26.490, 26.810, 26.230, 26.650, 26.300, 27.510, 26.300, 27.260, 26.715][0.078, 0.598, 0.324]
26.8511: [26.490, 26.810, 26.230, 26.650, 26.300, 27.510, 26.300, 27.260, 26.851][0.078, 0.594, 0.328]
26.9874: [26.490, 26.810, 26.230, 26.650, 26.300, 27.510, 26.300, 27.260, 26.987][0.079, 0.589, 0.332]
27.1237: [26.490, 26.810, 26.230, 26.650, 26.300, 27.510, 26.300, 27.260, 27.124][0.079, 0.585, 0.336]
27.26: [26.490, 26.810, 26.230, 26.650, 26.300, 27.510, 26.300, 27.260, 27.260][0.079, 0.581, 0.340]
27.3963: [26.490, 26.810, 26.230, 26.650, 26.300, 27.510, 26.300, 27.260, 27.396][0.079, 0.576, 0.344]
27.5326: [26.490, 26.810, 26.230, 26.650, 26.300, 27.510, 26.300, 27.260, 27.533][0.080, 0.572, 0.349]
27.6689: [26.490, 26.810, 26.230, 26.650, 26.300, 27.510, 26.300, 27.260, 27.669][0.080, 0.567, 0.353]
27.8052: [26.490, 26.810, 26.230, 26.650, 26.300, 27.510, 26.300, 27.260, 27.805][0.080, 0.562, 0.358]
27.9415: [26.490, 26.810, 26.230, 26.650, 26.300, 27.510, 26.300, 27.260, 27.941][0.081, 0.557, 0.362]
28.0778: [26.490, 26.810, 26.230, 26.650, 26.300, 27.510, 26.300, 27.260, 28.078][0.081, 0.552, 0.367]
28.2141: [26.490, 26.810, 26.230, 26.650, 26.300, 27.510, 26.300, 27.260, 28.214][0.081, 0.547, 0.372]
28.3504: [26.490, 26.810, 26.230, 26.650, 26.300, 27.510, 26.300, 27.260, 28.350][0.082, 0.542, 0.377]
28.4867: [26.490, 26.810, 26.230, 26.650, 26.300, 27.510, 26.300, 27.260, 28.487][0.082, 0.537, 0.381]
28.623: [26.490, 26.810, 26.230, 26.650, 26.300, 27.510, 26.300, 27.260, 28.623][0.082, 0.532, 0.386]
28.7593: [26.490, 26.810, 26.230, 26.650, 26.300, 27.510, 26.300, 27.260, 28.759][0.083, 0.526, 0.391]
28.8956: [26.490, 26.810, 26.230, 26.650, 26.300, 27.510, 26.300, 27.260, 28.896][0.083, 0.521, 0.396]
29.0319: [26.490, 26.810, 26.230, 26.650, 26.300, 27.510, 26.300, 27.260, 29.032][0.084, 0.516, 0.400]
29.1682: [26.490, 26.810, 26.230, 26.650, 26.300, 27.510, 26.300, 27.260, 29.168][0.084, 0.512, 0.404]
29.3045: [26.490, 26.810, 26.230, 26.650, 26.300, 27.510, 26.300, 27.260, 29.304][0.084, 0.507, 0.408]
29.4408: [26.490, 26.810, 26.230, 26.650, 26.300, 27.510, 26.300, 27.260, 29.441][0.085, 0.503, 0.412]
29.5771: [26.490, 26.810, 26.230, 26.650, 26.300, 27.510, 26.300, 27.260, 29.577][0.086, 0.499, 0.415]
29.7134: [26.490, 26.810, 26.230, 26.650, 26.300, 27.510, 26.300, 27.260, 29.713][0.086, 0.496, 0.418]
29.8497: [26.490, 26.810, 26.230, 26.650, 26.300, 27.510, 26.300, 27.260, 29.850][0.087, 0.493, 0.420]
29.986: [26.490, 26.810, 26.230, 26.650, 26.300, 27.510, 26.300, 27.260, 29.986][0.088, 0.490, 0.422]
