Loading Model: level_list/m1_100/tick_list/FLIR/class/models/model.h5
history_filename: history_recent/FLIR/history.json
Yesterday        : 2017-08-29: OHLCV: 37.2600, 37.7600, 37.1783, 37.7100, 613103
UberYesterday    : 2017-08-28: OHLCV: 37.9800, 38.0100, 37.3000, 37.4800, 1953413
[u'37.2600', u'37.7600', u'37.1783', u'37.7100', u'613103']
[u'37.9800', u'38.0100', u'37.3000', u'37.4800', u'1953413']
question_base :[37.98, 38.01, 37.3, 37.48, 37.26, 37.76, 37.1783, 37.71]
33.939: [37.980, 38.010, 37.300, 37.480, 37.260, 37.760, 37.178, 37.710, 33.939][0.150, 0.313, 0.536]
34.12755: [37.980, 38.010, 37.300, 37.480, 37.260, 37.760, 37.178, 37.710, 34.128][0.150, 0.313, 0.537]
34.3161: [37.980, 38.010, 37.300, 37.480, 37.260, 37.760, 37.178, 37.710, 34.316][0.150, 0.312, 0.538]
34.50465: [37.980, 38.010, 37.300, 37.480, 37.260, 37.760, 37.178, 37.710, 34.505][0.149, 0.311, 0.540]
34.6932: [37.980, 38.010, 37.300, 37.480, 37.260, 37.760, 37.178, 37.710, 34.693][0.149, 0.310, 0.541]
34.88175: [37.980, 38.010, 37.300, 37.480, 37.260, 37.760, 37.178, 37.710, 34.882][0.148, 0.309, 0.543]
35.0703: [37.980, 38.010, 37.300, 37.480, 37.260, 37.760, 37.178, 37.710, 35.070][0.147, 0.307, 0.546]
35.25885: [37.980, 38.010, 37.300, 37.480, 37.260, 37.760, 37.178, 37.710, 35.259][0.146, 0.305, 0.549]
35.4474: [37.980, 38.010, 37.300, 37.480, 37.260, 37.760, 37.178, 37.710, 35.447][0.145, 0.302, 0.553]
35.63595: [37.980, 38.010, 37.300, 37.480, 37.260, 37.760, 37.178, 37.710, 35.636][0.144, 0.299, 0.557]
35.8245: [37.980, 38.010, 37.300, 37.480, 37.260, 37.760, 37.178, 37.710, 35.824][0.142, 0.296, 0.562]
36.01305: [37.980, 38.010, 37.300, 37.480, 37.260, 37.760, 37.178, 37.710, 36.013][0.141, 0.292, 0.567]
36.2016: [37.980, 38.010, 37.300, 37.480, 37.260, 37.760, 37.178, 37.710, 36.202][0.141, 0.291, 0.569]
36.39015: [37.980, 38.010, 37.300, 37.480, 37.260, 37.760, 37.178, 37.710, 36.390][0.142, 0.293, 0.564]
36.5787: [37.980, 38.010, 37.300, 37.480, 37.260, 37.760, 37.178, 37.710, 36.579][0.150, 0.307, 0.542]
36.76725: [37.980, 38.010, 37.300, 37.480, 37.260, 37.760, 37.178, 37.710, 36.767][0.173, 0.347, 0.480]
36.9558: [37.980, 38.010, 37.300, 37.480, 37.260, 37.760, 37.178, 37.710, 36.956][0.219, 0.416, 0.365]
37.14435: [37.980, 38.010, 37.300, 37.480, 37.260, 37.760, 37.178, 37.710, 37.144][0.280, 0.461, 0.260]
37.3329: [37.980, 38.010, 37.300, 37.480, 37.260, 37.760, 37.178, 37.710, 37.333][0.345, 0.442, 0.213]
37.52145: [37.980, 38.010, 37.300, 37.480, 37.260, 37.760, 37.178, 37.710, 37.521][0.394, 0.413, 0.193]
37.71: [37.980, 38.010, 37.300, 37.480, 37.260, 37.760, 37.178, 37.710, 37.710][0.408, 0.404, 0.188]
37.89855: [37.980, 38.010, 37.300, 37.480, 37.260, 37.760, 37.178, 37.710, 37.899][0.405, 0.407, 0.188]
38.0871: [37.980, 38.010, 37.300, 37.480, 37.260, 37.760, 37.178, 37.710, 38.087][0.398, 0.412, 0.190]
38.27565: [37.980, 38.010, 37.300, 37.480, 37.260, 37.760, 37.178, 37.710, 38.276][0.391, 0.417, 0.192]
38.4642: [37.980, 38.010, 37.300, 37.480, 37.260, 37.760, 37.178, 37.710, 38.464][0.386, 0.421, 0.193]
38.65275: [37.980, 38.010, 37.300, 37.480, 37.260, 37.760, 37.178, 37.710, 38.653][0.382, 0.424, 0.194]
38.8413: [37.980, 38.010, 37.300, 37.480, 37.260, 37.760, 37.178, 37.710, 38.841][0.379, 0.426, 0.195]
39.02985: [37.980, 38.010, 37.300, 37.480, 37.260, 37.760, 37.178, 37.710, 39.030][0.377, 0.427, 0.196]
39.2184: [37.980, 38.010, 37.300, 37.480, 37.260, 37.760, 37.178, 37.710, 39.218][0.375, 0.428, 0.196]
39.40695: [37.980, 38.010, 37.300, 37.480, 37.260, 37.760, 37.178, 37.710, 39.407][0.374, 0.429, 0.196]
39.5955: [37.980, 38.010, 37.300, 37.480, 37.260, 37.760, 37.178, 37.710, 39.595][0.374, 0.430, 0.197]
39.78405: [37.980, 38.010, 37.300, 37.480, 37.260, 37.760, 37.178, 37.710, 39.784][0.373, 0.430, 0.197]
39.9726: [37.980, 38.010, 37.300, 37.480, 37.260, 37.760, 37.178, 37.710, 39.973][0.373, 0.430, 0.197]
40.16115: [37.980, 38.010, 37.300, 37.480, 37.260, 37.760, 37.178, 37.710, 40.161][0.372, 0.431, 0.197]
40.3497: [37.980, 38.010, 37.300, 37.480, 37.260, 37.760, 37.178, 37.710, 40.350][0.372, 0.431, 0.197]
40.53825: [37.980, 38.010, 37.300, 37.480, 37.260, 37.760, 37.178, 37.710, 40.538][0.372, 0.431, 0.197]
40.7268: [37.980, 38.010, 37.300, 37.480, 37.260, 37.760, 37.178, 37.710, 40.727][0.372, 0.431, 0.197]
40.91535: [37.980, 38.010, 37.300, 37.480, 37.260, 37.760, 37.178, 37.710, 40.915][0.372, 0.431, 0.197]
41.1039: [37.980, 38.010, 37.300, 37.480, 37.260, 37.760, 37.178, 37.710, 41.104][0.371, 0.431, 0.197]
41.29245: [37.980, 38.010, 37.300, 37.480, 37.260, 37.760, 37.178, 37.710, 41.292][0.371, 0.431, 0.197]
41.481: [37.980, 38.010, 37.300, 37.480, 37.260, 37.760, 37.178, 37.710, 41.481][0.371, 0.431, 0.197]
