Loading Model: level_list/m1_100/tick_list/INSY/class/models/model.h5
history_filename: history_recent/INSY/history.json
Yesterday        : 2017-08-29: OHLCV: 9.5500, 9.7400, 9.2700, 9.5600, 661442
UberYesterday    : 2017-08-28: OHLCV: 9.6800, 9.8800, 9.4600, 9.6900, 356454
[u'9.5500', u'9.7400', u'9.2700', u'9.5600', u'661442']
[u'9.6800', u'9.8800', u'9.4600', u'9.6900', u'356454']
question_base :[9.68, 9.88, 9.46, 9.69, 9.55, 9.74, 9.27, 9.56]
8.604: [9.680, 9.880, 9.460, 9.690, 9.550, 9.740, 9.270, 9.560, 8.604][0.333, 0.400, 0.267]
8.6518: [9.680, 9.880, 9.460, 9.690, 9.550, 9.740, 9.270, 9.560, 8.652][0.333, 0.400, 0.267]
8.6996: [9.680, 9.880, 9.460, 9.690, 9.550, 9.740, 9.270, 9.560, 8.700][0.333, 0.400, 0.267]
8.7474: [9.680, 9.880, 9.460, 9.690, 9.550, 9.740, 9.270, 9.560, 8.747][0.333, 0.400, 0.267]
8.7952: [9.680, 9.880, 9.460, 9.690, 9.550, 9.740, 9.270, 9.560, 8.795][0.333, 0.400, 0.267]
8.843: [9.680, 9.880, 9.460, 9.690, 9.550, 9.740, 9.270, 9.560, 8.843][0.333, 0.400, 0.267]
8.8908: [9.680, 9.880, 9.460, 9.690, 9.550, 9.740, 9.270, 9.560, 8.891][0.333, 0.400, 0.267]
8.9386: [9.680, 9.880, 9.460, 9.690, 9.550, 9.740, 9.270, 9.560, 8.939][0.333, 0.400, 0.267]
8.9864: [9.680, 9.880, 9.460, 9.690, 9.550, 9.740, 9.270, 9.560, 8.986][0.333, 0.400, 0.267]
9.0342: [9.680, 9.880, 9.460, 9.690, 9.550, 9.740, 9.270, 9.560, 9.034][0.333, 0.400, 0.267]
9.082: [9.680, 9.880, 9.460, 9.690, 9.550, 9.740, 9.270, 9.560, 9.082][0.333, 0.400, 0.267]
9.1298: [9.680, 9.880, 9.460, 9.690, 9.550, 9.740, 9.270, 9.560, 9.130][0.333, 0.400, 0.267]
9.1776: [9.680, 9.880, 9.460, 9.690, 9.550, 9.740, 9.270, 9.560, 9.178][0.333, 0.400, 0.267]
9.2254: [9.680, 9.880, 9.460, 9.690, 9.550, 9.740, 9.270, 9.560, 9.225][0.333, 0.400, 0.267]
9.2732: [9.680, 9.880, 9.460, 9.690, 9.550, 9.740, 9.270, 9.560, 9.273][0.333, 0.400, 0.267]
9.321: [9.680, 9.880, 9.460, 9.690, 9.550, 9.740, 9.270, 9.560, 9.321][0.333, 0.400, 0.267]
9.3688: [9.680, 9.880, 9.460, 9.690, 9.550, 9.740, 9.270, 9.560, 9.369][0.333, 0.400, 0.267]
9.4166: [9.680, 9.880, 9.460, 9.690, 9.550, 9.740, 9.270, 9.560, 9.417][0.333, 0.400, 0.267]
9.4644: [9.680, 9.880, 9.460, 9.690, 9.550, 9.740, 9.270, 9.560, 9.464][0.333, 0.400, 0.267]
9.5122: [9.680, 9.880, 9.460, 9.690, 9.550, 9.740, 9.270, 9.560, 9.512][0.333, 0.400, 0.267]
9.56: [9.680, 9.880, 9.460, 9.690, 9.550, 9.740, 9.270, 9.560, 9.560][0.333, 0.400, 0.267]
9.6078: [9.680, 9.880, 9.460, 9.690, 9.550, 9.740, 9.270, 9.560, 9.608][0.333, 0.400, 0.267]
9.6556: [9.680, 9.880, 9.460, 9.690, 9.550, 9.740, 9.270, 9.560, 9.656][0.333, 0.400, 0.267]
9.7034: [9.680, 9.880, 9.460, 9.690, 9.550, 9.740, 9.270, 9.560, 9.703][0.333, 0.400, 0.267]
9.7512: [9.680, 9.880, 9.460, 9.690, 9.550, 9.740, 9.270, 9.560, 9.751][0.333, 0.400, 0.267]
9.799: [9.680, 9.880, 9.460, 9.690, 9.550, 9.740, 9.270, 9.560, 9.799][0.333, 0.400, 0.267]
9.8468: [9.680, 9.880, 9.460, 9.690, 9.550, 9.740, 9.270, 9.560, 9.847][0.333, 0.400, 0.267]
9.8946: [9.680, 9.880, 9.460, 9.690, 9.550, 9.740, 9.270, 9.560, 9.895][0.333, 0.400, 0.267]
9.9424: [9.680, 9.880, 9.460, 9.690, 9.550, 9.740, 9.270, 9.560, 9.942][0.333, 0.400, 0.267]
9.9902: [9.680, 9.880, 9.460, 9.690, 9.550, 9.740, 9.270, 9.560, 9.990][0.333, 0.400, 0.267]
10.038: [9.680, 9.880, 9.460, 9.690, 9.550, 9.740, 9.270, 9.560, 10.038][0.333, 0.400, 0.267]
10.0858: [9.680, 9.880, 9.460, 9.690, 9.550, 9.740, 9.270, 9.560, 10.086][0.333, 0.400, 0.267]
10.1336: [9.680, 9.880, 9.460, 9.690, 9.550, 9.740, 9.270, 9.560, 10.134][0.333, 0.400, 0.267]
10.1814: [9.680, 9.880, 9.460, 9.690, 9.550, 9.740, 9.270, 9.560, 10.181][0.333, 0.400, 0.267]
10.2292: [9.680, 9.880, 9.460, 9.690, 9.550, 9.740, 9.270, 9.560, 10.229][0.333, 0.400, 0.267]
10.277: [9.680, 9.880, 9.460, 9.690, 9.550, 9.740, 9.270, 9.560, 10.277][0.333, 0.400, 0.267]
10.3248: [9.680, 9.880, 9.460, 9.690, 9.550, 9.740, 9.270, 9.560, 10.325][0.333, 0.400, 0.267]
10.3726: [9.680, 9.880, 9.460, 9.690, 9.550, 9.740, 9.270, 9.560, 10.373][0.333, 0.400, 0.267]
10.4204: [9.680, 9.880, 9.460, 9.690, 9.550, 9.740, 9.270, 9.560, 10.420][0.333, 0.400, 0.267]
10.4682: [9.680, 9.880, 9.460, 9.690, 9.550, 9.740, 9.270, 9.560, 10.468][0.333, 0.400, 0.267]
