Loading Model: level_list/m1_100/tick_list/XONE/class/models/model.h5
history_filename: history_recent/XONE/history.json
Yesterday        : 2017-08-29: OHLCV: 7.8300, 7.9700, 7.7300, 7.8800, 93419
UberYesterday    : 2017-08-28: OHLCV: 8.0000, 8.0000, 7.7200, 7.8500, 79179
[u'7.8300', u'7.9700', u'7.7300', u'7.8800', u'93419']
[u'8.0000', u'8.0000', u'7.7200', u'7.8500', u'79179']
question_base :[8.0, 8.0, 7.72, 7.85, 7.83, 7.97, 7.73, 7.88]
7.092: [8.000, 8.000, 7.720, 7.850, 7.830, 7.970, 7.730, 7.880, 7.092][0.119, 0.170, 0.712]
7.1314: [8.000, 8.000, 7.720, 7.850, 7.830, 7.970, 7.730, 7.880, 7.131][0.119, 0.170, 0.712]
7.1708: [8.000, 8.000, 7.720, 7.850, 7.830, 7.970, 7.730, 7.880, 7.171][0.119, 0.170, 0.712]
7.2102: [8.000, 8.000, 7.720, 7.850, 7.830, 7.970, 7.730, 7.880, 7.210][0.119, 0.170, 0.712]
7.2496: [8.000, 8.000, 7.720, 7.850, 7.830, 7.970, 7.730, 7.880, 7.250][0.119, 0.170, 0.712]
7.289: [8.000, 8.000, 7.720, 7.850, 7.830, 7.970, 7.730, 7.880, 7.289][0.119, 0.170, 0.712]
7.3284: [8.000, 8.000, 7.720, 7.850, 7.830, 7.970, 7.730, 7.880, 7.328][0.119, 0.170, 0.712]
7.3678: [8.000, 8.000, 7.720, 7.850, 7.830, 7.970, 7.730, 7.880, 7.368][0.119, 0.170, 0.712]
7.4072: [8.000, 8.000, 7.720, 7.850, 7.830, 7.970, 7.730, 7.880, 7.407][0.119, 0.170, 0.712]
7.4466: [8.000, 8.000, 7.720, 7.850, 7.830, 7.970, 7.730, 7.880, 7.447][0.118, 0.170, 0.712]
7.486: [8.000, 8.000, 7.720, 7.850, 7.830, 7.970, 7.730, 7.880, 7.486][0.118, 0.170, 0.712]
7.5254: [8.000, 8.000, 7.720, 7.850, 7.830, 7.970, 7.730, 7.880, 7.525][0.118, 0.170, 0.712]
7.5648: [8.000, 8.000, 7.720, 7.850, 7.830, 7.970, 7.730, 7.880, 7.565][0.118, 0.170, 0.712]
7.6042: [8.000, 8.000, 7.720, 7.850, 7.830, 7.970, 7.730, 7.880, 7.604][0.117, 0.172, 0.711]
7.6436: [8.000, 8.000, 7.720, 7.850, 7.830, 7.970, 7.730, 7.880, 7.644][0.115, 0.177, 0.708]
7.683: [8.000, 8.000, 7.720, 7.850, 7.830, 7.970, 7.730, 7.880, 7.683][0.106, 0.204, 0.691]
7.7224: [8.000, 8.000, 7.720, 7.850, 7.830, 7.970, 7.730, 7.880, 7.722][0.084, 0.317, 0.599]
7.7618: [8.000, 8.000, 7.720, 7.850, 7.830, 7.970, 7.730, 7.880, 7.762][0.071, 0.525, 0.405]
7.8012: [8.000, 8.000, 7.720, 7.850, 7.830, 7.970, 7.730, 7.880, 7.801][0.098, 0.580, 0.323]
7.8406: [8.000, 8.000, 7.720, 7.850, 7.830, 7.970, 7.730, 7.880, 7.841][0.154, 0.535, 0.311]
7.88: [8.000, 8.000, 7.720, 7.850, 7.830, 7.970, 7.730, 7.880, 7.880][0.215, 0.477, 0.308]
7.9194: [8.000, 8.000, 7.720, 7.850, 7.830, 7.970, 7.730, 7.880, 7.919][0.267, 0.430, 0.302]
7.9588: [8.000, 8.000, 7.720, 7.850, 7.830, 7.970, 7.730, 7.880, 7.959][0.307, 0.397, 0.296]
7.9982: [8.000, 8.000, 7.720, 7.850, 7.830, 7.970, 7.730, 7.880, 7.998][0.335, 0.374, 0.291]
8.0376: [8.000, 8.000, 7.720, 7.850, 7.830, 7.970, 7.730, 7.880, 8.038][0.356, 0.357, 0.287]
8.077: [8.000, 8.000, 7.720, 7.850, 7.830, 7.970, 7.730, 7.880, 8.077][0.371, 0.346, 0.283]
8.1164: [8.000, 8.000, 7.720, 7.850, 7.830, 7.970, 7.730, 7.880, 8.116][0.381, 0.338, 0.281]
8.1558: [8.000, 8.000, 7.720, 7.850, 7.830, 7.970, 7.730, 7.880, 8.156][0.389, 0.332, 0.279]
8.1952: [8.000, 8.000, 7.720, 7.850, 7.830, 7.970, 7.730, 7.880, 8.195][0.395, 0.327, 0.278]
8.2346: [8.000, 8.000, 7.720, 7.850, 7.830, 7.970, 7.730, 7.880, 8.235][0.400, 0.324, 0.276]
8.274: [8.000, 8.000, 7.720, 7.850, 7.830, 7.970, 7.730, 7.880, 8.274][0.403, 0.321, 0.276]
8.3134: [8.000, 8.000, 7.720, 7.850, 7.830, 7.970, 7.730, 7.880, 8.313][0.406, 0.319, 0.275]
8.3528: [8.000, 8.000, 7.720, 7.850, 7.830, 7.970, 7.730, 7.880, 8.353][0.408, 0.317, 0.274]
8.3922: [8.000, 8.000, 7.720, 7.850, 7.830, 7.970, 7.730, 7.880, 8.392][0.410, 0.316, 0.274]
8.4316: [8.000, 8.000, 7.720, 7.850, 7.830, 7.970, 7.730, 7.880, 8.432][0.412, 0.315, 0.273]
8.471: [8.000, 8.000, 7.720, 7.850, 7.830, 7.970, 7.730, 7.880, 8.471][0.413, 0.314, 0.273]
8.5104: [8.000, 8.000, 7.720, 7.850, 7.830, 7.970, 7.730, 7.880, 8.510][0.414, 0.313, 0.273]
8.5498: [8.000, 8.000, 7.720, 7.850, 7.830, 7.970, 7.730, 7.880, 8.550][0.415, 0.312, 0.272]
8.5892: [8.000, 8.000, 7.720, 7.850, 7.830, 7.970, 7.730, 7.880, 8.589][0.416, 0.312, 0.272]
8.6286: [8.000, 8.000, 7.720, 7.850, 7.830, 7.970, 7.730, 7.880, 8.629][0.417, 0.311, 0.272]
