loading data...
Loading Model.
61.614: [[ 0.20633344  0.18692373  0.60674286]]
61.9563: [[ 0.20633088  0.18692757  0.60674155]]
62.2986: [[ 0.2063273   0.18693288  0.60673988]]
62.6409: [[ 0.20632215  0.18694058  0.60673726]]
62.9832: [[ 0.20631489  0.18695146  0.60673362]]
63.3255: [[ 0.20630443  0.1869671   0.60672843]]
63.6678: [[ 0.20628929  0.18698977  0.60672086]]
64.0101: [[ 0.20626704  0.18702301  0.6067099 ]]
64.3524: [[ 0.20623387  0.18707265  0.60669345]]
64.6947: [[ 0.20618312  0.18714869  0.60666817]]
65.037: [[ 0.20610265  0.18726929  0.60662806]]
65.3793: [[ 0.20596881  0.18747011  0.60656106]]
65.7216: [[ 0.20573007  0.18782915  0.60644072]]
66.0639: [[ 0.205259    0.18854053  0.60620046]]
66.4062: [[ 0.20417796  0.19018814  0.60563397]]
66.7485: [[ 0.2010525   0.19507527  0.60387218]]
67.0908: [[ 0.18883535  0.21633859  0.59482604]]
67.4331: [[ 0.17449673  0.3162145   0.50928873]]
67.7754: [[ 0.46566403  0.29867959  0.23565638]]
68.1177: [[ 0.33919555  0.40917435  0.25163007]]
68.46: [[ 0.34066293  0.40985408  0.249483  ]]
68.8023: [[ 0.36407611  0.39342862  0.24249522]]
69.1446: [[ 0.40302509  0.36613977  0.23083507]]
69.4869: [[ 0.45847607  0.32802716  0.21349679]]
69.8292: [[ 0.52722204  0.28193641  0.19084159]]
70.1715: [[ 0.5997678   0.23456667  0.16566546]]
70.5138: [[ 0.66514331  0.19292842  0.14192826]]
70.8561: [[ 0.7171784   0.1604894   0.12233213]]
71.1984: [[ 0.75545609  0.13703582  0.10750804]]
71.5407: [[ 0.78249699  0.12068675  0.09681623]]
71.883: [[ 0.80129766  0.10943276  0.08926967]]
72.2253: [[ 0.81432939  0.101689    0.0839816 ]]
72.5676: [[ 0.82338542  0.09633633  0.08027817]]
72.9099: [[ 0.82970756  0.09261403  0.07767845]]
73.2522: [[ 0.83414024  0.09001127  0.07584843]]
73.5945: [[ 0.8372606   0.08818276  0.07455657]]
73.9368: [[ 0.83946431  0.0868933   0.07364244]]
74.2791: [[ 0.84102392  0.08598153  0.0729945 ]]
74.6214: [[ 0.84213001  0.08533542  0.07253455]]
74.9637: [[ 0.84291553  0.08487678  0.07220764]]
75.306: [[ 0.84347373  0.08455097  0.07197518]]
