loading data...
Loading Model.
7.542: [[ 0.06727465  0.13237357  0.8003518 ]]
7.5839: [[ 0.06858746  0.13551466  0.7958979 ]]
7.6258: [[ 0.07009623  0.13907823  0.79082549]]
7.6677: [[ 0.07183262  0.14311613  0.78505129]]
7.7096: [[ 0.07383367  0.14768144  0.77848494]]
7.7515: [[ 0.07614316  0.15282679  0.77103007]]
7.7934: [[ 0.07881266  0.15859902  0.76258832]]
7.8353: [[ 0.08190322  0.16503257  0.75306422]]
7.8772: [[ 0.08548803  0.17214011  0.74237192]]
7.9191: [[ 0.0896542   0.17989656  0.7304492 ]]
7.961: [[ 0.09450903  0.18822613  0.71726489]]
8.0029: [[ 0.10018259  0.19697545  0.702842  ]]
8.0448: [[ 0.10683709  0.20589603  0.68726689]]
8.0867: [[ 0.11467485  0.21462356  0.67070162]]
8.1286: [[ 0.12394691  0.22266833  0.65338475]]
8.1705: [[ 0.13496114  0.22942781  0.635611  ]]
8.2124: [[ 0.14808166  0.23422749  0.6176908 ]]
8.2543: [[ 0.16371389  0.23640041  0.5998857 ]]
8.2962: [[ 0.18226461  0.23540111  0.58233434]]
8.3381: [[ 0.20407012  0.23093686  0.56499302]]
8.38: [[ 0.22929515  0.22307967  0.54762512]]
8.4219: [[ 0.25783291  0.21230862  0.52985841]]
8.4638: [[ 0.28924122  0.19944915  0.51130956]]
8.5057: [[ 0.32275733  0.18551539  0.49172729]]
8.5476: [[ 0.35741118  0.17150296  0.47108591]]
8.5895: [[ 0.39218667  0.15821692  0.44959643]]
8.6314: [[ 0.4261786   0.14618273  0.42763877]]
8.6733: [[ 0.45869219  0.13564722  0.40566054]]
8.7152: [[ 0.48926631  0.12664083  0.38409284]]
8.7571: [[ 0.51765138  0.11905427  0.36329439]]
8.799: [[ 0.54375613  0.11270934  0.34353459]]
8.8409: [[ 0.56760108  0.10740642  0.32499245]]
8.8828: [[ 0.58927184  0.10295513  0.30777302]]
8.9247: [[ 0.60889632  0.09918674  0.29191697]]
8.9666: [[ 0.62662202  0.09595997  0.27741799]]
9.0085: [[ 0.64260274  0.09316067  0.2642366 ]]
9.0504: [[ 0.6569944   0.09069822  0.25230739]]
9.0923: [[ 0.66994631  0.08850238  0.24155132]]
9.1342: [[ 0.68160105  0.08651896  0.23187999]]
9.1761: [[ 0.69209176  0.08470661  0.22320168]]
