loading data...
Loading Model.
11.421: [[ 0.33310685  0.40022629  0.26666686]]
11.48445: [[ 0.33310685  0.40022629  0.26666686]]
11.5479: [[ 0.33310685  0.40022629  0.26666686]]
11.61135: [[ 0.33310685  0.40022629  0.26666686]]
11.6748: [[ 0.33310685  0.40022629  0.26666686]]
11.73825: [[ 0.33310685  0.40022629  0.26666686]]
11.8017: [[ 0.33310685  0.40022629  0.26666686]]
11.86515: [[ 0.33310685  0.40022629  0.26666686]]
11.9286: [[ 0.33310685  0.40022629  0.26666686]]
11.99205: [[ 0.33310685  0.40022629  0.26666686]]
12.0555: [[ 0.33310685  0.40022629  0.26666686]]
12.11895: [[ 0.33310685  0.40022629  0.26666686]]
12.1824: [[ 0.33310685  0.40022629  0.26666686]]
12.24585: [[ 0.33310685  0.40022629  0.26666686]]
12.3093: [[ 0.33310685  0.40022629  0.26666686]]
12.37275: [[ 0.33310685  0.40022629  0.26666686]]
12.4362: [[ 0.33310685  0.40022629  0.26666686]]
12.49965: [[ 0.33310685  0.40022629  0.26666686]]
12.5631: [[ 0.33310685  0.40022629  0.26666686]]
12.62655: [[ 0.33310685  0.40022629  0.26666686]]
12.69: [[ 0.33310685  0.40022629  0.26666686]]
12.75345: [[ 0.33310685  0.40022629  0.26666686]]
12.8169: [[ 0.33310685  0.40022629  0.26666686]]
12.88035: [[ 0.33310685  0.40022629  0.26666686]]
12.9438: [[ 0.33310685  0.40022629  0.26666686]]
13.00725: [[ 0.33310685  0.40022629  0.26666686]]
13.0707: [[ 0.33310685  0.40022629  0.26666686]]
13.13415: [[ 0.33310685  0.40022629  0.26666686]]
13.1976: [[ 0.33310685  0.40022629  0.26666686]]
13.26105: [[ 0.33310685  0.40022629  0.26666686]]
13.3245: [[ 0.33310685  0.40022629  0.26666686]]
13.38795: [[ 0.33310685  0.40022629  0.26666686]]
13.4514: [[ 0.33310685  0.40022629  0.26666686]]
13.51485: [[ 0.33310685  0.40022629  0.26666686]]
13.5783: [[ 0.33310685  0.40022629  0.26666686]]
13.64175: [[ 0.33310685  0.40022629  0.26666686]]
13.7052: [[ 0.33310685  0.40022629  0.26666686]]
13.76865: [[ 0.33310685  0.40022629  0.26666686]]
13.8321: [[ 0.33310685  0.40022629  0.26666686]]
13.89555: [[ 0.33310685  0.40022629  0.26666686]]
13.959: [[ 0.33310685  0.40022629  0.26666686]]
