Loading Model: level_list/m1_100/tick_list/ACFN/class/models/model.h5
history_filename: history_recent/ACFN/history.json
UberYesterday: 2017-07-27: OHLCV: 0.2300, 0.2400, 0.2300, 0.2400, 53101
Yesterday    : 2017-07-28: OHLCV: 0.2400, 0.2400, 0.2300, 0.2400, 19127
[u'0.2300', u'0.2400', u'0.2300', u'0.2400', u'53101']
[u'0.2400', u'0.2400', u'0.2300', u'0.2400', u'19127']
question_base :[0.23, 0.24, 0.23, 0.24, 0.24, 0.24, 0.23, 0.24]
0.216: [0.23, 0.24, 0.23, 0.24, 0.24, 0.24, 0.23, 0.24, 0.216]
[[ 0.0723612   0.18357427  0.74406451]]
0.2172: [0.23, 0.24, 0.23, 0.24, 0.24, 0.24, 0.23, 0.24, 0.2172]
[[ 0.07431193  0.18540801  0.74028009]]
0.2184: [0.23, 0.24, 0.23, 0.24, 0.24, 0.24, 0.23, 0.24, 0.2184]
[[ 0.07635936  0.18725967  0.73638093]]
0.2196: [0.23, 0.24, 0.23, 0.24, 0.24, 0.24, 0.23, 0.24, 0.21960000000000002]
[[ 0.0785087   0.18912727  0.732364  ]]
0.2208: [0.23, 0.24, 0.23, 0.24, 0.24, 0.24, 0.23, 0.24, 0.22080000000000002]
[[ 0.0807647   0.191008    0.72822732]]
0.222: [0.23, 0.24, 0.23, 0.24, 0.24, 0.24, 0.23, 0.24, 0.22200000000000003]
[[ 0.08313265  0.19289914  0.72396821]]
0.2232: [0.23, 0.24, 0.23, 0.24, 0.24, 0.24, 0.23, 0.24, 0.22320000000000004]
[[ 0.08561809  0.19479772  0.71958423]]
0.2244: [0.23, 0.24, 0.23, 0.24, 0.24, 0.24, 0.23, 0.24, 0.22440000000000004]
[[ 0.08822674  0.19670056  0.71507269]]
0.2256: [0.23, 0.24, 0.23, 0.24, 0.24, 0.24, 0.23, 0.24, 0.22560000000000005]
[[ 0.09096412  0.19860397  0.71043193]]
0.2268: [0.23, 0.24, 0.23, 0.24, 0.24, 0.24, 0.23, 0.24, 0.22680000000000006]
[[ 0.09383621  0.20050417  0.70565963]]
0.228: [0.23, 0.24, 0.23, 0.24, 0.24, 0.24, 0.23, 0.24, 0.22800000000000006]
[[ 0.09684905  0.20239696  0.70075399]]
0.2292: [0.23, 0.24, 0.23, 0.24, 0.24, 0.24, 0.23, 0.24, 0.22920000000000007]
[[ 0.10000883  0.20427805  0.6957131 ]]
0.2304: [0.23, 0.24, 0.23, 0.24, 0.24, 0.24, 0.23, 0.24, 0.23040000000000008]
[[ 0.10332156  0.20614269  0.69053578]]
0.2316: [0.23, 0.24, 0.23, 0.24, 0.24, 0.24, 0.23, 0.24, 0.23160000000000008]
[[ 0.10679386  0.2079861   0.68522   ]]
0.2328: [0.23, 0.24, 0.23, 0.24, 0.24, 0.24, 0.23, 0.24, 0.2328000000000001]
[[ 0.11043176  0.20980294  0.67976534]]
0.234: [0.23, 0.24, 0.23, 0.24, 0.24, 0.24, 0.23, 0.24, 0.2340000000000001]
[[ 0.11424155  0.2115878   0.67417061]]
0.2352: [0.23, 0.24, 0.23, 0.24, 0.24, 0.24, 0.23, 0.24, 0.2352000000000001]
[[ 0.11822911  0.21333483  0.66843599]]
0.2364: [0.23, 0.24, 0.23, 0.24, 0.24, 0.24, 0.23, 0.24, 0.2364000000000001]
[[ 0.12240104  0.2150384   0.66256058]]
0.2376: [0.23, 0.24, 0.23, 0.24, 0.24, 0.24, 0.23, 0.24, 0.23760000000000012]
[[ 0.12676333  0.21669245  0.65654427]]
0.2388: [0.23, 0.24, 0.23, 0.24, 0.24, 0.24, 0.23, 0.24, 0.23880000000000012]
[[ 0.13132156  0.21829061  0.65038776]]
0.24: [0.23, 0.24, 0.23, 0.24, 0.24, 0.24, 0.23, 0.24, 0.24000000000000013]
[[ 0.13608105  0.21982659  0.64409238]]
0.2412: [0.23, 0.24, 0.23, 0.24, 0.24, 0.24, 0.23, 0.24, 0.24120000000000014]
[[ 0.14104687  0.22129378  0.63765937]]
0.2424: [0.23, 0.24, 0.23, 0.24, 0.24, 0.24, 0.23, 0.24, 0.24240000000000014]
[[ 0.14622413  0.22268592  0.63108999]]
0.2436: [0.23, 0.24, 0.23, 0.24, 0.24, 0.24, 0.23, 0.24, 0.24360000000000015]
[[ 0.15161642  0.22399634  0.62438726]]
0.2448: [0.23, 0.24, 0.23, 0.24, 0.24, 0.24, 0.23, 0.24, 0.24480000000000016]
[[ 0.15722813  0.22521865  0.61755317]]
0.246: [0.23, 0.24, 0.23, 0.24, 0.24, 0.24, 0.23, 0.24, 0.24600000000000016]
[[ 0.1630619   0.22634655  0.61059159]]
0.2472: [0.23, 0.24, 0.23, 0.24, 0.24, 0.24, 0.23, 0.24, 0.24720000000000017]
[[ 0.16912019  0.22737384  0.60350603]]
0.2484: [0.23, 0.24, 0.23, 0.24, 0.24, 0.24, 0.23, 0.24, 0.24840000000000018]
[[ 0.17540468  0.22829448  0.59630084]]
0.2496: [0.23, 0.24, 0.23, 0.24, 0.24, 0.24, 0.23, 0.24, 0.24960000000000018]
[[ 0.18191594  0.22910295  0.58898109]]
0.2508: [0.23, 0.24, 0.23, 0.24, 0.24, 0.24, 0.23, 0.24, 0.2508000000000002]
[[ 0.18865433  0.2297938   0.58155185]]
0.252: [0.23, 0.24, 0.23, 0.24, 0.24, 0.24, 0.23, 0.24, 0.25200000000000017]
[[ 0.19561774  0.23036204  0.57402027]]
0.2532: [0.23, 0.24, 0.23, 0.24, 0.24, 0.24, 0.23, 0.24, 0.25320000000000015]
[[ 0.2028047   0.23080324  0.56639212]]
0.2544: [0.23, 0.24, 0.23, 0.24, 0.24, 0.24, 0.23, 0.24, 0.2544000000000001]
[[ 0.21021147  0.2311134   0.55867505]]
0.2556: [0.23, 0.24, 0.23, 0.24, 0.24, 0.24, 0.23, 0.24, 0.2556000000000001]
[[ 0.2178337   0.2312891   0.55087721]]
0.2568: [0.23, 0.24, 0.23, 0.24, 0.24, 0.24, 0.23, 0.24, 0.2568000000000001]
[[ 0.22566663  0.23132764  0.54300576]]
0.258: [0.23, 0.24, 0.23, 0.24, 0.24, 0.24, 0.23, 0.24, 0.25800000000000006]
[[ 0.23370266  0.23122677  0.5350706 ]]
0.2592: [0.23, 0.24, 0.23, 0.24, 0.24, 0.24, 0.23, 0.24, 0.25920000000000004]
[[ 0.2419342   0.23098515  0.5270806 ]]
0.2604: [0.23, 0.24, 0.23, 0.24, 0.24, 0.24, 0.23, 0.24, 0.2604]
[[ 0.25035217  0.23060206  0.51904577]]
0.2616: [0.23, 0.24, 0.23, 0.24, 0.24, 0.24, 0.23, 0.24, 0.2616]
[[ 0.25894606  0.23007752  0.51097643]]
0.2628: [0.23, 0.24, 0.23, 0.24, 0.24, 0.24, 0.23, 0.24, 0.2628]
[[ 0.2677055   0.22941227  0.50288218]]
0.264: [0.23, 0.24, 0.23, 0.24, 0.24, 0.24, 0.23, 0.24, 0.26399999999999996]
[[ 0.27661735  0.22860794  0.4947747 ]]
