Loading Model: level_list/m1_100/tick_list/ATW/class/models/model.h5
history_filename: history_recent/ATW/history.json
UberYesterday: 2017-07-27: OHLCV: 7.9400, 8.0700, 7.4500, 7.8600, 8022373
Yesterday    : 2017-07-28: OHLCV: 7.8600, 8.3400, 7.8300, 8.0000, 4000793
[u'7.9400', u'8.0700', u'7.4500', u'7.8600', u'8022373']
[u'7.8600', u'8.3400', u'7.8300', u'8.0000', u'4000793']
question_base :[7.94, 8.07, 7.45, 7.86, 7.86, 8.34, 7.83, 8.0]
7.2: [7.94, 8.07, 7.45, 7.86, 7.86, 8.34, 7.83, 8.0, 7.2]
[[ 0.05771831  0.12155366  0.82072806]]
7.24: [7.94, 8.07, 7.45, 7.86, 7.86, 8.34, 7.83, 8.0, 7.24]
[[ 0.05776159  0.12167564  0.82056272]]
7.28: [7.94, 8.07, 7.45, 7.86, 7.86, 8.34, 7.83, 8.0, 7.28]
[[ 0.05781084  0.12181403  0.82037514]]
7.32: [7.94, 8.07, 7.45, 7.86, 7.86, 8.34, 7.83, 8.0, 7.32]
[[ 0.05786673  0.12197059  0.82016271]]
7.36: [7.94, 8.07, 7.45, 7.86, 7.86, 8.34, 7.83, 8.0, 7.36]
[[ 0.05793012  0.12214729  0.81992257]]
7.4: [7.94, 8.07, 7.45, 7.86, 7.86, 8.34, 7.83, 8.0, 7.4]
[[ 0.05800199  0.12234651  0.81965154]]
7.44: [7.94, 8.07, 7.45, 7.86, 7.86, 8.34, 7.83, 8.0, 7.44]
[[ 0.05808351  0.12257089  0.81934565]]
7.48: [7.94, 8.07, 7.45, 7.86, 7.86, 8.34, 7.83, 8.0, 7.48]
[[ 0.05817576  0.12282317  0.81900108]]
7.52: [7.94, 8.07, 7.45, 7.86, 7.86, 8.34, 7.83, 8.0, 7.5200000000000005]
[[ 0.05828039  0.12310689  0.81861275]]
7.56: [7.94, 8.07, 7.45, 7.86, 7.86, 8.34, 7.83, 8.0, 7.5600000000000005]
[[ 0.05839891  0.12342561  0.81817549]]
7.6: [7.94, 8.07, 7.45, 7.86, 7.86, 8.34, 7.83, 8.0, 7.6000000000000005]
[[ 0.05853332  0.12378383  0.81768292]]
7.64: [7.94, 8.07, 7.45, 7.86, 7.86, 8.34, 7.83, 8.0, 7.640000000000001]
[[ 0.05868561  0.12418602  0.81712836]]
7.68: [7.94, 8.07, 7.45, 7.86, 7.86, 8.34, 7.83, 8.0, 7.680000000000001]
[[ 0.05885836  0.12463792  0.8165037 ]]
7.72: [7.94, 8.07, 7.45, 7.86, 7.86, 8.34, 7.83, 8.0, 7.720000000000001]
[[ 0.05905433  0.12514563  0.81580007]]
7.76: [7.94, 8.07, 7.45, 7.86, 7.86, 8.34, 7.83, 8.0, 7.760000000000001]
[[ 0.05927675  0.12571621  0.81500703]]
7.8: [7.94, 8.07, 7.45, 7.86, 7.86, 8.34, 7.83, 8.0, 7.800000000000001]
[[ 0.05952925  0.1263575   0.8141132 ]]
7.84: [7.94, 8.07, 7.45, 7.86, 7.86, 8.34, 7.83, 8.0, 7.840000000000001]
[[ 0.05981607  0.12707867  0.81310529]]
7.88: [7.94, 8.07, 7.45, 7.86, 7.86, 8.34, 7.83, 8.0, 7.880000000000001]
[[ 0.06014198  0.12788995  0.81196809]]
7.92: [7.94, 8.07, 7.45, 7.86, 7.86, 8.34, 7.83, 8.0, 7.920000000000001]
[[ 0.06051261  0.12880318  0.8106842 ]]
7.96: [7.94, 8.07, 7.45, 7.86, 7.86, 8.34, 7.83, 8.0, 7.960000000000001]
[[ 0.06093421  0.12983148  0.80923432]]
8.0: [7.94, 8.07, 7.45, 7.86, 7.86, 8.34, 7.83, 8.0, 8.0]
[[ 0.06141409  0.13098992  0.80759591]]
8.04: [7.94, 8.07, 7.45, 7.86, 7.86, 8.34, 7.83, 8.0, 8.04]
[[ 0.06196075  0.13229585  0.80574346]]
8.08: [7.94, 8.07, 7.45, 7.86, 7.86, 8.34, 7.83, 8.0, 8.079999999999998]
[[ 0.06258379  0.13376844  0.80364776]]
8.12: [7.94, 8.07, 7.45, 7.86, 7.86, 8.34, 7.83, 8.0, 8.119999999999997]
[[ 0.06329454  0.13542989  0.80127561]]
8.16: [7.94, 8.07, 7.45, 7.86, 7.86, 8.34, 7.83, 8.0, 8.159999999999997]
[[ 0.06410598  0.13730486  0.79858917]]
8.2: [7.94, 8.07, 7.45, 7.86, 7.86, 8.34, 7.83, 8.0, 8.199999999999996]
[[ 0.06503331  0.13942152  0.7955451 ]]
8.24: [7.94, 8.07, 7.45, 7.86, 7.86, 8.34, 7.83, 8.0, 8.239999999999995]
[[ 0.06609414  0.14181124  0.79209465]]
8.28: [7.94, 8.07, 7.45, 7.86, 7.86, 8.34, 7.83, 8.0, 8.279999999999994]
[[ 0.0673091   0.14450896  0.78818196]]
8.32: [7.94, 8.07, 7.45, 7.86, 7.86, 8.34, 7.83, 8.0, 8.319999999999993]
[[ 0.0687023   0.14755318  0.78374451]]
8.36: [7.94, 8.07, 7.45, 7.86, 7.86, 8.34, 7.83, 8.0, 8.359999999999992]
[[ 0.07030217  0.15098619  0.77871162]]
8.4: [7.94, 8.07, 7.45, 7.86, 7.86, 8.34, 7.83, 8.0, 8.399999999999991]
[[ 0.07214166  0.15485214  0.77300614]]
8.44: [7.94, 8.07, 7.45, 7.86, 7.86, 8.34, 7.83, 8.0, 8.43999999999999]
[[ 0.07426023  0.15919787  0.76654196]]
8.48: [7.94, 8.07, 7.45, 7.86, 7.86, 8.34, 7.83, 8.0, 8.47999999999999]
[[ 0.07670408  0.16406927  0.75922656]]
8.52: [7.94, 8.07, 7.45, 7.86, 7.86, 8.34, 7.83, 8.0, 8.519999999999989]
[[ 0.079528    0.16950861  0.75096339]]
8.56: [7.94, 8.07, 7.45, 7.86, 7.86, 8.34, 7.83, 8.0, 8.559999999999988]
[[ 0.08279632  0.17554829  0.74165535]]
8.6: [7.94, 8.07, 7.45, 7.86, 7.86, 8.34, 7.83, 8.0, 8.599999999999987]
[[ 0.08658626  0.18220571  0.73120803]]
8.64: [7.94, 8.07, 7.45, 7.86, 7.86, 8.34, 7.83, 8.0, 8.639999999999986]
[[ 0.09098895  0.18947041  0.71954066]]
8.68: [7.94, 8.07, 7.45, 7.86, 7.86, 8.34, 7.83, 8.0, 8.679999999999986]
[[ 0.09611306  0.19729118  0.70659578]]
8.72: [7.94, 8.07, 7.45, 7.86, 7.86, 8.34, 7.83, 8.0, 8.719999999999985]
[[ 0.10208832  0.20555876  0.69235295]]
8.76: [7.94, 8.07, 7.45, 7.86, 7.86, 8.34, 7.83, 8.0, 8.759999999999984]
[[ 0.10906921  0.21408534  0.67684537]]
8.8: [7.94, 8.07, 7.45, 7.86, 7.86, 8.34, 7.83, 8.0, 8.799999999999983]
[[ 0.11724     0.22258458  0.66017544]]
