Loading Model: level_list/m1_100/tick_list/DXPE/class/models/model.h5
history_filename: history_recent/DXPE/history.json
UberYesterday: 2017-07-27: OHLCV: 30.9200, 31.2800, 29.3700, 29.7200, 201841
Yesterday    : 2017-07-28: OHLCV: 29.7200, 30.0600, 28.8400, 29.4900, 155596
[u'30.9200', u'31.2800', u'29.3700', u'29.7200', u'201841']
[u'29.7200', u'30.0600', u'28.8400', u'29.4900', u'155596']
question_base :[30.92, 31.28, 29.37, 29.72, 29.72, 30.06, 28.84, 29.49]
26.541: [30.92, 31.28, 29.37, 29.72, 29.72, 30.06, 28.84, 29.49, 26.541]
[[ 0.07946318  0.55236906  0.36816776]]
26.68845: [30.92, 31.28, 29.37, 29.72, 29.72, 30.06, 28.84, 29.49, 26.68845]
[[ 0.0795956   0.54834241  0.37206203]]
26.8359: [30.92, 31.28, 29.37, 29.72, 29.72, 30.06, 28.84, 29.49, 26.8359]
[[ 0.079732    0.54401022  0.37625781]]
26.98335: [30.92, 31.28, 29.37, 29.72, 29.72, 30.06, 28.84, 29.49, 26.983349999999998]
[[ 0.07987101  0.53937566  0.38075337]]
27.1308: [30.92, 31.28, 29.37, 29.72, 29.72, 30.06, 28.84, 29.49, 27.130799999999997]
[[ 0.08001129  0.53444308  0.38554561]]
27.27825: [30.92, 31.28, 29.37, 29.72, 29.72, 30.06, 28.84, 29.49, 27.278249999999996]
[[ 0.08015133  0.52921522  0.39063349]]
27.4257: [30.92, 31.28, 29.37, 29.72, 29.72, 30.06, 28.84, 29.49, 27.425699999999996]
[[ 0.08028963  0.5236963   0.39601406]]
27.57315: [30.92, 31.28, 29.37, 29.72, 29.72, 30.06, 28.84, 29.49, 27.573149999999995]
[[ 0.0804247   0.51789051  0.40168479]]
27.7206: [30.92, 31.28, 29.37, 29.72, 29.72, 30.06, 28.84, 29.49, 27.720599999999994]
[[ 0.08055491  0.51180214  0.4076429 ]]
27.86805: [30.92, 31.28, 29.37, 29.72, 29.72, 30.06, 28.84, 29.49, 27.868049999999993]
[[ 0.08067866  0.50543797  0.41388339]]
28.0155: [30.92, 31.28, 29.37, 29.72, 29.72, 30.06, 28.84, 29.49, 28.015499999999992]
[[ 0.08079427  0.49880397  0.42040172]]
28.16295: [30.92, 31.28, 29.37, 29.72, 29.72, 30.06, 28.84, 29.49, 28.16294999999999]
[[ 0.08090016  0.49190855  0.42719132]]
28.3104: [30.92, 31.28, 29.37, 29.72, 29.72, 30.06, 28.84, 29.49, 28.31039999999999]
[[ 0.0809947   0.48476151  0.43424377]]
28.45785: [30.92, 31.28, 29.37, 29.72, 29.72, 30.06, 28.84, 29.49, 28.45784999999999]
[[ 0.0810763   0.47737435  0.44154939]]
28.6053: [30.92, 31.28, 29.37, 29.72, 29.72, 30.06, 28.84, 29.49, 28.60529999999999]
[[ 0.08114347  0.46975964  0.44909683]]
28.75275: [30.92, 31.28, 29.37, 29.72, 29.72, 30.06, 28.84, 29.49, 28.75274999999999]
[[ 0.08119485  0.46193242  0.4568727 ]]
28.9002: [30.92, 31.28, 29.37, 29.72, 29.72, 30.06, 28.84, 29.49, 28.900199999999987]
[[ 0.08122916  0.4539097   0.46486109]]
29.04765: [30.92, 31.28, 29.37, 29.72, 29.72, 30.06, 28.84, 29.49, 29.047649999999987]
[[ 0.0812454   0.44570944  0.47304514]]
29.1951: [30.92, 31.28, 29.37, 29.72, 29.72, 30.06, 28.84, 29.49, 29.195099999999986]
[[ 0.08124278  0.43735224  0.48140505]]
29.34255: [30.92, 31.28, 29.37, 29.72, 29.72, 30.06, 28.84, 29.49, 29.342549999999985]
[[ 0.08122067  0.42885974  0.48991954]]
29.49: [30.92, 31.28, 29.37, 29.72, 29.72, 30.06, 28.84, 29.49, 29.489999999999984]
[[ 0.0811789   0.42025495  0.49856621]]
29.63745: [30.92, 31.28, 29.37, 29.72, 29.72, 30.06, 28.84, 29.49, 29.637449999999983]
[[ 0.08111753  0.41156185  0.50732058]]
29.7849: [30.92, 31.28, 29.37, 29.72, 29.72, 30.06, 28.84, 29.49, 29.784899999999983]
[[ 0.08103713  0.40280586  0.51615703]]
29.93235: [30.92, 31.28, 29.37, 29.72, 29.72, 30.06, 28.84, 29.49, 29.932349999999982]
[[ 0.08093855  0.39401269  0.52504873]]
30.0798: [30.92, 31.28, 29.37, 29.72, 29.72, 30.06, 28.84, 29.49, 30.07979999999998]
[[ 0.08082309  0.38520768  0.53396928]]
30.22725: [30.92, 31.28, 29.37, 29.72, 29.72, 30.06, 28.84, 29.49, 30.22724999999998]
[[ 0.08069259  0.37641585  0.54289156]]
30.3747: [30.92, 31.28, 29.37, 29.72, 29.72, 30.06, 28.84, 29.49, 30.37469999999998]
[[ 0.08054923  0.36766225  0.55178851]]
30.52215: [30.92, 31.28, 29.37, 29.72, 29.72, 30.06, 28.84, 29.49, 30.52214999999998]
[[ 0.08039576  0.35897076  0.56063354]]
30.6696: [30.92, 31.28, 29.37, 29.72, 29.72, 30.06, 28.84, 29.49, 30.669599999999978]
[[ 0.08023532  0.35036412  0.56940061]]
30.81705: [30.92, 31.28, 29.37, 29.72, 29.72, 30.06, 28.84, 29.49, 30.817049999999977]
[[ 0.08007161  0.34186468  0.57806373]]
30.9645: [30.92, 31.28, 29.37, 29.72, 29.72, 30.06, 28.84, 29.49, 30.964499999999976]
[[ 0.07990885  0.33349329  0.5865978 ]]
31.11195: [30.92, 31.28, 29.37, 29.72, 29.72, 30.06, 28.84, 29.49, 31.111949999999975]
[[ 0.07975185  0.32527041  0.59497774]]
31.2594: [30.92, 31.28, 29.37, 29.72, 29.72, 30.06, 28.84, 29.49, 31.259399999999975]
[[ 0.07960601  0.31721792  0.60317606]]
31.40685: [30.92, 31.28, 29.37, 29.72, 29.72, 30.06, 28.84, 29.49, 31.406849999999974]
[[ 0.07947747  0.30935612  0.61116648]]
31.5543: [30.92, 31.28, 29.37, 29.72, 29.72, 30.06, 28.84, 29.49, 31.554299999999973]
[[ 0.07937339  0.30171025  0.61891639]]
31.70175: [30.92, 31.28, 29.37, 29.72, 29.72, 30.06, 28.84, 29.49, 31.701749999999972]
[[ 0.0793018   0.29430598  0.62639225]]
31.8492: [30.92, 31.28, 29.37, 29.72, 29.72, 30.06, 28.84, 29.49, 31.84919999999997]
[[ 0.07927229  0.28717598  0.63355172]]
31.99665: [30.92, 31.28, 29.37, 29.72, 29.72, 30.06, 28.84, 29.49, 31.99664999999997]
[[ 0.0792959   0.28035778  0.64034635]]
32.1441: [30.92, 31.28, 29.37, 29.72, 29.72, 30.06, 28.84, 29.49, 32.14409999999997]
[[ 0.07938597  0.27389863  0.64671546]]
32.29155: [30.92, 31.28, 29.37, 29.72, 29.72, 30.06, 28.84, 29.49, 32.29154999999997]
[[ 0.07955837  0.26785487  0.6525867 ]]
32.439: [30.92, 31.28, 29.37, 29.72, 29.72, 30.06, 28.84, 29.49, 32.43899999999997]
[[ 0.07983238  0.26229575  0.65787184]]
