Loading Model: level_list/m1_100/tick_list/INSY/class/models/model.h5
history_filename: history_recent/INSY/history.json
UberYesterday: 2017-07-27: OHLCV: 12.0300, 12.1100, 11.3900, 11.4700, 722267
Yesterday    : 2017-07-28: OHLCV: 11.4500, 11.6300, 11.1700, 11.3900, 406772
[u'12.0300', u'12.1100', u'11.3900', u'11.4700', u'722267']
[u'11.4500', u'11.6300', u'11.1700', u'11.3900', u'406772']
question_base :[12.03, 12.11, 11.39, 11.47, 11.45, 11.63, 11.17, 11.39]
10.251: [12.03, 12.11, 11.39, 11.47, 11.45, 11.63, 11.17, 11.39, 10.251000000000001]
[[ 0.33310685  0.40022629  0.26666686]]
10.30795: [12.03, 12.11, 11.39, 11.47, 11.45, 11.63, 11.17, 11.39, 10.307950000000002]
[[ 0.33310685  0.40022629  0.26666686]]
10.3649: [12.03, 12.11, 11.39, 11.47, 11.45, 11.63, 11.17, 11.39, 10.364900000000002]
[[ 0.33310685  0.40022629  0.26666686]]
10.42185: [12.03, 12.11, 11.39, 11.47, 11.45, 11.63, 11.17, 11.39, 10.421850000000003]
[[ 0.33310685  0.40022629  0.26666686]]
10.4788: [12.03, 12.11, 11.39, 11.47, 11.45, 11.63, 11.17, 11.39, 10.478800000000003]
[[ 0.33310685  0.40022629  0.26666686]]
10.53575: [12.03, 12.11, 11.39, 11.47, 11.45, 11.63, 11.17, 11.39, 10.535750000000004]
[[ 0.33310685  0.40022629  0.26666686]]
10.5927: [12.03, 12.11, 11.39, 11.47, 11.45, 11.63, 11.17, 11.39, 10.592700000000004]
[[ 0.33310685  0.40022629  0.26666686]]
10.64965: [12.03, 12.11, 11.39, 11.47, 11.45, 11.63, 11.17, 11.39, 10.649650000000005]
[[ 0.33310685  0.40022629  0.26666686]]
10.7066: [12.03, 12.11, 11.39, 11.47, 11.45, 11.63, 11.17, 11.39, 10.706600000000005]
[[ 0.33310685  0.40022629  0.26666686]]
10.76355: [12.03, 12.11, 11.39, 11.47, 11.45, 11.63, 11.17, 11.39, 10.763550000000006]
[[ 0.33310685  0.40022629  0.26666686]]
10.8205: [12.03, 12.11, 11.39, 11.47, 11.45, 11.63, 11.17, 11.39, 10.820500000000006]
[[ 0.33310685  0.40022629  0.26666686]]
10.87745: [12.03, 12.11, 11.39, 11.47, 11.45, 11.63, 11.17, 11.39, 10.877450000000007]
[[ 0.33310685  0.40022629  0.26666686]]
10.9344: [12.03, 12.11, 11.39, 11.47, 11.45, 11.63, 11.17, 11.39, 10.934400000000007]
[[ 0.33310685  0.40022629  0.26666686]]
10.99135: [12.03, 12.11, 11.39, 11.47, 11.45, 11.63, 11.17, 11.39, 10.991350000000008]
[[ 0.33310685  0.40022629  0.26666686]]
11.0483: [12.03, 12.11, 11.39, 11.47, 11.45, 11.63, 11.17, 11.39, 11.048300000000008]
[[ 0.33310685  0.40022629  0.26666686]]
11.10525: [12.03, 12.11, 11.39, 11.47, 11.45, 11.63, 11.17, 11.39, 11.105250000000009]
[[ 0.33310685  0.40022629  0.26666686]]
11.1622: [12.03, 12.11, 11.39, 11.47, 11.45, 11.63, 11.17, 11.39, 11.16220000000001]
[[ 0.33310685  0.40022629  0.26666686]]
11.21915: [12.03, 12.11, 11.39, 11.47, 11.45, 11.63, 11.17, 11.39, 11.21915000000001]
[[ 0.33310685  0.40022629  0.26666686]]
11.2761: [12.03, 12.11, 11.39, 11.47, 11.45, 11.63, 11.17, 11.39, 11.27610000000001]
[[ 0.33310685  0.40022629  0.26666686]]
11.33305: [12.03, 12.11, 11.39, 11.47, 11.45, 11.63, 11.17, 11.39, 11.33305000000001]
[[ 0.33310685  0.40022629  0.26666686]]
11.39: [12.03, 12.11, 11.39, 11.47, 11.45, 11.63, 11.17, 11.39, 11.390000000000011]
[[ 0.33310685  0.40022629  0.26666686]]
11.44695: [12.03, 12.11, 11.39, 11.47, 11.45, 11.63, 11.17, 11.39, 11.446950000000012]
[[ 0.33310685  0.40022629  0.26666686]]
11.5039: [12.03, 12.11, 11.39, 11.47, 11.45, 11.63, 11.17, 11.39, 11.503900000000012]
[[ 0.33310685  0.40022629  0.26666686]]
11.56085: [12.03, 12.11, 11.39, 11.47, 11.45, 11.63, 11.17, 11.39, 11.560850000000013]
[[ 0.33310685  0.40022629  0.26666686]]
11.6178: [12.03, 12.11, 11.39, 11.47, 11.45, 11.63, 11.17, 11.39, 11.617800000000013]
[[ 0.33310685  0.40022629  0.26666686]]
11.67475: [12.03, 12.11, 11.39, 11.47, 11.45, 11.63, 11.17, 11.39, 11.674750000000014]
[[ 0.33310685  0.40022629  0.26666686]]
11.7317: [12.03, 12.11, 11.39, 11.47, 11.45, 11.63, 11.17, 11.39, 11.731700000000014]
[[ 0.33310685  0.40022629  0.26666686]]
11.78865: [12.03, 12.11, 11.39, 11.47, 11.45, 11.63, 11.17, 11.39, 11.788650000000015]
[[ 0.33310685  0.40022629  0.26666686]]
11.8456: [12.03, 12.11, 11.39, 11.47, 11.45, 11.63, 11.17, 11.39, 11.845600000000015]
[[ 0.33310685  0.40022629  0.26666686]]
11.90255: [12.03, 12.11, 11.39, 11.47, 11.45, 11.63, 11.17, 11.39, 11.902550000000016]
[[ 0.33310685  0.40022629  0.26666686]]
11.9595: [12.03, 12.11, 11.39, 11.47, 11.45, 11.63, 11.17, 11.39, 11.959500000000016]
[[ 0.33310685  0.40022629  0.26666686]]
12.01645: [12.03, 12.11, 11.39, 11.47, 11.45, 11.63, 11.17, 11.39, 12.016450000000017]
[[ 0.33310685  0.40022629  0.26666686]]
12.0734: [12.03, 12.11, 11.39, 11.47, 11.45, 11.63, 11.17, 11.39, 12.073400000000017]
[[ 0.33310685  0.40022629  0.26666686]]
12.13035: [12.03, 12.11, 11.39, 11.47, 11.45, 11.63, 11.17, 11.39, 12.130350000000018]
[[ 0.33310685  0.40022629  0.26666686]]
12.1873: [12.03, 12.11, 11.39, 11.47, 11.45, 11.63, 11.17, 11.39, 12.187300000000018]
[[ 0.33310685  0.40022629  0.26666686]]
12.24425: [12.03, 12.11, 11.39, 11.47, 11.45, 11.63, 11.17, 11.39, 12.244250000000019]
[[ 0.33310685  0.40022629  0.26666686]]
12.3012: [12.03, 12.11, 11.39, 11.47, 11.45, 11.63, 11.17, 11.39, 12.30120000000002]
[[ 0.33310685  0.40022629  0.26666686]]
12.35815: [12.03, 12.11, 11.39, 11.47, 11.45, 11.63, 11.17, 11.39, 12.35815000000002]
[[ 0.33310685  0.40022629  0.26666686]]
12.4151: [12.03, 12.11, 11.39, 11.47, 11.45, 11.63, 11.17, 11.39, 12.41510000000002]
[[ 0.33310685  0.40022629  0.26666686]]
12.47205: [12.03, 12.11, 11.39, 11.47, 11.45, 11.63, 11.17, 11.39, 12.47205000000002]
[[ 0.33310685  0.40022629  0.26666686]]
