[[ 19.   2.  11.]
 [ 26.   2.   5.]
 [ 19.   4.  12.]]
cf_score, 3.0
nv_score, -15.0
ratio, 0.333333333333
[[ 23.   4.   6.]
 [ 19.   4.   7.]
 [ 13.   5.  19.]]
cf_score, 27.0
nv_score, 0.0
ratio, 0.464646464646
[[ 19.   3.  10.]
 [ 16.   7.  14.]
 [ 18.   7.   6.]]
cf_score, 4.0
nv_score, -28.0
ratio, 0.323232323232
[[ 33.   4.  10.]
 [  7.   6.   9.]
 [ 12.   5.  14.]]
cf_score, 31.0
nv_score, -15.0
ratio, 0.535353535354
[[ 22.   2.   7.]
 [ 14.   5.   8.]
 [ 22.   5.  15.]]
cf_score, 13.0
nv_score, -7.0
ratio, 0.424242424242
[[ 21.  11.   9.]
 [  8.   6.   7.]
 [  8.   9.  21.]]
cf_score, 31.0
nv_score, -4.0
ratio, 0.484848484848
[[ 26.   6.   7.]
 [ 14.   6.   9.]
 [  8.   7.  17.]]
cf_score, 34.0
nv_score, -6.0
ratio, 0.494949494949
[[ 12.  11.   7.]
 [ 15.  14.   6.]
 [  9.   6.  20.]]
cf_score, 30.0
nv_score, 0.0
ratio, 0.464646464646
[[ 21.   6.   9.]
 [ 11.   8.   4.]
 [ 16.  14.  11.]]
cf_score, 15.0
nv_score, -11.0
ratio, 0.40404040404
[[ 13.  13.   8.]
 [  4.  11.   9.]
 [ 11.  16.  15.]]
cf_score, 20.0
nv_score, -10.0
ratio, 0.393939393939
[[ 12.   8.  13.]
 [ 11.  15.  10.]
 [  4.   9.  18.]]
cf_score, 28.0
nv_score, -18.0
ratio, 0.454545454545
[[ 20.  13.   5.]
 [ 10.  12.   7.]
 [  4.   8.  21.]]
cf_score, 44.0
nv_score, 4.0
ratio, 0.535353535354
[[ 10.  21.   8.]
 [  6.  10.   8.]
 [  7.   8.  22.]]
cf_score, 27.0
nv_score, -2.0
ratio, 0.424242424242
[[ 19.  11.   9.]
 [  9.  13.  10.]
 [  7.   5.  17.]]
cf_score, 33.0
nv_score, -11.0
ratio, 0.494949494949
[[ 17.  13.   6.]
 [ 11.  13.  12.]
 [  6.  10.  12.]]
cf_score, 30.0
nv_score, -12.0
ratio, 0.424242424242
[[ 24.   8.  10.]
 [  7.   8.   5.]
 [  7.  11.  20.]]
cf_score, 35.0
nv_score, -5.0
ratio, 0.525252525253
[[ 14.  12.  10.]
 [ 10.  13.   6.]
 [  6.  11.  18.]]
cf_score, 29.0
nv_score, -8.0
ratio, 0.454545454545
[[  9.  22.   8.]
 [  7.  17.  10.]
 [  2.  10.  15.]]
cf_score, 31.0
nv_score, -11.0
ratio, 0.414141414141
[[ 21.  15.   1.]
 [ 18.  12.   9.]
 [  8.   6.  10.]]
cf_score, 34.0
nv_score, -1.0
ratio, 0.434343434343
[[ 21.  12.   6.]
 [  5.  13.  13.]
 [  6.   7.  17.]]
cf_score, 39.0
nv_score, -8.0
ratio, 0.515151515152
[[ 17.  19.   6.]
 [  7.  17.   5.]
 [ 11.  10.   8.]]
cf_score, 25.0
nv_score, -9.0
ratio, 0.424242424242
[[ 19.  10.   4.]
 [ 11.  14.   3.]
 [ 12.  15.  12.]]
cf_score, 29.0
nv_score, 1.0
ratio, 0.454545454545
[[ 17.  18.   7.]
 [ 10.  16.   5.]
 [  6.   7.  14.]]
cf_score, 34.0
nv_score, -5.0
ratio, 0.474747474747
[[ 16.  17.   6.]
 [  5.  18.   3.]
 [  8.   8.  19.]]
cf_score, 39.0
nv_score, 4.0
ratio, 0.535353535354
[[ 19.  12.   7.]
 [  5.  16.   6.]
 [  7.   6.  22.]]
cf_score, 43.0
nv_score, 2.0
ratio, 0.575757575758
[[ 19.  13.   6.]
 [  7.  15.   8.]
 [  4.  12.  16.]]
cf_score, 40.0
nv_score, -4.0
ratio, 0.505050505051
[[ 28.  10.   3.]
 [ 12.  14.   5.]
 [  8.  10.  10.]]
cf_score, 41.0
nv_score, -1.0
ratio, 0.525252525253
[[ 18.  15.   4.]
 [ 11.  13.   3.]
 [  7.  14.  15.]]
cf_score, 35.0
nv_score, 4.0
ratio, 0.464646464646
[[ 13.  15.   4.]
 [  3.  22.   5.]
 [  2.  12.  24.]]
cf_score, 53.0
nv_score, 11.0
ratio, 0.59595959596
[[ 23.  13.   2.]
 [  5.  15.  12.]
 [  5.   9.  16.]]
cf_score, 47.0
nv_score, 0.0
ratio, 0.545454545455
[[ 22.  15.   6.]
 [  4.  17.  10.]
 [  5.   8.  13.]]
cf_score, 41.0
nv_score, -9.0
ratio, 0.525252525253
[[ 13.  10.   9.]
 [  1.  22.   9.]
 [  5.  12.  19.]]
cf_score, 40.0
nv_score, -8.0
ratio, 0.545454545455
[[ 21.  15.   7.]
 [  8.  17.   1.]
 [ 12.   7.  12.]]
cf_score, 31.0
nv_score, -3.0
ratio, 0.505050505051
[[ 11.  13.  12.]
 [  7.  17.   5.]
 [  7.  10.  18.]]
cf_score, 27.0
nv_score, -11.0
ratio, 0.464646464646
[[ 15.  17.   5.]
 [  4.  12.   6.]
 [ 10.  11.  20.]]
cf_score, 32.0
nv_score, 4.0
ratio, 0.474747474747
[[ 11.  15.   8.]
 [  3.  23.   5.]
 [  4.  10.  21.]]
cf_score, 43.0
nv_score, 0.0
ratio, 0.555555555556
[[ 17.  13.   5.]
 [ 14.  15.   5.]
 [ 10.   7.  14.]]
cf_score, 31.0
nv_score, -1.0
ratio, 0.464646464646
[[ 15.  11.   3.]
 [ 10.  20.   4.]
 [ 14.   8.  15.]]
cf_score, 33.0
nv_score, 5.0
ratio, 0.505050505051
[[ 23.   8.   5.]
 [  6.  18.   5.]
 [ 12.  11.  12.]]
cf_score, 36.0
nv_score, -3.0
ratio, 0.535353535354
[[ 12.  12.   7.]
 [  7.  14.  11.]
 [ 11.  16.  10.]]
cf_score, 18.0
nv_score, -15.0
ratio, 0.363636363636
[[ 24.   9.  10.]
 [  8.  16.   2.]
 [  7.   8.  16.]]
cf_score, 39.0
nv_score, -6.0
ratio, 0.565656565657
[[ 16.   9.  11.]
 [  6.  19.   8.]
 [  8.  11.  12.]]
cf_score, 28.0
nv_score, -18.0
ratio, 0.474747474747
[[ 13.  10.   5.]
 [ 13.  19.   6.]
 [  6.  11.  17.]]
cf_score, 38.0
nv_score, 1.0
ratio, 0.494949494949
[[ 23.  15.   2.]
 [ 14.  13.   5.]
 [  8.   7.  13.]]
cf_score, 39.0
nv_score, 4.0
ratio, 0.494949494949
[[ 20.  16.   8.]
 [  3.  18.   4.]
 [  5.  12.  14.]]
cf_score, 39.0
nv_score, -6.0
ratio, 0.525252525253
[[ 20.  15.   9.]
 [  6.  16.   9.]
 [  3.  10.  12.]]
cf_score, 36.0
nv_score, -15.0
ratio, 0.484848484848
[[ 18.  18.   7.]
 [  5.  17.   3.]
 [  5.  11.  16.]]
cf_score, 39.0
nv_score, -1.0
ratio, 0.515151515152
[[ 18.  10.   7.]
 [ 10.  22.   5.]
 [  4.  11.  13.]]
cf_score, 42.0
nv_score, -6.0
ratio, 0.535353535354
[[ 15.  12.  10.]
 [  9.  22.   9.]
 [  1.   6.  16.]]
cf_score, 42.0
nv_score, -13.0
ratio, 0.535353535354
[[ 21.   7.   5.]
 [ 15.  19.   4.]
 [  8.   7.  14.]]
cf_score, 41.0
nv_score, 0.0
ratio, 0.545454545455
