[[ 15.   6.  11.]
 [ 11.   2.  19.]
 [ 13.   3.  20.]]
cf_score, 13.0
ratio, 0.373737373737
[[ 34.   3.   7.]
 [ 15.   3.   6.]
 [ 19.   0.  13.]]
cf_score, 24.0
ratio, 0.505050505051
[[ 13.   8.   5.]
 [  9.   9.  10.]
 [ 13.   7.  26.]]
cf_score, 30.0
ratio, 0.484848484848
[[ 14.   5.  10.]
 [  9.   8.  14.]
 [ 14.   4.  22.]]
cf_score, 20.0
ratio, 0.444444444444
[[ 18.   4.  11.]
 [ 14.   6.   7.]
 [ 21.   9.  10.]]
cf_score, 2.0
ratio, 0.343434343434
[[ 18.   9.   6.]
 [ 19.  12.   4.]
 [ 16.   5.  11.]]
cf_score, 19.0
ratio, 0.414141414141
[[ 15.   8.   5.]
 [ 13.  14.   5.]
 [ 13.  11.  16.]]
cf_score, 27.0
ratio, 0.454545454545
[[ 17.   6.   7.]
 [ 19.  10.   5.]
 [ 12.   5.  19.]]
cf_score, 27.0
ratio, 0.464646464646
[[ 12.  13.   7.]
 [  9.  12.   8.]
 [ 10.  17.  12.]]
cf_score, 19.0
ratio, 0.363636363636
[[ 17.  15.   2.]
 [ 19.  12.   5.]
 [ 12.   7.  11.]]
cf_score, 26.0
ratio, 0.40404040404
[[ 20.   8.   3.]
 [  9.  12.   7.]
 [ 15.  12.  14.]]
cf_score, 28.0
ratio, 0.464646464646
[[ 18.   6.  11.]
 [ 14.  13.   8.]
 [ 12.   5.  13.]]
cf_score, 21.0
ratio, 0.444444444444
[[ 17.   6.   3.]
 [  9.  15.   4.]
 [ 19.   8.  19.]]
cf_score, 29.0
ratio, 0.515151515152
[[ 13.  12.   9.]
 [ 13.   9.  15.]
 [  8.   8.  13.]]
cf_score, 18.0
ratio, 0.353535353535
[[ 18.   5.   8.]
 [  8.  16.   6.]
 [ 17.   4.  18.]]
cf_score, 27.0
ratio, 0.525252525253
[[ 21.   5.   4.]
 [ 22.  10.   7.]
 [ 11.   9.  11.]]
cf_score, 27.0
ratio, 0.424242424242
[[ 12.   9.   2.]
 [ 19.  12.   8.]
 [ 14.   7.  17.]]
cf_score, 25.0
ratio, 0.414141414141
[[ 20.   8.   1.]
 [ 18.   8.   4.]
 [ 20.  11.  10.]]
cf_score, 17.0
ratio, 0.383838383838
[[ 12.  11.   6.]
 [ 18.   4.  11.]
 [ 15.   9.  14.]]
cf_score, 9.0
ratio, 0.30303030303
[[ 13.  13.   7.]
 [ 13.  13.  11.]
 [  7.  10.  13.]]
cf_score, 25.0
ratio, 0.393939393939
[[ 19.   7.   2.]
 [ 22.   7.   6.]
 [ 16.   9.  12.]]
cf_score, 20.0
ratio, 0.383838383838
[[ 16.  12.   6.]
 [ 12.  12.   8.]
 [  4.  13.  17.]]
cf_score, 35.0
ratio, 0.454545454545
[[  9.  15.   9.]
 [ 12.  11.  12.]
 [  8.   7.  17.]]
cf_score, 20.0
ratio, 0.373737373737
[[ 14.   7.   4.]
 [ 13.   6.   8.]
 [ 18.   9.  21.]]
cf_score, 19.0
ratio, 0.414141414141
[[ 18.   9.   7.]
 [ 18.   9.   7.]
 [ 16.   7.   9.]]
cf_score, 13.0
ratio, 0.363636363636
[[  7.  10.   7.]
 [  7.  18.   6.]
 [ 14.  12.  19.]]
cf_score, 23.0
ratio, 0.444444444444
[[ 20.  16.   7.]
 [ 10.  11.   6.]
 [ 12.   9.   9.]]
cf_score, 21.0
ratio, 0.40404040404
[[ 14.  13.   6.]
 [  7.  17.   6.]
 [ 13.  13.  11.]]
cf_score, 23.0
ratio, 0.424242424242
[[ 18.  10.   9.]
 [  8.   8.   5.]
 [ 14.  10.  18.]]
cf_score, 21.0
ratio, 0.444444444444
[[ 14.   5.   4.]
 [ 27.   8.   6.]
 [ 15.  13.   8.]]
cf_score, 11.0
ratio, 0.30303030303
[[ 12.  12.  11.]
 [ 12.   9.  10.]
 [ 12.   9.  13.]]
cf_score, 11.0
ratio, 0.343434343434
[[ 16.  12.   4.]
 [ 15.  13.   6.]
 [ 12.   4.  18.]]
cf_score, 31.0
ratio, 0.474747474747
[[ 25.  11.   8.]
 [ 10.  12.   9.]
 [ 10.   4.  11.]]
cf_score, 30.0
ratio, 0.484848484848
[[  3.  10.  10.]
 [ 14.   9.  17.]
 [  7.   9.  21.]]
cf_score, 16.0
ratio, 0.333333333333
[[ 21.  10.   2.]
 [ 13.   7.   9.]
 [ 17.   5.  16.]]
cf_score, 25.0
ratio, 0.444444444444
[[ 18.   8.  10.]
 [  8.   8.  11.]
 [ 12.  11.  14.]]
cf_score, 18.0
ratio, 0.40404040404
[[ 13.  15.   7.]
 [  9.  14.   7.]
 [  8.   6.  21.]]
cf_score, 33.0
ratio, 0.484848484848
[[ 21.  14.   3.]
 [ 17.   6.   7.]
 [ 10.   7.  15.]]
cf_score, 29.0
ratio, 0.424242424242
[[ 18.  10.   4.]
 [ 12.  15.  10.]
 [  9.   9.  13.]]
cf_score, 33.0
ratio, 0.464646464646
[[ 11.  12.   5.]
 [ 16.  15.  13.]
 [ 12.   6.  10.]]
cf_score, 19.0
ratio, 0.363636363636
[[  9.  10.   7.]
 [ 10.  13.  13.]
 [  4.  12.  22.]]
cf_score, 33.0
ratio, 0.444444444444
[[ 20.  12.   3.]
 [ 19.   9.   6.]
 [ 14.   7.  10.]]
cf_score, 22.0
ratio, 0.393939393939
[[ 11.  11.   4.]
 [ 13.  12.   8.]
 [ 11.  12.  18.]]
cf_score, 26.0
ratio, 0.414141414141
[[ 20.  10.   6.]
 [ 11.   8.   4.]
 [ 16.  10.  15.]]
cf_score, 21.0
ratio, 0.434343434343
[[ 15.   5.   5.]
 [ 24.   9.   5.]
 [ 15.   3.  19.]]
cf_score, 23.0
ratio, 0.434343434343
[[ 23.   5.   4.]
 [ 12.  12.   4.]
 [ 17.   4.  19.]]
cf_score, 33.0
ratio, 0.545454545455
[[ 12.  11.   8.]
 [ 11.  15.   7.]
 [ 16.   8.  12.]]
cf_score, 15.0
ratio, 0.393939393939
[[ 15.   9.   3.]
 [  8.   6.   4.]
 [ 23.  16.  16.]]
cf_score, 11.0
ratio, 0.373737373737
[[ 21.  11.   4.]
 [ 18.   7.   4.]
 [ 18.   8.   9.]]
cf_score, 15.0
ratio, 0.373737373737
[[ 16.  11.   2.]
 [ 17.  20.   4.]
 [ 17.   3.  10.]]
cf_score, 27.0
ratio, 0.464646464646
[[  7.  11.   8.]
 [ 11.  11.  10.]
 [ 15.  11.  16.]]
cf_score, 11.0
ratio, 0.343434343434
[[ 14.   8.   2.]
 [ 20.  11.   5.]
 [ 16.  10.  14.]]
cf_score, 21.0
ratio, 0.393939393939
[[ 13.  10.   6.]
 [  7.  17.  10.]
 [ 11.  10.  16.]]
cf_score, 29.0
ratio, 0.464646464646
[[ 16.  13.   2.]
 [ 12.  16.  10.]
 [  9.  10.  12.]]
cf_score, 33.0
ratio, 0.444444444444
[[ 12.  13.   2.]
 [ 13.  13.   9.]
 [ 14.  10.  14.]]
cf_score, 23.0
ratio, 0.393939393939
[[ 18.  13.   4.]
 [ 16.   8.   7.]
 [ 12.   6.  16.]]
cf_score, 26.0
ratio, 0.424242424242
[[ 19.  11.   4.]
 [ 12.  10.   5.]
 [ 16.   8.  15.]]
cf_score, 24.0
ratio, 0.444444444444
[[ 31.   7.   4.]
 [ 18.   9.   4.]
 [ 14.   6.   7.]]
cf_score, 29.0
ratio, 0.474747474747
[[ 18.   6.   4.]
 [ 14.  18.  11.]
 [ 13.   4.  12.]]
cf_score, 31.0
ratio, 0.484848484848
[[ 18.   8.   5.]
 [ 14.   9.   8.]
 [ 19.   6.  13.]]
cf_score, 16.0
ratio, 0.40404040404
[[ 18.   8.   6.]
 [ 22.  12.   3.]
 [ 13.   7.  11.]]
cf_score, 22.0
ratio, 0.414141414141
[[ 14.   8.   5.]
 [ 16.  13.   9.]
 [  8.  12.  15.]]
cf_score, 29.0
ratio, 0.424242424242
[[ 18.   9.   1.]
 [ 17.  10.   3.]
 [ 17.  10.  15.]]
cf_score, 25.0
ratio, 0.434343434343
[[ 22.   9.   3.]
 [ 13.  11.   5.]
 [ 13.   8.  16.]]
cf_score, 33.0
ratio, 0.494949494949
[[ 17.  14.   5.]
 [ 14.  10.   7.]
 [ 14.   6.  13.]]
cf_score, 21.0
ratio, 0.40404040404
[[ 16.  15.   7.]
 [  9.  15.  12.]
 [  6.   5.  15.]]
cf_score, 33.0
ratio, 0.464646464646
[[ 16.   9.   5.]
 [ 17.  13.   6.]
 [ 15.  10.   9.]]
cf_score, 18.0
ratio, 0.383838383838
[[ 13.  15.   8.]
 [ 20.   8.   5.]
 [ 10.   8.  13.]]
cf_score, 16.0
ratio, 0.343434343434
[[ 13.   7.   4.]
 [ 25.  16.   5.]
 [  9.   7.  14.]]
cf_score, 30.0
ratio, 0.434343434343
[[ 20.  13.   5.]
 [  9.  14.   9.]
 [ 12.   7.  11.]]
cf_score, 28.0
ratio, 0.454545454545
[[ 23.  10.   4.]
 [ 20.  17.   3.]
 [ 11.   7.   5.]]
cf_score, 30.0
ratio, 0.454545454545
[[ 16.   7.   2.]
 [ 19.  15.   4.]
 [ 18.   6.  13.]]
cf_score, 24.0
ratio, 0.444444444444
[[ 11.   6.  15.]
 [ 10.  13.   9.]
 [ 14.   8.  14.]]
cf_score, 9.0
ratio, 0.383838383838
[[ 24.   6.   4.]
 [ 20.  12.   5.]
 [ 10.   5.  14.]]
cf_score, 36.0
ratio, 0.505050505051
[[ 22.   4.   3.]
 [ 17.   9.   7.]
 [ 15.   6.  17.]]
cf_score, 30.0
ratio, 0.484848484848
[[ 10.  10.   3.]
 [ 21.   8.  11.]
 [ 19.   8.  10.]]
cf_score, 6.0
ratio, 0.282828282828
[[ 15.  13.   4.]
 [ 15.  13.   9.]
 [  9.   7.  15.]]
cf_score, 30.0
ratio, 0.434343434343
[[ 20.  12.   4.]
 [ 17.  11.   3.]
 [ 20.   3.  10.]]
cf_score, 17.0
ratio, 0.414141414141
[[ 11.  13.   6.]
 [ 14.  11.   6.]
 [ 15.  15.   9.]]
cf_score, 10.0
ratio, 0.313131313131
[[ 22.   2.   3.]
 [ 20.   9.   3.]
 [ 19.  10.  12.]]
cf_score, 21.0
ratio, 0.434343434343
[[ 15.  15.   5.]
 [ 10.  16.   4.]
 [  9.   9.  17.]]
cf_score, 34.0
ratio, 0.484848484848
[[ 20.   5.   2.]
 [ 22.  10.   4.]
 [ 13.   6.  18.]]
cf_score, 33.0
ratio, 0.484848484848
[[ 16.   7.   4.]
 [ 17.  12.   3.]
 [ 21.  11.   9.]]
cf_score, 12.0
ratio, 0.373737373737
[[ 15.  12.   4.]
 [ 18.  11.   3.]
 [ 14.  11.  12.]]
cf_score, 20.0
ratio, 0.383838383838
[[ 19.  11.   7.]
 [ 12.  11.   8.]
 [  9.  11.  12.]]
cf_score, 26.0
ratio, 0.424242424242
[[ 24.  12.   2.]
 [ 19.   3.   3.]
 [ 16.  11.  10.]]
cf_score, 19.0
ratio, 0.373737373737
[[ 15.   8.   8.]
 [ 12.  14.  10.]
 [  8.   8.  17.]]
cf_score, 30.0
ratio, 0.464646464646
[[ 12.   9.   8.]
 [ 12.  13.  10.]
 [  8.  11.  17.]]
cf_score, 26.0
ratio, 0.424242424242
[[ 20.   6.   4.]
 [ 16.  11.   5.]
 [ 16.  14.   8.]]
cf_score, 19.0
ratio, 0.393939393939
[[ 19.   6.   4.]
 [ 25.   9.   6.]
 [ 13.  13.   5.]]
cf_score, 16.0
ratio, 0.333333333333
[[ 18.   9.   7.]
 [ 11.  12.   4.]
 [ 27.   7.   5.]]
cf_score, 1.0
ratio, 0.353535353535
[[ 18.   9.   7.]
 [ 13.  13.   7.]
 [ 17.   2.  14.]]
cf_score, 21.0
ratio, 0.454545454545
[[ 21.   8.   2.]
 [ 18.  11.   5.]
 [ 15.   8.  12.]]
cf_score, 27.0
ratio, 0.444444444444
[[ 19.  11.   3.]
 [ 17.   5.   4.]
 [ 16.  13.  12.]]
cf_score, 17.0
ratio, 0.363636363636
[[ 14.   7.  10.]
 [ 21.   7.   6.]
 [ 18.   8.   9.]]
cf_score, 2.0
ratio, 0.30303030303
[[ 17.   8.   5.]
 [ 11.   7.   7.]
 [ 17.  15.  13.]]
cf_score, 15.0
ratio, 0.373737373737
[[ 24.   4.   0.]
 [ 22.   9.   3.]
 [ 15.  12.  11.]]
cf_score, 29.0
ratio, 0.444444444444
[[ 19.   9.   3.]
 [ 17.   7.   5.]
 [ 20.   9.  11.]]
cf_score, 14.0
ratio, 0.373737373737
[[ 15.   7.   4.]
 [ 13.  11.  12.]
 [ 12.  17.   9.]]
cf_score, 19.0
ratio, 0.353535353535
[[ 17.   9.   3.]
 [ 18.   9.   4.]
 [ 15.   7.  18.]]
cf_score, 26.0
ratio, 0.444444444444
