[[ 29.   0.   0.]
 [ 33.   0.   0.]
 [ 38.   0.   0.]]
cf_score, -9.0
nv_score, 0.0
ratio, 0.292929292929
[[ 33.   0.   0.]
 [ 32.   0.   0.]
 [ 35.   0.   0.]]
cf_score, -2.0
nv_score, 0.0
ratio, 0.333333333333
[[ 23.   0.   8.]
 [ 29.   0.   8.]
 [ 23.   0.   9.]]
cf_score, 1.0
nv_score, -15.0
ratio, 0.323232323232
[[ 20.   0.  11.]
 [ 32.   0.   8.]
 [ 25.   0.   4.]]
cf_score, -12.0
nv_score, -26.0
ratio, 0.242424242424
[[ 16.   0.  13.]
 [ 23.   1.   4.]
 [  9.   2.  32.]]
cf_score, 27.0
nv_score, 2.0
ratio, 0.494949494949
[[ 17.   0.   9.]
 [ 22.   0.  14.]
 [  6.   2.  30.]]
cf_score, 32.0
nv_score, -2.0
ratio, 0.474747474747
[[ 13.   5.   9.]
 [  9.   7.  14.]
 [  8.   6.  29.]]
cf_score, 32.0
nv_score, -3.0
ratio, 0.494949494949
[[ 17.   1.   4.]
 [ 16.   7.  10.]
 [ 12.   5.  28.]]
cf_score, 36.0
nv_score, 10.0
ratio, 0.525252525253
[[ 18.   1.  11.]
 [ 14.   0.  21.]
 [  6.   2.  27.]]
cf_score, 28.0
nv_score, -16.0
ratio, 0.454545454545
[[ 14.   3.  14.]
 [ 18.   9.   8.]
 [  3.   5.  26.]]
cf_score, 32.0
nv_score, -10.0
ratio, 0.494949494949
[[ 12.   7.  11.]
 [ 16.  11.   8.]
 [  5.   5.  25.]]
cf_score, 32.0
nv_score, -5.0
ratio, 0.484848484848
[[  9.  13.   9.]
 [  9.  17.  14.]
 [  2.   8.  19.]]
cf_score, 34.0
nv_score, -13.0
ratio, 0.454545454545
[[ 12.   6.   4.]
 [ 13.  22.   6.]
 [  8.   4.  25.]]
cf_score, 47.0
nv_score, 11.0
ratio, 0.59595959596
[[  8.   7.  14.]
 [  7.  14.   7.]
 [  2.  14.  27.]]
cf_score, 33.0
nv_score, -8.0
ratio, 0.494949494949
[[ 10.  12.  12.]
 [  6.  20.  10.]
 [  1.   9.  20.]]
cf_score, 37.0
nv_score, -14.0
ratio, 0.505050505051
[[  7.   7.  13.]
 [  7.  14.  10.]
 [  4.  10.  28.]]
cf_score, 32.0
nv_score, -8.0
ratio, 0.494949494949
[[  8.   7.   6.]
 [ 15.  16.  10.]
 [  6.   7.  25.]]
cf_score, 37.0
nv_score, 3.0
ratio, 0.494949494949
[[  9.  16.  13.]
 [  6.  15.   9.]
 [  1.   7.  24.]]
cf_score, 34.0
nv_score, -11.0
ratio, 0.484848484848
[[  8.   9.  11.]
 [  4.  16.  10.]
 [  9.  11.  22.]]
cf_score, 26.0
nv_score, -10.0
ratio, 0.464646464646
[[  2.   8.  11.]
 [  4.  17.  14.]
 [  3.   5.  36.]]
cf_score, 41.0
nv_score, 0.0
ratio, 0.555555555556
[[ 14.   8.   8.]
 [ 10.  15.  10.]
 [  5.   6.  24.]]
cf_score, 40.0
nv_score, -2.0
ratio, 0.535353535354
[[ 10.   8.  10.]
 [ 12.  15.   6.]
 [  2.  10.  27.]]
cf_score, 40.0
nv_score, 1.0
ratio, 0.525252525253
[[ 16.   9.   7.]
 [ 10.   9.   7.]
 [  8.   5.  29.]]
cf_score, 39.0
nv_score, 8.0
ratio, 0.545454545455
[[ 12.   9.  10.]
 [ 11.  15.  12.]
 [  5.   5.  21.]]
cf_score, 33.0
nv_score, -11.0
ratio, 0.484848484848
[[ 17.  11.  10.]
 [  8.  12.   6.]
 [  4.   8.  24.]]
cf_score, 39.0
nv_score, -2.0
ratio, 0.535353535354
[[ 12.  12.   6.]
 [ 11.  17.   7.]
 [  1.   9.  25.]]
cf_score, 47.0
nv_score, 6.0
ratio, 0.545454545455
[[ 12.  13.   6.]
 [ 13.  11.   7.]
 [  4.  12.  22.]]
cf_score, 35.0
nv_score, 3.0
ratio, 0.454545454545
[[  8.  14.  18.]
 [  9.  15.   7.]
 [  2.   4.  23.]]
cf_score, 26.0
nv_score, -20.0
ratio, 0.464646464646
[[ 13.   7.  11.]
 [  8.  16.   6.]
 [  5.   7.  27.]]
cf_score, 40.0
nv_score, -1.0
ratio, 0.565656565657
[[  9.  11.   5.]
 [ 13.  15.  15.]
 [  2.   7.  23.]]
cf_score, 40.0
nv_score, -2.0
ratio, 0.474747474747
[[  9.   6.   8.]
 [ 12.  20.   3.]
 [  8.   6.  28.]]
cf_score, 41.0
nv_score, 9.0
ratio, 0.575757575758
[[  9.  12.  10.]
 [ 15.  16.  10.]
 [  1.   5.  22.]]
cf_score, 36.0
nv_score, -8.0
ratio, 0.474747474747
[[ 15.   9.  10.]
 [ 11.  13.   7.]
 [  4.   8.  23.]]
cf_score, 37.0
nv_score, -4.0
ratio, 0.515151515152
[[ 16.   6.  13.]
 [ 13.   9.   9.]
 [  6.   7.  21.]]
cf_score, 27.0
nv_score, -14.0
ratio, 0.464646464646
[[  7.  11.  17.]
 [ 10.  12.   4.]
 [  4.   4.  31.]]
cf_score, 29.0
nv_score, -7.0
ratio, 0.505050505051
[[  9.  12.  10.]
 [  5.  21.  11.]
 [  2.   8.  22.]]
cf_score, 40.0
nv_score, -9.0
ratio, 0.525252525253
[[  6.   7.  14.]
 [  6.  16.  13.]
 [  3.  10.  25.]]
cf_score, 30.0
nv_score, -16.0
ratio, 0.474747474747
[[  9.   7.  14.]
 [  6.  16.  11.]
 [  9.   6.  22.]]
cf_score, 24.0
nv_score, -17.0
ratio, 0.474747474747
[[  8.  12.   8.]
 [  9.  17.   8.]
 [ 10.   8.  20.]]
cf_score, 27.0
nv_score, -4.0
ratio, 0.454545454545
[[ 10.   9.   8.]
 [ 11.  15.  14.]
 [  6.   2.  25.]]
cf_score, 36.0
nv_score, -5.0
ratio, 0.505050505051
[[ 10.   6.   8.]
 [ 19.  12.   9.]
 [  3.   9.  24.]]
cf_score, 35.0
nv_score, -1.0
ratio, 0.464646464646
[[  9.   4.   8.]
 [ 11.  23.   9.]
 [  3.   6.  27.]]
cf_score, 48.0
nv_score, 2.0
ratio, 0.59595959596
[[ 13.  10.  11.]
 [  9.  18.   8.]
 [  5.   5.  21.]]
cf_score, 36.0
nv_score, -9.0
ratio, 0.525252525253
[[ 11.   6.  11.]
 [  9.  17.   7.]
 [  4.   8.  27.]]
cf_score, 40.0
nv_score, -2.0
ratio, 0.555555555556
[[ 11.   5.  10.]
 [ 15.  17.   8.]
 [  2.   9.  23.]]
cf_score, 39.0
nv_score, -5.0
ratio, 0.515151515152
[[ 12.   9.  12.]
 [  7.  15.  11.]
 [  3.   8.  23.]]
cf_score, 35.0
nv_score, -12.0
ratio, 0.505050505051
[[ 13.  11.  10.]
 [ 10.  11.   7.]
 [  2.  10.  26.]]
cf_score, 38.0
nv_score, -1.0
ratio, 0.505050505051
[[  6.   4.   9.]
 [  8.  20.  11.]
 [  5.  10.  27.]]
cf_score, 39.0
nv_score, -2.0
ratio, 0.535353535354
[[ 11.   8.   7.]
 [  8.  20.   7.]
 [  4.   5.  30.]]
cf_score, 50.0
nv_score, 9.0
ratio, 0.616161616162
[[ 13.  10.   5.]
 [ 14.  16.   8.]
 [  5.   5.  24.]]
cf_score, 43.0
nv_score, 6.0
ratio, 0.535353535354
