[[ 33.   1.   3.]
 [ 19.   6.  11.]
 [ 13.   2.  12.]]
cf_score, 35.0
nv_score, -5.0
ratio, 0.515151515152
[[ 19.   2.   7.]
 [ 14.   5.  15.]
 [  9.   3.  26.]]
cf_score, 34.0
nv_score, -3.0
ratio, 0.505050505051
[[ 21.   1.  12.]
 [  9.   9.  17.]
 [  6.   3.  22.]]
cf_score, 34.0
nv_score, -19.0
ratio, 0.525252525253
[[ 19.   7.   4.]
 [ 20.   6.  18.]
 [  7.   2.  17.]]
cf_score, 31.0
nv_score, -9.0
ratio, 0.424242424242
[[ 25.   3.  11.]
 [  6.   6.  13.]
 [  6.   3.  27.]]
cf_score, 41.0
nv_score, -8.0
ratio, 0.585858585859
[[ 20.   3.   7.]
 [ 13.   4.  12.]
 [  8.  11.  22.]]
cf_score, 31.0
nv_score, -4.0
ratio, 0.464646464646
[[ 12.   7.   8.]
 [ 13.   3.  14.]
 [  2.   8.  33.]]
cf_score, 38.0
nv_score, 3.0
ratio, 0.484848484848
[[ 16.  11.  14.]
 [  7.  10.  14.]
 [  1.   7.  20.]]
cf_score, 31.0
nv_score, -22.0
ratio, 0.464646464646
[[ 22.   5.   5.]
 [  9.   6.   9.]
 [  5.   4.  35.]]
cf_score, 53.0
nv_score, 16.0
ratio, 0.636363636364
[[ 28.   5.   7.]
 [  5.   7.  13.]
 [  4.   5.  26.]]
cf_score, 50.0
nv_score, -1.0
ratio, 0.616161616162
[[ 20.   6.   7.]
 [  4.   9.  18.]
 [  3.   5.  28.]]
cf_score, 47.0
nv_score, -4.0
ratio, 0.575757575758
[[ 16.   9.  10.]
 [  7.   8.  19.]
 [  3.   7.  21.]]
cf_score, 32.0
nv_score, -18.0
ratio, 0.454545454545
[[ 18.   4.   8.]
 [  7.  12.  18.]
 [  0.   6.  27.]]
cf_score, 49.0
nv_score, -7.0
ratio, 0.575757575758
[[ 24.   5.  10.]
 [ 11.   5.   8.]
 [  5.   7.  25.]]
cf_score, 39.0
nv_score, -3.0
ratio, 0.545454545455
[[ 20.   6.   5.]
 [  8.   9.  13.]
 [  3.   7.  29.]]
cf_score, 50.0
nv_score, 6.0
ratio, 0.585858585859
[[ 20.  10.  11.]
 [  7.   9.  14.]
 [  1.   5.  23.]]
cf_score, 40.0
nv_score, -13.0
ratio, 0.525252525253
[[ 19.   5.   8.]
 [ 13.   5.  13.]
 [  4.   7.  26.]]
cf_score, 38.0
nv_score, -3.0
ratio, 0.505050505051
[[ 14.   5.   9.]
 [ 11.   6.  12.]
 [  3.  11.  29.]]
cf_score, 37.0
nv_score, -1.0
ratio, 0.494949494949
[[ 20.   5.   9.]
 [  8.   6.  12.]
 [  4.  14.  22.]]
cf_score, 35.0
nv_score, -8.0
ratio, 0.484848484848
[[ 14.   5.  12.]
 [  6.  13.  19.]
 [  1.   6.  24.]]
cf_score, 38.0
nv_score, -19.0
ratio, 0.515151515152
[[ 23.  10.   5.]
 [  9.   7.  13.]
 [  5.   8.  20.]]
cf_score, 40.0
nv_score, -3.0
ratio, 0.505050505051
[[ 17.   4.   7.]
 [  9.  10.  18.]
 [  2.   8.  25.]]
cf_score, 43.0
nv_score, -7.0
ratio, 0.525252525253
[[ 15.   7.  13.]
 [ 13.   7.   8.]
 [  1.   5.  31.]]
cf_score, 39.0
nv_score, -3.0
ratio, 0.535353535354
[[ 20.   8.  20.]
 [  8.   4.  15.]
 [  2.   4.  19.]]
cf_score, 21.0
nv_score, -36.0
ratio, 0.434343434343
[[ 22.  10.   4.]
 [  8.   5.  13.]
 [  5.   8.  25.]]
cf_score, 43.0
nv_score, 4.0
ratio, 0.525252525253
[[ 16.  10.   3.]
 [ 11.   8.  13.]
 [  5.  16.  18.]]
cf_score, 34.0
nv_score, -1.0
ratio, 0.424242424242
[[ 15.   7.   4.]
 [  5.  16.  15.]
 [  3.   9.  26.]]
cf_score, 50.0
nv_score, 3.0
ratio, 0.575757575758
[[ 17.  10.   8.]
 [  6.   6.  15.]
 [  5.   9.  24.]]
cf_score, 34.0
nv_score, -7.0
ratio, 0.474747474747
[[ 13.  11.  11.]
 [ 12.   8.  10.]
 [  1.   9.  25.]]
cf_score, 34.0
nv_score, -7.0
ratio, 0.464646464646
[[ 17.  13.  10.]
 [  8.   8.  15.]
 [  3.   6.  20.]]
cf_score, 32.0
nv_score, -15.0
ratio, 0.454545454545
[[ 22.   9.   7.]
 [ 12.   4.  11.]
 [  1.  16.  18.]]
cf_score, 36.0
nv_score, -7.0
ratio, 0.444444444444
[[ 19.  11.  12.]
 [  4.  13.  13.]
 [  2.   8.  18.]]
cf_score, 36.0
nv_score, -19.0
ratio, 0.505050505051
[[ 19.   8.  11.]
 [  9.  10.   8.]
 [  2.  10.  23.]]
cf_score, 39.0
nv_score, -7.0
ratio, 0.525252525253
[[ 13.  10.   7.]
 [ 10.  10.  17.]
 [  1.   5.  27.]]
cf_score, 42.0
nv_score, -4.0
ratio, 0.505050505051
[[ 16.  11.   7.]
 [  6.  15.  16.]
 [  3.   8.  18.]]
cf_score, 39.0
nv_score, -12.0
ratio, 0.494949494949
[[ 18.  11.   8.]
 [ 13.   7.   9.]
 [  5.   4.  25.]]
cf_score, 37.0
nv_score, 0.0
ratio, 0.505050505051
[[ 11.  12.   8.]
 [ 12.  10.  16.]
 [  4.   6.  21.]]
cf_score, 30.0
nv_score, -11.0
ratio, 0.424242424242
[[ 14.   9.  17.]
 [  6.  10.   6.]
 [  3.  13.  22.]]
cf_score, 26.0
nv_score, -18.0
ratio, 0.464646464646
[[ 20.   9.   6.]
 [ 15.   6.  10.]
 [  4.  11.  19.]]
cf_score, 35.0
nv_score, -3.0
ratio, 0.454545454545
[[ 11.   9.   9.]
 [  8.  11.  13.]
 [  1.   9.  29.]]
cf_score, 41.0
nv_score, -2.0
ratio, 0.515151515152
[[ 14.   6.  11.]
 [  8.  10.  15.]
 [  3.   8.  25.]]
cf_score, 35.0
nv_score, -12.0
ratio, 0.494949494949
[[ 21.   9.  12.]
 [  9.   6.  12.]
 [  3.  13.  15.]]
cf_score, 27.0
nv_score, -21.0
ratio, 0.424242424242
[[ 20.  11.   9.]
 [  2.  10.  17.]
 [  3.  10.  18.]]
cf_score, 36.0
nv_score, -17.0
ratio, 0.484848484848
[[ 12.   9.  10.]
 [  6.  10.  16.]
 [  3.   8.  26.]]
cf_score, 35.0
nv_score, -10.0
ratio, 0.484848484848
[[ 12.  12.  10.]
 [  7.  14.  15.]
 [  2.   9.  19.]]
cf_score, 33.0
nv_score, -16.0
ratio, 0.454545454545
[[ 11.  12.   8.]
 [  6.   9.  16.]
 [  3.  17.  18.]]
cf_score, 27.0
nv_score, -14.0
ratio, 0.383838383838
[[ 18.   8.  12.]
 [ 13.  12.   8.]
 [  0.   7.  22.]]
cf_score, 40.0
nv_score, -10.0
ratio, 0.525252525253
[[ 19.  14.   7.]
 [  9.  16.  10.]
 [  2.   7.  16.]]
cf_score, 42.0
nv_score, -8.0
ratio, 0.515151515152
[[ 13.  12.   6.]
 [ 11.   9.  16.]
 [  3.   9.  21.]]
cf_score, 34.0
nv_score, -7.0
ratio, 0.434343434343
[[ 17.  13.   2.]
 [  7.   7.  15.]
 [  4.   6.  29.]]
cf_score, 47.0
nv_score, 10.0
ratio, 0.535353535354
