[[ 18.   1.  16.]
 [ 12.   3.  23.]
 [  4.   0.  23.]]
cf_score, 24.0
nv_score, -32.0
ratio, 0.444444444444
[[ 18.   2.   2.]
 [  8.  11.  26.]
 [  7.   1.  25.]]
cf_score, 45.0
nv_score, -5.0
ratio, 0.545454545455
[[ 19.   8.   4.]
 [ 12.   6.  22.]
 [  6.   2.  21.]]
cf_score, 36.0
nv_score, -9.0
ratio, 0.464646464646
[[ 24.   6.   7.]
 [ 12.   6.  12.]
 [  9.   3.  21.]]
cf_score, 35.0
nv_score, -5.0
ratio, 0.515151515152
[[ 35.   5.   5.]
 [ 13.   2.   7.]
 [  4.   4.  25.]]
cf_score, 53.0
nv_score, 8.0
ratio, 0.626262626263
[[ 20.   7.   8.]
 [ 15.  12.  14.]
 [  7.   3.  14.]]
cf_score, 31.0
nv_score, -16.0
ratio, 0.464646464646
[[ 18.  11.   5.]
 [ 12.  12.  11.]
 [ 10.   7.  14.]]
cf_score, 29.0
nv_score, -7.0
ratio, 0.444444444444
[[ 36.   7.   1.]
 [ 16.   4.   9.]
 [  4.  12.  11.]]
cf_score, 46.0
nv_score, 0.0
ratio, 0.515151515152
[[ 24.   4.   7.]
 [ 12.   8.  11.]
 [  8.   1.  25.]]
cf_score, 42.0
nv_score, 0.0
ratio, 0.575757575758
[[ 26.   3.  10.]
 [ 10.   9.  14.]
 [  5.   1.  22.]]
cf_score, 42.0
nv_score, -12.0
ratio, 0.575757575758
[[ 26.   5.   6.]
 [ 13.   8.  12.]
 [  6.   9.  15.]]
cf_score, 37.0
nv_score, -9.0
ratio, 0.494949494949
[[ 19.   2.   8.]
 [  9.  10.  15.]
 [  6.   7.  24.]]
cf_score, 39.0
nv_score, -7.0
ratio, 0.535353535354
[[ 21.   9.   3.]
 [  9.   9.  15.]
 [  7.   2.  25.]]
cf_score, 45.0
nv_score, 4.0
ratio, 0.555555555556
[[ 30.   4.   3.]
 [ 11.   6.  13.]
 [ 11.   5.  17.]]
cf_score, 39.0
nv_score, -2.0
ratio, 0.535353535354
[[ 26.   3.   7.]
 [ 18.  11.   7.]
 [  5.   5.  18.]]
cf_score, 43.0
nv_score, -3.0
ratio, 0.555555555556
[[ 27.   3.   1.]
 [ 11.  10.  12.]
 [ 11.  11.  14.]]
cf_score, 39.0
nv_score, 0.0
ratio, 0.515151515152
[[ 20.   8.   6.]
 [ 11.   7.  18.]
 [  6.   6.  18.]]
cf_score, 33.0
nv_score, -12.0
ratio, 0.454545454545
[[ 21.   2.  11.]
 [ 15.   7.  11.]
 [  2.   9.  22.]]
cf_score, 37.0
nv_score, -11.0
ratio, 0.505050505051
[[ 26.   2.   4.]
 [ 13.  11.  11.]
 [ 11.  14.   8.]]
cf_score, 30.0
nv_score, -11.0
ratio, 0.454545454545
[[ 28.   5.   3.]
 [ 17.   6.  10.]
 [  7.   9.  15.]]
cf_score, 39.0
nv_score, -1.0
ratio, 0.494949494949
[[ 24.   6.   1.]
 [ 17.  11.  15.]
 [  3.   6.  17.]]
cf_score, 48.0
nv_score, 0.0
ratio, 0.525252525253
[[ 32.   7.   2.]
 [ 16.  12.   4.]
 [  6.  12.   9.]]
cf_score, 45.0
nv_score, 1.0
ratio, 0.535353535354
[[ 26.   4.   2.]
 [ 20.  16.   4.]
 [  6.  14.   8.]]
cf_score, 42.0
nv_score, 0.0
ratio, 0.505050505051
[[ 19.   9.   4.]
 [  8.  12.  14.]
 [  4.  11.  19.]]
cf_score, 42.0
nv_score, -3.0
ratio, 0.505050505051
[[ 19.  11.   6.]
 [ 14.   9.   9.]
 [  7.   8.  17.]]
cf_score, 32.0
nv_score, -4.0
ratio, 0.454545454545
[[ 21.   5.   1.]
 [ 13.  14.   5.]
 [  7.  16.  18.]]
cf_score, 45.0
nv_score, 11.0
ratio, 0.535353535354
[[ 22.  10.   9.]
 [  9.   8.  16.]
 [  3.   7.  16.]]
cf_score, 34.0
nv_score, -18.0
ratio, 0.464646464646
[[ 27.  11.   1.]
 [  7.  10.  12.]
 [  5.   9.  18.]]
cf_score, 49.0
nv_score, 4.0
ratio, 0.555555555556
[[ 20.   8.   6.]
 [ 18.  10.   9.]
 [  5.   5.  19.]]
cf_score, 38.0
nv_score, -2.0
ratio, 0.494949494949
[[ 22.   5.  11.]
 [ 11.  11.  10.]
 [  3.   6.  21.]]
cf_score, 40.0
nv_score, -11.0
ratio, 0.545454545455
[[ 29.   7.   4.]
 [ 10.  10.  10.]
 [  7.   9.  14.]]
cf_score, 42.0
nv_score, -4.0
ratio, 0.535353535354
[[ 18.   6.   6.]
 [ 11.  11.   9.]
 [  8.   7.  24.]]
cf_score, 39.0
nv_score, 3.0
ratio, 0.535353535354
[[ 22.  10.   5.]
 [  9.  12.  11.]
 [  4.  10.  17.]]
cf_score, 42.0
nv_score, -4.0
ratio, 0.515151515152
[[ 29.   8.   6.]
 [ 11.   9.   9.]
 [  8.   7.  13.]]
cf_score, 37.0
nv_score, -8.0
ratio, 0.515151515152
[[ 25.  10.   6.]
 [ 13.   8.   9.]
 [  9.   9.  11.]]
cf_score, 29.0
nv_score, -10.0
ratio, 0.444444444444
[[ 20.   8.   5.]
 [ 11.   9.  12.]
 [ 12.  10.  13.]]
cf_score, 25.0
nv_score, -9.0
ratio, 0.424242424242
[[ 25.  11.   4.]
 [ 10.  11.  14.]
 [  5.   6.  14.]]
cf_score, 41.0
nv_score, -8.0
ratio, 0.505050505051
[[ 21.   7.   8.]
 [ 10.   7.  17.]
 [  7.   7.  16.]]
cf_score, 29.0
nv_score, -17.0
ratio, 0.444444444444
[[ 31.   9.   5.]
 [  5.   6.  12.]
 [  3.   6.  23.]]
cf_score, 52.0
nv_score, 1.0
ratio, 0.606060606061
[[ 27.   7.   3.]
 [ 18.  14.   5.]
 [  5.   6.  15.]]
cf_score, 48.0
nv_score, 4.0
ratio, 0.565656565657
[[ 33.   6.   6.]
 [ 11.   8.  12.]
 [  6.   7.  11.]]
cf_score, 40.0
nv_score, -13.0
ratio, 0.525252525253
[[ 23.   5.   5.]
 [ 11.  11.  16.]
 [  1.   5.  23.]]
cf_score, 51.0
nv_score, -3.0
ratio, 0.575757575758
[[ 19.   5.   7.]
 [ 14.  11.  14.]
 [  8.   6.  16.]]
cf_score, 31.0
nv_score, -12.0
ratio, 0.464646464646
[[ 25.   9.   3.]
 [ 13.  12.  13.]
 [  6.   7.  12.]]
cf_score, 40.0
nv_score, -7.0
ratio, 0.494949494949
[[ 25.   9.   9.]
 [ 18.   8.  10.]
 [  3.   9.   9.]]
cf_score, 30.0
nv_score, -19.0
ratio, 0.424242424242
[[ 20.   6.   3.]
 [ 15.  10.   9.]
 [  4.   7.  26.]]
cf_score, 49.0
nv_score, 11.0
ratio, 0.565656565657
[[ 23.   5.   4.]
 [ 16.  11.   8.]
 [  7.  13.  13.]]
cf_score, 36.0
nv_score, -3.0
ratio, 0.474747474747
[[ 17.   8.   4.]
 [ 11.  13.  13.]
 [  6.  11.  17.]]
cf_score, 37.0
nv_score, -4.0
ratio, 0.474747474747
[[ 23.   8.   8.]
 [ 12.  12.   9.]
 [  3.  11.  14.]]
cf_score, 38.0
nv_score, -11.0
ratio, 0.494949494949
[[ 25.   6.   7.]
 [  8.  14.   8.]
 [  9.   6.  17.]]
cf_score, 40.0
nv_score, -5.0
ratio, 0.565656565657
