[[ 14.  17.   0.]
 [ 12.  25.   0.]
 [ 15.  17.   0.]]
cf_score, 24.0
nv_score, 0.0
ratio, 0.393939393939
[[ 21.   8.   3.]
 [  6.  19.   3.]
 [ 27.  11.   2.]]
cf_score, 12.0
nv_score, -7.0
ratio, 0.424242424242
[[ 19.  15.   4.]
 [  3.  23.   5.]
 [ 21.   6.   4.]]
cf_score, 21.0
nv_score, -9.0
ratio, 0.464646464646
[[ 16.  14.   4.]
 [  7.  30.   1.]
 [ 16.  10.   2.]]
cf_score, 28.0
nv_score, -7.0
ratio, 0.484848484848
[[ 18.   9.   4.]
 [ 12.  22.   4.]
 [ 21.   8.   2.]]
cf_score, 17.0
nv_score, -10.0
ratio, 0.424242424242
[[ 19.  10.   3.]
 [ 14.  15.   7.]
 [ 22.   7.   3.]]
cf_score, 12.0
nv_score, -10.0
ratio, 0.373737373737
[[ 21.  13.   5.]
 [  8.  17.   5.]
 [ 13.  14.   4.]]
cf_score, 24.0
nv_score, -11.0
ratio, 0.424242424242
[[ 20.   5.   4.]
 [  6.  25.   3.]
 [ 21.  11.   5.]]
cf_score, 25.0
nv_score, -6.0
ratio, 0.505050505051
[[ 14.   7.   6.]
 [ 10.  23.   8.]
 [ 14.  10.   8.]]
cf_score, 25.0
nv_score, -12.0
ratio, 0.454545454545
[[ 25.  12.   5.]
 [ 12.  20.   2.]
 [ 12.   5.   7.]]
cf_score, 35.0
nv_score, -5.0
ratio, 0.525252525253
[[ 21.   8.   7.]
 [  7.  21.   5.]
 [ 13.  11.   7.]]
cf_score, 29.0
nv_score, -12.0
ratio, 0.494949494949
[[ 21.  12.   3.]
 [  9.  19.   2.]
 [ 23.   7.   4.]]
cf_score, 18.0
nv_score, -4.0
ratio, 0.444444444444
[[ 23.   5.   9.]
 [  5.  22.   5.]
 [ 21.   7.   3.]]
cf_score, 18.0
nv_score, -20.0
ratio, 0.484848484848
[[ 24.   9.   3.]
 [  9.  20.   2.]
 [ 18.  12.   3.]]
cf_score, 26.0
nv_score, -5.0
ratio, 0.474747474747
[[ 24.   6.   5.]
 [  9.  19.   2.]
 [ 22.   5.   8.]]
cf_score, 24.0
nv_score, -4.0
ratio, 0.515151515152
[[ 22.  13.   6.]
 [  9.  18.   5.]
 [ 14.  11.   2.]]
cf_score, 22.0
nv_score, -15.0
ratio, 0.424242424242
[[ 19.  14.   4.]
 [  7.  17.  13.]
 [ 11.   9.   6.]]
cf_score, 27.0
nv_score, -15.0
ratio, 0.424242424242
[[ 17.   8.   5.]
 [  8.  26.   6.]
 [ 16.   7.   7.]]
cf_score, 29.0
nv_score, -9.0
ratio, 0.505050505051
[[ 21.  10.   4.]
 [  8.  13.   7.]
 [ 15.   7.  15.]]
cf_score, 30.0
nv_score, 0.0
ratio, 0.494949494949
[[ 12.   8.  10.]
 [  5.  31.   3.]
 [ 20.   2.   9.]]
cf_score, 22.0
nv_score, -14.0
ratio, 0.525252525253
[[ 15.  11.   4.]
 [  3.  21.   4.]
 [ 19.   9.  14.]]
cf_score, 27.0
nv_score, 2.0
ratio, 0.505050505051
[[ 16.  16.   6.]
 [  5.  20.   8.]
 [ 13.   9.   7.]]
cf_score, 24.0
nv_score, -13.0
ratio, 0.434343434343
[[ 19.   9.   9.]
 [  6.  19.   6.]
 [ 15.  10.   7.]]
cf_score, 21.0
nv_score, -17.0
ratio, 0.454545454545
[[ 26.   8.   5.]
 [  6.  16.   7.]
 [ 14.  12.   6.]]
cf_score, 29.0
nv_score, -11.0
ratio, 0.484848484848
[[ 25.   7.  10.]
 [  9.  14.   7.]
 [ 14.   5.   9.]]
cf_score, 24.0
nv_score, -18.0
ratio, 0.484848484848
[[ 22.   7.   4.]
 [  9.  17.   4.]
 [ 15.  18.   4.]]
cf_score, 24.0
nv_score, -8.0
ratio, 0.434343434343
[[ 18.  10.   6.]
 [  8.  16.  10.]
 [ 13.  11.   8.]]
cf_score, 23.0
nv_score, -14.0
ratio, 0.424242424242
[[ 22.   7.   6.]
 [  6.  19.   5.]
 [ 10.  20.   5.]]
cf_score, 30.0
nv_score, -12.0
ratio, 0.464646464646
[[ 15.   8.   6.]
 [ 11.  23.   5.]
 [ 13.   7.  12.]]
cf_score, 31.0
nv_score, -5.0
ratio, 0.505050505051
[[ 21.  11.   5.]
 [  7.  16.   6.]
 [ 16.   7.  11.]]
cf_score, 27.0
nv_score, -5.0
ratio, 0.484848484848
[[ 26.   8.   4.]
 [  6.  18.  12.]
 [  9.   8.   9.]]
cf_score, 40.0
nv_score, -11.0
ratio, 0.535353535354
[[ 16.   7.   6.]
 [ 10.  22.   7.]
 [ 13.   8.  11.]]
cf_score, 30.0
nv_score, -8.0
ratio, 0.494949494949
[[ 12.   9.  10.]
 [  4.  20.  11.]
 [ 12.   7.  15.]]
cf_score, 25.0
nv_score, -16.0
ratio, 0.474747474747
[[ 12.   8.   9.]
 [  9.  16.  11.]
 [ 14.  10.  11.]]
cf_score, 16.0
nv_score, -18.0
ratio, 0.393939393939
[[ 17.   7.   7.]
 [  8.  22.   7.]
 [ 16.  10.   6.]]
cf_score, 22.0
nv_score, -15.0
ratio, 0.454545454545
[[ 18.   7.   5.]
 [  3.  22.   5.]
 [ 11.  13.  16.]]
cf_score, 40.0
nv_score, 1.0
ratio, 0.565656565657
[[ 20.   6.   7.]
 [  8.  26.   4.]
 [ 11.   9.   9.]]
cf_score, 37.0
nv_score, -9.0
ratio, 0.555555555556
[[ 23.   8.   8.]
 [  7.  20.   6.]
 [  9.  11.   8.]]
cf_score, 34.0
nv_score, -14.0
ratio, 0.515151515152
[[ 10.  11.   6.]
 [  1.  32.   6.]
 [  5.  24.   5.]]
cf_score, 36.0
nv_score, -13.0
ratio, 0.474747474747
[[ 13.   8.  13.]
 [  3.  20.   9.]
 [ 11.  11.  12.]]
cf_score, 21.0
nv_score, -23.0
ratio, 0.454545454545
[[ 19.  15.   6.]
 [  5.  16.   5.]
 [ 12.  12.  10.]]
cf_score, 27.0
nv_score, -7.0
ratio, 0.454545454545
[[ 16.  13.  11.]
 [  6.  17.  12.]
 [  5.   8.  12.]]
cf_score, 29.0
nv_score, -22.0
ratio, 0.454545454545
[[ 18.  14.   7.]
 [  9.  15.   9.]
 [ 17.   2.   9.]]
cf_score, 18.0
nv_score, -14.0
ratio, 0.424242424242
[[ 18.   6.   4.]
 [  6.  19.   7.]
 [ 17.  11.  12.]]
cf_score, 28.0
nv_score, -3.0
ratio, 0.494949494949
[[ 20.  14.   4.]
 [  4.  20.   8.]
 [ 11.  14.   5.]]
cf_score, 30.0
nv_score, -11.0
ratio, 0.454545454545
[[ 15.  12.   8.]
 [  4.  19.   7.]
 [  9.  13.  13.]]
cf_score, 30.0
nv_score, -10.0
ratio, 0.474747474747
[[ 18.  14.   6.]
 [  3.  17.   6.]
 [ 11.  11.  14.]]
cf_score, 32.0
nv_score, -4.0
ratio, 0.494949494949
[[ 24.   6.   9.]
 [ 12.  17.   7.]
 [ 12.   7.   6.]]
cf_score, 26.0
nv_score, -19.0
ratio, 0.474747474747
[[ 15.  14.   8.]
 [  5.  18.  16.]
 [  6.   5.  13.]]
cf_score, 32.0
nv_score, -19.0
ratio, 0.464646464646
[[ 12.  14.   7.]
 [  5.  22.   8.]
 [ 16.   5.  11.]]
cf_score, 22.0
nv_score, -11.0
ratio, 0.454545454545
