[[  0.  17.  14.]
 [  4.  14.  16.]
 [  7.  13.  15.]]
cf_score, 8.0
nv_score, -29.0
ratio, 0.292929292929
[[ 17.   7.   5.]
 [ 16.   2.  11.]
 [ 10.  10.  22.]]
cf_score, 26.0
nv_score, 1.0
ratio, 0.414141414141
[[ 12.   4.   8.]
 [ 18.   7.  19.]
 [ 10.   8.  14.]]
cf_score, 15.0
nv_score, -21.0
ratio, 0.333333333333
[[ 10.   5.   8.]
 [ 14.   7.  12.]
 [ 11.  15.  18.]]
cf_score, 16.0
nv_score, -10.0
ratio, 0.353535353535
[[ 16.   5.   7.]
 [ 16.   6.   9.]
 [ 10.  10.  21.]]
cf_score, 26.0
nv_score, -2.0
ratio, 0.434343434343
[[ 10.   4.  13.]
 [ 16.  11.  11.]
 [ 11.   8.  16.]]
cf_score, 13.0
nv_score, -21.0
ratio, 0.373737373737
[[ 18.  12.   8.]
 [ 11.  12.   6.]
 [ 13.   5.  15.]]
cf_score, 24.0
nv_score, -7.0
ratio, 0.454545454545
[[  6.   8.   7.]
 [ 10.  10.   7.]
 [ 10.  21.  21.]]
cf_score, 20.0
nv_score, 0.0
ratio, 0.373737373737
[[ 13.   4.   3.]
 [ 12.  13.  11.]
 [  9.  16.  19.]]
cf_score, 33.0
nv_score, 2.0
ratio, 0.454545454545
[[ 12.   8.   8.]
 [  8.  12.  12.]
 [  1.  12.  27.]]
cf_score, 42.0
nv_score, -1.0
ratio, 0.515151515152
[[ 17.   7.   8.]
 [  8.  21.   9.]
 [  6.  10.  14.]]
cf_score, 38.0
nv_score, -11.0
ratio, 0.525252525253
[[ 11.   7.   7.]
 [ 10.  18.   9.]
 [  6.  16.  16.]]
cf_score, 32.0
nv_score, -7.0
ratio, 0.454545454545
[[ 15.  12.  12.]
 [ 15.   5.  10.]
 [  4.  15.  12.]]
cf_score, 16.0
nv_score, -22.0
ratio, 0.323232323232
[[ 16.   7.   6.]
 [ 20.   8.   4.]
 [  6.  14.  19.]]
cf_score, 31.0
nv_score, 3.0
ratio, 0.434343434343
[[ 10.   4.  10.]
 [  6.   8.   8.]
 [  4.  21.  29.]]
cf_score, 33.0
nv_score, 1.0
ratio, 0.474747474747
[[ 16.   9.   3.]
 [ 13.  11.   8.]
 [  6.  14.  20.]]
cf_score, 38.0
nv_score, 6.0
ratio, 0.474747474747
[[ 12.  11.   9.]
 [  4.  12.   7.]
 [  8.  15.  22.]]
cf_score, 29.0
nv_score, -3.0
ratio, 0.464646464646
[[ 14.  14.   8.]
 [  9.   9.  11.]
 [  5.  13.  17.]]
cf_score, 27.0
nv_score, -10.0
ratio, 0.40404040404
[[ 16.   3.   6.]
 [  7.  17.  10.]
 [  4.  18.  19.]]
cf_score, 42.0
nv_score, -3.0
ratio, 0.525252525253
[[ 12.  12.   6.]
 [ 12.  15.  10.]
 [  4.  13.  16.]]
cf_score, 33.0
nv_score, -6.0
ratio, 0.434343434343
[[  7.   6.  10.]
 [  7.  16.  12.]
 [  4.  15.  23.]]
cf_score, 32.0
nv_score, -9.0
ratio, 0.464646464646
[[  8.  12.   8.]
 [ 11.   9.  12.]
 [  6.  18.  16.]]
cf_score, 19.0
nv_score, -12.0
ratio, 0.333333333333
[[ 13.   5.   9.]
 [ 14.   7.   7.]
 [ 11.  14.  20.]]
cf_score, 20.0
nv_score, -5.0
ratio, 0.40404040404
[[ 11.  12.   2.]
 [ 11.  16.   9.]
 [  6.  10.  23.]]
cf_score, 42.0
nv_score, 10.0
ratio, 0.505050505051
[[ 14.  14.   5.]
 [  7.  16.   8.]
 [  9.  14.  13.]]
cf_score, 29.0
nv_score, -5.0
ratio, 0.434343434343
[[ 11.  11.   4.]
 [  6.  14.  15.]
 [  5.  15.  19.]]
cf_score, 35.0
nv_score, -4.0
ratio, 0.444444444444
[[ 12.   5.   6.]
 [  7.  18.   9.]
 [  8.  12.  23.]]
cf_score, 39.0
nv_score, 2.0
ratio, 0.535353535354
[[ 13.   5.   4.]
 [  9.  23.   5.]
 [ 10.  12.  19.]]
cf_score, 41.0
nv_score, 6.0
ratio, 0.555555555556
[[ 11.  12.   4.]
 [ 15.  10.  10.]
 [  6.  11.  21.]]
cf_score, 32.0
nv_score, 3.0
ratio, 0.424242424242
[[ 10.  12.   5.]
 [ 10.  16.   6.]
 [  3.  22.  16.]]
cf_score, 34.0
nv_score, 0.0
ratio, 0.424242424242
[[ 13.  14.   7.]
 [  7.  13.   3.]
 [  5.  16.  22.]]
cf_score, 36.0
nv_score, 5.0
ratio, 0.484848484848
[[ 17.  11.   3.]
 [ 11.  16.   7.]
 [  7.  14.  14.]]
cf_score, 37.0
nv_score, 1.0
ratio, 0.474747474747
[[ 11.   5.   5.]
 [ 16.  11.   6.]
 [  6.  21.  19.]]
cf_score, 30.0
nv_score, 3.0
ratio, 0.414141414141
[[ 16.  10.   5.]
 [ 12.  15.   7.]
 [  8.  15.  12.]]
cf_score, 30.0
nv_score, -5.0
ratio, 0.434343434343
[[ 11.   9.   7.]
 [  7.  17.   8.]
 [  7.  19.  15.]]
cf_score, 29.0
nv_score, -7.0
ratio, 0.434343434343
[[ 10.  17.   2.]
 [ 10.   7.   9.]
 [  4.  13.  28.]]
cf_score, 39.0
nv_score, 15.0
ratio, 0.454545454545
[[ 11.  15.   3.]
 [ 13.  12.   3.]
 [ 10.  19.  14.]]
cf_score, 24.0
nv_score, 5.0
ratio, 0.373737373737
[[ 16.   8.   7.]
 [  7.  20.   3.]
 [  2.  17.  20.]]
cf_score, 47.0
nv_score, 3.0
ratio, 0.565656565657
[[ 17.   9.   6.]
 [ 11.   8.   7.]
 [  4.  13.  25.]]
cf_score, 40.0
nv_score, 6.0
ratio, 0.505050505051
[[ 13.  12.   5.]
 [ 10.  16.   9.]
 [  7.  14.  14.]]
cf_score, 31.0
nv_score, -5.0
ratio, 0.434343434343
[[ 22.  16.   6.]
 [ 10.  13.   6.]
 [  2.   9.  16.]]
cf_score, 43.0
nv_score, -2.0
ratio, 0.515151515152
[[ 10.   9.   6.]
 [  8.  12.  13.]
 [  5.  16.  21.]]
cf_score, 32.0
nv_score, -4.0
ratio, 0.434343434343
[[ 15.   5.   7.]
 [ 10.  16.   6.]
 [  6.  15.  20.]]
cf_score, 38.0
nv_score, 0.0
ratio, 0.515151515152
[[ 14.  11.   7.]
 [  9.  12.   6.]
 [  6.  15.  20.]]
cf_score, 33.0
nv_score, 0.0
ratio, 0.464646464646
[[ 14.   5.   4.]
 [ 13.  14.   9.]
 [ 10.  10.  21.]]
cf_score, 35.0
nv_score, 4.0
ratio, 0.494949494949
[[ 11.  10.   5.]
 [ 10.  22.   2.]
 [  9.  11.  20.]]
cf_score, 39.0
nv_score, 8.0
ratio, 0.535353535354
[[ 13.  10.   7.]
 [  8.  19.   9.]
 [  6.   9.  19.]]
cf_score, 38.0
nv_score, -4.0
ratio, 0.515151515152
[[  5.   6.   3.]
 [ 17.  17.   4.]
 [ 12.  23.  13.]]
cf_score, 20.0
nv_score, 3.0
ratio, 0.353535353535
[[ 16.   9.   1.]
 [  8.  14.   6.]
 [ 10.  18.  18.]]
cf_score, 37.0
nv_score, 10.0
ratio, 0.484848484848
[[ 12.   7.   6.]
 [ 11.  13.   6.]
 [  5.  17.  23.]]
cf_score, 37.0
nv_score, 5.0
ratio, 0.484848484848
