[[ 28.   0.   0.]
 [ 37.   0.   0.]
 [ 35.   0.   0.]]
cf_score, -7.0
ratio, 0.282828282828
[[  0.  16.  12.]
 [  0.  16.   8.]
 [  2.  30.  16.]]
cf_score, 18.0
ratio, 0.323232323232
[[  0.  15.  13.]
 [  0.  25.  11.]
 [  3.  13.  20.]]
cf_score, 29.0
ratio, 0.454545454545
[[  0.  15.   7.]
 [  0.  22.  18.]
 [  0.  21.  17.]]
cf_score, 32.0
ratio, 0.393939393939
[[  0.  11.  13.]
 [  0.  24.  10.]
 [  0.  17.  25.]]
cf_score, 36.0
ratio, 0.494949494949
[[  0.  12.  10.]
 [  0.  22.   5.]
 [  0.  29.  22.]]
cf_score, 34.0
ratio, 0.444444444444
[[  1.   9.   8.]
 [  4.  24.  15.]
 [  2.  20.  17.]]
cf_score, 32.0
ratio, 0.424242424242
[[  4.   9.  17.]
 [  7.  11.  13.]
 [  8.  11.  20.]]
cf_score, 10.0
ratio, 0.353535353535
[[ 18.   0.   9.]
 [ 22.   0.  12.]
 [ 16.   0.  23.]]
cf_score, 16.0
ratio, 0.414141414141
[[ 24.   0.   3.]
 [ 29.   0.   5.]
 [ 20.   0.  19.]]
cf_score, 20.0
ratio, 0.434343434343
[[ 21.   0.   6.]
 [ 20.   0.   9.]
 [ 28.   0.  16.]]
cf_score, 3.0
ratio, 0.373737373737
[[ 15.   0.   5.]
 [ 27.   0.  12.]
 [ 25.   0.  16.]]
cf_score, 1.0
ratio, 0.313131313131
[[ 14.   0.   8.]
 [ 22.   0.  13.]
 [ 23.   0.  20.]]
cf_score, 3.0
ratio, 0.343434343434
[[ 10.   3.   9.]
 [ 24.   1.  10.]
 [ 14.   7.  22.]]
cf_score, 10.0
ratio, 0.333333333333
[[ 14.   7.  10.]
 [ 18.   0.  10.]
 [ 13.   6.  22.]]
cf_score, 13.0
ratio, 0.363636363636
[[ 18.   0.   3.]
 [ 37.   0.  10.]
 [ 14.   0.  18.]]
cf_score, 19.0
ratio, 0.363636363636
[[ 13.   3.   4.]
 [ 20.   3.   4.]
 [ 19.   9.  25.]]
cf_score, 18.0
ratio, 0.414141414141
[[ 19.   4.   6.]
 [ 22.   0.   8.]
 [ 27.   2.  12.]]
cf_score, -2.0
ratio, 0.313131313131
[[ 12.   8.   6.]
 [ 16.   7.  13.]
 [ 18.   3.  17.]]
cf_score, 12.0
ratio, 0.363636363636
[[  8.   5.   6.]
 [ 18.   7.  10.]
 [ 20.   7.  19.]]
cf_score, 8.0
ratio, 0.343434343434
[[ 12.   8.   9.]
 [ 20.   6.  13.]
 [ 11.   6.  15.]]
cf_score, 13.0
ratio, 0.333333333333
[[  6.   8.  11.]
 [ 11.  16.   8.]
 [  7.  15.  18.]]
cf_score, 22.0
ratio, 0.40404040404
[[ 12.  10.   5.]
 [ 20.   3.   9.]
 [ 12.  12.  17.]]
cf_score, 15.0
ratio, 0.323232323232
[[  9.   8.   4.]
 [ 19.   7.  11.]
 [ 11.  15.  16.]]
cf_score, 17.0
ratio, 0.323232323232
[[ 12.  10.   3.]
 [ 12.   8.  14.]
 [  6.  14.  21.]]
cf_score, 32.0
ratio, 0.414141414141
[[  6.  13.   5.]
 [ 22.   9.  11.]
 [ 10.   6.  18.]]
cf_score, 18.0
ratio, 0.333333333333
[[  7.   7.   6.]
 [ 12.  18.  16.]
 [  9.  14.  11.]]
cf_score, 21.0
ratio, 0.363636363636
[[  8.   8.   8.]
 [ 14.  18.   8.]
 [  7.  15.  14.]]
cf_score, 25.0
ratio, 0.40404040404
[[  7.  10.   7.]
 [ 13.  17.  11.]
 [  8.  15.  12.]]
cf_score, 21.0
ratio, 0.363636363636
[[  8.   6.   7.]
 [  9.  12.  12.]
 [  6.  18.  22.]]
cf_score, 29.0
ratio, 0.424242424242
[[  7.   9.   7.]
 [ 15.  17.   7.]
 [ 11.  10.  17.]]
cf_score, 23.0
ratio, 0.414141414141
[[  5.   3.  13.]
 [  3.  14.  17.]
 [  6.  17.  22.]]
cf_score, 22.0
ratio, 0.414141414141
[[ 14.  10.   1.]
 [ 17.   8.   9.]
 [ 14.  12.  15.]]
cf_score, 22.0
ratio, 0.373737373737
[[  8.  13.   7.]
 [  9.  14.  15.]
 [  8.  11.  15.]]
cf_score, 22.0
ratio, 0.373737373737
[[  8.  15.   5.]
 [ 14.  13.   9.]
 [ 10.  10.  16.]]
cf_score, 22.0
ratio, 0.373737373737
[[ 11.   7.   9.]
 [ 14.  19.   6.]
 [  8.  15.  11.]]
cf_score, 24.0
ratio, 0.414141414141
[[  9.   7.   7.]
 [ 13.  22.   9.]
 [  6.   8.  19.]]
cf_score, 37.0
ratio, 0.505050505051
[[ 10.  12.   3.]
 [  6.  16.  13.]
 [ 15.  11.  14.]]
cf_score, 22.0
ratio, 0.40404040404
[[ 10.  11.   7.]
 [  7.  17.   8.]
 [ 13.  11.  16.]]
cf_score, 23.0
ratio, 0.434343434343
[[  8.   5.   9.]
 [  9.  13.  15.]
 [  2.  18.  21.]]
cf_score, 31.0
ratio, 0.424242424242
[[  6.  10.   8.]
 [  9.  18.  10.]
 [  7.  12.  20.]]
cf_score, 29.0
ratio, 0.444444444444
[[  8.  14.   5.]
 [  6.  19.   7.]
 [  9.  19.  13.]]
cf_score, 26.0
ratio, 0.40404040404
[[  8.   7.   5.]
 [ 13.  21.   3.]
 [ 11.  18.  14.]]
cf_score, 27.0
ratio, 0.434343434343
[[  7.  16.  10.]
 [  7.  21.  12.]
 [ 10.  11.   6.]]
cf_score, 14.0
ratio, 0.343434343434
[[  9.  15.   6.]
 [  8.  15.  14.]
 [  5.  17.  11.]]
cf_score, 24.0
ratio, 0.353535353535
[[  7.  15.   5.]
 [  6.  13.  11.]
 [  5.  26.  12.]]
cf_score, 22.0
ratio, 0.323232323232
[[  9.  15.   7.]
 [  9.  22.   7.]
 [  8.  11.  12.]]
cf_score, 28.0
ratio, 0.434343434343
[[  5.  14.   4.]
 [  5.  26.   6.]
 [  7.  21.  12.]]
cf_score, 32.0
ratio, 0.434343434343
[[  7.  10.   8.]
 [  8.  18.   3.]
 [  8.  27.  11.]]
cf_score, 20.0
ratio, 0.363636363636
[[ 11.  14.   8.]
 [  8.  15.  13.]
 [  2.  13.  16.]]
cf_score, 32.0
ratio, 0.424242424242
[[  7.   9.  12.]
 [  8.  16.   9.]
 [  0.  25.  14.]]
cf_score, 25.0
ratio, 0.373737373737
[[  7.  12.   8.]
 [  6.  21.   6.]
 [  4.  23.  13.]]
cf_score, 29.0
ratio, 0.414141414141
[[  9.   9.   8.]
 [ 12.  14.   9.]
 [ 12.  19.   8.]]
cf_score, 11.0
ratio, 0.313131313131
[[  6.  12.  10.]
 [  6.  15.   8.]
 [  2.  17.  24.]]
cf_score, 33.0
ratio, 0.454545454545
[[ 10.  10.   4.]
 [ 11.  13.   9.]
 [ 18.  10.  15.]]
cf_score, 16.0
ratio, 0.383838383838
[[  8.   8.   6.]
 [  7.  23.   5.]
 [  6.  23.  14.]]
cf_score, 33.0
ratio, 0.454545454545
[[  4.  10.   6.]
 [  9.  25.   8.]
 [  3.  16.  19.]]
cf_score, 39.0
ratio, 0.484848484848
[[ 10.   8.   6.]
 [ 13.  11.   9.]
 [  9.  21.  13.]]
cf_score, 19.0
ratio, 0.343434343434
[[  5.  17.   7.]
 [ 10.  18.   6.]
 [  4.  18.  15.]]
cf_score, 27.0
ratio, 0.383838383838
[[  7.   9.   9.]
 [  7.  25.   7.]
 [  4.  21.  11.]]
cf_score, 30.0
ratio, 0.434343434343
[[  6.   6.   6.]
 [  4.  26.  12.]
 [  4.  22.  14.]]
cf_score, 36.0
ratio, 0.464646464646
[[  4.  16.  12.]
 [  3.  20.  12.]
 [  3.  17.  13.]]
cf_score, 22.0
ratio, 0.373737373737
[[  8.  10.   8.]
 [  7.  26.   9.]
 [  4.  17.  11.]]
cf_score, 33.0
ratio, 0.454545454545
[[  6.  12.   8.]
 [  5.  18.  11.]
 [  2.  15.  23.]]
cf_score, 37.0
ratio, 0.474747474747
[[  8.  11.   6.]
 [ 12.  14.   9.]
 [ 11.  15.  14.]]
cf_score, 19.0
ratio, 0.363636363636
[[  7.  11.   6.]
 [ 13.  13.  15.]
 [  9.  12.  14.]]
cf_score, 19.0
ratio, 0.343434343434
[[  8.  14.   7.]
 [  4.  23.   7.]
 [  4.  20.  13.]]
cf_score, 33.0
ratio, 0.444444444444
[[  4.  14.   5.]
 [  6.  30.  11.]
 [  6.  16.   8.]]
cf_score, 31.0
ratio, 0.424242424242
[[  7.  11.   4.]
 [  9.  22.   3.]
 [ 11.  19.  14.]]
cf_score, 28.0
ratio, 0.434343434343
[[  4.  16.   5.]
 [  5.  24.   6.]
 [  8.  18.  14.]]
cf_score, 29.0
ratio, 0.424242424242
[[  7.  12.  11.]
 [  5.  17.   7.]
 [  5.  17.  19.]]
cf_score, 27.0
ratio, 0.434343434343
[[  8.  15.   7.]
 [  6.  25.   5.]
 [  5.  20.   9.]]
cf_score, 30.0
ratio, 0.424242424242
[[  4.  12.   5.]
 [  9.  20.   7.]
 [  8.  19.  16.]]
cf_score, 27.0
ratio, 0.40404040404
[[ 12.  10.   6.]
 [ 11.  15.   5.]
 [  8.  22.  11.]]
cf_score, 24.0
ratio, 0.383838383838
[[  3.  10.  10.]
 [  5.  19.   6.]
 [  7.  25.  15.]]
cf_score, 20.0
ratio, 0.373737373737
[[  6.  13.  14.]
 [  3.  22.  13.]
 [  2.  11.  16.]]
cf_score, 28.0
ratio, 0.444444444444
[[  6.  18.   8.]
 [  3.  24.   8.]
 [  2.  21.  10.]]
cf_score, 30.0
ratio, 0.40404040404
[[  4.  10.   8.]
 [  6.  14.  19.]
 [  4.  15.  20.]]
cf_score, 26.0
ratio, 0.383838383838
[[  9.   8.   3.]
 [ 10.  18.   9.]
 [  9.  16.  18.]]
cf_score, 33.0
ratio, 0.454545454545
[[  7.  11.   8.]
 [ 10.  13.  10.]
 [  2.  24.  15.]]
cf_score, 25.0
ratio, 0.353535353535
[[ 10.  10.   9.]
 [ 10.  13.  12.]
 [ 14.  12.  10.]]
cf_score, 10.0
ratio, 0.333333333333
[[  7.   5.   8.]
 [ 21.  18.   8.]
 [ 12.   8.  13.]]
cf_score, 18.0
ratio, 0.383838383838
[[  7.   9.   5.]
 [ 15.  16.  13.]
 [  7.  18.  10.]]
cf_score, 21.0
ratio, 0.333333333333
[[  5.   6.   9.]
 [ 13.  14.   9.]
 [ 11.  17.  16.]]
cf_score, 15.0
ratio, 0.353535353535
[[  7.  13.   3.]
 [ 13.  23.   8.]
 [  5.  17.  11.]]
cf_score, 33.0
ratio, 0.414141414141
[[ 14.   6.   9.]
 [ 17.  13.   9.]
 [  9.  13.  10.]]
cf_score, 19.0
ratio, 0.373737373737
[[  8.   9.   8.]
 [ 15.   7.   7.]
 [ 13.  22.  11.]]
cf_score, 5.0
ratio, 0.262626262626
[[  6.   9.   3.]
 [ 23.  12.   5.]
 [ 15.  12.  15.]]
cf_score, 15.0
ratio, 0.333333333333
[[  8.  11.  13.]
 [  9.  15.   8.]
 [ 12.  11.  13.]]
cf_score, 11.0
ratio, 0.363636363636
[[  9.   6.   6.]
 [ 14.  17.  10.]
 [  9.  16.  13.]]
cf_score, 24.0
ratio, 0.393939393939
[[ 16.   1.   2.]
 [ 15.  17.   6.]
 [  7.  16.  20.]]
cf_score, 44.0
ratio, 0.535353535354
[[  7.   7.   8.]
 [ 14.  23.   5.]
 [  7.  10.  19.]]
cf_score, 34.0
ratio, 0.494949494949
[[ 19.   5.   4.]
 [ 10.  23.   8.]
 [  9.  14.   8.]]
cf_score, 37.0
ratio, 0.505050505051
[[  6.   7.  15.]
 [ 14.  15.   5.]
 [  8.  18.  12.]]
cf_score, 10.0
ratio, 0.333333333333
[[  7.   8.   7.]
 [  9.  17.   7.]
 [  7.  20.  18.]]
cf_score, 28.0
ratio, 0.424242424242
[[ 14.   9.   4.]
 [ 18.  16.   2.]
 [  9.  19.   9.]]
cf_score, 26.0
ratio, 0.393939393939
[[ 12.   9.   6.]
 [ 15.  15.   4.]
 [  6.  16.  17.]]
cf_score, 32.0
ratio, 0.444444444444
[[ 11.  11.   4.]
 [ 12.  19.  13.]
 [  7.  15.   8.]]
cf_score, 27.0
ratio, 0.383838383838
[[ 11.   8.   5.]
 [  9.  20.   2.]
 [ 19.  18.   8.]]
cf_score, 15.0
ratio, 0.393939393939
[[ 12.   6.   4.]
 [  9.  24.   5.]
 [ 13.  15.  12.]]
cf_score, 31.0
ratio, 0.484848484848
