[[ 20.   1.   0.]
 [ 16.  16.   0.]
 [ 32.  15.   0.]]
cf_score, 4.0
nv_score, 0.0
ratio, 0.363636363636
[[ 19.  16.   0.]
 [ 16.  13.   3.]
 [ 21.  11.   1.]]
cf_score, 12.0
nv_score, -2.0
ratio, 0.333333333333
[[ 29.   8.   0.]
 [ 16.  14.   1.]
 [ 29.   3.   0.]]
cf_score, 14.0
nv_score, -1.0
ratio, 0.434343434343
[[ 34.  13.   1.]
 [ 14.  15.   0.]
 [ 14.   8.   1.]]
cf_score, 35.0
nv_score, -1.0
ratio, 0.505050505051
[[ 22.  10.   1.]
 [ 16.  11.   2.]
 [ 22.  12.   4.]]
cf_score, 14.0
nv_score, 0.0
ratio, 0.373737373737
[[ 16.  12.   5.]
 [ 14.  14.   4.]
 [ 17.  14.   4.]]
cf_score, 12.0
nv_score, -10.0
ratio, 0.343434343434
[[ 27.  12.   2.]
 [  8.  12.   4.]
 [ 19.  13.   3.]]
cf_score, 21.0
nv_score, -5.0
ratio, 0.424242424242
[[ 22.  12.   0.]
 [ 15.  22.   0.]
 [ 15.  14.   0.]]
cf_score, 29.0
nv_score, 0.0
ratio, 0.444444444444
[[ 27.   8.   2.]
 [ 22.   8.   2.]
 [ 26.   4.   1.]]
cf_score, 8.0
nv_score, -5.0
ratio, 0.363636363636
[[ 26.   7.   0.]
 [ 11.  18.   1.]
 [ 24.  12.   1.]]
cf_score, 21.0
nv_score, 0.0
ratio, 0.454545454545
[[ 17.   2.   3.]
 [ 12.  18.   8.]
 [ 20.  15.   5.]]
cf_score, 17.0
nv_score, -9.0
ratio, 0.40404040404
[[ 20.   6.   2.]
 [ 10.  26.   7.]
 [ 16.   7.   6.]]
cf_score, 34.0
nv_score, -5.0
ratio, 0.525252525253
[[ 19.   7.   4.]
 [ 18.   9.   0.]
 [ 19.  17.   7.]]
cf_score, 12.0
nv_score, -1.0
ratio, 0.353535353535
[[ 22.   8.   1.]
 [ 11.  18.   3.]
 [ 16.  15.   6.]]
cf_score, 29.0
nv_score, 1.0
ratio, 0.464646464646
[[ 21.   8.   4.]
 [  7.  17.   3.]
 [ 11.  16.  13.]]
cf_score, 36.0
nv_score, 2.0
ratio, 0.515151515152
[[ 14.  18.   0.]
 [ 12.  22.   1.]
 [ 21.  12.   0.]]
cf_score, 15.0
nv_score, -1.0
ratio, 0.363636363636
[[  9.  17.   4.]
 [  8.  18.   2.]
 [ 23.  14.   5.]]
cf_score, 5.0
nv_score, -5.0
ratio, 0.323232323232
[[ 24.   8.   3.]
 [ 20.  16.   2.]
 [ 14.   9.   4.]]
cf_score, 27.0
nv_score, -4.0
ratio, 0.444444444444
[[ 22.  14.   1.]
 [ 18.  15.   1.]
 [ 16.  12.   1.]]
cf_score, 21.0
nv_score, -2.0
ratio, 0.383838383838
[[ 20.  15.   4.]
 [ 20.  13.   1.]
 [ 21.   5.   1.]]
cf_score, 9.0
nv_score, -8.0
ratio, 0.343434343434
[[ 23.  10.   0.]
 [ 11.  25.   0.]
 [ 15.  16.   0.]]
cf_score, 33.0
nv_score, 0.0
ratio, 0.484848484848
[[ 18.   9.   8.]
 [ 16.  10.   3.]
 [ 17.  14.   5.]]
cf_score, 8.0
nv_score, -14.0
ratio, 0.333333333333
[[ 23.   6.   7.]
 [ 11.  21.   4.]
 [ 10.   8.  10.]]
cf_score, 37.0
nv_score, -8.0
ratio, 0.545454545455
[[ 24.  13.   0.]
 [ 17.  20.   0.]
 [ 19.   7.   0.]]
cf_score, 25.0
nv_score, 0.0
ratio, 0.444444444444
[[ 19.   8.   0.]
 [ 10.  18.   0.]
 [ 24.  21.   0.]]
cf_score, 13.0
nv_score, 0.0
ratio, 0.373737373737
[[ 22.   7.   0.]
 [ 16.  16.   0.]
 [ 25.  11.   3.]]
cf_score, 16.0
nv_score, 3.0
ratio, 0.414141414141
[[ 21.   8.   5.]
 [  9.  16.   8.]
 [  7.  20.   6.]]
cf_score, 31.0
nv_score, -12.0
ratio, 0.434343434343
[[ 31.   8.   5.]
 [ 13.  13.   3.]
 [ 14.   9.   4.]]
cf_score, 29.0
nv_score, -9.0
ratio, 0.484848484848
[[ 12.   9.   9.]
 [ 10.  19.   9.]
 [  9.  13.  10.]]
cf_score, 23.0
nv_score, -17.0
ratio, 0.414141414141
[[ 20.  15.   0.]
 [ 18.  14.   2.]
 [ 26.   5.   0.]]
cf_score, 8.0
nv_score, -2.0
ratio, 0.343434343434
[[ 28.   5.   4.]
 [ 16.   8.   0.]
 [ 26.   8.   5.]]
cf_score, 11.0
nv_score, -3.0
ratio, 0.414141414141
[[ 11.  10.   8.]
 [ 13.  12.   8.]
 [  7.  15.  16.]]
cf_score, 24.0
nv_score, -8.0
ratio, 0.393939393939
[[ 17.  11.   6.]
 [  5.  17.   4.]
 [ 19.   9.  12.]]
cf_score, 21.0
nv_score, -4.0
ratio, 0.464646464646
[[ 29.   8.   0.]
 [ 13.  20.   1.]
 [ 17.  12.   0.]]
cf_score, 32.0
nv_score, -1.0
ratio, 0.494949494949
[[ 16.  15.   2.]
 [  9.  12.   7.]
 [ 23.  12.   4.]]
cf_score, 7.0
nv_score, -7.0
ratio, 0.323232323232
[[ 18.  12.   3.]
 [ 10.  17.  12.]
 [  7.  12.   9.]]
cf_score, 34.0
nv_score, -9.0
ratio, 0.444444444444
[[ 15.  11.   6.]
 [  7.  23.   4.]
 [  9.  17.   8.]]
cf_score, 31.0
nv_score, -8.0
ratio, 0.464646464646
[[ 19.   7.   4.]
 [ 24.  14.   1.]
 [ 22.   8.   1.]]
cf_score, 8.0
nv_score, -8.0
ratio, 0.343434343434
[[ 20.   6.   1.]
 [ 21.  18.   2.]
 [ 14.  14.   4.]]
cf_score, 27.0
nv_score, 0.0
ratio, 0.424242424242
[[ 24.  10.   4.]
 [  9.  18.   5.]
 [  8.  15.   7.]]
cf_score, 37.0
nv_score, -6.0
ratio, 0.494949494949
[[ 21.  10.   1.]
 [ 17.  18.   0.]
 [ 26.   7.   0.]]
cf_score, 12.0
nv_score, -2.0
ratio, 0.393939393939
[[ 17.  10.   2.]
 [ 15.  20.   2.]
 [ 24.   7.   3.]]
cf_score, 14.0
nv_score, -3.0
ratio, 0.40404040404
[[ 11.  16.   2.]
 [  7.  20.   6.]
 [ 18.  13.   7.]]
cf_score, 18.0
nv_score, -3.0
ratio, 0.383838383838
[[ 15.  16.   4.]
 [  9.  17.   5.]
 [ 16.  12.   6.]]
cf_score, 18.0
nv_score, -7.0
ratio, 0.383838383838
[[ 24.  12.   3.]
 [  6.  15.   2.]
 [ 14.  23.   1.]]
cf_score, 23.0
nv_score, -7.0
ratio, 0.40404040404
[[ 15.   9.   8.]
 [  8.  26.   6.]
 [ 12.   8.   8.]]
cf_score, 29.0
nv_score, -14.0
ratio, 0.494949494949
[[ 23.  11.   2.]
 [  8.  19.   3.]
 [ 18.  10.   6.]]
cf_score, 28.0
nv_score, -1.0
ratio, 0.484848484848
[[ 11.  10.   7.]
 [ 10.  13.   8.]
 [ 12.  14.  15.]]
cf_score, 20.0
nv_score, -7.0
ratio, 0.393939393939
[[ 18.  13.   1.]
 [ 17.  15.   0.]
 [ 20.  16.   0.]]
cf_score, 12.0
nv_score, -2.0
ratio, 0.333333333333
[[ 22.   7.   4.]
 [ 11.  15.   4.]
 [ 20.   9.   8.]]
cf_score, 21.0
nv_score, -4.0
ratio, 0.454545454545
