[[  0.  42.   0.]
 [  0.  58.   0.]
 [  0.   0.   0.]]
cf_score, 58.0
nv_score, 0.0
ratio, 0.585858585859
[[  0.  28.   0.]
 [  0.  72.   0.]
 [  0.   0.   0.]]
cf_score, 72.0
nv_score, 0.0
ratio, 0.727272727273
[[ 11.  26.   0.]
 [  5.  58.   0.]
 [  0.   0.   0.]]
cf_score, 69.0
nv_score, 0.0
ratio, 0.69696969697
[[ 16.  29.   0.]
 [  5.  50.   0.]
 [  0.   0.   0.]]
cf_score, 66.0
nv_score, 0.0
ratio, 0.666666666667
[[ 13.  27.   0.]
 [  5.  55.   0.]
 [  0.   0.   0.]]
cf_score, 68.0
nv_score, 0.0
ratio, 0.686868686869
[[ 15.  24.   0.]
 [  4.  57.   0.]
 [  0.   0.   0.]]
cf_score, 72.0
nv_score, 0.0
ratio, 0.727272727273
[[ 15.  27.   0.]
 [  7.  51.   0.]
 [  0.   0.   0.]]
cf_score, 66.0
nv_score, 0.0
ratio, 0.666666666667
[[ 11.  27.   0.]
 [ 10.  52.   0.]
 [  0.   0.   0.]]
cf_score, 63.0
nv_score, 0.0
ratio, 0.636363636364
[[ 12.  23.   0.]
 [  8.  57.   0.]
 [  0.   0.   0.]]
cf_score, 69.0
nv_score, 0.0
ratio, 0.69696969697
[[ 16.  33.   0.]
 [  5.  46.   0.]
 [  0.   0.   0.]]
cf_score, 62.0
nv_score, 0.0
ratio, 0.626262626263
[[ 15.  18.   0.]
 [  7.  60.   0.]
 [  0.   0.   0.]]
cf_score, 75.0
nv_score, 0.0
ratio, 0.757575757576
[[ 15.  27.   0.]
 [  7.  51.   0.]
 [  0.   0.   0.]]
cf_score, 66.0
nv_score, 0.0
ratio, 0.666666666667
[[ 14.  25.   0.]
 [ 12.  49.   0.]
 [  0.   0.   0.]]
cf_score, 63.0
nv_score, 0.0
ratio, 0.636363636364
[[  6.  22.   0.]
 [ 10.  62.   0.]
 [  0.   0.   0.]]
cf_score, 68.0
nv_score, 0.0
ratio, 0.686868686869
[[ 17.  27.   0.]
 [  7.  49.   0.]
 [  0.   0.   0.]]
cf_score, 66.0
nv_score, 0.0
ratio, 0.666666666667
[[ 12.  25.   0.]
 [ 10.  53.   0.]
 [  0.   0.   0.]]
cf_score, 65.0
nv_score, 0.0
ratio, 0.656565656566
[[ 12.  26.   0.]
 [  8.  54.   0.]
 [  0.   0.   0.]]
cf_score, 66.0
nv_score, 0.0
ratio, 0.666666666667
[[ 10.  25.   0.]
 [ 10.  55.   0.]
 [  0.   0.   0.]]
cf_score, 65.0
nv_score, 0.0
ratio, 0.656565656566
[[  9.  34.   0.]
 [  7.  50.   0.]
 [  0.   0.   0.]]
cf_score, 59.0
nv_score, 0.0
ratio, 0.59595959596
[[  7.  30.   0.]
 [  5.  58.   0.]
 [  0.   0.   0.]]
cf_score, 65.0
nv_score, 0.0
ratio, 0.656565656566
[[  9.  24.   0.]
 [  7.  60.   0.]
 [  0.   0.   0.]]
cf_score, 69.0
nv_score, 0.0
ratio, 0.69696969697
[[ 13.  24.   0.]
 [  5.  58.   0.]
 [  0.   0.   0.]]
cf_score, 71.0
nv_score, 0.0
ratio, 0.717171717172
[[ 16.  30.   0.]
 [  5.  49.   0.]
 [  0.   0.   0.]]
cf_score, 65.0
nv_score, 0.0
ratio, 0.656565656566
[[ 19.  29.   0.]
 [  8.  44.   0.]
 [  0.   0.   0.]]
cf_score, 63.0
nv_score, 0.0
ratio, 0.636363636364
[[ 10.  25.   0.]
 [  6.  59.   0.]
 [  0.   0.   0.]]
cf_score, 69.0
nv_score, 0.0
ratio, 0.69696969697
[[ 11.  32.   0.]
 [  1.  56.   0.]
 [  0.   0.   0.]]
cf_score, 67.0
nv_score, 0.0
ratio, 0.676767676768
[[ 12.  21.   0.]
 [  4.  63.   0.]
 [  0.   0.   0.]]
cf_score, 75.0
nv_score, 0.0
ratio, 0.757575757576
[[ 13.  26.   0.]
 [  6.  55.   0.]
 [  0.   0.   0.]]
cf_score, 68.0
nv_score, 0.0
ratio, 0.686868686869
[[ 16.  29.   0.]
 [ 12.  43.   0.]
 [  0.   0.   0.]]
cf_score, 59.0
nv_score, 0.0
ratio, 0.59595959596
[[ 12.  24.   0.]
 [  7.  57.   0.]
 [  0.   0.   0.]]
cf_score, 69.0
nv_score, 0.0
ratio, 0.69696969697
[[ 10.  23.   0.]
 [  9.  58.   0.]
 [  0.   0.   0.]]
cf_score, 68.0
nv_score, 0.0
ratio, 0.686868686869
[[ 12.  24.   0.]
 [ 19.  45.   0.]
 [  0.   0.   0.]]
cf_score, 57.0
nv_score, 0.0
ratio, 0.575757575758
[[ 15.  25.   0.]
 [ 11.  49.   0.]
 [  0.   0.   0.]]
cf_score, 64.0
nv_score, 0.0
ratio, 0.646464646465
[[ 20.  29.   0.]
 [  4.  47.   0.]
 [  0.   0.   0.]]
cf_score, 67.0
nv_score, 0.0
ratio, 0.676767676768
[[ 12.  26.   0.]
 [  9.  53.   0.]
 [  0.   0.   0.]]
cf_score, 65.0
nv_score, 0.0
ratio, 0.656565656566
[[ 12.  23.   0.]
 [  4.  61.   0.]
 [  0.   0.   0.]]
cf_score, 73.0
nv_score, 0.0
ratio, 0.737373737374
[[ 14.  23.   0.]
 [  7.  56.   0.]
 [  0.   0.   0.]]
cf_score, 70.0
nv_score, 0.0
ratio, 0.707070707071
[[ 16.  26.   0.]
 [ 10.  48.   0.]
 [  0.   0.   0.]]
cf_score, 64.0
nv_score, 0.0
ratio, 0.646464646465
[[ 10.  24.   0.]
 [  6.  60.   0.]
 [  0.   0.   0.]]
cf_score, 70.0
nv_score, 0.0
ratio, 0.707070707071
[[ 10.  19.   0.]
 [  2.  69.   0.]
 [  0.   0.   0.]]
cf_score, 79.0
nv_score, 0.0
ratio, 0.79797979798
[[ 15.  24.   0.]
 [ 13.  48.   0.]
 [  0.   0.   0.]]
cf_score, 63.0
nv_score, 0.0
ratio, 0.636363636364
[[ 13.  25.   0.]
 [  9.  53.   0.]
 [  0.   0.   0.]]
cf_score, 66.0
nv_score, 0.0
ratio, 0.666666666667
[[ 24.  18.   0.]
 [  9.  49.   0.]
 [  0.   0.   0.]]
cf_score, 73.0
nv_score, 0.0
ratio, 0.737373737374
[[ 13.  30.   0.]
 [ 10.  47.   0.]
 [  0.   0.   0.]]
cf_score, 60.0
nv_score, 0.0
ratio, 0.606060606061
[[ 14.  17.   0.]
 [  9.  60.   0.]
 [  0.   0.   0.]]
cf_score, 74.0
nv_score, 0.0
ratio, 0.747474747475
[[ 11.  22.   0.]
 [  7.  60.   0.]
 [  0.   0.   0.]]
cf_score, 71.0
nv_score, 0.0
ratio, 0.717171717172
[[ 12.  25.   0.]
 [ 10.  53.   0.]
 [  0.   0.   0.]]
cf_score, 65.0
nv_score, 0.0
ratio, 0.656565656566
[[ 10.  30.   0.]
 [  6.  54.   0.]
 [  0.   0.   0.]]
cf_score, 64.0
nv_score, 0.0
ratio, 0.646464646465
[[ 20.  25.   0.]
 [ 10.  45.   0.]
 [  0.   0.   0.]]
cf_score, 65.0
nv_score, 0.0
ratio, 0.656565656566
[[ 16.  24.   0.]
 [  6.  54.   0.]
 [  0.   0.   0.]]
cf_score, 70.0
nv_score, 0.0
ratio, 0.707070707071
