[[ 24.   0.   1.]
 [ 25.   0.   5.]
 [ 39.   0.   6.]]
cf_score, -10.0
nv_score, -1.0
ratio, 0.30303030303
[[ 36.   0.   0.]
 [ 29.   0.   2.]
 [ 28.   0.   5.]]
cf_score, 13.0
nv_score, 3.0
ratio, 0.414141414141
[[ 34.   0.   5.]
 [ 29.   0.   3.]
 [ 25.   0.   4.]]
cf_score, 8.0
nv_score, -9.0
ratio, 0.383838383838
[[ 28.   0.   3.]
 [ 26.   0.   3.]
 [ 38.   0.   2.]]
cf_score, -11.0
nv_score, -7.0
ratio, 0.30303030303
[[ 25.   0.   1.]
 [ 38.   0.   6.]
 [ 26.   0.   4.]]
cf_score, 2.0
nv_score, -4.0
ratio, 0.292929292929
[[ 33.   0.   2.]
 [ 30.   0.   4.]
 [ 28.   0.   3.]]
cf_score, 6.0
nv_score, -5.0
ratio, 0.363636363636
[[ 31.   0.   2.]
 [ 30.   0.   1.]
 [ 33.   0.   3.]]
cf_score, -1.0
nv_score, -2.0
ratio, 0.343434343434
[[ 33.   2.   3.]
 [ 24.   8.   7.]
 [ 19.   1.   3.]]
cf_score, 22.0
nv_score, -10.0
ratio, 0.444444444444
[[  0.  34.   1.]
 [  0.  27.   2.]
 [  0.  31.   5.]]
cf_score, 31.0
nv_score, 1.0
ratio, 0.323232323232
[[  0.  36.   1.]
 [  0.  31.   1.]
 [  0.  29.   2.]]
cf_score, 32.0
nv_score, -1.0
ratio, 0.333333333333
[[ 31.   0.   0.]
 [ 37.   0.   4.]
 [ 25.   0.   3.]]
cf_score, 9.0
nv_score, -1.0
ratio, 0.343434343434
[[ 26.   0.   3.]
 [ 36.   0.   2.]
 [ 31.   0.   2.]]
cf_score, -6.0
nv_score, -6.0
ratio, 0.282828282828
[[ 37.   0.   0.]
 [ 34.   0.   5.]
 [ 20.   0.   4.]]
cf_score, 21.0
nv_score, -1.0
ratio, 0.414141414141
[[ 31.   0.   1.]
 [ 22.   0.   4.]
 [ 39.   0.   3.]]
cf_score, -6.0
nv_score, -3.0
ratio, 0.343434343434
[[ 31.   0.   1.]
 [ 34.   0.   4.]
 [ 28.   0.   2.]]
cf_score, 4.0
nv_score, -4.0
ratio, 0.333333333333
[[ 36.   0.   1.]
 [ 28.   0.   2.]
 [ 29.   0.   4.]]
cf_score, 10.0
nv_score, 0.0
ratio, 0.40404040404
[[ 34.   0.   0.]
 [ 29.   0.   3.]
 [ 32.   0.   2.]]
cf_score, 4.0
nv_score, -1.0
ratio, 0.363636363636
[[  0.  30.   2.]
 [  0.  28.   1.]
 [  0.  34.   5.]]
cf_score, 31.0
nv_score, 0.0
ratio, 0.333333333333
[[ 29.   0.   1.]
 [ 25.   0.   2.]
 [ 39.   0.   4.]]
cf_score, -7.0
nv_score, 0.0
ratio, 0.333333333333
[[ 32.   1.   1.]
 [ 26.   8.   1.]
 [ 19.   5.   7.]]
cf_score, 27.0
nv_score, 4.0
ratio, 0.474747474747
[[  0.  22.   0.]
 [  0.  30.   4.]
 [  0.  39.   5.]]
cf_score, 35.0
nv_score, 1.0
ratio, 0.353535353535
[[ 25.   0.   2.]
 [ 41.   0.   1.]
 [ 26.   0.   5.]]
cf_score, 2.0
nv_score, 0.0
ratio, 0.30303030303
[[ 33.   0.   0.]
 [ 37.   0.   2.]
 [ 24.   0.   4.]]
cf_score, 13.0
nv_score, 2.0
ratio, 0.373737373737
[[  0.  28.   1.]
 [  0.  30.   5.]
 [  0.  32.   4.]]
cf_score, 33.0
nv_score, -3.0
ratio, 0.343434343434
[[  0.  31.   1.]
 [  0.  34.   0.]
 [  0.  32.   2.]]
cf_score, 35.0
nv_score, 0.0
ratio, 0.363636363636
[[ 43.   0.   1.]
 [ 33.   0.   0.]
 [ 22.   0.   1.]]
cf_score, 21.0
nv_score, -1.0
ratio, 0.444444444444
[[ 30.   0.   5.]
 [ 32.   0.   1.]
 [ 29.   0.   3.]]
cf_score, -1.0
nv_score, -8.0
ratio, 0.333333333333
[[ 29.   0.   3.]
 [ 30.   0.   2.]
 [ 31.   0.   5.]]
cf_score, 0.0
nv_score, -3.0
ratio, 0.343434343434
[[  0.  23.   2.]
 [  0.  34.   0.]
 [  0.  37.   4.]]
cf_score, 36.0
nv_score, 0.0
ratio, 0.383838383838
[[ 35.   0.   0.]
 [ 27.   0.   3.]
 [ 32.   0.   3.]]
cf_score, 6.0
nv_score, 0.0
ratio, 0.383838383838
[[ 37.   1.   2.]
 [ 32.   1.   3.]
 [ 21.   0.   3.]]
cf_score, 18.0
nv_score, -4.0
ratio, 0.414141414141
[[ 23.   0.   2.]
 [ 29.   0.   5.]
 [ 32.   0.   9.]]
cf_score, -2.0
nv_score, 0.0
ratio, 0.323232323232
[[  0.  26.   1.]
 [  0.  32.   1.]
 [  0.  38.   2.]]
cf_score, 33.0
nv_score, -1.0
ratio, 0.343434343434
[[ 28.   0.   0.]
 [ 25.   0.   5.]
 [ 34.   0.   8.]]
cf_score, 2.0
nv_score, 3.0
ratio, 0.363636363636
[[ 31.   0.   1.]
 [ 28.   0.   1.]
 [ 34.   0.   5.]]
cf_score, 1.0
nv_score, 2.0
ratio, 0.363636363636
[[ 32.   0.   3.]
 [ 35.   0.   2.]
 [ 23.   0.   5.]]
cf_score, 11.0
nv_score, -3.0
ratio, 0.373737373737
[[ 24.   0.   3.]
 [ 29.   0.   3.]
 [ 37.   0.   4.]]
cf_score, -12.0
nv_score, -5.0
ratio, 0.282828282828
[[ 23.   1.   3.]
 [ 37.   2.   4.]
 [ 25.   1.   4.]]
cf_score, 1.0
nv_score, -6.0
ratio, 0.292929292929
[[ 31.   0.   0.]
 [ 26.   0.   3.]
 [ 34.   0.   6.]]
cf_score, 3.0
nv_score, 3.0
ratio, 0.373737373737
[[ 22.   0.   0.]
 [ 38.   0.   0.]
 [ 39.   0.   1.]]
cf_score, -16.0
nv_score, 1.0
ratio, 0.232323232323
[[ 28.   0.   2.]
 [ 32.   0.   2.]
 [ 31.   0.   5.]]
cf_score, 0.0
nv_score, -1.0
ratio, 0.333333333333
[[ 23.   0.   1.]
 [ 37.   0.   1.]
 [ 33.   0.   5.]]
cf_score, -6.0
nv_score, 2.0
ratio, 0.282828282828
[[  0.  36.   3.]
 [  0.  30.   0.]
 [  0.  24.   7.]]
cf_score, 34.0
nv_score, 1.0
ratio, 0.373737373737
[[ 31.   0.   1.]
 [ 29.   2.   1.]
 [ 32.   0.   4.]]
cf_score, 4.0
nv_score, 1.0
ratio, 0.373737373737
[[ 31.   1.   1.]
 [ 35.   1.   0.]
 [ 29.   0.   2.]]
cf_score, 4.0
nv_score, 0.0
ratio, 0.343434343434
[[ 30.   0.   0.]
 [ 31.   0.   2.]
 [ 35.   0.   2.]]
cf_score, -3.0
nv_score, 0.0
ratio, 0.323232323232
[[ 31.   0.   0.]
 [ 34.   0.   0.]
 [ 29.   0.   6.]]
cf_score, 8.0
nv_score, 6.0
ratio, 0.373737373737
[[  0.  35.   0.]
 [  0.  25.   2.]
 [  0.  35.   3.]]
cf_score, 28.0
nv_score, 1.0
ratio, 0.282828282828
[[ 31.   0.   1.]
 [ 33.   0.   1.]
 [ 32.   0.   2.]]
cf_score, 0.0
nv_score, -1.0
ratio, 0.333333333333
[[ 32.   0.   2.]
 [ 36.   0.   1.]
 [ 27.   0.   2.]]
cf_score, 5.0
nv_score, -3.0
ratio, 0.343434343434
