[[ 22.   0.   0.]
 [ 47.   0.   0.]
 [ 31.   0.   0.]]
cf_score, -9.0
ratio, 0.222222222222
[[ 31.   0.   0.]
 [ 42.   0.   0.]
 [ 27.   0.   0.]]
cf_score, 4.0
ratio, 0.313131313131
[[ 26.   0.   4.]
 [ 30.   0.   1.]
 [ 34.   0.   5.]]
cf_score, -7.0
ratio, 0.313131313131
[[ 30.   0.   4.]
 [ 29.   0.   6.]
 [ 26.   0.   5.]]
cf_score, 5.0
ratio, 0.353535353535
[[ 14.   0.  13.]
 [ 35.   0.   5.]
 [ 19.   0.  14.]]
cf_score, -4.0
ratio, 0.282828282828
[[ 17.   1.  18.]
 [ 25.   1.   9.]
 [ 17.   0.  12.]]
cf_score, -5.0
ratio, 0.30303030303
[[ 18.   0.  15.]
 [ 23.   0.   5.]
 [ 18.   0.  21.]]
cf_score, 6.0
ratio, 0.393939393939
[[ 18.   0.   6.]
 [ 34.   1.   9.]
 [ 18.   0.  14.]]
cf_score, 9.0
ratio, 0.333333333333
[[ 21.   0.   9.]
 [ 29.   0.   8.]
 [ 19.   1.  13.]]
cf_score, 6.0
ratio, 0.343434343434
[[ 13.   0.  15.]
 [ 31.   1.  10.]
 [ 15.   2.  13.]]
cf_score, -3.0
ratio, 0.272727272727
[[ 17.   2.   8.]
 [ 35.   0.   9.]
 [ 16.   3.  10.]]
cf_score, 3.0
ratio, 0.272727272727
[[ 25.   0.   8.]
 [ 25.   0.  14.]
 [  9.   0.  19.]]
cf_score, 27.0
ratio, 0.444444444444
[[ 25.   3.   8.]
 [ 18.   3.  15.]
 [ 17.   3.   8.]]
cf_score, 11.0
ratio, 0.363636363636
[[ 18.   2.   7.]
 [ 35.   1.   7.]
 [ 19.   1.  10.]]
cf_score, 3.0
ratio, 0.292929292929
[[ 19.   0.   5.]
 [ 29.   2.  20.]
 [  7.   1.  17.]]
cf_score, 26.0
ratio, 0.383838383838
[[ 18.   2.  11.]
 [ 14.   2.  18.]
 [ 12.   1.  22.]]
cf_score, 19.0
ratio, 0.424242424242
[[ 17.   2.   4.]
 [ 36.   0.   6.]
 [ 23.   1.  11.]]
cf_score, 1.0
ratio, 0.282828282828
[[ 19.   6.   6.]
 [ 28.   0.  14.]
 [ 12.   4.  11.]]
cf_score, 12.0
ratio, 0.30303030303
[[ 22.   5.   8.]
 [ 25.   1.   9.]
 [ 14.   4.  12.]]
cf_score, 13.0
ratio, 0.353535353535
[[ 23.   0.   7.]
 [ 31.   0.   6.]
 [ 27.   0.   6.]]
cf_score, -5.0
ratio, 0.292929292929
[[ 13.   0.  14.]
 [ 19.   2.  24.]
 [ 10.   0.  18.]]
cf_score, 9.0
ratio, 0.333333333333
[[ 13.   1.  15.]
 [ 16.   5.  17.]
 [  7.   1.  25.]]
cf_score, 21.0
ratio, 0.434343434343
[[ 24.   0.  12.]
 [ 27.   0.  12.]
 [ 13.   1.  11.]]
cf_score, 10.0
ratio, 0.353535353535
[[ 17.   0.  13.]
 [ 30.   0.  11.]
 [ 11.   0.  18.]]
cf_score, 11.0
ratio, 0.353535353535
[[ 21.   1.   7.]
 [ 26.   1.   9.]
 [ 19.   4.  12.]]
cf_score, 8.0
ratio, 0.343434343434
[[ 13.   8.  13.]
 [ 17.   5.  15.]
 [  9.   3.  17.]]
cf_score, 13.0
ratio, 0.353535353535
[[ 21.   2.   8.]
 [ 20.   4.  10.]
 [ 12.   7.  16.]]
cf_score, 21.0
ratio, 0.414141414141
[[ 11.   7.  10.]
 [ 23.   3.  16.]
 [  8.   4.  18.]]
cf_score, 14.0
ratio, 0.323232323232
[[ 15.   2.   9.]
 [ 24.   3.  10.]
 [ 15.   5.  17.]]
cf_score, 11.0
ratio, 0.353535353535
[[ 34.   1.   3.]
 [ 29.   2.   2.]
 [ 24.   1.   4.]]
cf_score, 13.0
ratio, 0.40404040404
[[ 19.   1.  11.]
 [ 24.   0.  17.]
 [ 11.   3.  14.]]
cf_score, 11.0
ratio, 0.333333333333
[[ 27.   1.  12.]
 [ 26.   0.   9.]
 [ 13.   4.   8.]]
cf_score, 10.0
ratio, 0.353535353535
[[  9.  11.   9.]
 [ 25.   7.   9.]
 [  8.   6.  16.]]
cf_score, 15.0
ratio, 0.323232323232
[[ 18.   2.   7.]
 [ 29.   0.   8.]
 [ 17.   3.  16.]]
cf_score, 10.0
ratio, 0.343434343434
[[  9.   4.   8.]
 [ 18.  10.  12.]
 [ 10.   5.  24.]]
cf_score, 25.0
ratio, 0.434343434343
[[ 25.   2.   3.]
 [ 23.   3.   4.]
 [ 22.   6.  12.]]
cf_score, 15.0
ratio, 0.40404040404
[[  5.  11.   3.]
 [ 26.   4.  10.]
 [ 15.  11.  15.]]
cf_score, 6.0
ratio, 0.242424242424
[[ 18.   0.   6.]
 [ 31.   1.  16.]
 [ 12.   3.  13.]]
cf_score, 14.0
ratio, 0.323232323232
[[ 10.   7.  11.]
 [ 24.   9.   6.]
 [  4.   5.  24.]]
cf_score, 28.0
ratio, 0.434343434343
[[ 13.   0.  10.]
 [ 30.   0.  15.]
 [  9.   0.  23.]]
cf_score, 17.0
ratio, 0.363636363636
[[ 24.   4.   5.]
 [ 23.   0.  10.]
 [  7.   7.  20.]]
cf_score, 32.0
ratio, 0.444444444444
[[ 14.  12.   9.]
 [ 23.   1.   9.]
 [ 11.   8.  13.]]
cf_score, 8.0
ratio, 0.282828282828
[[ 18.   3.   7.]
 [ 22.   8.   4.]
 [  9.  12.  17.]]
cf_score, 27.0
ratio, 0.434343434343
[[ 12.   7.   6.]
 [ 29.   3.   7.]
 [ 23.   4.   9.]]
cf_score, -5.0
ratio, 0.242424242424
[[ 24.   1.   5.]
 [ 26.   1.  11.]
 [ 13.   2.  17.]]
cf_score, 24.0
ratio, 0.424242424242
[[  7.   9.  14.]
 [ 17.  13.  11.]
 [  5.   7.  17.]]
cf_score, 18.0
ratio, 0.373737373737
[[ 18.   2.   7.]
 [ 29.   0.  16.]
 [  4.   5.  19.]]
cf_score, 26.0
ratio, 0.373737373737
[[ 12.   4.   7.]
 [ 38.   5.   9.]
 [  8.  10.   7.]]
cf_score, 9.0
ratio, 0.242424242424
[[ 12.  10.   7.]
 [ 17.  13.   7.]
 [ 14.   4.  16.]]
cf_score, 20.0
ratio, 0.414141414141
[[ 17.  11.   6.]
 [ 14.  10.  15.]
 [  9.   3.  15.]]
cf_score, 27.0
ratio, 0.424242424242
[[ 14.  11.  11.]
 [ 12.   8.  12.]
 [  8.   8.  16.]]
cf_score, 19.0
ratio, 0.383838383838
[[ 13.   8.   8.]
 [ 17.   4.  14.]
 [  7.  12.  17.]]
cf_score, 19.0
ratio, 0.343434343434
[[ 12.   9.   9.]
 [ 22.  10.   5.]
 [  8.  10.  15.]]
cf_score, 20.0
ratio, 0.373737373737
[[ 12.   8.   7.]
 [ 19.  13.  11.]
 [  7.  17.   6.]]
cf_score, 17.0
ratio, 0.313131313131
[[  6.  12.  11.]
 [ 10.  11.  10.]
 [  8.   9.  23.]]
cf_score, 21.0
ratio, 0.40404040404
[[  9.  11.   7.]
 [ 10.  18.  13.]
 [  3.  15.  14.]]
cf_score, 31.0
ratio, 0.414141414141
[[  7.   8.  12.]
 [ 14.  15.  16.]
 [  2.   9.  17.]]
cf_score, 25.0
ratio, 0.393939393939
[[ 13.   5.   9.]
 [ 18.   7.  11.]
 [  6.  16.  15.]]
cf_score, 20.0
ratio, 0.353535353535
[[ 13.  12.  10.]
 [ 19.   7.   5.]
 [  6.  16.  12.]]
cf_score, 16.0
ratio, 0.323232323232
[[  3.  11.   7.]
 [  8.  10.  24.]
 [  3.  13.  21.]]
cf_score, 24.0
ratio, 0.343434343434
[[  9.  17.  10.]
 [ 11.  16.   8.]
 [  6.  11.  12.]]
cf_score, 21.0
ratio, 0.373737373737
[[ 10.  10.  13.]
 [ 13.  13.  10.]
 [  4.  10.  17.]]
cf_score, 23.0
ratio, 0.40404040404
[[  6.  15.   8.]
 [  7.  21.  11.]
 [  3.  17.  12.]]
cf_score, 28.0
ratio, 0.393939393939
[[ 12.  13.   6.]
 [ 20.   6.  12.]
 [  6.  15.  10.]]
cf_score, 16.0
ratio, 0.282828282828
[[  6.  12.  16.]
 [  9.  19.  13.]
 [  0.   6.  19.]]
cf_score, 28.0
ratio, 0.444444444444
[[  6.  11.   7.]
 [ 13.  18.  11.]
 [ 11.  18.   5.]]
cf_score, 11.0
ratio, 0.292929292929
[[ 14.  15.   4.]
 [ 18.  13.   6.]
 [  7.  17.   6.]]
cf_score, 22.0
ratio, 0.333333333333
[[  5.  12.  11.]
 [ 11.  19.  16.]
 [  3.   8.  15.]]
cf_score, 25.0
ratio, 0.393939393939
[[  7.   8.  19.]
 [  2.  22.  13.]
 [  4.   3.  22.]]
cf_score, 28.0
ratio, 0.515151515152
[[  3.  12.   8.]
 [  7.  18.  14.]
 [  8.  17.  13.]]
cf_score, 18.0
ratio, 0.343434343434
[[ 10.   5.   2.]
 [ 18.  10.   7.]
 [ 13.  18.  17.]]
cf_score, 22.0
ratio, 0.373737373737
[[  8.   9.  10.]
 [ 15.  12.  14.]
 [  6.  12.  14.]]
cf_score, 18.0
ratio, 0.343434343434
[[ 18.   4.   2.]
 [ 29.   6.   7.]
 [ 14.  12.   8.]]
cf_score, 16.0
ratio, 0.323232323232
[[ 11.   6.  10.]
 [ 27.   8.   5.]
 [  9.  15.   9.]]
cf_score, 9.0
ratio, 0.282828282828
[[ 10.  17.  10.]
 [ 12.  11.   6.]
 [ 10.  17.   7.]]
cf_score, 8.0
ratio, 0.282828282828
[[  6.   4.  17.]
 [  3.  16.  10.]
 [  2.   5.  37.]]
cf_score, 40.0
ratio, 0.59595959596
[[ 10.  13.   6.]
 [  8.  21.  11.]
 [  4.   8.  19.]]
cf_score, 40.0
ratio, 0.505050505051
[[  0.  12.  18.]
 [  4.  19.  13.]
 [  1.   9.  24.]]
cf_score, 24.0
ratio, 0.434343434343
[[ 12.   8.   5.]
 [ 20.  13.   7.]
 [  5.  14.  16.]]
cf_score, 31.0
ratio, 0.414141414141
[[  2.   8.  12.]
 [ 10.  15.  12.]
 [  4.  11.  26.]]
cf_score, 27.0
ratio, 0.434343434343
[[  5.  16.  10.]
 [  8.  18.  12.]
 [  2.   4.  25.]]
cf_score, 36.0
ratio, 0.484848484848
[[  4.  12.  10.]
 [ 13.  16.  14.]
 [  4.  15.  12.]]
cf_score, 18.0
ratio, 0.323232323232
[[  7.   8.   6.]
 [ 14.  16.   9.]
 [ 13.  13.  14.]]
cf_score, 18.0
ratio, 0.373737373737
[[ 13.   8.   7.]
 [ 18.  10.   9.]
 [  8.  18.   9.]]
cf_score, 17.0
ratio, 0.323232323232
[[  9.  11.  10.]
 [ 21.  10.  10.]
 [  5.  12.  12.]]
cf_score, 16.0
ratio, 0.313131313131
[[  8.  14.   5.]
 [  4.  21.   6.]
 [  8.  14.  20.]]
cf_score, 36.0
ratio, 0.494949494949
[[  4.  10.  10.]
 [ 14.  25.  15.]
 [  3.  10.   9.]]
cf_score, 25.0
ratio, 0.383838383838
[[  5.   8.  17.]
 [  9.  21.  12.]
 [  3.   9.  16.]]
cf_score, 22.0
ratio, 0.424242424242
[[ 18.  11.   5.]
 [ 20.  10.  10.]
 [  7.   8.  11.]]
cf_score, 27.0
ratio, 0.393939393939
[[  6.  15.   9.]
 [ 15.  14.  11.]
 [  7.  12.  11.]]
cf_score, 15.0
ratio, 0.313131313131
[[  8.  13.  10.]
 [  9.  17.   6.]
 [  6.  14.  17.]]
cf_score, 26.0
ratio, 0.424242424242
[[ 11.   5.   5.]
 [ 26.  16.   6.]
 [  6.  12.  13.]]
cf_score, 29.0
ratio, 0.40404040404
[[ 11.   9.   7.]
 [ 21.  10.  11.]
 [ 11.   5.  15.]]
cf_score, 18.0
ratio, 0.363636363636
[[ 11.  12.  11.]
 [ 10.  20.   5.]
 [  5.  16.  10.]]
cf_score, 25.0
ratio, 0.414141414141
[[  7.  17.  10.]
 [ 10.  21.  11.]
 [  3.  11.  10.]]
cf_score, 25.0
ratio, 0.383838383838
[[  9.  10.   6.]
 [ 19.  19.  10.]
 [  5.  13.   9.]]
cf_score, 26.0
ratio, 0.373737373737
[[  8.  14.   9.]
 [  4.  22.  12.]
 [  5.   9.  17.]]
cf_score, 33.0
ratio, 0.474747474747
[[ 10.  13.   5.]
 [ 10.  18.  10.]
 [  5.  15.  14.]]
cf_score, 32.0
ratio, 0.424242424242
[[  7.  14.   5.]
 [ 11.  18.  12.]
 [  9.  15.   9.]]
cf_score, 20.0
ratio, 0.343434343434
[[  2.  10.  13.]
 [  8.  20.  10.]
 [  3.  15.  19.]]
cf_score, 25.0
ratio, 0.414141414141
