[[  7.  23.   0.]
 [  4.  28.   1.]
 [  2.  35.   0.]]
cf_score, 33.0
nv_score, -1.0
ratio, 0.353535353535
[[ 26.   4.   6.]
 [ 16.   8.  11.]
 [  7.   0.  22.]]
cf_score, 43.0
nv_score, -1.0
ratio, 0.565656565657
[[ 34.   0.   2.]
 [ 20.   0.  11.]
 [ 19.   0.  14.]]
cf_score, 27.0
nv_score, -1.0
ratio, 0.484848484848
[[ 32.   0.   5.]
 [ 25.   0.   5.]
 [ 14.   0.  19.]]
cf_score, 32.0
nv_score, 4.0
ratio, 0.515151515152
[[ 30.   0.   2.]
 [ 32.   0.   4.]
 [ 17.   0.  15.]]
cf_score, 26.0
nv_score, 7.0
ratio, 0.454545454545
[[ 26.   4.   0.]
 [ 26.   0.   5.]
 [ 17.   4.  18.]]
cf_score, 27.0
nv_score, 13.0
ratio, 0.444444444444
[[ 26.   0.   0.]
 [ 25.   0.   3.]
 [ 26.   1.  19.]]
cf_score, 19.0
nv_score, 16.0
ratio, 0.454545454545
[[ 19.   0.   5.]
 [ 33.   1.   3.]
 [ 17.   0.  22.]]
cf_score, 20.0
nv_score, 9.0
ratio, 0.424242424242
[[ 23.   2.   1.]
 [ 24.   0.   9.]
 [ 19.   3.  19.]]
cf_score, 22.0
nv_score, 8.0
ratio, 0.424242424242
[[ 25.   5.   0.]
 [ 30.   0.   8.]
 [ 18.   3.  11.]]
cf_score, 18.0
nv_score, 3.0
ratio, 0.363636363636
[[ 30.   3.   0.]
 [ 18.   0.  11.]
 [ 19.   3.  16.]]
cf_score, 27.0
nv_score, 5.0
ratio, 0.464646464646
[[ 22.   3.   0.]
 [ 32.   4.  10.]
 [ 11.   4.  14.]]
cf_score, 29.0
nv_score, 4.0
ratio, 0.40404040404
[[ 29.   1.   0.]
 [ 29.   4.   5.]
 [ 16.   7.   9.]]
cf_score, 26.0
nv_score, 4.0
ratio, 0.424242424242
[[ 29.   3.   0.]
 [ 26.   2.   8.]
 [ 20.   5.   7.]]
cf_score, 18.0
nv_score, -1.0
ratio, 0.383838383838
[[ 22.   5.   0.]
 [ 27.   1.   6.]
 [ 20.  11.   8.]]
cf_score, 11.0
nv_score, 2.0
ratio, 0.313131313131
[[ 26.   2.   0.]
 [ 21.   0.  10.]
 [ 23.   9.   9.]]
cf_score, 12.0
nv_score, -1.0
ratio, 0.353535353535
[[ 33.   0.   0.]
 [ 27.   0.   5.]
 [ 15.  11.   9.]]
cf_score, 27.0
nv_score, 4.0
ratio, 0.424242424242
[[ 26.   1.   0.]
 [ 27.   5.   4.]
 [ 17.  12.   8.]]
cf_score, 22.0
nv_score, 4.0
ratio, 0.393939393939
[[ 24.   0.   0.]
 [ 39.   0.   6.]
 [ 16.  12.   3.]]
cf_score, 11.0
nv_score, -3.0
ratio, 0.272727272727
[[ 36.   2.   0.]
 [ 16.   2.   4.]
 [ 19.  18.   3.]]
cf_score, 22.0
nv_score, -1.0
ratio, 0.414141414141
[[ 25.   4.   0.]
 [ 27.   4.   7.]
 [ 10.  11.  12.]]
cf_score, 31.0
nv_score, 5.0
ratio, 0.414141414141
[[ 28.   4.   0.]
 [ 25.   2.  13.]
 [ 14.   9.   5.]]
cf_score, 21.0
nv_score, -8.0
ratio, 0.353535353535
[[ 24.   2.   0.]
 [ 27.   2.   6.]
 [ 12.  18.   9.]]
cf_score, 23.0
nv_score, 3.0
ratio, 0.353535353535
[[ 29.   2.   0.]
 [ 28.   0.   3.]
 [ 13.  16.   9.]]
cf_score, 25.0
nv_score, 6.0
ratio, 0.383838383838
[[ 24.   2.   0.]
 [ 23.   1.   6.]
 [ 23.  13.   8.]]
cf_score, 10.0
nv_score, 2.0
ratio, 0.333333333333
[[ 20.   1.   0.]
 [ 30.   2.   4.]
 [ 19.  17.   7.]]
cf_score, 10.0
nv_score, 3.0
ratio, 0.292929292929
[[  0.  36.   0.]
 [  0.  37.   0.]
 [  0.  27.   0.]]
cf_score, 37.0
nv_score, 0.0
ratio, 0.373737373737
[[  0.  23.   0.]
 [  0.  38.   1.]
 [  0.  38.   0.]]
cf_score, 38.0
nv_score, -1.0
ratio, 0.383838383838
[[  0.  32.   0.]
 [  0.  35.   2.]
 [  0.  31.   0.]]
cf_score, 35.0
nv_score, -2.0
ratio, 0.353535353535
[[  0.  34.   0.]
 [  0.  33.   3.]
 [  0.  30.   0.]]
cf_score, 33.0
nv_score, -3.0
ratio, 0.333333333333
[[  0.  22.   0.]
 [  0.  42.   2.]
 [  0.  34.   0.]]
cf_score, 42.0
nv_score, -2.0
ratio, 0.424242424242
[[  0.  36.   0.]
 [  0.  34.   0.]
 [  0.  30.   0.]]
cf_score, 34.0
nv_score, 0.0
ratio, 0.343434343434
[[ 30.   1.   0.]
 [ 28.   2.   2.]
 [ 23.  14.   0.]]
cf_score, 9.0
nv_score, -2.0
ratio, 0.323232323232
[[ 25.   0.   0.]
 [ 32.   7.   2.]
 [ 23.  11.   0.]]
cf_score, 9.0
nv_score, -2.0
ratio, 0.323232323232
[[ 30.   0.   0.]
 [ 32.   0.   3.]
 [ 27.   8.   0.]]
cf_score, 3.0
nv_score, -3.0
ratio, 0.30303030303
[[ 28.   0.   0.]
 [ 27.   2.   1.]
 [ 35.   7.   0.]]
cf_score, -5.0
nv_score, -1.0
ratio, 0.30303030303
[[ 31.   0.   0.]
 [ 31.   2.   1.]
 [ 32.   3.   0.]]
cf_score, 1.0
nv_score, -1.0
ratio, 0.333333333333
[[ 27.   0.   0.]
 [ 33.   1.   0.]
 [ 33.   6.   0.]]
cf_score, -5.0
nv_score, 0.0
ratio, 0.282828282828
[[ 27.   0.   0.]
 [ 30.   3.   2.]
 [ 35.   3.   0.]]
cf_score, -5.0
nv_score, -2.0
ratio, 0.30303030303
[[ 37.   0.   0.]
 [ 32.   2.   0.]
 [ 24.   5.   0.]]
cf_score, 15.0
nv_score, 0.0
ratio, 0.393939393939
[[ 41.   0.   0.]
 [ 26.   0.   1.]
 [ 31.   1.   0.]]
cf_score, 10.0
nv_score, -1.0
ratio, 0.414141414141
[[ 38.   0.   0.]
 [ 35.   2.   2.]
 [ 21.   2.   0.]]
cf_score, 19.0
nv_score, -2.0
ratio, 0.40404040404
[[ 35.   0.   0.]
 [ 29.   1.   2.]
 [ 32.   1.   0.]]
cf_score, 4.0
nv_score, -2.0
ratio, 0.363636363636
[[ 29.   0.   0.]
 [ 30.   1.   1.]
 [ 36.   3.   0.]]
cf_score, -6.0
nv_score, -1.0
ratio, 0.30303030303
[[ 27.   0.   0.]
 [ 37.   2.   1.]
 [ 33.   0.   0.]]
cf_score, -4.0
nv_score, -1.0
ratio, 0.292929292929
[[ 29.   0.   0.]
 [ 34.   1.   2.]
 [ 33.   1.   0.]]
cf_score, -3.0
nv_score, -2.0
ratio, 0.30303030303
[[ 30.   0.   0.]
 [ 27.   2.   1.]
 [ 34.   6.   0.]]
cf_score, -2.0
nv_score, -1.0
ratio, 0.323232323232
[[ 37.   0.   0.]
 [ 27.   2.   2.]
 [ 32.   0.   0.]]
cf_score, 7.0
nv_score, -2.0
ratio, 0.393939393939
[[ 33.   0.   0.]
 [ 29.   3.   0.]
 [ 34.   1.   0.]]
cf_score, 2.0
nv_score, 0.0
ratio, 0.363636363636
[[ 28.   0.   0.]
 [ 32.   1.   0.]
 [ 37.   2.   0.]]
cf_score, -8.0
nv_score, 0.0
ratio, 0.292929292929
