[[  4.  27.   4.]
 [  2.  26.   8.]
 [  1.  12.  16.]]
cf_score, 41.0
nv_score, 0.0
ratio, 0.464646464646
[[  2.  16.   7.]
 [  5.  18.   4.]
 [  2.  23.  23.]]
cf_score, 34.0
nv_score, 5.0
ratio, 0.434343434343
[[ 13.  12.   7.]
 [  3.  11.  16.]
 [ 12.   5.  21.]]
cf_score, 26.0
nv_score, -9.0
ratio, 0.454545454545
[[ 22.   3.   9.]
 [ 25.   4.   9.]
 [  8.   5.  15.]]
cf_score, 24.0
nv_score, -12.0
ratio, 0.414141414141
[[ 14.   4.   5.]
 [ 19.   7.   8.]
 [ 13.   6.  24.]]
cf_score, 27.0
nv_score, 6.0
ratio, 0.454545454545
[[ 18.   5.  14.]
 [ 14.   2.   6.]
 [  9.   7.  25.]]
cf_score, 22.0
nv_score, -9.0
ratio, 0.454545454545
[[ 13.   5.  10.]
 [ 11.   7.  16.]
 [  5.   9.  24.]]
cf_score, 29.0
nv_score, -12.0
ratio, 0.444444444444
[[ 14.   5.   8.]
 [ 12.   8.  12.]
 [ 12.   6.  23.]]
cf_score, 25.0
nv_score, -5.0
ratio, 0.454545454545
[[ 16.   6.   4.]
 [ 12.   9.  12.]
 [ 11.   5.  25.]]
cf_score, 35.0
nv_score, 5.0
ratio, 0.505050505051
[[ 25.   2.   6.]
 [ 13.   8.   8.]
 [ 11.   7.  20.]]
cf_score, 36.0
nv_score, 0.0
ratio, 0.535353535354
[[ 18.   6.   7.]
 [ 16.  10.  12.]
 [  9.   4.  18.]]
cf_score, 30.0
nv_score, -8.0
ratio, 0.464646464646
[[ 13.   9.  12.]
 [ 12.   6.  11.]
 [  7.   6.  24.]]
cf_score, 24.0
nv_score, -11.0
ratio, 0.434343434343
[[ 17.   3.  11.]
 [ 20.   4.   3.]
 [ 17.   9.  16.]]
cf_score, 9.0
nv_score, -9.0
ratio, 0.373737373737
[[ 17.   8.  12.]
 [ 10.   9.  14.]
 [  5.   6.  19.]]
cf_score, 28.0
nv_score, -19.0
ratio, 0.454545454545
[[ 17.   4.  11.]
 [ 12.   7.   7.]
 [  8.  10.  24.]]
cf_score, 29.0
nv_score, -5.0
ratio, 0.484848484848
[[  8.   8.  13.]
 [ 13.   7.   7.]
 [ 15.   8.  21.]]
cf_score, 8.0
nv_score, -12.0
ratio, 0.363636363636
[[ 10.   6.   7.]
 [ 12.  16.  11.]
 [  9.   5.  24.]]
cf_score, 34.0
nv_score, -1.0
ratio, 0.505050505051
[[ 13.   5.   9.]
 [ 14.   7.   6.]
 [ 14.   7.  25.]]
cf_score, 22.0
nv_score, 1.0
ratio, 0.454545454545
[[ 12.   4.   4.]
 [ 12.  12.   8.]
 [ 10.  11.  27.]]
cf_score, 37.0
nv_score, 11.0
ratio, 0.515151515152
[[ 24.   7.  10.]
 [ 11.  11.   8.]
 [ 10.   2.  17.]]
cf_score, 32.0
nv_score, -11.0
ratio, 0.525252525253
[[  7.   6.  13.]
 [ 20.   7.   9.]
 [ 12.   8.  18.]]
cf_score, 7.0
nv_score, -17.0
ratio, 0.323232323232
[[ 18.   5.  16.]
 [ 17.   3.  11.]
 [  9.   8.  13.]]
cf_score, 9.0
nv_score, -30.0
ratio, 0.343434343434
[[  8.  10.  13.]
 [ 13.   4.   6.]
 [ 17.   7.  22.]]
cf_score, 4.0
nv_score, -10.0
ratio, 0.343434343434
[[  8.  11.  13.]
 [ 11.   9.   6.]
 [  9.   8.  25.]]
cf_score, 20.0
nv_score, -7.0
ratio, 0.424242424242
[[ 19.   8.   8.]
 [ 16.   9.   7.]
 [  9.   7.  17.]]
cf_score, 28.0
nv_score, -6.0
ratio, 0.454545454545
[[ 14.   5.  10.]
 [ 10.   7.  14.]
 [ 13.  10.  17.]]
cf_score, 15.0
nv_score, -17.0
ratio, 0.383838383838
[[  8.  14.  13.]
 [  9.   7.  14.]
 [  8.   6.  21.]]
cf_score, 15.0
nv_score, -19.0
ratio, 0.363636363636
[[ 16.  10.  12.]
 [ 11.  10.  15.]
 [  7.   3.  16.]]
cf_score, 23.0
nv_score, -23.0
ratio, 0.424242424242
[[ 13.  14.   4.]
 [  9.   9.   8.]
 [ 14.  10.  19.]]
cf_score, 23.0
nv_score, 3.0
ratio, 0.414141414141
[[ 11.   9.  10.]
 [  6.  13.  11.]
 [  8.  10.  22.]]
cf_score, 28.0
nv_score, -9.0
ratio, 0.464646464646
[[  7.  11.  12.]
 [  5.  13.  12.]
 [  8.   5.  27.]]
cf_score, 27.0
nv_score, -9.0
ratio, 0.474747474747
[[  8.  11.  10.]
 [ 12.  11.  10.]
 [  9.   3.  26.]]
cf_score, 26.0
nv_score, -4.0
ratio, 0.454545454545
[[  4.  12.  11.]
 [  9.   9.   8.]
 [  9.   9.  29.]]
cf_score, 22.0
nv_score, -1.0
ratio, 0.424242424242
[[ 19.   6.   3.]
 [ 13.   6.  13.]
 [  9.   5.  26.]]
cf_score, 39.0
nv_score, 7.0
ratio, 0.515151515152
[[  7.  10.  17.]
 [ 12.  11.   6.]
 [  6.  10.  21.]]
cf_score, 16.0
nv_score, -19.0
ratio, 0.393939393939
[[ 12.  13.   8.]
 [  8.   9.  13.]
 [ 11.   5.  21.]]
cf_score, 23.0
nv_score, -8.0
ratio, 0.424242424242
[[ 16.   6.  15.]
 [ 15.   6.   9.]
 [  9.   5.  19.]]
cf_score, 17.0
nv_score, -20.0
ratio, 0.414141414141
[[ 11.   9.   9.]
 [ 15.  11.   8.]
 [  9.   5.  23.]]
cf_score, 27.0
nv_score, -3.0
ratio, 0.454545454545
[[ 10.   8.  12.]
 [ 11.   8.  15.]
 [  8.   6.  22.]]
cf_score, 20.0
nv_score, -17.0
ratio, 0.40404040404
[[ 14.  10.   8.]
 [ 10.  10.   5.]
 [  5.   8.  30.]]
cf_score, 41.0
nv_score, 9.0
ratio, 0.545454545455
[[  8.   9.  11.]
 [ 12.  11.  11.]
 [  7.   6.  25.]]
cf_score, 26.0
nv_score, -8.0
ratio, 0.444444444444
[[  7.  10.  12.]
 [  6.  13.   9.]
 [  9.   7.  27.]]
cf_score, 26.0
nv_score, -6.0
ratio, 0.474747474747
[[ 17.  15.  10.]
 [ 11.   8.   4.]
 [  9.  10.  16.]]
cf_score, 22.0
nv_score, -8.0
ratio, 0.414141414141
[[ 11.  11.   8.]
 [ 10.  15.   5.]
 [ 12.  11.  17.]]
cf_score, 23.0
nv_score, -4.0
ratio, 0.434343434343
[[ 14.   9.  15.]
 [ 11.   9.   8.]
 [  4.   9.  21.]]
cf_score, 25.0
nv_score, -17.0
ratio, 0.444444444444
[[ 13.   8.   5.]
 [ 10.  18.  10.]
 [ 14.   7.  15.]]
cf_score, 27.0
nv_score, -5.0
ratio, 0.464646464646
[[  6.   5.  16.]
 [  9.  13.  12.]
 [  8.   6.  25.]]
cf_score, 20.0
nv_score, -19.0
ratio, 0.444444444444
[[ 11.  12.   6.]
 [ 12.  12.  10.]
 [  9.   7.  21.]]
cf_score, 29.0
nv_score, -1.0
ratio, 0.444444444444
[[ 18.   7.  10.]
 [  6.   8.  13.]
 [ 12.  10.  16.]]
cf_score, 20.0
nv_score, -17.0
ratio, 0.424242424242
[[ 18.   9.   6.]
 [ 14.   9.   7.]
 [  9.  11.  17.]]
cf_score, 29.0
nv_score, -2.0
ratio, 0.444444444444
