[[  0.   0.  36.]
 [  0.   0.  39.]
 [  0.   0.  25.]]
cf_score, -11.0
nv_score, -86.0
ratio, 0.252525252525
[[  0.   0.  37.]
 [  2.   0.  22.]
 [  1.   0.  38.]]
cf_score, 0.0
nv_score, -58.0
ratio, 0.383838383838
[[  7.   0.  33.]
 [ 10.   0.  27.]
 [  7.   0.  16.]]
cf_score, -17.0
nv_score, -77.0
ratio, 0.232323232323
[[  4.  13.  20.]
 [ 11.  12.  13.]
 [  2.   8.  17.]]
cf_score, 11.0
nv_score, -36.0
ratio, 0.333333333333
[[  1.   8.  21.]
 [  2.  19.  14.]
 [  1.   7.  27.]]
cf_score, 25.0
nv_score, -29.0
ratio, 0.474747474747
[[  3.  12.  12.]
 [  1.  24.  13.]
 [  1.   6.  28.]]
cf_score, 42.0
nv_score, -9.0
ratio, 0.555555555556
[[  2.  16.   8.]
 [  4.  27.  11.]
 [  1.  17.  14.]]
cf_score, 34.0
nv_score, -13.0
ratio, 0.434343434343
[[  5.  18.  11.]
 [  3.  22.  15.]
 [  3.   9.  14.]]
cf_score, 27.0
nv_score, -23.0
ratio, 0.414141414141
[[  6.  13.  15.]
 [  4.  19.  10.]
 [  8.  10.  15.]]
cf_score, 17.0
nv_score, -25.0
ratio, 0.40404040404
[[  2.  13.  18.]
 [  7.  26.   7.]
 [  2.  10.  15.]]
cf_score, 23.0
nv_score, -28.0
ratio, 0.434343434343
[[ 11.  15.   3.]
 [  8.  24.  13.]
 [  1.  17.   8.]]
cf_score, 39.0
nv_score, -11.0
ratio, 0.434343434343
[[  3.  22.   6.]
 [  5.  23.   5.]
 [  6.  21.   9.]]
cf_score, 23.0
nv_score, -8.0
ratio, 0.353535353535
[[  3.  19.   6.]
 [  3.  34.   6.]
 [  3.  15.  11.]]
cf_score, 39.0
nv_score, -7.0
ratio, 0.484848484848
[[  4.  18.   9.]
 [  3.  26.  11.]
 [  3.  12.  14.]]
cf_score, 32.0
nv_score, -15.0
ratio, 0.444444444444
[[  3.  28.  12.]
 [  2.  19.   9.]
 [  2.  13.  12.]]
cf_score, 20.0
nv_score, -21.0
ratio, 0.343434343434
[[  7.  18.  12.]
 [  9.  27.   8.]
 [  6.   7.   6.]]
cf_score, 22.0
nv_score, -26.0
ratio, 0.40404040404
[[  8.  15.   7.]
 [  5.  27.  11.]
 [  6.   9.  12.]]
cf_score, 34.0
nv_score, -13.0
ratio, 0.474747474747
[[  1.  24.  12.]
 [  1.  20.  18.]
 [  5.   4.  15.]]
cf_score, 19.0
nv_score, -27.0
ratio, 0.363636363636
[[  1.  17.   8.]
 [  2.  29.   8.]
 [  4.  16.  15.]]
cf_score, 33.0
nv_score, -9.0
ratio, 0.454545454545
[[  3.  16.  13.]
 [  6.  18.  13.]
 [  5.  10.  16.]]
cf_score, 19.0
nv_score, -23.0
ratio, 0.373737373737
[[  4.  25.  12.]
 [  4.  19.   7.]
 [  5.  11.  13.]]
cf_score, 19.0
nv_score, -18.0
ratio, 0.363636363636
[[  5.  21.  11.]
 [  6.  22.   7.]
 [  4.   5.  19.]]
cf_score, 31.0
nv_score, -10.0
ratio, 0.464646464646
[[  4.  11.  13.]
 [ 10.  26.  10.]
 [  5.   5.  16.]]
cf_score, 28.0
nv_score, -20.0
ratio, 0.464646464646
[[  3.  18.   9.]
 [  5.  24.   6.]
 [  7.  10.  18.]]
cf_score, 29.0
nv_score, -6.0
ratio, 0.454545454545
[[  2.  20.  13.]
 [  7.  18.  11.]
 [  7.   9.  13.]]
cf_score, 13.0
nv_score, -24.0
ratio, 0.333333333333
[[  8.  17.   7.]
 [  9.  18.  10.]
 [  4.  10.  17.]]
cf_score, 32.0
nv_score, -7.0
ratio, 0.434343434343
[[  7.  18.  15.]
 [  4.  20.   6.]
 [  5.  12.  13.]]
cf_score, 20.0
nv_score, -23.0
ratio, 0.40404040404
[[  6.   9.  15.]
 [  6.  18.  17.]
 [  7.   5.  17.]]
cf_score, 19.0
nv_score, -30.0
ratio, 0.414141414141
[[  2.  12.  12.]
 [  3.  31.  10.]
 [  2.  13.  15.]]
cf_score, 34.0
nv_score, -19.0
ratio, 0.484848484848
[[  3.  13.  12.]
 [  8.  30.  10.]
 [  2.   6.  16.]]
cf_score, 35.0
nv_score, -18.0
ratio, 0.494949494949
[[  6.  14.   8.]
 [ 10.  26.   9.]
 [  3.   9.  15.]]
cf_score, 36.0
nv_score, -10.0
ratio, 0.474747474747
[[  4.  22.   8.]
 [  6.  15.   8.]
 [  5.  16.  16.]]
cf_score, 22.0
nv_score, -8.0
ratio, 0.353535353535
[[  6.  19.  15.]
 [  5.  11.  12.]
 [  8.   9.  15.]]
cf_score, 9.0
nv_score, -27.0
ratio, 0.323232323232
[[  3.  16.  12.]
 [  3.  23.  14.]
 [  8.  11.  10.]]
cf_score, 16.0
nv_score, -28.0
ratio, 0.363636363636
[[  3.  25.   5.]
 [  3.  24.   9.]
 [  3.  13.  15.]]
cf_score, 34.0
nv_score, -4.0
ratio, 0.424242424242
[[  7.  18.  14.]
 [  5.  15.  13.]
 [  3.   8.  17.]]
cf_score, 22.0
nv_score, -24.0
ratio, 0.393939393939
[[  1.  16.   7.]
 [  9.  14.  17.]
 [  5.   8.  23.]]
cf_score, 26.0
nv_score, -8.0
ratio, 0.383838383838
[[  2.  18.   9.]
 [  5.  25.  14.]
 [  5.   8.  14.]]
cf_score, 27.0
nv_score, -18.0
ratio, 0.414141414141
[[  3.  12.  10.]
 [  8.  17.  13.]
 [  5.  14.  18.]]
cf_score, 23.0
nv_score, -15.0
ratio, 0.383838383838
[[  3.  18.   8.]
 [  3.  26.   6.]
 [  5.   9.  22.]]
cf_score, 38.0
nv_score, 0.0
ratio, 0.515151515152
[[  2.  24.  13.]
 [  7.  23.   4.]
 [  2.  13.  12.]]
cf_score, 22.0
nv_score, -18.0
ratio, 0.373737373737
[[  1.  18.  18.]
 [  5.  19.  14.]
 [  6.   6.  13.]]
cf_score, 9.0
nv_score, -37.0
ratio, 0.333333333333
[[  1.  22.   9.]
 [  8.  21.   4.]
 [  6.   9.  20.]]
cf_score, 27.0
nv_score, -2.0
ratio, 0.424242424242
[[  2.  14.  12.]
 [  8.  21.   9.]
 [  7.   6.  21.]]
cf_score, 25.0
nv_score, -12.0
ratio, 0.444444444444
[[  3.  25.   6.]
 [  2.  26.  10.]
 [  2.   9.  17.]]
cf_score, 38.0
nv_score, -5.0
ratio, 0.464646464646
[[  1.  22.   9.]
 [  1.  28.   7.]
 [  1.  13.  18.]]
cf_score, 37.0
nv_score, -7.0
ratio, 0.474747474747
[[  0.  25.  10.]
 [  4.  23.   7.]
 [  7.  10.  14.]]
cf_score, 20.0
nv_score, -13.0
ratio, 0.373737373737
[[  1.  19.  10.]
 [  6.  22.   6.]
 [  4.  10.  22.]]
cf_score, 31.0
nv_score, -4.0
ratio, 0.454545454545
[[  4.  16.  10.]
 [  3.  22.   7.]
 [  4.  10.  24.]]
cf_score, 36.0
nv_score, -3.0
ratio, 0.505050505051
[[  2.  22.   6.]
 [  2.  22.  10.]
 [  1.  14.  21.]]
cf_score, 38.0
nv_score, -1.0
ratio, 0.454545454545
