[[ 13.   0.  22.]
 [ 11.   0.  12.]
 [ 12.   0.  30.]]
cf_score, 9.0
nv_score, -26.0
ratio, 0.434343434343
[[ 10.   0.  19.]
 [ 15.   0.  15.]
 [ 16.   0.  25.]]
cf_score, 0.0
nv_score, -28.0
ratio, 0.353535353535
[[ 15.   0.   8.]
 [ 27.   0.  18.]
 [ 18.   1.  13.]]
cf_score, 2.0
nv_score, -21.0
ratio, 0.282828282828
[[ 19.   0.  12.]
 [ 22.   3.  16.]
 [ 16.   1.  11.]]
cf_score, 5.0
nv_score, -29.0
ratio, 0.333333333333
[[ 18.   0.   9.]
 [ 15.   4.  15.]
 [ 18.   4.  17.]]
cf_score, 12.0
nv_score, -16.0
ratio, 0.393939393939
[[ 13.   2.  10.]
 [ 23.   3.  17.]
 [ 16.   3.  13.]]
cf_score, 3.0
nv_score, -24.0
ratio, 0.292929292929
[[ 20.   2.  14.]
 [ 16.   6.  10.]
 [  9.   2.  21.]]
cf_score, 24.0
nv_score, -17.0
ratio, 0.474747474747
[[ 10.   2.  10.]
 [ 21.   4.  10.]
 [ 11.   7.  25.]]
cf_score, 18.0
nv_score, -5.0
ratio, 0.393939393939
[[ 15.   2.  17.]
 [ 20.   2.   8.]
 [ 19.   2.  15.]]
cf_score, -4.0
nv_score, -27.0
ratio, 0.323232323232
[[  5.   4.   9.]
 [ 15.  10.  22.]
 [ 13.   5.  17.]]
cf_score, 10.0
nv_score, -23.0
ratio, 0.323232323232
[[ 14.   5.  14.]
 [ 13.  10.  10.]
 [ 13.   5.  16.]]
cf_score, 13.0
nv_score, -22.0
ratio, 0.40404040404
[[ 25.   6.   5.]
 [ 21.   3.  16.]
 [ 12.   1.  11.]]
cf_score, 22.0
nv_score, -15.0
ratio, 0.393939393939
[[ 14.   6.  12.]
 [ 19.   6.  13.]
 [ 12.   2.  16.]]
cf_score, 12.0
nv_score, -21.0
ratio, 0.363636363636
[[ 25.   3.   8.]
 [ 15.   5.  11.]
 [ 13.   3.  17.]]
cf_score, 26.0
nv_score, -10.0
ratio, 0.474747474747
[[ 18.   8.   8.]
 [ 17.   7.  15.]
 [  7.  12.   8.]]
cf_score, 18.0
nv_score, -23.0
ratio, 0.333333333333
[[ 21.   8.   6.]
 [ 19.   4.  18.]
 [  8.   3.  13.]]
cf_score, 24.0
nv_score, -17.0
ratio, 0.383838383838
[[ 11.   8.  14.]
 [ 17.   6.  12.]
 [  7.   5.  20.]]
cf_score, 16.0
nv_score, -20.0
ratio, 0.373737373737
[[ 12.  12.  12.]
 [ 15.   7.  12.]
 [  7.  10.  13.]]
cf_score, 13.0
nv_score, -23.0
ratio, 0.323232323232
[[ 11.   6.  14.]
 [ 13.   5.  12.]
 [ 10.   9.  20.]]
cf_score, 12.0
nv_score, -20.0
ratio, 0.363636363636
[[ 18.   8.  13.]
 [ 12.   1.  11.]
 [ 10.  10.  17.]]
cf_score, 13.0
nv_score, -20.0
ratio, 0.363636363636
[[ 17.   8.   9.]
 [ 12.   8.  11.]
 [ 12.   7.  16.]]
cf_score, 20.0
nv_score, -13.0
ratio, 0.414141414141
[[ 10.   7.  10.]
 [ 21.   3.  12.]
 [ 12.   8.  17.]]
cf_score, 8.0
nv_score, -15.0
ratio, 0.30303030303
[[ 10.  13.  15.]
 [ 13.   4.   8.]
 [ 15.   6.  16.]]
cf_score, 0.0
nv_score, -22.0
ratio, 0.30303030303
[[ 23.   8.   7.]
 [ 16.   5.  15.]
 [  6.   6.  14.]]
cf_score, 29.0
nv_score, -15.0
ratio, 0.424242424242
[[ 14.   6.  16.]
 [ 18.   5.  18.]
 [  9.   5.   9.]]
cf_score, 3.0
nv_score, -41.0
ratio, 0.282828282828
[[ 15.   6.   8.]
 [ 12.  10.   7.]
 [ 11.  15.  16.]]
cf_score, 22.0
nv_score, -7.0
ratio, 0.414141414141
[[  9.   6.  13.]
 [ 18.   7.  16.]
 [  4.   5.  22.]]
cf_score, 21.0
nv_score, -20.0
ratio, 0.383838383838
[[ 13.  12.  12.]
 [ 14.   8.  13.]
 [  7.  10.  11.]]
cf_score, 13.0
nv_score, -26.0
ratio, 0.323232323232
[[ 14.   7.  12.]
 [ 15.   3.  11.]
 [ 10.  10.  18.]]
cf_score, 13.0
nv_score, -17.0
ratio, 0.353535353535
[[ 13.  10.   7.]
 [ 19.   5.  10.]
 [  8.   8.  20.]]
cf_score, 23.0
nv_score, -4.0
ratio, 0.383838383838
[[ 17.   9.   8.]
 [ 24.   2.   9.]
 [ 13.   5.  13.]]
cf_score, 11.0
nv_score, -12.0
ratio, 0.323232323232
[[ 14.  10.   5.]
 [ 14.   9.  16.]
 [ 12.   4.  16.]]
cf_score, 22.0
nv_score, -10.0
ratio, 0.393939393939
[[ 12.   7.   9.]
 [ 17.  14.   8.]
 [ 10.   7.  16.]]
cf_score, 23.0
nv_score, -10.0
ratio, 0.424242424242
[[ 15.   9.   8.]
 [  9.   8.   9.]
 [ 11.  11.  20.]]
cf_score, 24.0
nv_score, -5.0
ratio, 0.434343434343
[[ 12.   4.   8.]
 [ 18.  12.  12.]
 [  8.   8.  18.]]
cf_score, 26.0
nv_score, -10.0
ratio, 0.424242424242
[[ 15.   9.   9.]
 [ 14.   9.  10.]
 [ 13.  12.   9.]]
cf_score, 11.0
nv_score, -19.0
ratio, 0.333333333333
[[ 20.   7.   7.]
 [ 16.   8.  13.]
 [  8.   9.  12.]]
cf_score, 25.0
nv_score, -15.0
ratio, 0.40404040404
[[  9.   5.   8.]
 [ 13.  12.  17.]
 [  5.  10.  21.]]
cf_score, 29.0
nv_score, -12.0
ratio, 0.424242424242
[[ 15.   6.  10.]
 [ 12.  10.  12.]
 [  7.   4.  24.]]
cf_score, 32.0
nv_score, -8.0
ratio, 0.494949494949
[[ 16.   5.   7.]
 [ 11.   9.  21.]
 [ 10.  10.  11.]]
cf_score, 19.0
nv_score, -24.0
ratio, 0.363636363636
[[ 14.  11.   6.]
 [ 13.   9.  14.]
 [  8.  11.  14.]]
cf_score, 23.0
nv_score, -12.0
ratio, 0.373737373737
[[ 11.   9.  13.]
 [ 12.  10.  17.]
 [  4.   6.  18.]]
cf_score, 22.0
nv_score, -25.0
ratio, 0.393939393939
[[ 12.   6.   8.]
 [ 14.  12.  12.]
 [ 12.  11.  13.]]
cf_score, 17.0
nv_score, -15.0
ratio, 0.373737373737
[[ 14.   9.   6.]
 [ 18.   9.  13.]
 [  6.  12.  13.]]
cf_score, 24.0
nv_score, -12.0
ratio, 0.363636363636
[[ 14.   7.  12.]
 [ 13.   8.  10.]
 [ 13.  10.  13.]]
cf_score, 10.0
nv_score, -21.0
ratio, 0.353535353535
[[  9.  13.   8.]
 [ 14.   6.  14.]
 [  4.  15.  17.]]
cf_score, 20.0
nv_score, -13.0
ratio, 0.323232323232
[[  9.   6.   8.]
 [ 15.   8.  14.]
 [ 10.   9.  21.]]
cf_score, 20.0
nv_score, -9.0
ratio, 0.383838383838
[[ 15.  10.   5.]
 [ 11.  11.   9.]
 [  5.  17.  17.]]
cf_score, 33.0
nv_score, -2.0
ratio, 0.434343434343
[[ 17.   8.   6.]
 [ 11.  18.   8.]
 [ 12.   9.  11.]]
cf_score, 28.0
nv_score, -9.0
ratio, 0.464646464646
[[ 18.   8.   8.]
 [ 18.   6.  12.]
 [  5.  11.  14.]]
cf_score, 25.0
nv_score, -14.0
ratio, 0.383838383838
