loading data...
Loading Model.
7.263: [[ 0.06501304  0.12693194  0.80805498]]
7.30335: [[ 0.06600132  0.12935695  0.80464172]]
7.3437: [[ 0.0671394   0.13212413  0.80073643]]
7.38405: [[ 0.06845209  0.13528214  0.79626584]]
7.4244: [[ 0.06996857  0.13888459  0.79114687]]
7.46475: [[ 0.07172346  0.14298987  0.78528666]]
7.5051: [[ 0.07375753  0.14765932  0.77858323]]
7.54545: [[ 0.07611943  0.1529543   0.7709263 ]]
7.5858: [[ 0.0788667   0.15893064  0.76220274]]
7.62615: [[ 0.08206865  0.16563173  0.75229961]]
7.6665: [[ 0.0858086   0.17307557  0.74111587]]
7.70685: [[ 0.09018741  0.18123731  0.72857535]]
7.7472: [[ 0.09532967  0.19002859  0.71464175]]
7.78755: [[ 0.1013898   0.19926848  0.69934171]]
7.8279: [[ 0.10856177  0.20865496  0.68278325]]
7.86825: [[ 0.1170919   0.21774185  0.6651662 ]]
7.9086: [[ 0.12728928  0.22592695  0.64678377]]
7.94895: [[ 0.13953528  0.23247378  0.62799096]]
7.9893: [[ 0.15428202  0.23657697  0.60914099]]
8.02965: [[ 0.17202231  0.23747891  0.59049881]]
8.07: [[ 0.19322293  0.23463365  0.57214338]]
8.11035: [[ 0.21821313  0.22787865  0.55390823]]
8.1507: [[ 0.24704723  0.217549    0.53540373]]
8.19105: [[ 0.27938113  0.2044708   0.51614809]]
8.2314: [[ 0.31444162  0.18980186  0.4957566 ]]
8.27175: [[ 0.35113516  0.17476517  0.4740997 ]]
8.3121: [[ 0.38824263  0.16039592  0.45136142]]
8.35245: [[ 0.42464316  0.14738695  0.4279699 ]]
8.3928: [[ 0.45946309  0.13607037  0.40446657]]
8.43315: [[ 0.49212304  0.12649216  0.38138485]]
8.4735: [[ 0.52231592  0.11851642  0.3591677 ]]
8.51385: [[ 0.54993093  0.11192259  0.33814651]]
8.5542: [[ 0.57499391  0.10646845  0.31853762]]
8.59455: [[ 0.59761518  0.10192669  0.30045813]]
8.6349: [[ 0.61794955  0.09810208  0.28394839]]
8.67525: [[ 0.6361742   0.09483527  0.26899058]]
8.7156: [[ 0.65247619  0.0920004   0.25552338]]
8.75595: [[ 0.66704029  0.08950074  0.243459  ]]
8.7963: [[ 0.68004388  0.08726311  0.23269299]]
8.83665: [[ 0.69165367  0.0852328   0.22311354]]
