loading data...
Loading Model.
10.935: [[ 0.33310685  0.40022629  0.26666686]]
10.99575: [[ 0.33310685  0.40022629  0.26666686]]
11.0565: [[ 0.33310685  0.40022629  0.26666686]]
11.11725: [[ 0.33310685  0.40022629  0.26666686]]
11.178: [[ 0.33310685  0.40022629  0.26666686]]
11.23875: [[ 0.33310685  0.40022629  0.26666686]]
11.2995: [[ 0.33310685  0.40022629  0.26666686]]
11.36025: [[ 0.33310685  0.40022629  0.26666686]]
11.421: [[ 0.33310685  0.40022629  0.26666686]]
11.48175: [[ 0.33310685  0.40022629  0.26666686]]
11.5425: [[ 0.33310685  0.40022629  0.26666686]]
11.60325: [[ 0.33310685  0.40022629  0.26666686]]
11.664: [[ 0.33310685  0.40022629  0.26666686]]
11.72475: [[ 0.33310685  0.40022629  0.26666686]]
11.7855: [[ 0.33310685  0.40022629  0.26666686]]
11.84625: [[ 0.33310685  0.40022629  0.26666686]]
11.907: [[ 0.33310685  0.40022629  0.26666686]]
11.96775: [[ 0.33310685  0.40022629  0.26666686]]
12.0285: [[ 0.33310685  0.40022629  0.26666686]]
12.08925: [[ 0.33310685  0.40022629  0.26666686]]
12.15: [[ 0.33310685  0.40022629  0.26666686]]
12.21075: [[ 0.33310685  0.40022629  0.26666686]]
12.2715: [[ 0.33310685  0.40022629  0.26666686]]
12.33225: [[ 0.33310685  0.40022629  0.26666686]]
12.393: [[ 0.33310685  0.40022629  0.26666686]]
12.45375: [[ 0.33310685  0.40022629  0.26666686]]
12.5145: [[ 0.33310685  0.40022629  0.26666686]]
12.57525: [[ 0.33310685  0.40022629  0.26666686]]
12.636: [[ 0.33310685  0.40022629  0.26666686]]
12.69675: [[ 0.33310685  0.40022629  0.26666686]]
12.7575: [[ 0.33310685  0.40022629  0.26666686]]
12.81825: [[ 0.33310685  0.40022629  0.26666686]]
12.879: [[ 0.33310685  0.40022629  0.26666686]]
12.93975: [[ 0.33310685  0.40022629  0.26666686]]
13.0005: [[ 0.33310685  0.40022629  0.26666686]]
13.06125: [[ 0.33310685  0.40022629  0.26666686]]
13.122: [[ 0.33310685  0.40022629  0.26666686]]
13.18275: [[ 0.33310685  0.40022629  0.26666686]]
13.2435: [[ 0.33310685  0.40022629  0.26666686]]
13.30425: [[ 0.33310685  0.40022629  0.26666686]]
