Loading Model: level_list/m1_100/tick_list/APOG/class/models/model.h5
history_filename: history_recent/APOG/history.json
Yesterday        : 2017-10-02: OHLCV: 48.5100, 49.2200, 47.9300, 49.1600, 307290
UberYesterday    : 2017-09-29: OHLCV: 48.1400, 48.4900, 47.6700, 48.2600, 354864
[u'48.5100', u'49.2200', u'47.9300', u'49.1600', u'307290']
[u'48.1400', u'48.4900', u'47.6700', u'48.2600', u'354864']
question_base :[48.14, 48.49, 47.67, 48.26, 48.51, 49.22, 47.93, 49.16]
44.244: [48.140, 48.490, 47.670, 48.260, 48.510, 49.220, 47.930, 49.160, 44.244][0.011, 0.006, 0.983]
44.4898: [48.140, 48.490, 47.670, 48.260, 48.510, 49.220, 47.930, 49.160, 44.490][0.011, 0.006, 0.982]
44.7356: [48.140, 48.490, 47.670, 48.260, 48.510, 49.220, 47.930, 49.160, 44.736][0.011, 0.006, 0.982]
44.9814: [48.140, 48.490, 47.670, 48.260, 48.510, 49.220, 47.930, 49.160, 44.981][0.012, 0.007, 0.982]
45.2272: [48.140, 48.490, 47.670, 48.260, 48.510, 49.220, 47.930, 49.160, 45.227][0.012, 0.007, 0.981]
45.473: [48.140, 48.490, 47.670, 48.260, 48.510, 49.220, 47.930, 49.160, 45.473][0.013, 0.008, 0.980]
45.7188: [48.140, 48.490, 47.670, 48.260, 48.510, 49.220, 47.930, 49.160, 45.719][0.014, 0.009, 0.977]
45.9646: [48.140, 48.490, 47.670, 48.260, 48.510, 49.220, 47.930, 49.160, 45.965][0.017, 0.011, 0.973]
46.2104: [48.140, 48.490, 47.670, 48.260, 48.510, 49.220, 47.930, 49.160, 46.210][0.022, 0.016, 0.962]
46.4562: [48.140, 48.490, 47.670, 48.260, 48.510, 49.220, 47.930, 49.160, 46.456][0.037, 0.033, 0.929]
46.702: [48.140, 48.490, 47.670, 48.260, 48.510, 49.220, 47.930, 49.160, 46.702][0.091, 0.119, 0.790]
46.9478: [48.140, 48.490, 47.670, 48.260, 48.510, 49.220, 47.930, 49.160, 46.948][0.198, 0.383, 0.419]
47.1936: [48.140, 48.490, 47.670, 48.260, 48.510, 49.220, 47.930, 49.160, 47.194][0.337, 0.473, 0.190]
47.4394: [48.140, 48.490, 47.670, 48.260, 48.510, 49.220, 47.930, 49.160, 47.439][0.498, 0.391, 0.111]
47.6852: [48.140, 48.490, 47.670, 48.260, 48.510, 49.220, 47.930, 49.160, 47.685][0.546, 0.360, 0.094]
47.931: [48.140, 48.490, 47.670, 48.260, 48.510, 49.220, 47.930, 49.160, 47.931][0.556, 0.353, 0.091]
48.1768: [48.140, 48.490, 47.670, 48.260, 48.510, 49.220, 47.930, 49.160, 48.177][0.559, 0.351, 0.090]
48.4226: [48.140, 48.490, 47.670, 48.260, 48.510, 49.220, 47.930, 49.160, 48.423][0.560, 0.350, 0.090]
48.6684: [48.140, 48.490, 47.670, 48.260, 48.510, 49.220, 47.930, 49.160, 48.668][0.561, 0.350, 0.090]
48.9142: [48.140, 48.490, 47.670, 48.260, 48.510, 49.220, 47.930, 49.160, 48.914][0.561, 0.350, 0.090]
49.16: [48.140, 48.490, 47.670, 48.260, 48.510, 49.220, 47.930, 49.160, 49.160][0.561, 0.349, 0.089]
49.4058: [48.140, 48.490, 47.670, 48.260, 48.510, 49.220, 47.930, 49.160, 49.406][0.561, 0.349, 0.089]
49.6516: [48.140, 48.490, 47.670, 48.260, 48.510, 49.220, 47.930, 49.160, 49.652][0.561, 0.349, 0.089]
49.8974: [48.140, 48.490, 47.670, 48.260, 48.510, 49.220, 47.930, 49.160, 49.897][0.561, 0.349, 0.089]
50.1432: [48.140, 48.490, 47.670, 48.260, 48.510, 49.220, 47.930, 49.160, 50.143][0.561, 0.349, 0.089]
50.389: [48.140, 48.490, 47.670, 48.260, 48.510, 49.220, 47.930, 49.160, 50.389][0.561, 0.349, 0.089]
50.6348: [48.140, 48.490, 47.670, 48.260, 48.510, 49.220, 47.930, 49.160, 50.635][0.561, 0.349, 0.089]
50.8806: [48.140, 48.490, 47.670, 48.260, 48.510, 49.220, 47.930, 49.160, 50.881][0.561, 0.349, 0.089]
51.1264: [48.140, 48.490, 47.670, 48.260, 48.510, 49.220, 47.930, 49.160, 51.126][0.561, 0.349, 0.089]
51.3722: [48.140, 48.490, 47.670, 48.260, 48.510, 49.220, 47.930, 49.160, 51.372][0.561, 0.349, 0.089]
51.618: [48.140, 48.490, 47.670, 48.260, 48.510, 49.220, 47.930, 49.160, 51.618][0.561, 0.349, 0.089]
51.8638: [48.140, 48.490, 47.670, 48.260, 48.510, 49.220, 47.930, 49.160, 51.864][0.561, 0.349, 0.089]
52.1096: [48.140, 48.490, 47.670, 48.260, 48.510, 49.220, 47.930, 49.160, 52.110][0.561, 0.349, 0.089]
52.3554: [48.140, 48.490, 47.670, 48.260, 48.510, 49.220, 47.930, 49.160, 52.355][0.561, 0.349, 0.089]
52.6012: [48.140, 48.490, 47.670, 48.260, 48.510, 49.220, 47.930, 49.160, 52.601][0.561, 0.349, 0.089]
52.847: [48.140, 48.490, 47.670, 48.260, 48.510, 49.220, 47.930, 49.160, 52.847][0.561, 0.349, 0.089]
53.0928: [48.140, 48.490, 47.670, 48.260, 48.510, 49.220, 47.930, 49.160, 53.093][0.561, 0.349, 0.089]
53.3386: [48.140, 48.490, 47.670, 48.260, 48.510, 49.220, 47.930, 49.160, 53.339][0.561, 0.349, 0.089]
53.5844: [48.140, 48.490, 47.670, 48.260, 48.510, 49.220, 47.930, 49.160, 53.584][0.561, 0.349, 0.089]
53.8302: [48.140, 48.490, 47.670, 48.260, 48.510, 49.220, 47.930, 49.160, 53.830][0.561, 0.349, 0.089]
