Loading Model: level_list/m1_100/tick_list/ATW/class/models/model.h5
history_filename: history_recent/ATW/history.json
Yesterday        : 2017-10-02: OHLCV: 9.1700, 9.2900, 8.9400, 9.1600, 6766188
UberYesterday    : 2017-09-29: OHLCV: 9.2000, 9.4600, 9.0600, 9.3900, 4272895
[u'9.1700', u'9.2900', u'8.9400', u'9.1600', u'6766188']
[u'9.2000', u'9.4600', u'9.0600', u'9.3900', u'4272895']
question_base :[9.2, 9.46, 9.06, 9.39, 9.17, 9.29, 8.94, 9.16]
8.244: [9.200, 9.460, 9.060, 9.390, 9.170, 9.290, 8.940, 9.160, 8.244][0.110, 0.219, 0.671]
8.2898: [9.200, 9.460, 9.060, 9.390, 9.170, 9.290, 8.940, 9.160, 8.290][0.118, 0.229, 0.653]
8.3356: [9.200, 9.460, 9.060, 9.390, 9.170, 9.290, 8.940, 9.160, 8.336][0.128, 0.238, 0.634]
8.3814: [9.200, 9.460, 9.060, 9.390, 9.170, 9.290, 8.940, 9.160, 8.381][0.140, 0.246, 0.614]
8.4272: [9.200, 9.460, 9.060, 9.390, 9.170, 9.290, 8.940, 9.160, 8.427][0.154, 0.252, 0.594]
8.473: [9.200, 9.460, 9.060, 9.390, 9.170, 9.290, 8.940, 9.160, 8.473][0.171, 0.255, 0.574]
8.5188: [9.200, 9.460, 9.060, 9.390, 9.170, 9.290, 8.940, 9.160, 8.519][0.190, 0.255, 0.555]
8.5646: [9.200, 9.460, 9.060, 9.390, 9.170, 9.290, 8.940, 9.160, 8.565][0.213, 0.251, 0.537]
8.6104: [9.200, 9.460, 9.060, 9.390, 9.170, 9.290, 8.940, 9.160, 8.610][0.238, 0.242, 0.519]
8.6562: [9.200, 9.460, 9.060, 9.390, 9.170, 9.290, 8.940, 9.160, 8.656][0.267, 0.230, 0.504]
8.702: [9.200, 9.460, 9.060, 9.390, 9.170, 9.290, 8.940, 9.160, 8.702][0.297, 0.214, 0.488]
8.7478: [9.200, 9.460, 9.060, 9.390, 9.170, 9.290, 8.940, 9.160, 8.748][0.329, 0.197, 0.474]
8.7936: [9.200, 9.460, 9.060, 9.390, 9.170, 9.290, 8.940, 9.160, 8.794][0.361, 0.179, 0.459]
8.8394: [9.200, 9.460, 9.060, 9.390, 9.170, 9.290, 8.940, 9.160, 8.839][0.392, 0.163, 0.445]
8.8852: [9.200, 9.460, 9.060, 9.390, 9.170, 9.290, 8.940, 9.160, 8.885][0.421, 0.148, 0.431]
8.931: [9.200, 9.460, 9.060, 9.390, 9.170, 9.290, 8.940, 9.160, 8.931][0.449, 0.135, 0.416]
8.9768: [9.200, 9.460, 9.060, 9.390, 9.170, 9.290, 8.940, 9.160, 8.977][0.474, 0.124, 0.402]
9.0226: [9.200, 9.460, 9.060, 9.390, 9.170, 9.290, 8.940, 9.160, 9.023][0.497, 0.116, 0.388]
9.0684: [9.200, 9.460, 9.060, 9.390, 9.170, 9.290, 8.940, 9.160, 9.068][0.518, 0.109, 0.373]
9.1142: [9.200, 9.460, 9.060, 9.390, 9.170, 9.290, 8.940, 9.160, 9.114][0.538, 0.104, 0.359]
9.16: [9.200, 9.460, 9.060, 9.390, 9.170, 9.290, 8.940, 9.160, 9.160][0.556, 0.099, 0.344]
9.2058: [9.200, 9.460, 9.060, 9.390, 9.170, 9.290, 8.940, 9.160, 9.206][0.573, 0.096, 0.330]
9.2516: [9.200, 9.460, 9.060, 9.390, 9.170, 9.290, 8.940, 9.160, 9.252][0.590, 0.094, 0.317]
9.2974: [9.200, 9.460, 9.060, 9.390, 9.170, 9.290, 8.940, 9.160, 9.297][0.605, 0.092, 0.303]
9.3432: [9.200, 9.460, 9.060, 9.390, 9.170, 9.290, 8.940, 9.160, 9.343][0.619, 0.090, 0.291]
9.389: [9.200, 9.460, 9.060, 9.390, 9.170, 9.290, 8.940, 9.160, 9.389][0.632, 0.089, 0.279]
9.4348: [9.200, 9.460, 9.060, 9.390, 9.170, 9.290, 8.940, 9.160, 9.435][0.645, 0.088, 0.267]
9.4806: [9.200, 9.460, 9.060, 9.390, 9.170, 9.290, 8.940, 9.160, 9.481][0.657, 0.087, 0.257]
9.5264: [9.200, 9.460, 9.060, 9.390, 9.170, 9.290, 8.940, 9.160, 9.526][0.667, 0.086, 0.247]
9.5722: [9.200, 9.460, 9.060, 9.390, 9.170, 9.290, 8.940, 9.160, 9.572][0.677, 0.085, 0.238]
9.618: [9.200, 9.460, 9.060, 9.390, 9.170, 9.290, 8.940, 9.160, 9.618][0.686, 0.084, 0.229]
9.6638: [9.200, 9.460, 9.060, 9.390, 9.170, 9.290, 8.940, 9.160, 9.664][0.695, 0.083, 0.222]
9.7096: [9.200, 9.460, 9.060, 9.390, 9.170, 9.290, 8.940, 9.160, 9.710][0.703, 0.082, 0.215]
9.7554: [9.200, 9.460, 9.060, 9.390, 9.170, 9.290, 8.940, 9.160, 9.755][0.710, 0.082, 0.209]
9.8012: [9.200, 9.460, 9.060, 9.390, 9.170, 9.290, 8.940, 9.160, 9.801][0.716, 0.081, 0.203]
9.847: [9.200, 9.460, 9.060, 9.390, 9.170, 9.290, 8.940, 9.160, 9.847][0.722, 0.080, 0.198]
9.8928: [9.200, 9.460, 9.060, 9.390, 9.170, 9.290, 8.940, 9.160, 9.893][0.728, 0.079, 0.193]
9.9386: [9.200, 9.460, 9.060, 9.390, 9.170, 9.290, 8.940, 9.160, 9.939][0.733, 0.078, 0.189]
9.9844: [9.200, 9.460, 9.060, 9.390, 9.170, 9.290, 8.940, 9.160, 9.984][0.737, 0.077, 0.185]
10.0302: [9.200, 9.460, 9.060, 9.390, 9.170, 9.290, 8.940, 9.160, 10.030][0.742, 0.077, 0.182]
10.076: [9.200, 9.460, 9.060, 9.390, 9.170, 9.290, 8.940, 9.160, 10.076][0.746, 0.076, 0.179]
