Loading Model: level_list/m1_100/tick_list/DXPE/class/models/model.h5
history_filename: history_recent/DXPE/history.json
Yesterday        : 2017-10-02: OHLCV: 31.4200, 32.3200, 31.0300, 32.3200, 67918
UberYesterday    : 2017-09-29: OHLCV: 31.6000, 31.8000, 31.3000, 31.4900, 51393
[u'31.4200', u'32.3200', u'31.0300', u'32.3200', u'67918']
[u'31.6000', u'31.8000', u'31.3000', u'31.4900', u'51393']
question_base :[31.6, 31.8, 31.3, 31.49, 31.42, 32.32, 31.03, 32.32]
29.088: [31.600, 31.800, 31.300, 31.490, 31.420, 32.320, 31.030, 32.320, 29.088][0.074, 0.660, 0.266]
29.2496: [31.600, 31.800, 31.300, 31.490, 31.420, 32.320, 31.030, 32.320, 29.250][0.074, 0.658, 0.268]
29.4112: [31.600, 31.800, 31.300, 31.490, 31.420, 32.320, 31.030, 32.320, 29.411][0.074, 0.657, 0.269]
29.5728: [31.600, 31.800, 31.300, 31.490, 31.420, 32.320, 31.030, 32.320, 29.573][0.074, 0.655, 0.271]
29.7344: [31.600, 31.800, 31.300, 31.490, 31.420, 32.320, 31.030, 32.320, 29.734][0.074, 0.653, 0.273]
29.896: [31.600, 31.800, 31.300, 31.490, 31.420, 32.320, 31.030, 32.320, 29.896][0.075, 0.651, 0.275]
30.0576: [31.600, 31.800, 31.300, 31.490, 31.420, 32.320, 31.030, 32.320, 30.058][0.075, 0.649, 0.277]
30.2192: [31.600, 31.800, 31.300, 31.490, 31.420, 32.320, 31.030, 32.320, 30.219][0.075, 0.646, 0.279]
30.3808: [31.600, 31.800, 31.300, 31.490, 31.420, 32.320, 31.030, 32.320, 30.381][0.075, 0.644, 0.281]
30.5424: [31.600, 31.800, 31.300, 31.490, 31.420, 32.320, 31.030, 32.320, 30.542][0.075, 0.641, 0.284]
30.704: [31.600, 31.800, 31.300, 31.490, 31.420, 32.320, 31.030, 32.320, 30.704][0.075, 0.638, 0.286]
30.8656: [31.600, 31.800, 31.300, 31.490, 31.420, 32.320, 31.030, 32.320, 30.866][0.076, 0.635, 0.289]
31.0272: [31.600, 31.800, 31.300, 31.490, 31.420, 32.320, 31.030, 32.320, 31.027][0.076, 0.632, 0.292]
31.1888: [31.600, 31.800, 31.300, 31.490, 31.420, 32.320, 31.030, 32.320, 31.189][0.076, 0.629, 0.295]
31.3504: [31.600, 31.800, 31.300, 31.490, 31.420, 32.320, 31.030, 32.320, 31.350][0.076, 0.625, 0.298]
31.512: [31.600, 31.800, 31.300, 31.490, 31.420, 32.320, 31.030, 32.320, 31.512][0.077, 0.622, 0.302]
31.6736: [31.600, 31.800, 31.300, 31.490, 31.420, 32.320, 31.030, 32.320, 31.674][0.077, 0.618, 0.306]
31.8352: [31.600, 31.800, 31.300, 31.490, 31.420, 32.320, 31.030, 32.320, 31.835][0.077, 0.614, 0.309]
31.9968: [31.600, 31.800, 31.300, 31.490, 31.420, 32.320, 31.030, 32.320, 31.997][0.077, 0.609, 0.313]
32.1584: [31.600, 31.800, 31.300, 31.490, 31.420, 32.320, 31.030, 32.320, 32.158][0.078, 0.605, 0.317]
32.32: [31.600, 31.800, 31.300, 31.490, 31.420, 32.320, 31.030, 32.320, 32.320][0.078, 0.600, 0.322]
32.4816: [31.600, 31.800, 31.300, 31.490, 31.420, 32.320, 31.030, 32.320, 32.482][0.078, 0.596, 0.326]
32.6432: [31.600, 31.800, 31.300, 31.490, 31.420, 32.320, 31.030, 32.320, 32.643][0.078, 0.591, 0.331]
32.8048: [31.600, 31.800, 31.300, 31.490, 31.420, 32.320, 31.030, 32.320, 32.805][0.079, 0.586, 0.336]
32.9664: [31.600, 31.800, 31.300, 31.490, 31.420, 32.320, 31.030, 32.320, 32.966][0.079, 0.580, 0.341]
33.128: [31.600, 31.800, 31.300, 31.490, 31.420, 32.320, 31.030, 32.320, 33.128][0.079, 0.575, 0.346]
33.2896: [31.600, 31.800, 31.300, 31.490, 31.420, 32.320, 31.030, 32.320, 33.290][0.079, 0.569, 0.352]
33.4512: [31.600, 31.800, 31.300, 31.490, 31.420, 32.320, 31.030, 32.320, 33.451][0.080, 0.563, 0.357]
33.6128: [31.600, 31.800, 31.300, 31.490, 31.420, 32.320, 31.030, 32.320, 33.613][0.080, 0.557, 0.363]
33.7744: [31.600, 31.800, 31.300, 31.490, 31.420, 32.320, 31.030, 32.320, 33.774][0.080, 0.550, 0.369]
33.936: [31.600, 31.800, 31.300, 31.490, 31.420, 32.320, 31.030, 32.320, 33.936][0.081, 0.544, 0.375]
34.0976: [31.600, 31.800, 31.300, 31.490, 31.420, 32.320, 31.030, 32.320, 34.098][0.081, 0.537, 0.382]
34.2592: [31.600, 31.800, 31.300, 31.490, 31.420, 32.320, 31.030, 32.320, 34.259][0.081, 0.531, 0.388]
34.4208: [31.600, 31.800, 31.300, 31.490, 31.420, 32.320, 31.030, 32.320, 34.421][0.082, 0.524, 0.395]
34.5824: [31.600, 31.800, 31.300, 31.490, 31.420, 32.320, 31.030, 32.320, 34.582][0.082, 0.517, 0.401]
34.744: [31.600, 31.800, 31.300, 31.490, 31.420, 32.320, 31.030, 32.320, 34.744][0.082, 0.510, 0.408]
34.9056: [31.600, 31.800, 31.300, 31.490, 31.420, 32.320, 31.030, 32.320, 34.906][0.083, 0.503, 0.414]
35.0672: [31.600, 31.800, 31.300, 31.490, 31.420, 32.320, 31.030, 32.320, 35.067][0.083, 0.496, 0.421]
35.2288: [31.600, 31.800, 31.300, 31.490, 31.420, 32.320, 31.030, 32.320, 35.229][0.084, 0.489, 0.427]
35.3904: [31.600, 31.800, 31.300, 31.490, 31.420, 32.320, 31.030, 32.320, 35.390][0.084, 0.482, 0.433]
35.552: [31.600, 31.800, 31.300, 31.490, 31.420, 32.320, 31.030, 32.320, 35.552][0.085, 0.476, 0.439]
