Loading Model: level_list/m1_100/tick_list/INSY/class/models/model.h5
history_filename: history_recent/INSY/history.json
Yesterday        : 2017-10-02: OHLCV: 8.9700, 10.1900, 8.9300, 9.9500, 1601947
UberYesterday    : 2017-09-29: OHLCV: 8.8900, 9.0100, 8.8200, 8.8800, 365970
[u'8.9700', u'10.1900', u'8.9300', u'9.9500', u'1601947']
[u'8.8900', u'9.0100', u'8.8200', u'8.8800', u'365970']
question_base :[8.89, 9.01, 8.82, 8.88, 8.97, 10.19, 8.93, 9.95]
8.955: [8.890, 9.010, 8.820, 8.880, 8.970, 10.190, 8.930, 9.950, 8.955][0.333, 0.400, 0.267]
9.00475: [8.890, 9.010, 8.820, 8.880, 8.970, 10.190, 8.930, 9.950, 9.005][0.333, 0.400, 0.267]
9.0545: [8.890, 9.010, 8.820, 8.880, 8.970, 10.190, 8.930, 9.950, 9.054][0.333, 0.400, 0.267]
9.10425: [8.890, 9.010, 8.820, 8.880, 8.970, 10.190, 8.930, 9.950, 9.104][0.333, 0.400, 0.267]
9.154: [8.890, 9.010, 8.820, 8.880, 8.970, 10.190, 8.930, 9.950, 9.154][0.333, 0.400, 0.267]
9.20375: [8.890, 9.010, 8.820, 8.880, 8.970, 10.190, 8.930, 9.950, 9.204][0.333, 0.400, 0.267]
9.2535: [8.890, 9.010, 8.820, 8.880, 8.970, 10.190, 8.930, 9.950, 9.253][0.333, 0.400, 0.267]
9.30325: [8.890, 9.010, 8.820, 8.880, 8.970, 10.190, 8.930, 9.950, 9.303][0.333, 0.400, 0.267]
9.353: [8.890, 9.010, 8.820, 8.880, 8.970, 10.190, 8.930, 9.950, 9.353][0.333, 0.400, 0.267]
9.40275: [8.890, 9.010, 8.820, 8.880, 8.970, 10.190, 8.930, 9.950, 9.403][0.333, 0.400, 0.267]
9.4525: [8.890, 9.010, 8.820, 8.880, 8.970, 10.190, 8.930, 9.950, 9.452][0.333, 0.400, 0.267]
9.50225: [8.890, 9.010, 8.820, 8.880, 8.970, 10.190, 8.930, 9.950, 9.502][0.333, 0.400, 0.267]
9.552: [8.890, 9.010, 8.820, 8.880, 8.970, 10.190, 8.930, 9.950, 9.552][0.333, 0.400, 0.267]
9.60175: [8.890, 9.010, 8.820, 8.880, 8.970, 10.190, 8.930, 9.950, 9.602][0.333, 0.400, 0.267]
9.6515: [8.890, 9.010, 8.820, 8.880, 8.970, 10.190, 8.930, 9.950, 9.651][0.333, 0.400, 0.267]
9.70125: [8.890, 9.010, 8.820, 8.880, 8.970, 10.190, 8.930, 9.950, 9.701][0.333, 0.400, 0.267]
9.751: [8.890, 9.010, 8.820, 8.880, 8.970, 10.190, 8.930, 9.950, 9.751][0.333, 0.400, 0.267]
9.80075: [8.890, 9.010, 8.820, 8.880, 8.970, 10.190, 8.930, 9.950, 9.801][0.333, 0.400, 0.267]
9.8505: [8.890, 9.010, 8.820, 8.880, 8.970, 10.190, 8.930, 9.950, 9.850][0.333, 0.400, 0.267]
9.90025: [8.890, 9.010, 8.820, 8.880, 8.970, 10.190, 8.930, 9.950, 9.900][0.333, 0.400, 0.267]
9.95: [8.890, 9.010, 8.820, 8.880, 8.970, 10.190, 8.930, 9.950, 9.950][0.333, 0.400, 0.267]
9.99975: [8.890, 9.010, 8.820, 8.880, 8.970, 10.190, 8.930, 9.950, 10.000][0.333, 0.400, 0.267]
10.0495: [8.890, 9.010, 8.820, 8.880, 8.970, 10.190, 8.930, 9.950, 10.049][0.333, 0.400, 0.267]
10.09925: [8.890, 9.010, 8.820, 8.880, 8.970, 10.190, 8.930, 9.950, 10.099][0.333, 0.400, 0.267]
10.149: [8.890, 9.010, 8.820, 8.880, 8.970, 10.190, 8.930, 9.950, 10.149][0.333, 0.400, 0.267]
10.19875: [8.890, 9.010, 8.820, 8.880, 8.970, 10.190, 8.930, 9.950, 10.199][0.333, 0.400, 0.267]
10.2485: [8.890, 9.010, 8.820, 8.880, 8.970, 10.190, 8.930, 9.950, 10.248][0.333, 0.400, 0.267]
10.29825: [8.890, 9.010, 8.820, 8.880, 8.970, 10.190, 8.930, 9.950, 10.298][0.333, 0.400, 0.267]
10.348: [8.890, 9.010, 8.820, 8.880, 8.970, 10.190, 8.930, 9.950, 10.348][0.333, 0.400, 0.267]
10.39775: [8.890, 9.010, 8.820, 8.880, 8.970, 10.190, 8.930, 9.950, 10.398][0.333, 0.400, 0.267]
10.4475: [8.890, 9.010, 8.820, 8.880, 8.970, 10.190, 8.930, 9.950, 10.447][0.333, 0.400, 0.267]
10.49725: [8.890, 9.010, 8.820, 8.880, 8.970, 10.190, 8.930, 9.950, 10.497][0.333, 0.400, 0.267]
10.547: [8.890, 9.010, 8.820, 8.880, 8.970, 10.190, 8.930, 9.950, 10.547][0.333, 0.400, 0.267]
10.59675: [8.890, 9.010, 8.820, 8.880, 8.970, 10.190, 8.930, 9.950, 10.597][0.333, 0.400, 0.267]
10.6465: [8.890, 9.010, 8.820, 8.880, 8.970, 10.190, 8.930, 9.950, 10.646][0.333, 0.400, 0.267]
10.69625: [8.890, 9.010, 8.820, 8.880, 8.970, 10.190, 8.930, 9.950, 10.696][0.333, 0.400, 0.267]
10.746: [8.890, 9.010, 8.820, 8.880, 8.970, 10.190, 8.930, 9.950, 10.746][0.333, 0.400, 0.267]
10.79575: [8.890, 9.010, 8.820, 8.880, 8.970, 10.190, 8.930, 9.950, 10.796][0.333, 0.400, 0.267]
10.8455: [8.890, 9.010, 8.820, 8.880, 8.970, 10.190, 8.930, 9.950, 10.845][0.333, 0.400, 0.267]
10.89525: [8.890, 9.010, 8.820, 8.880, 8.970, 10.190, 8.930, 9.950, 10.895][0.333, 0.400, 0.267]
10.945: [8.890, 9.010, 8.820, 8.880, 8.970, 10.190, 8.930, 9.950, 10.945][0.333, 0.400, 0.267]
