Loading Model: level_list/m1_100/tick_list/XONE/class/models/model.h5
history_filename: history_recent/XONE/history.json
Yesterday        : 2017-10-02: OHLCV: 11.2100, 11.4200, 11.1300, 11.1800, 146968
UberYesterday    : 2017-09-29: OHLCV: 11.3000, 11.4700, 11.1200, 11.3600, 200345
[u'11.2100', u'11.4200', u'11.1300', u'11.1800', u'146968']
[u'11.3000', u'11.4700', u'11.1200', u'11.3600', u'200345']
question_base :[11.3, 11.47, 11.12, 11.36, 11.21, 11.42, 11.13, 11.18]
10.062: [11.300, 11.470, 11.120, 11.360, 11.210, 11.420, 11.130, 11.180, 10.062][0.119, 0.170, 0.712]
10.1179: [11.300, 11.470, 11.120, 11.360, 11.210, 11.420, 11.130, 11.180, 10.118][0.119, 0.170, 0.712]
10.1738: [11.300, 11.470, 11.120, 11.360, 11.210, 11.420, 11.130, 11.180, 10.174][0.119, 0.170, 0.712]
10.2297: [11.300, 11.470, 11.120, 11.360, 11.210, 11.420, 11.130, 11.180, 10.230][0.119, 0.170, 0.712]
10.2856: [11.300, 11.470, 11.120, 11.360, 11.210, 11.420, 11.130, 11.180, 10.286][0.119, 0.170, 0.712]
10.3415: [11.300, 11.470, 11.120, 11.360, 11.210, 11.420, 11.130, 11.180, 10.341][0.119, 0.170, 0.712]
10.3974: [11.300, 11.470, 11.120, 11.360, 11.210, 11.420, 11.130, 11.180, 10.397][0.119, 0.170, 0.712]
10.4533: [11.300, 11.470, 11.120, 11.360, 11.210, 11.420, 11.130, 11.180, 10.453][0.118, 0.170, 0.712]
10.5092: [11.300, 11.470, 11.120, 11.360, 11.210, 11.420, 11.130, 11.180, 10.509][0.118, 0.170, 0.712]
10.5651: [11.300, 11.470, 11.120, 11.360, 11.210, 11.420, 11.130, 11.180, 10.565][0.118, 0.171, 0.711]
10.621: [11.300, 11.470, 11.120, 11.360, 11.210, 11.420, 11.130, 11.180, 10.621][0.112, 0.183, 0.705]
10.6769: [11.300, 11.470, 11.120, 11.360, 11.210, 11.420, 11.130, 11.180, 10.677][0.081, 0.313, 0.607]
10.7328: [11.300, 11.470, 11.120, 11.360, 11.210, 11.420, 11.130, 11.180, 10.733][0.063, 0.607, 0.331]
10.7887: [11.300, 11.470, 11.120, 11.360, 11.210, 11.420, 11.130, 11.180, 10.789][0.128, 0.567, 0.305]
10.8446: [11.300, 11.470, 11.120, 11.360, 11.210, 11.420, 11.130, 11.180, 10.845][0.213, 0.481, 0.306]
10.9005: [11.300, 11.470, 11.120, 11.360, 11.210, 11.420, 11.130, 11.180, 10.900][0.276, 0.424, 0.300]
10.9564: [11.300, 11.470, 11.120, 11.360, 11.210, 11.420, 11.130, 11.180, 10.956][0.317, 0.389, 0.294]
11.0123: [11.300, 11.470, 11.120, 11.360, 11.210, 11.420, 11.130, 11.180, 11.012][0.343, 0.368, 0.289]
11.0682: [11.300, 11.470, 11.120, 11.360, 11.210, 11.420, 11.130, 11.180, 11.068][0.361, 0.354, 0.285]
11.1241: [11.300, 11.470, 11.120, 11.360, 11.210, 11.420, 11.130, 11.180, 11.124][0.373, 0.344, 0.283]
11.18: [11.300, 11.470, 11.120, 11.360, 11.210, 11.420, 11.130, 11.180, 11.180][0.382, 0.337, 0.281]
11.2359: [11.300, 11.470, 11.120, 11.360, 11.210, 11.420, 11.130, 11.180, 11.236][0.389, 0.332, 0.279]
11.2918: [11.300, 11.470, 11.120, 11.360, 11.210, 11.420, 11.130, 11.180, 11.292][0.395, 0.328, 0.278]
11.3477: [11.300, 11.470, 11.120, 11.360, 11.210, 11.420, 11.130, 11.180, 11.348][0.399, 0.324, 0.276]
11.4036: [11.300, 11.470, 11.120, 11.360, 11.210, 11.420, 11.130, 11.180, 11.404][0.403, 0.322, 0.276]
11.4595: [11.300, 11.470, 11.120, 11.360, 11.210, 11.420, 11.130, 11.180, 11.459][0.406, 0.319, 0.275]
11.5154: [11.300, 11.470, 11.120, 11.360, 11.210, 11.420, 11.130, 11.180, 11.515][0.408, 0.318, 0.274]
11.5713: [11.300, 11.470, 11.120, 11.360, 11.210, 11.420, 11.130, 11.180, 11.571][0.410, 0.316, 0.274]
11.6272: [11.300, 11.470, 11.120, 11.360, 11.210, 11.420, 11.130, 11.180, 11.627][0.412, 0.315, 0.273]
11.6831: [11.300, 11.470, 11.120, 11.360, 11.210, 11.420, 11.130, 11.180, 11.683][0.413, 0.314, 0.273]
11.739: [11.300, 11.470, 11.120, 11.360, 11.210, 11.420, 11.130, 11.180, 11.739][0.415, 0.313, 0.273]
11.7949: [11.300, 11.470, 11.120, 11.360, 11.210, 11.420, 11.130, 11.180, 11.795][0.416, 0.312, 0.272]
11.8508: [11.300, 11.470, 11.120, 11.360, 11.210, 11.420, 11.130, 11.180, 11.851][0.417, 0.311, 0.272]
11.9067: [11.300, 11.470, 11.120, 11.360, 11.210, 11.420, 11.130, 11.180, 11.907][0.418, 0.311, 0.272]
11.9626: [11.300, 11.470, 11.120, 11.360, 11.210, 11.420, 11.130, 11.180, 11.963][0.418, 0.310, 0.272]
12.0185: [11.300, 11.470, 11.120, 11.360, 11.210, 11.420, 11.130, 11.180, 12.018][0.419, 0.310, 0.271]
12.0744: [11.300, 11.470, 11.120, 11.360, 11.210, 11.420, 11.130, 11.180, 12.074][0.419, 0.309, 0.271]
12.1303: [11.300, 11.470, 11.120, 11.360, 11.210, 11.420, 11.130, 11.180, 12.130][0.420, 0.309, 0.271]
12.1862: [11.300, 11.470, 11.120, 11.360, 11.210, 11.420, 11.130, 11.180, 12.186][0.420, 0.309, 0.271]
12.2421: [11.300, 11.470, 11.120, 11.360, 11.210, 11.420, 11.130, 11.180, 12.242][0.421, 0.308, 0.271]
12.298: [11.300, 11.470, 11.120, 11.360, 11.210, 11.420, 11.130, 11.180, 12.298][0.421, 0.308, 0.271]
