[[ 31.   0.   7.]
 [ 13.   0.   6.]
 [ 13.   0.  30.]]
cf_score, 41.0
ratio, 0.616161616162
[[ 19.   2.   8.]
 [ 10.   0.  17.]
 [  9.   0.  35.]]
cf_score, 37.0
ratio, 0.545454545455
[[ 17.   3.  12.]
 [ 14.   2.  15.]
 [  2.   3.  32.]]
cf_score, 37.0
ratio, 0.515151515152
[[ 14.   6.  11.]
 [  6.   6.  23.]
 [  2.   4.  28.]]
cf_score, 35.0
ratio, 0.484848484848
[[ 12.   3.  11.]
 [  9.  12.  14.]
 [  1.   5.  33.]]
cf_score, 45.0
ratio, 0.575757575758
[[ 15.   7.  12.]
 [  6.  13.  16.]
 [  3.   7.  21.]]
cf_score, 34.0
ratio, 0.494949494949
[[ 18.   4.   9.]
 [  9.  11.  14.]
 [  1.   5.  29.]]
cf_score, 48.0
ratio, 0.585858585859
[[ 19.  11.   8.]
 [  8.  11.  20.]
 [  1.   4.  18.]]
cf_score, 39.0
ratio, 0.484848484848
[[ 14.   7.   5.]
 [  8.  13.  21.]
 [  0.   7.  25.]]
cf_score, 47.0
ratio, 0.525252525253
[[ 15.  19.   6.]
 [  6.  13.  11.]
 [  1.   3.  26.]]
cf_score, 47.0
ratio, 0.545454545455
[[ 15.   9.   9.]
 [  5.  12.  11.]
 [  0.  12.  27.]]
cf_score, 45.0
ratio, 0.545454545455
[[ 17.   3.   6.]
 [  7.  17.  13.]
 [  1.  13.  23.]]
cf_score, 50.0
ratio, 0.575757575758
[[ 11.   9.   7.]
 [  8.  18.   9.]
 [  1.  12.  25.]]
cf_score, 46.0
ratio, 0.545454545455
[[ 14.   8.   7.]
 [  6.  15.  12.]
 [  0.   8.  30.]]
cf_score, 52.0
ratio, 0.59595959596
[[ 19.   9.   7.]
 [  7.  13.  15.]
 [  0.   7.  23.]]
cf_score, 48.0
ratio, 0.555555555556
[[ 12.   8.   9.]
 [ 10.  14.   7.]
 [  2.   9.  29.]]
cf_score, 44.0
ratio, 0.555555555556
[[ 17.   6.   4.]
 [  5.  12.  16.]
 [  1.   6.  33.]]
cf_score, 57.0
ratio, 0.626262626263
[[ 13.   8.   7.]
 [  7.  18.  14.]
 [  2.   9.  22.]]
cf_score, 44.0
ratio, 0.535353535354
[[ 18.  14.   7.]
 [  3.   6.  17.]
 [  0.  10.  25.]]
cf_score, 42.0
ratio, 0.494949494949
[[ 14.  10.   5.]
 [  7.  15.   9.]
 [  0.  14.  26.]]
cf_score, 50.0
ratio, 0.555555555556
[[ 12.   4.   8.]
 [  7.   9.  19.]
 [  0.  11.  30.]]
cf_score, 43.0
ratio, 0.515151515152
[[ 12.   6.   6.]
 [  5.  10.  12.]
 [  0.  16.  33.]]
cf_score, 49.0
ratio, 0.555555555556
[[ 15.  10.   2.]
 [  6.  18.  12.]
 [  1.  17.  19.]]
cf_score, 49.0
ratio, 0.525252525253
[[ 13.   7.   4.]
 [  8.  15.  10.]
 [  1.  22.  20.]]
cf_score, 43.0
ratio, 0.484848484848
[[ 14.  12.  11.]
 [  6.   8.  13.]
 [  0.  11.  25.]]
cf_score, 36.0
ratio, 0.474747474747
[[ 14.  14.   4.]
 [  7.  13.  18.]
 [  0.   7.  23.]]
cf_score, 46.0
ratio, 0.505050505051
[[ 13.   9.   7.]
 [  5.  13.  14.]
 [  0.  16.  23.]]
cf_score, 42.0
ratio, 0.494949494949
[[ 14.  13.   7.]
 [  5.  17.   8.]
 [  0.   8.  28.]]
cf_score, 52.0
ratio, 0.59595959596
[[ 12.   8.  10.]
 [  3.   8.  16.]
 [  0.  18.  25.]]
cf_score, 35.0
ratio, 0.454545454545
[[ 19.   6.  11.]
 [  5.  15.  13.]
 [  0.   9.  22.]]
cf_score, 45.0
ratio, 0.565656565657
[[ 10.  20.   6.]
 [  2.  10.  19.]
 [  0.  15.  18.]]
cf_score, 32.0
ratio, 0.383838383838
[[ 22.  14.   7.]
 [  5.  15.   7.]
 [  0.   9.  21.]]
cf_score, 51.0
ratio, 0.585858585859
[[ 16.   9.   8.]
 [  6.  12.  13.]
 [  0.  12.  24.]]
cf_score, 44.0
ratio, 0.525252525253
[[ 16.   2.   6.]
 [  5.  18.   9.]
 [  0.  13.  31.]]
cf_score, 59.0
ratio, 0.656565656566
[[ 18.   7.  11.]
 [  4.  11.  14.]
 [  0.   8.  27.]]
cf_score, 45.0
ratio, 0.565656565657
[[ 14.  13.   4.]
 [  5.  15.  13.]
 [  0.  19.  17.]]
cf_score, 42.0
ratio, 0.464646464646
[[ 22.  10.   4.]
 [  5.  18.  16.]
 [  0.   9.  16.]]
cf_score, 52.0
ratio, 0.565656565657
[[  8.   7.   4.]
 [  7.   7.  11.]
 [  0.  17.  39.]]
cf_score, 50.0
ratio, 0.545454545455
[[ 12.  14.   8.]
 [  7.  13.  14.]
 [  0.  10.  22.]]
cf_score, 39.0
ratio, 0.474747474747
[[ 11.  10.  15.]
 [  8.  16.  13.]
 [  0.  15.  12.]]
cf_score, 24.0
ratio, 0.393939393939
[[ 17.  10.   5.]
 [  6.  15.  20.]
 [  0.   7.  20.]]
cf_score, 47.0
ratio, 0.525252525253
[[ 22.   8.   5.]
 [  5.  17.  11.]
 [  0.  10.  22.]]
cf_score, 56.0
ratio, 0.616161616162
[[  6.  12.   8.]
 [  4.  13.  15.]
 [  0.  13.  29.]]
cf_score, 40.0
ratio, 0.484848484848
[[ 19.   6.   5.]
 [  4.  13.  15.]
 [  0.  12.  26.]]
cf_score, 53.0
ratio, 0.585858585859
[[ 14.  16.   9.]
 [  5.  13.  14.]
 [  0.   6.  23.]]
cf_score, 41.0
ratio, 0.505050505051
[[ 17.  11.   7.]
 [  3.  16.   7.]
 [  0.  15.  24.]]
cf_score, 50.0
ratio, 0.575757575758
[[ 13.   9.   3.]
 [  7.  19.  10.]
 [  0.  10.  29.]]
cf_score, 58.0
ratio, 0.616161616162
[[ 17.  10.   4.]
 [  4.  14.   6.]
 [  0.  19.  26.]]
cf_score, 53.0
ratio, 0.575757575758
[[ 18.  11.   5.]
 [  7.  18.   9.]
 [  0.  12.  20.]]
cf_score, 51.0
ratio, 0.565656565657
[[ 10.  11.   5.]
 [  1.  16.  16.]
 [  0.  16.  25.]]
cf_score, 46.0
ratio, 0.515151515152
