[[  0.  19.  10.]
 [  0.  24.  19.]
 [  0.  17.  11.]]
cf_score, 25.0
ratio, 0.353535353535
[[  1.  19.  14.]
 [  0.  26.   9.]
 [  2.  15.  14.]]
cf_score, 25.0
ratio, 0.414141414141
[[  3.   9.  22.]
 [  4.  13.  14.]
 [  1.  10.  24.]]
cf_score, 17.0
ratio, 0.40404040404
[[  4.  22.  15.]
 [  2.  23.   9.]
 [  4.   9.  12.]]
cf_score, 20.0
ratio, 0.393939393939
[[  4.   9.  16.]
 [  3.  26.  12.]
 [  3.   8.  19.]]
cf_score, 30.0
ratio, 0.494949494949
[[  2.  19.   9.]
 [  4.  23.  15.]
 [  2.   9.  17.]]
cf_score, 31.0
ratio, 0.424242424242
[[  2.  10.  16.]
 [  4.  22.   9.]
 [  4.  17.  16.]]
cf_score, 20.0
ratio, 0.40404040404
[[  6.   9.  18.]
 [  1.  16.  17.]
 [  3.   6.  24.]]
cf_score, 25.0
ratio, 0.464646464646
[[  4.   8.  14.]
 [  1.  19.  16.]
 [  6.  13.  19.]]
cf_score, 22.0
ratio, 0.424242424242
[[  4.   8.  10.]
 [  1.  23.  17.]
 [  3.  15.  19.]]
cf_score, 33.0
ratio, 0.464646464646
[[  2.  17.  19.]
 [  6.  18.  12.]
 [  2.  12.  12.]]
cf_score, 11.0
ratio, 0.323232323232
[[  1.  21.  17.]
 [  4.  12.  13.]
 [  2.   8.  22.]]
cf_score, 16.0
ratio, 0.353535353535
[[  5.  13.  16.]
 [  1.  14.  14.]
 [  1.   9.  27.]]
cf_score, 29.0
ratio, 0.464646464646
[[  4.  16.  11.]
 [  5.  21.  14.]
 [  1.  13.  15.]]
cf_score, 28.0
ratio, 0.40404040404
[[  4.   9.  19.]
 [  4.  23.  15.]
 [  0.  10.  16.]]
cf_score, 24.0
ratio, 0.434343434343
[[  5.  17.  22.]
 [  5.  17.   9.]
 [  3.   4.  18.]]
cf_score, 15.0
ratio, 0.40404040404
[[  6.  19.   6.]
 [  5.  16.   9.]
 [ 12.  12.  15.]]
cf_score, 19.0
ratio, 0.373737373737
[[  4.  14.  17.]
 [  1.  16.  13.]
 [  3.  10.  22.]]
cf_score, 22.0
ratio, 0.424242424242
[[  8.  13.  15.]
 [  4.  18.  13.]
 [  7.   8.  14.]]
cf_score, 18.0
ratio, 0.40404040404
[[  5.   9.  17.]
 [  0.  18.  20.]
 [  2.   4.  25.]]
cf_score, 29.0
ratio, 0.484848484848
[[  3.  12.  15.]
 [  4.  19.   6.]
 [  3.   6.  32.]]
cf_score, 36.0
ratio, 0.545454545455
[[  1.  18.  18.]
 [  5.  21.  12.]
 [  1.   7.  17.]]
cf_score, 20.0
ratio, 0.393939393939
[[  5.  11.  15.]
 [  2.  25.  17.]
 [  4.   8.  13.]]
cf_score, 24.0
ratio, 0.434343434343
[[  3.  13.  11.]
 [  4.  17.  21.]
 [  2.   8.  21.]]
cf_score, 28.0
ratio, 0.414141414141
[[  2.  17.  17.]
 [  4.  22.  12.]
 [  7.   5.  14.]]
cf_score, 14.0
ratio, 0.383838383838
[[  7.  11.  15.]
 [  6.  16.  19.]
 [  2.   9.  15.]]
cf_score, 21.0
ratio, 0.383838383838
[[  4.  15.  18.]
 [  3.  17.  16.]
 [  4.   8.  15.]]
cf_score, 14.0
ratio, 0.363636363636
[[  3.  14.  18.]
 [  2.  18.  16.]
 [  5.  11.  13.]]
cf_score, 11.0
ratio, 0.343434343434
[[  5.  20.  17.]
 [  2.  21.  14.]
 [  4.   7.  10.]]
cf_score, 15.0
ratio, 0.363636363636
[[  3.  13.  16.]
 [  1.  23.  16.]
 [  3.  10.  15.]]
cf_score, 22.0
ratio, 0.414141414141
[[  6.  11.  11.]
 [  3.  28.  17.]
 [  4.   9.  11.]]
cf_score, 30.0
ratio, 0.454545454545
[[  6.   8.  12.]
 [  4.  16.  16.]
 [  3.   9.  26.]]
cf_score, 33.0
ratio, 0.484848484848
[[  7.  10.  15.]
 [  3.  24.   8.]
 [  8.   3.  22.]]
cf_score, 30.0
ratio, 0.535353535354
[[  5.  15.  19.]
 [ 11.  10.   8.]
 [  4.   7.  21.]]
cf_score, 13.0
ratio, 0.363636363636
[[  2.  10.  19.]
 [  2.  19.  18.]
 [  4.  11.  15.]]
cf_score, 13.0
ratio, 0.363636363636
[[  7.  11.  22.]
 [  3.  16.  12.]
 [  8.   8.  13.]]
cf_score, 6.0
ratio, 0.363636363636
[[  5.  12.  15.]
 [  3.  15.  11.]
 [  7.   6.  26.]]
cf_score, 24.0
ratio, 0.464646464646
[[  5.  19.  18.]
 [  4.  18.  12.]
 [  2.   4.  18.]]
cf_score, 21.0
ratio, 0.414141414141
[[  3.  11.  20.]
 [  2.  16.  21.]
 [  3.   6.  18.]]
cf_score, 14.0
ratio, 0.373737373737
[[  3.  12.  19.]
 [  8.  13.  18.]
 [  3.   2.  22.]]
cf_score, 16.0
ratio, 0.383838383838
[[  6.  12.  14.]
 [  5.  22.  14.]
 [  7.   3.  17.]]
cf_score, 24.0
ratio, 0.454545454545
[[  6.   8.  18.]
 [  6.   5.  16.]
 [  3.  10.  28.]]
cf_score, 18.0
ratio, 0.393939393939
[[  6.  14.  14.]
 [  5.  13.   9.]
 [  0.   7.  32.]]
cf_score, 37.0
ratio, 0.515151515152
[[  6.  13.  12.]
 [  5.  19.   9.]
 [  8.   7.  21.]]
cf_score, 26.0
ratio, 0.464646464646
[[  3.   7.  24.]
 [  3.  16.  11.]
 [  3.   5.  28.]]
cf_score, 20.0
ratio, 0.474747474747
[[  4.   8.  23.]
 [  3.  11.  17.]
 [  6.   8.  20.]]
cf_score, 6.0
ratio, 0.353535353535
[[  8.  11.  18.]
 [  5.  15.  13.]
 [  6.  11.  13.]]
cf_score, 12.0
ratio, 0.363636363636
[[  7.  10.  16.]
 [  5.  15.  16.]
 [  2.  13.  16.]]
cf_score, 20.0
ratio, 0.383838383838
[[  4.  11.  14.]
 [  6.  18.  16.]
 [  7.   5.  19.]]
cf_score, 20.0
ratio, 0.414141414141
[[ 13.   8.  19.]
 [  2.  12.  16.]
 [  5.   3.  22.]]
cf_score, 23.0
ratio, 0.474747474747
[[  6.  14.  14.]
 [  6.  15.  11.]
 [  5.   9.  20.]]
cf_score, 22.0
ratio, 0.414141414141
[[  4.  11.  17.]
 [  5.  16.  11.]
 [  1.   6.  29.]]
cf_score, 31.0
ratio, 0.494949494949
[[  7.   8.  14.]
 [  6.  17.  13.]
 [  9.   9.  17.]]
cf_score, 18.0
ratio, 0.414141414141
[[  5.  12.  18.]
 [  6.  17.  13.]
 [  5.   9.  15.]]
cf_score, 14.0
ratio, 0.373737373737
[[  5.  15.   8.]
 [  3.  29.  12.]
 [ 10.   3.  15.]]
cf_score, 31.0
ratio, 0.494949494949
[[  2.  13.  21.]
 [  8.  18.  12.]
 [  6.   9.  11.]]
cf_score, 4.0
ratio, 0.313131313131
[[  8.  11.  16.]
 [ 12.  19.   7.]
 [  4.   7.  16.]]
cf_score, 23.0
ratio, 0.434343434343
[[  4.  12.  16.]
 [  8.  20.   8.]
 [  3.  15.  14.]]
cf_score, 19.0
ratio, 0.383838383838
[[  4.   5.  17.]
 [  3.  16.  14.]
 [  7.  10.  24.]]
cf_score, 20.0
ratio, 0.444444444444
[[  5.   6.  18.]
 [  9.  10.  17.]
 [  5.   4.  26.]]
cf_score, 18.0
ratio, 0.414141414141
[[  8.  11.  15.]
 [  7.  18.   8.]
 [ 10.  10.  13.]]
cf_score, 14.0
ratio, 0.393939393939
[[  4.  10.  11.]
 [  5.  16.  18.]
 [ 11.   7.  18.]]
cf_score, 16.0
ratio, 0.383838383838
[[  5.   9.  12.]
 [  8.  20.   4.]
 [  8.  16.  18.]]
cf_score, 23.0
ratio, 0.434343434343
[[  9.   7.  18.]
 [  7.   8.  19.]
 [  1.   6.  25.]]
cf_score, 23.0
ratio, 0.424242424242
[[  4.  10.  11.]
 [  9.  26.   9.]
 [  3.   7.  21.]]
cf_score, 37.0
ratio, 0.515151515152
[[  8.   5.  12.]
 [  8.  13.  15.]
 [  4.   6.  29.]]
cf_score, 34.0
ratio, 0.505050505051
[[ 10.   6.  18.]
 [ 10.  10.  11.]
 [  3.   4.  28.]]
cf_score, 27.0
ratio, 0.484848484848
[[  6.   5.  19.]
 [ 11.  12.   8.]
 [  7.   3.  29.]]
cf_score, 21.0
ratio, 0.474747474747
[[  9.   3.  10.]
 [  6.  19.  16.]
 [  7.   9.  21.]]
cf_score, 32.0
ratio, 0.494949494949
[[  5.  10.  22.]
 [  4.   5.  22.]
 [  2.   3.  27.]]
cf_score, 13.0
ratio, 0.373737373737
[[ 13.  10.  11.]
 [  8.  19.  11.]
 [  2.   9.  17.]]
cf_score, 36.0
ratio, 0.494949494949
[[  9.   5.  17.]
 [  5.  16.  14.]
 [  4.   8.  22.]]
cf_score, 26.0
ratio, 0.474747474747
[[ 11.  12.  17.]
 [  6.  18.  11.]
 [  6.   4.  15.]]
cf_score, 21.0
ratio, 0.444444444444
[[  5.   9.  15.]
 [  6.  20.  11.]
 [  4.   5.  25.]]
cf_score, 31.0
ratio, 0.505050505051
[[  5.  15.  18.]
 [  6.  14.   9.]
 [  2.  13.  18.]]
cf_score, 17.0
ratio, 0.373737373737
[[  6.  15.  12.]
 [  9.  22.   7.]
 [  7.   9.  13.]]
cf_score, 22.0
ratio, 0.414141414141
[[  8.   9.  15.]
 [  9.  11.  10.]
 [  6.   4.  28.]]
cf_score, 26.0
ratio, 0.474747474747
[[  6.   8.  15.]
 [ 10.  16.  10.]
 [  7.   5.  23.]]
cf_score, 23.0
ratio, 0.454545454545
[[  9.   8.  14.]
 [  5.  25.   9.]
 [  4.  10.  16.]]
cf_score, 32.0
ratio, 0.505050505051
[[ 14.   7.  18.]
 [ 10.  11.  12.]
 [  7.   5.  16.]]
cf_score, 16.0
ratio, 0.414141414141
[[ 10.   4.  18.]
 [  6.   8.  20.]
 [  4.   3.  27.]]
cf_score, 23.0
ratio, 0.454545454545
[[  5.   5.  14.]
 [  8.  14.  13.]
 [  9.  13.  19.]]
cf_score, 15.0
ratio, 0.383838383838
[[  7.   7.  11.]
 [ 10.  14.  18.]
 [  7.   7.  19.]]
cf_score, 22.0
ratio, 0.40404040404
[[  6.   6.  12.]
 [  7.  27.   8.]
 [  9.  11.  14.]]
cf_score, 26.0
ratio, 0.474747474747
[[  5.   8.  18.]
 [ 10.  19.   7.]
 [  7.   5.  21.]]
cf_score, 20.0
ratio, 0.454545454545
[[ 13.   5.  17.]
 [  2.  13.  22.]
 [  2.   4.  22.]]
cf_score, 29.0
ratio, 0.484848484848
[[  3.   8.  19.]
 [  8.  12.  10.]
 [  5.   6.  29.]]
cf_score, 20.0
ratio, 0.444444444444
[[  8.   9.  17.]
 [  5.  17.   9.]
 [  8.  11.  16.]]
cf_score, 16.0
ratio, 0.414141414141
[[  2.  11.  23.]
 [  7.  20.   9.]
 [  6.   4.  18.]]
cf_score, 11.0
ratio, 0.40404040404
[[ 11.  10.  11.]
 [  4.  18.  11.]
 [  4.   7.  24.]]
cf_score, 38.0
ratio, 0.535353535354
[[  7.  17.  17.]
 [  4.  15.   9.]
 [  6.   6.  19.]]
cf_score, 18.0
ratio, 0.414141414141
[[ 10.  13.  17.]
 [  5.  11.  13.]
 [  5.   8.  18.]]
cf_score, 17.0
ratio, 0.393939393939
[[  3.  18.  15.]
 [  2.  12.  16.]
 [  7.  11.  16.]]
cf_score, 9.0
ratio, 0.313131313131
[[  5.  11.  15.]
 [  3.  16.  14.]
 [ 10.   8.  18.]]
cf_score, 14.0
ratio, 0.393939393939
[[  7.  14.   9.]
 [  6.  13.  15.]
 [  8.   6.  22.]]
cf_score, 25.0
ratio, 0.424242424242
[[  4.  11.  16.]
 [  5.  16.  20.]
 [  0.   2.  26.]]
cf_score, 30.0
ratio, 0.464646464646
[[  6.   8.  18.]
 [  8.  12.  13.]
 [  4.  10.  21.]]
cf_score, 17.0
ratio, 0.393939393939
[[  7.  11.  18.]
 [  3.  10.  17.]
 [  6.  12.  16.]]
cf_score, 9.0
ratio, 0.333333333333
[[  3.  12.  12.]
 [  5.  24.   6.]
 [  4.  10.  24.]]
cf_score, 35.0
ratio, 0.515151515152
[[  7.  13.  10.]
 [ 11.  17.  10.]
 [  6.   8.  18.]]
cf_score, 26.0
ratio, 0.424242424242
