[[  0.  26.   0.]
 [  0.  58.   0.]
 [  0.  16.   0.]]
cf_score, 58.0
nv_score, 0.0
ratio, 0.585858585859
[[  0.  18.   0.]
 [  0.  63.   0.]
 [  0.  19.   0.]]
cf_score, 63.0
nv_score, 0.0
ratio, 0.636363636364
[[  0.  24.   0.]
 [  0.  58.   0.]
 [  0.  18.   0.]]
cf_score, 58.0
nv_score, 0.0
ratio, 0.585858585859
[[  0.  26.   0.]
 [  0.  53.   0.]
 [  0.  21.   0.]]
cf_score, 53.0
nv_score, 0.0
ratio, 0.535353535354
[[  0.  21.   0.]
 [  0.  54.   0.]
 [  0.  25.   0.]]
cf_score, 54.0
nv_score, 0.0
ratio, 0.545454545455
[[  0.  26.   0.]
 [  0.  45.   0.]
 [  0.  29.   0.]]
cf_score, 45.0
nv_score, 0.0
ratio, 0.454545454545
[[  0.  24.   0.]
 [  0.  55.   0.]
 [  0.  21.   0.]]
cf_score, 55.0
nv_score, 0.0
ratio, 0.555555555556
[[  0.  27.   0.]
 [  0.  44.   0.]
 [  0.  29.   0.]]
cf_score, 44.0
nv_score, 0.0
ratio, 0.444444444444
[[  0.  20.   0.]
 [  0.  52.   0.]
 [  0.  28.   0.]]
cf_score, 52.0
nv_score, 0.0
ratio, 0.525252525253
[[  0.  30.   0.]
 [  0.  47.   0.]
 [  0.  23.   0.]]
cf_score, 47.0
nv_score, 0.0
ratio, 0.474747474747
[[  0.  23.   0.]
 [  0.  48.   0.]
 [  0.  29.   0.]]
cf_score, 48.0
nv_score, 0.0
ratio, 0.484848484848
[[  0.  22.   0.]
 [  0.  50.   0.]
 [  0.  28.   0.]]
cf_score, 50.0
nv_score, 0.0
ratio, 0.505050505051
[[  0.  24.   0.]
 [  0.  58.   0.]
 [  0.  18.   0.]]
cf_score, 58.0
nv_score, 0.0
ratio, 0.585858585859
[[  0.  26.   0.]
 [  0.  49.   0.]
 [  0.  25.   0.]]
cf_score, 49.0
nv_score, 0.0
ratio, 0.494949494949
[[  0.  22.   0.]
 [  0.  52.   0.]
 [  0.  26.   0.]]
cf_score, 52.0
nv_score, 0.0
ratio, 0.525252525253
[[  0.  21.   0.]
 [  0.  51.   0.]
 [  0.  28.   0.]]
cf_score, 51.0
nv_score, 0.0
ratio, 0.515151515152
[[  0.  24.   0.]
 [  0.  51.   0.]
 [  0.  25.   0.]]
cf_score, 51.0
nv_score, 0.0
ratio, 0.515151515152
[[  0.  27.   0.]
 [  0.  53.   0.]
 [  0.  20.   0.]]
cf_score, 53.0
nv_score, 0.0
ratio, 0.535353535354
[[  0.  15.   0.]
 [  0.  59.   0.]
 [  0.  26.   0.]]
cf_score, 59.0
nv_score, 0.0
ratio, 0.59595959596
[[  0.  24.   0.]
 [  0.  48.   0.]
 [  0.  28.   0.]]
cf_score, 48.0
nv_score, 0.0
ratio, 0.484848484848
[[  0.  16.   0.]
 [  0.  53.   0.]
 [  0.  31.   0.]]
cf_score, 53.0
nv_score, 0.0
ratio, 0.535353535354
[[  0.  20.   0.]
 [  0.  57.   0.]
 [  0.  23.   0.]]
cf_score, 57.0
nv_score, 0.0
ratio, 0.575757575758
[[  0.  19.   0.]
 [  0.  55.   0.]
 [  0.  26.   0.]]
cf_score, 55.0
nv_score, 0.0
ratio, 0.555555555556
[[  0.  22.   0.]
 [  0.  62.   0.]
 [  0.  16.   0.]]
cf_score, 62.0
nv_score, 0.0
ratio, 0.626262626263
[[  0.  26.   0.]
 [  0.  52.   0.]
 [  0.  22.   0.]]
cf_score, 52.0
nv_score, 0.0
ratio, 0.525252525253
[[  0.  24.   0.]
 [  0.  53.   0.]
 [  0.  23.   0.]]
cf_score, 53.0
nv_score, 0.0
ratio, 0.535353535354
[[  0.  17.   0.]
 [  0.  62.   0.]
 [  0.  21.   0.]]
cf_score, 62.0
nv_score, 0.0
ratio, 0.626262626263
[[  0.  23.   0.]
 [  0.  57.   0.]
 [  0.  20.   0.]]
cf_score, 57.0
nv_score, 0.0
ratio, 0.575757575758
[[  0.  25.   0.]
 [  0.  54.   0.]
 [  0.  21.   0.]]
cf_score, 54.0
nv_score, 0.0
ratio, 0.545454545455
[[  0.  24.   0.]
 [  0.  50.   0.]
 [  0.  26.   0.]]
cf_score, 50.0
nv_score, 0.0
ratio, 0.505050505051
[[  0.  16.   0.]
 [  0.  48.   0.]
 [  0.  36.   0.]]
cf_score, 48.0
nv_score, 0.0
ratio, 0.484848484848
[[  0.  20.   0.]
 [  0.  54.   0.]
 [  0.  26.   0.]]
cf_score, 54.0
nv_score, 0.0
ratio, 0.545454545455
[[  0.  21.   0.]
 [  0.  56.   0.]
 [  0.  23.   0.]]
cf_score, 56.0
nv_score, 0.0
ratio, 0.565656565657
[[  0.  24.   0.]
 [  0.  49.   0.]
 [  0.  27.   0.]]
cf_score, 49.0
nv_score, 0.0
ratio, 0.494949494949
[[  0.  34.   0.]
 [  0.  41.   0.]
 [  0.  25.   0.]]
cf_score, 41.0
nv_score, 0.0
ratio, 0.414141414141
[[  0.  30.   0.]
 [  0.  46.   0.]
 [  0.  24.   0.]]
cf_score, 46.0
nv_score, 0.0
ratio, 0.464646464646
[[  0.  26.   0.]
 [  0.  44.   0.]
 [  0.  30.   0.]]
cf_score, 44.0
nv_score, 0.0
ratio, 0.444444444444
[[  0.  18.   0.]
 [  0.  58.   0.]
 [  0.  24.   0.]]
cf_score, 58.0
nv_score, 0.0
ratio, 0.585858585859
[[  0.  18.   0.]
 [  0.  49.   0.]
 [  0.  33.   0.]]
cf_score, 49.0
nv_score, 0.0
ratio, 0.494949494949
[[  0.  20.   0.]
 [  0.  49.   0.]
 [  0.  31.   0.]]
cf_score, 49.0
nv_score, 0.0
ratio, 0.494949494949
[[  0.  16.   0.]
 [  0.  58.   0.]
 [  0.  26.   0.]]
cf_score, 58.0
nv_score, 0.0
ratio, 0.585858585859
[[  0.  16.   0.]
 [  0.  51.   0.]
 [  0.  33.   0.]]
cf_score, 51.0
nv_score, 0.0
ratio, 0.515151515152
[[  0.  21.   0.]
 [  0.  56.   0.]
 [  0.  23.   0.]]
cf_score, 56.0
nv_score, 0.0
ratio, 0.565656565657
[[  0.  25.   0.]
 [  0.  49.   0.]
 [  0.  26.   0.]]
cf_score, 49.0
nv_score, 0.0
ratio, 0.494949494949
[[  0.  29.   0.]
 [  0.  51.   0.]
 [  0.  20.   0.]]
cf_score, 51.0
nv_score, 0.0
ratio, 0.515151515152
[[  0.  22.   0.]
 [  0.  52.   0.]
 [  0.  26.   0.]]
cf_score, 52.0
nv_score, 0.0
ratio, 0.525252525253
[[  0.  21.   0.]
 [  0.  49.   0.]
 [  0.  30.   0.]]
cf_score, 49.0
nv_score, 0.0
ratio, 0.494949494949
[[  0.  28.   0.]
 [  0.  54.   0.]
 [  0.  18.   0.]]
cf_score, 54.0
nv_score, 0.0
ratio, 0.545454545455
[[  0.  29.   0.]
 [  0.  47.   0.]
 [  0.  24.   0.]]
cf_score, 47.0
nv_score, 0.0
ratio, 0.474747474747
[[  0.  21.   0.]
 [  0.  55.   0.]
 [  0.  24.   0.]]
cf_score, 55.0
nv_score, 0.0
ratio, 0.555555555556
