[[  0.   0.   0.]
 [  0.  66.   0.]
 [  0.  34.   0.]]
cf_score, 66.0
nv_score, 0.0
ratio, 0.666666666667
[[  0.   0.   0.]
 [  0.  63.   0.]
 [  0.  37.   0.]]
cf_score, 63.0
nv_score, 0.0
ratio, 0.636363636364
[[  0.   0.   0.]
 [  0.  66.   0.]
 [  0.  34.   0.]]
cf_score, 66.0
nv_score, 0.0
ratio, 0.666666666667
[[  0.   0.   0.]
 [  0.  68.   0.]
 [  0.  32.   0.]]
cf_score, 68.0
nv_score, 0.0
ratio, 0.686868686869
[[  0.   0.   0.]
 [  0.  59.   0.]
 [  0.  41.   0.]]
cf_score, 59.0
nv_score, 0.0
ratio, 0.59595959596
[[  0.   0.   0.]
 [  0.  65.   0.]
 [  0.  35.   0.]]
cf_score, 65.0
nv_score, 0.0
ratio, 0.656565656566
[[  0.   0.   0.]
 [  0.  66.   0.]
 [  0.  34.   0.]]
cf_score, 66.0
nv_score, 0.0
ratio, 0.666666666667
[[  0.   0.   0.]
 [  0.  65.   0.]
 [  0.  35.   0.]]
cf_score, 65.0
nv_score, 0.0
ratio, 0.656565656566
[[  0.   0.   0.]
 [  0.  71.   0.]
 [  0.  29.   0.]]
cf_score, 71.0
nv_score, 0.0
ratio, 0.717171717172
[[  0.   0.   0.]
 [  0.  60.   0.]
 [  0.  40.   0.]]
cf_score, 60.0
nv_score, 0.0
ratio, 0.606060606061
[[  0.   0.   0.]
 [  0.  65.   0.]
 [  0.  35.   0.]]
cf_score, 65.0
nv_score, 0.0
ratio, 0.656565656566
[[  0.   0.   0.]
 [  0.  69.   0.]
 [  0.  31.   0.]]
cf_score, 69.0
nv_score, 0.0
ratio, 0.69696969697
[[  0.   0.   0.]
 [  0.  71.   0.]
 [  0.  29.   0.]]
cf_score, 71.0
nv_score, 0.0
ratio, 0.717171717172
[[  0.   0.   0.]
 [  0.  71.   0.]
 [  0.  29.   0.]]
cf_score, 71.0
nv_score, 0.0
ratio, 0.717171717172
[[  0.   0.   0.]
 [  0.  66.   0.]
 [  0.  34.   0.]]
cf_score, 66.0
nv_score, 0.0
ratio, 0.666666666667
[[  0.   0.   0.]
 [  0.  62.   0.]
 [  0.  38.   0.]]
cf_score, 62.0
nv_score, 0.0
ratio, 0.626262626263
[[  0.   0.   0.]
 [  0.  51.   0.]
 [  0.  49.   0.]]
cf_score, 51.0
nv_score, 0.0
ratio, 0.515151515152
[[  0.   0.   0.]
 [  0.  70.   0.]
 [  0.  30.   0.]]
cf_score, 70.0
nv_score, 0.0
ratio, 0.707070707071
[[  0.   0.   0.]
 [  0.  67.   0.]
 [  0.  33.   0.]]
cf_score, 67.0
nv_score, 0.0
ratio, 0.676767676768
[[  0.   0.   0.]
 [  0.  68.   0.]
 [  0.  32.   0.]]
cf_score, 68.0
nv_score, 0.0
ratio, 0.686868686869
[[  0.   0.   0.]
 [  0.  80.   0.]
 [  0.  20.   0.]]
cf_score, 80.0
nv_score, 0.0
ratio, 0.808080808081
[[  0.   0.   0.]
 [  0.  62.   0.]
 [  0.  38.   0.]]
cf_score, 62.0
nv_score, 0.0
ratio, 0.626262626263
[[  0.   0.   0.]
 [  0.  63.   0.]
 [  0.  37.   0.]]
cf_score, 63.0
nv_score, 0.0
ratio, 0.636363636364
[[  0.   0.   0.]
 [  0.  75.   0.]
 [  0.  25.   0.]]
cf_score, 75.0
nv_score, 0.0
ratio, 0.757575757576
[[  0.   0.   0.]
 [  0.  67.   0.]
 [  0.  33.   0.]]
cf_score, 67.0
nv_score, 0.0
ratio, 0.676767676768
[[  0.   0.   0.]
 [  0.  71.   0.]
 [  0.  29.   0.]]
cf_score, 71.0
nv_score, 0.0
ratio, 0.717171717172
[[  0.   0.   0.]
 [  0.  63.   0.]
 [  0.  37.   0.]]
cf_score, 63.0
nv_score, 0.0
ratio, 0.636363636364
[[  0.   0.   0.]
 [  0.  69.   0.]
 [  0.  31.   0.]]
cf_score, 69.0
nv_score, 0.0
ratio, 0.69696969697
[[  0.   0.   0.]
 [  0.  65.   0.]
 [  0.  35.   0.]]
cf_score, 65.0
nv_score, 0.0
ratio, 0.656565656566
[[  0.   0.   0.]
 [  0.  62.   0.]
 [  0.  38.   0.]]
cf_score, 62.0
nv_score, 0.0
ratio, 0.626262626263
[[  0.   0.   0.]
 [  0.  59.   0.]
 [  0.  41.   0.]]
cf_score, 59.0
nv_score, 0.0
ratio, 0.59595959596
[[  0.   0.   0.]
 [  0.  66.   0.]
 [  0.  34.   0.]]
cf_score, 66.0
nv_score, 0.0
ratio, 0.666666666667
[[  0.   0.   0.]
 [  0.  73.   0.]
 [  0.  27.   0.]]
cf_score, 73.0
nv_score, 0.0
ratio, 0.737373737374
[[  0.   0.   0.]
 [  0.  68.   0.]
 [  0.  32.   0.]]
cf_score, 68.0
nv_score, 0.0
ratio, 0.686868686869
[[  0.   0.   0.]
 [  0.  72.   0.]
 [  0.  27.   1.]]
cf_score, 73.0
nv_score, 1.0
ratio, 0.737373737374
[[  0.   0.   0.]
 [  0.  78.   0.]
 [  0.  21.   1.]]
cf_score, 79.0
nv_score, 1.0
ratio, 0.79797979798
[[  0.   0.   0.]
 [  0.  69.   0.]
 [  0.  31.   0.]]
cf_score, 69.0
nv_score, 0.0
ratio, 0.69696969697
[[  0.   0.   0.]
 [  0.  57.   0.]
 [  0.  42.   1.]]
cf_score, 58.0
nv_score, 1.0
ratio, 0.585858585859
[[  0.   0.   0.]
 [  0.  62.   0.]
 [  0.  38.   0.]]
cf_score, 62.0
nv_score, 0.0
ratio, 0.626262626263
[[  0.   0.   0.]
 [  0.  65.   0.]
 [  0.  35.   0.]]
cf_score, 65.0
nv_score, 0.0
ratio, 0.656565656566
[[  0.   0.   0.]
 [  0.  65.   0.]
 [  0.  35.   0.]]
cf_score, 65.0
nv_score, 0.0
ratio, 0.656565656566
[[  0.   0.   0.]
 [  0.  69.   1.]
 [  0.  30.   0.]]
cf_score, 69.0
nv_score, -1.0
ratio, 0.69696969697
[[  0.   0.   0.]
 [  0.  71.   0.]
 [  0.  29.   0.]]
cf_score, 71.0
nv_score, 0.0
ratio, 0.717171717172
[[  0.   0.   0.]
 [  0.  59.   0.]
 [  0.  41.   0.]]
cf_score, 59.0
nv_score, 0.0
ratio, 0.59595959596
[[  0.   0.   0.]
 [  0.  66.   0.]
 [  0.  34.   0.]]
cf_score, 66.0
nv_score, 0.0
ratio, 0.666666666667
[[  0.   0.   0.]
 [  0.  76.   0.]
 [  0.  24.   0.]]
cf_score, 76.0
nv_score, 0.0
ratio, 0.767676767677
[[  0.   0.   0.]
 [  0.  72.   0.]
 [  0.  27.   1.]]
cf_score, 73.0
nv_score, 1.0
ratio, 0.737373737374
[[  0.   0.   0.]
 [  0.  68.   0.]
 [  0.  32.   0.]]
cf_score, 68.0
nv_score, 0.0
ratio, 0.686868686869
[[  0.   0.   0.]
 [  0.  67.   0.]
 [  0.  32.   1.]]
cf_score, 68.0
nv_score, 1.0
ratio, 0.686868686869
[[  0.   0.   0.]
 [  0.  62.   0.]
 [  0.  38.   0.]]
cf_score, 62.0
nv_score, 0.0
ratio, 0.626262626263
