[[ 22.   2.   4.]
 [ 10.   3.   7.]
 [ 22.   8.  22.]]
cf_score, 21.0
nv_score, 7.0
ratio, 0.474747474747
[[ 11.   4.   6.]
 [ 21.   5.   7.]
 [ 25.   4.  17.]]
cf_score, 2.0
nv_score, -2.0
ratio, 0.333333333333
[[ 20.   3.   6.]
 [ 18.   4.   7.]
 [ 16.   2.  24.]]
cf_score, 26.0
nv_score, 5.0
ratio, 0.484848484848
[[ 28.   4.   3.]
 [ 21.   4.   9.]
 [ 16.   3.  12.]]
cf_score, 25.0
nv_score, -3.0
ratio, 0.444444444444
[[ 17.   1.   5.]
 [ 30.   7.   5.]
 [ 22.   2.  11.]]
cf_score, 8.0
nv_score, -4.0
ratio, 0.353535353535
[[ 15.   8.  10.]
 [ 16.   4.  13.]
 [ 11.   6.  17.]]
cf_score, 15.0
nv_score, -16.0
ratio, 0.363636363636
[[ 12.   4.  12.]
 [ 16.   6.  15.]
 [ 12.   4.  19.]]
cf_score, 13.0
nv_score, -20.0
ratio, 0.373737373737
[[ 14.  11.  12.]
 [ 10.  10.  23.]
 [  5.   1.  14.]]
cf_score, 21.0
nv_score, -33.0
ratio, 0.383838383838
[[ 17.   4.   7.]
 [ 23.   6.   9.]
 [  9.   6.  19.]]
cf_score, 26.0
nv_score, -4.0
ratio, 0.424242424242
[[ 18.   6.   8.]
 [ 15.   6.  12.]
 [ 11.   4.  20.]]
cf_score, 25.0
nv_score, -8.0
ratio, 0.444444444444
[[ 11.   4.  11.]
 [ 10.  10.  12.]
 [ 11.   6.  25.]]
cf_score, 24.0
nv_score, -9.0
ratio, 0.464646464646
[[  8.   4.   6.]
 [ 20.   7.   6.]
 [ 12.  12.  25.]]
cf_score, 22.0
nv_score, 7.0
ratio, 0.40404040404
[[  6.   6.  12.]
 [ 12.  11.  15.]
 [  8.   7.  23.]]
cf_score, 20.0
nv_score, -16.0
ratio, 0.40404040404
[[ 16.   7.   3.]
 [ 20.   4.   7.]
 [ 23.   6.  14.]]
cf_score, 8.0
nv_score, 1.0
ratio, 0.343434343434
[[ 10.   5.   4.]
 [ 14.   8.  17.]
 [ 13.  11.  18.]]
cf_score, 19.0
nv_score, -7.0
ratio, 0.363636363636
[[  7.   8.  12.]
 [ 16.   8.   9.]
 [  9.   6.  25.]]
cf_score, 19.0
nv_score, -8.0
ratio, 0.40404040404
[[ 10.   9.   4.]
 [ 20.  11.  13.]
 [ 11.   6.  16.]]
cf_score, 22.0
nv_score, -5.0
ratio, 0.373737373737
[[ 19.   6.   4.]
 [ 18.   9.  11.]
 [  9.  14.  10.]]
cf_score, 25.0
nv_score, -9.0
ratio, 0.383838383838
[[ 17.   7.   7.]
 [ 17.   8.   9.]
 [  9.  11.  15.]]
cf_score, 24.0
nv_score, -8.0
ratio, 0.40404040404
[[ 14.  11.   7.]
 [ 13.  10.   7.]
 [ 12.   5.  21.]]
cf_score, 26.0
nv_score, 0.0
ratio, 0.454545454545
[[ 12.  14.  10.]
 [ 12.  12.  11.]
 [  5.   7.  17.]]
cf_score, 26.0
nv_score, -14.0
ratio, 0.414141414141
[[  9.   8.   8.]
 [ 11.  11.  14.]
 [  7.  11.  21.]]
cf_score, 26.0
nv_score, -9.0
ratio, 0.414141414141
[[ 13.  11.  11.]
 [ 11.  11.  12.]
 [  6.   5.  20.]]
cf_score, 27.0
nv_score, -14.0
ratio, 0.444444444444
[[ 17.  11.   5.]
 [ 20.   7.   4.]
 [  5.  10.  21.]]
cf_score, 35.0
nv_score, 7.0
ratio, 0.454545454545
[[ 14.   9.   5.]
 [ 14.   8.   3.]
 [ 15.   9.  23.]]
cf_score, 25.0
nv_score, 10.0
ratio, 0.454545454545
[[ 16.   4.   5.]
 [ 16.   9.  10.]
 [ 10.  10.  20.]]
cf_score, 30.0
nv_score, 0.0
ratio, 0.454545454545
[[ 11.  10.   4.]
 [ 12.   5.  14.]
 [ 10.  12.  22.]]
cf_score, 24.0
nv_score, 0.0
ratio, 0.383838383838
[[ 14.   8.   5.]
 [ 22.   9.  13.]
 [  4.   9.  16.]]
cf_score, 30.0
nv_score, -7.0
ratio, 0.393939393939
[[ 13.   7.   6.]
 [ 12.  10.  11.]
 [  7.  10.  24.]]
cf_score, 34.0
nv_score, 1.0
ratio, 0.474747474747
[[ 13.   8.   5.]
 [ 19.   9.  11.]
 [ 12.   6.  17.]]
cf_score, 22.0
nv_score, -4.0
ratio, 0.393939393939
[[ 18.   9.   6.]
 [ 13.  11.  12.]
 [  7.   9.  15.]]
cf_score, 31.0
nv_score, -9.0
ratio, 0.444444444444
[[ 12.   8.   6.]
 [ 16.   7.   8.]
 [ 16.   9.  18.]]
cf_score, 15.0
nv_score, -2.0
ratio, 0.373737373737
[[  9.  12.   8.]
 [ 18.   9.  12.]
 [  3.  10.  19.]]
cf_score, 26.0
nv_score, -9.0
ratio, 0.373737373737
[[ 19.   8.   2.]
 [ 19.   6.  10.]
 [ 12.  10.  14.]]
cf_score, 25.0
nv_score, 0.0
ratio, 0.393939393939
[[ 15.  10.   6.]
 [ 14.  12.   5.]
 [ 14.   8.  16.]]
cf_score, 23.0
nv_score, -1.0
ratio, 0.434343434343
[[ 17.  10.   9.]
 [ 15.   6.   3.]
 [  7.   9.  24.]]
cf_score, 31.0
nv_score, 3.0
ratio, 0.474747474747
[[ 11.   6.   8.]
 [ 10.  10.  11.]
 [  9.  10.  25.]]
cf_score, 29.0
nv_score, -2.0
ratio, 0.464646464646
[[ 10.  11.   7.]
 [  7.  12.  17.]
 [  5.   8.  23.]]
cf_score, 33.0
nv_score, -8.0
ratio, 0.454545454545
[[  7.  13.  10.]
 [  6.  14.  15.]
 [  8.   7.  20.]]
cf_score, 23.0
nv_score, -15.0
ratio, 0.414141414141
[[  7.  10.   4.]
 [ 11.   8.  21.]
 [  5.   6.  28.]]
cf_score, 34.0
nv_score, -1.0
ratio, 0.434343434343
[[ 14.  16.   3.]
 [ 10.   7.   7.]
 [ 12.  10.  21.]]
cf_score, 27.0
nv_score, 8.0
ratio, 0.424242424242
[[ 16.   3.   5.]
 [ 14.   9.  13.]
 [  9.  10.  21.]]
cf_score, 32.0
nv_score, -2.0
ratio, 0.464646464646
[[  9.   7.   9.]
 [  5.   9.  12.]
 [  7.  15.  27.]]
cf_score, 29.0
nv_score, -3.0
ratio, 0.454545454545
[[  9.   8.  13.]
 [ 12.   9.  12.]
 [  7.   8.  22.]]
cf_score, 20.0
nv_score, -16.0
ratio, 0.40404040404
[[  9.   8.  10.]
 [ 12.   9.  15.]
 [  3.  17.  17.]]
cf_score, 22.0
nv_score, -18.0
ratio, 0.353535353535
[[ 14.   9.   8.]
 [  8.   9.  12.]
 [  9.   8.  23.]]
cf_score, 29.0
nv_score, -5.0
ratio, 0.464646464646
[[ 13.  16.  10.]
 [  8.   9.  13.]
 [  5.   9.  17.]]
cf_score, 24.0
nv_score, -16.0
ratio, 0.393939393939
[[ 15.   6.  12.]
 [  6.   9.   9.]
 [  8.  14.  21.]]
cf_score, 25.0
nv_score, -12.0
ratio, 0.454545454545
[[  7.  15.   6.]
 [ 13.   7.  14.]
 [  6.  11.  21.]]
cf_score, 23.0
nv_score, -5.0
ratio, 0.353535353535
[[ 22.   7.   6.]
 [  9.  11.   7.]
 [ 11.   8.  19.]]
cf_score, 35.0
nv_score, 0.0
ratio, 0.525252525253
