[[ 33.   0.   3.]
 [ 31.   0.   0.]
 [ 19.   0.  14.]]
cf_score, 25.0
nv_score, 8.0
ratio, 0.474747474747
[[ 30.   0.   6.]
 [ 29.   1.   4.]
 [ 18.   0.  12.]]
cf_score, 19.0
nv_score, -4.0
ratio, 0.434343434343
[[ 27.   6.   3.]
 [ 19.   3.   7.]
 [ 23.   3.   9.]]
cf_score, 13.0
nv_score, -4.0
ratio, 0.393939393939
[[ 35.   4.   5.]
 [ 28.   2.   6.]
 [ 13.   3.   4.]]
cf_score, 23.0
nv_score, -12.0
ratio, 0.414141414141
[[ 28.   3.   7.]
 [ 28.   1.   4.]
 [ 11.   5.  13.]]
cf_score, 24.0
nv_score, -5.0
ratio, 0.424242424242
[[ 26.   5.   3.]
 [ 23.   1.   8.]
 [  8.   5.  21.]]
cf_score, 37.0
nv_score, 7.0
ratio, 0.484848484848
[[ 19.   5.   6.]
 [ 23.   5.   5.]
 [ 10.   9.  18.]]
cf_score, 26.0
nv_score, 1.0
ratio, 0.424242424242
[[ 23.   2.   7.]
 [ 21.   6.   8.]
 [ 10.   8.  15.]]
cf_score, 27.0
nv_score, -7.0
ratio, 0.444444444444
[[ 18.   6.   7.]
 [ 17.  10.   9.]
 [ 14.   5.  14.]]
cf_score, 21.0
nv_score, -9.0
ratio, 0.424242424242
[[ 11.   6.   7.]
 [ 21.  13.  12.]
 [  6.   4.  20.]]
cf_score, 31.0
nv_score, -6.0
ratio, 0.444444444444
[[ 27.   7.   7.]
 [ 23.   5.   4.]
 [ 12.   5.  10.]]
cf_score, 23.0
nv_score, -8.0
ratio, 0.424242424242
[[  8.  16.   7.]
 [  8.  15.   8.]
 [  5.  11.  22.]]
cf_score, 33.0
nv_score, 0.0
ratio, 0.454545454545
[[ 21.   6.   9.]
 [ 26.   4.  10.]
 [  5.   9.  10.]]
cf_score, 21.0
nv_score, -18.0
ratio, 0.353535353535
[[ 19.  14.   4.]
 [ 13.  11.   7.]
 [  9.   6.  17.]]
cf_score, 34.0
nv_score, 2.0
ratio, 0.474747474747
[[ 20.   5.   4.]
 [ 18.  16.   8.]
 [ 12.   4.  13.]]
cf_score, 33.0
nv_score, -3.0
ratio, 0.494949494949
[[ 17.   3.   6.]
 [ 28.   5.   6.]
 [ 14.   7.  14.]]
cf_score, 16.0
nv_score, -4.0
ratio, 0.363636363636
[[ 18.   4.  10.]
 [ 23.  11.   9.]
 [  9.   1.  15.]]
cf_score, 25.0
nv_score, -14.0
ratio, 0.444444444444
[[ 12.  13.  10.]
 [ 17.  14.   4.]
 [  7.   6.  17.]]
cf_score, 26.0
nv_score, -7.0
ratio, 0.434343434343
[[ 26.   4.   4.]
 [ 14.   8.   2.]
 [ 12.   7.  23.]]
cf_score, 41.0
nv_score, 13.0
ratio, 0.575757575758
[[ 15.   7.   8.]
 [ 18.   8.   4.]
 [ 11.   9.  20.]]
cf_score, 24.0
nv_score, 0.0
ratio, 0.434343434343
[[ 14.   6.   4.]
 [ 10.   9.  12.]
 [  6.   9.  30.]]
cf_score, 43.0
nv_score, 10.0
ratio, 0.535353535354
[[ 21.   9.   8.]
 [ 13.  18.   4.]
 [  5.   9.  13.]]
cf_score, 39.0
nv_score, -7.0
ratio, 0.525252525253
[[ 15.  12.   9.]
 [ 10.  11.  10.]
 [  3.   4.  26.]]
cf_score, 40.0
nv_score, -2.0
ratio, 0.525252525253
[[ 12.  13.   9.]
 [ 13.  13.   5.]
 [  8.  14.  13.]]
cf_score, 21.0
nv_score, -10.0
ratio, 0.383838383838
[[ 21.   5.   6.]
 [ 23.   4.   7.]
 [ 11.  11.  12.]]
cf_score, 20.0
nv_score, -7.0
ratio, 0.373737373737
[[ 18.   4.   8.]
 [ 23.  13.   3.]
 [  9.   6.  16.]]
cf_score, 30.0
nv_score, -3.0
ratio, 0.474747474747
[[ 12.   8.   8.]
 [ 19.  15.   7.]
 [  7.   5.  19.]]
cf_score, 31.0
nv_score, -4.0
ratio, 0.464646464646
[[ 23.   5.  11.]
 [ 14.  11.   6.]
 [  8.   8.  14.]]
cf_score, 29.0
nv_score, -14.0
ratio, 0.484848484848
[[ 20.   8.   6.]
 [ 18.  14.   6.]
 [  9.   8.  11.]]
cf_score, 30.0
nv_score, -7.0
ratio, 0.454545454545
[[ 22.   9.   5.]
 [ 12.  19.   8.]
 [  5.   8.  12.]]
cf_score, 43.0
nv_score, -6.0
ratio, 0.535353535354
[[ 23.   5.   4.]
 [ 16.  12.   4.]
 [ 12.   6.  18.]]
cf_score, 37.0
nv_score, 6.0
ratio, 0.535353535354
[[ 18.   9.   6.]
 [ 17.  14.   5.]
 [  9.   9.  13.]]
cf_score, 30.0
nv_score, -4.0
ratio, 0.454545454545
[[ 14.   6.   4.]
 [ 17.  11.   8.]
 [  7.   8.  25.]]
cf_score, 39.0
nv_score, 9.0
ratio, 0.505050505051
[[ 27.   7.  10.]
 [  7.  13.   4.]
 [  9.   7.  16.]]
cf_score, 37.0
nv_score, -8.0
ratio, 0.565656565657
[[ 19.   8.   7.]
 [ 11.   9.   6.]
 [  7.  11.  22.]]
cf_score, 36.0
nv_score, 2.0
ratio, 0.505050505051
[[ 12.  11.   1.]
 [ 15.  13.  11.]
 [  6.  10.  21.]]
cf_score, 39.0
nv_score, 8.0
ratio, 0.464646464646
[[ 16.   5.   6.]
 [ 22.  11.   7.]
 [ 10.  10.  13.]]
cf_score, 24.0
nv_score, -6.0
ratio, 0.40404040404
[[ 21.   6.   6.]
 [ 16.   9.   4.]
 [  7.  14.  17.]]
cf_score, 34.0
nv_score, 1.0
ratio, 0.474747474747
[[ 14.   7.   6.]
 [ 13.  20.   9.]
 [  6.  11.  14.]]
cf_score, 36.0
nv_score, -7.0
ratio, 0.484848484848
[[ 17.  14.   6.]
 [ 13.   8.   8.]
 [  6.  11.  17.]]
cf_score, 30.0
nv_score, -3.0
ratio, 0.424242424242
[[ 23.   9.   7.]
 [ 14.   5.   7.]
 [  7.  14.  14.]]
cf_score, 28.0
nv_score, -7.0
ratio, 0.424242424242
[[ 14.  16.  11.]
 [ 13.   9.   7.]
 [  3.   9.  18.]]
cf_score, 27.0
nv_score, -11.0
ratio, 0.414141414141
[[ 13.  13.   7.]
 [ 10.  14.  11.]
 [  7.   6.  19.]]
cf_score, 32.0
nv_score, -6.0
ratio, 0.464646464646
[[ 17.   9.   7.]
 [ 16.  15.  13.]
 [  3.   6.  14.]]
cf_score, 36.0
nv_score, -13.0
ratio, 0.464646464646
[[ 20.   1.   8.]
 [ 27.   7.   5.]
 [  9.   6.  17.]]
cf_score, 27.0
nv_score, -4.0
ratio, 0.444444444444
[[ 17.   4.   6.]
 [ 18.   8.   5.]
 [ 12.  12.  18.]]
cf_score, 25.0
nv_score, 1.0
ratio, 0.434343434343
[[ 11.   7.   9.]
 [ 17.  11.   5.]
 [ 11.  13.  16.]]
cf_score, 18.0
nv_score, -7.0
ratio, 0.383838383838
[[ 20.   3.   6.]
 [ 19.  13.   1.]
 [ 14.   8.  16.]]
cf_score, 29.0
nv_score, 3.0
ratio, 0.494949494949
[[ 17.  10.   8.]
 [ 21.   3.  12.]
 [  8.   6.  15.]]
cf_score, 19.0
nv_score, -13.0
ratio, 0.353535353535
[[ 20.   7.   6.]
 [ 28.   3.   6.]
 [ 14.   2.  14.]]
cf_score, 17.0
nv_score, -4.0
ratio, 0.373737373737
