[[  0.  26.   0.]
 [  0.  31.   0.]
 [  0.  43.   0.]]
cf_score, 31.0
nv_score, 0.0
ratio, 0.313131313131
[[  0.  30.   0.]
 [  0.  34.   0.]
 [  0.  36.   0.]]
cf_score, 34.0
nv_score, 0.0
ratio, 0.343434343434
[[  0.  26.   0.]
 [  0.  31.   0.]
 [  0.  43.   0.]]
cf_score, 31.0
nv_score, 0.0
ratio, 0.313131313131
[[ 25.   0.   0.]
 [ 30.   0.   0.]
 [ 45.   0.   0.]]
cf_score, -20.0
nv_score, 0.0
ratio, 0.252525252525
[[  0.   0.  35.]
 [  0.   0.  36.]
 [  0.   0.  29.]]
cf_score, -6.0
nv_score, -77.0
ratio, 0.292929292929
[[ 27.   0.   0.]
 [ 37.   0.   0.]
 [ 36.   0.   0.]]
cf_score, -9.0
nv_score, 0.0
ratio, 0.272727272727
[[  0.  40.   0.]
 [  0.  22.   0.]
 [  0.  38.   0.]]
cf_score, 22.0
nv_score, 0.0
ratio, 0.222222222222
[[ 32.   0.   0.]
 [ 23.   0.   0.]
 [ 45.   0.   0.]]
cf_score, -13.0
nv_score, 0.0
ratio, 0.323232323232
[[ 34.   0.   0.]
 [ 31.   0.   0.]
 [ 35.   0.   0.]]
cf_score, -1.0
nv_score, 0.0
ratio, 0.343434343434
[[ 37.   0.   0.]
 [ 20.   0.   0.]
 [ 43.   0.   0.]]
cf_score, -6.0
nv_score, 0.0
ratio, 0.373737373737
[[ 29.   0.   0.]
 [ 38.   0.   0.]
 [ 33.   0.   0.]]
cf_score, -4.0
nv_score, 0.0
ratio, 0.292929292929
[[  0.   0.  27.]
 [  0.   0.  33.]
 [  0.   0.  40.]]
cf_score, 13.0
nv_score, -47.0
ratio, 0.40404040404
[[  0.  35.   0.]
 [  0.  36.   0.]
 [  0.  29.   0.]]
cf_score, 36.0
nv_score, 0.0
ratio, 0.363636363636
[[  0.   0.  39.]
 [  0.   0.  23.]
 [  0.   0.  38.]]
cf_score, -1.0
nv_score, -63.0
ratio, 0.383838383838
[[ 35.   0.   0.]
 [ 25.   0.   0.]
 [ 40.   0.   0.]]
cf_score, -5.0
nv_score, 0.0
ratio, 0.353535353535
[[  0.  36.   0.]
 [  0.  22.   0.]
 [  0.  42.   0.]]
cf_score, 22.0
nv_score, 0.0
ratio, 0.222222222222
[[  0.  32.   0.]
 [  0.  24.   0.]
 [  0.  44.   0.]]
cf_score, 24.0
nv_score, 0.0
ratio, 0.242424242424
[[  0.  38.   0.]
 [  0.  25.   0.]
 [  0.  37.   0.]]
cf_score, 25.0
nv_score, 0.0
ratio, 0.252525252525
[[ 30.   0.   0.]
 [ 28.   0.   0.]
 [ 42.   0.   0.]]
cf_score, -12.0
nv_score, 0.0
ratio, 0.30303030303
[[ 28.   0.   0.]
 [ 24.   0.   0.]
 [ 48.   0.   0.]]
cf_score, -20.0
nv_score, 0.0
ratio, 0.282828282828
[[  0.  30.   0.]
 [  0.  34.   0.]
 [  0.  36.   0.]]
cf_score, 34.0
nv_score, 0.0
ratio, 0.343434343434
[[  0.  28.   0.]
 [  0.  36.   0.]
 [  0.  36.   0.]]
cf_score, 36.0
nv_score, 0.0
ratio, 0.363636363636
[[  0.  24.   0.]
 [  0.  42.   0.]
 [  0.  34.   0.]]
cf_score, 42.0
nv_score, 0.0
ratio, 0.424242424242
[[  0.  33.   0.]
 [  0.  23.   0.]
 [  0.  44.   0.]]
cf_score, 23.0
nv_score, 0.0
ratio, 0.232323232323
[[  0.  26.   0.]
 [  0.  31.   0.]
 [  0.  43.   0.]]
cf_score, 31.0
nv_score, 0.0
ratio, 0.313131313131
[[  0.  29.   0.]
 [  0.  27.   0.]
 [  0.  44.   0.]]
cf_score, 27.0
nv_score, 0.0
ratio, 0.272727272727
[[  0.  29.   0.]
 [  0.  34.   0.]
 [  0.  37.   0.]]
cf_score, 34.0
nv_score, 0.0
ratio, 0.343434343434
[[  0.  27.   0.]
 [  0.  24.   0.]
 [  0.  49.   0.]]
cf_score, 24.0
nv_score, 0.0
ratio, 0.242424242424
[[  0.  23.   0.]
 [  0.  34.   0.]
 [  0.  43.   0.]]
cf_score, 34.0
nv_score, 0.0
ratio, 0.343434343434
[[  0.  22.   0.]
 [  0.  36.   0.]
 [  0.  42.   0.]]
cf_score, 36.0
nv_score, 0.0
ratio, 0.363636363636
[[  0.  33.   0.]
 [  0.  35.   0.]
 [  0.  32.   0.]]
cf_score, 35.0
nv_score, 0.0
ratio, 0.353535353535
[[  0.  22.   0.]
 [  0.  35.   0.]
 [  0.  43.   0.]]
cf_score, 35.0
nv_score, 0.0
ratio, 0.353535353535
[[ 27.   0.   0.]
 [ 36.   0.   0.]
 [ 37.   0.   0.]]
cf_score, -10.0
nv_score, 0.0
ratio, 0.272727272727
[[ 30.   0.   0.]
 [ 32.   0.   0.]
 [ 38.   0.   0.]]
cf_score, -8.0
nv_score, 0.0
ratio, 0.30303030303
[[  0.  28.   0.]
 [  0.  25.   0.]
 [  0.  47.   0.]]
cf_score, 25.0
nv_score, 0.0
ratio, 0.252525252525
[[  0.   0.  26.]
 [  0.   0.  35.]
 [  0.   0.  39.]]
cf_score, 13.0
nv_score, -48.0
ratio, 0.393939393939
[[ 38.   0.   0.]
 [ 24.   0.   0.]
 [ 38.   0.   0.]]
cf_score, 0.0
nv_score, 0.0
ratio, 0.383838383838
[[ 29.   0.   0.]
 [ 28.   0.   0.]
 [ 43.   0.   0.]]
cf_score, -14.0
nv_score, 0.0
ratio, 0.292929292929
[[ 34.   0.   0.]
 [ 31.   0.   0.]
 [ 35.   0.   0.]]
cf_score, -1.0
nv_score, 0.0
ratio, 0.343434343434
[[  0.  28.   0.]
 [  0.  34.   0.]
 [  0.  38.   0.]]
cf_score, 34.0
nv_score, 0.0
ratio, 0.343434343434
[[  0.  27.   0.]
 [  0.  31.   0.]
 [  0.  42.   0.]]
cf_score, 31.0
nv_score, 0.0
ratio, 0.313131313131
[[  0.   0.  31.]
 [  0.   0.  38.]
 [  0.   0.  31.]]
cf_score, 0.0
nv_score, -69.0
ratio, 0.313131313131
[[  0.   0.  29.]
 [  0.   0.  37.]
 [  0.   0.  34.]]
cf_score, 5.0
nv_score, -61.0
ratio, 0.343434343434
[[  0.   0.  25.]
 [  0.   0.  33.]
 [  0.   0.  42.]]
cf_score, 17.0
nv_score, -41.0
ratio, 0.424242424242
[[ 23.   0.   0.]
 [ 33.   0.   0.]
 [ 44.   0.   0.]]
cf_score, -21.0
nv_score, 0.0
ratio, 0.232323232323
[[ 27.   0.   0.]
 [ 35.   0.   0.]
 [ 38.   0.   0.]]
cf_score, -11.0
nv_score, 0.0
ratio, 0.272727272727
[[  0.  37.   0.]
 [  0.  38.   0.]
 [  0.  25.   0.]]
cf_score, 38.0
nv_score, 0.0
ratio, 0.383838383838
[[ 36.   0.   0.]
 [ 29.   0.   0.]
 [ 35.   0.   0.]]
cf_score, 1.0
nv_score, 0.0
ratio, 0.363636363636
[[ 34.   0.   0.]
 [ 35.   0.   0.]
 [ 31.   0.   0.]]
cf_score, 3.0
nv_score, 0.0
ratio, 0.343434343434
[[ 22.   0.   0.]
 [ 43.   0.   0.]
 [ 35.   0.   0.]]
cf_score, -13.0
nv_score, 0.0
ratio, 0.222222222222
