[[  0.   0.  35.]
 [  0.   0.  31.]
 [  0.   0.  34.]]
cf_score, -1.0
ratio, 0.343434343434
[[  0.  33.   5.]
 [  0.  24.   5.]
 [  0.  16.  17.]]
cf_score, 36.0
ratio, 0.414141414141
[[ 31.   0.   8.]
 [ 30.   0.   5.]
 [ 19.   0.   7.]]
cf_score, 11.0
ratio, 0.383838383838
[[ 28.   2.   9.]
 [ 24.   0.   7.]
 [ 18.   3.   9.]]
cf_score, 10.0
ratio, 0.373737373737
[[ 26.   0.   8.]
 [ 23.   0.   7.]
 [ 19.   0.  17.]]
cf_score, 16.0
ratio, 0.434343434343
[[ 11.   5.   4.]
 [ 30.   0.  12.]
 [ 19.   2.  17.]]
cf_score, 5.0
ratio, 0.282828282828
[[ 20.   2.  10.]
 [ 25.   0.   7.]
 [ 15.   0.  21.]]
cf_score, 16.0
ratio, 0.414141414141
[[ 23.   0.   3.]
 [ 27.   0.  11.]
 [ 16.   0.  20.]]
cf_score, 24.0
ratio, 0.434343434343
[[ 29.   3.   8.]
 [ 18.   1.  10.]
 [ 12.   1.  18.]]
cf_score, 28.0
ratio, 0.484848484848
[[ 28.   0.   9.]
 [ 18.   3.  13.]
 [ 10.   1.  18.]]
cf_score, 30.0
ratio, 0.494949494949
[[ 23.   1.   7.]
 [ 24.   0.   9.]
 [ 10.   6.  20.]]
cf_score, 26.0
ratio, 0.434343434343
[[ 19.   2.   7.]
 [ 22.   0.  16.]
 [ 15.   3.  16.]]
cf_score, 13.0
ratio, 0.353535353535
[[ 18.   2.  13.]
 [ 18.   2.  16.]
 [ 13.   3.  15.]]
cf_score, 9.0
ratio, 0.353535353535
[[ 25.   7.   4.]
 [ 17.   2.  12.]
 [ 15.   1.  17.]]
cf_score, 25.0
ratio, 0.444444444444
[[ 28.   5.  12.]
 [ 17.   0.  10.]
 [  8.   1.  19.]]
cf_score, 27.0
ratio, 0.474747474747
[[ 16.   6.   7.]
 [ 25.   4.  15.]
 [ 10.   0.  17.]]
cf_score, 20.0
ratio, 0.373737373737
[[ 24.   4.   4.]
 [ 22.   3.  13.]
 [  9.   3.  18.]]
cf_score, 32.0
ratio, 0.454545454545
[[ 20.   0.   8.]
 [ 22.   3.  14.]
 [ 11.   9.  13.]]
cf_score, 17.0
ratio, 0.363636363636
[[ 15.   1.  16.]
 [ 13.   4.  22.]
 [  9.   1.  19.]]
cf_score, 13.0
ratio, 0.383838383838
[[ 23.   3.  11.]
 [ 29.   2.   5.]
 [  7.   3.  17.]]
cf_score, 24.0
ratio, 0.424242424242
[[ 18.   5.  20.]
 [ 12.   2.  14.]
 [  9.   1.  19.]]
cf_score, 10.0
ratio, 0.393939393939
[[ 24.   0.   8.]
 [ 19.   7.   6.]
 [ 10.   7.  19.]]
cf_score, 32.0
ratio, 0.505050505051
[[ 24.   2.   8.]
 [ 17.   3.  12.]
 [ 16.   3.  15.]]
cf_score, 18.0
ratio, 0.424242424242
[[ 17.   7.   7.]
 [ 17.   5.  17.]
 [ 10.   1.  19.]]
cf_score, 24.0
ratio, 0.414141414141
[[ 22.   4.   9.]
 [ 18.   1.  16.]
 [  6.   1.  23.]]
cf_score, 31.0
ratio, 0.464646464646
[[ 18.   0.  11.]
 [ 25.   6.  13.]
 [  7.   2.  18.]]
cf_score, 24.0
ratio, 0.424242424242
[[ 28.   4.   7.]
 [ 24.   2.   8.]
 [ 10.   3.  14.]]
cf_score, 27.0
ratio, 0.444444444444
[[ 23.   3.   6.]
 [ 22.   7.  10.]
 [  7.   4.  18.]]
cf_score, 35.0
ratio, 0.484848484848
[[ 26.   1.   4.]
 [ 19.   5.   6.]
 [ 17.   6.  16.]]
cf_score, 26.0
ratio, 0.474747474747
[[ 16.   6.   5.]
 [ 32.   5.   6.]
 [ 11.   8.  11.]]
cf_score, 16.0
ratio, 0.323232323232
[[ 18.   5.   8.]
 [ 20.  11.   7.]
 [ 16.   2.  13.]]
cf_score, 18.0
ratio, 0.424242424242
[[ 25.   3.   9.]
 [ 23.   5.   9.]
 [  5.   2.  19.]]
cf_score, 35.0
ratio, 0.494949494949
[[ 15.   7.  11.]
 [ 11.   7.  11.]
 [  7.   4.  27.]]
cf_score, 31.0
ratio, 0.494949494949
[[ 23.   2.  11.]
 [ 24.   4.   3.]
 [ 12.   7.  14.]]
cf_score, 18.0
ratio, 0.414141414141
[[ 20.   9.  12.]
 [ 19.   6.   6.]
 [ 13.   1.  14.]]
cf_score, 15.0
ratio, 0.40404040404
[[ 23.   3.   9.]
 [ 23.   5.   8.]
 [  7.   4.  18.]]
cf_score, 30.0
ratio, 0.464646464646
[[ 24.   3.   3.]
 [ 26.   4.   9.]
 [ 16.   4.  11.]]
cf_score, 20.0
ratio, 0.393939393939
[[ 20.   6.   8.]
 [ 21.   4.  11.]
 [  8.   4.  18.]]
cf_score, 26.0
ratio, 0.424242424242
[[ 20.   3.   9.]
 [ 13.   6.  11.]
 [ 10.  10.  18.]]
cf_score, 25.0
ratio, 0.444444444444
[[ 21.   3.   6.]
 [ 22.   7.   9.]
 [ 16.   3.  13.]]
cf_score, 19.0
ratio, 0.414141414141
[[ 21.   9.   6.]
 [ 18.   9.   9.]
 [ 14.   5.   9.]]
cf_score, 19.0
ratio, 0.393939393939
[[ 23.   5.   3.]
 [ 27.   7.   9.]
 [  8.   3.  15.]]
cf_score, 34.0
ratio, 0.454545454545
[[ 24.   5.   4.]
 [ 19.   7.  14.]
 [ 13.   2.  12.]]
cf_score, 26.0
ratio, 0.434343434343
[[ 20.  10.   6.]
 [ 15.   8.  11.]
 [ 13.   4.  13.]]
cf_score, 22.0
ratio, 0.414141414141
[[ 20.   3.   9.]
 [ 14.   5.  12.]
 [  8.  12.  17.]]
cf_score, 25.0
ratio, 0.424242424242
[[ 17.   7.   5.]
 [ 13.   8.   8.]
 [ 14.   9.  19.]]
cf_score, 25.0
ratio, 0.444444444444
[[ 22.   8.   7.]
 [ 23.   8.  10.]
 [  6.   9.   7.]]
cf_score, 24.0
ratio, 0.373737373737
[[ 21.   5.   4.]
 [ 17.   7.  13.]
 [ 12.   7.  14.]]
cf_score, 26.0
ratio, 0.424242424242
[[ 24.   5.   8.]
 [ 19.   5.   8.]
 [  9.   8.  14.]]
cf_score, 26.0
ratio, 0.434343434343
[[ 21.   4.   6.]
 [ 20.   5.   5.]
 [ 14.   8.  17.]]
cf_score, 23.0
ratio, 0.434343434343
[[ 23.   7.   9.]
 [ 15.  12.   9.]
 [ 14.   3.   8.]]
cf_score, 20.0
ratio, 0.434343434343
[[ 18.   4.   6.]
 [ 30.  10.   7.]
 [ 10.   4.  11.]]
cf_score, 23.0
ratio, 0.393939393939
[[ 18.   9.  14.]
 [  9.   9.   8.]
 [ 12.  10.  11.]]
cf_score, 12.0
ratio, 0.383838383838
[[ 27.   3.   5.]
 [ 21.   6.  10.]
 [ 10.   6.  12.]]
cf_score, 30.0
ratio, 0.454545454545
[[ 25.   2.   5.]
 [ 19.  10.  10.]
 [  5.   4.  20.]]
cf_score, 45.0
ratio, 0.555555555556
[[ 24.   7.   4.]
 [ 14.   8.   9.]
 [ 10.   9.  15.]]
cf_score, 33.0
ratio, 0.474747474747
[[ 20.   4.   8.]
 [ 15.   8.  10.]
 [ 11.   8.  16.]]
cf_score, 25.0
ratio, 0.444444444444
[[ 21.   5.   6.]
 [ 14.  15.  11.]
 [  8.   6.  14.]]
cf_score, 36.0
ratio, 0.505050505051
[[ 22.  11.   3.]
 [ 15.  10.   9.]
 [  7.   8.  15.]]
cf_score, 37.0
ratio, 0.474747474747
[[ 23.   5.   6.]
 [ 21.  10.   5.]
 [ 12.   3.  15.]]
cf_score, 30.0
ratio, 0.484848484848
[[ 30.   3.   5.]
 [ 21.  13.   3.]
 [  6.   8.  11.]]
cf_score, 43.0
ratio, 0.545454545455
[[ 22.   6.   5.]
 [ 21.   5.   7.]
 [ 11.   8.  15.]]
cf_score, 26.0
ratio, 0.424242424242
[[ 23.   7.   8.]
 [ 15.   8.   5.]
 [  7.  11.  16.]]
cf_score, 32.0
ratio, 0.474747474747
[[ 18.   9.   3.]
 [ 17.  10.  10.]
 [ 17.   3.  13.]]
cf_score, 21.0
ratio, 0.414141414141
[[ 24.   9.   8.]
 [ 10.   7.  10.]
 [  8.  14.  10.]]
cf_score, 25.0
ratio, 0.414141414141
[[ 20.  11.   2.]
 [ 18.   8.  10.]
 [ 13.   8.  10.]]
cf_score, 23.0
ratio, 0.383838383838
[[ 29.  10.   2.]
 [ 15.   7.   9.]
 [  7.   6.  15.]]
cf_score, 42.0
ratio, 0.515151515152
[[ 26.   3.   8.]
 [ 11.  11.   7.]
 [  5.  15.  14.]]
cf_score, 38.0
ratio, 0.515151515152
[[ 19.   4.   4.]
 [ 15.  15.  16.]
 [ 11.   6.  10.]]
cf_score, 29.0
ratio, 0.444444444444
[[ 22.   6.   6.]
 [ 11.  10.  11.]
 [  8.   8.  18.]]
cf_score, 36.0
ratio, 0.505050505051
[[ 23.   8.  12.]
 [  8.  10.   8.]
 [  6.   9.  16.]]
cf_score, 31.0
ratio, 0.494949494949
[[ 19.  10.   6.]
 [ 19.   6.  11.]
 [ 14.   4.  11.]]
cf_score, 16.0
ratio, 0.363636363636
[[ 23.  10.   4.]
 [ 16.   7.   6.]
 [ 10.   8.  16.]]
cf_score, 32.0
ratio, 0.464646464646
[[ 21.   9.   4.]
 [  8.  12.  10.]
 [ 12.   5.  19.]]
cf_score, 36.0
ratio, 0.525252525253
[[ 29.   7.   3.]
 [ 19.   5.   5.]
 [ 12.   7.  13.]]
cf_score, 32.0
ratio, 0.474747474747
[[ 20.   7.   9.]
 [ 16.   9.   7.]
 [ 13.   5.  14.]]
cf_score, 21.0
ratio, 0.434343434343
[[ 21.  13.   6.]
 [ 14.   7.  11.]
 [  7.   8.  13.]]
cf_score, 28.0
ratio, 0.414141414141
[[ 25.   4.   7.]
 [ 16.  12.   9.]
 [ 10.   4.  13.]]
cf_score, 33.0
ratio, 0.505050505051
[[ 31.  10.   2.]
 [ 10.   7.   8.]
 [  9.   7.  16.]]
cf_score, 43.0
ratio, 0.545454545455
[[ 21.   8.  10.]
 [ 15.   9.   6.]
 [  5.   7.  19.]]
cf_score, 34.0
ratio, 0.494949494949
[[ 19.   4.   5.]
 [ 11.  16.  11.]
 [  9.   9.  16.]]
cf_score, 37.0
ratio, 0.515151515152
[[ 21.   1.   4.]
 [ 15.   6.  11.]
 [ 11.  11.  20.]]
cf_score, 32.0
ratio, 0.474747474747
[[ 27.   3.   9.]
 [ 12.  16.   9.]
 [  7.   5.  12.]]
cf_score, 39.0
ratio, 0.555555555556
[[ 24.   4.   4.]
 [ 20.   6.   6.]
 [ 17.   9.  10.]]
cf_score, 19.0
ratio, 0.40404040404
[[ 17.  10.  16.]
 [ 18.   6.   7.]
 [ 10.   5.  11.]]
cf_score, 8.0
ratio, 0.343434343434
[[ 22.   5.   2.]
 [ 25.  11.   5.]
 [ 14.   8.   8.]]
cf_score, 25.0
ratio, 0.414141414141
[[ 23.   6.   6.]
 [ 20.   4.   6.]
 [  9.   9.  17.]]
cf_score, 29.0
ratio, 0.444444444444
[[ 12.  12.  11.]
 [  5.  12.  14.]
 [ 10.   7.  17.]]
cf_score, 20.0
ratio, 0.414141414141
[[ 16.   9.   7.]
 [ 11.  19.   9.]
 [  4.   4.  21.]]
cf_score, 45.0
ratio, 0.565656565657
[[ 20.  10.   7.]
 [ 16.   7.  11.]
 [ 14.  10.   5.]]
cf_score, 11.0
ratio, 0.323232323232
[[ 21.  10.   6.]
 [ 17.  11.  10.]
 [ 11.   9.   5.]]
cf_score, 20.0
ratio, 0.373737373737
[[ 34.   9.   0.]
 [ 13.   4.  10.]
 [ 13.   6.  11.]]
cf_score, 36.0
ratio, 0.494949494949
[[ 26.   7.   4.]
 [ 18.   9.  10.]
 [  7.   5.  14.]]
cf_score, 38.0
ratio, 0.494949494949
[[ 22.   6.   2.]
 [ 21.  10.   4.]
 [ 12.   6.  17.]]
cf_score, 35.0
ratio, 0.494949494949
[[ 25.  14.   7.]
 [ 14.   6.  12.]
 [  3.   7.  12.]]
cf_score, 33.0
ratio, 0.434343434343
[[ 25.   3.   5.]
 [ 24.   9.   3.]
 [ 17.   7.   7.]]
cf_score, 19.0
ratio, 0.414141414141
[[ 19.  10.   5.]
 [ 23.   5.   5.]
 [ 10.   4.  19.]]
cf_score, 28.0
ratio, 0.434343434343
[[ 15.  16.   8.]
 [ 11.  14.   6.]
 [  4.   7.  19.]]
cf_score, 36.0
ratio, 0.484848484848
[[ 22.   8.   4.]
 [ 19.  11.   7.]
 [  8.   5.  16.]]
cf_score, 37.0
ratio, 0.494949494949
[[ 24.   6.   3.]
 [ 21.   5.  11.]
 [ 10.  10.  10.]]
cf_score, 26.0
ratio, 0.393939393939
