[[  0.  35.   0.]
 [  0.  65.   0.]
 [  0.   0.   0.]]
[[  0.  26.   0.]
 [  0.  74.   0.]
 [  0.   0.   0.]]
[[  0.  23.   0.]
 [  0.  77.   0.]
 [  0.   0.   0.]]
[[  0.  24.   0.]
 [  0.  76.   0.]
 [  0.   0.   0.]]
[[  0.  30.   0.]
 [  0.  70.   0.]
 [  0.   0.   0.]]
[[  0.  29.   0.]
 [  0.  71.   0.]
 [  0.   0.   0.]]
[[  0.  36.   0.]
 [  0.  64.   0.]
 [  0.   0.   0.]]
[[  0.  40.   0.]
 [  0.  60.   0.]
 [  0.   0.   0.]]
[[  0.  33.   0.]
 [  0.  67.   0.]
 [  0.   0.   0.]]
[[ 11.  16.   0.]
 [  8.  65.   0.]
 [  0.   0.   0.]]
