[[ 34.   3.   1.]
 [  5.  30.   2.]
 [  4.  19.   2.]]
[[ 30.   3.   3.]
 [  5.  24.   4.]
 [  6.  22.   3.]]
[[ 27.   4.   6.]
 [  5.  28.   2.]
 [  6.  17.   5.]]
[[ 26.   7.   3.]
 [  4.  27.   4.]
 [  8.  18.   3.]]
[[ 28.   6.   3.]
 [  7.  24.   1.]
 [  6.  21.   4.]]
[[ 24.   8.   4.]
 [  3.  21.   3.]
 [ 11.  14.  12.]]
[[ 25.   3.   2.]
 [  0.  30.   3.]
 [ 11.  16.  10.]]
[[ 27.   4.   8.]
 [  2.  26.   4.]
 [  9.  15.   5.]]
[[ 24.   3.   2.]
 [  5.  17.  14.]
 [  8.  20.   7.]]
[[ 26.   2.   1.]
 [  2.  13.  17.]
 [  8.  11.  20.]]
