[[  4.  27.   5.]
 [  3.  25.   4.]
 [  2.   8.  22.]]
[[  2.  24.   6.]
 [  2.  33.   3.]
 [  3.   2.  25.]]
[[  7.  20.  10.]
 [  5.  18.   3.]
 [  4.   6.  27.]]
[[  4.  21.   4.]
 [  1.  30.   3.]
 [  6.   7.  24.]]
[[  4.  23.   6.]
 [  6.  20.   1.]
 [  7.   9.  24.]]
[[  7.  15.   3.]
 [  6.  31.   7.]
 [  1.   4.  26.]]
[[  1.  22.   7.]
 [  3.  28.   2.]
 [  5.   6.  26.]]
[[  6.  23.   4.]
 [  4.  26.   3.]
 [  4.   6.  24.]]
[[  5.  22.   5.]
 [  5.  25.   2.]
 [  8.   6.  22.]]
[[  9.  16.   4.]
 [  9.  27.   0.]
 [  3.   8.  24.]]
