[[  0.   0.   0.]
 [  0.  67.   0.]
 [  0.  33.   0.]]
[[  0.   0.   0.]
 [  0.  65.   0.]
 [  0.  35.   0.]]
[[  0.   0.   0.]
 [  0.  69.   0.]
 [  0.  31.   0.]]
[[  0.   0.   0.]
 [  0.  69.   0.]
 [  0.  31.   0.]]
[[  0.   0.   0.]
 [  0.  67.   0.]
 [  0.  33.   0.]]
[[  0.   0.   0.]
 [  0.  62.   0.]
 [  0.  38.   0.]]
[[  0.   0.   0.]
 [  0.  70.   0.]
 [  0.  30.   0.]]
[[  0.   0.   0.]
 [  0.  72.   0.]
 [  0.  28.   0.]]
[[  0.   0.   0.]
 [  0.  76.   0.]
 [  0.  24.   0.]]
[[  0.   0.   0.]
 [  0.  65.   0.]
 [  0.  35.   0.]]
