[[  0.  23.  13.]
 [  2.  26.   8.]
 [  0.  13.  15.]]
[[  1.  21.   9.]
 [  1.  26.  10.]
 [  0.  14.  18.]]
[[  0.  19.   8.]
 [  3.  25.   6.]
 [  4.  14.  21.]]
[[  5.  23.   9.]
 [  2.  22.   8.]
 [  3.  13.  15.]]
[[  4.  23.   9.]
 [  3.  15.   7.]
 [  2.  12.  25.]]
[[  2.  17.  11.]
 [  2.  27.   5.]
 [  3.  15.  18.]]
[[  0.  16.  10.]
 [  1.  27.   2.]
 [  2.  22.  20.]]
[[  6.  26.  13.]
 [  1.  20.   3.]
 [  3.  15.  13.]]
[[  0.  22.  18.]
 [  2.  13.  16.]
 [  1.   6.  22.]]
[[  2.  17.  13.]
 [  5.  28.   8.]
 [  1.  13.  13.]]
