[[ 14.   9.   1.]
 [  6.  29.   2.]
 [ 13.  24.   2.]]
[[ 13.  18.   1.]
 [  9.  27.   0.]
 [  9.  22.   1.]]
[[ 16.  10.   4.]
 [ 16.  25.   3.]
 [  6.  16.   4.]]
[[ 13.   5.   2.]
 [ 10.  32.   5.]
 [  8.  19.   6.]]
[[ 16.   5.   4.]
 [  5.  27.   7.]
 [ 13.  16.   7.]]
[[ 16.  11.  10.]
 [  2.  19.  14.]
 [  4.  16.   8.]]
[[ 18.   7.   4.]
 [ 11.  18.   8.]
 [  5.  14.  15.]]
[[ 21.   3.   6.]
 [  9.  21.   2.]
 [  8.   7.  23.]]
[[ 15.   7.   8.]
 [  6.  16.  13.]
 [  4.  10.  21.]]
[[ 15.  10.   3.]
 [  5.  15.  16.]
 [  4.  11.  21.]]
