[[ 30.   0.   0.]
 [ 33.   0.   0.]
 [ 37.   0.   0.]]
cf_score, -7.0
ratio, 0.30303030303
[[ 27.   0.   0.]
 [ 40.   0.   0.]
 [ 33.   0.   0.]]
cf_score, -6.0
ratio, 0.272727272727
[[ 34.   0.   0.]
 [ 30.   0.   0.]
 [ 36.   0.   0.]]
cf_score, -2.0
ratio, 0.343434343434
[[ 24.   0.   0.]
 [ 38.   0.   0.]
 [ 38.   0.   0.]]
cf_score, -14.0
ratio, 0.242424242424
[[ 38.   0.   0.]
 [ 26.   0.   0.]
 [ 36.   0.   0.]]
cf_score, 2.0
ratio, 0.383838383838
[[ 31.   0.   0.]
 [ 29.   0.   0.]
 [ 40.   0.   0.]]
cf_score, -9.0
ratio, 0.313131313131
[[ 26.   0.   0.]
 [ 40.   0.   0.]
 [ 34.   0.   0.]]
cf_score, -8.0
ratio, 0.262626262626
[[ 30.   0.   0.]
 [ 34.   0.   0.]
 [ 36.   0.   0.]]
cf_score, -6.0
ratio, 0.30303030303
[[ 31.   0.   0.]
 [ 25.   0.   0.]
 [ 44.   0.   0.]]
cf_score, -13.0
ratio, 0.313131313131
[[ 28.   0.   0.]
 [ 25.   0.   0.]
 [ 47.   0.   0.]]
cf_score, -19.0
ratio, 0.282828282828
[[ 28.   0.   0.]
 [ 31.   0.   0.]
 [ 41.   0.   0.]]
cf_score, -13.0
ratio, 0.282828282828
[[ 21.   0.   0.]
 [ 34.   0.   0.]
 [ 45.   0.   0.]]
cf_score, -24.0
ratio, 0.212121212121
[[ 21.   0.   0.]
 [ 42.   0.   0.]
 [ 37.   0.   0.]]
cf_score, -16.0
ratio, 0.212121212121
[[ 31.   0.   0.]
 [ 31.   0.   0.]
 [ 38.   0.   0.]]
cf_score, -7.0
ratio, 0.313131313131
[[ 28.   0.   0.]
 [ 33.   0.   0.]
 [ 39.   0.   0.]]
cf_score, -11.0
ratio, 0.282828282828
[[ 25.   0.   0.]
 [ 36.   0.   0.]
 [ 39.   0.   0.]]
cf_score, -14.0
ratio, 0.252525252525
[[ 31.   0.   0.]
 [ 31.   0.   0.]
 [ 38.   0.   0.]]
cf_score, -7.0
ratio, 0.313131313131
[[ 29.   0.   0.]
 [ 39.   0.   0.]
 [ 32.   0.   0.]]
cf_score, -3.0
ratio, 0.292929292929
[[ 31.   0.   0.]
 [ 31.   0.   0.]
 [ 38.   0.   0.]]
cf_score, -7.0
ratio, 0.313131313131
[[ 36.   0.   0.]
 [ 25.   0.   0.]
 [ 39.   0.   0.]]
cf_score, -3.0
ratio, 0.363636363636
[[ 32.   0.   0.]
 [ 28.   0.   0.]
 [ 40.   0.   0.]]
cf_score, -8.0
ratio, 0.323232323232
[[ 30.   0.   0.]
 [ 26.   0.   0.]
 [ 44.   0.   0.]]
cf_score, -14.0
ratio, 0.30303030303
[[ 23.   0.   0.]
 [ 40.   0.   0.]
 [ 37.   0.   0.]]
cf_score, -14.0
ratio, 0.232323232323
[[ 29.   0.   0.]
 [ 26.   0.   0.]
 [ 45.   0.   0.]]
cf_score, -16.0
ratio, 0.292929292929
[[ 29.   0.   0.]
 [ 40.   0.   0.]
 [ 31.   0.   0.]]
cf_score, -2.0
ratio, 0.292929292929
[[ 30.   0.   0.]
 [ 29.   0.   0.]
 [ 41.   0.   0.]]
cf_score, -11.0
ratio, 0.30303030303
[[ 26.   0.   0.]
 [ 45.   0.   0.]
 [ 29.   0.   0.]]
cf_score, -3.0
ratio, 0.262626262626
[[ 23.   0.   0.]
 [ 40.   0.   0.]
 [ 37.   0.   0.]]
cf_score, -14.0
ratio, 0.232323232323
[[ 17.   0.   0.]
 [ 34.   0.   0.]
 [ 49.   0.   0.]]
cf_score, -32.0
ratio, 0.171717171717
[[ 33.   0.   0.]
 [ 29.   0.   0.]
 [ 38.   0.   0.]]
cf_score, -5.0
ratio, 0.333333333333
[[ 36.   0.   0.]
 [ 37.   0.   0.]
 [ 27.   0.   0.]]
cf_score, 9.0
ratio, 0.363636363636
[[ 24.   0.   0.]
 [ 38.   0.   0.]
 [ 38.   0.   0.]]
cf_score, -14.0
ratio, 0.242424242424
[[ 36.   0.   0.]
 [ 27.   0.   0.]
 [ 37.   0.   0.]]
cf_score, -1.0
ratio, 0.363636363636
[[ 26.   0.   0.]
 [ 29.   0.   0.]
 [ 45.   0.   0.]]
cf_score, -19.0
ratio, 0.262626262626
[[ 26.   0.   0.]
 [ 31.   0.   0.]
 [ 43.   0.   0.]]
cf_score, -17.0
ratio, 0.262626262626
[[ 35.   0.   0.]
 [ 31.   0.   0.]
 [ 34.   0.   0.]]
cf_score, 1.0
ratio, 0.353535353535
[[ 32.   0.   0.]
 [ 34.   0.   0.]
 [ 34.   0.   0.]]
cf_score, -2.0
ratio, 0.323232323232
[[ 30.   0.   0.]
 [ 25.   0.   0.]
 [ 45.   0.   0.]]
cf_score, -15.0
ratio, 0.30303030303
[[ 30.   0.   0.]
 [ 31.   0.   0.]
 [ 39.   0.   0.]]
cf_score, -9.0
ratio, 0.30303030303
[[ 34.   0.   0.]
 [ 30.   0.   0.]
 [ 36.   0.   0.]]
cf_score, -2.0
ratio, 0.343434343434
[[ 32.   0.   0.]
 [ 40.   0.   0.]
 [ 28.   0.   0.]]
cf_score, 4.0
ratio, 0.323232323232
[[ 31.   0.   0.]
 [ 35.   0.   0.]
 [ 34.   0.   0.]]
cf_score, -3.0
ratio, 0.313131313131
[[ 27.   0.   0.]
 [ 27.   0.   0.]
 [ 46.   0.   0.]]
cf_score, -19.0
ratio, 0.272727272727
[[ 28.   0.   0.]
 [ 30.   0.   0.]
 [ 42.   0.   0.]]
cf_score, -14.0
ratio, 0.282828282828
[[ 33.   0.   0.]
 [ 37.   0.   0.]
 [ 30.   0.   0.]]
cf_score, 3.0
ratio, 0.333333333333
[[ 31.   0.   0.]
 [ 37.   0.   0.]
 [ 32.   0.   0.]]
cf_score, -1.0
ratio, 0.313131313131
[[ 30.   0.   0.]
 [ 37.   0.   0.]
 [ 33.   0.   0.]]
cf_score, -3.0
ratio, 0.30303030303
[[ 25.   0.   0.]
 [ 32.   0.   0.]
 [ 43.   0.   0.]]
cf_score, -18.0
ratio, 0.252525252525
[[ 32.   0.   0.]
 [ 33.   0.   0.]
 [ 35.   0.   0.]]
cf_score, -3.0
ratio, 0.323232323232
[[ 38.   0.   0.]
 [ 36.   0.   0.]
 [ 26.   0.   0.]]
cf_score, 12.0
ratio, 0.383838383838
[[ 32.   0.   0.]
 [ 30.   0.   0.]
 [ 38.   0.   0.]]
cf_score, -6.0
ratio, 0.323232323232
[[ 29.   0.   0.]
 [ 27.   0.   0.]
 [ 44.   0.   0.]]
cf_score, -15.0
ratio, 0.292929292929
[[ 28.   0.   0.]
 [ 30.   0.   0.]
 [ 42.   0.   0.]]
cf_score, -14.0
ratio, 0.282828282828
[[ 35.   0.   0.]
 [ 26.   0.   0.]
 [ 39.   0.   0.]]
cf_score, -4.0
ratio, 0.353535353535
[[ 24.   0.   0.]
 [ 31.   0.   0.]
 [ 45.   0.   0.]]
cf_score, -21.0
ratio, 0.242424242424
[[ 29.   0.   0.]
 [ 30.   0.   0.]
 [ 41.   0.   0.]]
cf_score, -12.0
ratio, 0.292929292929
[[ 33.   0.   0.]
 [ 42.   0.   0.]
 [ 25.   0.   0.]]
cf_score, 8.0
ratio, 0.333333333333
[[ 32.   0.   0.]
 [ 30.   0.   0.]
 [ 38.   0.   0.]]
cf_score, -6.0
ratio, 0.323232323232
[[ 34.   0.   0.]
 [ 27.   0.   0.]
 [ 39.   0.   0.]]
cf_score, -5.0
ratio, 0.343434343434
[[ 27.   0.   0.]
 [ 33.   0.   0.]
 [ 40.   0.   0.]]
cf_score, -13.0
ratio, 0.272727272727
[[ 38.   0.   0.]
 [ 18.   0.   0.]
 [ 44.   0.   0.]]
cf_score, -6.0
ratio, 0.383838383838
[[ 31.   0.   0.]
 [ 30.   0.   0.]
 [ 39.   0.   0.]]
cf_score, -8.0
ratio, 0.313131313131
[[ 30.   0.   0.]
 [ 32.   0.   0.]
 [ 38.   0.   0.]]
cf_score, -8.0
ratio, 0.30303030303
[[ 30.   0.   0.]
 [ 35.   0.   0.]
 [ 35.   0.   0.]]
cf_score, -5.0
ratio, 0.30303030303
[[ 29.   0.   0.]
 [ 34.   0.   0.]
 [ 37.   0.   0.]]
cf_score, -8.0
ratio, 0.292929292929
[[ 29.   0.   0.]
 [ 36.   0.   0.]
 [ 35.   0.   0.]]
cf_score, -6.0
ratio, 0.292929292929
[[ 29.   0.   0.]
 [ 33.   0.   0.]
 [ 38.   0.   0.]]
cf_score, -9.0
ratio, 0.292929292929
[[ 26.   0.   0.]
 [ 31.   0.   0.]
 [ 43.   0.   0.]]
cf_score, -17.0
ratio, 0.262626262626
[[ 30.   0.   0.]
 [ 37.   0.   0.]
 [ 33.   0.   0.]]
cf_score, -3.0
ratio, 0.30303030303
[[ 29.   0.   0.]
 [ 32.   0.   0.]
 [ 39.   0.   0.]]
cf_score, -10.0
ratio, 0.292929292929
[[ 25.   0.   0.]
 [ 23.   0.   0.]
 [ 52.   0.   0.]]
cf_score, -27.0
ratio, 0.252525252525
[[ 22.   0.   0.]
 [ 35.   0.   0.]
 [ 43.   0.   0.]]
cf_score, -21.0
ratio, 0.222222222222
[[ 37.   0.   0.]
 [ 24.   0.   0.]
 [ 39.   0.   0.]]
cf_score, -2.0
ratio, 0.373737373737
[[ 31.   0.   0.]
 [ 27.   0.   0.]
 [ 42.   0.   0.]]
cf_score, -11.0
ratio, 0.313131313131
[[ 29.   0.   0.]
 [ 31.   0.   0.]
 [ 40.   0.   0.]]
cf_score, -11.0
ratio, 0.292929292929
[[ 29.   0.   0.]
 [ 29.   0.   0.]
 [ 42.   0.   0.]]
cf_score, -13.0
ratio, 0.292929292929
[[ 32.   0.   0.]
 [ 34.   0.   0.]
 [ 34.   0.   0.]]
cf_score, -2.0
ratio, 0.323232323232
[[ 35.   0.   0.]
 [ 28.   0.   0.]
 [ 37.   0.   0.]]
cf_score, -2.0
ratio, 0.353535353535
[[ 30.   0.   0.]
 [ 41.   0.   0.]
 [ 29.   0.   0.]]
cf_score, 1.0
ratio, 0.30303030303
[[ 34.   0.   0.]
 [ 32.   0.   0.]
 [ 34.   0.   0.]]
cf_score, 0.0
ratio, 0.343434343434
[[ 30.   0.   0.]
 [ 38.   0.   0.]
 [ 32.   0.   0.]]
cf_score, -2.0
ratio, 0.30303030303
[[ 30.   0.   0.]
 [ 27.   0.   0.]
 [ 43.   0.   0.]]
cf_score, -13.0
ratio, 0.30303030303
[[ 27.   0.   0.]
 [ 32.   0.   0.]
 [ 41.   0.   0.]]
cf_score, -14.0
ratio, 0.272727272727
[[ 36.   0.   0.]
 [ 34.   0.   0.]
 [ 30.   0.   0.]]
cf_score, 6.0
ratio, 0.363636363636
[[ 29.   0.   0.]
 [ 30.   0.   0.]
 [ 41.   0.   0.]]
cf_score, -12.0
ratio, 0.292929292929
[[ 28.   0.   0.]
 [ 32.   0.   0.]
 [ 40.   0.   0.]]
cf_score, -12.0
ratio, 0.282828282828
[[ 33.   0.   0.]
 [ 28.   0.   0.]
 [ 39.   0.   0.]]
cf_score, -6.0
ratio, 0.333333333333
[[ 30.   0.   0.]
 [ 45.   0.   0.]
 [ 25.   0.   0.]]
cf_score, 5.0
ratio, 0.30303030303
[[ 29.   0.   0.]
 [ 27.   0.   0.]
 [ 44.   0.   0.]]
cf_score, -15.0
ratio, 0.292929292929
[[ 27.   0.   0.]
 [ 36.   0.   0.]
 [ 37.   0.   0.]]
cf_score, -10.0
ratio, 0.272727272727
[[ 31.   0.   0.]
 [ 34.   0.   0.]
 [ 35.   0.   0.]]
cf_score, -4.0
ratio, 0.313131313131
[[ 30.   0.   0.]
 [ 33.   0.   0.]
 [ 37.   0.   0.]]
cf_score, -7.0
ratio, 0.30303030303
[[ 29.   0.   0.]
 [ 37.   0.   0.]
 [ 34.   0.   0.]]
cf_score, -5.0
ratio, 0.292929292929
[[ 32.   0.   0.]
 [ 33.   0.   0.]
 [ 35.   0.   0.]]
cf_score, -3.0
ratio, 0.323232323232
[[ 22.   0.   0.]
 [ 41.   0.   0.]
 [ 37.   0.   0.]]
cf_score, -15.0
ratio, 0.222222222222
[[ 28.   0.   0.]
 [ 32.   0.   0.]
 [ 40.   0.   0.]]
cf_score, -12.0
ratio, 0.282828282828
[[ 33.   0.   0.]
 [ 36.   0.   0.]
 [ 31.   0.   0.]]
cf_score, 2.0
ratio, 0.333333333333
[[ 32.   0.   0.]
 [ 33.   0.   0.]
 [ 35.   0.   0.]]
cf_score, -3.0
ratio, 0.323232323232
[[ 30.   0.   0.]
 [ 24.   0.   0.]
 [ 46.   0.   0.]]
cf_score, -16.0
ratio, 0.30303030303
[[ 29.   0.   0.]
 [ 27.   0.   0.]
 [ 44.   0.   0.]]
cf_score, -15.0
ratio, 0.292929292929
