[[  0.  10.  20.]
 [  0.  25.  13.]
 [  0.  13.  19.]]
cf_score, 24.0
nv_score, -34.0
ratio, 0.444444444444
[[  2.  21.   8.]
 [  3.  25.   7.]
 [  1.  26.   7.]]
cf_score, 25.0
nv_score, -16.0
ratio, 0.343434343434
[[  7.  15.   6.]
 [  3.  31.   9.]
 [  7.  10.  12.]]
cf_score, 37.0
nv_score, -9.0
ratio, 0.505050505051
[[  7.   6.   5.]
 [  5.  29.  13.]
 [ 10.  14.  11.]]
cf_score, 32.0
nv_score, -12.0
ratio, 0.474747474747
[[ 12.   8.   6.]
 [ 17.  13.   3.]
 [ 13.  10.  18.]]
cf_score, 24.0
nv_score, 3.0
ratio, 0.434343434343
[[ 18.   7.   9.]
 [ 19.  11.   8.]
 [ 10.   7.  11.]]
cf_score, 21.0
nv_score, -15.0
ratio, 0.40404040404
[[ 15.  10.   9.]
 [  8.  14.   7.]
 [ 14.  12.  11.]]
cf_score, 17.0
nv_score, -14.0
ratio, 0.40404040404
[[ 13.  20.   4.]
 [  7.  23.   4.]
 [ 15.   5.   9.]]
cf_score, 26.0
nv_score, -3.0
ratio, 0.454545454545
[[ 14.  20.   2.]
 [ 12.  16.   7.]
 [ 16.   8.   5.]]
cf_score, 17.0
nv_score, -6.0
ratio, 0.353535353535
[[ 13.  11.  10.]
 [ 15.  14.   5.]
 [  7.  10.  15.]]
cf_score, 25.0
nv_score, -10.0
ratio, 0.424242424242
[[ 16.  14.   8.]
 [ 18.  10.  10.]
 [  4.   9.  11.]]
cf_score, 25.0
nv_score, -15.0
ratio, 0.373737373737
[[ 11.  10.   8.]
 [ 12.  10.   7.]
 [  9.   5.  28.]]
cf_score, 32.0
nv_score, 5.0
ratio, 0.494949494949
[[ 21.   9.   7.]
 [ 17.  12.   3.]
 [  9.   9.  13.]]
cf_score, 30.0
nv_score, -4.0
ratio, 0.464646464646
[[ 12.  10.   8.]
 [ 10.  21.   9.]
 [  8.  12.  10.]]
cf_score, 27.0
nv_score, -15.0
ratio, 0.434343434343
[[  9.  10.   8.]
 [ 16.  13.  11.]
 [  5.  13.  15.]]
cf_score, 24.0
nv_score, -12.0
ratio, 0.373737373737
[[  9.  16.   4.]
 [ 16.  15.   8.]
 [  9.   9.  14.]]
cf_score, 25.0
nv_score, -2.0
ratio, 0.383838383838
[[ 21.  11.   4.]
 [ 19.   9.  10.]
 [  6.   6.  14.]]
cf_score, 34.0
nv_score, -4.0
ratio, 0.444444444444
[[ 24.  10.   9.]
 [ 13.  10.   8.]
 [  6.  11.   9.]]
cf_score, 28.0
nv_score, -17.0
ratio, 0.434343434343
[[ 20.  12.   5.]
 [ 12.  12.   8.]
 [ 10.   9.  12.]]
cf_score, 29.0
nv_score, -6.0
ratio, 0.444444444444
[[ 22.   4.  11.]
 [ 19.  13.   6.]
 [  7.   9.   9.]]
cf_score, 26.0
nv_score, -19.0
ratio, 0.444444444444
[[ 15.   7.   8.]
 [ 16.  18.   9.]
 [  5.   7.  15.]]
cf_score, 35.0
nv_score, -10.0
ratio, 0.484848484848
[[ 13.   4.  17.]
 [ 18.  10.   8.]
 [  2.   5.  23.]]
cf_score, 27.0
nv_score, -19.0
ratio, 0.464646464646
[[ 25.   4.   8.]
 [ 16.  11.   8.]
 [ 10.   8.  10.]]
cf_score, 28.0
nv_score, -14.0
ratio, 0.464646464646
[[ 22.   5.   7.]
 [ 19.   8.   9.]
 [  9.   5.  16.]]
cf_score, 30.0
nv_score, -7.0
ratio, 0.464646464646
[[ 22.   7.  10.]
 [ 19.   7.   6.]
 [ 10.   3.  16.]]
cf_score, 25.0
nv_score, -10.0
ratio, 0.454545454545
[[ 14.   9.   4.]
 [ 11.  22.   5.]
 [ 10.   9.  16.]]
cf_score, 38.0
nv_score, 3.0
ratio, 0.525252525253
[[ 12.  18.   5.]
 [ 13.  11.   9.]
 [  8.   9.  15.]]
cf_score, 25.0
nv_score, -4.0
ratio, 0.383838383838
[[ 11.   7.  12.]
 [ 17.  13.   6.]
 [  4.   6.  24.]]
cf_score, 32.0
nv_score, -6.0
ratio, 0.484848484848
[[  9.   8.   6.]
 [ 11.  20.   8.]
 [ 10.  15.  13.]]
cf_score, 26.0
nv_score, -7.0
ratio, 0.424242424242
[[ 17.  10.   8.]
 [ 14.  20.   8.]
 [  6.   6.  11.]]
cf_score, 34.0
nv_score, -13.0
ratio, 0.484848484848
[[ 16.  10.   9.]
 [  8.   7.   9.]
 [  9.  14.  18.]]
cf_score, 23.0
nv_score, -9.0
ratio, 0.414141414141
[[ 19.  14.   9.]
 [ 15.  10.   8.]
 [  3.   8.  14.]]
cf_score, 31.0
nv_score, -12.0
ratio, 0.434343434343
[[ 20.  10.   5.]
 [ 11.  14.  10.]
 [  7.   7.  16.]]
cf_score, 38.0
nv_score, -4.0
ratio, 0.505050505051
[[ 21.   8.   7.]
 [ 12.  10.  10.]
 [  9.   8.  15.]]
cf_score, 30.0
nv_score, -9.0
ratio, 0.464646464646
[[ 14.  14.   4.]
 [ 17.  12.   9.]
 [ 12.   6.  12.]]
cf_score, 22.0
nv_score, -5.0
ratio, 0.383838383838
[[ 24.   4.  14.]
 [ 19.   5.   5.]
 [ 11.   5.  13.]]
cf_score, 17.0
nv_score, -20.0
ratio, 0.424242424242
[[ 15.  14.   4.]
 [ 11.  16.   9.]
 [ 10.  10.  11.]]
cf_score, 28.0
nv_score, -6.0
ratio, 0.424242424242
[[ 17.  12.   4.]
 [ 11.  18.   9.]
 [  7.   8.  14.]]
cf_score, 38.0
nv_score, -3.0
ratio, 0.494949494949
[[ 18.   8.   8.]
 [ 12.  14.   6.]
 [  8.  12.  14.]]
cf_score, 30.0
nv_score, -8.0
ratio, 0.464646464646
[[ 18.   9.  14.]
 [ 15.  12.   8.]
 [  6.   2.  16.]]
cf_score, 26.0
nv_score, -20.0
ratio, 0.464646464646
[[ 18.   4.   7.]
 [ 14.  12.  10.]
 [ 14.   7.  14.]]
cf_score, 23.0
nv_score, -10.0
ratio, 0.444444444444
[[ 20.   5.   7.]
 [ 13.  17.  11.]
 [  6.   8.  13.]]
cf_score, 37.0
nv_score, -12.0
ratio, 0.505050505051
[[ 18.   6.   9.]
 [ 11.  14.  10.]
 [  7.  11.  14.]]
cf_score, 30.0
nv_score, -14.0
ratio, 0.464646464646
[[ 12.   7.   7.]
 [ 13.  13.  11.]
 [  8.   7.  22.]]
cf_score, 32.0
nv_score, -3.0
ratio, 0.474747474747
[[ 15.   7.   4.]
 [  9.  18.  11.]
 [  9.  12.  15.]]
cf_score, 35.0
nv_score, -4.0
ratio, 0.484848484848
[[ 15.   6.   9.]
 [ 10.  17.  10.]
 [  6.  11.  16.]]
cf_score, 33.0
nv_score, -12.0
ratio, 0.484848484848
[[ 17.  11.   5.]
 [ 15.  14.  12.]
 [  4.   8.  14.]]
cf_score, 36.0
nv_score, -8.0
ratio, 0.454545454545
[[ 19.   9.   5.]
 [ 14.  15.   6.]
 [  6.   8.  18.]]
cf_score, 41.0
nv_score, 2.0
ratio, 0.525252525253
[[ 22.   4.   8.]
 [ 13.  10.   9.]
 [  9.   7.  18.]]
cf_score, 33.0
nv_score, -7.0
ratio, 0.505050505051
[[ 12.  14.   5.]
 [ 13.  10.  16.]
 [  7.  10.  13.]]
cf_score, 23.0
nv_score, -13.0
ratio, 0.353535353535
