[[ 22.   0.  11.]
 [ 15.   0.  15.]
 [ 15.   0.  22.]]
cf_score, 18.0
nv_score, -15.0
ratio, 0.444444444444
[[ 19.   1.  13.]
 [ 22.   1.  17.]
 [ 10.   0.  17.]]
cf_score, 14.0
nv_score, -26.0
ratio, 0.373737373737
[[ 21.   1.  11.]
 [ 27.   0.  17.]
 [  9.   0.  14.]]
cf_score, 15.0
nv_score, -25.0
ratio, 0.353535353535
[[ 15.   1.  11.]
 [ 15.   0.  14.]
 [ 20.   0.  24.]]
cf_score, 8.0
nv_score, -12.0
ratio, 0.393939393939
[[ 24.   1.  16.]
 [ 20.   0.  14.]
 [  8.   1.  16.]]
cf_score, 16.0
nv_score, -30.0
ratio, 0.40404040404
[[ 17.   2.  18.]
 [ 21.   2.  14.]
 [ 10.   0.  16.]]
cf_score, 7.0
nv_score, -34.0
ratio, 0.353535353535
[[ 13.   3.  12.]
 [ 27.   0.  11.]
 [ 19.   2.  13.]]
cf_score, -5.0
nv_score, -22.0
ratio, 0.262626262626
[[ 24.   3.   8.]
 [ 16.   2.  15.]
 [ 16.   2.  14.]]
cf_score, 16.0
nv_score, -17.0
ratio, 0.40404040404
[[ 15.   2.  20.]
 [ 16.   3.  14.]
 [  6.   3.  21.]]
cf_score, 13.0
nv_score, -33.0
ratio, 0.393939393939
[[ 28.   2.   6.]
 [ 12.   2.  13.]
 [ 12.   4.  21.]]
cf_score, 33.0
nv_score, -4.0
ratio, 0.515151515152
[[ 20.   3.   7.]
 [ 14.   2.  12.]
 [ 15.   6.  21.]]
cf_score, 21.0
nv_score, -5.0
ratio, 0.434343434343
[[ 15.   6.  17.]
 [  9.   3.  13.]
 [ 11.   3.  23.]]
cf_score, 13.0
nv_score, -24.0
ratio, 0.414141414141
[[ 19.   8.  14.]
 [ 14.   2.  16.]
 [ 11.   3.  13.]]
cf_score, 9.0
nv_score, -31.0
ratio, 0.343434343434
[[ 17.   5.   7.]
 [ 27.   1.  10.]
 [ 20.   2.  11.]]
cf_score, 2.0
nv_score, -13.0
ratio, 0.292929292929
[[ 14.   4.  21.]
 [ 11.   1.  14.]
 [  8.   1.  26.]]
cf_score, 12.0
nv_score, -30.0
ratio, 0.414141414141
[[ 11.   4.   9.]
 [ 16.   5.  21.]
 [ 19.   0.  15.]]
cf_score, 3.0
nv_score, -24.0
ratio, 0.313131313131
[[ 13.   2.  15.]
 [ 17.   3.  13.]
 [ 13.   4.  20.]]
cf_score, 8.0
nv_score, -23.0
ratio, 0.363636363636
[[ 17.   2.  10.]
 [ 15.   2.  12.]
 [  7.   2.  33.]]
cf_score, 35.0
nv_score, 1.0
ratio, 0.525252525253
[[ 18.   5.  14.]
 [ 19.   2.  13.]
 [  4.   3.  22.]]
cf_score, 24.0
nv_score, -19.0
ratio, 0.424242424242
[[ 20.   7.   9.]
 [ 13.   0.  18.]
 [ 11.   5.  17.]]
cf_score, 17.0
nv_score, -19.0
ratio, 0.373737373737
[[ 24.   0.  17.]
 [ 17.   1.  16.]
 [ 10.   3.  12.]]
cf_score, 10.0
nv_score, -38.0
ratio, 0.373737373737
[[ 18.   3.  10.]
 [ 19.   1.  13.]
 [ 14.   3.  19.]]
cf_score, 14.0
nv_score, -14.0
ratio, 0.383838383838
[[ 11.   1.  12.]
 [ 22.   3.  13.]
 [ 10.   3.  25.]]
cf_score, 17.0
nv_score, -12.0
ratio, 0.393939393939
[[ 16.   4.  18.]
 [ 10.   4.  20.]
 [  9.   4.  15.]]
cf_score, 8.0
nv_score, -41.0
ratio, 0.353535353535
[[ 20.   6.  12.]
 [ 17.   0.  17.]
 [  7.   3.  18.]]
cf_score, 19.0
nv_score, -23.0
ratio, 0.383838383838
[[ 12.   5.  16.]
 [  7.   1.  15.]
 [  6.  10.  28.]]
cf_score, 19.0
nv_score, -19.0
ratio, 0.414141414141
[[ 19.   7.   9.]
 [ 15.   3.  15.]
 [  9.   8.  15.]]
cf_score, 19.0
nv_score, -18.0
ratio, 0.373737373737
[[ 23.   1.  12.]
 [ 13.   4.  15.]
 [  6.   4.  22.]]
cf_score, 31.0
nv_score, -17.0
ratio, 0.494949494949
[[ 17.   2.  13.]
 [ 11.   5.  14.]
 [  5.   5.  28.]]
cf_score, 32.0
nv_score, -12.0
ratio, 0.505050505051
[[ 31.   4.  10.]
 [ 18.   1.  15.]
 [  5.   1.  15.]]
cf_score, 32.0
nv_score, -20.0
ratio, 0.474747474747
[[ 20.   5.  10.]
 [ 16.   2.  13.]
 [  8.   3.  23.]]
cf_score, 27.0
nv_score, -10.0
ratio, 0.454545454545
[[ 16.   4.  21.]
 [ 14.   4.  14.]
 [  8.   1.  18.]]
cf_score, 9.0
nv_score, -38.0
ratio, 0.383838383838
[[ 29.   6.   7.]
 [ 16.   3.  10.]
 [ 15.   2.  12.]]
cf_score, 22.0
nv_score, -12.0
ratio, 0.444444444444
[[ 20.   5.   9.]
 [ 15.   3.  14.]
 [  8.   2.  24.]]
cf_score, 30.0
nv_score, -8.0
ratio, 0.474747474747
[[ 22.   6.  16.]
 [ 12.   2.  11.]
 [ 11.   1.  19.]]
cf_score, 16.0
nv_score, -24.0
ratio, 0.434343434343
[[ 13.   6.  11.]
 [ 19.   2.  16.]
 [ 13.   3.  17.]]
cf_score, 8.0
nv_score, -21.0
ratio, 0.323232323232
[[ 19.   2.  15.]
 [ 18.   1.   8.]
 [ 12.   3.  22.]]
cf_score, 15.0
nv_score, -16.0
ratio, 0.424242424242
[[ 22.   4.   9.]
 [ 12.   3.  13.]
 [ 13.   3.  21.]]
cf_score, 24.0
nv_score, -10.0
ratio, 0.464646464646
[[ 15.   3.  19.]
 [ 14.   4.  11.]
 [ 12.   0.  22.]]
cf_score, 10.0
nv_score, -27.0
ratio, 0.414141414141
[[ 18.   6.   9.]
 [ 13.   3.  15.]
 [ 13.   6.  17.]]
cf_score, 16.0
nv_score, -16.0
ratio, 0.383838383838
[[ 19.   5.  16.]
 [ 14.   3.  12.]
 [  8.   6.  17.]]
cf_score, 15.0
nv_score, -27.0
ratio, 0.393939393939
[[ 15.   3.  14.]
 [ 18.   4.  12.]
 [ 13.   7.  14.]]
cf_score, 6.0
nv_score, -26.0
ratio, 0.333333333333
[[ 24.   5.   9.]
 [ 17.   6.  15.]
 [  6.   4.  14.]]
cf_score, 29.0
nv_score, -19.0
ratio, 0.444444444444
[[ 17.   3.  15.]
 [ 11.   5.  16.]
 [  7.   1.  25.]]
cf_score, 25.0
nv_score, -21.0
ratio, 0.474747474747
[[ 15.   2.   8.]
 [ 17.   2.  20.]
 [  8.   1.  27.]]
cf_score, 28.0
nv_score, -9.0
ratio, 0.444444444444
[[ 17.   3.  18.]
 [ 17.   2.  12.]
 [ 12.   2.  17.]]
cf_score, 6.0
nv_score, -31.0
ratio, 0.363636363636
[[ 10.   2.  15.]
 [ 13.   5.  19.]
 [ 10.   3.  23.]]
cf_score, 13.0
nv_score, -26.0
ratio, 0.383838383838
[[ 11.   4.  22.]
 [ 13.   1.  16.]
 [ 10.   1.  22.]]
cf_score, 2.0
nv_score, -38.0
ratio, 0.343434343434
[[ 13.   1.  20.]
 [ 13.   4.  17.]
 [  9.   5.  18.]]
cf_score, 6.0
nv_score, -39.0
ratio, 0.353535353535
[[ 12.   6.  14.]
 [ 11.   2.  14.]
 [ 13.   5.  23.]]
cf_score, 10.0
nv_score, -19.0
ratio, 0.373737373737
