Loading Model: level_list/m1_200/tick_list/ACFN/class/models/model.h5
history_filename: history_recent/ACFN/history.json
Yesterday        : 2017-08-14: OHLCV: 0.2400, 0.2440, 0.2130, 0.2374, 55240
UberYesterday    : 2017-08-11: OHLCV: 0.2400, 0.2400, 0.2200, 0.2400, 29132
[u'0.2400', u'0.2440', u'0.2130', u'0.2374', u'55240']
[u'0.2400', u'0.2400', u'0.2200', u'0.2400', u'29132']
question_base :[0.24, 0.24, 0.22, 0.24, 0.24, 0.244, 0.213, 0.2374]
0.21366: [0.240, 0.240, 0.220, 0.240, 0.240, 0.244, 0.213, 0.237, 0.214][0.057, 0.141, 0.802]
0.214847: [0.240, 0.240, 0.220, 0.240, 0.240, 0.244, 0.213, 0.237, 0.215][0.058, 0.143, 0.799]
0.216034: [0.240, 0.240, 0.220, 0.240, 0.240, 0.244, 0.213, 0.237, 0.216][0.059, 0.145, 0.797]
0.217221: [0.240, 0.240, 0.220, 0.240, 0.240, 0.244, 0.213, 0.237, 0.217][0.059, 0.147, 0.794]
0.218408: [0.240, 0.240, 0.220, 0.240, 0.240, 0.244, 0.213, 0.237, 0.218][0.060, 0.149, 0.791]
0.219595: [0.240, 0.240, 0.220, 0.240, 0.240, 0.244, 0.213, 0.237, 0.220][0.061, 0.151, 0.788]
0.220782: [0.240, 0.240, 0.220, 0.240, 0.240, 0.244, 0.213, 0.237, 0.221][0.062, 0.153, 0.785]
0.221969: [0.240, 0.240, 0.220, 0.240, 0.240, 0.244, 0.213, 0.237, 0.222][0.063, 0.155, 0.782]
0.223156: [0.240, 0.240, 0.220, 0.240, 0.240, 0.244, 0.213, 0.237, 0.223][0.064, 0.157, 0.778]
0.224343: [0.240, 0.240, 0.220, 0.240, 0.240, 0.244, 0.213, 0.237, 0.224][0.065, 0.160, 0.775]
0.22553: [0.240, 0.240, 0.220, 0.240, 0.240, 0.244, 0.213, 0.237, 0.226][0.067, 0.162, 0.771]
0.226717: [0.240, 0.240, 0.220, 0.240, 0.240, 0.244, 0.213, 0.237, 0.227][0.068, 0.165, 0.768]
0.227904: [0.240, 0.240, 0.220, 0.240, 0.240, 0.244, 0.213, 0.237, 0.228][0.069, 0.167, 0.764]
0.229091: [0.240, 0.240, 0.220, 0.240, 0.240, 0.244, 0.213, 0.237, 0.229][0.071, 0.170, 0.760]
0.230278: [0.240, 0.240, 0.220, 0.240, 0.240, 0.244, 0.213, 0.237, 0.230][0.072, 0.173, 0.755]
0.231465: [0.240, 0.240, 0.220, 0.240, 0.240, 0.244, 0.213, 0.237, 0.231][0.074, 0.176, 0.751]
0.232652: [0.240, 0.240, 0.220, 0.240, 0.240, 0.244, 0.213, 0.237, 0.233][0.075, 0.179, 0.746]
0.233839: [0.240, 0.240, 0.220, 0.240, 0.240, 0.244, 0.213, 0.237, 0.234][0.077, 0.182, 0.741]
0.235026: [0.240, 0.240, 0.220, 0.240, 0.240, 0.244, 0.213, 0.237, 0.235][0.079, 0.185, 0.737]
0.236213: [0.240, 0.240, 0.220, 0.240, 0.240, 0.244, 0.213, 0.237, 0.236][0.081, 0.188, 0.731]
0.2374: [0.240, 0.240, 0.220, 0.240, 0.240, 0.244, 0.213, 0.237, 0.237][0.083, 0.191, 0.726]
0.238587: [0.240, 0.240, 0.220, 0.240, 0.240, 0.244, 0.213, 0.237, 0.239][0.085, 0.194, 0.721]
0.239774: [0.240, 0.240, 0.220, 0.240, 0.240, 0.244, 0.213, 0.237, 0.240][0.087, 0.198, 0.715]
0.240961: [0.240, 0.240, 0.220, 0.240, 0.240, 0.244, 0.213, 0.237, 0.241][0.090, 0.201, 0.709]
0.242148: [0.240, 0.240, 0.220, 0.240, 0.240, 0.244, 0.213, 0.237, 0.242][0.092, 0.205, 0.703]
0.243335: [0.240, 0.240, 0.220, 0.240, 0.240, 0.244, 0.213, 0.237, 0.243][0.095, 0.208, 0.697]
0.244522: [0.240, 0.240, 0.220, 0.240, 0.240, 0.244, 0.213, 0.237, 0.245][0.098, 0.212, 0.690]
0.245709: [0.240, 0.240, 0.220, 0.240, 0.240, 0.244, 0.213, 0.237, 0.246][0.101, 0.216, 0.684]
0.246896: [0.240, 0.240, 0.220, 0.240, 0.240, 0.244, 0.213, 0.237, 0.247][0.104, 0.219, 0.677]
0.248083: [0.240, 0.240, 0.220, 0.240, 0.240, 0.244, 0.213, 0.237, 0.248][0.107, 0.223, 0.670]
0.24927: [0.240, 0.240, 0.220, 0.240, 0.240, 0.244, 0.213, 0.237, 0.249][0.111, 0.227, 0.663]
0.250457: [0.240, 0.240, 0.220, 0.240, 0.240, 0.244, 0.213, 0.237, 0.250][0.114, 0.230, 0.655]
0.251644: [0.240, 0.240, 0.220, 0.240, 0.240, 0.244, 0.213, 0.237, 0.252][0.118, 0.234, 0.648]
0.252831: [0.240, 0.240, 0.220, 0.240, 0.240, 0.244, 0.213, 0.237, 0.253][0.122, 0.238, 0.640]
0.254018: [0.240, 0.240, 0.220, 0.240, 0.240, 0.244, 0.213, 0.237, 0.254][0.127, 0.241, 0.632]
0.255205: [0.240, 0.240, 0.220, 0.240, 0.240, 0.244, 0.213, 0.237, 0.255][0.131, 0.245, 0.624]
0.256392: [0.240, 0.240, 0.220, 0.240, 0.240, 0.244, 0.213, 0.237, 0.256][0.136, 0.248, 0.616]
0.257579: [0.240, 0.240, 0.220, 0.240, 0.240, 0.244, 0.213, 0.237, 0.258][0.141, 0.251, 0.608]
0.258766: [0.240, 0.240, 0.220, 0.240, 0.240, 0.244, 0.213, 0.237, 0.259][0.146, 0.255, 0.599]
0.259953: [0.240, 0.240, 0.220, 0.240, 0.240, 0.244, 0.213, 0.237, 0.260][0.151, 0.258, 0.591]
0.26114: [0.240, 0.240, 0.220, 0.240, 0.240, 0.244, 0.213, 0.237, 0.261][0.157, 0.261, 0.582]
