Loading Model: level_list/m1_200/tick_list/AGM/class/models/model.h5
history_filename: history_recent/AGM/history.json
Yesterday        : 2017-08-14: OHLCV: 66.7600, 67.4095, 66.0550, 67.2900, 58179
UberYesterday    : 2017-08-11: OHLCV: 63.7500, 66.4500, 63.7500, 65.6300, 120539
[u'66.7600', u'67.4095', u'66.0550', u'67.2900', u'58179']
[u'63.7500', u'66.4500', u'63.7500', u'65.6300', u'120539']
question_base :[63.75, 66.45, 63.75, 65.63, 66.76, 67.4095, 66.055, 67.29]
60.561: [63.750, 66.450, 63.750, 65.630, 66.760, 67.409, 66.055, 67.290, 60.561][0.064, 0.072, 0.864]
60.89745: [63.750, 66.450, 63.750, 65.630, 66.760, 67.409, 66.055, 67.290, 60.897][0.075, 0.082, 0.843]
61.2339: [63.750, 66.450, 63.750, 65.630, 66.760, 67.409, 66.055, 67.290, 61.234][0.093, 0.105, 0.802]
61.57035: [63.750, 66.450, 63.750, 65.630, 66.760, 67.409, 66.055, 67.290, 61.570][0.107, 0.126, 0.767]
61.9068: [63.750, 66.450, 63.750, 65.630, 66.760, 67.409, 66.055, 67.290, 61.907][0.113, 0.133, 0.755]
62.24325: [63.750, 66.450, 63.750, 65.630, 66.760, 67.409, 66.055, 67.290, 62.243][0.114, 0.134, 0.752]
62.5797: [63.750, 66.450, 63.750, 65.630, 66.760, 67.409, 66.055, 67.290, 62.580][0.114, 0.134, 0.752]
62.91615: [63.750, 66.450, 63.750, 65.630, 66.760, 67.409, 66.055, 67.290, 62.916][0.114, 0.134, 0.752]
63.2526: [63.750, 66.450, 63.750, 65.630, 66.760, 67.409, 66.055, 67.290, 63.253][0.114, 0.134, 0.752]
63.58905: [63.750, 66.450, 63.750, 65.630, 66.760, 67.409, 66.055, 67.290, 63.589][0.115, 0.135, 0.750]
63.9255: [63.750, 66.450, 63.750, 65.630, 66.760, 67.409, 66.055, 67.290, 63.925][0.117, 0.139, 0.743]
64.26195: [63.750, 66.450, 63.750, 65.630, 66.760, 67.409, 66.055, 67.290, 64.262][0.127, 0.156, 0.717]
64.5984: [63.750, 66.450, 63.750, 65.630, 66.760, 67.409, 66.055, 67.290, 64.598][0.155, 0.208, 0.637]
64.93485: [63.750, 66.450, 63.750, 65.630, 66.760, 67.409, 66.055, 67.290, 64.935][0.182, 0.262, 0.557]
65.2713: [63.750, 66.450, 63.750, 65.630, 66.760, 67.409, 66.055, 67.290, 65.271][0.201, 0.316, 0.483]
65.60775: [63.750, 66.450, 63.750, 65.630, 66.760, 67.409, 66.055, 67.290, 65.608][0.226, 0.410, 0.364]
65.9442: [63.750, 66.450, 63.750, 65.630, 66.760, 67.409, 66.055, 67.290, 65.944][0.272, 0.474, 0.254]
66.28065: [63.750, 66.450, 63.750, 65.630, 66.760, 67.409, 66.055, 67.290, 66.281][0.374, 0.428, 0.198]
66.6171: [63.750, 66.450, 63.750, 65.630, 66.760, 67.409, 66.055, 67.290, 66.617][0.514, 0.315, 0.170]
66.95355: [63.750, 66.450, 63.750, 65.630, 66.760, 67.409, 66.055, 67.290, 66.954][0.632, 0.217, 0.150]
67.29: [63.750, 66.450, 63.750, 65.630, 66.760, 67.409, 66.055, 67.290, 67.290][0.707, 0.157, 0.136]
67.62645: [63.750, 66.450, 63.750, 65.630, 66.760, 67.409, 66.055, 67.290, 67.626][0.748, 0.125, 0.127]
67.9629: [63.750, 66.450, 63.750, 65.630, 66.760, 67.409, 66.055, 67.290, 67.963][0.770, 0.108, 0.123]
68.29935: [63.750, 66.450, 63.750, 65.630, 66.760, 67.409, 66.055, 67.290, 68.299][0.780, 0.099, 0.121]
68.6358: [63.750, 66.450, 63.750, 65.630, 66.760, 67.409, 66.055, 67.290, 68.636][0.784, 0.095, 0.121]
68.97225: [63.750, 66.450, 63.750, 65.630, 66.760, 67.409, 66.055, 67.290, 68.972][0.784, 0.094, 0.122]
69.3087: [63.750, 66.450, 63.750, 65.630, 66.760, 67.409, 66.055, 67.290, 69.309][0.782, 0.094, 0.124]
69.64515: [63.750, 66.450, 63.750, 65.630, 66.760, 67.409, 66.055, 67.290, 69.645][0.777, 0.096, 0.127]
69.9816: [63.750, 66.450, 63.750, 65.630, 66.760, 67.409, 66.055, 67.290, 69.982][0.772, 0.098, 0.130]
70.31805: [63.750, 66.450, 63.750, 65.630, 66.760, 67.409, 66.055, 67.290, 70.318][0.766, 0.101, 0.133]
70.6545: [63.750, 66.450, 63.750, 65.630, 66.760, 67.409, 66.055, 67.290, 70.654][0.759, 0.104, 0.137]
70.99095: [63.750, 66.450, 63.750, 65.630, 66.760, 67.409, 66.055, 67.290, 70.991][0.752, 0.108, 0.140]
71.3274: [63.750, 66.450, 63.750, 65.630, 66.760, 67.409, 66.055, 67.290, 71.327][0.744, 0.112, 0.144]
71.66385: [63.750, 66.450, 63.750, 65.630, 66.760, 67.409, 66.055, 67.290, 71.664][0.736, 0.116, 0.148]
72.0003: [63.750, 66.450, 63.750, 65.630, 66.760, 67.409, 66.055, 67.290, 72.000][0.728, 0.121, 0.152]
72.33675: [63.750, 66.450, 63.750, 65.630, 66.760, 67.409, 66.055, 67.290, 72.337][0.719, 0.125, 0.155]
72.6732: [63.750, 66.450, 63.750, 65.630, 66.760, 67.409, 66.055, 67.290, 72.673][0.710, 0.130, 0.159]
73.00965: [63.750, 66.450, 63.750, 65.630, 66.760, 67.409, 66.055, 67.290, 73.010][0.702, 0.135, 0.163]
73.3461: [63.750, 66.450, 63.750, 65.630, 66.760, 67.409, 66.055, 67.290, 73.346][0.693, 0.141, 0.167]
73.68255: [63.750, 66.450, 63.750, 65.630, 66.760, 67.409, 66.055, 67.290, 73.683][0.684, 0.146, 0.170]
74.019: [63.750, 66.450, 63.750, 65.630, 66.760, 67.409, 66.055, 67.290, 74.019][0.675, 0.151, 0.174]
