Loading Model: level_list/m1_100/tick_list/APOG/class/models/model.h5
history_filename: history_recent/APOG/history.json
Yesterday        : 2017-08-14: OHLCV: 51.8900, 52.3550, 51.7100, 52.0700, 107619
UberYesterday    : 2017-08-11: OHLCV: 50.8600, 51.6200, 50.6100, 51.4200, 117077
[u'51.8900', u'52.3550', u'51.7100', u'52.0700', u'107619']
[u'50.8600', u'51.6200', u'50.6100', u'51.4200', u'117077']
question_base :[50.86, 51.62, 50.61, 51.42, 51.89, 52.355, 51.71, 52.07]
46.863: [50.860, 51.620, 50.610, 51.420, 51.890, 52.355, 51.710, 52.070, 46.863][0.011, 0.006, 0.983]
47.12335: [50.860, 51.620, 50.610, 51.420, 51.890, 52.355, 51.710, 52.070, 47.123][0.011, 0.006, 0.983]
47.3837: [50.860, 51.620, 50.610, 51.420, 51.890, 52.355, 51.710, 52.070, 47.384][0.011, 0.006, 0.982]
47.64405: [50.860, 51.620, 50.610, 51.420, 51.890, 52.355, 51.710, 52.070, 47.644][0.011, 0.006, 0.982]
47.9044: [50.860, 51.620, 50.610, 51.420, 51.890, 52.355, 51.710, 52.070, 47.904][0.012, 0.007, 0.982]
48.16475: [50.860, 51.620, 50.610, 51.420, 51.890, 52.355, 51.710, 52.070, 48.165][0.012, 0.007, 0.981]
48.4251: [50.860, 51.620, 50.610, 51.420, 51.890, 52.355, 51.710, 52.070, 48.425][0.013, 0.008, 0.980]
48.68545: [50.860, 51.620, 50.610, 51.420, 51.890, 52.355, 51.710, 52.070, 48.685][0.014, 0.009, 0.977]
48.9458: [50.860, 51.620, 50.610, 51.420, 51.890, 52.355, 51.710, 52.070, 48.946][0.017, 0.011, 0.972]
49.20615: [50.860, 51.620, 50.610, 51.420, 51.890, 52.355, 51.710, 52.070, 49.206][0.023, 0.017, 0.960]
49.4665: [50.860, 51.620, 50.610, 51.420, 51.890, 52.355, 51.710, 52.070, 49.467][0.042, 0.039, 0.919]
49.72685: [50.860, 51.620, 50.610, 51.420, 51.890, 52.355, 51.710, 52.070, 49.727][0.113, 0.163, 0.724]
49.9872: [50.860, 51.620, 50.610, 51.420, 51.890, 52.355, 51.710, 52.070, 49.987][0.225, 0.442, 0.332]
50.24755: [50.860, 51.620, 50.610, 51.420, 51.890, 52.355, 51.710, 52.070, 50.248][0.404, 0.445, 0.151]
50.5079: [50.860, 51.620, 50.610, 51.420, 51.890, 52.355, 51.710, 52.070, 50.508][0.526, 0.373, 0.101]
50.76825: [50.860, 51.620, 50.610, 51.420, 51.890, 52.355, 51.710, 52.070, 50.768][0.552, 0.355, 0.092]
51.0286: [50.860, 51.620, 50.610, 51.420, 51.890, 52.355, 51.710, 52.070, 51.029][0.558, 0.351, 0.090]
51.28895: [50.860, 51.620, 50.610, 51.420, 51.890, 52.355, 51.710, 52.070, 51.289][0.560, 0.350, 0.090]
51.5493: [50.860, 51.620, 50.610, 51.420, 51.890, 52.355, 51.710, 52.070, 51.549][0.561, 0.350, 0.090]
51.80965: [50.860, 51.620, 50.610, 51.420, 51.890, 52.355, 51.710, 52.070, 51.810][0.561, 0.350, 0.090]
52.07: [50.860, 51.620, 50.610, 51.420, 51.890, 52.355, 51.710, 52.070, 52.070][0.561, 0.350, 0.089]
52.33035: [50.860, 51.620, 50.610, 51.420, 51.890, 52.355, 51.710, 52.070, 52.330][0.561, 0.349, 0.089]
52.5907: [50.860, 51.620, 50.610, 51.420, 51.890, 52.355, 51.710, 52.070, 52.591][0.561, 0.349, 0.089]
52.85105: [50.860, 51.620, 50.610, 51.420, 51.890, 52.355, 51.710, 52.070, 52.851][0.561, 0.349, 0.089]
53.1114: [50.860, 51.620, 50.610, 51.420, 51.890, 52.355, 51.710, 52.070, 53.111][0.561, 0.349, 0.089]
53.37175: [50.860, 51.620, 50.610, 51.420, 51.890, 52.355, 51.710, 52.070, 53.372][0.561, 0.349, 0.089]
53.6321: [50.860, 51.620, 50.610, 51.420, 51.890, 52.355, 51.710, 52.070, 53.632][0.561, 0.349, 0.089]
53.89245: [50.860, 51.620, 50.610, 51.420, 51.890, 52.355, 51.710, 52.070, 53.892][0.561, 0.349, 0.089]
54.1528: [50.860, 51.620, 50.610, 51.420, 51.890, 52.355, 51.710, 52.070, 54.153][0.561, 0.349, 0.089]
54.41315: [50.860, 51.620, 50.610, 51.420, 51.890, 52.355, 51.710, 52.070, 54.413][0.561, 0.349, 0.089]
54.6735: [50.860, 51.620, 50.610, 51.420, 51.890, 52.355, 51.710, 52.070, 54.674][0.561, 0.349, 0.089]
54.93385: [50.860, 51.620, 50.610, 51.420, 51.890, 52.355, 51.710, 52.070, 54.934][0.561, 0.349, 0.089]
55.1942: [50.860, 51.620, 50.610, 51.420, 51.890, 52.355, 51.710, 52.070, 55.194][0.561, 0.349, 0.089]
55.45455: [50.860, 51.620, 50.610, 51.420, 51.890, 52.355, 51.710, 52.070, 55.455][0.561, 0.349, 0.089]
55.7149: [50.860, 51.620, 50.610, 51.420, 51.890, 52.355, 51.710, 52.070, 55.715][0.561, 0.349, 0.089]
55.97525: [50.860, 51.620, 50.610, 51.420, 51.890, 52.355, 51.710, 52.070, 55.975][0.561, 0.349, 0.089]
56.2356: [50.860, 51.620, 50.610, 51.420, 51.890, 52.355, 51.710, 52.070, 56.236][0.561, 0.349, 0.089]
56.49595: [50.860, 51.620, 50.610, 51.420, 51.890, 52.355, 51.710, 52.070, 56.496][0.561, 0.349, 0.089]
56.7563: [50.860, 51.620, 50.610, 51.420, 51.890, 52.355, 51.710, 52.070, 56.756][0.561, 0.349, 0.089]
57.01665: [50.860, 51.620, 50.610, 51.420, 51.890, 52.355, 51.710, 52.070, 57.017][0.561, 0.349, 0.089]
