Loading Model: level_list/m1_200/tick_list/ATW/class/models/model.h5
history_filename: history_recent/ATW/history.json
Yesterday        : 2017-08-14: OHLCV: 6.7100, 6.9000, 6.5100, 6.7300, 4164299
UberYesterday    : 2017-08-11: OHLCV: 6.1900, 6.7250, 6.1500, 6.6400, 5401246
[u'6.7100', u'6.9000', u'6.5100', u'6.7300', u'4164299']
[u'6.1900', u'6.7250', u'6.1500', u'6.6400', u'5401246']
question_base :[6.19, 6.725, 6.15, 6.64, 6.71, 6.9, 6.51, 6.73]
6.057: [6.190, 6.725, 6.150, 6.640, 6.710, 6.900, 6.510, 6.730, 6.057][0.053, 0.145, 0.801]
6.09065: [6.190, 6.725, 6.150, 6.640, 6.710, 6.900, 6.510, 6.730, 6.091][0.053, 0.144, 0.803]
6.1243: [6.190, 6.725, 6.150, 6.640, 6.710, 6.900, 6.510, 6.730, 6.124][0.052, 0.143, 0.805]
6.15795: [6.190, 6.725, 6.150, 6.640, 6.710, 6.900, 6.510, 6.730, 6.158][0.051, 0.142, 0.806]
6.1916: [6.190, 6.725, 6.150, 6.640, 6.710, 6.900, 6.510, 6.730, 6.192][0.051, 0.142, 0.808]
6.22525: [6.190, 6.725, 6.150, 6.640, 6.710, 6.900, 6.510, 6.730, 6.225][0.050, 0.141, 0.809]
6.2589: [6.190, 6.725, 6.150, 6.640, 6.710, 6.900, 6.510, 6.730, 6.259][0.049, 0.140, 0.811]
6.29255: [6.190, 6.725, 6.150, 6.640, 6.710, 6.900, 6.510, 6.730, 6.293][0.049, 0.139, 0.812]
6.3262: [6.190, 6.725, 6.150, 6.640, 6.710, 6.900, 6.510, 6.730, 6.326][0.048, 0.139, 0.813]
6.35985: [6.190, 6.725, 6.150, 6.640, 6.710, 6.900, 6.510, 6.730, 6.360][0.048, 0.138, 0.814]
6.3935: [6.190, 6.725, 6.150, 6.640, 6.710, 6.900, 6.510, 6.730, 6.393][0.047, 0.137, 0.816]
6.42715: [6.190, 6.725, 6.150, 6.640, 6.710, 6.900, 6.510, 6.730, 6.427][0.047, 0.137, 0.817]
6.4608: [6.190, 6.725, 6.150, 6.640, 6.710, 6.900, 6.510, 6.730, 6.461][0.046, 0.136, 0.818]
6.49445: [6.190, 6.725, 6.150, 6.640, 6.710, 6.900, 6.510, 6.730, 6.494][0.046, 0.135, 0.819]
6.5281: [6.190, 6.725, 6.150, 6.640, 6.710, 6.900, 6.510, 6.730, 6.528][0.045, 0.135, 0.820]
6.56175: [6.190, 6.725, 6.150, 6.640, 6.710, 6.900, 6.510, 6.730, 6.562][0.045, 0.134, 0.821]
6.5954: [6.190, 6.725, 6.150, 6.640, 6.710, 6.900, 6.510, 6.730, 6.595][0.045, 0.134, 0.821]
6.62905: [6.190, 6.725, 6.150, 6.640, 6.710, 6.900, 6.510, 6.730, 6.629][0.044, 0.133, 0.822]
6.6627: [6.190, 6.725, 6.150, 6.640, 6.710, 6.900, 6.510, 6.730, 6.663][0.044, 0.133, 0.823]
6.69635: [6.190, 6.725, 6.150, 6.640, 6.710, 6.900, 6.510, 6.730, 6.696][0.044, 0.133, 0.824]
6.73: [6.190, 6.725, 6.150, 6.640, 6.710, 6.900, 6.510, 6.730, 6.730][0.043, 0.132, 0.824]
6.76365: [6.190, 6.725, 6.150, 6.640, 6.710, 6.900, 6.510, 6.730, 6.764][0.043, 0.132, 0.825]
6.7973: [6.190, 6.725, 6.150, 6.640, 6.710, 6.900, 6.510, 6.730, 6.797][0.043, 0.131, 0.826]
6.83095: [6.190, 6.725, 6.150, 6.640, 6.710, 6.900, 6.510, 6.730, 6.831][0.043, 0.131, 0.826]
6.8646: [6.190, 6.725, 6.150, 6.640, 6.710, 6.900, 6.510, 6.730, 6.865][0.043, 0.131, 0.827]
6.89825: [6.190, 6.725, 6.150, 6.640, 6.710, 6.900, 6.510, 6.730, 6.898][0.042, 0.131, 0.827]
6.9319: [6.190, 6.725, 6.150, 6.640, 6.710, 6.900, 6.510, 6.730, 6.932][0.042, 0.130, 0.828]
6.96555: [6.190, 6.725, 6.150, 6.640, 6.710, 6.900, 6.510, 6.730, 6.966][0.042, 0.130, 0.828]
6.9992: [6.190, 6.725, 6.150, 6.640, 6.710, 6.900, 6.510, 6.730, 6.999][0.042, 0.130, 0.829]
7.03285: [6.190, 6.725, 6.150, 6.640, 6.710, 6.900, 6.510, 6.730, 7.033][0.042, 0.129, 0.829]
7.0665: [6.190, 6.725, 6.150, 6.640, 6.710, 6.900, 6.510, 6.730, 7.066][0.041, 0.129, 0.829]
7.10015: [6.190, 6.725, 6.150, 6.640, 6.710, 6.900, 6.510, 6.730, 7.100][0.041, 0.129, 0.830]
7.1338: [6.190, 6.725, 6.150, 6.640, 6.710, 6.900, 6.510, 6.730, 7.134][0.041, 0.129, 0.830]
7.16745: [6.190, 6.725, 6.150, 6.640, 6.710, 6.900, 6.510, 6.730, 7.167][0.041, 0.129, 0.830]
7.2011: [6.190, 6.725, 6.150, 6.640, 6.710, 6.900, 6.510, 6.730, 7.201][0.041, 0.129, 0.831]
7.23475: [6.190, 6.725, 6.150, 6.640, 6.710, 6.900, 6.510, 6.730, 7.235][0.041, 0.128, 0.831]
7.2684: [6.190, 6.725, 6.150, 6.640, 6.710, 6.900, 6.510, 6.730, 7.268][0.041, 0.128, 0.831]
7.30205: [6.190, 6.725, 6.150, 6.640, 6.710, 6.900, 6.510, 6.730, 7.302][0.041, 0.128, 0.831]
7.3357: [6.190, 6.725, 6.150, 6.640, 6.710, 6.900, 6.510, 6.730, 7.336][0.040, 0.128, 0.832]
7.36935: [6.190, 6.725, 6.150, 6.640, 6.710, 6.900, 6.510, 6.730, 7.369][0.040, 0.128, 0.832]
7.403: [6.190, 6.725, 6.150, 6.640, 6.710, 6.900, 6.510, 6.730, 7.403][0.040, 0.128, 0.832]
