Loading Model: level_list/m1_200/tick_list/INSY/class/models/model.h5
history_filename: history_recent/INSY/history.json
Yesterday        : 2017-08-14: OHLCV: 8.9600, 9.4000, 8.8200, 9.2500, 761875
UberYesterday    : 2017-08-11: OHLCV: 9.0800, 9.2500, 8.8500, 8.9100, 564998
[u'8.9600', u'9.4000', u'8.8200', u'9.2500', u'761875']
[u'9.0800', u'9.2500', u'8.8500', u'8.9100', u'564998']
question_base :[9.08, 9.25, 8.85, 8.91, 8.96, 9.4, 8.82, 9.25]
8.325: [9.080, 9.250, 8.850, 8.910, 8.960, 9.400, 8.820, 9.250, 8.325][0.302, 0.149, 0.549]
8.37125: [9.080, 9.250, 8.850, 8.910, 8.960, 9.400, 8.820, 9.250, 8.371][0.300, 0.159, 0.541]
8.4175: [9.080, 9.250, 8.850, 8.910, 8.960, 9.400, 8.820, 9.250, 8.418][0.298, 0.171, 0.532]
8.46375: [9.080, 9.250, 8.850, 8.910, 8.960, 9.400, 8.820, 9.250, 8.464][0.295, 0.183, 0.522]
8.51: [9.080, 9.250, 8.850, 8.910, 8.960, 9.400, 8.820, 9.250, 8.510][0.292, 0.196, 0.512]
8.55625: [9.080, 9.250, 8.850, 8.910, 8.960, 9.400, 8.820, 9.250, 8.556][0.289, 0.211, 0.500]
8.6025: [9.080, 9.250, 8.850, 8.910, 8.960, 9.400, 8.820, 9.250, 8.603][0.285, 0.227, 0.488]
8.64875: [9.080, 9.250, 8.850, 8.910, 8.960, 9.400, 8.820, 9.250, 8.649][0.281, 0.243, 0.475]
8.695: [9.080, 9.250, 8.850, 8.910, 8.960, 9.400, 8.820, 9.250, 8.695][0.277, 0.261, 0.462]
8.74125: [9.080, 9.250, 8.850, 8.910, 8.960, 9.400, 8.820, 9.250, 8.741][0.273, 0.280, 0.447]
8.7875: [9.080, 9.250, 8.850, 8.910, 8.960, 9.400, 8.820, 9.250, 8.788][0.269, 0.299, 0.432]
8.83375: [9.080, 9.250, 8.850, 8.910, 8.960, 9.400, 8.820, 9.250, 8.834][0.265, 0.318, 0.417]
8.88: [9.080, 9.250, 8.850, 8.910, 8.960, 9.400, 8.820, 9.250, 8.880][0.261, 0.337, 0.402]
8.92625: [9.080, 9.250, 8.850, 8.910, 8.960, 9.400, 8.820, 9.250, 8.926][0.258, 0.356, 0.386]
8.9725: [9.080, 9.250, 8.850, 8.910, 8.960, 9.400, 8.820, 9.250, 8.973][0.255, 0.374, 0.371]
9.01875: [9.080, 9.250, 8.850, 8.910, 8.960, 9.400, 8.820, 9.250, 9.019][0.252, 0.392, 0.356]
9.065: [9.080, 9.250, 8.850, 8.910, 8.960, 9.400, 8.820, 9.250, 9.065][0.251, 0.408, 0.341]
9.11125: [9.080, 9.250, 8.850, 8.910, 8.960, 9.400, 8.820, 9.250, 9.111][0.250, 0.423, 0.327]
9.1575: [9.080, 9.250, 8.850, 8.910, 8.960, 9.400, 8.820, 9.250, 9.158][0.250, 0.436, 0.314]
9.20375: [9.080, 9.250, 8.850, 8.910, 8.960, 9.400, 8.820, 9.250, 9.204][0.250, 0.448, 0.302]
9.25: [9.080, 9.250, 8.850, 8.910, 8.960, 9.400, 8.820, 9.250, 9.250][0.252, 0.458, 0.290]
9.29625: [9.080, 9.250, 8.850, 8.910, 8.960, 9.400, 8.820, 9.250, 9.296][0.255, 0.466, 0.279]
9.3425: [9.080, 9.250, 8.850, 8.910, 8.960, 9.400, 8.820, 9.250, 9.343][0.259, 0.472, 0.269]
9.38875: [9.080, 9.250, 8.850, 8.910, 8.960, 9.400, 8.820, 9.250, 9.389][0.265, 0.476, 0.260]
9.435: [9.080, 9.250, 8.850, 8.910, 8.960, 9.400, 8.820, 9.250, 9.435][0.271, 0.478, 0.251]
9.48125: [9.080, 9.250, 8.850, 8.910, 8.960, 9.400, 8.820, 9.250, 9.481][0.278, 0.479, 0.243]
9.5275: [9.080, 9.250, 8.850, 8.910, 8.960, 9.400, 8.820, 9.250, 9.528][0.286, 0.478, 0.236]
9.57375: [9.080, 9.250, 8.850, 8.910, 8.960, 9.400, 8.820, 9.250, 9.574][0.295, 0.476, 0.229]
9.62: [9.080, 9.250, 8.850, 8.910, 8.960, 9.400, 8.820, 9.250, 9.620][0.305, 0.473, 0.222]
9.66625: [9.080, 9.250, 8.850, 8.910, 8.960, 9.400, 8.820, 9.250, 9.666][0.315, 0.469, 0.216]
9.7125: [9.080, 9.250, 8.850, 8.910, 8.960, 9.400, 8.820, 9.250, 9.713][0.325, 0.464, 0.211]
9.75875: [9.080, 9.250, 8.850, 8.910, 8.960, 9.400, 8.820, 9.250, 9.759][0.336, 0.458, 0.206]
9.805: [9.080, 9.250, 8.850, 8.910, 8.960, 9.400, 8.820, 9.250, 9.805][0.347, 0.452, 0.201]
9.85125: [9.080, 9.250, 8.850, 8.910, 8.960, 9.400, 8.820, 9.250, 9.851][0.358, 0.445, 0.197]
9.8975: [9.080, 9.250, 8.850, 8.910, 8.960, 9.400, 8.820, 9.250, 9.898][0.369, 0.439, 0.192]
9.94375: [9.080, 9.250, 8.850, 8.910, 8.960, 9.400, 8.820, 9.250, 9.944][0.379, 0.432, 0.189]
9.99: [9.080, 9.250, 8.850, 8.910, 8.960, 9.400, 8.820, 9.250, 9.990][0.389, 0.426, 0.185]
10.03625: [9.080, 9.250, 8.850, 8.910, 8.960, 9.400, 8.820, 9.250, 10.036][0.398, 0.420, 0.182]
10.0825: [9.080, 9.250, 8.850, 8.910, 8.960, 9.400, 8.820, 9.250, 10.083][0.407, 0.414, 0.179]
10.12875: [9.080, 9.250, 8.850, 8.910, 8.960, 9.400, 8.820, 9.250, 10.129][0.415, 0.408, 0.177]
