Loading Model: level_list/m1_100/tick_list/AGM/class/models/model.h5
history_filename: history_recent/AGM/history.json
Yesterday        : 2017-09-12: OHLCV: 65.0600, 66.6200, 64.6900, 65.9800, 48476
UberYesterday    : 2017-09-11: OHLCV: 64.9100, 65.6800, 63.8986, 65.1000, 45290
[u'65.0600', u'66.6200', u'64.6900', u'65.9800', u'48476']
[u'64.9100', u'65.6800', u'63.8986', u'65.1000', u'45290']
question_base :[64.91, 65.68, 63.8986, 65.1, 65.06, 66.62, 64.69, 65.98]
59.382: [64.910, 65.680, 63.899, 65.100, 65.060, 66.620, 64.690, 65.980, 59.382][0.194, 0.197, 0.609]
59.7119: [64.910, 65.680, 63.899, 65.100, 65.060, 66.620, 64.690, 65.980, 59.712][0.194, 0.197, 0.609]
60.0418: [64.910, 65.680, 63.899, 65.100, 65.060, 66.620, 64.690, 65.980, 60.042][0.194, 0.197, 0.609]
60.3717: [64.910, 65.680, 63.899, 65.100, 65.060, 66.620, 64.690, 65.980, 60.372][0.194, 0.197, 0.609]
60.7016: [64.910, 65.680, 63.899, 65.100, 65.060, 66.620, 64.690, 65.980, 60.702][0.194, 0.197, 0.609]
61.0315: [64.910, 65.680, 63.899, 65.100, 65.060, 66.620, 64.690, 65.980, 61.032][0.194, 0.197, 0.609]
61.3614: [64.910, 65.680, 63.899, 65.100, 65.060, 66.620, 64.690, 65.980, 61.361][0.194, 0.197, 0.609]
61.6913: [64.910, 65.680, 63.899, 65.100, 65.060, 66.620, 64.690, 65.980, 61.691][0.194, 0.197, 0.609]
62.0212: [64.910, 65.680, 63.899, 65.100, 65.060, 66.620, 64.690, 65.980, 62.021][0.194, 0.197, 0.609]
62.3511: [64.910, 65.680, 63.899, 65.100, 65.060, 66.620, 64.690, 65.980, 62.351][0.194, 0.197, 0.609]
62.681: [64.910, 65.680, 63.899, 65.100, 65.060, 66.620, 64.690, 65.980, 62.681][0.194, 0.198, 0.609]
63.0109: [64.910, 65.680, 63.899, 65.100, 65.060, 66.620, 64.690, 65.980, 63.011][0.194, 0.198, 0.609]
63.3408: [64.910, 65.680, 63.899, 65.100, 65.060, 66.620, 64.690, 65.980, 63.341][0.194, 0.198, 0.608]
63.6707: [64.910, 65.680, 63.899, 65.100, 65.060, 66.620, 64.690, 65.980, 63.671][0.194, 0.198, 0.608]
64.0006: [64.910, 65.680, 63.899, 65.100, 65.060, 66.620, 64.690, 65.980, 64.001][0.194, 0.199, 0.607]
64.3305: [64.910, 65.680, 63.899, 65.100, 65.060, 66.620, 64.690, 65.980, 64.331][0.195, 0.202, 0.603]
64.6604: [64.910, 65.680, 63.899, 65.100, 65.060, 66.620, 64.690, 65.980, 64.660][0.197, 0.218, 0.585]
64.9903: [64.910, 65.680, 63.899, 65.100, 65.060, 66.620, 64.690, 65.980, 64.990][0.207, 0.388, 0.405]
65.3202: [64.910, 65.680, 63.899, 65.100, 65.060, 66.620, 64.690, 65.980, 65.320][0.370, 0.383, 0.247]
65.6501: [64.910, 65.680, 63.899, 65.100, 65.060, 66.620, 64.690, 65.980, 65.650][0.343, 0.401, 0.257]
65.98: [64.910, 65.680, 63.899, 65.100, 65.060, 66.620, 64.690, 65.980, 65.980][0.350, 0.398, 0.252]
66.3099: [64.910, 65.680, 63.899, 65.100, 65.060, 66.620, 64.690, 65.980, 66.310][0.375, 0.387, 0.239]
66.6398: [64.910, 65.680, 63.899, 65.100, 65.060, 66.620, 64.690, 65.980, 66.640][0.419, 0.362, 0.219]
66.9697: [64.910, 65.680, 63.899, 65.100, 65.060, 66.620, 64.690, 65.980, 66.970][0.484, 0.322, 0.193]
67.2996: [64.910, 65.680, 63.899, 65.100, 65.060, 66.620, 64.690, 65.980, 67.300][0.563, 0.272, 0.165]
67.6295: [64.910, 65.680, 63.899, 65.100, 65.060, 66.620, 64.690, 65.980, 67.629][0.637, 0.225, 0.138]
67.9594: [64.910, 65.680, 63.899, 65.100, 65.060, 66.620, 64.690, 65.980, 67.959][0.696, 0.187, 0.117]
68.2893: [64.910, 65.680, 63.899, 65.100, 65.060, 66.620, 64.690, 65.980, 68.289][0.737, 0.161, 0.102]
68.6192: [64.910, 65.680, 63.899, 65.100, 65.060, 66.620, 64.690, 65.980, 68.619][0.764, 0.144, 0.092]
68.9491: [64.910, 65.680, 63.899, 65.100, 65.060, 66.620, 64.690, 65.980, 68.949][0.782, 0.133, 0.086]
69.279: [64.910, 65.680, 63.899, 65.100, 65.060, 66.620, 64.690, 65.980, 69.279][0.793, 0.125, 0.081]
69.6089: [64.910, 65.680, 63.899, 65.100, 65.060, 66.620, 64.690, 65.980, 69.609][0.801, 0.121, 0.079]
69.9388: [64.910, 65.680, 63.899, 65.100, 65.060, 66.620, 64.690, 65.980, 69.939][0.805, 0.118, 0.077]
70.2687: [64.910, 65.680, 63.899, 65.100, 65.060, 66.620, 64.690, 65.980, 70.269][0.808, 0.116, 0.076]
70.5986: [64.910, 65.680, 63.899, 65.100, 65.060, 66.620, 64.690, 65.980, 70.599][0.810, 0.115, 0.075]
70.9285: [64.910, 65.680, 63.899, 65.100, 65.060, 66.620, 64.690, 65.980, 70.928][0.811, 0.114, 0.075]
71.2584: [64.910, 65.680, 63.899, 65.100, 65.060, 66.620, 64.690, 65.980, 71.258][0.812, 0.113, 0.074]
71.5883: [64.910, 65.680, 63.899, 65.100, 65.060, 66.620, 64.690, 65.980, 71.588][0.813, 0.113, 0.074]
71.9182: [64.910, 65.680, 63.899, 65.100, 65.060, 66.620, 64.690, 65.980, 71.918][0.813, 0.113, 0.074]
72.2481: [64.910, 65.680, 63.899, 65.100, 65.060, 66.620, 64.690, 65.980, 72.248][0.813, 0.113, 0.074]
72.578: [64.910, 65.680, 63.899, 65.100, 65.060, 66.620, 64.690, 65.980, 72.578][0.814, 0.113, 0.074]
