Loading Model: level_list/m1_100/tick_list/APOG/class/models/model.h5
history_filename: history_recent/APOG/history.json
Yesterday        : 2017-09-12: OHLCV: 45.3900, 45.5900, 44.8501, 45.0100, 305865
UberYesterday    : 2017-09-11: OHLCV: 45.5500, 45.5500, 44.7600, 45.2200, 268661
[u'45.3900', u'45.5900', u'44.8501', u'45.0100', u'305865']
[u'45.5500', u'45.5500', u'44.7600', u'45.2200', u'268661']
question_base :[45.55, 45.55, 44.76, 45.22, 45.39, 45.59, 44.8501, 45.01]
40.509: [45.550, 45.550, 44.760, 45.220, 45.390, 45.590, 44.850, 45.010, 40.509][0.011, 0.006, 0.983]
40.73405: [45.550, 45.550, 44.760, 45.220, 45.390, 45.590, 44.850, 45.010, 40.734][0.011, 0.006, 0.982]
40.9591: [45.550, 45.550, 44.760, 45.220, 45.390, 45.590, 44.850, 45.010, 40.959][0.011, 0.006, 0.982]
41.18415: [45.550, 45.550, 44.760, 45.220, 45.390, 45.590, 44.850, 45.010, 41.184][0.012, 0.007, 0.982]
41.4092: [45.550, 45.550, 44.760, 45.220, 45.390, 45.590, 44.850, 45.010, 41.409][0.012, 0.007, 0.981]
41.63425: [45.550, 45.550, 44.760, 45.220, 45.390, 45.590, 44.850, 45.010, 41.634][0.012, 0.007, 0.980]
41.8593: [45.550, 45.550, 44.760, 45.220, 45.390, 45.590, 44.850, 45.010, 41.859][0.013, 0.008, 0.979]
42.08435: [45.550, 45.550, 44.760, 45.220, 45.390, 45.590, 44.850, 45.010, 42.084][0.015, 0.009, 0.976]
42.3094: [45.550, 45.550, 44.760, 45.220, 45.390, 45.590, 44.850, 45.010, 42.309][0.018, 0.012, 0.970]
42.53445: [45.550, 45.550, 44.760, 45.220, 45.390, 45.590, 44.850, 45.010, 42.534][0.025, 0.019, 0.957]
42.7595: [45.550, 45.550, 44.760, 45.220, 45.390, 45.590, 44.850, 45.010, 42.760][0.043, 0.040, 0.917]
42.98455: [45.550, 45.550, 44.760, 45.220, 45.390, 45.590, 44.850, 45.010, 42.985][0.101, 0.137, 0.763]
43.2096: [45.550, 45.550, 44.760, 45.220, 45.390, 45.590, 44.850, 45.010, 43.210][0.199, 0.386, 0.415]
43.43465: [45.550, 45.550, 44.760, 45.220, 45.390, 45.590, 44.850, 45.010, 43.435][0.323, 0.477, 0.200]
43.6597: [45.550, 45.550, 44.760, 45.220, 45.390, 45.590, 44.850, 45.010, 43.660][0.482, 0.401, 0.117]
43.88475: [45.550, 45.550, 44.760, 45.220, 45.390, 45.590, 44.850, 45.010, 43.885][0.540, 0.364, 0.096]
44.1098: [45.550, 45.550, 44.760, 45.220, 45.390, 45.590, 44.850, 45.010, 44.110][0.554, 0.354, 0.092]
44.33485: [45.550, 45.550, 44.760, 45.220, 45.390, 45.590, 44.850, 45.010, 44.335][0.558, 0.351, 0.090]
44.5599: [45.550, 45.550, 44.760, 45.220, 45.390, 45.590, 44.850, 45.010, 44.560][0.560, 0.350, 0.090]
44.78495: [45.550, 45.550, 44.760, 45.220, 45.390, 45.590, 44.850, 45.010, 44.785][0.561, 0.350, 0.090]
45.01: [45.550, 45.550, 44.760, 45.220, 45.390, 45.590, 44.850, 45.010, 45.010][0.561, 0.350, 0.090]
45.23505: [45.550, 45.550, 44.760, 45.220, 45.390, 45.590, 44.850, 45.010, 45.235][0.561, 0.350, 0.089]
45.4601: [45.550, 45.550, 44.760, 45.220, 45.390, 45.590, 44.850, 45.010, 45.460][0.561, 0.349, 0.089]
45.68515: [45.550, 45.550, 44.760, 45.220, 45.390, 45.590, 44.850, 45.010, 45.685][0.561, 0.349, 0.089]
45.9102: [45.550, 45.550, 44.760, 45.220, 45.390, 45.590, 44.850, 45.010, 45.910][0.561, 0.349, 0.089]
46.13525: [45.550, 45.550, 44.760, 45.220, 45.390, 45.590, 44.850, 45.010, 46.135][0.561, 0.349, 0.089]
46.3603: [45.550, 45.550, 44.760, 45.220, 45.390, 45.590, 44.850, 45.010, 46.360][0.561, 0.349, 0.089]
46.58535: [45.550, 45.550, 44.760, 45.220, 45.390, 45.590, 44.850, 45.010, 46.585][0.561, 0.349, 0.089]
46.8104: [45.550, 45.550, 44.760, 45.220, 45.390, 45.590, 44.850, 45.010, 46.810][0.561, 0.349, 0.089]
47.03545: [45.550, 45.550, 44.760, 45.220, 45.390, 45.590, 44.850, 45.010, 47.035][0.561, 0.349, 0.089]
47.2605: [45.550, 45.550, 44.760, 45.220, 45.390, 45.590, 44.850, 45.010, 47.261][0.561, 0.349, 0.089]
47.48555: [45.550, 45.550, 44.760, 45.220, 45.390, 45.590, 44.850, 45.010, 47.486][0.561, 0.349, 0.089]
47.7106: [45.550, 45.550, 44.760, 45.220, 45.390, 45.590, 44.850, 45.010, 47.711][0.561, 0.349, 0.089]
47.93565: [45.550, 45.550, 44.760, 45.220, 45.390, 45.590, 44.850, 45.010, 47.936][0.561, 0.349, 0.089]
48.1607: [45.550, 45.550, 44.760, 45.220, 45.390, 45.590, 44.850, 45.010, 48.161][0.561, 0.349, 0.089]
48.38575: [45.550, 45.550, 44.760, 45.220, 45.390, 45.590, 44.850, 45.010, 48.386][0.561, 0.349, 0.089]
48.6108: [45.550, 45.550, 44.760, 45.220, 45.390, 45.590, 44.850, 45.010, 48.611][0.561, 0.349, 0.089]
48.83585: [45.550, 45.550, 44.760, 45.220, 45.390, 45.590, 44.850, 45.010, 48.836][0.561, 0.349, 0.089]
49.0609: [45.550, 45.550, 44.760, 45.220, 45.390, 45.590, 44.850, 45.010, 49.061][0.561, 0.349, 0.089]
49.28595: [45.550, 45.550, 44.760, 45.220, 45.390, 45.590, 44.850, 45.010, 49.286][0.561, 0.349, 0.089]
