Loading Model: level_list/m1_100/tick_list/ATW/class/models/model.h5
history_filename: history_recent/ATW/history.json
Yesterday        : 2017-09-12: OHLCV: 7.2100, 7.5900, 7.1300, 7.4600, 4148243
UberYesterday    : 2017-09-11: OHLCV: 7.0400, 7.2200, 6.9000, 7.1900, 3504253
[u'7.2100', u'7.5900', u'7.1300', u'7.4600', u'4148243']
[u'7.0400', u'7.2200', u'6.9000', u'7.1900', u'3504253']
question_base :[7.04, 7.22, 6.9, 7.19, 7.21, 7.59, 7.13, 7.46]
6.714: [7.040, 7.220, 6.900, 7.190, 7.210, 7.590, 7.130, 7.460, 6.714][0.057, 0.121, 0.821]
6.7513: [7.040, 7.220, 6.900, 7.190, 7.210, 7.590, 7.130, 7.460, 6.751][0.057, 0.121, 0.821]
6.7886: [7.040, 7.220, 6.900, 7.190, 7.210, 7.590, 7.130, 7.460, 6.789][0.057, 0.121, 0.821]
6.8259: [7.040, 7.220, 6.900, 7.190, 7.210, 7.590, 7.130, 7.460, 6.826][0.058, 0.121, 0.821]
6.8632: [7.040, 7.220, 6.900, 7.190, 7.210, 7.590, 7.130, 7.460, 6.863][0.058, 0.121, 0.821]
6.9005: [7.040, 7.220, 6.900, 7.190, 7.210, 7.590, 7.130, 7.460, 6.901][0.058, 0.122, 0.821]
6.9378: [7.040, 7.220, 6.900, 7.190, 7.210, 7.590, 7.130, 7.460, 6.938][0.058, 0.122, 0.821]
6.9751: [7.040, 7.220, 6.900, 7.190, 7.210, 7.590, 7.130, 7.460, 6.975][0.058, 0.122, 0.820]
7.0124: [7.040, 7.220, 6.900, 7.190, 7.210, 7.590, 7.130, 7.460, 7.012][0.058, 0.122, 0.820]
7.0497: [7.040, 7.220, 6.900, 7.190, 7.210, 7.590, 7.130, 7.460, 7.050][0.058, 0.122, 0.820]
7.087: [7.040, 7.220, 6.900, 7.190, 7.210, 7.590, 7.130, 7.460, 7.087][0.058, 0.123, 0.820]
7.1243: [7.040, 7.220, 6.900, 7.190, 7.210, 7.590, 7.130, 7.460, 7.124][0.058, 0.123, 0.819]
7.1616: [7.040, 7.220, 6.900, 7.190, 7.210, 7.590, 7.130, 7.460, 7.162][0.058, 0.123, 0.819]
7.1989: [7.040, 7.220, 6.900, 7.190, 7.210, 7.590, 7.130, 7.460, 7.199][0.058, 0.124, 0.818]
7.2362: [7.040, 7.220, 6.900, 7.190, 7.210, 7.590, 7.130, 7.460, 7.236][0.059, 0.124, 0.817]
7.2735: [7.040, 7.220, 6.900, 7.190, 7.210, 7.590, 7.130, 7.460, 7.274][0.059, 0.125, 0.817]
7.3108: [7.040, 7.220, 6.900, 7.190, 7.210, 7.590, 7.130, 7.460, 7.311][0.059, 0.125, 0.816]
7.3481: [7.040, 7.220, 6.900, 7.190, 7.210, 7.590, 7.130, 7.460, 7.348][0.059, 0.126, 0.815]
7.3854: [7.040, 7.220, 6.900, 7.190, 7.210, 7.590, 7.130, 7.460, 7.385][0.059, 0.127, 0.814]
7.4227: [7.040, 7.220, 6.900, 7.190, 7.210, 7.590, 7.130, 7.460, 7.423][0.060, 0.127, 0.813]
7.46: [7.040, 7.220, 6.900, 7.190, 7.210, 7.590, 7.130, 7.460, 7.460][0.060, 0.128, 0.811]
7.4973: [7.040, 7.220, 6.900, 7.190, 7.210, 7.590, 7.130, 7.460, 7.497][0.061, 0.130, 0.810]
7.5346: [7.040, 7.220, 6.900, 7.190, 7.210, 7.590, 7.130, 7.460, 7.535][0.061, 0.131, 0.808]
7.5719: [7.040, 7.220, 6.900, 7.190, 7.210, 7.590, 7.130, 7.460, 7.572][0.062, 0.132, 0.806]
7.6092: [7.040, 7.220, 6.900, 7.190, 7.210, 7.590, 7.130, 7.460, 7.609][0.063, 0.134, 0.803]
7.6465: [7.040, 7.220, 6.900, 7.190, 7.210, 7.590, 7.130, 7.460, 7.647][0.064, 0.136, 0.800]
7.6838: [7.040, 7.220, 6.900, 7.190, 7.210, 7.590, 7.130, 7.460, 7.684][0.065, 0.138, 0.797]
7.7211: [7.040, 7.220, 6.900, 7.190, 7.210, 7.590, 7.130, 7.460, 7.721][0.066, 0.141, 0.793]
7.7584: [7.040, 7.220, 6.900, 7.190, 7.210, 7.590, 7.130, 7.460, 7.758][0.067, 0.144, 0.789]
7.7957: [7.040, 7.220, 6.900, 7.190, 7.210, 7.590, 7.130, 7.460, 7.796][0.069, 0.148, 0.783]
7.833: [7.040, 7.220, 6.900, 7.190, 7.210, 7.590, 7.130, 7.460, 7.833][0.071, 0.152, 0.777]
7.8703: [7.040, 7.220, 6.900, 7.190, 7.210, 7.590, 7.130, 7.460, 7.870][0.073, 0.157, 0.770]
7.9076: [7.040, 7.220, 6.900, 7.190, 7.210, 7.590, 7.130, 7.460, 7.908][0.076, 0.162, 0.762]
7.9449: [7.040, 7.220, 6.900, 7.190, 7.210, 7.590, 7.130, 7.460, 7.945][0.079, 0.169, 0.753]
7.9822: [7.040, 7.220, 6.900, 7.190, 7.210, 7.590, 7.130, 7.460, 7.982][0.083, 0.176, 0.742]
8.0195: [7.040, 7.220, 6.900, 7.190, 7.210, 7.590, 7.130, 7.460, 8.020][0.087, 0.184, 0.729]
8.0568: [7.040, 7.220, 6.900, 7.190, 7.210, 7.590, 7.130, 7.460, 8.057][0.093, 0.193, 0.714]
8.0941: [7.040, 7.220, 6.900, 7.190, 7.210, 7.590, 7.130, 7.460, 8.094][0.100, 0.202, 0.698]
8.1314: [7.040, 7.220, 6.900, 7.190, 7.210, 7.590, 7.130, 7.460, 8.131][0.108, 0.213, 0.680]
8.1687: [7.040, 7.220, 6.900, 7.190, 7.210, 7.590, 7.130, 7.460, 8.169][0.118, 0.223, 0.659]
