Loading Model: level_list/m1_100/tick_list/DXPE/class/models/model.h5
history_filename: history_recent/DXPE/history.json
Yesterday        : 2017-09-12: OHLCV: 28.7500, 28.7500, 28.3000, 28.3300, 39691
UberYesterday    : 2017-09-11: OHLCV: 27.5600, 28.5827, 27.2000, 28.5000, 63634
[u'28.7500', u'28.7500', u'28.3000', u'28.3300', u'39691']
[u'27.5600', u'28.5827', u'27.2000', u'28.5000', u'63634']
question_base :[27.56, 28.5827, 27.2, 28.5, 28.75, 28.75, 28.3, 28.33]
25.497: [27.560, 28.583, 27.200, 28.500, 28.750, 28.750, 28.300, 28.330, 25.497][0.074, 0.667, 0.260]
25.63865: [27.560, 28.583, 27.200, 28.500, 28.750, 28.750, 28.300, 28.330, 25.639][0.074, 0.665, 0.261]
25.7803: [27.560, 28.583, 27.200, 28.500, 28.750, 28.750, 28.300, 28.330, 25.780][0.074, 0.664, 0.262]
25.92195: [27.560, 28.583, 27.200, 28.500, 28.750, 28.750, 28.300, 28.330, 25.922][0.074, 0.663, 0.263]
26.0636: [27.560, 28.583, 27.200, 28.500, 28.750, 28.750, 28.300, 28.330, 26.064][0.074, 0.661, 0.265]
26.20525: [27.560, 28.583, 27.200, 28.500, 28.750, 28.750, 28.300, 28.330, 26.205][0.074, 0.660, 0.266]
26.3469: [27.560, 28.583, 27.200, 28.500, 28.750, 28.750, 28.300, 28.330, 26.347][0.075, 0.658, 0.268]
26.48855: [27.560, 28.583, 27.200, 28.500, 28.750, 28.750, 28.300, 28.330, 26.489][0.075, 0.656, 0.269]
26.6302: [27.560, 28.583, 27.200, 28.500, 28.750, 28.750, 28.300, 28.330, 26.630][0.075, 0.654, 0.271]
26.77185: [27.560, 28.583, 27.200, 28.500, 28.750, 28.750, 28.300, 28.330, 26.772][0.075, 0.652, 0.273]
26.9135: [27.560, 28.583, 27.200, 28.500, 28.750, 28.750, 28.300, 28.330, 26.913][0.075, 0.650, 0.275]
27.05515: [27.560, 28.583, 27.200, 28.500, 28.750, 28.750, 28.300, 28.330, 27.055][0.075, 0.647, 0.277]
27.1968: [27.560, 28.583, 27.200, 28.500, 28.750, 28.750, 28.300, 28.330, 27.197][0.076, 0.645, 0.280]
27.33845: [27.560, 28.583, 27.200, 28.500, 28.750, 28.750, 28.300, 28.330, 27.338][0.076, 0.642, 0.282]
27.4801: [27.560, 28.583, 27.200, 28.500, 28.750, 28.750, 28.300, 28.330, 27.480][0.076, 0.640, 0.284]
27.62175: [27.560, 28.583, 27.200, 28.500, 28.750, 28.750, 28.300, 28.330, 27.622][0.076, 0.637, 0.287]
27.7634: [27.560, 28.583, 27.200, 28.500, 28.750, 28.750, 28.300, 28.330, 27.763][0.076, 0.634, 0.289]
27.90505: [27.560, 28.583, 27.200, 28.500, 28.750, 28.750, 28.300, 28.330, 27.905][0.077, 0.631, 0.292]
28.0467: [27.560, 28.583, 27.200, 28.500, 28.750, 28.750, 28.300, 28.330, 28.047][0.077, 0.628, 0.295]
28.18835: [27.560, 28.583, 27.200, 28.500, 28.750, 28.750, 28.300, 28.330, 28.188][0.077, 0.625, 0.298]
28.33: [27.560, 28.583, 27.200, 28.500, 28.750, 28.750, 28.300, 28.330, 28.330][0.078, 0.622, 0.301]
28.47165: [27.560, 28.583, 27.200, 28.500, 28.750, 28.750, 28.300, 28.330, 28.472][0.078, 0.618, 0.304]
28.6133: [27.560, 28.583, 27.200, 28.500, 28.750, 28.750, 28.300, 28.330, 28.613][0.078, 0.615, 0.307]
28.75495: [27.560, 28.583, 27.200, 28.500, 28.750, 28.750, 28.300, 28.330, 28.755][0.078, 0.611, 0.310]
28.8966: [27.560, 28.583, 27.200, 28.500, 28.750, 28.750, 28.300, 28.330, 28.897][0.079, 0.608, 0.314]
29.03825: [27.560, 28.583, 27.200, 28.500, 28.750, 28.750, 28.300, 28.330, 29.038][0.079, 0.604, 0.317]
29.1799: [27.560, 28.583, 27.200, 28.500, 28.750, 28.750, 28.300, 28.330, 29.180][0.079, 0.600, 0.320]
29.32155: [27.560, 28.583, 27.200, 28.500, 28.750, 28.750, 28.300, 28.330, 29.322][0.080, 0.597, 0.324]
29.4632: [27.560, 28.583, 27.200, 28.500, 28.750, 28.750, 28.300, 28.330, 29.463][0.080, 0.593, 0.327]
29.60485: [27.560, 28.583, 27.200, 28.500, 28.750, 28.750, 28.300, 28.330, 29.605][0.081, 0.589, 0.330]
29.7465: [27.560, 28.583, 27.200, 28.500, 28.750, 28.750, 28.300, 28.330, 29.746][0.081, 0.586, 0.333]
29.88815: [27.560, 28.583, 27.200, 28.500, 28.750, 28.750, 28.300, 28.330, 29.888][0.081, 0.582, 0.336]
30.0298: [27.560, 28.583, 27.200, 28.500, 28.750, 28.750, 28.300, 28.330, 30.030][0.082, 0.579, 0.339]
30.17145: [27.560, 28.583, 27.200, 28.500, 28.750, 28.750, 28.300, 28.330, 30.171][0.082, 0.576, 0.342]
30.3131: [27.560, 28.583, 27.200, 28.500, 28.750, 28.750, 28.300, 28.330, 30.313][0.083, 0.573, 0.345]
30.45475: [27.560, 28.583, 27.200, 28.500, 28.750, 28.750, 28.300, 28.330, 30.455][0.084, 0.570, 0.347]
30.5964: [27.560, 28.583, 27.200, 28.500, 28.750, 28.750, 28.300, 28.330, 30.596][0.084, 0.567, 0.348]
30.73805: [27.560, 28.583, 27.200, 28.500, 28.750, 28.750, 28.300, 28.330, 30.738][0.085, 0.566, 0.350]
30.8797: [27.560, 28.583, 27.200, 28.500, 28.750, 28.750, 28.300, 28.330, 30.880][0.086, 0.564, 0.350]
31.02135: [27.560, 28.583, 27.200, 28.500, 28.750, 28.750, 28.300, 28.330, 31.021][0.087, 0.563, 0.350]
31.163: [27.560, 28.583, 27.200, 28.500, 28.750, 28.750, 28.300, 28.330, 31.163][0.088, 0.563, 0.350]
