Loading Model: level_list/m1_100/tick_list/FLIR/class/models/model.h5
history_filename: history_recent/FLIR/history.json
Yesterday        : 2017-09-12: OHLCV: 39.0200, 39.5000, 39.0000, 39.3400, 754347
UberYesterday    : 2017-09-11: OHLCV: 38.2300, 39.0300, 38.0100, 38.9800, 1129054
[u'39.0200', u'39.5000', u'39.0000', u'39.3400', u'754347']
[u'38.2300', u'39.0300', u'38.0100', u'38.9800', u'1129054']
question_base :[38.23, 39.03, 38.01, 38.98, 39.02, 39.5, 39.0, 39.34]
35.406: [38.230, 39.030, 38.010, 38.980, 39.020, 39.500, 39.000, 39.340, 35.406][0.151, 0.314, 0.535]
35.6027: [38.230, 39.030, 38.010, 38.980, 39.020, 39.500, 39.000, 39.340, 35.603][0.150, 0.314, 0.536]
35.7994: [38.230, 39.030, 38.010, 38.980, 39.020, 39.500, 39.000, 39.340, 35.799][0.150, 0.313, 0.537]
35.9961: [38.230, 39.030, 38.010, 38.980, 39.020, 39.500, 39.000, 39.340, 35.996][0.150, 0.312, 0.538]
36.1928: [38.230, 39.030, 38.010, 38.980, 39.020, 39.500, 39.000, 39.340, 36.193][0.149, 0.312, 0.539]
36.3895: [38.230, 39.030, 38.010, 38.980, 39.020, 39.500, 39.000, 39.340, 36.390][0.149, 0.311, 0.540]
36.5862: [38.230, 39.030, 38.010, 38.980, 39.020, 39.500, 39.000, 39.340, 36.586][0.148, 0.309, 0.542]
36.7829: [38.230, 39.030, 38.010, 38.980, 39.020, 39.500, 39.000, 39.340, 36.783][0.148, 0.307, 0.545]
36.9796: [38.230, 39.030, 38.010, 38.980, 39.020, 39.500, 39.000, 39.340, 36.980][0.147, 0.305, 0.548]
37.1763: [38.230, 39.030, 38.010, 38.980, 39.020, 39.500, 39.000, 39.340, 37.176][0.145, 0.303, 0.552]
37.373: [38.230, 39.030, 38.010, 38.980, 39.020, 39.500, 39.000, 39.340, 37.373][0.144, 0.299, 0.556]
37.5697: [38.230, 39.030, 38.010, 38.980, 39.020, 39.500, 39.000, 39.340, 37.570][0.143, 0.296, 0.561]
37.7664: [38.230, 39.030, 38.010, 38.980, 39.020, 39.500, 39.000, 39.340, 37.766][0.141, 0.293, 0.566]
37.9631: [38.230, 39.030, 38.010, 38.980, 39.020, 39.500, 39.000, 39.340, 37.963][0.141, 0.291, 0.568]
38.1598: [38.230, 39.030, 38.010, 38.980, 39.020, 39.500, 39.000, 39.340, 38.160][0.143, 0.295, 0.562]
38.3565: [38.230, 39.030, 38.010, 38.980, 39.020, 39.500, 39.000, 39.340, 38.357][0.153, 0.313, 0.534]
38.5532: [38.230, 39.030, 38.010, 38.980, 39.020, 39.500, 39.000, 39.340, 38.553][0.181, 0.360, 0.459]
38.7499: [38.230, 39.030, 38.010, 38.980, 39.020, 39.500, 39.000, 39.340, 38.750][0.234, 0.434, 0.332]
38.9466: [38.230, 39.030, 38.010, 38.980, 39.020, 39.500, 39.000, 39.340, 38.947][0.299, 0.460, 0.241]
39.1433: [38.230, 39.030, 38.010, 38.980, 39.020, 39.500, 39.000, 39.340, 39.143][0.365, 0.431, 0.204]
39.34: [38.230, 39.030, 38.010, 38.980, 39.020, 39.500, 39.000, 39.340, 39.340][0.402, 0.408, 0.190]
39.5367: [38.230, 39.030, 38.010, 38.980, 39.020, 39.500, 39.000, 39.340, 39.537][0.407, 0.405, 0.188]
39.7334: [38.230, 39.030, 38.010, 38.980, 39.020, 39.500, 39.000, 39.340, 39.733][0.401, 0.410, 0.189]
39.9301: [38.230, 39.030, 38.010, 38.980, 39.020, 39.500, 39.000, 39.340, 39.930][0.394, 0.415, 0.191]
40.1268: [38.230, 39.030, 38.010, 38.980, 39.020, 39.500, 39.000, 39.340, 40.127][0.387, 0.420, 0.193]
40.3235: [38.230, 39.030, 38.010, 38.980, 39.020, 39.500, 39.000, 39.340, 40.324][0.383, 0.423, 0.194]
40.5202: [38.230, 39.030, 38.010, 38.980, 39.020, 39.500, 39.000, 39.340, 40.520][0.379, 0.425, 0.195]
40.7169: [38.230, 39.030, 38.010, 38.980, 39.020, 39.500, 39.000, 39.340, 40.717][0.377, 0.427, 0.196]
40.9136: [38.230, 39.030, 38.010, 38.980, 39.020, 39.500, 39.000, 39.340, 40.914][0.376, 0.428, 0.196]
41.1103: [38.230, 39.030, 38.010, 38.980, 39.020, 39.500, 39.000, 39.340, 41.110][0.374, 0.429, 0.196]
41.307: [38.230, 39.030, 38.010, 38.980, 39.020, 39.500, 39.000, 39.340, 41.307][0.374, 0.430, 0.197]
41.5037: [38.230, 39.030, 38.010, 38.980, 39.020, 39.500, 39.000, 39.340, 41.504][0.373, 0.430, 0.197]
41.7004: [38.230, 39.030, 38.010, 38.980, 39.020, 39.500, 39.000, 39.340, 41.700][0.373, 0.430, 0.197]
41.8971: [38.230, 39.030, 38.010, 38.980, 39.020, 39.500, 39.000, 39.340, 41.897][0.372, 0.431, 0.197]
42.0938: [38.230, 39.030, 38.010, 38.980, 39.020, 39.500, 39.000, 39.340, 42.094][0.372, 0.431, 0.197]
42.2905: [38.230, 39.030, 38.010, 38.980, 39.020, 39.500, 39.000, 39.340, 42.291][0.372, 0.431, 0.197]
42.4872: [38.230, 39.030, 38.010, 38.980, 39.020, 39.500, 39.000, 39.340, 42.487][0.372, 0.431, 0.197]
42.6839: [38.230, 39.030, 38.010, 38.980, 39.020, 39.500, 39.000, 39.340, 42.684][0.372, 0.431, 0.197]
42.8806: [38.230, 39.030, 38.010, 38.980, 39.020, 39.500, 39.000, 39.340, 42.881][0.371, 0.431, 0.197]
43.0773: [38.230, 39.030, 38.010, 38.980, 39.020, 39.500, 39.000, 39.340, 43.077][0.371, 0.431, 0.197]
43.274: [38.230, 39.030, 38.010, 38.980, 39.020, 39.500, 39.000, 39.340, 43.274][0.371, 0.431, 0.197]
