Loading Model: level_list/m1_100/tick_list/INSY/class/models/model.h5
history_filename: history_recent/INSY/history.json
Yesterday        : 2017-09-12: OHLCV: 9.6500, 9.8000, 9.5500, 9.6100, 559688
UberYesterday    : 2017-09-11: OHLCV: 9.1700, 9.6499, 9.1600, 9.5600, 661047
[u'9.6500', u'9.8000', u'9.5500', u'9.6100', u'559688']
[u'9.1700', u'9.6499', u'9.1600', u'9.5600', u'661047']
question_base :[9.17, 9.6499, 9.16, 9.56, 9.65, 9.8, 9.55, 9.61]
8.649: [9.170, 9.650, 9.160, 9.560, 9.650, 9.800, 9.550, 9.610, 8.649][0.333, 0.400, 0.267]
8.69705: [9.170, 9.650, 9.160, 9.560, 9.650, 9.800, 9.550, 9.610, 8.697][0.333, 0.400, 0.267]
8.7451: [9.170, 9.650, 9.160, 9.560, 9.650, 9.800, 9.550, 9.610, 8.745][0.333, 0.400, 0.267]
8.79315: [9.170, 9.650, 9.160, 9.560, 9.650, 9.800, 9.550, 9.610, 8.793][0.333, 0.400, 0.267]
8.8412: [9.170, 9.650, 9.160, 9.560, 9.650, 9.800, 9.550, 9.610, 8.841][0.333, 0.400, 0.267]
8.88925: [9.170, 9.650, 9.160, 9.560, 9.650, 9.800, 9.550, 9.610, 8.889][0.333, 0.400, 0.267]
8.9373: [9.170, 9.650, 9.160, 9.560, 9.650, 9.800, 9.550, 9.610, 8.937][0.333, 0.400, 0.267]
8.98535: [9.170, 9.650, 9.160, 9.560, 9.650, 9.800, 9.550, 9.610, 8.985][0.333, 0.400, 0.267]
9.0334: [9.170, 9.650, 9.160, 9.560, 9.650, 9.800, 9.550, 9.610, 9.033][0.333, 0.400, 0.267]
9.08145: [9.170, 9.650, 9.160, 9.560, 9.650, 9.800, 9.550, 9.610, 9.081][0.333, 0.400, 0.267]
9.1295: [9.170, 9.650, 9.160, 9.560, 9.650, 9.800, 9.550, 9.610, 9.129][0.333, 0.400, 0.267]
9.17755: [9.170, 9.650, 9.160, 9.560, 9.650, 9.800, 9.550, 9.610, 9.178][0.333, 0.400, 0.267]
9.2256: [9.170, 9.650, 9.160, 9.560, 9.650, 9.800, 9.550, 9.610, 9.226][0.333, 0.400, 0.267]
9.27365: [9.170, 9.650, 9.160, 9.560, 9.650, 9.800, 9.550, 9.610, 9.274][0.333, 0.400, 0.267]
9.3217: [9.170, 9.650, 9.160, 9.560, 9.650, 9.800, 9.550, 9.610, 9.322][0.333, 0.400, 0.267]
9.36975: [9.170, 9.650, 9.160, 9.560, 9.650, 9.800, 9.550, 9.610, 9.370][0.333, 0.400, 0.267]
9.4178: [9.170, 9.650, 9.160, 9.560, 9.650, 9.800, 9.550, 9.610, 9.418][0.333, 0.400, 0.267]
9.46585: [9.170, 9.650, 9.160, 9.560, 9.650, 9.800, 9.550, 9.610, 9.466][0.333, 0.400, 0.267]
9.5139: [9.170, 9.650, 9.160, 9.560, 9.650, 9.800, 9.550, 9.610, 9.514][0.333, 0.400, 0.267]
9.56195: [9.170, 9.650, 9.160, 9.560, 9.650, 9.800, 9.550, 9.610, 9.562][0.333, 0.400, 0.267]
9.61: [9.170, 9.650, 9.160, 9.560, 9.650, 9.800, 9.550, 9.610, 9.610][0.333, 0.400, 0.267]
9.65805: [9.170, 9.650, 9.160, 9.560, 9.650, 9.800, 9.550, 9.610, 9.658][0.333, 0.400, 0.267]
9.7061: [9.170, 9.650, 9.160, 9.560, 9.650, 9.800, 9.550, 9.610, 9.706][0.333, 0.400, 0.267]
9.75415: [9.170, 9.650, 9.160, 9.560, 9.650, 9.800, 9.550, 9.610, 9.754][0.333, 0.400, 0.267]
9.8022: [9.170, 9.650, 9.160, 9.560, 9.650, 9.800, 9.550, 9.610, 9.802][0.333, 0.400, 0.267]
9.85025: [9.170, 9.650, 9.160, 9.560, 9.650, 9.800, 9.550, 9.610, 9.850][0.333, 0.400, 0.267]
9.8983: [9.170, 9.650, 9.160, 9.560, 9.650, 9.800, 9.550, 9.610, 9.898][0.333, 0.400, 0.267]
9.94635: [9.170, 9.650, 9.160, 9.560, 9.650, 9.800, 9.550, 9.610, 9.946][0.333, 0.400, 0.267]
9.9944: [9.170, 9.650, 9.160, 9.560, 9.650, 9.800, 9.550, 9.610, 9.994][0.333, 0.400, 0.267]
10.04245: [9.170, 9.650, 9.160, 9.560, 9.650, 9.800, 9.550, 9.610, 10.042][0.333, 0.400, 0.267]
10.0905: [9.170, 9.650, 9.160, 9.560, 9.650, 9.800, 9.550, 9.610, 10.090][0.333, 0.400, 0.267]
10.13855: [9.170, 9.650, 9.160, 9.560, 9.650, 9.800, 9.550, 9.610, 10.139][0.333, 0.400, 0.267]
10.1866: [9.170, 9.650, 9.160, 9.560, 9.650, 9.800, 9.550, 9.610, 10.187][0.333, 0.400, 0.267]
10.23465: [9.170, 9.650, 9.160, 9.560, 9.650, 9.800, 9.550, 9.610, 10.235][0.333, 0.400, 0.267]
10.2827: [9.170, 9.650, 9.160, 9.560, 9.650, 9.800, 9.550, 9.610, 10.283][0.333, 0.400, 0.267]
10.33075: [9.170, 9.650, 9.160, 9.560, 9.650, 9.800, 9.550, 9.610, 10.331][0.333, 0.400, 0.267]
10.3788: [9.170, 9.650, 9.160, 9.560, 9.650, 9.800, 9.550, 9.610, 10.379][0.333, 0.400, 0.267]
10.42685: [9.170, 9.650, 9.160, 9.560, 9.650, 9.800, 9.550, 9.610, 10.427][0.333, 0.400, 0.267]
10.4749: [9.170, 9.650, 9.160, 9.560, 9.650, 9.800, 9.550, 9.610, 10.475][0.333, 0.400, 0.267]
10.52295: [9.170, 9.650, 9.160, 9.560, 9.650, 9.800, 9.550, 9.610, 10.523][0.333, 0.400, 0.267]
10.571: [9.170, 9.650, 9.160, 9.560, 9.650, 9.800, 9.550, 9.610, 10.571][0.333, 0.400, 0.267]
