Loading Model: level_list/m1_100/tick_list/XONE/class/models/model.h5
history_filename: history_recent/XONE/history.json
Yesterday        : 2017-09-12: OHLCV: 8.9000, 9.5600, 8.9000, 9.3400, 172299
UberYesterday    : 2017-09-11: OHLCV: 8.6000, 8.9800, 8.5750, 8.9000, 310213
[u'8.9000', u'9.5600', u'8.9000', u'9.3400', u'172299']
[u'8.6000', u'8.9800', u'8.5750', u'8.9000', u'310213']
question_base :[8.6, 8.98, 8.575, 8.9, 8.9, 9.56, 8.9, 9.34]
8.406: [8.600, 8.980, 8.575, 8.900, 8.900, 9.560, 8.900, 9.340, 8.406][0.119, 0.170, 0.712]
8.4527: [8.600, 8.980, 8.575, 8.900, 8.900, 9.560, 8.900, 9.340, 8.453][0.119, 0.170, 0.712]
8.4994: [8.600, 8.980, 8.575, 8.900, 8.900, 9.560, 8.900, 9.340, 8.499][0.119, 0.170, 0.712]
8.5461: [8.600, 8.980, 8.575, 8.900, 8.900, 9.560, 8.900, 9.340, 8.546][0.119, 0.170, 0.712]
8.5928: [8.600, 8.980, 8.575, 8.900, 8.900, 9.560, 8.900, 9.340, 8.593][0.119, 0.170, 0.712]
8.6395: [8.600, 8.980, 8.575, 8.900, 8.900, 9.560, 8.900, 9.340, 8.639][0.119, 0.170, 0.712]
8.6862: [8.600, 8.980, 8.575, 8.900, 8.900, 9.560, 8.900, 9.340, 8.686][0.119, 0.170, 0.712]
8.7329: [8.600, 8.980, 8.575, 8.900, 8.900, 9.560, 8.900, 9.340, 8.733][0.119, 0.170, 0.712]
8.7796: [8.600, 8.980, 8.575, 8.900, 8.900, 9.560, 8.900, 9.340, 8.780][0.119, 0.170, 0.712]
8.8263: [8.600, 8.980, 8.575, 8.900, 8.900, 9.560, 8.900, 9.340, 8.826][0.119, 0.170, 0.712]
8.873: [8.600, 8.980, 8.575, 8.900, 8.900, 9.560, 8.900, 9.340, 8.873][0.118, 0.170, 0.712]
8.9197: [8.600, 8.980, 8.575, 8.900, 8.900, 9.560, 8.900, 9.340, 8.920][0.118, 0.170, 0.712]
8.9664: [8.600, 8.980, 8.575, 8.900, 8.900, 9.560, 8.900, 9.340, 8.966][0.118, 0.170, 0.712]
9.0131: [8.600, 8.980, 8.575, 8.900, 8.900, 9.560, 8.900, 9.340, 9.013][0.118, 0.170, 0.712]
9.0598: [8.600, 8.980, 8.575, 8.900, 8.900, 9.560, 8.900, 9.340, 9.060][0.117, 0.172, 0.711]
9.1065: [8.600, 8.980, 8.575, 8.900, 8.900, 9.560, 8.900, 9.340, 9.106][0.114, 0.178, 0.707]
9.1532: [8.600, 8.980, 8.575, 8.900, 8.900, 9.560, 8.900, 9.340, 9.153][0.104, 0.209, 0.687]
9.1999: [8.600, 8.980, 8.575, 8.900, 8.900, 9.560, 8.900, 9.340, 9.200][0.083, 0.339, 0.578]
9.2466: [8.600, 8.980, 8.575, 8.900, 8.900, 9.560, 8.900, 9.340, 9.247][0.077, 0.535, 0.388]
9.2933: [8.600, 8.980, 8.575, 8.900, 8.900, 9.560, 8.900, 9.340, 9.293][0.114, 0.564, 0.322]
9.34: [8.600, 8.980, 8.575, 8.900, 8.900, 9.560, 8.900, 9.340, 9.340][0.177, 0.511, 0.312]
9.3867: [8.600, 8.980, 8.575, 8.900, 8.900, 9.560, 8.900, 9.340, 9.387][0.239, 0.455, 0.306]
9.4334: [8.600, 8.980, 8.575, 8.900, 8.900, 9.560, 8.900, 9.340, 9.433][0.289, 0.411, 0.299]
9.4801: [8.600, 8.980, 8.575, 8.900, 8.900, 9.560, 8.900, 9.340, 9.480][0.326, 0.381, 0.293]
9.5268: [8.600, 8.980, 8.575, 8.900, 8.900, 9.560, 8.900, 9.340, 9.527][0.352, 0.360, 0.288]
9.5735: [8.600, 8.980, 8.575, 8.900, 8.900, 9.560, 8.900, 9.340, 9.573][0.371, 0.346, 0.283]
9.6202: [8.600, 8.980, 8.575, 8.900, 8.900, 9.560, 8.900, 9.340, 9.620][0.384, 0.336, 0.280]
9.6669: [8.600, 8.980, 8.575, 8.900, 8.900, 9.560, 8.900, 9.340, 9.667][0.393, 0.329, 0.278]
9.7136: [8.600, 8.980, 8.575, 8.900, 8.900, 9.560, 8.900, 9.340, 9.714][0.400, 0.324, 0.276]
9.7603: [8.600, 8.980, 8.575, 8.900, 8.900, 9.560, 8.900, 9.340, 9.760][0.405, 0.320, 0.275]
9.807: [8.600, 8.980, 8.575, 8.900, 8.900, 9.560, 8.900, 9.340, 9.807][0.409, 0.317, 0.274]
9.8537: [8.600, 8.980, 8.575, 8.900, 8.900, 9.560, 8.900, 9.340, 9.854][0.412, 0.315, 0.273]
9.9004: [8.600, 8.980, 8.575, 8.900, 8.900, 9.560, 8.900, 9.340, 9.900][0.414, 0.313, 0.273]
9.9471: [8.600, 8.980, 8.575, 8.900, 8.900, 9.560, 8.900, 9.340, 9.947][0.415, 0.312, 0.272]
9.9938: [8.600, 8.980, 8.575, 8.900, 8.900, 9.560, 8.900, 9.340, 9.994][0.417, 0.311, 0.272]
10.0405: [8.600, 8.980, 8.575, 8.900, 8.900, 9.560, 8.900, 9.340, 10.040][0.418, 0.310, 0.272]
10.0872: [8.600, 8.980, 8.575, 8.900, 8.900, 9.560, 8.900, 9.340, 10.087][0.419, 0.310, 0.271]
10.1339: [8.600, 8.980, 8.575, 8.900, 8.900, 9.560, 8.900, 9.340, 10.134][0.420, 0.309, 0.271]
10.1806: [8.600, 8.980, 8.575, 8.900, 8.900, 9.560, 8.900, 9.340, 10.181][0.420, 0.309, 0.271]
10.2273: [8.600, 8.980, 8.575, 8.900, 8.900, 9.560, 8.900, 9.340, 10.227][0.421, 0.308, 0.271]
10.274: [8.600, 8.980, 8.575, 8.900, 8.900, 9.560, 8.900, 9.340, 10.274][0.421, 0.308, 0.271]
