[[  0.   0.  31.]
 [  0.   0.  37.]
 [  0.   0.  32.]]
cf_score, 1.0
nv_score, -67.0
ratio, 0.323232323232
[[  0.   0.  31.]
 [  0.   0.  38.]
 [  0.   0.  31.]]
cf_score, 0.0
nv_score, -69.0
ratio, 0.313131313131
[[  0.   0.  44.]
 [  0.   0.  24.]
 [  0.   0.  32.]]
cf_score, -12.0
nv_score, -80.0
ratio, 0.323232323232
[[  0.   0.  24.]
 [  0.   0.  40.]
 [  0.   0.  36.]]
cf_score, 12.0
nv_score, -52.0
ratio, 0.363636363636
[[  0.   0.  36.]
 [  0.   0.  28.]
 [  0.   0.  36.]]
cf_score, 0.0
nv_score, -64.0
ratio, 0.363636363636
[[  0.   0.  31.]
 [  0.   0.  35.]
 [  0.   0.  34.]]
cf_score, 3.0
nv_score, -63.0
ratio, 0.343434343434
[[  0.   0.  35.]
 [  0.   0.  33.]
 [  0.   0.  32.]]
cf_score, -3.0
nv_score, -71.0
ratio, 0.323232323232
[[  0.   0.  30.]
 [  0.   0.  40.]
 [  0.   0.  30.]]
cf_score, 0.0
nv_score, -70.0
ratio, 0.30303030303
[[  0.   0.  31.]
 [  0.   0.  34.]
 [  0.   0.  35.]]
cf_score, 4.0
nv_score, -61.0
ratio, 0.353535353535
[[  0.   0.  41.]
 [  0.   0.  32.]
 [  0.   0.  27.]]
cf_score, -14.0
nv_score, -87.0
ratio, 0.272727272727
[[  0.   0.  35.]
 [  0.   0.  33.]
 [  0.   0.  32.]]
cf_score, -3.0
nv_score, -71.0
ratio, 0.323232323232
[[  0.   0.  37.]
 [  0.   0.  19.]
 [  0.   0.  44.]]
cf_score, 7.0
nv_score, -49.0
ratio, 0.444444444444
[[  0.   0.  30.]
 [  0.   0.  37.]
 [  0.   0.  33.]]
cf_score, 3.0
nv_score, -64.0
ratio, 0.333333333333
[[  0.   0.  36.]
 [  0.   0.  36.]
 [  0.   0.  28.]]
cf_score, -8.0
nv_score, -80.0
ratio, 0.282828282828
[[  0.   0.  33.]
 [  0.   0.  39.]
 [  0.   0.  28.]]
cf_score, -5.0
nv_score, -77.0
ratio, 0.282828282828
[[ 30.   0.   0.]
 [ 40.   0.   0.]
 [ 30.   0.   0.]]
cf_score, 0.0
nv_score, 0.0
ratio, 0.30303030303
[[  0.   0.  30.]
 [  0.   0.  34.]
 [  0.   0.  36.]]
cf_score, 6.0
nv_score, -58.0
ratio, 0.363636363636
[[  0.   0.  36.]
 [  0.   0.  33.]
 [  0.   0.  31.]]
cf_score, -5.0
nv_score, -74.0
ratio, 0.313131313131
[[  0.   0.  28.]
 [  0.   0.  36.]
 [  0.   0.  36.]]
cf_score, 8.0
nv_score, -56.0
ratio, 0.363636363636
[[  0.   0.  41.]
 [  0.   0.  29.]
 [  0.   0.  30.]]
cf_score, -11.0
nv_score, -81.0
ratio, 0.30303030303
[[  0.   0.  32.]
 [  0.   0.  43.]
 [  0.   0.  25.]]
cf_score, -7.0
nv_score, -82.0
ratio, 0.252525252525
[[  0.   0.  30.]
 [  0.   0.  32.]
 [  0.   0.  38.]]
cf_score, 8.0
nv_score, -54.0
ratio, 0.383838383838
[[  0.   0.  38.]
 [  0.   0.  30.]
 [  0.   0.  32.]]
cf_score, -6.0
nv_score, -74.0
ratio, 0.323232323232
[[  0.   0.  31.]
 [  0.   0.  28.]
 [  0.   0.  41.]]
cf_score, 10.0
nv_score, -49.0
ratio, 0.414141414141
[[  0.   0.  29.]
 [  0.   0.  43.]
 [  0.   0.  28.]]
cf_score, -1.0
nv_score, -73.0
ratio, 0.282828282828
[[  0.   0.  34.]
 [  0.   0.  37.]
 [  0.   0.  29.]]
cf_score, -5.0
nv_score, -76.0
ratio, 0.292929292929
[[  0.   0.  36.]
 [  0.   0.  33.]
 [  0.   0.  31.]]
cf_score, -5.0
nv_score, -74.0
ratio, 0.313131313131
[[  0.   0.  31.]
 [  0.   0.  38.]
 [  0.   0.  31.]]
cf_score, 0.0
nv_score, -69.0
ratio, 0.313131313131
[[  0.   0.  39.]
 [  0.   0.  30.]
 [  0.   0.  31.]]
cf_score, -8.0
nv_score, -77.0
ratio, 0.313131313131
[[  0.   0.  42.]
 [  0.   0.  35.]
 [  0.   0.  23.]]
cf_score, -19.0
nv_score, -96.0
ratio, 0.232323232323
[[  0.   0.  31.]
 [  0.   0.  40.]
 [  0.   0.  29.]]
cf_score, -2.0
nv_score, -73.0
ratio, 0.292929292929
[[  0.   0.  32.]
 [  0.   0.  33.]
 [  0.   0.  35.]]
cf_score, 3.0
nv_score, -62.0
ratio, 0.353535353535
[[  0.   0.  34.]
 [  0.   0.  39.]
 [  0.   0.  27.]]
cf_score, -7.0
nv_score, -80.0
ratio, 0.272727272727
[[  0.   0.  35.]
 [  0.   0.  36.]
 [  0.   0.  29.]]
cf_score, -6.0
nv_score, -77.0
ratio, 0.292929292929
[[  0.   0.  40.]
 [  0.   0.  37.]
 [  0.   0.  23.]]
cf_score, -17.0
nv_score, -94.0
ratio, 0.232323232323
[[  0.   0.  36.]
 [  0.   0.  42.]
 [  0.   0.  22.]]
cf_score, -14.0
nv_score, -92.0
ratio, 0.222222222222
[[  0.   0.  30.]
 [  0.   0.  35.]
 [  0.   0.  35.]]
cf_score, 5.0
nv_score, -60.0
ratio, 0.353535353535
[[  0.   0.  36.]
 [  0.   0.  37.]
 [  0.   0.  27.]]
cf_score, -9.0
nv_score, -82.0
ratio, 0.272727272727
[[  0.   0.  27.]
 [  0.   0.  40.]
 [  0.   0.  33.]]
cf_score, 6.0
nv_score, -61.0
ratio, 0.333333333333
[[  0.   0.  33.]
 [  0.   0.  33.]
 [  0.   0.  34.]]
cf_score, 1.0
nv_score, -65.0
ratio, 0.343434343434
[[  0.   0.  35.]
 [  0.   0.  30.]
 [  0.   0.  35.]]
cf_score, 0.0
nv_score, -65.0
ratio, 0.353535353535
[[  0.  29.  12.]
 [  0.  19.  13.]
 [  0.  12.  15.]]
cf_score, 22.0
nv_score, -22.0
ratio, 0.343434343434
[[  0.  20.  15.]
 [  0.  20.  15.]
 [  0.   9.  21.]]
cf_score, 26.0
nv_score, -24.0
ratio, 0.414141414141
[[  0.  14.  18.]
 [  0.  24.  12.]
 [  0.  12.  20.]]
cf_score, 26.0
nv_score, -28.0
ratio, 0.444444444444
[[  0.  23.  16.]
 [  0.  25.  18.]
 [  0.   5.  13.]]
cf_score, 22.0
nv_score, -37.0
ratio, 0.383838383838
[[  0.  25.  16.]
 [  0.  15.  14.]
 [  0.  17.  13.]]
cf_score, 12.0
nv_score, -33.0
ratio, 0.282828282828
[[  0.  23.  15.]
 [  0.  16.  15.]
 [  0.  10.  21.]]
cf_score, 22.0
nv_score, -24.0
ratio, 0.373737373737
[[  0.  19.  14.]
 [  0.  17.  21.]
 [  0.  18.  11.]]
cf_score, 14.0
nv_score, -38.0
ratio, 0.282828282828
[[  1.  20.  11.]
 [  0.  21.  14.]
 [  0.  20.  13.]]
cf_score, 24.0
nv_score, -23.0
ratio, 0.353535353535
[[  0.  17.   9.]
 [  0.  25.  14.]
 [  5.  17.  13.]]
cf_score, 24.0
nv_score, -19.0
ratio, 0.383838383838
