[[ 24.   0.   5.]
 [ 17.   2.  14.]
 [ 21.   0.  17.]]
cf_score, 17.0
nv_score, -7.0
ratio, 0.434343434343
[[ 30.   0.   5.]
 [ 12.   0.  12.]
 [ 26.   1.  14.]]
cf_score, 13.0
nv_score, -8.0
ratio, 0.444444444444
[[ 18.   0.   8.]
 [ 19.   2.  13.]
 [ 17.   1.  22.]]
cf_score, 17.0
nv_score, -7.0
ratio, 0.424242424242
[[ 20.   0.  12.]
 [ 16.   2.  17.]
 [ 15.   4.  14.]]
cf_score, 9.0
nv_score, -27.0
ratio, 0.363636363636
[[ 18.   2.   8.]
 [ 20.   1.  17.]
 [ 16.   4.  14.]]
cf_score, 9.0
nv_score, -19.0
ratio, 0.333333333333
[[ 23.   2.   9.]
 [ 17.   3.  16.]
 [  8.   3.  19.]]
cf_score, 28.0
nv_score, -15.0
ratio, 0.454545454545
[[ 23.   3.   1.]
 [ 12.   4.  18.]
 [ 17.   5.  17.]]
cf_score, 26.0
nv_score, -3.0
ratio, 0.444444444444
[[ 22.   4.   9.]
 [ 13.   6.  14.]
 [ 11.   3.  18.]]
cf_score, 26.0
nv_score, -14.0
ratio, 0.464646464646
[[ 18.   1.   9.]
 [ 16.   1.  12.]
 [ 17.   1.  25.]]
cf_score, 18.0
nv_score, -5.0
ratio, 0.444444444444
[[ 18.   0.  12.]
 [ 16.   3.  20.]
 [ 15.   1.  15.]]
cf_score, 9.0
nv_score, -29.0
ratio, 0.363636363636
[[ 19.   4.   8.]
 [ 20.   1.  15.]
 [  9.   4.  20.]]
cf_score, 23.0
nv_score, -11.0
ratio, 0.40404040404
[[ 19.   1.   9.]
 [ 19.   3.  17.]
 [ 13.   2.  17.]]
cf_score, 17.0
nv_score, -18.0
ratio, 0.393939393939
[[ 17.   1.  10.]
 [ 17.   5.  16.]
 [ 11.   2.  21.]]
cf_score, 22.0
nv_score, -15.0
ratio, 0.434343434343
[[ 20.   2.  13.]
 [ 13.   3.  14.]
 [  8.   4.  23.]]
cf_score, 25.0
nv_score, -17.0
ratio, 0.464646464646
[[ 13.   1.  12.]
 [ 22.   4.  16.]
 [  8.   5.  19.]]
cf_score, 16.0
nv_score, -21.0
ratio, 0.363636363636
[[ 12.   2.  17.]
 [ 11.   6.  16.]
 [ 10.   1.  25.]]
cf_score, 16.0
nv_score, -25.0
ratio, 0.434343434343
[[ 15.   3.  10.]
 [ 14.   6.  23.]
 [ 10.   4.  15.]]
cf_score, 16.0
nv_score, -28.0
ratio, 0.363636363636
[[ 10.   3.  13.]
 [  9.   6.  21.]
 [ 14.   2.  22.]]
cf_score, 11.0
nv_score, -25.0
ratio, 0.383838383838
[[ 12.   5.  13.]
 [ 12.   8.  21.]
 [  9.   1.  19.]]
cf_score, 17.0
nv_score, -28.0
ratio, 0.393939393939
[[ 21.   3.   9.]
 [ 16.   3.  20.]
 [ 11.   2.  15.]]
cf_score, 19.0
nv_score, -23.0
ratio, 0.393939393939
[[ 20.   1.   9.]
 [ 15.   8.  17.]
 [  7.   1.  22.]]
cf_score, 34.0
nv_score, -13.0
ratio, 0.505050505051
[[ 10.   5.  15.]
 [ 10.   6.  21.]
 [  4.   8.  21.]]
cf_score, 18.0
nv_score, -30.0
ratio, 0.373737373737
[[ 12.   7.   9.]
 [  9.   7.  16.]
 [  8.   5.  27.]]
cf_score, 29.0
nv_score, -7.0
ratio, 0.464646464646
[[ 16.   6.  10.]
 [  9.   7.  21.]
 [  7.   2.  22.]]
cf_score, 28.0
nv_score, -19.0
ratio, 0.454545454545
[[ 10.   6.  10.]
 [  7.   4.  22.]
 [  8.   7.  26.]]
cf_score, 22.0
nv_score, -16.0
ratio, 0.40404040404
[[  8.   1.   8.]
 [ 13.   7.  19.]
 [ 11.   7.  26.]]
cf_score, 22.0
nv_score, -9.0
ratio, 0.414141414141
[[ 13.   4.   7.]
 [ 17.  11.  21.]
 [  6.   5.  16.]]
cf_score, 27.0
nv_score, -19.0
ratio, 0.40404040404
[[ 16.   3.   7.]
 [ 12.   6.  18.]
 [  8.   4.  26.]]
cf_score, 33.0
nv_score, -6.0
ratio, 0.484848484848
[[ 16.   3.   9.]
 [ 16.   5.  14.]
 [ 10.   6.  21.]]
cf_score, 23.0
nv_score, -11.0
ratio, 0.424242424242
[[ 14.   3.  10.]
 [ 10.   3.  17.]
 [  8.   7.  28.]]
cf_score, 27.0
nv_score, -9.0
ratio, 0.454545454545
[[ 11.   4.  17.]
 [ 12.   5.  20.]
 [  9.   1.  21.]]
cf_score, 11.0
nv_score, -33.0
ratio, 0.373737373737
[[ 15.   3.   5.]
 [ 18.   6.  15.]
 [ 11.   2.  25.]]
cf_score, 30.0
nv_score, 0.0
ratio, 0.464646464646
[[ 15.   9.  12.]
 [ 15.   1.  16.]
 [ 11.   4.  17.]]
cf_score, 10.0
nv_score, -23.0
ratio, 0.333333333333
[[ 11.   5.  14.]
 [ 11.   4.  21.]
 [  6.   4.  24.]]
cf_score, 19.0
nv_score, -25.0
ratio, 0.393939393939
[[ 16.   8.   8.]
 [ 18.   3.  17.]
 [  6.   6.  18.]]
cf_score, 23.0
nv_score, -15.0
ratio, 0.373737373737
[[ 13.   2.  15.]
 [ 12.   2.  18.]
 [  6.   4.  28.]]
cf_score, 22.0
nv_score, -20.0
ratio, 0.434343434343
[[ 15.   9.   8.]
 [ 10.   9.  16.]
 [  5.   6.  22.]]
cf_score, 33.0
nv_score, -10.0
ratio, 0.464646464646
[[ 12.   3.  12.]
 [ 19.   7.  12.]
 [ 12.   5.  18.]]
cf_score, 13.0
nv_score, -18.0
ratio, 0.373737373737
[[ 21.   3.  11.]
 [ 12.   7.  14.]
 [  4.   7.  21.]]
cf_score, 34.0
nv_score, -15.0
ratio, 0.494949494949
[[ 14.   1.  15.]
 [  8.   4.  17.]
 [  9.   5.  27.]]
cf_score, 21.0
nv_score, -20.0
ratio, 0.454545454545
[[ 11.   5.  12.]
 [ 19.   3.  12.]
 [ 11.   6.  21.]]
cf_score, 12.0
nv_score, -15.0
ratio, 0.353535353535
[[ 19.   5.  14.]
 [ 18.   4.  12.]
 [  5.   7.  16.]]
cf_score, 20.0
nv_score, -24.0
ratio, 0.393939393939
[[ 12.   4.   7.]
 [ 13.   2.  27.]
 [ 10.   4.  21.]]
cf_score, 18.0
nv_score, -20.0
ratio, 0.353535353535
[[ 15.   2.   7.]
 [ 21.   4.  16.]
 [  9.   6.  20.]]
cf_score, 23.0
nv_score, -10.0
ratio, 0.393939393939
[[ 19.   3.   7.]
 [ 16.   5.  18.]
 [ 10.   4.  18.]]
cf_score, 25.0
nv_score, -14.0
ratio, 0.424242424242
[[ 17.   3.  11.]
 [ 13.   2.  16.]
 [  7.   2.  29.]]
cf_score, 30.0
nv_score, -9.0
ratio, 0.484848484848
[[ 13.   2.  15.]
 [ 13.   7.  15.]
 [  7.   4.  24.]]
cf_score, 22.0
nv_score, -21.0
ratio, 0.444444444444
[[ 17.   1.   9.]
 [ 16.   3.  18.]
 [  6.   9.  21.]]
cf_score, 26.0
nv_score, -15.0
ratio, 0.414141414141
[[ 13.   2.  10.]
 [ 17.   8.  20.]
 [ 12.   2.  16.]]
cf_score, 15.0
nv_score, -24.0
ratio, 0.373737373737
[[ 17.   2.  13.]
 [ 10.   5.  12.]
 [ 13.   5.  23.]]
cf_score, 19.0
nv_score, -15.0
ratio, 0.454545454545
