[[  0.   0.   0.]
 [  0.  59.   0.]
 [  0.  41.   0.]]
cf_score, 59.0
nv_score, 0.0
ratio, 0.59595959596
[[  0.   0.   0.]
 [  0.  63.   0.]
 [  0.  37.   0.]]
cf_score, 63.0
nv_score, 0.0
ratio, 0.636363636364
[[  0.   0.   0.]
 [  0.  69.   0.]
 [  0.  31.   0.]]
cf_score, 69.0
nv_score, 0.0
ratio, 0.69696969697
[[  0.   0.   0.]
 [  0.  66.   0.]
 [  0.  34.   0.]]
cf_score, 66.0
nv_score, 0.0
ratio, 0.666666666667
[[  0.   0.   0.]
 [  0.  59.   0.]
 [  0.  41.   0.]]
cf_score, 59.0
nv_score, 0.0
ratio, 0.59595959596
[[  0.   0.   0.]
 [  0.  60.   0.]
 [  0.  40.   0.]]
cf_score, 60.0
nv_score, 0.0
ratio, 0.606060606061
[[  0.   0.   0.]
 [  0.  55.   0.]
 [  0.  45.   0.]]
cf_score, 55.0
nv_score, 0.0
ratio, 0.555555555556
[[  0.   0.   0.]
 [  0.  63.   3.]
 [  0.  24.  10.]]
cf_score, 73.0
nv_score, 7.0
ratio, 0.737373737374
[[  0.   0.   0.]
 [  0.  58.   8.]
 [  0.  22.  12.]]
cf_score, 70.0
nv_score, 4.0
ratio, 0.707070707071
[[  0.   0.   0.]
 [  0.  57.   7.]
 [  0.  25.  11.]]
cf_score, 68.0
nv_score, 4.0
ratio, 0.686868686869
[[  0.   0.   0.]
 [  0.  51.   7.]
 [  0.  26.  16.]]
cf_score, 67.0
nv_score, 9.0
ratio, 0.676767676768
[[  0.   0.   0.]
 [  0.  56.  10.]
 [  0.  15.  19.]]
cf_score, 75.0
nv_score, 9.0
ratio, 0.757575757576
[[  0.   0.   0.]
 [  0.  58.   6.]
 [  0.  29.   7.]]
cf_score, 65.0
nv_score, 1.0
ratio, 0.656565656566
[[  0.   0.   0.]
 [  0.  54.   6.]
 [  0.  25.  15.]]
cf_score, 69.0
nv_score, 9.0
ratio, 0.69696969697
[[  0.   0.   0.]
 [  0.  59.   3.]
 [  0.  23.  15.]]
cf_score, 74.0
nv_score, 12.0
ratio, 0.747474747475
[[  0.   0.   0.]
 [  0.  54.   4.]
 [  0.  23.  19.]]
cf_score, 73.0
nv_score, 15.0
ratio, 0.737373737374
[[  0.   0.   0.]
 [  0.  50.   7.]
 [  0.  28.  15.]]
cf_score, 65.0
nv_score, 8.0
ratio, 0.656565656566
[[  0.   0.   0.]
 [  0.  51.   5.]
 [  0.  25.  19.]]
cf_score, 70.0
nv_score, 14.0
ratio, 0.707070707071
[[  0.   0.   0.]
 [  0.  58.   4.]
 [  0.  28.  10.]]
cf_score, 68.0
nv_score, 6.0
ratio, 0.686868686869
[[  0.   0.   0.]
 [  0.  50.   5.]
 [  0.  30.  15.]]
cf_score, 65.0
nv_score, 10.0
ratio, 0.656565656566
[[  0.   0.   0.]
 [  0.  53.   8.]
 [  0.  26.  13.]]
cf_score, 66.0
nv_score, 5.0
ratio, 0.666666666667
[[  0.   0.   0.]
 [  0.  47.   9.]
 [  0.  20.  24.]]
cf_score, 71.0
nv_score, 15.0
ratio, 0.717171717172
[[  0.   0.   0.]
 [  0.  53.   7.]
 [  0.  20.  20.]]
cf_score, 73.0
nv_score, 13.0
ratio, 0.737373737374
[[  0.   0.   0.]
 [  0.  57.   5.]
 [  0.  20.  18.]]
cf_score, 75.0
nv_score, 13.0
ratio, 0.757575757576
[[  0.   0.   0.]
 [  0.  54.   7.]
 [  0.  26.  13.]]
cf_score, 67.0
nv_score, 6.0
ratio, 0.676767676768
[[  0.   0.   0.]
 [  0.  44.  10.]
 [  0.  30.  16.]]
cf_score, 60.0
nv_score, 6.0
ratio, 0.606060606061
[[  0.   0.   0.]
 [  0.  50.  10.]
 [  0.  26.  14.]]
cf_score, 64.0
nv_score, 4.0
ratio, 0.646464646465
[[  0.   0.   0.]
 [  0.  55.   8.]
 [  0.  20.  17.]]
cf_score, 72.0
nv_score, 9.0
ratio, 0.727272727273
[[  0.   0.   0.]
 [  0.  50.   8.]
 [  0.  26.  16.]]
cf_score, 66.0
nv_score, 8.0
ratio, 0.666666666667
[[  0.   0.   0.]
 [  0.  47.  12.]
 [  0.  17.  24.]]
cf_score, 71.0
nv_score, 12.0
ratio, 0.717171717172
[[  0.   0.   0.]
 [  0.  50.  11.]
 [  0.  19.  20.]]
cf_score, 70.0
nv_score, 9.0
ratio, 0.707070707071
[[  0.   0.   0.]
 [  0.  47.   9.]
 [  0.  25.  19.]]
cf_score, 66.0
nv_score, 10.0
ratio, 0.666666666667
[[  0.   0.   0.]
 [  0.  49.  10.]
 [  0.  24.  17.]]
cf_score, 66.0
nv_score, 7.0
ratio, 0.666666666667
[[  0.   0.   0.]
 [  0.  48.   5.]
 [  0.  28.  19.]]
cf_score, 67.0
nv_score, 14.0
ratio, 0.676767676768
[[  0.   0.   0.]
 [  0.  52.  14.]
 [  0.  22.  12.]]
cf_score, 64.0
nv_score, -2.0
ratio, 0.646464646465
[[  0.   0.   0.]
 [  0.  46.   6.]
 [  0.  25.  23.]]
cf_score, 69.0
nv_score, 17.0
ratio, 0.69696969697
[[  0.   0.   0.]
 [  0.  54.   6.]
 [  0.  23.  17.]]
cf_score, 71.0
nv_score, 11.0
ratio, 0.717171717172
[[  0.   0.   0.]
 [  0.  46.  10.]
 [  0.  23.  21.]]
cf_score, 67.0
nv_score, 11.0
ratio, 0.676767676768
[[  0.   0.   0.]
 [  0.  53.   7.]
 [  0.  18.  22.]]
cf_score, 75.0
nv_score, 15.0
ratio, 0.757575757576
[[  0.   0.   0.]
 [  0.  46.  12.]
 [  0.  21.  21.]]
cf_score, 67.0
nv_score, 9.0
ratio, 0.676767676768
[[  0.   0.   0.]
 [  0.  47.   9.]
 [  0.  24.  20.]]
cf_score, 67.0
nv_score, 11.0
ratio, 0.676767676768
[[  0.   0.   0.]
 [  0.  53.   3.]
 [  0.  23.  21.]]
cf_score, 74.0
nv_score, 18.0
ratio, 0.747474747475
[[  0.   0.   0.]
 [  0.  50.   6.]
 [  0.  27.  17.]]
cf_score, 67.0
nv_score, 11.0
ratio, 0.676767676768
[[  0.   0.   0.]
 [  0.  59.   4.]
 [  0.  15.  22.]]
cf_score, 81.0
nv_score, 18.0
ratio, 0.818181818182
[[  0.   0.   0.]
 [  0.  60.   6.]
 [  0.  20.  14.]]
cf_score, 74.0
nv_score, 8.0
ratio, 0.747474747475
[[  0.   0.   0.]
 [  0.  51.   8.]
 [  0.  25.  16.]]
cf_score, 67.0
nv_score, 8.0
ratio, 0.676767676768
[[  0.   0.   0.]
 [  0.  45.  10.]
 [  0.  23.  22.]]
cf_score, 67.0
nv_score, 12.0
ratio, 0.676767676768
[[  0.   0.   0.]
 [  0.  62.   4.]
 [  0.  19.  15.]]
cf_score, 77.0
nv_score, 11.0
ratio, 0.777777777778
[[  0.   0.   0.]
 [  0.  52.   6.]
 [  0.  22.  20.]]
cf_score, 72.0
nv_score, 14.0
ratio, 0.727272727273
[[  0.   0.   0.]
 [  0.  51.   6.]
 [  0.  19.  24.]]
cf_score, 75.0
nv_score, 18.0
ratio, 0.757575757576
