[[ 16.   0.  21.]
 [  9.   0.  23.]
 [ 10.   0.  21.]]
cf_score, 6.0
nv_score, -44.0
ratio, 0.373737373737
[[ 19.  22.   5.]
 [ 14.  11.   3.]
 [  3.  18.   5.]]
cf_score, 27.0
nv_score, -8.0
ratio, 0.353535353535
[[ 14.  22.   7.]
 [  9.  23.   3.]
 [  6.  14.   2.]]
cf_score, 26.0
nv_score, -15.0
ratio, 0.393939393939
[[ 21.  10.   8.]
 [  6.  18.   5.]
 [  7.  17.   8.]]
cf_score, 32.0
nv_score, -13.0
ratio, 0.474747474747
[[ 25.  14.   5.]
 [ 10.  14.   5.]
 [  9.  15.   3.]]
cf_score, 28.0
nv_score, -12.0
ratio, 0.424242424242
[[ 16.  11.  17.]
 [ 17.  13.   3.]
 [  9.   9.   5.]]
cf_score, 8.0
nv_score, -32.0
ratio, 0.343434343434
[[ 23.   9.   7.]
 [  9.  20.   2.]
 [ 10.  16.   4.]]
cf_score, 30.0
nv_score, -12.0
ratio, 0.474747474747
[[ 22.   7.  13.]
 [  9.  14.   7.]
 [  9.  16.   3.]]
cf_score, 17.0
nv_score, -30.0
ratio, 0.393939393939
[[ 21.   5.   4.]
 [  9.  20.   6.]
 [ 19.  12.   4.]]
cf_score, 22.0
nv_score, -10.0
ratio, 0.454545454545
[[ 23.  14.   4.]
 [ 10.   9.   5.]
 [ 11.  17.   7.]]
cf_score, 24.0
nv_score, -6.0
ratio, 0.393939393939
[[ 19.   8.   5.]
 [  8.  21.   9.]
 [ 14.  12.   4.]]
cf_score, 25.0
nv_score, -15.0
ratio, 0.444444444444
[[ 22.   7.   5.]
 [ 18.  16.   4.]
 [ 17.   5.   6.]]
cf_score, 22.0
nv_score, -8.0
ratio, 0.444444444444
[[ 19.  13.   5.]
 [ 12.  14.   6.]
 [ 10.  17.   4.]]
cf_score, 22.0
nv_score, -12.0
ratio, 0.373737373737
[[ 20.   6.   6.]
 [ 10.  22.   5.]
 [ 12.  16.   3.]]
cf_score, 27.0
nv_score, -14.0
ratio, 0.454545454545
[[ 26.   5.   8.]
 [ 11.  19.   3.]
 [ 21.   7.   0.]]
cf_score, 16.0
nv_score, -19.0
ratio, 0.454545454545
[[ 19.   4.   9.]
 [ 11.  14.   2.]
 [ 21.  14.   6.]]
cf_score, 9.0
nv_score, -14.0
ratio, 0.393939393939
[[ 22.   9.  15.]
 [  9.  21.   6.]
 [  7.   9.   2.]]
cf_score, 23.0
nv_score, -34.0
ratio, 0.454545454545
[[ 27.   5.   7.]
 [ 12.   8.  11.]
 [ 19.   8.   3.]]
cf_score, 12.0
nv_score, -22.0
ratio, 0.383838383838
[[ 18.  10.   5.]
 [  9.  23.   8.]
 [ 11.  12.   4.]]
cf_score, 29.0
nv_score, -14.0
ratio, 0.454545454545
[[ 20.   5.  10.]
 [ 14.  16.   3.]
 [ 17.   8.   7.]]
cf_score, 16.0
nv_score, -16.0
ratio, 0.434343434343
[[ 26.   5.   8.]
 [ 10.  18.   5.]
 [  5.  17.   6.]]
cf_score, 37.0
nv_score, -15.0
ratio, 0.505050505051
[[ 27.   9.   6.]
 [ 10.  14.   9.]
 [ 13.   8.   4.]]
cf_score, 26.0
nv_score, -17.0
ratio, 0.454545454545
[[ 28.   8.   9.]
 [  8.  14.   7.]
 [ 12.   6.   8.]]
cf_score, 29.0
nv_score, -17.0
ratio, 0.505050505051
[[ 17.   9.   9.]
 [ 18.  11.   7.]
 [ 15.  10.   4.]]
cf_score, 8.0
nv_score, -21.0
ratio, 0.323232323232
[[ 16.  10.   9.]
 [ 15.  16.   8.]
 [ 12.  11.   3.]]
cf_score, 14.0
nv_score, -23.0
ratio, 0.353535353535
[[ 21.   2.   4.]
 [ 16.  13.   8.]
 [ 11.  12.  13.]]
cf_score, 32.0
nv_score, -3.0
ratio, 0.474747474747
[[ 25.  12.  10.]
 [ 11.  11.   3.]
 [  9.  10.   9.]]
cf_score, 26.0
nv_score, -14.0
ratio, 0.454545454545
[[ 25.   7.  10.]
 [  6.  18.   8.]
 [ 11.  10.   5.]]
cf_score, 27.0
nv_score, -23.0
ratio, 0.484848484848
[[ 22.   7.   5.]
 [ 10.  12.   9.]
 [ 14.  17.   4.]]
cf_score, 19.0
nv_score, -15.0
ratio, 0.383838383838
[[ 22.   6.   6.]
 [ 10.  10.   6.]
 [ 24.  10.   6.]]
cf_score, 8.0
nv_score, -12.0
ratio, 0.383838383838
[[ 18.   8.   7.]
 [ 10.  18.   5.]
 [ 17.  12.   5.]]
cf_score, 17.0
nv_score, -14.0
ratio, 0.414141414141
[[ 22.   7.  13.]
 [ 11.  12.   5.]
 [ 13.  14.   3.]]
cf_score, 11.0
nv_score, -28.0
ratio, 0.373737373737
[[ 18.   6.   9.]
 [ 14.  15.   4.]
 [ 15.  13.   6.]]
cf_score, 15.0
nv_score, -16.0
ratio, 0.393939393939
[[ 24.   7.  11.]
 [  9.  12.   8.]
 [ 15.   6.   8.]]
cf_score, 18.0
nv_score, -22.0
ratio, 0.444444444444
[[ 23.  10.   5.]
 [  9.  17.   5.]
 [ 13.  13.   5.]]
cf_score, 27.0
nv_score, -10.0
ratio, 0.454545454545
[[ 30.   7.   5.]
 [ 12.  12.   4.]
 [ 15.   9.   6.]]
cf_score, 28.0
nv_score, -8.0
ratio, 0.484848484848
[[ 24.   8.   7.]
 [  8.  17.   5.]
 [ 12.  14.   5.]]
cf_score, 27.0
nv_score, -14.0
ratio, 0.464646464646
[[ 23.  10.   3.]
 [ 13.  14.   4.]
 [ 18.  10.   5.]]
cf_score, 21.0
nv_score, -5.0
ratio, 0.424242424242
[[ 13.  11.   5.]
 [ 11.  28.   7.]
 [ 11.   8.   6.]]
cf_score, 31.0
nv_score, -11.0
ratio, 0.474747474747
[[ 17.   4.  10.]
 [ 10.  18.   6.]
 [ 15.  13.   7.]]
cf_score, 17.0
nv_score, -19.0
ratio, 0.424242424242
[[ 23.  11.   9.]
 [ 16.   7.   7.]
 [ 15.   8.   4.]]
cf_score, 10.0
nv_score, -21.0
ratio, 0.343434343434
[[ 22.   4.   6.]
 [ 11.  19.   3.]
 [ 20.  11.   4.]]
cf_score, 19.0
nv_score, -11.0
ratio, 0.454545454545
[[ 25.  14.   6.]
 [ 12.   9.   6.]
 [ 14.  10.   4.]]
cf_score, 18.0
nv_score, -14.0
ratio, 0.383838383838
[[ 21.   7.   5.]
 [  7.  21.  11.]
 [ 13.  10.   5.]]
cf_score, 29.0
nv_score, -16.0
ratio, 0.474747474747
[[ 18.   6.   6.]
 [ 13.  18.   7.]
 [ 19.   9.   4.]]
cf_score, 15.0
nv_score, -15.0
ratio, 0.40404040404
[[ 19.   6.   6.]
 [ 14.  13.   5.]
 [ 14.  14.   9.]]
cf_score, 21.0
nv_score, -8.0
ratio, 0.414141414141
[[ 20.   9.   7.]
 [ 12.  15.   3.]
 [ 16.  11.   7.]]
cf_score, 19.0
nv_score, -10.0
ratio, 0.424242424242
[[ 23.   5.   9.]
 [  9.  20.   7.]
 [ 12.   9.   6.]]
cf_score, 28.0
nv_score, -19.0
ratio, 0.494949494949
[[ 22.  11.   6.]
 [ 11.   9.   7.]
 [  8.  15.  11.]]
cf_score, 28.0
nv_score, -8.0
ratio, 0.424242424242
[[ 20.   8.   8.]
 [ 13.  16.   5.]
 [ 11.  12.   7.]]
cf_score, 24.0
nv_score, -14.0
ratio, 0.434343434343
