[[  0.  22.   0.]
 [  0.  28.   0.]
 [  0.  50.   0.]]
cf_score, 28.0
ratio, 0.282828282828
[[  0.  37.   0.]
 [  0.  34.   0.]
 [  0.  29.   0.]]
cf_score, 34.0
ratio, 0.343434343434
[[  0.  35.   0.]
 [  0.  36.   0.]
 [  0.  29.   0.]]
cf_score, 36.0
ratio, 0.363636363636
[[  0.  38.   0.]
 [  0.  23.   0.]
 [  0.  39.   0.]]
cf_score, 23.0
ratio, 0.232323232323
[[  0.  43.   0.]
 [  0.  33.   0.]
 [  0.  24.   0.]]
cf_score, 33.0
ratio, 0.333333333333
[[  0.  35.   0.]
 [  0.  34.   0.]
 [  0.  31.   0.]]
cf_score, 34.0
ratio, 0.343434343434
[[  0.  43.   0.]
 [  0.  27.   0.]
 [  0.  30.   0.]]
cf_score, 27.0
ratio, 0.272727272727
[[  0.  28.   0.]
 [  0.  33.   0.]
 [  0.  39.   0.]]
cf_score, 33.0
ratio, 0.333333333333
[[  0.   0.  39.]
 [  0.   0.  33.]
 [  0.   0.  28.]]
cf_score, -11.0
ratio, 0.282828282828
[[  0.  34.   0.]
 [  0.  35.   0.]
 [  0.  31.   0.]]
cf_score, 35.0
ratio, 0.353535353535
[[  0.  35.   0.]
 [  0.  31.   0.]
 [  0.  34.   0.]]
cf_score, 31.0
ratio, 0.313131313131
[[  0.  30.   0.]
 [  0.  34.   0.]
 [  0.  36.   0.]]
cf_score, 34.0
ratio, 0.343434343434
[[  0.  34.   0.]
 [  0.  33.   0.]
 [  0.  33.   0.]]
cf_score, 33.0
ratio, 0.333333333333
[[  0.  33.   0.]
 [  0.  23.   0.]
 [  0.  44.   0.]]
cf_score, 23.0
ratio, 0.232323232323
[[  0.  36.   0.]
 [  0.  32.   0.]
 [  0.  32.   0.]]
cf_score, 32.0
ratio, 0.323232323232
[[  0.  39.   0.]
 [  0.  29.   0.]
 [  0.  32.   0.]]
cf_score, 29.0
ratio, 0.292929292929
[[  0.  43.   0.]
 [  0.  26.   0.]
 [  0.  31.   0.]]
cf_score, 26.0
ratio, 0.262626262626
[[  0.  33.   0.]
 [  0.  32.   0.]
 [  0.  35.   0.]]
cf_score, 32.0
ratio, 0.323232323232
[[  0.  35.   0.]
 [  0.  30.   0.]
 [  0.  35.   0.]]
cf_score, 30.0
ratio, 0.30303030303
[[  0.  32.   0.]
 [  0.  34.   0.]
 [  0.  34.   0.]]
cf_score, 34.0
ratio, 0.343434343434
[[  0.  35.   0.]
 [  0.  40.   0.]
 [  0.  25.   0.]]
cf_score, 40.0
ratio, 0.40404040404
[[  0.  32.   0.]
 [  0.  36.   0.]
 [  0.  32.   0.]]
cf_score, 36.0
ratio, 0.363636363636
[[  0.  32.   0.]
 [  0.  35.   0.]
 [  0.  33.   0.]]
cf_score, 35.0
ratio, 0.353535353535
[[  0.  34.   0.]
 [  0.  31.   0.]
 [  0.  35.   0.]]
cf_score, 31.0
ratio, 0.313131313131
[[  0.  30.   0.]
 [  0.  33.   0.]
 [  0.  37.   0.]]
cf_score, 33.0
ratio, 0.333333333333
[[  0.  38.   0.]
 [  0.  38.   0.]
 [  0.  24.   0.]]
cf_score, 38.0
ratio, 0.383838383838
[[  0.  38.   0.]
 [  0.  30.   0.]
 [  0.  32.   0.]]
cf_score, 30.0
ratio, 0.30303030303
[[  0.  39.   0.]
 [  0.  30.   0.]
 [  0.  31.   0.]]
cf_score, 30.0
ratio, 0.30303030303
[[  0.  33.   0.]
 [  0.  30.   0.]
 [  0.  37.   0.]]
cf_score, 30.0
ratio, 0.30303030303
[[  0.  30.   0.]
 [  0.  26.   0.]
 [  0.  44.   0.]]
cf_score, 26.0
ratio, 0.262626262626
[[  0.  31.   0.]
 [  0.  39.   0.]
 [  0.  30.   0.]]
cf_score, 39.0
ratio, 0.393939393939
[[  0.  36.   0.]
 [  0.  34.   0.]
 [  0.  30.   0.]]
cf_score, 34.0
ratio, 0.343434343434
[[  0.  30.   0.]
 [  0.  31.   0.]
 [  0.  39.   0.]]
cf_score, 31.0
ratio, 0.313131313131
[[  0.  36.   0.]
 [  0.  32.   0.]
 [  0.  32.   0.]]
cf_score, 32.0
ratio, 0.323232323232
[[  0.  38.   0.]
 [  0.  30.   0.]
 [  0.  32.   0.]]
cf_score, 30.0
ratio, 0.30303030303
[[  0.  30.   0.]
 [  0.  36.   0.]
 [  0.  34.   0.]]
cf_score, 36.0
ratio, 0.363636363636
[[  0.  39.   0.]
 [  0.  28.   0.]
 [  0.  33.   0.]]
cf_score, 28.0
ratio, 0.282828282828
[[  0.  37.   0.]
 [  0.  36.   0.]
 [  0.  27.   0.]]
cf_score, 36.0
ratio, 0.363636363636
[[  0.  34.   0.]
 [  0.  38.   0.]
 [  0.  28.   0.]]
cf_score, 38.0
ratio, 0.383838383838
[[  0.  35.   0.]
 [  0.  37.   0.]
 [  0.  28.   0.]]
cf_score, 37.0
ratio, 0.373737373737
[[  0.  42.   0.]
 [  0.  23.   0.]
 [  0.  35.   0.]]
cf_score, 23.0
ratio, 0.232323232323
[[  0.  41.   0.]
 [  0.  30.   0.]
 [  0.  29.   0.]]
cf_score, 30.0
ratio, 0.30303030303
[[  0.  38.   0.]
 [  0.  31.   0.]
 [  0.  31.   0.]]
cf_score, 31.0
ratio, 0.313131313131
[[  0.  36.   0.]
 [  0.  28.   0.]
 [  0.  36.   0.]]
cf_score, 28.0
ratio, 0.282828282828
[[  0.  38.   0.]
 [  0.  34.   0.]
 [  0.  28.   0.]]
cf_score, 34.0
ratio, 0.343434343434
[[  0.  37.   0.]
 [  0.  31.   0.]
 [  0.  32.   0.]]
cf_score, 31.0
ratio, 0.313131313131
[[  0.  34.   0.]
 [  0.  34.   0.]
 [  0.  32.   0.]]
cf_score, 34.0
ratio, 0.343434343434
[[  0.  28.   0.]
 [  0.  41.   0.]
 [  0.  31.   0.]]
cf_score, 41.0
ratio, 0.414141414141
[[  0.  39.   0.]
 [  0.  24.   0.]
 [  0.  37.   0.]]
cf_score, 24.0
ratio, 0.242424242424
[[  0.  36.   0.]
 [  0.  20.   0.]
 [  0.  44.   0.]]
cf_score, 20.0
ratio, 0.20202020202
[[  0.  25.   0.]
 [  0.  41.   0.]
 [  0.  34.   0.]]
cf_score, 41.0
ratio, 0.414141414141
[[  0.   0.  35.]
 [  0.   0.  34.]
 [  0.   0.  31.]]
cf_score, -4.0
ratio, 0.313131313131
[[  0.  34.   0.]
 [  0.  32.   0.]
 [  0.  34.   0.]]
cf_score, 32.0
ratio, 0.323232323232
[[  0.  34.   0.]
 [  0.  32.   0.]
 [  0.  34.   0.]]
cf_score, 32.0
ratio, 0.323232323232
[[  0.  35.   0.]
 [  0.  32.   0.]
 [  0.  33.   0.]]
cf_score, 32.0
ratio, 0.323232323232
[[  0.  41.   0.]
 [  0.  28.   0.]
 [  0.  31.   0.]]
cf_score, 28.0
ratio, 0.282828282828
[[  0.   0.  27.]
 [  0.   0.  35.]
 [  0.   0.  38.]]
cf_score, 11.0
ratio, 0.383838383838
[[  0.  39.   0.]
 [  0.  29.   0.]
 [  0.  32.   0.]]
cf_score, 29.0
ratio, 0.292929292929
[[  0.  30.   0.]
 [  0.  34.   0.]
 [  0.  36.   0.]]
cf_score, 34.0
ratio, 0.343434343434
[[  0.  41.   0.]
 [  0.  31.   0.]
 [  0.  28.   0.]]
cf_score, 31.0
ratio, 0.313131313131
[[  0.  27.   0.]
 [  0.  41.   0.]
 [  0.  32.   0.]]
cf_score, 41.0
ratio, 0.414141414141
[[  0.  27.   0.]
 [  0.  45.   0.]
 [  0.  28.   0.]]
cf_score, 45.0
ratio, 0.454545454545
[[  0.  28.   0.]
 [  0.  37.   0.]
 [  0.  35.   0.]]
cf_score, 37.0
ratio, 0.373737373737
[[  0.  28.   0.]
 [  0.  37.   0.]
 [  0.  35.   0.]]
cf_score, 37.0
ratio, 0.373737373737
[[  0.  32.   0.]
 [  0.  28.   0.]
 [  0.  40.   0.]]
cf_score, 28.0
ratio, 0.282828282828
[[  0.  36.   0.]
 [  0.  39.   0.]
 [  0.  25.   0.]]
cf_score, 39.0
ratio, 0.393939393939
[[  0.  33.   0.]
 [  0.  28.   0.]
 [  0.  39.   0.]]
cf_score, 28.0
ratio, 0.282828282828
[[  0.  31.   0.]
 [  0.  33.   0.]
 [  0.  36.   0.]]
cf_score, 33.0
ratio, 0.333333333333
[[  0.  36.   0.]
 [  0.  31.   0.]
 [  0.  33.   0.]]
cf_score, 31.0
ratio, 0.313131313131
[[  0.  36.   0.]
 [  0.  32.   0.]
 [  0.  32.   0.]]
cf_score, 32.0
ratio, 0.323232323232
[[  0.  31.   0.]
 [  0.  25.   0.]
 [  0.  44.   0.]]
cf_score, 25.0
ratio, 0.252525252525
[[  0.  27.   0.]
 [  0.  38.   0.]
 [  0.  35.   0.]]
cf_score, 38.0
ratio, 0.383838383838
[[  0.  37.   0.]
 [  0.  31.   0.]
 [  0.  32.   0.]]
cf_score, 31.0
ratio, 0.313131313131
[[  0.  36.   0.]
 [  0.  24.   0.]
 [  0.  40.   0.]]
cf_score, 24.0
ratio, 0.242424242424
[[  0.  32.   0.]
 [  0.  30.   0.]
 [  0.  38.   0.]]
cf_score, 30.0
ratio, 0.30303030303
[[  0.  30.   0.]
 [  0.  32.   0.]
 [  0.  38.   0.]]
cf_score, 32.0
ratio, 0.323232323232
[[  0.  34.   0.]
 [  0.  34.   0.]
 [  0.  32.   0.]]
cf_score, 34.0
ratio, 0.343434343434
[[  0.  30.   0.]
 [  0.  34.   0.]
 [  0.  36.   0.]]
cf_score, 34.0
ratio, 0.343434343434
[[  0.  39.   0.]
 [  0.  22.   0.]
 [  0.  39.   0.]]
cf_score, 22.0
ratio, 0.222222222222
[[  0.  32.   0.]
 [  0.  38.   0.]
 [  0.  30.   0.]]
cf_score, 38.0
ratio, 0.383838383838
[[  0.  37.   0.]
 [  0.  34.   0.]
 [  0.  29.   0.]]
cf_score, 34.0
ratio, 0.343434343434
[[  0.  38.   0.]
 [  0.  28.   0.]
 [  0.  34.   0.]]
cf_score, 28.0
ratio, 0.282828282828
[[  0.  36.   0.]
 [  0.  21.   0.]
 [  0.  43.   0.]]
cf_score, 21.0
ratio, 0.212121212121
[[  0.  27.   0.]
 [  0.  39.   0.]
 [  0.  34.   0.]]
cf_score, 39.0
ratio, 0.393939393939
[[  0.  43.   0.]
 [  0.  20.   0.]
 [  0.  37.   0.]]
cf_score, 20.0
ratio, 0.20202020202
[[  0.  32.   0.]
 [  0.  29.   0.]
 [  0.  39.   0.]]
cf_score, 29.0
ratio, 0.292929292929
[[  0.  24.   0.]
 [  0.  51.   0.]
 [  0.  25.   0.]]
cf_score, 51.0
ratio, 0.515151515152
[[  0.  42.   0.]
 [  0.  31.   0.]
 [  0.  27.   0.]]
cf_score, 31.0
ratio, 0.313131313131
[[  0.  34.   0.]
 [  0.  38.   0.]
 [  0.  28.   0.]]
cf_score, 38.0
ratio, 0.383838383838
[[  0.  38.   0.]
 [  0.  35.   0.]
 [  0.  27.   0.]]
cf_score, 35.0
ratio, 0.353535353535
[[  0.  34.   0.]
 [  0.  34.   0.]
 [  0.  32.   0.]]
cf_score, 34.0
ratio, 0.343434343434
[[  0.  39.   0.]
 [  0.  29.   0.]
 [  0.  32.   0.]]
cf_score, 29.0
ratio, 0.292929292929
[[  0.  35.   0.]
 [  0.  27.   0.]
 [  0.  38.   0.]]
cf_score, 27.0
ratio, 0.272727272727
[[  0.  33.   0.]
 [  0.  27.   0.]
 [  0.  40.   0.]]
cf_score, 27.0
ratio, 0.272727272727
[[  0.  34.   0.]
 [  0.  29.   0.]
 [  0.  37.   0.]]
cf_score, 29.0
ratio, 0.292929292929
[[  0.  44.   0.]
 [  0.  26.   0.]
 [  0.  30.   0.]]
cf_score, 26.0
ratio, 0.262626262626
[[  0.   0.  32.]
 [  0.   0.  29.]
 [  0.   0.  39.]]
cf_score, 7.0
ratio, 0.393939393939
[[  0.  31.   0.]
 [  0.  36.   0.]
 [  0.  33.   0.]]
cf_score, 36.0
ratio, 0.363636363636
[[  0.  30.   0.]
 [  0.  30.   0.]
 [  0.  40.   0.]]
cf_score, 30.0
ratio, 0.30303030303
[[  0.  30.   0.]
 [  0.  27.   0.]
 [  0.  43.   0.]]
cf_score, 27.0
ratio, 0.272727272727
