[[  0.  29.   8.]
 [  1.  25.   5.]
 [  0.  21.  11.]]
cf_score, 28.0
nv_score, -10.0
ratio, 0.363636363636
[[  2.  21.  14.]
 [  2.  21.  13.]
 [  2.  14.  11.]]
cf_score, 18.0
nv_score, -30.0
ratio, 0.343434343434
[[  0.  23.   5.]
 [  3.  22.   6.]
 [  3.  25.  13.]]
cf_score, 27.0
nv_score, -3.0
ratio, 0.353535353535
[[  2.  17.   8.]
 [  2.  24.   6.]
 [  1.  22.  18.]]
cf_score, 35.0
nv_score, -4.0
ratio, 0.444444444444
[[  3.  21.  10.]
 [  1.  27.   4.]
 [  2.  17.  15.]]
cf_score, 33.0
nv_score, -9.0
ratio, 0.454545454545
[[  1.  14.   7.]
 [  2.  26.   8.]
 [  2.  19.  21.]]
cf_score, 39.0
nv_score, -1.0
ratio, 0.484848484848
[[  5.  29.   5.]
 [  1.  23.   3.]
 [  6.  22.   6.]]
cf_score, 23.0
nv_score, -7.0
ratio, 0.343434343434
[[  5.  25.  10.]
 [  3.  24.   3.]
 [  3.  14.  13.]]
cf_score, 29.0
nv_score, -10.0
ratio, 0.424242424242
[[  2.  30.   8.]
 [  4.  15.   3.]
 [  4.  22.  12.]]
cf_score, 17.0
nv_score, -7.0
ratio, 0.292929292929
[[  3.  26.   5.]
 [  1.  19.  11.]
 [  4.  17.  14.]]
cf_score, 27.0
nv_score, -7.0
ratio, 0.363636363636
[[  3.  27.   6.]
 [  1.  18.  10.]
 [  5.  17.  13.]]
cf_score, 23.0
nv_score, -9.0
ratio, 0.343434343434
[[  3.  14.  10.]
 [  1.  23.  10.]
 [  6.  14.  19.]]
cf_score, 29.0
nv_score, -11.0
ratio, 0.454545454545
[[  6.  15.  13.]
 [  5.  19.  12.]
 [  2.  12.  16.]]
cf_score, 26.0
nv_score, -22.0
ratio, 0.414141414141
[[  3.  25.  11.]
 [  2.  24.   5.]
 [  7.  13.  10.]]
cf_score, 19.0
nv_score, -17.0
ratio, 0.373737373737
[[  6.  12.   7.]
 [  7.  17.  12.]
 [  3.  11.  25.]]
cf_score, 38.0
nv_score, -1.0
ratio, 0.484848484848
[[ 22.   0.   5.]
 [ 21.   0.  11.]
 [ 17.   0.  24.]]
cf_score, 24.0
nv_score, 3.0
ratio, 0.464646464646
[[ 25.   1.   1.]
 [ 26.   1.   6.]
 [ 17.   5.  18.]]
cf_score, 26.0
nv_score, 10.0
ratio, 0.444444444444
[[ 24.   3.  12.]
 [ 21.   1.   5.]
 [ 14.   4.  16.]]
cf_score, 15.0
nv_score, -13.0
ratio, 0.414141414141
[[ 25.   3.   9.]
 [ 16.   4.  11.]
 [ 14.   2.  16.]]
cf_score, 22.0
nv_score, -13.0
ratio, 0.454545454545
[[ 16.   7.   4.]
 [ 20.   7.   8.]
 [  9.  15.  14.]]
cf_score, 24.0
nv_score, -2.0
ratio, 0.373737373737
[[ 16.  10.   2.]
 [ 12.   9.   7.]
 [ 11.  13.  20.]]
cf_score, 32.0
nv_score, 9.0
ratio, 0.454545454545
[[ 11.   9.   7.]
 [  9.  23.   9.]
 [  4.  14.  14.]]
cf_score, 37.0
nv_score, -9.0
ratio, 0.484848484848
[[ 13.  15.   8.]
 [ 10.  12.   7.]
 [  3.  22.  10.]]
cf_score, 24.0
nv_score, -13.0
ratio, 0.353535353535
[[  9.  19.   6.]
 [  2.  27.   5.]
 [  3.  15.  14.]]
cf_score, 41.0
nv_score, -3.0
ratio, 0.505050505051
[[  8.  17.   4.]
 [  8.  24.   8.]
 [  1.  19.  11.]]
cf_score, 38.0
nv_score, -5.0
ratio, 0.434343434343
[[  7.  17.   3.]
 [  5.  20.   9.]
 [  4.  24.  11.]]
cf_score, 31.0
nv_score, -4.0
ratio, 0.383838383838
[[  8.  22.   5.]
 [  4.  25.   9.]
 [  0.  17.  10.]]
cf_score, 38.0
nv_score, -9.0
ratio, 0.434343434343
[[  9.  21.   4.]
 [  0.  28.  10.]
 [  1.  17.  10.]]
cf_score, 42.0
nv_score, -8.0
ratio, 0.474747474747
[[  8.  15.   4.]
 [  8.  20.  15.]
 [  1.  22.   7.]]
cf_score, 30.0
nv_score, -16.0
ratio, 0.353535353535
[[  8.  22.   1.]
 [  5.  14.   8.]
 [  2.  25.  15.]]
cf_score, 34.0
nv_score, 5.0
ratio, 0.373737373737
[[  9.  21.   3.]
 [  5.  18.   7.]
 [  3.  21.  13.]]
cf_score, 34.0
nv_score, 0.0
ratio, 0.40404040404
[[ 10.  14.   4.]
 [  0.  27.   6.]
 [  2.  23.  14.]]
cf_score, 45.0
nv_score, 0.0
ratio, 0.515151515152
[[ 13.  20.   4.]
 [  6.  16.   8.]
 [  4.  17.  12.]]
cf_score, 33.0
nv_score, -4.0
ratio, 0.414141414141
[[  3.  25.   5.]
 [  2.  26.   6.]
 [  2.  22.   9.]]
cf_score, 31.0
nv_score, -7.0
ratio, 0.383838383838
[[  5.  23.   5.]
 [  1.  24.   9.]
 [  1.  19.  13.]]
cf_score, 36.0
nv_score, -6.0
ratio, 0.424242424242
[[ 10.  12.   4.]
 [  2.  27.  13.]
 [  1.  22.   9.]]
cf_score, 41.0
nv_score, -12.0
ratio, 0.464646464646
[[  7.  15.   3.]
 [  0.  33.   5.]
 [  1.  26.  10.]]
cf_score, 46.0
nv_score, -1.0
ratio, 0.505050505051
[[  9.  21.   6.]
 [  1.  17.  11.]
 [  2.  17.  16.]]
cf_score, 34.0
nv_score, -7.0
ratio, 0.424242424242
[[  5.  16.   2.]
 [  0.  27.   7.]
 [  1.  18.  24.]]
cf_score, 53.0
nv_score, 13.0
ratio, 0.565656565657
[[  4.  29.   5.]
 [  2.  20.   6.]
 [  1.  21.  12.]]
cf_score, 30.0
nv_score, -4.0
ratio, 0.363636363636
[[  6.  20.   5.]
 [  0.  18.  12.]
 [  0.  18.  21.]]
cf_score, 40.0
nv_score, -1.0
ratio, 0.454545454545
[[ 10.  17.   4.]
 [  3.  30.  11.]
 [  1.  14.  10.]]
cf_score, 45.0
nv_score, -9.0
ratio, 0.505050505051
[[  5.  12.   6.]
 [  0.  29.  11.]
 [  2.  18.  17.]]
cf_score, 43.0
nv_score, -6.0
ratio, 0.515151515152
[[  9.  13.   6.]
 [  5.  33.   6.]
 [  4.  11.  13.]]
cf_score, 45.0
nv_score, -5.0
ratio, 0.555555555556
[[  3.  21.   5.]
 [  0.  30.   5.]
 [  0.  15.  21.]]
cf_score, 49.0
nv_score, 6.0
ratio, 0.545454545455
[[  7.  23.   7.]
 [  0.  26.   8.]
 [  2.   9.  18.]]
cf_score, 42.0
nv_score, -4.0
ratio, 0.515151515152
[[  6.  28.   1.]
 [  0.  24.   7.]
 [  2.  21.  11.]]
cf_score, 38.0
nv_score, 2.0
ratio, 0.414141414141
[[  9.  21.   6.]
 [  3.  22.   4.]
 [  2.  22.  11.]]
cf_score, 34.0
nv_score, -5.0
ratio, 0.424242424242
[[  3.  24.   7.]
 [  0.  17.  10.]
 [  0.  18.  21.]]
cf_score, 34.0
nv_score, -3.0
ratio, 0.414141414141
[[  6.  19.   5.]
 [  1.  27.   6.]
 [  0.  17.  19.]]
cf_score, 47.0
nv_score, 3.0
ratio, 0.525252525253
[[  5.  20.   6.]
 [  1.  31.   9.]
 [  2.  18.   8.]]
cf_score, 36.0
nv_score, -13.0
ratio, 0.444444444444
[[  4.  17.  13.]
 [  0.  28.   6.]
 [  0.  12.  20.]]
cf_score, 39.0
nv_score, -12.0
ratio, 0.525252525253
[[  4.  23.   7.]
 [  0.  36.   8.]
 [  0.  12.  10.]]
cf_score, 43.0
nv_score, -12.0
ratio, 0.505050505051
[[  6.  19.   7.]
 [  0.  20.   8.]
 [  2.  19.  19.]]
cf_score, 36.0
nv_score, -3.0
ratio, 0.454545454545
[[  4.  22.   5.]
 [  0.  29.   7.]
 [  1.  17.  15.]]
cf_score, 42.0
nv_score, -2.0
ratio, 0.484848484848
[[ 11.  23.   7.]
 [  0.  16.   6.]
 [  1.  19.  17.]]
cf_score, 36.0
nv_score, -3.0
ratio, 0.444444444444
[[  5.  19.   5.]
 [  0.  25.   6.]
 [  0.  24.  16.]]
cf_score, 41.0
nv_score, 0.0
ratio, 0.464646464646
[[ 10.  16.   4.]
 [  6.  22.   6.]
 [  5.  18.  13.]]
cf_score, 36.0
nv_score, -1.0
ratio, 0.454545454545
[[  3.  17.  10.]
 [  0.  23.   6.]
 [  1.  17.  23.]]
cf_score, 38.0
nv_score, -3.0
ratio, 0.494949494949
[[  6.  18.   7.]
 [  2.  23.   3.]
 [  0.  21.  20.]]
cf_score, 42.0
nv_score, 3.0
ratio, 0.494949494949
[[  3.  18.   7.]
 [  0.  28.   7.]
 [  1.  11.  25.]]
cf_score, 48.0
nv_score, 4.0
ratio, 0.565656565657
[[  4.  27.   7.]
 [  1.  17.   5.]
 [  1.  18.  20.]]
cf_score, 33.0
nv_score, 1.0
ratio, 0.414141414141
[[  6.  19.  11.]
 [  2.  30.   4.]
 [  1.  13.  14.]]
cf_score, 38.0
nv_score, -12.0
ratio, 0.505050505051
[[  4.  26.   8.]
 [  0.  22.   9.]
 [  1.  18.  12.]]
cf_score, 29.0
nv_score, -13.0
ratio, 0.383838383838
[[  8.  20.   6.]
 [  0.  24.   7.]
 [  1.  19.  15.]]
cf_score, 40.0
nv_score, -4.0
ratio, 0.474747474747
[[  8.  17.   6.]
 [  0.  24.   3.]
 [  0.  21.  21.]]
cf_score, 47.0
nv_score, 6.0
ratio, 0.535353535354
[[  6.  18.   7.]
 [  3.  20.   9.]
 [  3.  16.  18.]]
cf_score, 34.0
nv_score, -5.0
ratio, 0.444444444444
[[  9.  17.   4.]
 [  1.  19.  10.]
 [  2.  20.  18.]]
cf_score, 40.0
nv_score, 0.0
ratio, 0.464646464646
[[  4.  25.   5.]
 [  0.  28.   6.]
 [  1.  10.  21.]]
cf_score, 47.0
nv_score, 5.0
ratio, 0.535353535354
[[  4.  18.   5.]
 [  0.  26.  15.]
 [  1.  17.  14.]]
cf_score, 38.0
nv_score, -11.0
ratio, 0.444444444444
[[ 16.  11.   3.]
 [  1.  27.   5.]
 [  0.  21.  16.]]
cf_score, 56.0
nv_score, 5.0
ratio, 0.59595959596
[[  6.  19.   4.]
 [  0.  24.  13.]
 [  1.  17.  16.]]
cf_score, 41.0
nv_score, -5.0
ratio, 0.464646464646
[[ 14.  19.  10.]
 [  0.  30.   4.]
 [  1.   9.  13.]]
cf_score, 46.0
nv_score, -11.0
ratio, 0.575757575758
[[  8.  20.   9.]
 [  1.  15.   4.]
 [  0.  24.  19.]]
cf_score, 33.0
nv_score, -3.0
ratio, 0.424242424242
[[  8.  27.   4.]
 [  1.  24.   8.]
 [  0.   9.  19.]]
cf_score, 47.0
nv_score, 3.0
ratio, 0.515151515152
[[ 10.  20.   4.]
 [  3.  32.   8.]
 [  1.  14.   8.]]
cf_score, 45.0
nv_score, -8.0
ratio, 0.505050505051
[[ 10.  11.   5.]
 [  6.  20.   6.]
 [  2.  26.  14.]]
cf_score, 37.0
nv_score, -2.0
ratio, 0.444444444444
[[  6.  24.   4.]
 [  0.  23.  10.]
 [  0.  12.  21.]]
cf_score, 46.0
nv_score, 3.0
ratio, 0.505050505051
[[  8.  18.   8.]
 [  1.  26.   5.]
 [  3.  16.  15.]]
cf_score, 38.0
nv_score, -6.0
ratio, 0.494949494949
[[  4.  20.  10.]
 [  0.  23.   8.]
 [  0.  18.  17.]]
cf_score, 34.0
nv_score, -11.0
ratio, 0.444444444444
[[  8.  16.   5.]
 [  2.  30.   6.]
 [  0.  19.  14.]]
cf_score, 47.0
nv_score, -2.0
ratio, 0.525252525253
[[ 11.  12.   6.]
 [  5.  21.   5.]
 [  3.  19.  18.]]
cf_score, 41.0
nv_score, 1.0
ratio, 0.505050505051
[[ 11.  14.  10.]
 [  1.  24.   7.]
 [  0.  20.  13.]]
cf_score, 38.0
nv_score, -14.0
ratio, 0.484848484848
[[ 12.  13.   5.]
 [  0.  23.   9.]
 [  1.  20.  17.]]
cf_score, 46.0
nv_score, -2.0
ratio, 0.525252525253
[[  6.  21.   4.]
 [  6.  28.   8.]
 [  0.  17.  10.]]
cf_score, 40.0
nv_score, -6.0
ratio, 0.444444444444
[[  7.  15.  12.]
 [  0.  24.  10.]
 [  1.  21.  10.]]
cf_score, 28.0
nv_score, -24.0
ratio, 0.414141414141
[[  7.  16.   4.]
 [  5.  24.   4.]
 [  3.  19.  18.]]
cf_score, 42.0
nv_score, 6.0
ratio, 0.494949494949
[[ 11.  17.   8.]
 [  4.  18.  11.]
 [  1.  16.  14.]]
cf_score, 34.0
nv_score, -13.0
ratio, 0.434343434343
[[  7.  17.   6.]
 [  2.  18.   9.]
 [  2.  14.  25.]]
cf_score, 42.0
nv_score, 4.0
ratio, 0.505050505051
[[  3.  14.   7.]
 [  1.  33.   8.]
 [  2.  17.  15.]]
cf_score, 42.0
nv_score, -7.0
ratio, 0.515151515152
[[  7.  19.   7.]
 [  3.  19.  10.]
 [  0.  12.  23.]]
cf_score, 42.0
nv_score, -1.0
ratio, 0.494949494949
[[ 12.  15.   3.]
 [  5.  18.   9.]
 [  6.  15.  17.]]
cf_score, 38.0
nv_score, 2.0
ratio, 0.474747474747
[[ 13.   4.   5.]
 [  3.  25.  10.]
 [  3.  19.  18.]]
cf_score, 48.0
nv_score, -2.0
ratio, 0.565656565657
[[  7.   9.   4.]
 [  4.  17.   9.]
 [  4.  26.  20.]]
cf_score, 36.0
nv_score, 3.0
ratio, 0.444444444444
[[ 13.  15.   5.]
 [  3.  24.   6.]
 [  3.  17.  14.]]
cf_score, 43.0
nv_score, -2.0
ratio, 0.515151515152
[[  6.  15.   9.]
 [  6.  26.   9.]
 [  5.  15.   9.]]
cf_score, 27.0
nv_score, -18.0
ratio, 0.414141414141
[[ 16.  13.   7.]
 [  3.  23.   7.]
 [  5.  11.  15.]]
cf_score, 42.0
nv_score, -6.0
ratio, 0.545454545455
[[ 10.  14.  10.]
 [  2.  17.   9.]
 [  6.  18.  14.]]
cf_score, 25.0
nv_score, -15.0
ratio, 0.414141414141
[[ 14.  14.   5.]
 [  8.  23.   4.]
 [  4.  11.  17.]]
cf_score, 45.0
nv_score, 3.0
ratio, 0.545454545455
[[  9.  10.   9.]
 [  8.  17.   4.]
 [  3.  23.  17.]]
cf_score, 31.0
nv_score, -5.0
ratio, 0.434343434343
[[  7.  14.  13.]
 [  2.  14.  10.]
 [  5.  17.  18.]]
cf_score, 21.0
nv_score, -18.0
ratio, 0.393939393939
[[ 12.  11.   8.]
 [  0.  19.  14.]
 [  3.  14.  19.]]
cf_score, 39.0
nv_score, -11.0
ratio, 0.505050505051
[[ 18.  15.   4.]
 [  5.  16.   2.]
 [  9.  14.  17.]]
cf_score, 38.0
nv_score, 7.0
ratio, 0.515151515152
[[  7.  16.   4.]
 [  2.  21.  12.]
 [  4.  14.  20.]]
cf_score, 40.0
nv_score, 0.0
ratio, 0.484848484848
[[ 15.  13.   6.]
 [  4.  22.   4.]
 [  5.  17.  14.]]
cf_score, 40.0
nv_score, -2.0
ratio, 0.515151515152
[[  3.  18.  13.]
 [  2.  25.  15.]
 [  2.  14.   8.]]
cf_score, 21.0
nv_score, -33.0
ratio, 0.363636363636
[[  8.  11.   3.]
 [  7.  22.   8.]
 [  4.  23.  14.]]
cf_score, 37.0
nv_score, 0.0
ratio, 0.444444444444
[[ 17.  14.   6.]
 [  1.  23.  12.]
 [  1.   9.  17.]]
cf_score, 50.0
nv_score, -7.0
ratio, 0.575757575758
[[ 12.  21.   7.]
 [  2.  20.   4.]
 [  6.  14.  14.]]
cf_score, 33.0
nv_score, -4.0
ratio, 0.464646464646
[[  2.  19.   3.]
 [  4.  26.   8.]
 [  2.  16.  20.]]
cf_score, 43.0
nv_score, 6.0
ratio, 0.484848484848
[[ 11.  15.   9.]
 [  1.  21.   9.]
 [  7.  10.  17.]]
cf_score, 33.0
nv_score, -10.0
ratio, 0.494949494949
[[ 10.  18.   4.]
 [  0.  29.   5.]
 [  4.  15.  15.]]
cf_score, 46.0
nv_score, 2.0
ratio, 0.545454545455
[[ 18.  15.   1.]
 [  8.  19.   8.]
 [  2.  20.   9.]]
cf_score, 43.0
nv_score, -1.0
ratio, 0.464646464646
[[ 10.  15.   7.]
 [  3.  22.   9.]
 [  2.  19.  13.]]
cf_score, 36.0
nv_score, -10.0
ratio, 0.454545454545
[[ 17.  17.   9.]
 [  6.  15.   9.]
 [  3.  11.  13.]]
cf_score, 33.0
nv_score, -14.0
ratio, 0.454545454545
[[  8.  20.   7.]
 [  0.  26.   7.]
 [  2.  15.  15.]]
cf_score, 40.0
nv_score, -6.0
ratio, 0.494949494949
[[ 15.  12.   3.]
 [  4.  19.  11.]
 [  3.  14.  19.]]
cf_score, 47.0
nv_score, 2.0
ratio, 0.535353535354
[[  5.  19.   9.]
 [  2.  20.  12.]
 [  5.  10.  18.]]
cf_score, 29.0
nv_score, -12.0
ratio, 0.434343434343
[[  7.  12.   7.]
 [  4.  16.  16.]
 [  5.   9.  24.]]
cf_score, 35.0
nv_score, -6.0
ratio, 0.474747474747
[[  9.  16.   3.]
 [  3.  27.   5.]
 [  3.  22.  12.]]
cf_score, 42.0
nv_score, 1.0
ratio, 0.484848484848
[[  5.  15.  10.]
 [  1.  21.  10.]
 [  7.  15.  16.]]
cf_score, 25.0
nv_score, -14.0
ratio, 0.424242424242
[[ 11.  23.   8.]
 [  3.  21.   5.]
 [  4.  16.   9.]]
cf_score, 29.0
nv_score, -12.0
ratio, 0.414141414141
[[ 11.  19.   3.]
 [  1.  23.   5.]
 [  4.  13.  21.]]
cf_score, 48.0
nv_score, 10.0
ratio, 0.555555555556
[[  4.  17.   6.]
 [  5.  18.   8.]
 [  6.  18.  18.]]
cf_score, 28.0
nv_score, -2.0
ratio, 0.40404040404
[[  9.  18.   5.]
 [  4.  22.   5.]
 [  8.  14.  15.]]
cf_score, 33.0
nv_score, 0.0
ratio, 0.464646464646
[[  9.  11.   7.]
 [  1.  16.  13.]
 [  8.  16.  19.]]
cf_score, 29.0
nv_score, -8.0
ratio, 0.444444444444
[[ 19.   7.   6.]
 [  3.  18.  10.]
 [  3.  12.  22.]]
cf_score, 50.0
nv_score, 0.0
ratio, 0.59595959596
[[  7.  14.   2.]
 [  7.  19.   9.]
 [  4.  19.  19.]]
cf_score, 39.0
nv_score, 6.0
ratio, 0.454545454545
[[  9.  19.   6.]
 [  3.  18.  10.]
 [  4.  16.  15.]]
cf_score, 32.0
nv_score, -7.0
ratio, 0.424242424242
[[ 15.  10.   3.]
 [  3.  20.  12.]
 [  2.  12.  23.]]
cf_score, 53.0
nv_score, 5.0
ratio, 0.585858585859
[[ 10.  19.   2.]
 [  4.  20.   4.]
 [  9.  13.  19.]]
cf_score, 38.0
nv_score, 11.0
ratio, 0.494949494949
[[  7.  16.   5.]
 [  2.  24.   9.]
 [  3.  18.  16.]]
cf_score, 39.0
nv_score, -3.0
ratio, 0.474747474747
[[  9.  17.   9.]
 [  3.  21.  10.]
 [  1.  13.  17.]]
cf_score, 37.0
nv_score, -11.0
ratio, 0.474747474747
[[  6.  14.   7.]
 [  3.  20.   9.]
 [  6.  13.  22.]]
cf_score, 35.0
nv_score, -1.0
ratio, 0.484848484848
[[  7.  17.   7.]
 [  4.  17.  12.]
 [  2.  12.  22.]]
cf_score, 37.0
nv_score, -4.0
ratio, 0.464646464646
[[  4.  11.   7.]
 [  2.  28.  16.]
 [  5.   9.  18.]]
cf_score, 38.0
nv_score, -12.0
ratio, 0.505050505051
[[  6.  19.   5.]
 [  4.  23.  10.]
 [  8.  10.  15.]]
cf_score, 31.0
nv_score, -5.0
ratio, 0.444444444444
[[ 12.  12.   9.]
 [  1.  19.   9.]
 [  3.  15.  20.]]
cf_score, 39.0
nv_score, -7.0
ratio, 0.515151515152
[[ 14.  17.   6.]
 [  5.  20.   5.]
 [  6.  12.  15.]]
cf_score, 37.0
nv_score, -2.0
ratio, 0.494949494949
[[  4.  15.  10.]
 [  0.  20.  11.]
 [  7.  16.  17.]]
cf_score, 24.0
nv_score, -14.0
ratio, 0.414141414141
[[ 11.  11.   5.]
 [  4.  27.  14.]
 [  3.  12.  13.]]
cf_score, 43.0
nv_score, -11.0
ratio, 0.515151515152
[[ 11.  14.   6.]
 [  2.  17.   6.]
 [  5.  18.  21.]]
cf_score, 38.0
nv_score, 3.0
ratio, 0.494949494949
[[  6.  24.   4.]
 [  1.  18.   7.]
 [  5.  12.  23.]]
cf_score, 38.0
nv_score, 8.0
ratio, 0.474747474747
[[  7.  14.   9.]
 [  3.  26.   3.]
 [  6.  21.  11.]]
cf_score, 29.0
nv_score, -10.0
ratio, 0.444444444444
[[ 10.  18.   2.]
 [  1.  24.  15.]
 [  2.  17.  11.]]
cf_score, 41.0
nv_score, -8.0
ratio, 0.454545454545
[[ 14.  15.   3.]
 [  6.  15.   8.]
 [  6.  15.  18.]]
cf_score, 38.0
nv_score, 4.0
ratio, 0.474747474747
[[ 14.  14.   2.]
 [  2.  24.  11.]
 [  2.  16.  15.]]
cf_score, 49.0
nv_score, 0.0
ratio, 0.535353535354
[[  9.  10.   9.]
 [  2.  29.   7.]
 [  3.  10.  21.]]
cf_score, 47.0
nv_score, -4.0
ratio, 0.59595959596
[[  7.  11.   9.]
 [  3.  19.   8.]
 [  6.  18.  19.]]
cf_score, 30.0
nv_score, -7.0
ratio, 0.454545454545
[[  9.  16.   6.]
 [  5.  19.  15.]
 [  7.  10.  13.]]
cf_score, 28.0
nv_score, -14.0
ratio, 0.414141414141
[[  8.  12.   4.]
 [  5.  24.  11.]
 [  4.  19.  13.]]
cf_score, 37.0
nv_score, -6.0
ratio, 0.454545454545
[[ 12.  17.   5.]
 [  3.  20.   9.]
 [  2.  11.  21.]]
cf_score, 46.0
nv_score, 2.0
ratio, 0.535353535354
[[ 14.  12.  11.]
 [  1.  21.   6.]
 [  2.  13.  20.]]
cf_score, 42.0
nv_score, -8.0
ratio, 0.555555555556
[[  8.  13.   6.]
 [  7.  22.   9.]
 [  2.  15.  18.]]
cf_score, 40.0
nv_score, -3.0
ratio, 0.484848484848
[[  4.  23.  10.]
 [  2.  17.  11.]
 [  2.  13.  18.]]
cf_score, 27.0
nv_score, -13.0
ratio, 0.393939393939
[[ 12.  16.   9.]
 [  2.  17.   4.]
 [  4.  12.  24.]]
cf_score, 40.0
nv_score, 2.0
ratio, 0.535353535354
[[ 14.  19.   7.]
 [  1.  21.   7.]
 [  4.  13.  14.]]
cf_score, 38.0
nv_score, -7.0
ratio, 0.494949494949
[[  9.  22.   6.]
 [  2.  20.   4.]
 [  5.  10.  22.]]
cf_score, 40.0
nv_score, 6.0
ratio, 0.515151515152
[[  8.  18.  10.]
 [  1.  19.  11.]
 [  3.  11.  19.]]
cf_score, 33.0
nv_score, -12.0
ratio, 0.464646464646
[[  4.  20.   6.]
 [  1.  27.   9.]
 [  2.  13.  18.]]
cf_score, 41.0
nv_score, -3.0
ratio, 0.494949494949
[[ 10.  17.  11.]
 [  4.  16.  10.]
 [  1.  14.  17.]]
cf_score, 31.0
nv_score, -15.0
ratio, 0.434343434343
[[  9.  15.   8.]
 [  0.  27.   7.]
 [  2.  15.  17.]]
cf_score, 43.0
nv_score, -6.0
ratio, 0.535353535354
[[ 17.  18.   5.]
 [  4.  18.   7.]
 [  3.  13.  15.]]
cf_score, 42.0
nv_score, -2.0
ratio, 0.505050505051
[[ 13.  22.   5.]
 [  0.  26.   4.]
 [  9.   8.  13.]]
cf_score, 38.0
nv_score, -1.0
ratio, 0.525252525253
[[  9.  19.   6.]
 [  2.  25.   6.]
 [  2.  17.  14.]]
cf_score, 40.0
nv_score, -4.0
ratio, 0.484848484848
[[ 11.  13.   3.]
 [  3.  23.  11.]
 [  9.  12.  15.]]
cf_score, 37.0
nv_score, -2.0
ratio, 0.494949494949
[[ 14.   9.   6.]
 [  1.  20.   6.]
 [  7.  18.  19.]]
cf_score, 40.0
nv_score, 1.0
ratio, 0.535353535354
[[  9.  15.   8.]
 [  1.  19.  12.]
 [  5.  14.  17.]]
cf_score, 32.0
nv_score, -11.0
ratio, 0.454545454545
[[ 13.  16.   5.]
 [  3.  19.  11.]
 [  5.   9.  19.]]
cf_score, 41.0
nv_score, -2.0
ratio, 0.515151515152
[[  4.  11.   9.]
 [  6.  24.  12.]
 [  2.  15.  17.]]
cf_score, 34.0
nv_score, -13.0
ratio, 0.454545454545
[[ 10.  17.   6.]
 [  1.  23.   5.]
 [  4.  18.  16.]]
cf_score, 39.0
nv_score, -1.0
ratio, 0.494949494949
[[ 15.  16.   8.]
 [  4.  20.   5.]
 [  3.  10.  19.]]
cf_score, 43.0
nv_score, -2.0
ratio, 0.545454545455
[[  9.  21.   8.]
 [  2.  22.   6.]
 [  4.  18.  10.]]
cf_score, 29.0
nv_score, -12.0
ratio, 0.414141414141
[[  7.  14.   3.]
 [  4.  26.   3.]
 [  3.  25.  15.]]
cf_score, 42.0
nv_score, 6.0
ratio, 0.484848484848
[[  5.  19.  10.]
 [  5.  17.   8.]
 [  4.  20.  12.]]
cf_score, 20.0
nv_score, -16.0
ratio, 0.343434343434
[[  6.  16.   7.]
 [  0.  22.  13.]
 [  1.  18.  17.]]
cf_score, 37.0
nv_score, -10.0
ratio, 0.454545454545
[[ 13.  20.   1.]
 [  2.  16.   9.]
 [  2.  21.  16.]]
cf_score, 42.0
nv_score, 5.0
ratio, 0.454545454545
[[ 11.   8.   5.]
 [  6.  24.   5.]
 [  6.  14.  21.]]
cf_score, 45.0
nv_score, 6.0
ratio, 0.565656565657
[[  9.  19.  10.]
 [  1.  22.   8.]
 [  2.  14.  15.]]
cf_score, 34.0
nv_score, -13.0
ratio, 0.464646464646
[[  7.  19.   5.]
 [  2.  30.   4.]
 [  1.  12.  20.]]
cf_score, 51.0
nv_score, 6.0
ratio, 0.575757575758
[[  2.  20.   5.]
 [  3.  25.  11.]
 [  2.  14.  18.]]
cf_score, 38.0
nv_score, -3.0
ratio, 0.454545454545
[[ 12.  15.   6.]
 [  1.  26.   6.]
 [  3.  18.  13.]]
cf_score, 42.0
nv_score, -5.0
ratio, 0.515151515152
[[  5.  18.   5.]
 [  1.  28.   9.]
 [  2.  14.  18.]]
cf_score, 44.0
nv_score, -1.0
ratio, 0.515151515152
[[ 12.  12.   5.]
 [  1.  24.  11.]
 [  5.  10.  20.]]
cf_score, 46.0
nv_score, -1.0
ratio, 0.565656565657
[[  6.  13.   6.]
 [  1.  24.   9.]
 [ 10.  13.  18.]]
cf_score, 32.0
nv_score, -3.0
ratio, 0.484848484848
[[ 10.  15.  10.]
 [  3.  19.   7.]
 [  2.  15.  19.]]
cf_score, 36.0
nv_score, -8.0
ratio, 0.484848484848
[[ 11.  18.   8.]
 [  6.  13.   8.]
 [  5.  11.  20.]]
cf_score, 31.0
nv_score, -4.0
ratio, 0.444444444444
[[  5.  17.  10.]
 [  2.  23.  12.]
 [  1.  11.  19.]]
cf_score, 36.0
nv_score, -13.0
ratio, 0.474747474747
[[  9.  16.   9.]
 [  2.  18.   9.]
 [  4.  16.  17.]]
cf_score, 31.0
nv_score, -10.0
ratio, 0.444444444444
[[  8.  19.   9.]
 [  2.  20.  10.]
 [  2.  14.  16.]]
cf_score, 33.0
nv_score, -12.0
ratio, 0.444444444444
[[  5.  17.   6.]
 [  1.  19.  13.]
 [  3.  13.  23.]]
cf_score, 38.0
nv_score, -2.0
ratio, 0.474747474747
[[ 10.  18.   7.]
 [  3.  17.  10.]
 [  3.  10.  22.]]
cf_score, 39.0
nv_score, -2.0
ratio, 0.494949494949
[[  6.  23.   6.]
 [  5.  16.   8.]
 [  2.  13.  21.]]
cf_score, 35.0
nv_score, 1.0
ratio, 0.434343434343
[[ 15.  11.   6.]
 [  0.  21.  13.]
 [  4.  14.  16.]]
cf_score, 42.0
nv_score, -9.0
ratio, 0.525252525253
[[ 12.  18.   5.]
 [  4.  20.   5.]
 [  2.  17.  17.]]
cf_score, 42.0
nv_score, 2.0
ratio, 0.494949494949
[[ 10.   8.   4.]
 [  4.  24.   9.]
 [  3.  20.  18.]]
cf_score, 45.0
nv_score, 1.0
ratio, 0.525252525253
[[ 11.  13.   5.]
 [  0.  24.  16.]
 [  1.  12.  18.]]
cf_score, 47.0
nv_score, -8.0
ratio, 0.535353535354
[[  9.  16.   5.]
 [  2.  27.   7.]
 [  4.  18.  12.]]
cf_score, 39.0
nv_score, -5.0
ratio, 0.484848484848
[[  8.  15.   7.]
 [  2.  21.   6.]
 [  7.  14.  20.]]
cf_score, 35.0
nv_score, 0.0
ratio, 0.494949494949
[[  8.  17.   7.]
 [  2.  14.   7.]
 [  1.  19.  25.]]
cf_score, 39.0
nv_score, 4.0
ratio, 0.474747474747
[[ 11.  14.   5.]
 [  0.  25.   4.]
 [  5.  17.  19.]]
cf_score, 45.0
nv_score, 5.0
ratio, 0.555555555556
[[  8.  13.   5.]
 [  0.  27.  13.]
 [  2.  12.  20.]]
cf_score, 48.0
nv_score, -3.0
ratio, 0.555555555556
[[ 11.  22.   6.]
 [  3.  19.   4.]
 [  2.  14.  19.]]
cf_score, 41.0
nv_score, 3.0
ratio, 0.494949494949
[[ 18.  17.   4.]
 [  3.  23.   7.]
 [  3.  14.  11.]]
cf_score, 45.0
nv_score, -4.0
ratio, 0.525252525253
[[  8.  21.   6.]
 [  0.  18.   5.]
 [  4.  16.  22.]]
cf_score, 38.0
nv_score, 5.0
ratio, 0.484848484848
[[  6.  24.   5.]
 [  1.  28.   8.]
 [  2.   6.  20.]]
cf_score, 47.0
nv_score, 2.0
ratio, 0.545454545455
[[ 10.  27.   7.]
 [  3.  22.   6.]
 [  1.  12.  12.]]
cf_score, 36.0
nv_score, -8.0
ratio, 0.444444444444
[[ 13.  18.   5.]
 [  3.  17.   8.]
 [  3.  13.  20.]]
cf_score, 42.0
nv_score, 2.0
ratio, 0.505050505051
[[ 10.  11.   6.]
 [  1.  25.   8.]
 [  5.  20.  14.]]
cf_score, 38.0
nv_score, -6.0
ratio, 0.494949494949
[[  7.  11.   7.]
 [  4.  19.  10.]
 [  0.  19.  23.]]
cf_score, 42.0
nv_score, -1.0
ratio, 0.494949494949
[[ 16.  15.   6.]
 [  2.  17.   6.]
 [  2.  14.  22.]]
cf_score, 47.0
nv_score, 4.0
ratio, 0.555555555556
[[  6.  21.   7.]
 [  1.  19.   9.]
 [  5.  13.  19.]]
cf_score, 32.0
nv_score, -4.0
ratio, 0.444444444444
[[  6.  15.   3.]
 [  1.  22.  14.]
 [  3.  16.  20.]]
cf_score, 42.0
nv_score, 0.0
ratio, 0.484848484848
[[ 12.  11.   5.]
 [  7.  21.  10.]
 [  6.  11.  17.]]
cf_score, 39.0
nv_score, -3.0
ratio, 0.505050505051
[[  6.  21.   3.]
 [  1.  20.  11.]
 [  3.  12.  23.]]
cf_score, 43.0
nv_score, 6.0
ratio, 0.494949494949
[[ 11.  13.   9.]
 [  0.  19.   8.]
 [  3.  14.  23.]]
cf_score, 41.0
nv_score, -3.0
ratio, 0.535353535354
[[ 10.  17.   9.]
 [  4.  21.   8.]
 [  2.  10.  19.]]
cf_score, 39.0
nv_score, -7.0
ratio, 0.505050505051
[[ 10.  20.   3.]
 [  2.  26.   8.]
 [  4.   9.  18.]]
cf_score, 47.0
nv_score, 4.0
ratio, 0.545454545455
[[ 11.  17.   8.]
 [  2.  16.  10.]
 [  5.  16.  15.]]
cf_score, 29.0
nv_score, -11.0
ratio, 0.424242424242
[[  6.  17.   7.]
 [  1.  21.  12.]
 [  4.  13.  19.]]
cf_score, 35.0
nv_score, -7.0
ratio, 0.464646464646
[[  9.  12.  10.]
 [  2.  24.   9.]
 [  1.  10.  23.]]
cf_score, 45.0
nv_score, -6.0
ratio, 0.565656565657
[[ 13.  20.   5.]
 [  4.  22.   5.]
 [  1.  18.  12.]]
cf_score, 41.0
nv_score, -3.0
ratio, 0.474747474747
[[ 12.  13.   7.]
 [  0.  29.   6.]
 [  6.  16.  11.]]
cf_score, 39.0
nv_score, -9.0
ratio, 0.525252525253
[[ 10.  12.   6.]
 [  4.  26.   5.]
 [  2.  20.  15.]]
cf_score, 43.0
nv_score, -2.0
ratio, 0.515151515152
[[  9.  14.   9.]
 [  1.  26.   8.]
 [  2.  13.  18.]]
cf_score, 42.0
nv_score, -8.0
ratio, 0.535353535354
[[  8.  12.   5.]
 [  3.  22.   9.]
 [  2.  16.  23.]]
cf_score, 46.0
nv_score, 4.0
ratio, 0.535353535354
[[  8.  12.  11.]
 [  1.  22.   9.]
 [  1.  17.  19.]]
cf_score, 37.0
nv_score, -12.0
ratio, 0.494949494949
[[ 12.  21.   6.]
 [  3.  21.   7.]
 [  3.  14.  13.]]
cf_score, 37.0
nv_score, -6.0
ratio, 0.464646464646
[[  7.  18.  10.]
 [  2.  15.  10.]
 [  1.  21.  16.]]
cf_score, 27.0
nv_score, -14.0
ratio, 0.383838383838
[[  6.  16.   2.]
 [  1.  27.   9.]
 [  8.   8.  23.]]
cf_score, 46.0
nv_score, 10.0
ratio, 0.565656565657
[[ 10.  16.   7.]
 [  2.  23.   6.]
 [  2.  13.  21.]]
cf_score, 45.0
nv_score, 1.0
ratio, 0.545454545455
[[  9.  14.  10.]
 [  8.  15.   6.]
 [  2.  18.  18.]]
cf_score, 30.0
nv_score, -8.0
ratio, 0.424242424242
[[  8.  22.   8.]
 [  0.  15.  11.]
 [  5.  15.  16.]]
cf_score, 26.0
nv_score, -11.0
ratio, 0.393939393939
[[ 10.  12.   9.]
 [  1.  23.  12.]
 [  1.  11.  21.]]
cf_score, 44.0
nv_score, -9.0
ratio, 0.545454545455
[[  6.  14.   6.]
 [  4.  24.   8.]
 [  2.  17.  19.]]
cf_score, 41.0
nv_score, -1.0
ratio, 0.494949494949
[[ 10.  19.   7.]
 [  2.  22.   7.]
 [  3.  14.  16.]]
cf_score, 38.0
nv_score, -5.0
ratio, 0.484848484848
[[ 13.  13.   5.]
 [  5.  22.   8.]
 [  1.  24.   9.]]
cf_score, 38.0
nv_score, -9.0
ratio, 0.444444444444
[[ 11.  17.   4.]
 [  3.  23.   7.]
 [  2.  11.  22.]]
cf_score, 50.0
nv_score, 7.0
ratio, 0.565656565657
[[  8.  12.   7.]
 [  1.  16.  10.]
 [  3.  17.  26.]]
cf_score, 40.0
nv_score, 2.0
ratio, 0.505050505051
[[  8.  16.   6.]
 [  2.  20.  11.]
 [  4.  16.  17.]]
cf_score, 35.0
nv_score, -6.0
ratio, 0.454545454545
[[  8.  27.   6.]
 [  1.  17.   8.]
 [  2.  16.  15.]]
cf_score, 32.0
nv_score, -5.0
ratio, 0.40404040404
[[  5.  12.   7.]
 [  3.  25.   6.]
 [  3.  16.  23.]]
cf_score, 43.0
nv_score, 3.0
ratio, 0.535353535354
[[  5.  13.   6.]
 [  3.  24.   7.]
 [  8.  15.  19.]]
cf_score, 34.0
nv_score, 0.0
ratio, 0.484848484848
[[  4.  11.   8.]
 [  3.  22.  16.]
 [  2.  13.  21.]]
cf_score, 37.0
nv_score, -11.0
ratio, 0.474747474747
[[ 10.  17.   9.]
 [  1.  17.   7.]
 [  4.  13.  22.]]
cf_score, 36.0
nv_score, -3.0
ratio, 0.494949494949
[[  8.  17.  15.]
 [  0.  19.   8.]
 [  2.  11.  20.]]
cf_score, 30.0
nv_score, -18.0
ratio, 0.474747474747
[[  4.  20.   5.]
 [  0.  24.   6.]
 [  8.  14.  19.]]
cf_score, 34.0
nv_score, 3.0
ratio, 0.474747474747
[[  7.  18.   9.]
 [  2.  24.   7.]
 [  4.  10.  19.]]
cf_score, 37.0
nv_score, -6.0
ratio, 0.505050505051
[[  6.  16.   7.]
 [  3.  29.   9.]
 [  5.   8.  17.]]
cf_score, 40.0
nv_score, -6.0
ratio, 0.525252525253
[[ 11.  17.  10.]
 [  2.  22.   3.]
 [  6.  10.  19.]]
cf_score, 36.0
nv_score, -4.0
ratio, 0.525252525253
[[  7.  15.   8.]
 [  0.  24.   8.]
 [  7.  16.  15.]]
cf_score, 31.0
nv_score, -9.0
ratio, 0.464646464646
[[ 11.  19.   3.]
 [  2.  20.  12.]
 [  4.  12.  17.]]
cf_score, 41.0
nv_score, -1.0
ratio, 0.484848484848
[[  4.  10.  12.]
 [  2.  17.  16.]
 [  6.  14.  19.]]
cf_score, 22.0
nv_score, -21.0
ratio, 0.40404040404
[[ 10.  16.   4.]
 [  0.  25.   9.]
 [  4.  10.  22.]]
cf_score, 49.0
nv_score, 5.0
ratio, 0.575757575758
[[  9.  21.   8.]
 [  0.  16.  12.]
 [  3.  16.  15.]]
cf_score, 29.0
nv_score, -13.0
ratio, 0.40404040404
[[ 13.  16.  11.]
 [  3.  19.  10.]
 [  0.  15.  13.]]
cf_score, 34.0
nv_score, -19.0
ratio, 0.454545454545
[[  6.  18.   4.]
 [  4.  19.  13.]
 [  2.  14.  20.]]
cf_score, 39.0
nv_score, -1.0
ratio, 0.454545454545
[[ 10.  18.   5.]
 [  2.  23.  10.]
 [  3.  15.  14.]]
cf_score, 39.0
nv_score, -6.0
ratio, 0.474747474747
[[  8.  16.   9.]
 [  3.  19.   6.]
 [  3.  16.  20.]]
cf_score, 35.0
nv_score, -4.0
ratio, 0.474747474747
[[ 16.  12.   8.]
 [  6.  13.   9.]
 [  6.  15.  15.]]
cf_score, 30.0
nv_score, -10.0
ratio, 0.444444444444
[[  8.  25.   8.]
 [  2.  19.  10.]
 [  4.   9.  15.]]
cf_score, 30.0
nv_score, -11.0
ratio, 0.424242424242
[[  6.  16.  10.]
 [  0.  27.  12.]
 [  5.  17.   7.]]
cf_score, 25.0
nv_score, -25.0
ratio, 0.40404040404
[[ 12.  14.   5.]
 [  1.  27.   6.]
 [  1.  16.  18.]]
cf_score, 51.0
nv_score, 2.0
ratio, 0.575757575758
[[ 10.  11.   9.]
 [  3.  22.   8.]
 [  0.  16.  21.]]
cf_score, 44.0
nv_score, -5.0
ratio, 0.535353535354
[[ 16.  11.   4.]
 [  4.  17.  11.]
 [ 10.  10.  17.]]
cf_score, 36.0
nv_score, -2.0
ratio, 0.505050505051
[[  9.  13.   5.]
 [  1.  21.   5.]
 [  4.  18.  24.]]
cf_score, 45.0
nv_score, 9.0
ratio, 0.545454545455
[[ 10.  19.   5.]
 [  0.  21.  13.]
 [  5.   8.  19.]]
cf_score, 40.0
nv_score, -4.0
ratio, 0.505050505051
[[ 11.  15.   3.]
 [  3.  25.   6.]
 [  3.  14.  20.]]
cf_score, 50.0
nv_score, 8.0
ratio, 0.565656565657
[[  7.  13.   7.]
 [  0.  27.  11.]
 [  7.  15.  13.]]
cf_score, 33.0
nv_score, -12.0
ratio, 0.474747474747
[[  8.  13.   6.]
 [  1.  24.  12.]
 [  2.   9.  25.]]
cf_score, 49.0
nv_score, 1.0
ratio, 0.575757575758
[[  8.  16.   8.]
 [  2.  24.   4.]
 [  4.  14.  20.]]
cf_score, 40.0
nv_score, 0.0
ratio, 0.525252525253
[[  9.  16.   6.]
 [  1.  23.   7.]
 [  5.  14.  19.]]
cf_score, 40.0
nv_score, 0.0
ratio, 0.515151515152
[[  9.  15.   7.]
 [  3.  25.  10.]
 [  3.  13.  15.]]
cf_score, 39.0
nv_score, -9.0
ratio, 0.494949494949
[[ 14.  19.   6.]
 [  4.  15.   7.]
 [  5.  15.  15.]]
cf_score, 33.0
nv_score, -4.0
ratio, 0.444444444444
[[ 10.  17.   3.]
 [  2.  18.  12.]
 [  2.  17.  19.]]
cf_score, 42.0
nv_score, 1.0
ratio, 0.474747474747
[[  7.   9.   3.]
 [  0.  30.   8.]
 [  4.  15.  24.]]
cf_score, 54.0
nv_score, 10.0
ratio, 0.616161616162
[[  8.  19.   6.]
 [  2.  13.   7.]
 [  7.  18.  20.]]
cf_score, 28.0
nv_score, 1.0
ratio, 0.414141414141
[[  5.  23.   7.]
 [  1.  25.   9.]
 [  2.  14.  14.]]
cf_score, 35.0
nv_score, -9.0
ratio, 0.444444444444
[[  3.  23.   5.]
 [  1.  25.  10.]
 [  3.  13.  17.]]
cf_score, 37.0
nv_score, -3.0
ratio, 0.454545454545
[[  9.  18.   7.]
 [  3.  19.  12.]
 [  0.  13.  19.]]
cf_score, 40.0
nv_score, -7.0
ratio, 0.474747474747
[[  8.  20.   7.]
 [  0.  24.   7.]
 [  5.   8.  21.]]
cf_score, 41.0
nv_score, 0.0
ratio, 0.535353535354
[[  6.   8.   4.]
 [  1.  23.  10.]
 [  5.  17.  26.]]
cf_score, 46.0
nv_score, 8.0
ratio, 0.555555555556
[[ 12.  11.   4.]
 [  2.  23.   5.]
 [  3.  15.  25.]]
cf_score, 53.0
nv_score, 12.0
ratio, 0.606060606061
[[ 11.  11.   9.]
 [  1.  14.  13.]
 [  4.  16.  21.]]
cf_score, 33.0
nv_score, -10.0
ratio, 0.464646464646
[[  6.  20.   6.]
 [  2.  18.  13.]
 [  4.  19.  12.]]
cf_score, 26.0
nv_score, -13.0
ratio, 0.363636363636
[[  6.  20.   5.]
 [  4.  23.  12.]
 [  4.  14.  12.]]
cf_score, 32.0
nv_score, -10.0
ratio, 0.414141414141
[[ 13.  12.   2.]
 [  2.  29.  10.]
 [  4.  11.  17.]]
cf_score, 53.0
nv_score, 3.0
ratio, 0.59595959596
[[ 10.  21.   9.]
 [  1.  20.   4.]
 [  3.  12.  20.]]
cf_score, 38.0
nv_score, -2.0
ratio, 0.505050505051
[[  7.  17.   3.]
 [  1.  28.   8.]
 [  3.  11.  22.]]
cf_score, 51.0
nv_score, 8.0
ratio, 0.575757575758
[[  7.  16.   4.]
 [  2.  28.   4.]
 [  1.  16.  22.]]
cf_score, 52.0
nv_score, 10.0
ratio, 0.575757575758
[[ 14.  11.   6.]
 [  3.  22.  10.]
 [  2.  14.  18.]]
cf_score, 46.0
nv_score, -4.0
ratio, 0.545454545455
[[ 14.  21.   5.]
 [  1.  28.   5.]
 [  4.  11.  11.]]
cf_score, 44.0
nv_score, -4.0
ratio, 0.535353535354
[[ 11.  16.   8.]
 [  1.  23.  13.]
 [  4.   8.  16.]]
cf_score, 38.0
nv_score, -13.0
ratio, 0.505050505051
[[  8.  12.   7.]
 [  1.  23.  13.]
 [  2.   7.  27.]]
cf_score, 49.0
nv_score, 0.0
ratio, 0.585858585859
[[ 13.  21.   6.]
 [  2.  18.   6.]
 [  3.   8.  23.]]
cf_score, 45.0
nv_score, 5.0
ratio, 0.545454545455
[[ 13.  18.   5.]
 [  4.  19.   1.]
 [  2.  24.  14.]]
cf_score, 39.0
nv_score, 3.0
ratio, 0.464646464646
[[  9.  22.   6.]
 [  3.  26.   1.]
 [  4.  13.  16.]]
cf_score, 41.0
nv_score, 3.0
ratio, 0.515151515152
[[  9.  22.  10.]
 [  2.  17.   7.]
 [  6.  17.  10.]]
cf_score, 20.0
nv_score, -17.0
ratio, 0.363636363636
[[  9.  18.   5.]
 [  3.  15.  10.]
 [  6.  13.  21.]]
cf_score, 34.0
nv_score, 1.0
ratio, 0.454545454545
[[  9.  17.   4.]
 [  2.  21.   7.]
 [  5.  15.  20.]]
cf_score, 41.0
nv_score, 5.0
ratio, 0.505050505051
[[  7.  14.   8.]
 [  1.  29.   6.]
 [  2.  18.  15.]]
cf_score, 41.0
nv_score, -7.0
ratio, 0.515151515152
[[ 13.  22.   4.]
 [  2.  18.  10.]
 [  3.  16.  12.]]
cf_score, 36.0
nv_score, -6.0
ratio, 0.434343434343
[[ 10.  22.   3.]
 [  2.  31.   3.]
 [  2.  14.  13.]]
cf_score, 49.0
nv_score, 4.0
ratio, 0.545454545455
[[ 15.  18.   6.]
 [  4.  16.   9.]
 [  5.   8.  19.]]
cf_score, 39.0
nv_score, -2.0
ratio, 0.505050505051
[[ 10.  15.   7.]
 [  4.  18.   8.]
 [  6.  14.  18.]]
cf_score, 33.0
nv_score, -4.0
ratio, 0.464646464646
[[  5.  18.   6.]
 [  2.  28.   8.]
 [  7.   8.  18.]]
cf_score, 38.0
nv_score, -2.0
ratio, 0.515151515152
[[ 10.  25.   7.]
 [  1.  13.   8.]
 [  5.  12.  19.]]
cf_score, 30.0
nv_score, -3.0
ratio, 0.424242424242
[[  8.  19.   6.]
 [  3.  20.  12.]
 [  3.  20.   9.]]
cf_score, 28.0
nv_score, -15.0
ratio, 0.373737373737
[[ 13.  20.   3.]
 [  2.  27.   8.]
 [  5.   7.  15.]]
cf_score, 47.0
nv_score, 1.0
ratio, 0.555555555556
[[  7.  18.   6.]
 [  0.  29.   8.]
 [  4.  16.  12.]]
cf_score, 38.0
nv_score, -8.0
ratio, 0.484848484848
[[ 11.  17.   4.]
 [  5.  20.  13.]
 [  7.  19.   4.]]
cf_score, 24.0
nv_score, -17.0
ratio, 0.353535353535
[[  8.  18.   8.]
 [  5.  21.  10.]
 [  5.   9.  16.]]
cf_score, 32.0
nv_score, -10.0
ratio, 0.454545454545
[[  7.  29.   4.]
 [  3.  16.   8.]
 [  4.  17.  12.]]
cf_score, 27.0
nv_score, -4.0
ratio, 0.353535353535
[[ 10.  20.   2.]
 [  1.  20.   8.]
 [  2.  18.  19.]]
cf_score, 45.0
nv_score, 7.0
ratio, 0.494949494949
[[  4.  14.   5.]
 [  4.  29.   6.]
 [  8.  14.  16.]]
cf_score, 36.0
nv_score, 0.0
ratio, 0.494949494949
[[  8.  19.   8.]
 [  1.  26.   5.]
 [  1.  17.  15.]]
cf_score, 40.0
nv_score, -6.0
ratio, 0.494949494949
[[ 10.  10.   4.]
 [  0.  25.  11.]
 [  3.  19.  18.]]
cf_score, 46.0
nv_score, -1.0
ratio, 0.535353535354
[[ 12.  14.   8.]
 [  0.  21.   8.]
 [  4.  14.  19.]]
cf_score, 40.0
nv_score, -5.0
ratio, 0.525252525253
[[ 11.  15.  10.]
 [  3.  20.   5.]
 [  2.  18.  16.]]
cf_score, 35.0
nv_score, -9.0
ratio, 0.474747474747
[[ 10.  22.   7.]
 [  1.  19.   9.]
 [  4.  16.  12.]]
cf_score, 30.0
nv_score, -11.0
ratio, 0.414141414141
[[  8.  15.   5.]
 [  1.  28.  10.]
 [  3.  12.  18.]]
cf_score, 46.0
nv_score, -2.0
ratio, 0.545454545455
[[ 15.  19.   3.]
 [  5.  19.   5.]
 [  2.  13.  19.]]
cf_score, 48.0
nv_score, 8.0
ratio, 0.535353535354
[[  5.  15.   7.]
 [  0.  30.  10.]
 [  6.  16.  11.]]
cf_score, 33.0
nv_score, -13.0
ratio, 0.464646464646
[[  6.  18.   8.]
 [  0.  22.   7.]
 [  1.  12.  26.]]
cf_score, 45.0
nv_score, 3.0
ratio, 0.545454545455
[[  9.  14.   7.]
 [  2.  19.   7.]
 [  7.  20.  15.]]
cf_score, 29.0
nv_score, -6.0
ratio, 0.434343434343
[[ 11.  17.   8.]
 [  4.  21.   8.]
 [  3.  12.  16.]]
cf_score, 37.0
nv_score, -8.0
ratio, 0.484848484848
[[  4.  15.  10.]
 [  5.  27.   9.]
 [  0.  13.  17.]]
cf_score, 38.0
nv_score, -12.0
ratio, 0.484848484848
[[  8.  25.   8.]
 [  2.  17.   6.]
 [  3.  16.  15.]]
cf_score, 29.0
nv_score, -7.0
ratio, 0.40404040404
[[ 10.  16.   7.]
 [  3.  24.   6.]
 [  3.  16.  15.]]
cf_score, 39.0
nv_score, -5.0
ratio, 0.494949494949
[[  9.  17.   3.]
 [  1.  20.   5.]
 [  3.  17.  25.]]
cf_score, 48.0
nv_score, 14.0
ratio, 0.545454545455
[[  3.  14.   4.]
 [  2.  21.  13.]
 [  1.  17.  25.]]
cf_score, 44.0
nv_score, 4.0
ratio, 0.494949494949
[[ 13.  13.   3.]
 [  1.  21.  10.]
 [  5.  18.  16.]]
cf_score, 42.0
nv_score, 0.0
ratio, 0.505050505051
[[  6.  23.   3.]
 [  0.  22.  16.]
 [  2.  11.  17.]]
cf_score, 40.0
nv_score, -5.0
ratio, 0.454545454545
[[  9.  22.   9.]
 [  0.  24.   4.]
 [  2.  15.  15.]]
cf_score, 37.0
nv_score, -7.0
ratio, 0.484848484848
[[ 11.  15.   7.]
 [  2.  20.  14.]
 [  1.  14.  16.]]
cf_score, 39.0
nv_score, -12.0
ratio, 0.474747474747
[[ 10.  17.   5.]
 [  1.  22.   8.]
 [  4.  17.  16.]]
cf_score, 39.0
nv_score, -2.0
ratio, 0.484848484848
[[  7.  17.   7.]
 [  0.  23.   7.]
 [  3.  14.  22.]]
cf_score, 42.0
nv_score, 1.0
ratio, 0.525252525253
[[ 10.  16.   7.]
 [  3.  27.   8.]
 [  1.  10.  18.]]
cf_score, 47.0
nv_score, -4.0
ratio, 0.555555555556
[[  1.  17.   7.]
 [  4.  22.   7.]
 [  2.  18.  22.]]
cf_score, 36.0
nv_score, 1.0
ratio, 0.454545454545
[[ 12.  17.   5.]
 [  3.  21.   4.]
 [  7.  15.  16.]]
cf_score, 37.0
nv_score, 2.0
ratio, 0.494949494949
[[  9.   9.   5.]
 [  1.  34.  10.]
 [  3.  17.  12.]]
cf_score, 47.0
nv_score, -8.0
ratio, 0.555555555556
[[ 16.  17.   8.]
 [  1.  19.   7.]
 [  8.  13.  11.]]
cf_score, 30.0
nv_score, -12.0
ratio, 0.464646464646
[[ 11.  20.   4.]
 [  0.  18.   5.]
 [  9.  17.  16.]]
cf_score, 32.0
nv_score, 3.0
ratio, 0.454545454545
[[  6.  28.   6.]
 [  0.  25.   6.]
 [  3.   8.  18.]]
cf_score, 40.0
nv_score, 0.0
ratio, 0.494949494949
[[ 10.  13.   7.]
 [  3.  19.  11.]
 [  3.  17.  17.]]
cf_score, 36.0
nv_score, -8.0
ratio, 0.464646464646
[[  9.  17.   5.]
 [  3.  21.   3.]
 [  5.  20.  17.]]
cf_score, 37.0
nv_score, 4.0
ratio, 0.474747474747
[[ 10.  21.   5.]
 [  3.  14.   8.]
 [  9.  21.   9.]]
cf_score, 19.0
nv_score, -9.0
ratio, 0.333333333333
[[  8.  10.   6.]
 [  1.  28.   7.]
 [  4.  21.  15.]]
cf_score, 41.0
nv_score, -4.0
ratio, 0.515151515152
[[  8.  16.  10.]
 [  2.  31.   8.]
 [  2.   8.  15.]]
cf_score, 42.0
nv_score, -13.0
ratio, 0.545454545455
[[ 11.  16.   3.]
 [  2.  26.  10.]
 [  5.  11.  16.]]
cf_score, 45.0
nv_score, 0.0
ratio, 0.535353535354
[[ 10.  14.   6.]
 [  3.  22.   6.]
 [  4.  17.  18.]]
cf_score, 40.0
nv_score, 0.0
ratio, 0.505050505051
[[  9.  13.   7.]
 [  6.  22.   7.]
 [  3.  13.  20.]]
cf_score, 41.0
nv_score, -1.0
ratio, 0.515151515152
[[ 16.  11.   3.]
 [  3.  21.  11.]
 [  1.  24.  10.]]
cf_score, 43.0
nv_score, -7.0
ratio, 0.474747474747
[[  4.  17.   4.]
 [  4.  21.  10.]
 [  6.  17.  17.]]
cf_score, 32.0
nv_score, -1.0
ratio, 0.424242424242
[[ 13.  10.   7.]
 [  0.  23.  10.]
 [  4.  15.  18.]]
cf_score, 43.0
nv_score, -6.0
ratio, 0.545454545455
[[ 13.   8.   5.]
 [  2.  31.   5.]
 [  9.  15.  12.]]
cf_score, 42.0
nv_score, -3.0
ratio, 0.565656565657
[[ 16.  13.   4.]
 [  1.  21.  11.]
 [  1.  22.  11.]]
cf_score, 43.0
nv_score, -8.0
ratio, 0.484848484848
[[  7.  16.  11.]
 [  3.  21.  10.]
 [  2.  17.  13.]]
cf_score, 28.0
nv_score, -19.0
ratio, 0.414141414141
[[  9.  11.   8.]
 [  1.  26.  11.]
 [  4.  14.  16.]]
cf_score, 39.0
nv_score, -11.0
ratio, 0.515151515152
[[ 13.  22.   7.]
 [  0.  27.   6.]
 [  1.  16.   8.]]
cf_score, 40.0
nv_score, -12.0
ratio, 0.484848484848
[[ 10.  19.   9.]
 [  2.  20.   5.]
 [  2.  17.  16.]]
cf_score, 35.0
nv_score, -7.0
ratio, 0.464646464646
[[  8.  14.   4.]
 [  1.  27.   7.]
 [  9.  15.  15.]]
cf_score, 37.0
nv_score, 0.0
ratio, 0.505050505051
[[  8.  24.   4.]
 [  2.  28.   3.]
 [  3.  12.  16.]]
cf_score, 45.0
nv_score, 5.0
ratio, 0.525252525253
[[ 15.  11.  12.]
 [  0.  19.  10.]
 [  1.  16.  16.]]
cf_score, 37.0
nv_score, -18.0
ratio, 0.505050505051
[[ 12.  26.   2.]
 [  4.  16.   6.]
 [  5.  15.  14.]]
cf_score, 35.0
nv_score, 4.0
ratio, 0.424242424242
[[  4.  24.   8.]
 [  3.  19.  12.]
 [  3.  15.  12.]]
cf_score, 24.0
nv_score, -16.0
ratio, 0.353535353535
[[ 12.  19.   5.]
 [  2.  29.   7.]
 [  2.  12.  12.]]
cf_score, 46.0
nv_score, -5.0
ratio, 0.535353535354
[[  9.  19.   5.]
 [  1.  16.  15.]
 [  5.  10.  20.]]
cf_score, 35.0
nv_score, -5.0
ratio, 0.454545454545
[[ 11.  21.   5.]
 [  1.  23.   8.]
 [  5.  13.  13.]]
cf_score, 37.0
nv_score, -5.0
ratio, 0.474747474747
[[  7.  15.   7.]
 [  2.  15.   4.]
 [  6.  21.  23.]]
cf_score, 32.0
nv_score, 5.0
ratio, 0.454545454545
[[  8.  19.   6.]
 [  2.  25.   5.]
 [  3.  12.  20.]]
cf_score, 44.0
nv_score, 3.0
ratio, 0.535353535354
[[ 11.  20.   7.]
 [  3.  18.  11.]
 [  4.  16.  10.]]
cf_score, 28.0
nv_score, -15.0
ratio, 0.393939393939
[[ 12.  19.   7.]
 [  1.  20.   7.]
 [  1.  12.  21.]]
cf_score, 45.0
nv_score, 0.0
ratio, 0.535353535354
[[ 12.  22.   9.]
 [  0.  21.  10.]
 [  6.   6.  14.]]
cf_score, 32.0
nv_score, -14.0
ratio, 0.474747474747
[[ 10.  17.   6.]
 [  0.  18.  12.]
 [  0.  16.  21.]]
cf_score, 43.0
nv_score, -3.0
ratio, 0.494949494949
[[  6.  17.   4.]
 [  4.  28.   5.]
 [  5.  13.  18.]]
cf_score, 43.0
nv_score, 5.0
ratio, 0.525252525253
[[  8.  14.   8.]
 [  0.  32.   6.]
 [  4.  10.  18.]]
cf_score, 46.0
nv_score, -4.0
ratio, 0.585858585859
[[  8.  15.   6.]
 [  4.  27.   8.]
 [  0.  22.  10.]]
cf_score, 39.0
nv_score, -10.0
ratio, 0.454545454545
[[  5.  16.   6.]
 [  0.  26.   7.]
 [  5.  17.  18.]]
cf_score, 38.0
nv_score, -1.0
ratio, 0.494949494949
[[ 12.  13.   6.]
 [  3.  23.   7.]
 [  1.  17.  18.]]
cf_score, 46.0
nv_score, -1.0
ratio, 0.535353535354
[[ 13.  16.   7.]
 [  2.  21.   7.]
 [  2.  10.  22.]]
cf_score, 47.0
nv_score, 1.0
ratio, 0.565656565657
[[  7.  19.   5.]
 [  1.  21.   7.]
 [  6.  15.  19.]]
cf_score, 36.0
nv_score, 2.0
ratio, 0.474747474747
[[  9.  24.   5.]
 [  3.  18.   4.]
 [  7.  15.  15.]]
cf_score, 30.0
nv_score, 1.0
ratio, 0.424242424242
[[  6.  13.  11.]
 [  1.  27.  13.]
 [  4.  11.  14.]]
cf_score, 32.0
nv_score, -21.0
ratio, 0.474747474747
[[ 15.  14.   4.]
 [  2.  27.   8.]
 [  4.  18.   8.]]
cf_score, 42.0
nv_score, -8.0
ratio, 0.505050505051
[[ 12.  20.   5.]
 [  0.  29.  10.]
 [  3.  11.  10.]]
cf_score, 43.0
nv_score, -10.0
ratio, 0.515151515152
[[ 10.  22.   6.]
 [  5.  18.  11.]
 [  3.   8.  17.]]
cf_score, 36.0
nv_score, -6.0
ratio, 0.454545454545
[[  8.  18.   2.]
 [  1.  28.  12.]
 [  3.  15.  13.]]
cf_score, 44.0
nv_score, -3.0
ratio, 0.494949494949
[[ 12.  17.   6.]
 [  0.  19.  11.]
 [  2.  11.  22.]]
cf_score, 45.0
nv_score, -1.0
ratio, 0.535353535354
[[  8.  16.   7.]
 [  2.  15.   9.]
 [  4.  24.  15.]]
cf_score, 27.0
nv_score, -8.0
ratio, 0.383838383838
[[ 13.  19.   6.]
 [  0.  23.   6.]
 [  2.  12.  19.]]
cf_score, 47.0
nv_score, 1.0
ratio, 0.555555555556
[[ 18.  13.   5.]
 [  2.  21.   8.]
 [  3.  15.  15.]]
cf_score, 46.0
nv_score, -3.0
ratio, 0.545454545455
[[  7.  19.   4.]
 [  6.  20.   7.]
 [  7.  19.  11.]]
cf_score, 27.0
nv_score, -4.0
ratio, 0.383838383838
[[  9.  12.   6.]
 [  3.  32.  13.]
 [  3.   5.  17.]]
cf_score, 49.0
nv_score, -8.0
ratio, 0.585858585859
[[ 13.  16.   3.]
 [  2.  18.   5.]
 [  8.  23.  12.]]
cf_score, 32.0
nv_score, 1.0
ratio, 0.434343434343
[[ 11.  17.   5.]
 [  2.  18.   7.]
 [  4.  18.  18.]]
cf_score, 38.0
nv_score, 1.0
ratio, 0.474747474747
[[  6.  18.   6.]
 [  3.  23.   8.]
 [  1.  19.  16.]]
cf_score, 38.0
nv_score, -4.0
ratio, 0.454545454545
[[ 10.  16.   6.]
 [  1.  23.   9.]
 [  3.  12.  20.]]
cf_score, 44.0
nv_score, -1.0
ratio, 0.535353535354
[[  7.  18.   9.]
 [  1.  21.   8.]
 [  5.  10.  21.]]
cf_score, 35.0
nv_score, -5.0
ratio, 0.494949494949
[[  8.  13.   9.]
 [  3.  24.   7.]
 [  6.  11.  19.]]
cf_score, 36.0
nv_score, -6.0
ratio, 0.515151515152
[[  9.  18.   7.]
 [  0.  25.   6.]
 [  3.  18.  14.]]
cf_score, 38.0
nv_score, -6.0
ratio, 0.484848484848
[[  8.  15.   4.]
 [  1.  22.  12.]
 [  3.  13.  22.]]
cf_score, 45.0
nv_score, 2.0
ratio, 0.525252525253
[[  6.  17.   2.]
 [  1.  25.   8.]
 [  2.  18.  21.]]
cf_score, 48.0
nv_score, 9.0
ratio, 0.525252525253
[[  4.  20.   7.]
 [  0.  16.  10.]
 [  1.  20.  22.]]
cf_score, 34.0
nv_score, -2.0
ratio, 0.424242424242
[[ 11.  14.   9.]
 [  4.  22.   8.]
 [  3.  12.  17.]]
cf_score, 38.0
nv_score, -9.0
ratio, 0.505050505051
[[  7.  19.   8.]
 [  4.  20.   8.]
 [  7.  13.  14.]]
cf_score, 26.0
nv_score, -10.0
ratio, 0.414141414141
[[  8.  17.   4.]
 [  4.  24.   7.]
 [  6.  19.  11.]]
cf_score, 33.0
nv_score, -4.0
ratio, 0.434343434343
[[ 14.  12.   8.]
 [  1.  23.   7.]
 [  3.  12.  20.]]
cf_score, 46.0
nv_score, -3.0
ratio, 0.575757575758
[[  2.  13.   5.]
 [  3.  27.  18.]
 [  7.  14.  11.]]
cf_score, 28.0
nv_score, -17.0
ratio, 0.40404040404
[[  8.  16.   6.]
 [  2.  19.   6.]
 [  3.  21.  19.]]
cf_score, 37.0
nv_score, 1.0
ratio, 0.464646464646
[[  8.  21.   6.]
 [  0.  31.  11.]
 [  0.   7.  16.]]
cf_score, 49.0
nv_score, -7.0
ratio, 0.555555555556
[[  9.  16.   7.]
 [  3.  31.   3.]
 [  2.  14.  15.]]
cf_score, 46.0
nv_score, -2.0
ratio, 0.555555555556
[[  8.  14.   6.]
 [  3.  23.   4.]
 [  5.  18.  19.]]
cf_score, 39.0
nv_score, 3.0
ratio, 0.505050505051
[[  9.  18.   8.]
 [  5.  14.   6.]
 [  2.  15.  23.]]
cf_score, 36.0
nv_score, 1.0
ratio, 0.464646464646
[[ 13.  22.   4.]
 [  2.  21.   4.]
 [  3.  15.  16.]]
cf_score, 43.0
nv_score, 4.0
ratio, 0.505050505051
[[  3.  19.   4.]
 [  1.  26.   8.]
 [  3.  18.  18.]]
cf_score, 40.0
nv_score, 2.0
ratio, 0.474747474747
[[ 11.  11.   7.]
 [  5.  19.   6.]
 [  3.  17.  21.]]
cf_score, 41.0
nv_score, 1.0
ratio, 0.515151515152
[[ 10.  19.   6.]
 [  1.  26.   8.]
 [  4.  13.  13.]]
cf_score, 39.0
nv_score, -7.0
ratio, 0.494949494949
[[  8.  17.   5.]
 [  1.  23.   5.]
 [  5.  18.  18.]]
cf_score, 39.0
nv_score, 3.0
ratio, 0.494949494949
[[  9.  19.   5.]
 [  6.  18.  11.]
 [  4.  16.  12.]]
cf_score, 30.0
nv_score, -9.0
ratio, 0.393939393939
[[ 12.  18.   3.]
 [  4.  22.  10.]
 [  2.  13.  16.]]
cf_score, 45.0
nv_score, 0.0
ratio, 0.505050505051
[[  9.  20.   7.]
 [  0.  20.   8.]
 [  5.  14.  17.]]
cf_score, 34.0
nv_score, -5.0
ratio, 0.464646464646
[[  6.   9.   9.]
 [  4.  24.   7.]
 [  7.  17.  17.]]
cf_score, 31.0
nv_score, -8.0
ratio, 0.474747474747
[[  4.  19.   7.]
 [  2.  19.  11.]
 [  5.  17.  16.]]
cf_score, 27.0
nv_score, -9.0
ratio, 0.393939393939
[[ 11.  20.   4.]
 [  0.  20.  14.]
 [  2.  13.  16.]]
cf_score, 41.0
nv_score, -6.0
ratio, 0.474747474747
[[ 11.  12.   8.]
 [  3.  28.   4.]
 [  5.  19.  10.]]
cf_score, 36.0
nv_score, -10.0
ratio, 0.494949494949
[[  8.  14.  10.]
 [  4.  23.   5.]
 [  1.  19.  16.]]
cf_score, 36.0
nv_score, -9.0
ratio, 0.474747474747
[[  7.  18.  10.]
 [  0.  21.  14.]
 [  4.  10.  16.]]
cf_score, 30.0
nv_score, -18.0
ratio, 0.444444444444
[[  9.  15.   1.]
 [  5.  19.   7.]
 [  3.  17.  24.]]
cf_score, 48.0
nv_score, 15.0
ratio, 0.525252525253
[[  6.   9.  10.]
 [  3.  24.  10.]
 [  3.  21.  14.]]
cf_score, 31.0
nv_score, -16.0
ratio, 0.444444444444
[[  9.  20.   9.]
 [  2.  27.   8.]
 [  0.   9.  16.]]
cf_score, 43.0
nv_score, -10.0
ratio, 0.525252525253
[[  7.  13.   3.]
 [  0.  34.  14.]
 [  0.  12.  17.]]
cf_score, 55.0
nv_score, -3.0
ratio, 0.585858585859
[[ 14.  12.   7.]
 [  2.  21.  16.]
 [  3.  12.  13.]]
cf_score, 38.0
nv_score, -17.0
ratio, 0.484848484848
[[ 11.  11.   9.]
 [  6.  17.   3.]
 [  5.  19.  19.]]
cf_score, 33.0
nv_score, -2.0
ratio, 0.474747474747
[[ 13.  12.   4.]
 [  2.  27.  12.]
 [  4.  13.  13.]]
cf_score, 45.0
nv_score, -7.0
ratio, 0.535353535354
[[ 13.  22.   3.]
 [  0.  15.   9.]
 [  8.  14.  16.]]
cf_score, 33.0
nv_score, 1.0
ratio, 0.444444444444
[[ 11.  13.   7.]
 [  1.  18.   7.]
 [  2.  25.  16.]]
cf_score, 36.0
nv_score, -5.0
ratio, 0.454545454545
[[  2.  20.  10.]
 [  0.  27.  10.]
 [  4.  15.  12.]]
cf_score, 27.0
nv_score, -18.0
ratio, 0.414141414141
[[ 13.  12.   2.]
 [  3.  31.   3.]
 [  8.  13.  15.]]
cf_score, 49.0
nv_score, 8.0
ratio, 0.59595959596
[[  8.  21.   3.]
 [  1.  22.  11.]
 [  1.  12.  21.]]
cf_score, 47.0
nv_score, 4.0
ratio, 0.515151515152
[[ 13.  15.   4.]
 [  5.  19.   5.]
 [  3.  20.  16.]]
cf_score, 41.0
nv_score, 3.0
ratio, 0.484848484848
[[  6.  27.   3.]
 [  0.  20.   9.]
 [  1.  15.  19.]]
cf_score, 41.0
nv_score, 4.0
ratio, 0.454545454545
[[  4.  17.   5.]
 [  2.  28.  10.]
 [  6.  13.  15.]]
cf_score, 36.0
nv_score, -5.0
ratio, 0.474747474747
[[ 13.  12.   6.]
 [  5.  19.   6.]
 [  3.  15.  21.]]
cf_score, 44.0
nv_score, 3.0
ratio, 0.535353535354
[[ 11.  19.   5.]
 [  3.  19.  13.]
 [  4.  13.  13.]]
cf_score, 34.0
nv_score, -10.0
ratio, 0.434343434343
[[  6.  16.   8.]
 [  2.  19.  11.]
 [  7.  12.  19.]]
cf_score, 29.0
nv_score, -8.0
ratio, 0.444444444444
[[ 11.  19.   4.]
 [  4.  29.   6.]
 [  4.  11.  12.]]
cf_score, 44.0
nv_score, -2.0
ratio, 0.525252525253
[[ 11.  15.   9.]
 [  3.  27.   9.]
 [  1.  15.  10.]]
cf_score, 38.0
nv_score, -17.0
ratio, 0.484848484848
[[ 10.  22.  13.]
 [  2.  18.   6.]
 [  3.   8.  18.]]
cf_score, 30.0
nv_score, -14.0
ratio, 0.464646464646
[[  7.  21.   3.]
 [  3.  25.   5.]
 [  2.  13.  21.]]
cf_score, 48.0
nv_score, 10.0
ratio, 0.535353535354
[[ 10.  18.   4.]
 [  3.  31.   6.]
 [  1.  10.  17.]]
cf_score, 53.0
nv_score, 3.0
ratio, 0.585858585859
[[  5.  20.   7.]
 [  2.  14.  16.]
 [  5.  14.  17.]]
cf_score, 24.0
nv_score, -13.0
ratio, 0.363636363636
[[ 15.  17.   7.]
 [  1.  20.  10.]
 [  1.  16.  13.]]
cf_score, 40.0
nv_score, -11.0
ratio, 0.484848484848
[[  6.  18.   5.]
 [  1.  23.   6.]
 [  6.  17.  18.]]
cf_score, 36.0
nv_score, 2.0
ratio, 0.474747474747
[[ 11.  19.   7.]
 [  1.  21.   5.]
 [  8.   9.  19.]]
cf_score, 36.0
nv_score, 0.0
ratio, 0.515151515152
[[ 11.  13.   6.]
 [  3.  21.   9.]
 [  1.  19.  17.]]
cf_score, 42.0
nv_score, -4.0
ratio, 0.494949494949
[[  5.  20.   4.]
 [  3.  25.   9.]
 [  2.  13.  19.]]
cf_score, 43.0
nv_score, 2.0
ratio, 0.494949494949
[[  9.  14.   5.]
 [  3.  30.  12.]
 [  4.   8.  15.]]
cf_score, 45.0
nv_score, -7.0
ratio, 0.545454545455
[[ 12.  16.   6.]
 [  1.  23.   4.]
 [  1.  21.  16.]]
cf_score, 44.0
nv_score, 0.0
ratio, 0.515151515152
[[ 13.  17.   5.]
 [  6.  27.   5.]
 [  4.  14.   9.]]
cf_score, 40.0
nv_score, -6.0
ratio, 0.494949494949
[[ 10.  21.   7.]
 [  0.  15.   8.]
 [  2.  16.  21.]]
cf_score, 37.0
nv_score, -1.0
ratio, 0.464646464646
[[  6.  17.  12.]
 [  2.  23.   8.]
 [  4.  12.  16.]]
cf_score, 29.0
nv_score, -16.0
ratio, 0.454545454545
[[ 14.  19.   5.]
 [  0.  24.   1.]
 [  4.  22.  11.]]
cf_score, 40.0
nv_score, 0.0
ratio, 0.494949494949
[[  5.  21.   4.]
 [  1.  23.  11.]
 [  3.  19.  13.]]
cf_score, 34.0
nv_score, -6.0
ratio, 0.414141414141
[[  8.  22.   4.]
 [  3.  22.   8.]
 [  1.  18.  14.]]
cf_score, 39.0
nv_score, -2.0
ratio, 0.444444444444
[[  7.  14.   5.]
 [  3.  26.   6.]
 [  2.  14.  23.]]
cf_score, 49.0
nv_score, 7.0
ratio, 0.565656565657
[[  6.  22.   9.]
 [  0.  17.   4.]
 [  0.  14.  28.]]
cf_score, 42.0
nv_score, 6.0
ratio, 0.515151515152
[[  8.  14.   3.]
 [  2.  22.   9.]
 [  4.  17.  21.]]
cf_score, 44.0
nv_score, 6.0
ratio, 0.515151515152
[[  8.  22.   4.]
 [  1.  28.   9.]
 [  3.  14.  11.]]
cf_score, 40.0
nv_score, -6.0
ratio, 0.474747474747
[[ 13.  17.   7.]
 [  3.  18.  13.]
 [  3.  12.  14.]]
cf_score, 35.0
nv_score, -13.0
ratio, 0.454545454545
[[ 14.  14.   7.]
 [  2.  23.   7.]
 [  4.  15.  14.]]
cf_score, 40.0
nv_score, -7.0
ratio, 0.515151515152
[[  9.  17.   4.]
 [  1.  20.   4.]
 [  5.  23.  17.]]
cf_score, 37.0
nv_score, 5.0
ratio, 0.464646464646
[[  8.  16.  10.]
 [  2.  19.  12.]
 [  3.  15.  15.]]
cf_score, 29.0
nv_score, -17.0
ratio, 0.424242424242
[[ 11.  19.   9.]
 [  4.  18.  11.]
 [  4.  11.  13.]]
cf_score, 29.0
nv_score, -16.0
ratio, 0.424242424242
[[ 11.  18.   1.]
 [  2.  15.  12.]
 [  4.  20.  17.]]
cf_score, 38.0
nv_score, 3.0
ratio, 0.434343434343
[[  3.  14.   8.]
 [  2.  26.   9.]
 [  2.  18.  18.]]
cf_score, 37.0
nv_score, -7.0
ratio, 0.474747474747
[[ 11.  20.   5.]
 [  2.  19.   9.]
 [  4.  16.  14.]]
cf_score, 35.0
nv_score, -5.0
ratio, 0.444444444444
[[ 10.  18.   9.]
 [  1.  23.   5.]
 [  2.  21.  11.]]
cf_score, 33.0
nv_score, -12.0
ratio, 0.444444444444
[[  6.  19.   6.]
 [  2.  22.  13.]
 [  6.   9.  17.]]
cf_score, 33.0
nv_score, -8.0
ratio, 0.454545454545
[[  6.  23.   3.]
 [  2.  24.   6.]
 [  4.  15.  17.]]
cf_score, 40.0
nv_score, 5.0
ratio, 0.474747474747
[[  8.   8.   4.]
 [  4.  29.   5.]
 [  6.  23.  13.]]
cf_score, 40.0
nv_score, 0.0
ratio, 0.505050505051
[[  7.  21.   9.]
 [  2.  23.   9.]
 [  3.  13.  13.]]
cf_score, 31.0
nv_score, -14.0
ratio, 0.434343434343
[[  8.  18.   2.]
 [  4.  19.   2.]
 [  9.  26.  12.]]
cf_score, 28.0
nv_score, 6.0
ratio, 0.393939393939
[[ 12.  17.   3.]
 [  2.  20.   8.]
 [  7.  13.  18.]]
cf_score, 40.0
nv_score, 4.0
ratio, 0.505050505051
[[ 18.  13.   8.]
 [  2.  21.   3.]
 [  2.  18.  15.]]
cf_score, 44.0
nv_score, -4.0
ratio, 0.545454545455
[[  8.  19.   6.]
 [  2.  17.  10.]
 [  5.  10.  23.]]
cf_score, 37.0
nv_score, 1.0
ratio, 0.484848484848
[[  8.  21.   3.]
 [  2.  19.   9.]
 [  3.  18.  17.]]
cf_score, 38.0
nv_score, 2.0
ratio, 0.444444444444
[[  9.  17.   6.]
 [  1.  23.  12.]
 [  4.  13.  15.]]
cf_score, 37.0
nv_score, -9.0
ratio, 0.474747474747
[[  8.  16.   8.]
 [  1.  24.   9.]
 [  1.  16.  17.]]
cf_score, 40.0
nv_score, -8.0
ratio, 0.494949494949
[[ 14.  15.   6.]
 [  0.  24.   9.]
 [  2.  18.  12.]]
cf_score, 42.0
nv_score, -9.0
ratio, 0.505050505051
[[  9.  11.   6.]
 [  2.  22.   9.]
 [  3.  19.  19.]]
cf_score, 41.0
nv_score, -2.0
ratio, 0.505050505051
[[  6.  18.   4.]
 [  3.  28.  11.]
 [  4.  15.  11.]]
cf_score, 37.0
nv_score, -8.0
ratio, 0.454545454545
[[  5.  11.   7.]
 [  1.  29.   9.]
 [  4.  19.  15.]]
cf_score, 38.0
nv_score, -8.0
ratio, 0.494949494949
[[  7.  19.   4.]
 [  0.  33.   3.]
 [  9.  12.  13.]]
cf_score, 40.0
nv_score, 2.0
ratio, 0.535353535354
[[ 12.  20.   6.]
 [  4.  27.   7.]
 [  2.  11.  11.]]
cf_score, 42.0
nv_score, -8.0
ratio, 0.505050505051
[[  4.  23.   3.]
 [  3.  18.   9.]
 [  0.  24.  16.]]
cf_score, 35.0
nv_score, 1.0
ratio, 0.383838383838
[[ 10.  16.   8.]
 [  3.  24.   6.]
 [  3.  12.  18.]]
cf_score, 41.0
nv_score, -4.0
ratio, 0.525252525253
[[  9.  11.  12.]
 [  3.  24.   5.]
 [  4.  14.  18.]]
cf_score, 35.0
nv_score, -11.0
ratio, 0.515151515152
[[  8.  18.   8.]
 [  0.  15.  10.]
 [  5.  17.  19.]]
cf_score, 29.0
nv_score, -7.0
ratio, 0.424242424242
[[ 10.  19.   6.]
 [  1.  19.   4.]
 [  3.  15.  23.]]
cf_score, 43.0
nv_score, 7.0
ratio, 0.525252525253
[[  7.  23.   2.]
 [  1.  30.   9.]
 [  2.   9.  17.]]
cf_score, 50.0
nv_score, 4.0
ratio, 0.545454545455
[[ 12.  17.   3.]
 [  3.  23.  12.]
 [  3.  15.  12.]]
cf_score, 41.0
nv_score, -6.0
ratio, 0.474747474747
[[  7.  15.   3.]
 [  3.  19.   9.]
 [  5.  23.  16.]]
cf_score, 34.0
nv_score, 1.0
ratio, 0.424242424242
[[  9.  10.   7.]
 [  2.  21.   8.]
 [  7.  17.  19.]]
cf_score, 35.0
nv_score, -3.0
ratio, 0.494949494949
[[  8.  18.   8.]
 [  1.  25.   8.]
 [  0.  14.  18.]]
cf_score, 43.0
nv_score, -6.0
ratio, 0.515151515152
[[ 13.  17.   5.]
 [  1.  28.   5.]
 [  5.  12.  14.]]
cf_score, 45.0
nv_score, -1.0
ratio, 0.555555555556
[[  7.  15.   7.]
 [  5.  19.   8.]
 [  3.  12.  24.]]
cf_score, 40.0
nv_score, 2.0
ratio, 0.505050505051
[[ 11.  23.   3.]
 [  0.  21.  10.]
 [  4.  14.  14.]]
cf_score, 39.0
nv_score, -2.0
ratio, 0.464646464646
[[  7.  18.   5.]
 [  0.  29.   7.]
 [  3.  16.  15.]]
cf_score, 43.0
nv_score, -2.0
ratio, 0.515151515152
[[  3.  18.   7.]
 [  2.  24.   8.]
 [  5.  13.  20.]]
cf_score, 35.0
nv_score, -2.0
ratio, 0.474747474747
[[ 14.  16.   5.]
 [  0.  23.   8.]
 [  1.  16.  17.]]
cf_score, 48.0
nv_score, -1.0
ratio, 0.545454545455
[[  7.  20.   4.]
 [  3.  25.   4.]
 [  3.  18.  16.]]
cf_score, 41.0
nv_score, 4.0
ratio, 0.484848484848
[[  9.  16.   9.]
 [  3.  28.  10.]
 [  5.  11.   9.]]
cf_score, 32.0
nv_score, -19.0
ratio, 0.464646464646
[[ 11.  15.  12.]
 [  1.  22.   8.]
 [  1.  14.  16.]]
cf_score, 36.0
nv_score, -16.0
ratio, 0.494949494949
[[ 13.  22.   9.]
 [  1.  18.   9.]
 [  3.  13.  12.]]
cf_score, 31.0
nv_score, -15.0
ratio, 0.434343434343
[[  8.  19.   8.]
 [  4.  22.   8.]
 [  2.  14.  15.]]
cf_score, 35.0
nv_score, -9.0
ratio, 0.454545454545
[[ 13.  18.   6.]
 [  1.  27.  11.]
 [  3.  10.  11.]]
cf_score, 42.0
nv_score, -12.0
ratio, 0.515151515152
[[  7.  15.   5.]
 [  3.  30.   4.]
 [  7.  16.  13.]]
cf_score, 38.0
nv_score, -1.0
ratio, 0.505050505051
[[ 14.  20.   5.]
 [  3.  22.   8.]
 [  3.  12.  13.]]
cf_score, 41.0
nv_score, -5.0
ratio, 0.494949494949
[[  8.  18.   4.]
 [  0.  27.   9.]
 [  2.  10.  22.]]
cf_score, 51.0
nv_score, 5.0
ratio, 0.575757575758
[[  8.  17.   5.]
 [  5.  25.   5.]
 [  2.  17.  16.]]
cf_score, 42.0
nv_score, 1.0
ratio, 0.494949494949
[[  7.  17.   8.]
 [  1.  22.   8.]
 [  0.  15.  22.]]
cf_score, 43.0
nv_score, -2.0
ratio, 0.515151515152
[[ 12.  12.   6.]
 [  4.  28.   6.]
 [  8.  10.  14.]]
cf_score, 40.0
nv_score, -4.0
ratio, 0.545454545455
[[  6.  20.   8.]
 [  2.  20.   6.]
 [  3.  14.  21.]]
cf_score, 36.0
nv_score, -1.0
ratio, 0.474747474747
[[  5.  18.   7.]
 [  2.  25.   9.]
 [  4.  15.  15.]]
cf_score, 34.0
nv_score, -8.0
ratio, 0.454545454545
[[  7.  18.   2.]
 [  2.  26.  10.]
 [  2.  16.  17.]]
cf_score, 46.0
nv_score, 3.0
ratio, 0.505050505051
[[  5.  16.   6.]
 [  4.  22.   9.]
 [  2.  16.  20.]]
cf_score, 39.0
nv_score, -1.0
ratio, 0.474747474747
[[  7.  22.   8.]
 [  1.  19.  13.]
 [  1.  12.  17.]]
cf_score, 34.0
nv_score, -12.0
ratio, 0.434343434343
[[ 14.  20.   8.]
 [  1.  22.   6.]
 [  2.  11.  16.]]
cf_score, 42.0
nv_score, -6.0
ratio, 0.525252525253
[[  5.  23.   9.]
 [  4.  15.   9.]
 [  0.  12.  23.]]
cf_score, 34.0
nv_score, -4.0
ratio, 0.434343434343
[[ 10.  20.   9.]
 [  0.  26.   8.]
 [  4.   5.  18.]]
cf_score, 41.0
nv_score, -8.0
ratio, 0.545454545455
[[ 12.  13.   4.]
 [  2.  25.   6.]
 [  6.  10.  22.]]
cf_score, 49.0
nv_score, 8.0
ratio, 0.59595959596
[[ 13.  15.   8.]
 [  1.  26.   8.]
 [  5.  14.  10.]]
cf_score, 36.0
nv_score, -14.0
ratio, 0.494949494949
[[  8.  15.   7.]
 [  2.  22.   5.]
 [  3.  18.  20.]]
cf_score, 40.0
nv_score, 1.0
ratio, 0.505050505051
[[ 11.  19.   3.]
 [  1.  16.  10.]
 [  3.  20.  17.]]
cf_score, 38.0
nv_score, 1.0
ratio, 0.444444444444
[[ 12.  18.   4.]
 [  1.  22.   9.]
 [  4.  11.  19.]]
cf_score, 45.0
nv_score, 2.0
ratio, 0.535353535354
[[ 12.  18.   4.]
 [  2.  28.   3.]
 [  2.   8.  23.]]
cf_score, 57.0
nv_score, 12.0
ratio, 0.636363636364
[[  6.  12.  13.]
 [  2.  18.  13.]
 [  4.  13.  19.]]
cf_score, 26.0
nv_score, -20.0
ratio, 0.434343434343
[[ 13.  10.   6.]
 [  2.  30.   5.]
 [  3.  12.  19.]]
cf_score, 53.0
nv_score, 2.0
ratio, 0.626262626263
[[ 13.  13.   5.]
 [  1.  26.   7.]
 [  5.  12.  18.]]
cf_score, 47.0
nv_score, 1.0
ratio, 0.575757575758
[[ 11.  18.   5.]
 [  0.  21.  12.]
 [  3.  20.  10.]]
cf_score, 34.0
nv_score, -12.0
ratio, 0.424242424242
[[  5.  23.   3.]
 [  4.  23.   9.]
 [  2.  14.  17.]]
cf_score, 40.0
nv_score, 2.0
ratio, 0.454545454545
[[  6.  25.   5.]
 [  3.  22.   4.]
 [  2.   8.  25.]]
cf_score, 46.0
nv_score, 11.0
ratio, 0.535353535354
[[  9.  16.   4.]
 [  3.  25.   5.]
 [  3.  14.  21.]]
cf_score, 48.0
nv_score, 8.0
ratio, 0.555555555556
[[ 10.  11.   8.]
 [  1.  21.   5.]
 [  3.  17.  24.]]
cf_score, 44.0
nv_score, 3.0
ratio, 0.555555555556
[[  4.  14.   9.]
 [  2.  15.  10.]
 [  4.  19.  23.]]
cf_score, 29.0
nv_score, -5.0
ratio, 0.424242424242
[[ 10.  11.   7.]
 [  3.  27.   6.]
 [  3.  18.  15.]]
cf_score, 42.0
nv_score, -5.0
ratio, 0.525252525253
[[  9.  19.   9.]
 [  2.  25.   5.]
 [  2.  13.  16.]]
cf_score, 39.0
nv_score, -7.0
ratio, 0.505050505051
[[  4.  22.   2.]
 [  1.  21.  13.]
 [  1.  17.  19.]]
cf_score, 41.0
nv_score, 2.0
ratio, 0.444444444444
[[ 10.  16.   3.]
 [  2.  23.   9.]
 [  6.  14.  17.]]
cf_score, 41.0
nv_score, 2.0
ratio, 0.505050505051
[[ 13.  17.   7.]
 [  2.  25.   8.]
 [  2.  11.  15.]]
cf_score, 44.0
nv_score, -7.0
ratio, 0.535353535354
[[ 10.  11.   5.]
 [  3.  23.   4.]
 [  6.  22.  16.]]
cf_score, 38.0
nv_score, 2.0
ratio, 0.494949494949
[[  8.  23.   3.]
 [  0.  19.   8.]
 [  5.  21.  13.]]
cf_score, 32.0
nv_score, -1.0
ratio, 0.40404040404
[[  6.  24.   5.]
 [  1.  19.   5.]
 [  1.  16.  23.]]
cf_score, 42.0
nv_score, 8.0
ratio, 0.484848484848
[[ 10.  16.   8.]
 [  1.  19.  12.]
 [  4.  14.  16.]]
cf_score, 33.0
nv_score, -12.0
ratio, 0.454545454545
[[  9.  12.   8.]
 [  1.  21.  13.]
 [  2.  14.  20.]]
cf_score, 40.0
nv_score, -9.0
ratio, 0.505050505051
[[ 13.  14.   5.]
 [  4.  24.   5.]
 [  4.  13.  18.]]
cf_score, 46.0
nv_score, 3.0
ratio, 0.555555555556
[[  9.  16.   6.]
 [  2.  22.  11.]
 [  4.  10.  20.]]
cf_score, 41.0
nv_score, -3.0
ratio, 0.515151515152
[[  6.  17.   7.]
 [  1.  23.   7.]
 [  4.  13.  22.]]
cf_score, 40.0
nv_score, 1.0
ratio, 0.515151515152
[[ 13.  17.   5.]
 [  0.  22.  11.]
 [  2.  14.  16.]]
cf_score, 44.0
nv_score, -5.0
ratio, 0.515151515152
[[ 12.  21.   9.]
 [  1.  31.   2.]
 [  3.  10.  11.]]
cf_score, 42.0
nv_score, -9.0
ratio, 0.545454545455
[[ 14.  14.   3.]
 [  2.  22.   6.]
 [  5.  16.  18.]]
cf_score, 46.0
nv_score, 6.0
ratio, 0.545454545455
[[ 12.  12.   7.]
 [  1.  17.  15.]
 [  1.  14.  21.]]
cf_score, 42.0
nv_score, -8.0
ratio, 0.505050505051
[[  8.  17.   3.]
 [  1.  18.  10.]
 [  5.  21.  17.]]
cf_score, 35.0
nv_score, 1.0
ratio, 0.434343434343
[[  6.  18.   7.]
 [  2.  24.   7.]
 [  2.  17.  17.]]
cf_score, 38.0
nv_score, -4.0
ratio, 0.474747474747
[[  5.  20.   8.]
 [  1.  22.   6.]
 [  3.  15.  20.]]
cf_score, 36.0
nv_score, -2.0
ratio, 0.474747474747
[[  6.  12.  10.]
 [  6.  16.  12.]
 [  2.  16.  20.]]
cf_score, 30.0
nv_score, -12.0
ratio, 0.424242424242
[[  6.  19.   6.]
 [  1.  14.  10.]
 [  2.  18.  24.]]
cf_score, 36.0
nv_score, 2.0
ratio, 0.444444444444
[[ 10.  12.  10.]
 [  5.  18.   9.]
 [  4.  16.  16.]]
cf_score, 30.0
nv_score, -13.0
ratio, 0.444444444444
[[ 11.  14.   6.]
 [  1.  27.   8.]
 [  5.  14.  14.]]
cf_score, 41.0
nv_score, -6.0
ratio, 0.525252525253
[[  7.  12.   6.]
 [  0.  16.   8.]
 [  5.  22.  24.]]
cf_score, 36.0
nv_score, 4.0
ratio, 0.474747474747
[[  6.  14.   5.]
 [  0.  22.  12.]
 [  5.  13.  23.]]
cf_score, 41.0
nv_score, 1.0
ratio, 0.515151515152
[[  8.  15.   5.]
 [  0.  24.   6.]
 [  0.  19.  23.]]
cf_score, 50.0
nv_score, 7.0
ratio, 0.555555555556
[[  5.  21.   5.]
 [  0.  19.   8.]
 [  0.  21.  21.]]
cf_score, 40.0
nv_score, 3.0
ratio, 0.454545454545
[[  4.  16.   7.]
 [  1.  21.   9.]
 [  6.  18.  18.]]
cf_score, 30.0
nv_score, -5.0
ratio, 0.434343434343
[[  5.  23.   8.]
 [  2.  22.   6.]
 [  4.  10.  20.]]
cf_score, 35.0
nv_score, -2.0
ratio, 0.474747474747
[[ 13.  13.   5.]
 [  2.  22.   8.]
 [  1.  21.  15.]]
cf_score, 44.0
nv_score, -3.0
ratio, 0.505050505051
[[  6.  24.   4.]
 [  0.  23.   7.]
 [  1.  13.  22.]]
cf_score, 46.0
nv_score, 7.0
ratio, 0.515151515152
[[  8.  18.   7.]
 [  1.  23.   5.]
 [  4.  14.  20.]]
cf_score, 40.0
nv_score, 1.0
ratio, 0.515151515152
[[ 18.  15.   5.]
 [  3.  20.   4.]
 [  3.  14.  18.]]
cf_score, 48.0
nv_score, 4.0
ratio, 0.565656565657
[[  9.  19.   4.]
 [  1.  29.   2.]
 [  3.  17.  16.]]
cf_score, 47.0
nv_score, 6.0
ratio, 0.545454545455
[[ 14.  15.   3.]
 [  1.  26.  10.]
 [  3.  13.  15.]]
cf_score, 49.0
nv_score, -1.0
ratio, 0.555555555556
[[  4.  16.   6.]
 [  5.  33.   6.]
 [  2.  14.  14.]]
cf_score, 43.0
nv_score, -4.0
ratio, 0.515151515152
[[  9.  21.   1.]
 [  4.  23.  13.]
 [  4.  15.  10.]]
cf_score, 37.0
nv_score, -5.0
ratio, 0.424242424242
[[ 13.  21.   9.]
 [  1.  17.   8.]
 [  3.  12.  16.]]
cf_score, 34.0
nv_score, -10.0
ratio, 0.464646464646
[[  6.  15.   8.]
 [  1.  24.  13.]
 [  1.  18.  14.]]
cf_score, 35.0
nv_score, -15.0
ratio, 0.444444444444
[[  5.  27.   4.]
 [  2.  21.   8.]
 [  1.  20.  12.]]
cf_score, 33.0
nv_score, -4.0
ratio, 0.383838383838
[[ 10.   6.   7.]
 [  2.  31.  12.]
 [  1.  20.  11.]]
cf_score, 44.0
nv_score, -15.0
ratio, 0.525252525253
[[  7.  16.  10.]
 [  1.  17.  10.]
 [  3.  13.  23.]]
cf_score, 34.0
nv_score, -7.0
ratio, 0.474747474747
[[ 14.  20.   6.]
 [  4.  15.  11.]
 [  2.  12.  16.]]
cf_score, 37.0
nv_score, -7.0
ratio, 0.454545454545
[[ 12.  16.   7.]
 [  1.  26.  10.]
 [  2.  13.  13.]]
cf_score, 42.0
nv_score, -11.0
ratio, 0.515151515152
[[  6.  20.   9.]
 [  3.  18.   7.]
 [  4.  16.  17.]]
cf_score, 28.0
nv_score, -8.0
ratio, 0.414141414141
[[ 12.   9.   8.]
 [  0.  31.   9.]
 [  3.  11.  17.]]
cf_score, 49.0
nv_score, -8.0
ratio, 0.606060606061
[[  4.  16.   5.]
 [  6.  23.   8.]
 [  2.  11.  25.]]
cf_score, 45.0
nv_score, 7.0
ratio, 0.525252525253
[[ 10.  26.   4.]
 [  0.  22.   5.]
 [  2.  13.  18.]]
cf_score, 44.0
nv_score, 5.0
ratio, 0.505050505051
[[ 12.  12.   7.]
 [  1.  26.   7.]
 [  3.  13.  19.]]
cf_score, 47.0
nv_score, -2.0
ratio, 0.575757575758
[[  4.  20.   6.]
 [  1.  18.   5.]
 [  3.  22.  21.]]
cf_score, 34.0
nv_score, 4.0
ratio, 0.434343434343
[[ 10.  11.  10.]
 [  0.  27.   2.]
 [  6.  13.  21.]]
cf_score, 42.0
nv_score, -1.0
ratio, 0.585858585859
[[  9.  15.  10.]
 [  0.  28.  11.]
 [  4.  11.  12.]]
cf_score, 35.0
nv_score, -19.0
ratio, 0.494949494949
[[ 10.  12.   6.]
 [  1.  18.   6.]
 [  7.  13.  27.]]
cf_score, 42.0
nv_score, 9.0
ratio, 0.555555555556
[[  7.  18.   3.]
 [  1.  29.  12.]
 [  1.  12.  17.]]
cf_score, 49.0
nv_score, -1.0
ratio, 0.535353535354
[[  6.  17.   3.]
 [  0.  27.   4.]
 [  4.  24.  15.]]
cf_score, 41.0
nv_score, 5.0
ratio, 0.484848484848
[[ 14.   9.   8.]
 [  1.  18.  13.]
 [  1.  15.  21.]]
cf_score, 44.0
nv_score, -8.0
ratio, 0.535353535354
[[  4.  10.   3.]
 [  3.  29.   7.]
 [  2.  24.  18.]]
cf_score, 46.0
nv_score, 5.0
ratio, 0.515151515152
[[  7.  21.   6.]
 [  0.  27.   5.]
 [  5.  12.  17.]]
cf_score, 40.0
nv_score, 0.0
ratio, 0.515151515152
[[ 13.  14.   8.]
 [  1.  18.   9.]
 [  2.  13.  22.]]
cf_score, 43.0
nv_score, -3.0
ratio, 0.535353535354
[[  6.  16.   7.]
 [  0.  28.  12.]
 [  1.  16.  14.]]
cf_score, 40.0
nv_score, -12.0
ratio, 0.484848484848
[[  7.  15.   6.]
 [  1.  23.   9.]
 [  5.  17.  17.]]
cf_score, 36.0
nv_score, -4.0
ratio, 0.474747474747
[[  6.  11.   6.]
 [  4.  20.  12.]
 [  0.  22.  19.]]
cf_score, 39.0
nv_score, -5.0
ratio, 0.454545454545
[[  8.  17.   7.]
 [  2.  18.  10.]
 [  2.  14.  22.]]
cf_score, 39.0
nv_score, -2.0
ratio, 0.484848484848
[[  6.  18.   5.]
 [  2.  28.   9.]
 [  6.  10.  16.]]
cf_score, 39.0
nv_score, -3.0
ratio, 0.505050505051
[[  8.  18.   7.]
 [  1.  28.  11.]
 [  3.  11.  13.]]
cf_score, 39.0
nv_score, -12.0
ratio, 0.494949494949
[[  8.  16.   1.]
 [  0.  31.  11.]
 [  3.  14.  16.]]
cf_score, 51.0
nv_score, 3.0
ratio, 0.555555555556
[[ 15.  13.   7.]
 [  0.  16.  11.]
 [  2.  21.  15.]]
cf_score, 37.0
nv_score, -10.0
ratio, 0.464646464646
[[  5.  20.   4.]
 [  1.  22.   5.]
 [  3.  23.  17.]]
cf_score, 37.0
nv_score, 4.0
ratio, 0.444444444444
[[ 10.  22.   1.]
 [  1.  29.   7.]
 [  1.   8.  21.]]
cf_score, 58.0
nv_score, 12.0
ratio, 0.606060606061
[[  9.  17.   6.]
 [  4.  23.   6.]
 [  1.  24.  10.]]
cf_score, 35.0
nv_score, -8.0
ratio, 0.424242424242
[[  6.  21.   3.]
 [  1.  25.   8.]
 [  0.  20.  16.]]
cf_score, 44.0
nv_score, 2.0
ratio, 0.474747474747
[[  6.  22.   7.]
 [  3.  26.   6.]
 [  3.  12.  15.]]
cf_score, 37.0
nv_score, -5.0
ratio, 0.474747474747
[[  8.  18.   7.]
 [  1.  24.   9.]
 [  2.  12.  19.]]
cf_score, 42.0
nv_score, -4.0
ratio, 0.515151515152
[[  8.  20.   7.]
 [  0.  16.   8.]
 [  5.  16.  20.]]
cf_score, 32.0
nv_score, -2.0
ratio, 0.444444444444
[[  7.  18.   9.]
 [  1.  29.   7.]
 [  0.  15.  14.]]
cf_score, 41.0
nv_score, -11.0
ratio, 0.505050505051
[[  5.  17.   2.]
 [  4.  21.   8.]
 [  2.  22.  19.]]
cf_score, 41.0
nv_score, 7.0
ratio, 0.454545454545
[[  4.  20.   9.]
 [  2.  26.   6.]
 [  2.  12.  19.]]
cf_score, 38.0
nv_score, -5.0
ratio, 0.494949494949
[[  6.  17.   4.]
 [  3.  21.  10.]
 [  5.  19.  15.]]
cf_score, 33.0
nv_score, -3.0
ratio, 0.424242424242
[[  7.  22.   7.]
 [  2.  26.   8.]
 [  4.  13.  11.]]
cf_score, 33.0
nv_score, -11.0
ratio, 0.444444444444
[[  8.  19.   3.]
 [  3.  18.  13.]
 [  5.  19.  12.]]
cf_score, 30.0
nv_score, -7.0
ratio, 0.383838383838
[[  4.  16.   6.]
 [  2.  24.   8.]
 [  6.  20.  14.]]
cf_score, 30.0
nv_score, -6.0
ratio, 0.424242424242
[[  7.  22.   6.]
 [  0.  22.  11.]
 [  3.  11.  18.]]
cf_score, 38.0
nv_score, -5.0
ratio, 0.474747474747
[[  9.  16.   4.]
 [  2.  29.   4.]
 [  1.  15.  20.]]
cf_score, 53.0
nv_score, 8.0
ratio, 0.585858585859
[[ 10.  21.   4.]
 [  1.  19.   9.]
 [  2.  10.  24.]]
cf_score, 47.0
nv_score, 7.0
ratio, 0.535353535354
[[  9.  19.   7.]
 [  2.  19.   9.]
 [  6.  14.  15.]]
cf_score, 30.0
nv_score, -8.0
ratio, 0.434343434343
[[ 11.  13.   3.]
 [  0.  26.   4.]
 [  2.  17.  24.]]
cf_score, 56.0
nv_score, 14.0
ratio, 0.616161616162
[[  9.  21.   4.]
 [  2.  14.  11.]
 [  7.  18.  14.]]
cf_score, 26.0
nv_score, -5.0
ratio, 0.373737373737
[[  9.  16.  10.]
 [  2.  24.   6.]
 [  2.  16.  15.]]
cf_score, 36.0
nv_score, -11.0
ratio, 0.484848484848
[[  7.  20.   9.]
 [  1.  29.   4.]
 [  6.  13.  11.]]
cf_score, 32.0
nv_score, -11.0
ratio, 0.474747474747
[[  3.  24.   8.]
 [  2.  27.   6.]
 [  6.  15.   9.]]
cf_score, 25.0
nv_score, -13.0
ratio, 0.393939393939
[[ 13.  17.   8.]
 [  1.  13.  10.]
 [  3.  21.  14.]]
cf_score, 29.0
nv_score, -12.0
ratio, 0.40404040404
[[ 13.  16.   4.]
 [  2.  18.  10.]
 [  0.  23.  14.]]
cf_score, 41.0
nv_score, -4.0
ratio, 0.454545454545
[[  5.  17.   3.]
 [  1.  31.   4.]
 [  2.  22.  15.]]
cf_score, 46.0
nv_score, 5.0
ratio, 0.515151515152
[[ 10.   8.  10.]
 [  1.  22.   8.]
 [  4.  24.  13.]]
cf_score, 31.0
nv_score, -15.0
ratio, 0.454545454545
[[  7.  10.   6.]
 [  0.  24.   8.]
 [  2.  24.  19.]]
cf_score, 42.0
nv_score, -1.0
ratio, 0.505050505051
[[  6.  18.   6.]
 [  0.  29.   5.]
 [  4.  18.  14.]]
cf_score, 39.0
nv_score, -3.0
ratio, 0.494949494949
[[ 10.  19.   5.]
 [  2.  16.  10.]
 [  3.  20.  15.]]
cf_score, 33.0
nv_score, -5.0
ratio, 0.414141414141
[[ 13.  14.   3.]
 [  1.  20.  14.]
 [  2.  17.  16.]]
cf_score, 44.0
nv_score, -4.0
ratio, 0.494949494949
[[ 13.  17.  15.]
 [  0.  22.   8.]
 [  3.  13.   9.]]
cf_score, 26.0
nv_score, -29.0
ratio, 0.444444444444
[[  4.  19.   9.]
 [  0.  23.  12.]
 [  1.  15.  17.]]
cf_score, 34.0
nv_score, -13.0
ratio, 0.444444444444
[[ 11.  18.   7.]
 [  2.  25.   8.]
 [  2.  12.  15.]]
cf_score, 42.0
nv_score, -7.0
ratio, 0.515151515152
[[ 12.  12.  10.]
 [  1.  24.   6.]
 [  3.  15.  17.]]
cf_score, 40.0
nv_score, -9.0
ratio, 0.535353535354
[[ 10.  22.   4.]
 [  3.  24.   5.]
 [  6.  14.  12.]]
cf_score, 36.0
nv_score, -1.0
ratio, 0.464646464646
[[  6.  17.   6.]
 [  1.  30.   5.]
 [  5.  17.  13.]]
cf_score, 38.0
nv_score, -4.0
ratio, 0.494949494949
[[  6.  12.   9.]
 [  2.  20.   8.]
 [  3.  28.  12.]]
cf_score, 26.0
nv_score, -14.0
ratio, 0.383838383838
[[  7.  18.   5.]
 [  1.  28.   3.]
 [  2.  21.  15.]]
cf_score, 43.0
nv_score, 2.0
ratio, 0.505050505051
[[ 11.  14.   6.]
 [  1.  17.   7.]
 [  4.  19.  21.]]
cf_score, 39.0
nv_score, 2.0
ratio, 0.494949494949
[[  6.  13.   5.]
 [  1.  30.  10.]
 [  2.  13.  20.]]
cf_score, 49.0
nv_score, 0.0
ratio, 0.565656565657
[[  7.  20.   7.]
 [  0.  19.  12.]
 [  1.  14.  20.]]
cf_score, 38.0
nv_score, -6.0
ratio, 0.464646464646
[[  4.  18.   4.]
 [  4.  29.   5.]
 [  3.  21.  12.]]
cf_score, 38.0
nv_score, -1.0
ratio, 0.454545454545
[[  6.  19.   4.]
 [  3.  21.   8.]
 [  1.  20.  18.]]
cf_score, 40.0
nv_score, 2.0
ratio, 0.454545454545
[[  7.  10.   7.]
 [  1.  26.  10.]
 [  2.  19.  18.]]
cf_score, 42.0
nv_score, -6.0
ratio, 0.515151515152
[[  7.  24.   4.]
 [  1.  24.   7.]
 [  4.  10.  19.]]
cf_score, 42.0
nv_score, 4.0
ratio, 0.505050505051
[[  6.  17.   2.]
 [  1.  30.  11.]
 [  7.  14.  12.]]
cf_score, 39.0
nv_score, -3.0
ratio, 0.484848484848
[[  4.  20.   8.]
 [  1.  25.   6.]
 [  6.  14.  16.]]
cf_score, 31.0
nv_score, -6.0
ratio, 0.454545454545
[[ 11.  20.   5.]
 [  1.  29.   2.]
 [  2.  12.  18.]]
cf_score, 51.0
nv_score, 6.0
ratio, 0.585858585859
[[ 11.  28.   8.]
 [  1.  14.   8.]
 [  1.  12.  17.]]
cf_score, 33.0
nv_score, -7.0
ratio, 0.424242424242
[[  9.  20.   3.]
 [  5.  17.   5.]
 [  6.  18.  17.]]
cf_score, 34.0
nv_score, 6.0
ratio, 0.434343434343
[[  9.  14.   5.]
 [  1.  27.   5.]
 [  1.  18.  20.]]
cf_score, 50.0
nv_score, 5.0
ratio, 0.565656565657
[[  6.  15.   5.]
 [  1.  23.  12.]
 [  1.  22.  15.]]
cf_score, 38.0
nv_score, -7.0
ratio, 0.444444444444
[[  7.  15.   5.]
 [  0.  22.   7.]
 [  4.  21.  19.]]
cf_score, 39.0
nv_score, 2.0
ratio, 0.484848484848
[[ 11.  19.   5.]
 [  1.  19.  10.]
 [  4.  14.  17.]]
cf_score, 38.0
nv_score, -3.0
ratio, 0.474747474747
[[  8.  16.   6.]
 [  4.  19.  15.]
 [  2.  16.  14.]]
cf_score, 33.0
nv_score, -13.0
ratio, 0.414141414141
[[  9.  16.  10.]
 [  0.  23.  10.]
 [  1.  18.  13.]]
cf_score, 34.0
nv_score, -17.0
ratio, 0.454545454545
[[  6.  25.   7.]
 [  1.  18.  11.]
 [  6.  19.   7.]]
cf_score, 18.0
nv_score, -18.0
ratio, 0.313131313131
[[  6.  22.   6.]
 [  1.  25.   5.]
 [  5.  13.  17.]]
cf_score, 37.0
nv_score, 0.0
ratio, 0.484848484848
[[  7.  13.   5.]
 [  0.  20.  18.]
 [  3.  12.  22.]]
cf_score, 41.0
nv_score, -6.0
ratio, 0.494949494949
[[  5.  21.   4.]
 [  0.  33.   5.]
 [  2.  20.  10.]]
cf_score, 42.0
nv_score, -3.0
ratio, 0.484848484848
[[ 12.  19.   4.]
 [  2.  21.   5.]
 [  5.  19.  13.]]
cf_score, 37.0
nv_score, 0.0
ratio, 0.464646464646
[[  9.  21.   9.]
 [  3.  21.   6.]
 [  4.  12.  15.]]
cf_score, 32.0
nv_score, -9.0
ratio, 0.454545454545
[[ 11.  22.   9.]
 [  0.  23.   5.]
 [  4.  16.  10.]]
cf_score, 31.0
nv_score, -13.0
ratio, 0.444444444444
[[  7.  18.   4.]
 [  4.  21.   4.]
 [  6.  21.  15.]]
cf_score, 33.0
nv_score, 3.0
ratio, 0.434343434343
[[  7.  11.   5.]
 [  5.  22.  11.]
 [  5.  21.  13.]]
cf_score, 32.0
nv_score, -8.0
ratio, 0.424242424242
[[  9.  17.   2.]
 [  1.  20.   9.]
 [  4.  18.  20.]]
cf_score, 43.0
nv_score, 7.0
ratio, 0.494949494949
[[  6.  20.   6.]
 [  0.  25.   8.]
 [  5.  14.  16.]]
cf_score, 36.0
nv_score, -4.0
ratio, 0.474747474747
[[ 11.  12.   8.]
 [  0.  29.   5.]
 [  5.  11.  19.]]
cf_score, 46.0
nv_score, -2.0
ratio, 0.59595959596
[[ 11.  12.   6.]
 [  2.  30.   9.]
 [  0.  15.  15.]]
cf_score, 50.0
nv_score, -6.0
ratio, 0.565656565657
[[  7.  24.   6.]
 [  0.  23.  12.]
 [  2.   9.  17.]]
cf_score, 39.0
nv_score, -7.0
ratio, 0.474747474747
[[ 10.  22.   6.]
 [  1.  19.   9.]
 [  4.  16.  13.]]
cf_score, 32.0
nv_score, -8.0
ratio, 0.424242424242
[[  5.  21.   9.]
 [  1.  20.   7.]
 [  3.  19.  15.]]
cf_score, 28.0
nv_score, -10.0
ratio, 0.40404040404
[[ 11.  19.   1.]
 [  0.  35.   6.]
 [  6.  10.  12.]]
cf_score, 51.0
nv_score, 4.0
ratio, 0.585858585859
[[  9.  14.   6.]
 [  0.  35.   3.]
 [  7.  12.  14.]]
cf_score, 45.0
nv_score, -1.0
ratio, 0.585858585859
[[ 13.  23.   8.]
 [  2.  18.  10.]
 [  3.   9.  14.]]
cf_score, 34.0
nv_score, -12.0
ratio, 0.454545454545
[[  7.  20.   6.]
 [  1.  22.   2.]
 [  5.  21.  16.]]
cf_score, 34.0
nv_score, 2.0
ratio, 0.454545454545
[[  6.  21.   6.]
 [  2.  23.   7.]
 [  5.  12.  18.]]
cf_score, 36.0
nv_score, -1.0
ratio, 0.474747474747
[[  7.  16.   5.]
 [  3.  26.   6.]
 [  3.  18.  16.]]
cf_score, 41.0
nv_score, 0.0
ratio, 0.494949494949
[[  7.  22.   7.]
 [  0.  23.  10.]
 [  5.  11.  15.]]
cf_score, 33.0
nv_score, -9.0
ratio, 0.454545454545
[[  6.  18.   4.]
 [  3.  22.   9.]
 [  3.  20.  15.]]
cf_score, 36.0
nv_score, -2.0
ratio, 0.434343434343
[[ 12.  18.   7.]
 [  0.  17.   6.]
 [  1.  23.  16.]]
cf_score, 37.0
nv_score, -4.0
ratio, 0.454545454545
[[  7.  12.   4.]
 [  1.  28.   7.]
 [  6.  18.  17.]]
cf_score, 42.0
nv_score, 2.0
ratio, 0.525252525253
[[ 12.  23.   4.]
 [  2.  17.  14.]
 [  5.  10.  13.]]
cf_score, 33.0
nv_score, -9.0
ratio, 0.424242424242
[[  7.  19.  11.]
 [  0.  14.  13.]
 [  2.  17.  17.]]
cf_score, 25.0
nv_score, -18.0
ratio, 0.383838383838
[[ 10.  21.   8.]
 [  0.  25.   7.]
 [  2.  16.  11.]]
cf_score, 36.0
nv_score, -12.0
ratio, 0.464646464646
[[ 14.  17.   4.]
 [  1.  26.   3.]
 [  2.  13.  20.]]
cf_score, 54.0
nv_score, 9.0
ratio, 0.606060606061
[[ 10.  16.   4.]
 [  0.  28.   8.]
 [  5.  13.  16.]]
cf_score, 45.0
nv_score, 0.0
ratio, 0.545454545455
[[ 12.  16.   5.]
 [  0.  20.   9.]
 [  6.  21.  11.]]
cf_score, 32.0
nv_score, -8.0
ratio, 0.434343434343
[[  9.  19.   4.]
 [  1.  18.   9.]
 [  6.  17.  17.]]
cf_score, 34.0
nv_score, 0.0
ratio, 0.444444444444
[[  5.  15.   6.]
 [  1.  28.   7.]
 [  3.  17.  18.]]
cf_score, 42.0
nv_score, -1.0
ratio, 0.515151515152
[[  9.  20.   6.]
 [  1.  28.   5.]
 [  7.  16.   8.]]
cf_score, 32.0
nv_score, -9.0
ratio, 0.454545454545
[[  9.  23.   2.]
 [  2.  20.  11.]
 [  5.  15.  13.]]
cf_score, 35.0
nv_score, -2.0
ratio, 0.424242424242
[[ 12.  17.   8.]
 [  2.  26.   3.]
 [  4.  17.  11.]]
cf_score, 37.0
nv_score, -8.0
ratio, 0.494949494949
[[  5.  19.   4.]
 [  1.  34.   7.]
 [  4.  10.  16.]]
cf_score, 47.0
nv_score, 1.0
ratio, 0.555555555556
[[ 11.  12.   4.]
 [  2.  29.   9.]
 [  3.  21.   9.]]
cf_score, 42.0
nv_score, -8.0
ratio, 0.494949494949
[[  9.  17.   4.]
 [  0.  31.  12.]
 [  2.  10.  15.]]
cf_score, 49.0
nv_score, -5.0
ratio, 0.555555555556
[[  7.  12.   7.]
 [  1.  20.  10.]
 [  8.  23.  12.]]
cf_score, 24.0
nv_score, -12.0
ratio, 0.393939393939
[[ 15.  15.   4.]
 [  1.  19.   7.]
 [  2.  23.  14.]]
cf_score, 42.0
nv_score, -1.0
ratio, 0.484848484848
[[  5.  16.  10.]
 [  2.  25.  11.]
 [  4.  14.  13.]]
cf_score, 29.0
nv_score, -18.0
ratio, 0.434343434343
[[ 13.  14.   4.]
 [  1.  19.  16.]
 [  1.  15.  17.]]
cf_score, 44.0
nv_score, -7.0
ratio, 0.494949494949
[[  7.  22.   5.]
 [  3.  20.  12.]
 [  2.  17.  12.]]
cf_score, 32.0
nv_score, -10.0
ratio, 0.393939393939
[[  5.  16.   6.]
 [  0.  34.  10.]
 [  3.  15.  11.]]
cf_score, 41.0
nv_score, -11.0
ratio, 0.505050505051
[[  7.  17.   5.]
 [  5.  25.   8.]
 [  3.  14.  16.]]
cf_score, 40.0
nv_score, -2.0
ratio, 0.484848484848
[[  7.  26.   8.]
 [  1.  21.   5.]
 [  6.  16.  10.]]
cf_score, 24.0
nv_score, -11.0
ratio, 0.383838383838
[[ 11.   9.   5.]
 [  4.  26.   9.]
 [  1.  18.  17.]]
cf_score, 48.0
nv_score, -2.0
ratio, 0.545454545455
[[ 10.  19.   9.]
 [  0.  22.   5.]
 [  3.  17.  15.]]
cf_score, 35.0
nv_score, -8.0
ratio, 0.474747474747
[[  7.  15.   9.]
 [  1.  18.  13.]
 [  4.  15.  18.]]
cf_score, 30.0
nv_score, -13.0
ratio, 0.434343434343
[[  9.  17.  11.]
 [  0.  21.  12.]
 [  2.  16.  12.]]
cf_score, 29.0
nv_score, -22.0
ratio, 0.424242424242
[[  9.  15.   2.]
 [  1.  28.   5.]
 [  4.  21.  15.]]
cf_score, 46.0
nv_score, 6.0
ratio, 0.525252525253
[[  4.  21.  10.]
 [  3.  20.   8.]
 [  2.  23.   9.]]
cf_score, 21.0
nv_score, -19.0
ratio, 0.333333333333
[[  8.  16.   6.]
 [  0.  22.   9.]
 [  3.  20.  16.]]
cf_score, 37.0
nv_score, -5.0
ratio, 0.464646464646
[[ 14.  10.   5.]
 [  2.  34.   6.]
 [  3.  12.  14.]]
cf_score, 54.0
nv_score, -2.0
ratio, 0.626262626263
[[  4.   7.  10.]
 [  7.  25.  13.]
 [  3.  18.  13.]]
cf_score, 29.0
nv_score, -20.0
ratio, 0.424242424242
[[  7.  13.   4.]
 [  3.  28.   3.]
 [  4.  19.  19.]]
cf_score, 46.0
nv_score, 8.0
ratio, 0.545454545455
[[ 15.  14.   7.]
 [  1.  20.   6.]
 [  5.  20.  12.]]
cf_score, 35.0
nv_score, -8.0
ratio, 0.474747474747
[[  7.  26.   6.]
 [  0.  26.  11.]
 [  5.  10.   9.]]
cf_score, 31.0
nv_score, -14.0
ratio, 0.424242424242
[[  7.  12.   7.]
 [  0.  27.  12.]
 [  5.  12.  18.]]
cf_score, 40.0
nv_score, -8.0
ratio, 0.525252525253
[[  4.  25.   5.]
 [  3.  22.   8.]
 [  2.  19.  12.]]
cf_score, 31.0
nv_score, -6.0
ratio, 0.383838383838
[[  8.  12.   5.]
 [  2.  30.   5.]
 [  3.  22.  13.]]
cf_score, 43.0
nv_score, -2.0
ratio, 0.515151515152
[[ 12.  10.   6.]
 [  0.  22.   4.]
 [  8.  22.  16.]]
cf_score, 36.0
nv_score, 0.0
ratio, 0.505050505051
[[  6.  19.   5.]
 [  1.  25.   3.]
 [  4.  18.  19.]]
cf_score, 41.0
nv_score, 6.0
ratio, 0.505050505051
[[ 10.  20.   8.]
 [  4.  20.   8.]
 [  4.  18.   8.]]
cf_score, 26.0
nv_score, -16.0
ratio, 0.383838383838
[[ 11.  15.   4.]
 [  0.  20.   8.]
 [  2.  16.  24.]]
cf_score, 49.0
nv_score, 8.0
ratio, 0.555555555556
[[  7.  21.   8.]
 [  3.  19.   8.]
 [  4.  10.  20.]]
cf_score, 34.0
nv_score, -4.0
ratio, 0.464646464646
[[  7.  13.   7.]
 [  2.  21.  11.]
 [  4.  18.  17.]]
cf_score, 34.0
nv_score, -8.0
ratio, 0.454545454545
[[  8.  14.   9.]
 [  1.  22.   8.]
 [  6.  18.  14.]]
cf_score, 29.0
nv_score, -12.0
ratio, 0.444444444444
[[ 10.  17.   5.]
 [  0.  25.  12.]
 [  3.  16.  12.]]
cf_score, 39.0
nv_score, -10.0
ratio, 0.474747474747
[[ 11.  12.   5.]
 [  2.  34.   6.]
 [  5.  16.   9.]]
cf_score, 44.0
nv_score, -7.0
ratio, 0.545454545455
[[  6.  18.   3.]
 [  5.  30.   5.]
 [  5.  13.  15.]]
cf_score, 43.0
nv_score, 4.0
ratio, 0.515151515152
[[  9.  17.   9.]
 [  1.  24.   1.]
 [  5.  19.  15.]]
cf_score, 34.0
nv_score, -4.0
ratio, 0.484848484848
[[  7.  16.   6.]
 [  3.  19.  10.]
 [  7.  15.  17.]]
cf_score, 30.0
nv_score, -5.0
ratio, 0.434343434343
[[  6.  19.   4.]
 [  2.  27.   7.]
 [  5.  14.  16.]]
cf_score, 40.0
nv_score, 1.0
ratio, 0.494949494949
[[  9.  16.   8.]
 [  1.  29.   7.]
 [  3.  14.  13.]]
cf_score, 40.0
nv_score, -10.0
ratio, 0.515151515152
[[ 13.  16.   4.]
 [  0.  17.  13.]
 [  3.  20.  14.]]
cf_score, 37.0
nv_score, -7.0
ratio, 0.444444444444
[[ 13.  14.   3.]
 [  1.  22.   6.]
 [  2.  20.  19.]]
cf_score, 49.0
nv_score, 7.0
ratio, 0.545454545455
[[ 13.  14.   6.]
 [  3.  26.   2.]
 [  6.  13.  17.]]
cf_score, 44.0
nv_score, 3.0
ratio, 0.565656565657
[[  8.  17.   8.]
 [  0.  21.   7.]
 [  4.  17.  18.]]
cf_score, 35.0
nv_score, -5.0
ratio, 0.474747474747
[[  9.  16.   6.]
 [  0.  24.  10.]
 [  3.  19.  13.]]
cf_score, 37.0
nv_score, -9.0
ratio, 0.464646464646
[[  5.  16.  10.]
 [  0.  18.  13.]
 [  5.  15.  18.]]
cf_score, 26.0
nv_score, -15.0
ratio, 0.414141414141
[[  7.  14.   5.]
 [  1.  18.   8.]
 [  7.  24.  16.]]
cf_score, 29.0
nv_score, -2.0
ratio, 0.414141414141
[[  7.  19.   8.]
 [  1.  22.   8.]
 [  3.  11.  21.]]
cf_score, 39.0
nv_score, -3.0
ratio, 0.505050505051
[[ 10.  19.   6.]
 [  4.  15.   9.]
 [  1.  13.  23.]]
cf_score, 41.0
nv_score, 2.0
ratio, 0.484848484848
[[ 12.  16.  14.]
 [  0.  17.  11.]
 [  2.  15.  13.]]
cf_score, 26.0
nv_score, -26.0
ratio, 0.424242424242
[[  8.  18.   6.]
 [  1.  20.   9.]
 [  5.  19.  14.]]
cf_score, 31.0
nv_score, -7.0
ratio, 0.424242424242
[[  3.  19.   4.]
 [  5.  26.   8.]
 [  2.  21.  12.]]
cf_score, 35.0
nv_score, -4.0
ratio, 0.414141414141
[[ 11.  23.   7.]
 [  2.  18.   9.]
 [  3.  16.  11.]]
cf_score, 30.0
nv_score, -12.0
ratio, 0.40404040404
[[ 12.   4.   2.]
 [  0.  29.  10.]
 [  5.  16.  22.]]
cf_score, 56.0
nv_score, 8.0
ratio, 0.636363636364
[[ 15.  12.   6.]
 [  5.  22.   9.]
 [  3.  12.  16.]]
cf_score, 44.0
nv_score, -5.0
ratio, 0.535353535354
[[ 18.  10.   9.]
 [  1.  19.   7.]
 [  6.  16.  14.]]
cf_score, 36.0
nv_score, -11.0
ratio, 0.515151515152
[[  7.  13.   8.]
 [  2.  15.  16.]
 [  8.  15.  16.]]
cf_score, 22.0
nv_score, -16.0
ratio, 0.383838383838
[[ 10.  19.   6.]
 [  1.  21.   8.]
 [  4.  14.  17.]]
cf_score, 38.0
nv_score, -3.0
ratio, 0.484848484848
[[ 12.  12.   9.]
 [  4.  19.  13.]
 [  4.  12.  15.]]
cf_score, 33.0
nv_score, -16.0
ratio, 0.464646464646
[[  6.  14.   8.]
 [  0.  20.   9.]
 [  4.  19.  20.]]
cf_score, 34.0
nv_score, -5.0
ratio, 0.464646464646
[[  7.  14.   6.]
 [  2.  25.   8.]
 [  1.  22.  15.]]
cf_score, 40.0
nv_score, -5.0
ratio, 0.474747474747
[[ 11.  17.   4.]
 [  1.  19.  13.]
 [  3.  13.  19.]]
cf_score, 42.0
nv_score, -2.0
ratio, 0.494949494949
[[ 11.  10.  11.]
 [  2.  18.   6.]
 [  6.  14.  22.]]
cf_score, 34.0
nv_score, -6.0
ratio, 0.515151515152
[[  9.   9.   8.]
 [  1.  20.  14.]
 [  5.  19.  15.]]
cf_score, 31.0
nv_score, -15.0
ratio, 0.444444444444
[[  8.  13.   6.]
 [  1.  27.   4.]
 [  3.  19.  19.]]
cf_score, 45.0
nv_score, 3.0
ratio, 0.545454545455
[[  8.  12.  10.]
 [  0.  28.   7.]
 [  4.  16.  15.]]
cf_score, 37.0
nv_score, -12.0
ratio, 0.515151515152
[[  7.  14.   7.]
 [  1.  23.  11.]
 [  1.  19.  17.]]
cf_score, 39.0
nv_score, -8.0
ratio, 0.474747474747
[[  9.  10.   7.]
 [  2.  25.  11.]
 [  5.  24.   7.]]
cf_score, 29.0
nv_score, -18.0
ratio, 0.414141414141
[[  8.  21.   6.]
 [  1.  22.  10.]
 [  5.  12.  15.]]
cf_score, 34.0
nv_score, -7.0
ratio, 0.454545454545
[[ 13.  14.   4.]
 [  1.  24.   7.]
 [  8.  15.  14.]]
cf_score, 39.0
nv_score, -1.0
ratio, 0.515151515152
[[  9.  19.  16.]
 [  2.  12.  12.]
 [  2.  15.  13.]]
cf_score, 16.0
nv_score, -31.0
ratio, 0.343434343434
[[ 11.  15.   8.]
 [  4.  17.   9.]
 [  5.  17.  14.]]
cf_score, 29.0
nv_score, -11.0
ratio, 0.424242424242
[[  9.  14.   9.]
 [  4.  24.   8.]
 [  6.  16.  10.]]
cf_score, 28.0
nv_score, -16.0
ratio, 0.434343434343
[[ 13.  12.   7.]
 [  1.  20.   8.]
 [  4.  15.  20.]]
cf_score, 42.0
nv_score, -2.0
ratio, 0.535353535354
[[  6.  16.   5.]
 [  5.  20.  13.]
 [  4.  16.  15.]]
cf_score, 32.0
nv_score, -8.0
ratio, 0.414141414141
[[  9.  19.  12.]
 [  0.  14.   9.]
 [  3.  17.  17.]]
cf_score, 25.0
nv_score, -16.0
ratio, 0.40404040404
[[  9.  19.   8.]
 [  0.  26.   9.]
 [  3.   7.  19.]]
cf_score, 43.0
nv_score, -6.0
ratio, 0.545454545455
[[  9.  21.   7.]
 [  1.  22.   8.]
 [  5.  15.  12.]]
cf_score, 31.0
nv_score, -10.0
ratio, 0.434343434343
[[ 11.  15.   8.]
 [  3.  26.   4.]
 [  1.  19.  13.]]
cf_score, 41.0
nv_score, -7.0
ratio, 0.505050505051
[[ 14.  14.   8.]
 [  0.  20.  11.]
 [  3.  13.  17.]]
cf_score, 40.0
nv_score, -10.0
ratio, 0.515151515152
[[ 10.  18.   4.]
 [  1.  25.   6.]
 [  0.  24.  12.]]
cf_score, 43.0
nv_score, -2.0
ratio, 0.474747474747
[[  8.  12.   7.]
 [  1.  30.  11.]
 [  6.  16.   9.]]
cf_score, 34.0
nv_score, -16.0
ratio, 0.474747474747
[[ 14.  16.   5.]
 [  3.  22.   8.]
 [  3.  16.  13.]]
cf_score, 41.0
nv_score, -5.0
ratio, 0.494949494949
[[ 16.  10.   6.]
 [  0.  24.   6.]
 [  4.  17.  17.]]
cf_score, 47.0
nv_score, -1.0
ratio, 0.575757575758
[[ 10.  21.   6.]
 [  2.  17.   7.]
 [  7.  14.  16.]]
cf_score, 30.0
nv_score, -3.0
ratio, 0.434343434343
[[ 10.  19.   7.]
 [  2.  22.   8.]
 [  6.  13.  13.]]
cf_score, 32.0
nv_score, -9.0
ratio, 0.454545454545
[[  7.  15.   6.]
 [  2.  28.  11.]
 [  5.  10.  16.]]
cf_score, 40.0
nv_score, -7.0
ratio, 0.515151515152
[[ 10.  18.   8.]
 [  1.  24.  10.]
 [  3.   9.  17.]]
cf_score, 40.0
nv_score, -9.0
ratio, 0.515151515152
[[ 10.  17.   8.]
 [  5.  25.   5.]
 [  2.   8.  20.]]
cf_score, 45.0
nv_score, -1.0
ratio, 0.555555555556
[[ 16.   8.  17.]
 [  4.  20.   8.]
 [  0.   9.  18.]]
cf_score, 37.0
nv_score, -24.0
ratio, 0.545454545455
[[  8.  26.   6.]
 [  1.  17.  11.]
 [  3.  16.  12.]]
cf_score, 28.0
nv_score, -11.0
ratio, 0.373737373737
[[ 13.  14.   9.]
 [  3.  26.   5.]
 [  3.  13.  14.]]
cf_score, 41.0
nv_score, -9.0
ratio, 0.535353535354
[[ 10.  13.   6.]
 [  1.  22.  10.]
 [  3.  19.  16.]]
cf_score, 39.0
nv_score, -6.0
ratio, 0.484848484848
[[  7.   9.   9.]
 [  0.  22.  14.]
 [  5.  18.  16.]]
cf_score, 31.0
nv_score, -16.0
ratio, 0.454545454545
[[  7.  19.   7.]
 [  4.  18.  11.]
 [  3.  17.  14.]]
cf_score, 29.0
nv_score, -11.0
ratio, 0.393939393939
[[  5.  14.   8.]
 [  3.  17.  12.]
 [  6.  15.  20.]]
cf_score, 28.0
nv_score, -8.0
ratio, 0.424242424242
[[ 10.  13.  11.]
 [  1.  24.   9.]
 [  2.  18.  12.]]
cf_score, 33.0
nv_score, -19.0
ratio, 0.464646464646
