[[  0.  41.   0.]
 [  0.  31.   0.]
 [  0.  28.   0.]]
cf_score, 31.0
ratio, 0.313131313131
[[  0.   0.  30.]
 [  0.   0.  39.]
 [  0.   0.  31.]]
cf_score, 1.0
ratio, 0.313131313131
[[  0.  35.   0.]
 [  0.  37.   0.]
 [  0.  28.   0.]]
cf_score, 37.0
ratio, 0.373737373737
[[  0.  35.   0.]
 [  0.  22.   0.]
 [  0.  43.   0.]]
cf_score, 22.0
ratio, 0.222222222222
[[  0.   0.  27.]
 [  0.   0.  40.]
 [  0.   0.  33.]]
cf_score, 6.0
ratio, 0.333333333333
[[  0.   0.  36.]
 [  0.   0.  30.]
 [  0.   0.  34.]]
cf_score, -2.0
ratio, 0.343434343434
[[  0.  35.   0.]
 [  0.  40.   0.]
 [  0.  25.   0.]]
cf_score, 40.0
ratio, 0.40404040404
[[  0.   0.  25.]
 [  0.   0.  38.]
 [  0.   0.  37.]]
cf_score, 12.0
ratio, 0.373737373737
[[  0.   0.  29.]
 [  0.   0.  34.]
 [  0.   0.  37.]]
cf_score, 8.0
ratio, 0.373737373737
[[  0.   0.  33.]
 [  0.   0.  26.]
 [  0.   0.  41.]]
cf_score, 8.0
ratio, 0.414141414141
[[  0.   0.  37.]
 [  0.   0.  35.]
 [  0.   0.  28.]]
cf_score, -9.0
ratio, 0.282828282828
[[  0.  39.   0.]
 [  0.  28.   0.]
 [  0.  33.   0.]]
cf_score, 28.0
ratio, 0.282828282828
[[ 37.   0.   0.]
 [ 27.   0.   0.]
 [ 36.   0.   0.]]
cf_score, 1.0
ratio, 0.373737373737
[[  0.   0.  28.]
 [  0.   0.  31.]
 [  0.   0.  41.]]
cf_score, 13.0
ratio, 0.414141414141
[[  0.   0.  38.]
 [  0.   0.  30.]
 [  0.   0.  32.]]
cf_score, -6.0
ratio, 0.323232323232
[[  0.   0.  29.]
 [  0.   0.  39.]
 [  0.   0.  32.]]
cf_score, 3.0
ratio, 0.323232323232
[[ 26.   0.   0.]
 [ 35.   0.   0.]
 [ 39.   0.   0.]]
cf_score, -13.0
ratio, 0.262626262626
[[  0.   0.  23.]
 [  0.   0.  43.]
 [  0.   0.  34.]]
cf_score, 11.0
ratio, 0.343434343434
[[  0.  25.   0.]
 [  0.  42.   0.]
 [  0.  33.   0.]]
cf_score, 42.0
ratio, 0.424242424242
[[  0.  32.   0.]
 [  0.  43.   0.]
 [  0.  25.   0.]]
cf_score, 43.0
ratio, 0.434343434343
[[  0.  29.   0.]
 [  0.  38.   0.]
 [  0.  33.   0.]]
cf_score, 38.0
ratio, 0.383838383838
[[  0.   0.  35.]
 [  0.   0.  40.]
 [  0.   0.  25.]]
cf_score, -10.0
ratio, 0.252525252525
[[  0.   0.  29.]
 [  0.   0.  42.]
 [  0.   0.  29.]]
cf_score, 0.0
ratio, 0.292929292929
[[  0.  41.   0.]
 [  0.  30.   0.]
 [  0.  29.   0.]]
cf_score, 30.0
ratio, 0.30303030303
[[  0.  33.   0.]
 [  0.  38.   0.]
 [  0.  29.   0.]]
cf_score, 38.0
ratio, 0.383838383838
[[  0.   0.  33.]
 [  0.   0.  32.]
 [  0.   0.  35.]]
cf_score, 2.0
ratio, 0.353535353535
[[  0.   0.  33.]
 [  0.   0.  38.]
 [  0.   0.  29.]]
cf_score, -4.0
ratio, 0.292929292929
[[ 36.   0.   0.]
 [ 34.   0.   0.]
 [ 30.   0.   0.]]
cf_score, 6.0
ratio, 0.363636363636
[[  0.   0.  35.]
 [  0.   0.  33.]
 [  0.   0.  32.]]
cf_score, -3.0
ratio, 0.323232323232
[[  0.   0.  35.]
 [  0.   0.  40.]
 [  0.   0.  25.]]
cf_score, -10.0
ratio, 0.252525252525
[[  0.   0.  33.]
 [  0.   0.  32.]
 [  0.   0.  35.]]
cf_score, 2.0
ratio, 0.353535353535
[[ 33.   0.   0.]
 [ 35.   0.   0.]
 [ 32.   0.   0.]]
cf_score, 1.0
ratio, 0.333333333333
[[  0.   0.  33.]
 [  0.   0.  40.]
 [  0.   0.  27.]]
cf_score, -6.0
ratio, 0.272727272727
[[  0.   0.  30.]
 [  0.   0.  33.]
 [  0.   0.  37.]]
cf_score, 7.0
ratio, 0.373737373737
[[  0.   0.  39.]
 [  0.   0.  31.]
 [  0.   0.  30.]]
cf_score, -9.0
ratio, 0.30303030303
[[  0.  38.   0.]
 [  0.  27.   0.]
 [  0.  35.   0.]]
cf_score, 27.0
ratio, 0.272727272727
[[  0.  33.   0.]
 [  0.  38.   0.]
 [  0.  29.   0.]]
cf_score, 38.0
ratio, 0.383838383838
[[  0.   0.  32.]
 [  0.   0.  35.]
 [  0.   0.  33.]]
cf_score, 1.0
ratio, 0.333333333333
[[  0.  34.   0.]
 [  0.  38.   0.]
 [  0.  28.   0.]]
cf_score, 38.0
ratio, 0.383838383838
[[ 35.   0.   0.]
 [ 35.   0.   0.]
 [ 30.   0.   0.]]
cf_score, 5.0
ratio, 0.353535353535
[[  0.  28.   8.]
 [  0.  28.   5.]
 [  0.  27.   4.]]
cf_score, 24.0
ratio, 0.323232323232
[[  0.  11.  22.]
 [  0.  19.  23.]
 [  0.   9.  16.]]
cf_score, 13.0
ratio, 0.353535353535
[[ 14.   1.  16.]
 [ 18.   0.  19.]
 [ 10.   0.  22.]]
cf_score, 10.0
ratio, 0.363636363636
[[ 26.   1.  12.]
 [ 16.   0.  17.]
 [  9.   2.  17.]]
cf_score, 22.0
ratio, 0.434343434343
[[ 12.   1.  17.]
 [ 19.   0.  13.]
 [ 11.   0.  27.]]
cf_score, 11.0
ratio, 0.393939393939
[[ 17.   3.  14.]
 [ 16.   0.  11.]
 [  6.   3.  30.]]
cf_score, 27.0
ratio, 0.474747474747
[[ 16.   3.  12.]
 [ 19.   0.  15.]
 [  9.   1.  25.]]
cf_score, 20.0
ratio, 0.414141414141
[[ 21.   0.  11.]
 [ 23.   0.  17.]
 [ 17.   0.  11.]]
cf_score, 4.0
ratio, 0.323232323232
[[ 17.   0.  11.]
 [ 16.   0.  25.]
 [ 14.   0.  17.]]
cf_score, 9.0
ratio, 0.343434343434
[[ 23.   0.  14.]
 [ 17.   0.  15.]
 [  9.   2.  20.]]
cf_score, 20.0
ratio, 0.434343434343
