[[ 21.   0.   2.]
 [ 29.   0.   6.]
 [ 38.   0.   4.]]
cf_score, -15.0
nv_score, -6.0
ratio, 0.252525252525
[[ 13.   0.   7.]
 [ 12.   0.  23.]
 [ 20.   0.  25.]]
cf_score, 11.0
nv_score, -12.0
ratio, 0.383838383838
[[ 21.   0.   3.]
 [ 19.   0.  15.]
 [ 26.   0.  16.]]
cf_score, 8.0
nv_score, -5.0
ratio, 0.373737373737
[[ 19.   0.   7.]
 [ 15.   6.  16.]
 [ 24.   1.  12.]]
cf_score, 6.0
nv_score, -18.0
ratio, 0.373737373737
[[ 21.   1.   8.]
 [ 16.   3.  24.]
 [ 13.   2.  12.]]
cf_score, 15.0
nv_score, -28.0
ratio, 0.363636363636
[[ 19.   2.   4.]
 [ 15.   3.  18.]
 [ 24.   0.  15.]]
cf_score, 9.0
nv_score, -11.0
ratio, 0.373737373737
[[ 10.   3.   2.]
 [ 26.   3.  18.]
 [ 22.   1.  15.]]
cf_score, 4.0
nv_score, -7.0
ratio, 0.282828282828
[[ 15.   3.   6.]
 [ 17.   2.  21.]
 [ 23.   0.  13.]]
cf_score, 1.0
nv_score, -20.0
ratio, 0.30303030303
[[ 11.   4.   5.]
 [ 16.   4.  16.]
 [ 20.   8.  16.]]
cf_score, 6.0
nv_score, -10.0
ratio, 0.313131313131
[[ 13.   4.   8.]
 [ 22.   2.  16.]
 [ 22.   3.  10.]]
cf_score, -5.0
nv_score, -22.0
ratio, 0.252525252525
[[ 18.   2.   1.]
 [ 17.   8.  12.]
 [ 27.   5.  10.]]
cf_score, 8.0
nv_score, -4.0
ratio, 0.363636363636
[[ 13.   4.   4.]
 [ 19.   7.  15.]
 [ 28.   3.   7.]]
cf_score, -5.0
nv_score, -16.0
ratio, 0.272727272727
[[ 11.   4.   7.]
 [ 15.  10.  15.]
 [ 20.   2.  16.]]
cf_score, 10.0
nv_score, -13.0
ratio, 0.373737373737
[[ 17.   8.   4.]
 [ 15.   7.  14.]
 [ 16.   6.  13.]]
cf_score, 17.0
nv_score, -9.0
ratio, 0.373737373737
[[ 15.   7.   2.]
 [ 17.   9.  11.]
 [ 23.   9.   7.]]
cf_score, 6.0
nv_score, -8.0
ratio, 0.313131313131
[[ 15.   6.   0.]
 [ 19.  23.   9.]
 [ 13.   7.   8.]]
cf_score, 33.0
nv_score, -1.0
ratio, 0.464646464646
[[ 15.  12.   0.]
 [ 11.  14.  11.]
 [ 22.  10.   5.]]
cf_score, 12.0
nv_score, -6.0
ratio, 0.343434343434
[[ 14.   9.   3.]
 [ 18.  11.   9.]
 [ 25.   4.   7.]]
cf_score, 4.0
nv_score, -8.0
ratio, 0.323232323232
[[ 12.   9.   0.]
 [ 14.  15.  11.]
 [ 24.   9.   6.]]
cf_score, 9.0
nv_score, -5.0
ratio, 0.333333333333
[[ 16.  10.   0.]
 [ 15.  20.  10.]
 [ 15.   9.   5.]]
cf_score, 26.0
nv_score, -5.0
ratio, 0.414141414141
[[ 18.  11.   1.]
 [ 10.  10.   8.]
 [ 26.  10.   6.]]
cf_score, 7.0
nv_score, -4.0
ratio, 0.343434343434
[[ 14.  14.   0.]
 [ 15.  22.   9.]
 [ 12.  10.   4.]]
cf_score, 28.0
nv_score, -5.0
ratio, 0.40404040404
[[ 16.   4.   4.]
 [ 18.  13.   7.]
 [ 21.  10.   7.]]
cf_score, 11.0
nv_score, -8.0
ratio, 0.363636363636
[[ 18.  10.   1.]
 [ 13.  12.  10.]
 [ 16.  16.   4.]]
cf_score, 17.0
nv_score, -8.0
ratio, 0.343434343434
[[ 20.  12.   1.]
 [ 12.  15.   2.]
 [ 23.   8.   7.]]
cf_score, 18.0
nv_score, 3.0
ratio, 0.424242424242
[[ 20.  10.   0.]
 [ 14.  12.   7.]
 [ 21.  10.   6.]]
cf_score, 17.0
nv_score, -1.0
ratio, 0.383838383838
[[ 17.  13.   0.]
 [  9.  20.   6.]
 [ 17.  12.   6.]]
cf_score, 26.0
nv_score, 0.0
ratio, 0.434343434343
[[ 20.   8.   0.]
 [ 16.  21.   6.]
 [ 11.  14.   4.]]
cf_score, 34.0
nv_score, -2.0
ratio, 0.454545454545
[[  9.  11.   0.]
 [ 10.  20.   4.]
 [ 22.  20.   4.]]
cf_score, 11.0
nv_score, 0.0
ratio, 0.333333333333
[[ 15.   9.   0.]
 [  9.  25.   3.]
 [ 18.  16.   5.]]
cf_score, 27.0
nv_score, 2.0
ratio, 0.454545454545
[[ 15.  11.   0.]
 [  9.  27.   2.]
 [ 17.  14.   5.]]
cf_score, 30.0
nv_score, 3.0
ratio, 0.474747474747
[[ 18.  11.   0.]
 [ 14.  22.   1.]
 [ 15.   9.  10.]]
cf_score, 35.0
nv_score, 9.0
ratio, 0.505050505051
[[ 15.   9.   0.]
 [ 14.  27.   4.]
 [ 16.  10.   5.]]
cf_score, 31.0
nv_score, 1.0
ratio, 0.474747474747
[[ 12.   7.   0.]
 [ 14.  22.   5.]
 [ 22.  14.   4.]]
cf_score, 16.0
nv_score, -1.0
ratio, 0.383838383838
[[ 12.   5.   4.]
 [ 16.  19.   7.]
 [ 20.  13.   4.]]
cf_score, 11.0
nv_score, -11.0
ratio, 0.353535353535
[[  8.   9.   3.]
 [  7.  17.  13.]
 [ 18.  11.  14.]]
cf_score, 18.0
nv_score, -5.0
ratio, 0.393939393939
[[ 15.   6.   5.]
 [ 16.  10.  16.]
 [ 16.   5.  11.]]
cf_score, 15.0
nv_score, -15.0
ratio, 0.363636363636
[[ 17.   6.   2.]
 [  8.  16.   8.]
 [ 17.   8.  18.]]
cf_score, 32.0
nv_score, 6.0
ratio, 0.515151515152
[[ 13.   9.   5.]
 [ 15.  14.  15.]
 [ 12.   6.  11.]]
cf_score, 21.0
nv_score, -14.0
ratio, 0.383838383838
[[ 10.   6.   2.]
 [  9.  15.  13.]
 [ 23.  12.  10.]]
cf_score, 10.0
nv_score, -7.0
ratio, 0.353535353535
[[ 11.   6.   4.]
 [ 11.  17.  11.]
 [ 17.   9.  14.]]
cf_score, 21.0
nv_score, -5.0
ratio, 0.424242424242
[[ 13.   8.   3.]
 [ 23.  10.  17.]
 [ 16.   4.   6.]]
cf_score, 10.0
nv_score, -17.0
ratio, 0.292929292929
[[ 18.   3.   5.]
 [ 17.   7.  17.]
 [ 13.   6.  14.]]
cf_score, 21.0
nv_score, -13.0
ratio, 0.393939393939
[[ 17.   5.   4.]
 [ 12.  12.  14.]
 [ 16.   5.  15.]]
cf_score, 24.0
nv_score, -7.0
ratio, 0.444444444444
[[  9.   3.   9.]
 [ 15.  15.  14.]
 [ 21.   3.  11.]]
cf_score, 5.0
nv_score, -21.0
ratio, 0.353535353535
[[ 18.   5.   9.]
 [  6.   8.  14.]
 [ 15.  10.  15.]]
cf_score, 17.0
nv_score, -17.0
ratio, 0.414141414141
[[  8.   1.   7.]
 [ 15.  16.  13.]
 [ 18.   8.  14.]]
cf_score, 13.0
nv_score, -13.0
ratio, 0.383838383838
[[ 12.   5.   6.]
 [ 11.   7.  16.]
 [ 21.  12.  10.]]
cf_score, 2.0
nv_score, -18.0
ratio, 0.292929292929
[[ 10.   7.  15.]
 [ 14.   8.  13.]
 [ 20.   7.   6.]]
cf_score, -11.0
nv_score, -37.0
ratio, 0.242424242424
[[ 18.   4.   4.]
 [  9.  14.  15.]
 [ 18.  10.   8.]]
cf_score, 18.0
nv_score, -15.0
ratio, 0.40404040404
