[[  0.   0.   0.]
 [  0.  69.   0.]
 [  0.  31.   0.]]
cf_score, 69.0
nv_score, 0.0
ratio, 0.69696969697
[[  0.   0.   0.]
 [  0.  42.  32.]
 [  0.   7.  19.]]
cf_score, 61.0
nv_score, -13.0
ratio, 0.616161616162
[[  0.   0.   0.]
 [  0.  52.  16.]
 [  0.   9.  23.]]
cf_score, 75.0
nv_score, 7.0
ratio, 0.757575757576
[[  0.   0.   0.]
 [  0.  46.  24.]
 [  0.   8.  22.]]
cf_score, 68.0
nv_score, -2.0
ratio, 0.686868686869
[[  0.   0.   0.]
 [  0.  52.  23.]
 [  0.   9.  16.]]
cf_score, 68.0
nv_score, -7.0
ratio, 0.686868686869
[[  0.   0.   0.]
 [  0.  44.  18.]
 [  0.  16.  22.]]
cf_score, 66.0
nv_score, 4.0
ratio, 0.666666666667
[[  0.   0.   0.]
 [  0.  60.  19.]
 [  0.   9.  12.]]
cf_score, 72.0
nv_score, -7.0
ratio, 0.727272727273
[[  0.   0.   0.]
 [  0.  53.  21.]
 [  0.  12.  14.]]
cf_score, 67.0
nv_score, -7.0
ratio, 0.676767676768
[[  0.   0.   0.]
 [  0.  54.  12.]
 [  0.  14.  20.]]
cf_score, 74.0
nv_score, 8.0
ratio, 0.747474747475
[[  0.   0.   0.]
 [  0.  57.  12.]
 [  0.  16.  15.]]
cf_score, 72.0
nv_score, 3.0
ratio, 0.727272727273
[[  0.   0.   0.]
 [  0.  60.  11.]
 [  0.  13.  16.]]
cf_score, 76.0
nv_score, 5.0
ratio, 0.767676767677
[[  0.   0.   0.]
 [  0.  57.  13.]
 [  0.  16.  14.]]
cf_score, 71.0
nv_score, 1.0
ratio, 0.717171717172
[[  0.   0.   0.]
 [  0.  61.  12.]
 [  0.  13.  14.]]
cf_score, 75.0
nv_score, 2.0
ratio, 0.757575757576
[[  0.   0.   0.]
 [  0.  67.  11.]
 [  0.   7.  15.]]
cf_score, 82.0
nv_score, 4.0
ratio, 0.828282828283
[[  0.   0.   0.]
 [  0.  59.   8.]
 [  0.  19.  14.]]
cf_score, 73.0
nv_score, 6.0
ratio, 0.737373737374
[[  0.   0.   0.]
 [  0.  60.   8.]
 [  0.  13.  19.]]
cf_score, 79.0
nv_score, 11.0
ratio, 0.79797979798
[[  0.   0.   0.]
 [  0.  67.  12.]
 [  0.   8.  13.]]
cf_score, 80.0
nv_score, 1.0
ratio, 0.808080808081
[[  0.   0.   0.]
 [  0.  60.   7.]
 [  0.  19.  14.]]
cf_score, 74.0
nv_score, 7.0
ratio, 0.747474747475
[[  0.   0.   0.]
 [  0.  68.  12.]
 [  0.  15.   5.]]
cf_score, 73.0
nv_score, -7.0
ratio, 0.737373737374
[[  0.   0.   0.]
 [  0.  53.  16.]
 [  0.  16.  15.]]
cf_score, 68.0
nv_score, -1.0
ratio, 0.686868686869
[[  0.   0.   0.]
 [  0.  61.   8.]
 [  0.  14.  17.]]
cf_score, 78.0
nv_score, 9.0
ratio, 0.787878787879
[[  0.   0.   0.]
 [  0.  71.  10.]
 [  0.   7.  12.]]
cf_score, 83.0
nv_score, 2.0
ratio, 0.838383838384
[[  0.   0.   0.]
 [  0.  63.  11.]
 [  0.  13.  13.]]
cf_score, 76.0
nv_score, 2.0
ratio, 0.767676767677
[[  0.   0.   0.]
 [  0.  60.   8.]
 [  0.  14.  18.]]
cf_score, 78.0
nv_score, 10.0
ratio, 0.787878787879
[[  0.   0.   0.]
 [  0.  60.   8.]
 [  0.  14.  18.]]
cf_score, 78.0
nv_score, 10.0
ratio, 0.787878787879
[[  0.   0.   0.]
 [  0.  47.  13.]
 [  0.  18.  22.]]
cf_score, 69.0
nv_score, 9.0
ratio, 0.69696969697
[[  0.   0.   0.]
 [  0.  59.   8.]
 [  0.  13.  20.]]
cf_score, 79.0
nv_score, 12.0
ratio, 0.79797979798
[[  0.   0.   0.]
 [  0.  55.   8.]
 [  0.  17.  20.]]
cf_score, 75.0
nv_score, 12.0
ratio, 0.757575757576
[[  0.   0.   0.]
 [  0.  63.   9.]
 [  0.  13.  15.]]
cf_score, 78.0
nv_score, 6.0
ratio, 0.787878787879
[[  0.   0.   0.]
 [  0.  65.  10.]
 [  0.   8.  17.]]
cf_score, 82.0
nv_score, 7.0
ratio, 0.828282828283
[[  0.   0.   0.]
 [  0.  65.   7.]
 [  0.  17.  11.]]
cf_score, 76.0
nv_score, 4.0
ratio, 0.767676767677
[[  0.   0.   0.]
 [  0.  68.   6.]
 [  0.  12.  14.]]
cf_score, 82.0
nv_score, 8.0
ratio, 0.828282828283
[[  0.   0.   0.]
 [  0.  55.  17.]
 [  0.  13.  15.]]
cf_score, 70.0
nv_score, -2.0
ratio, 0.707070707071
[[  0.   0.   0.]
 [  0.  66.   9.]
 [  0.  13.  12.]]
cf_score, 78.0
nv_score, 3.0
ratio, 0.787878787879
[[  0.   0.   0.]
 [  0.  56.  15.]
 [  0.  15.  14.]]
cf_score, 70.0
nv_score, -1.0
ratio, 0.707070707071
[[  0.   0.   0.]
 [  0.  58.  12.]
 [  0.  13.  17.]]
cf_score, 75.0
nv_score, 5.0
ratio, 0.757575757576
[[  0.   0.   0.]
 [  0.  61.  13.]
 [  0.  15.  11.]]
cf_score, 72.0
nv_score, -2.0
ratio, 0.727272727273
[[  0.   0.   0.]
 [  0.  64.  12.]
 [  0.   9.  15.]]
cf_score, 79.0
nv_score, 3.0
ratio, 0.79797979798
[[  0.   0.   0.]
 [  0.  54.  15.]
 [  0.  15.  16.]]
cf_score, 70.0
nv_score, 1.0
ratio, 0.707070707071
[[  0.   0.   0.]
 [  0.  67.   8.]
 [  0.   8.  17.]]
cf_score, 84.0
nv_score, 9.0
ratio, 0.848484848485
[[  0.   0.   0.]
 [  0.  62.  10.]
 [  0.  13.  15.]]
cf_score, 77.0
nv_score, 5.0
ratio, 0.777777777778
[[  0.   0.   0.]
 [  0.  68.   9.]
 [  0.  12.  11.]]
cf_score, 79.0
nv_score, 2.0
ratio, 0.79797979798
[[  0.   0.   0.]
 [  0.  64.  10.]
 [  0.  14.  12.]]
cf_score, 76.0
nv_score, 2.0
ratio, 0.767676767677
[[  0.   0.   0.]
 [  0.  65.   5.]
 [  0.  15.  15.]]
cf_score, 80.0
nv_score, 10.0
ratio, 0.808080808081
[[  0.   0.   0.]
 [  0.  62.  15.]
 [  0.  15.   8.]]
cf_score, 70.0
nv_score, -7.0
ratio, 0.707070707071
[[  0.   0.   0.]
 [  0.  56.  15.]
 [  0.  21.   8.]]
cf_score, 64.0
nv_score, -7.0
ratio, 0.646464646465
[[  0.   0.   0.]
 [  0.  61.   9.]
 [  0.  13.  17.]]
cf_score, 78.0
nv_score, 8.0
ratio, 0.787878787879
[[  0.   0.   0.]
 [  0.  65.  12.]
 [  0.   7.  16.]]
cf_score, 81.0
nv_score, 4.0
ratio, 0.818181818182
[[  0.   0.   0.]
 [  0.  48.   9.]
 [  0.  18.  25.]]
cf_score, 73.0
nv_score, 16.0
ratio, 0.737373737374
[[  0.   0.   0.]
 [  0.  62.   7.]
 [  0.  18.  13.]]
cf_score, 75.0
nv_score, 6.0
ratio, 0.757575757576
