[[  0.  18.   0.]
 [  0.  48.   0.]
 [  0.  34.   0.]]
cf_score, 48.0
nv_score, 0.0
ratio, 0.484848484848
[[  0.  39.   0.]
 [  0.  33.   0.]
 [  0.  28.   0.]]
cf_score, 33.0
nv_score, 0.0
ratio, 0.333333333333
[[  0.  20.   0.]
 [  0.  55.   0.]
 [  0.  25.   0.]]
cf_score, 55.0
nv_score, 0.0
ratio, 0.555555555556
[[  0.  37.   0.]
 [  0.  38.   0.]
 [  0.  25.   0.]]
cf_score, 38.0
nv_score, 0.0
ratio, 0.383838383838
[[  0.  25.   0.]
 [  0.  47.   0.]
 [  0.  28.   0.]]
cf_score, 47.0
nv_score, 0.0
ratio, 0.474747474747
[[  0.  24.   0.]
 [  0.  43.   0.]
 [  0.  33.   0.]]
cf_score, 43.0
nv_score, 0.0
ratio, 0.434343434343
[[  0.  29.   0.]
 [  0.  50.   0.]
 [  0.  21.   0.]]
cf_score, 50.0
nv_score, 0.0
ratio, 0.505050505051
[[  0.  31.   0.]
 [  0.  49.   0.]
 [  0.  20.   0.]]
cf_score, 49.0
nv_score, 0.0
ratio, 0.494949494949
[[  0.  24.   0.]
 [  0.  45.   0.]
 [  0.  31.   0.]]
cf_score, 45.0
nv_score, 0.0
ratio, 0.454545454545
[[  0.  23.   0.]
 [  0.  44.   0.]
 [  0.  33.   0.]]
cf_score, 44.0
nv_score, 0.0
ratio, 0.444444444444
[[  0.  26.   0.]
 [  0.  53.   0.]
 [  0.  21.   0.]]
cf_score, 53.0
nv_score, 0.0
ratio, 0.535353535354
[[  0.  17.   0.]
 [  0.  43.   0.]
 [  0.  40.   0.]]
cf_score, 43.0
nv_score, 0.0
ratio, 0.434343434343
[[  0.  24.   0.]
 [  0.  49.   0.]
 [  0.  27.   0.]]
cf_score, 49.0
nv_score, 0.0
ratio, 0.494949494949
[[  0.  30.   0.]
 [  0.  43.   0.]
 [  0.  27.   0.]]
cf_score, 43.0
nv_score, 0.0
ratio, 0.434343434343
[[  0.  31.   0.]
 [  0.  46.   0.]
 [  0.  23.   0.]]
cf_score, 46.0
nv_score, 0.0
ratio, 0.464646464646
[[  0.  21.   0.]
 [  0.  42.   0.]
 [  0.  37.   0.]]
cf_score, 42.0
nv_score, 0.0
ratio, 0.424242424242
[[  0.  31.   0.]
 [  0.  43.   0.]
 [  0.  26.   0.]]
cf_score, 43.0
nv_score, 0.0
ratio, 0.434343434343
[[  0.  34.   0.]
 [  0.  37.   0.]
 [  0.  29.   0.]]
cf_score, 37.0
nv_score, 0.0
ratio, 0.373737373737
[[  0.  30.   0.]
 [  0.  42.   0.]
 [  0.  28.   0.]]
cf_score, 42.0
nv_score, 0.0
ratio, 0.424242424242
[[  0.  24.   0.]
 [  0.  48.   0.]
 [  0.  28.   0.]]
cf_score, 48.0
nv_score, 0.0
ratio, 0.484848484848
[[  0.  22.   0.]
 [  0.  50.   0.]
 [  0.  28.   0.]]
cf_score, 50.0
nv_score, 0.0
ratio, 0.505050505051
[[  0.  23.   0.]
 [  0.  55.   0.]
 [  0.  22.   0.]]
cf_score, 55.0
nv_score, 0.0
ratio, 0.555555555556
[[  0.  28.   0.]
 [  0.  46.   0.]
 [  0.  26.   0.]]
cf_score, 46.0
nv_score, 0.0
ratio, 0.464646464646
[[  0.  25.   0.]
 [  0.  48.   0.]
 [  0.  27.   0.]]
cf_score, 48.0
nv_score, 0.0
ratio, 0.484848484848
[[  0.  34.   0.]
 [  0.  44.   0.]
 [  0.  22.   0.]]
cf_score, 44.0
nv_score, 0.0
ratio, 0.444444444444
[[  0.  24.   0.]
 [  0.  42.   0.]
 [  0.  34.   0.]]
cf_score, 42.0
nv_score, 0.0
ratio, 0.424242424242
[[  0.  28.   0.]
 [  0.  46.   0.]
 [  0.  26.   0.]]
cf_score, 46.0
nv_score, 0.0
ratio, 0.464646464646
[[  0.  28.   0.]
 [  0.  46.   0.]
 [  0.  26.   0.]]
cf_score, 46.0
nv_score, 0.0
ratio, 0.464646464646
[[  0.  26.   0.]
 [  0.  43.   0.]
 [  0.  31.   0.]]
cf_score, 43.0
nv_score, 0.0
ratio, 0.434343434343
[[  0.  34.   0.]
 [  0.  38.   0.]
 [  0.  28.   0.]]
cf_score, 38.0
nv_score, 0.0
ratio, 0.383838383838
[[  0.  25.   0.]
 [  0.  42.   0.]
 [  0.  33.   0.]]
cf_score, 42.0
nv_score, 0.0
ratio, 0.424242424242
[[  0.  29.   0.]
 [  0.  42.   0.]
 [  0.  29.   0.]]
cf_score, 42.0
nv_score, 0.0
ratio, 0.424242424242
[[  0.  22.   0.]
 [  0.  54.   0.]
 [  0.  24.   0.]]
cf_score, 54.0
nv_score, 0.0
ratio, 0.545454545455
[[  0.  25.   0.]
 [  0.  40.   0.]
 [  0.  35.   0.]]
cf_score, 40.0
nv_score, 0.0
ratio, 0.40404040404
[[  0.  25.   0.]
 [  0.  47.   0.]
 [  0.  28.   0.]]
cf_score, 47.0
nv_score, 0.0
ratio, 0.474747474747
[[  0.  21.   0.]
 [  0.  50.   0.]
 [  0.  29.   0.]]
cf_score, 50.0
nv_score, 0.0
ratio, 0.505050505051
[[  0.  27.   0.]
 [  0.  51.   0.]
 [  0.  22.   0.]]
cf_score, 51.0
nv_score, 0.0
ratio, 0.515151515152
[[  0.  25.   0.]
 [  0.  42.   0.]
 [  0.  33.   0.]]
cf_score, 42.0
nv_score, 0.0
ratio, 0.424242424242
[[  0.  28.   0.]
 [  0.  47.   0.]
 [  0.  25.   0.]]
cf_score, 47.0
nv_score, 0.0
ratio, 0.474747474747
[[  0.  28.   0.]
 [  0.  53.   0.]
 [  0.  19.   0.]]
cf_score, 53.0
nv_score, 0.0
ratio, 0.535353535354
[[  0.  27.   0.]
 [  0.  40.   0.]
 [  0.  33.   0.]]
cf_score, 40.0
nv_score, 0.0
ratio, 0.40404040404
[[  0.  25.   0.]
 [  0.  45.   0.]
 [  0.  30.   0.]]
cf_score, 45.0
nv_score, 0.0
ratio, 0.454545454545
[[  0.  34.   0.]
 [  0.  42.   0.]
 [  0.  24.   0.]]
cf_score, 42.0
nv_score, 0.0
ratio, 0.424242424242
[[  0.  28.   0.]
 [  0.  51.   0.]
 [  0.  21.   0.]]
cf_score, 51.0
nv_score, 0.0
ratio, 0.515151515152
[[  0.  23.   0.]
 [  0.  51.   0.]
 [  0.  26.   0.]]
cf_score, 51.0
nv_score, 0.0
ratio, 0.515151515152
[[  0.  30.   0.]
 [  0.  55.   0.]
 [  0.  15.   0.]]
cf_score, 55.0
nv_score, 0.0
ratio, 0.555555555556
[[  0.  20.   0.]
 [  0.  50.   0.]
 [  0.  30.   0.]]
cf_score, 50.0
nv_score, 0.0
ratio, 0.505050505051
[[  0.  29.   0.]
 [  0.  48.   0.]
 [  0.  23.   0.]]
cf_score, 48.0
nv_score, 0.0
ratio, 0.484848484848
[[  0.  21.   0.]
 [  0.  51.   0.]
 [  0.  28.   0.]]
cf_score, 51.0
nv_score, 0.0
ratio, 0.515151515152
[[  0.  22.   0.]
 [  0.  60.   0.]
 [  0.  18.   0.]]
cf_score, 60.0
nv_score, 0.0
ratio, 0.606060606061
