[[ 20.   0.   8.]
 [ 31.   0.   9.]
 [ 18.   0.  14.]]
cf_score, 8.0
nv_score, -11.0
ratio, 0.343434343434
[[ 22.   0.  11.]
 [ 29.   0.  14.]
 [ 10.   0.  14.]]
cf_score, 15.0
nv_score, -22.0
ratio, 0.363636363636
[[ 26.   0.   2.]
 [ 33.   0.   9.]
 [ 15.   1.  14.]]
cf_score, 23.0
nv_score, 1.0
ratio, 0.40404040404
[[ 20.   0.   8.]
 [ 28.   3.   9.]
 [ 13.   1.  18.]]
cf_score, 20.0
nv_score, -7.0
ratio, 0.414141414141
[[ 16.   0.  15.]
 [ 39.   1.   8.]
 [ 10.   0.  11.]]
cf_score, 3.0
nv_score, -27.0
ratio, 0.282828282828
[[ 20.   0.   7.]
 [ 42.   1.   4.]
 [ 17.   0.   9.]]
cf_score, 6.0
nv_score, -9.0
ratio, 0.30303030303
[[ 17.   0.   6.]
 [ 39.   3.   7.]
 [ 14.   2.  12.]]
cf_score, 12.0
nv_score, -7.0
ratio, 0.323232323232
[[ 26.   0.   7.]
 [ 26.   2.   6.]
 [ 14.   0.  19.]]
cf_score, 26.0
nv_score, -1.0
ratio, 0.474747474747
[[ 23.   0.   9.]
 [ 33.   0.   3.]
 [ 13.   1.  18.]]
cf_score, 19.0
nv_score, -3.0
ratio, 0.414141414141
[[ 24.   0.  10.]
 [ 27.   0.   6.]
 [ 17.   0.  16.]]
cf_score, 13.0
nv_score, -10.0
ratio, 0.40404040404
[[ 21.   0.   9.]
 [ 32.   1.  12.]
 [ 11.   0.  14.]]
cf_score, 16.0
nv_score, -16.0
ratio, 0.363636363636
[[ 22.   3.  10.]
 [ 33.   0.   4.]
 [  9.   0.  19.]]
cf_score, 22.0
nv_score, -5.0
ratio, 0.414141414141
[[ 24.   0.   8.]
 [ 27.   0.   7.]
 [ 14.   1.  19.]]
cf_score, 21.0
nv_score, -4.0
ratio, 0.434343434343
[[ 24.   2.  11.]
 [ 25.   0.   7.]
 [ 16.   0.  15.]]
cf_score, 12.0
nv_score, -14.0
ratio, 0.393939393939
[[ 24.   0.   7.]
 [ 32.   3.  11.]
 [  8.   0.  15.]]
cf_score, 27.0
nv_score, -10.0
ratio, 0.424242424242
[[ 18.   1.  14.]
 [ 24.   0.  12.]
 [ 13.   0.  18.]]
cf_score, 9.0
nv_score, -22.0
ratio, 0.363636363636
[[ 25.   1.   7.]
 [ 26.   0.   4.]
 [ 19.   1.  17.]]
cf_score, 16.0
nv_score, -1.0
ratio, 0.424242424242
[[ 25.   2.   7.]
 [ 26.   0.  14.]
 [ 12.   0.  14.]]
cf_score, 20.0
nv_score, -14.0
ratio, 0.393939393939
[[ 18.   0.   9.]
 [ 27.   0.   8.]
 [ 17.   0.  21.]]
cf_score, 13.0
nv_score, -5.0
ratio, 0.393939393939
[[ 17.   0.  10.]
 [ 31.   0.   5.]
 [ 20.   0.  17.]]
cf_score, 4.0
nv_score, -8.0
ratio, 0.343434343434
[[ 14.   0.  18.]
 [ 36.   1.   6.]
 [  9.   0.  16.]]
cf_score, 4.0
nv_score, -26.0
ratio, 0.313131313131
[[ 14.   0.  11.]
 [ 30.   0.  14.]
 [ 13.   1.  17.]]
cf_score, 7.0
nv_score, -19.0
ratio, 0.313131313131
[[ 12.   0.  10.]
 [ 27.   0.  12.]
 [ 15.   0.  24.]]
cf_score, 11.0
nv_score, -8.0
ratio, 0.363636363636
[[ 21.   0.  10.]
 [ 31.   0.   8.]
 [ 21.   0.   9.]]
cf_score, -1.0
nv_score, -19.0
ratio, 0.30303030303
[[ 20.   0.   7.]
 [ 32.   0.   8.]
 [ 18.   0.  15.]]
cf_score, 10.0
nv_score, -7.0
ratio, 0.353535353535
[[ 15.   0.  11.]
 [ 26.   0.   9.]
 [ 27.   0.  12.]]
cf_score, -11.0
nv_score, -19.0
ratio, 0.272727272727
[[ 16.   0.  13.]
 [ 31.   0.   5.]
 [ 19.   0.  16.]]
cf_score, 0.0
nv_score, -15.0
ratio, 0.323232323232
[[ 22.   0.  10.]
 [ 32.   0.   4.]
 [ 14.   0.  18.]]
cf_score, 16.0
nv_score, -6.0
ratio, 0.40404040404
[[ 14.   0.  13.]
 [ 33.   2.   4.]
 [ 16.   0.  18.]]
cf_score, 5.0
nv_score, -12.0
ratio, 0.343434343434
[[ 31.   1.   6.]
 [ 30.   0.   6.]
 [ 11.   0.  15.]]
cf_score, 29.0
nv_score, -3.0
ratio, 0.464646464646
[[ 17.   1.  11.]
 [ 36.   2.   3.]
 [ 19.   0.  11.]]
cf_score, 0.0
nv_score, -14.0
ratio, 0.30303030303
[[ 23.   0.  15.]
 [ 26.   0.  14.]
 [  9.   1.  12.]]
cf_score, 11.0
nv_score, -32.0
ratio, 0.353535353535
[[ 24.   0.  12.]
 [ 29.   0.   8.]
 [  9.   0.  18.]]
cf_score, 21.0
nv_score, -14.0
ratio, 0.424242424242
[[ 22.   0.   9.]
 [ 20.   0.  12.]
 [ 16.   0.  21.]]
cf_score, 18.0
nv_score, -9.0
ratio, 0.434343434343
[[ 15.   3.  16.]
 [ 31.   0.   8.]
 [ 12.   0.  15.]]
cf_score, 2.0
nv_score, -25.0
ratio, 0.30303030303
[[ 23.   0.   8.]
 [ 24.   0.   7.]
 [ 13.   3.  22.]]
cf_score, 24.0
nv_score, -1.0
ratio, 0.454545454545
[[ 23.   3.   9.]
 [ 30.   2.   8.]
 [ 10.   0.  15.]]
cf_score, 21.0
nv_score, -11.0
ratio, 0.40404040404
[[ 27.   0.   5.]
 [ 30.   0.   8.]
 [ 17.   2.  11.]]
cf_score, 16.0
nv_score, -7.0
ratio, 0.383838383838
[[ 19.   0.  10.]
 [ 33.   0.   8.]
 [ 13.   0.  17.]]
cf_score, 13.0
nv_score, -11.0
ratio, 0.363636363636
[[ 20.   0.  10.]
 [ 23.   0.  11.]
 [ 15.   1.  20.]]
cf_score, 15.0
nv_score, -11.0
ratio, 0.40404040404
[[ 17.   0.  13.]
 [ 30.   2.  11.]
 [  9.   0.  18.]]
cf_score, 15.0
nv_score, -19.0
ratio, 0.373737373737
[[ 14.   0.  15.]
 [ 32.   0.   9.]
 [  8.   0.  22.]]
cf_score, 13.0
nv_score, -17.0
ratio, 0.363636363636
[[ 20.   1.   8.]
 [ 33.   0.  16.]
 [ 12.   0.  10.]]
cf_score, 10.0
nv_score, -22.0
ratio, 0.30303030303
[[ 20.   1.  10.]
 [ 25.   1.  10.]
 [ 12.   1.  20.]]
cf_score, 19.0
nv_score, -10.0
ratio, 0.414141414141
[[ 23.   0.  10.]
 [ 26.   0.   8.]
 [ 14.   0.  19.]]
cf_score, 18.0
nv_score, -9.0
ratio, 0.424242424242
[[ 23.   1.  10.]
 [ 33.   0.   6.]
 [ 12.   0.  15.]]
cf_score, 16.0
nv_score, -11.0
ratio, 0.383838383838
[[ 18.   2.   9.]
 [ 30.   0.   9.]
 [ 14.   0.  18.]]
cf_score, 13.0
nv_score, -9.0
ratio, 0.363636363636
[[ 13.   0.  11.]
 [ 28.   0.  12.]
 [ 14.   0.  22.]]
cf_score, 10.0
nv_score, -12.0
ratio, 0.353535353535
[[ 22.   0.   4.]
 [ 34.   1.   7.]
 [ 17.   0.  15.]]
cf_score, 17.0
nv_score, 0.0
ratio, 0.383838383838
[[ 17.   2.  12.]
 [ 23.   1.  12.]
 [ 18.   0.  15.]]
cf_score, 3.0
nv_score, -21.0
ratio, 0.333333333333
