loading data...
Loading Model.
7.074: [[ 0.05903789  0.11176062  0.82920152]]
7.1133: [[ 0.05917395  0.11212108  0.82870501]]
7.1526: [[ 0.05932892  0.11253025  0.82814085]]
7.1919: [[ 0.05950531  0.11299416  0.82750052]]
7.2312: [[ 0.05970604  0.11352005  0.82677388]]
7.2705: [[ 0.05993439  0.11411577  0.82594979]]
7.3098: [[ 0.06019425  0.11479081  0.82501489]]
7.3491: [[ 0.06049008  0.11555582  0.82395405]]
7.3884: [[ 0.06082708  0.11642312  0.82274979]]
7.4277: [[ 0.06121124  0.11740697  0.82138181]]
7.467: [[ 0.06164955  0.11852372  0.81982672]]
7.5063: [[ 0.06215011  0.11979228  0.8180576 ]]
7.5456: [[ 0.06272255  0.12123464  0.81604278]]
7.5849: [[ 0.06337793  0.12287597  0.81374609]]
7.6242: [[ 0.06412931  0.12474533  0.81112534]]
7.6635: [[ 0.06499203  0.12687618  0.80813175]]
7.7028: [[ 0.06598397  0.12930648  0.80470955]]
7.7421: [[ 0.06712636  0.1320796   0.80079401]]
7.7814: [[ 0.06844416  0.13524422  0.79631162]]
7.8207: [[ 0.0699669   0.13885438  0.7911787 ]]
7.86: [[ 0.07172924  0.14296837  0.7853024 ]]
7.8993: [[ 0.07377276  0.14764801  0.77857929]]
7.9386: [[ 0.07614633  0.15295427  0.77089942]]
7.9779: [[ 0.07890873  0.15894398  0.76214731]]
8.0172: [[ 0.08212998  0.16565955  0.75221044]]
8.0565: [[ 0.08589477  0.173118    0.7409873 ]]
8.0958: [[ 0.09030651  0.18129402  0.72839946]]
8.1351: [[ 0.09549202  0.19009554  0.71441245]]
8.1744: [[ 0.10160974  0.19933747  0.69905275]]
8.2137: [[ 0.10885905  0.20871127  0.68242961]]
8.253: [[ 0.11749296  0.21776091  0.66474617]]
8.2923: [[ 0.12782915  0.22587201  0.64629889]]
8.3316: [[ 0.14026228  0.23229681  0.62744087]]
8.3709: [[ 0.15525529  0.23621854  0.60852611]]
8.4102: [[ 0.17331389  0.23687696  0.58980918]]
8.4495: [[ 0.19491084  0.23373555  0.57135367]]
8.4888: [[ 0.22037144  0.22665654  0.55297202]]
8.5281: [[ 0.24972738  0.21601434  0.53425831]]
8.5674: [[ 0.28259537  0.20267835  0.51472628]]
8.6067: [[ 0.31815413  0.18783984  0.49400604]]
