[[  7.   9.  12.]
 [  6.  25.   6.]
 [  1.  13.  21.]]
cf_score, 40.0
nv_score, -9.0
ratio, 0.535353535354
[[ 15.  14.   5.]
 [  8.  31.   0.]
 [ 12.  13.   2.]]
cf_score, 31.0
nv_score, -8.0
ratio, 0.484848484848
[[ 11.  17.   0.]
 [  6.  32.   0.]
 [ 20.  14.   0.]]
cf_score, 23.0
nv_score, 0.0
ratio, 0.434343434343
[[ 19.   6.   0.]
 [ 12.  30.   0.]
 [ 22.  11.   0.]]
cf_score, 27.0
nv_score, 0.0
ratio, 0.494949494949
[[ 22.  12.   0.]
 [ 14.  16.   0.]
 [ 17.  19.   0.]]
cf_score, 21.0
nv_score, 0.0
ratio, 0.383838383838
[[ 21.  14.   0.]
 [  9.  17.   0.]
 [ 29.  10.   0.]]
cf_score, 9.0
nv_score, 0.0
ratio, 0.383838383838
[[ 19.  17.   0.]
 [ 12.  23.   0.]
 [ 19.  10.   0.]]
cf_score, 23.0
nv_score, 0.0
ratio, 0.424242424242
[[ 22.  20.   0.]
 [ 10.  21.   0.]
 [ 17.  10.   0.]]
cf_score, 26.0
nv_score, 0.0
ratio, 0.434343434343
[[ 15.  13.   0.]
 [ 13.  19.   0.]
 [ 22.  18.   0.]]
cf_score, 12.0
nv_score, 0.0
ratio, 0.343434343434
[[ 12.  16.   0.]
 [ 12.  28.   0.]
 [ 19.  13.   0.]]
cf_score, 21.0
nv_score, 0.0
ratio, 0.40404040404
[[ 20.  14.   0.]
 [ 19.  22.   0.]
 [ 17.   8.   0.]]
cf_score, 25.0
nv_score, 0.0
ratio, 0.424242424242
[[ 22.   8.   0.]
 [  8.  25.   0.]
 [ 19.  18.   0.]]
cf_score, 28.0
nv_score, 0.0
ratio, 0.474747474747
[[ 24.  10.   0.]
 [ 12.  21.   0.]
 [ 18.  15.   0.]]
cf_score, 27.0
nv_score, 0.0
ratio, 0.454545454545
[[ 25.  10.   0.]
 [  7.  26.   0.]
 [ 19.  13.   0.]]
cf_score, 32.0
nv_score, 0.0
ratio, 0.515151515152
[[ 19.  11.   0.]
 [  8.  25.   0.]
 [ 20.  17.   0.]]
cf_score, 24.0
nv_score, 0.0
ratio, 0.444444444444
[[ 15.  10.   0.]
 [ 13.  30.   0.]
 [ 18.  14.   0.]]
cf_score, 27.0
nv_score, 0.0
ratio, 0.454545454545
[[ 20.  14.   0.]
 [  8.  28.   0.]
 [ 17.  12.   1.]]
cf_score, 32.0
nv_score, 1.0
ratio, 0.494949494949
[[ 11.   8.   1.]
 [ 12.  23.   2.]
 [ 24.  14.   5.]]
cf_score, 14.0
nv_score, 1.0
ratio, 0.393939393939
[[ 24.   6.   2.]
 [  4.  27.   2.]
 [ 15.  15.   5.]]
cf_score, 39.0
nv_score, -1.0
ratio, 0.565656565657
[[ 15.  12.   1.]
 [ 15.  22.   1.]
 [ 17.  17.   0.]]
cf_score, 19.0
nv_score, -3.0
ratio, 0.373737373737
[[ 21.  10.   3.]
 [  7.  29.   2.]
 [ 11.  15.   2.]]
cf_score, 38.0
nv_score, -6.0
ratio, 0.525252525253
[[ 19.   6.   0.]
 [ 14.  22.   0.]
 [ 19.  20.   0.]]
cf_score, 22.0
nv_score, 0.0
ratio, 0.414141414141
[[ 27.  13.   1.]
 [ 11.  23.   0.]
 [ 13.  12.   0.]]
cf_score, 36.0
nv_score, -2.0
ratio, 0.505050505051
[[ 20.   8.   0.]
 [ 15.  26.   0.]
 [ 18.  13.   0.]]
cf_score, 28.0
nv_score, 0.0
ratio, 0.464646464646
[[ 18.   6.   1.]
 [ 19.  16.   3.]
 [ 16.  20.   1.]]
cf_score, 18.0
nv_score, -4.0
ratio, 0.353535353535
[[ 19.   9.   0.]
 [ 19.  23.   1.]
 [ 16.  11.   2.]]
cf_score, 28.0
nv_score, 1.0
ratio, 0.444444444444
[[ 30.   6.   2.]
 [ 10.  16.   0.]
 [ 17.  16.   3.]]
cf_score, 30.0
nv_score, -1.0
ratio, 0.494949494949
[[ 24.  14.   0.]
 [ 11.  20.   0.]
 [  9.  22.   0.]]
cf_score, 35.0
nv_score, 0.0
ratio, 0.444444444444
[[ 18.  11.   0.]
 [  9.  25.   0.]
 [ 21.  16.   0.]]
cf_score, 22.0
nv_score, 0.0
ratio, 0.434343434343
[[ 22.   6.   3.]
 [  8.  24.   1.]
 [ 20.  12.   4.]]
cf_score, 27.0
nv_score, -3.0
ratio, 0.505050505051
[[ 21.   8.   1.]
 [ 16.  19.   1.]
 [ 14.  18.   2.]]
cf_score, 27.0
nv_score, -1.0
ratio, 0.424242424242
[[ 21.  16.   1.]
 [  8.  24.   1.]
 [ 10.  16.   3.]]
cf_score, 37.0
nv_score, 0.0
ratio, 0.484848484848
[[ 18.   8.   2.]
 [ 14.  23.   3.]
 [ 17.  12.   3.]]
cf_score, 25.0
nv_score, -4.0
ratio, 0.444444444444
[[ 17.  16.   0.]
 [ 14.  23.   2.]
 [  6.  21.   1.]]
cf_score, 35.0
nv_score, -1.0
ratio, 0.414141414141
[[  9.  13.   4.]
 [ 17.  19.   5.]
 [ 18.  14.   1.]]
cf_score, 7.0
nv_score, -12.0
ratio, 0.292929292929
[[ 12.  12.   4.]
 [  7.  30.   3.]
 [ 14.  18.   0.]]
cf_score, 24.0
nv_score, -11.0
ratio, 0.424242424242
[[ 13.  19.   2.]
 [ 10.  20.   4.]
 [  9.  20.   3.]]
cf_score, 25.0
nv_score, -5.0
ratio, 0.363636363636
[[ 16.  11.   4.]
 [ 15.  15.   6.]
 [ 10.  21.   2.]]
cf_score, 19.0
nv_score, -12.0
ratio, 0.333333333333
[[ 16.  17.   4.]
 [  6.  17.   1.]
 [ 13.  19.   7.]]
cf_score, 23.0
nv_score, -2.0
ratio, 0.40404040404
[[ 18.  10.   5.]
 [  7.  19.   4.]
 [ 15.  15.   7.]]
cf_score, 24.0
nv_score, -7.0
ratio, 0.444444444444
[[ 17.   5.   6.]
 [ 11.  20.   3.]
 [ 21.  13.   4.]]
cf_score, 14.0
nv_score, -11.0
ratio, 0.414141414141
[[ 19.   9.   0.]
 [ 13.  21.   3.]
 [ 17.  16.   2.]]
cf_score, 25.0
nv_score, -1.0
ratio, 0.424242424242
[[ 25.   8.   4.]
 [ 13.  19.   3.]
 [ 13.  12.   3.]]
cf_score, 30.0
nv_score, -8.0
ratio, 0.474747474747
[[ 11.  12.   7.]
 [ 11.  17.   3.]
 [ 23.  14.   2.]]
cf_score, 0.0
nv_score, -15.0
ratio, 0.30303030303
[[ 21.  10.   7.]
 [  7.  19.   8.]
 [ 13.  12.   3.]]
cf_score, 23.0
nv_score, -19.0
ratio, 0.434343434343
[[ 15.  15.   4.]
 [  6.  21.   3.]
 [  8.  24.   4.]]
cf_score, 28.0
nv_score, -7.0
ratio, 0.40404040404
[[ 14.   6.   6.]
 [ 17.  25.   4.]
 [ 11.  15.   2.]]
cf_score, 24.0
nv_score, -14.0
ratio, 0.414141414141
[[ 15.  11.   1.]
 [  5.  22.  10.]
 [ 15.  17.   4.]]
cf_score, 25.0
nv_score, -8.0
ratio, 0.414141414141
[[ 10.   8.   6.]
 [ 10.  23.   6.]
 [  9.  19.   9.]]
cf_score, 27.0
nv_score, -9.0
ratio, 0.424242424242
[[ 17.  13.   3.]
 [ 11.  16.   4.]
 [ 13.  15.   8.]]
cf_score, 25.0
nv_score, -2.0
ratio, 0.414141414141
