[[  0.   0.  35.]
 [  0.   0.  32.]
 [  0.   0.  33.]]
cf_score, -2.0
nv_score, -69.0
ratio, 0.333333333333
[[ 25.   0.   0.]
 [ 34.   0.   0.]
 [ 41.   0.   0.]]
cf_score, -16.0
nv_score, 0.0
ratio, 0.252525252525
[[  0.   0.  33.]
 [  0.   0.  27.]
 [  0.   0.  40.]]
cf_score, 7.0
nv_score, -53.0
ratio, 0.40404040404
[[  0.   0.  28.]
 [  0.   0.  39.]
 [  0.   0.  33.]]
cf_score, 5.0
nv_score, -62.0
ratio, 0.333333333333
[[  0.  29.   0.]
 [  0.  34.   0.]
 [  0.  37.   0.]]
cf_score, 34.0
nv_score, 0.0
ratio, 0.343434343434
[[ 31.   0.   0.]
 [ 40.   0.   0.]
 [ 29.   0.   0.]]
cf_score, 2.0
nv_score, 0.0
ratio, 0.313131313131
[[ 33.   0.   0.]
 [ 27.   0.   0.]
 [ 40.   0.   0.]]
cf_score, -7.0
nv_score, 0.0
ratio, 0.333333333333
[[  0.   0.  24.]
 [  0.   0.  37.]
 [  0.   0.  39.]]
cf_score, 15.0
nv_score, -46.0
ratio, 0.393939393939
[[  0.   0.  34.]
 [  0.   0.  33.]
 [  0.   0.  33.]]
cf_score, -1.0
nv_score, -68.0
ratio, 0.333333333333
[[  0.   0.  30.]
 [  0.   0.  38.]
 [  0.   0.  32.]]
cf_score, 2.0
nv_score, -66.0
ratio, 0.323232323232
[[ 25.   0.   0.]
 [ 39.   0.   0.]
 [ 36.   0.   0.]]
cf_score, -11.0
nv_score, 0.0
ratio, 0.252525252525
[[ 32.   0.   0.]
 [ 30.   0.   0.]
 [ 38.   0.   0.]]
cf_score, -6.0
nv_score, 0.0
ratio, 0.323232323232
[[  0.   0.  31.]
 [  0.   0.  31.]
 [  0.   0.  38.]]
cf_score, 7.0
nv_score, -55.0
ratio, 0.383838383838
[[  0.   0.  30.]
 [  0.   0.  43.]
 [  0.   0.  27.]]
cf_score, -3.0
nv_score, -76.0
ratio, 0.272727272727
[[ 37.   0.   0.]
 [ 30.   0.   0.]
 [ 33.   0.   0.]]
cf_score, 4.0
nv_score, 0.0
ratio, 0.373737373737
[[ 27.   0.   0.]
 [ 45.   0.   0.]
 [ 28.   0.   0.]]
cf_score, -1.0
nv_score, 0.0
ratio, 0.272727272727
[[  0.   0.  27.]
 [  0.   0.  44.]
 [  0.   0.  29.]]
cf_score, 2.0
nv_score, -69.0
ratio, 0.292929292929
[[ 37.   0.   0.]
 [ 37.   0.   0.]
 [ 26.   0.   0.]]
cf_score, 11.0
nv_score, 0.0
ratio, 0.373737373737
[[ 34.   0.   0.]
 [ 38.   0.   0.]
 [ 28.   0.   0.]]
cf_score, 6.0
nv_score, 0.0
ratio, 0.343434343434
[[  0.   0.  18.]
 [  0.   0.  35.]
 [  0.   0.  47.]]
cf_score, 29.0
nv_score, -24.0
ratio, 0.474747474747
[[ 24.   0.   0.]
 [ 29.   0.   0.]
 [ 47.   0.   0.]]
cf_score, -23.0
nv_score, 0.0
ratio, 0.242424242424
[[ 26.   0.   0.]
 [ 35.   0.   0.]
 [ 39.   0.   0.]]
cf_score, -13.0
nv_score, 0.0
ratio, 0.262626262626
[[  0.   0.  32.]
 [  0.   0.  32.]
 [  0.   0.  36.]]
cf_score, 4.0
nv_score, -60.0
ratio, 0.363636363636
[[  0.   0.  38.]
 [  0.   0.  29.]
 [  0.   0.  33.]]
cf_score, -5.0
nv_score, -72.0
ratio, 0.333333333333
[[ 36.   0.   0.]
 [ 40.   0.   0.]
 [ 24.   0.   0.]]
cf_score, 12.0
nv_score, 0.0
ratio, 0.363636363636
[[ 27.   0.   0.]
 [ 38.   0.   0.]
 [ 35.   0.   0.]]
cf_score, -8.0
nv_score, 0.0
ratio, 0.272727272727
[[ 21.   0.   0.]
 [ 39.   0.   0.]
 [ 40.   0.   0.]]
cf_score, -19.0
nv_score, 0.0
ratio, 0.212121212121
[[  0.   0.  33.]
 [  0.   0.  33.]
 [  0.   0.  34.]]
cf_score, 1.0
nv_score, -65.0
ratio, 0.343434343434
[[  0.   0.  30.]
 [  0.   0.  37.]
 [  0.   0.  33.]]
cf_score, 3.0
nv_score, -64.0
ratio, 0.333333333333
[[  0.   0.  36.]
 [  0.   0.  33.]
 [  0.   0.  31.]]
cf_score, -5.0
nv_score, -74.0
ratio, 0.313131313131
[[  0.   0.  36.]
 [  0.   0.  36.]
 [  0.   0.  28.]]
cf_score, -8.0
nv_score, -80.0
ratio, 0.282828282828
[[  0.   0.  33.]
 [  0.   0.  39.]
 [  0.   0.  28.]]
cf_score, -5.0
nv_score, -77.0
ratio, 0.282828282828
[[ 33.   0.   0.]
 [ 26.   0.   0.]
 [ 41.   0.   0.]]
cf_score, -8.0
nv_score, 0.0
ratio, 0.333333333333
[[  0.   0.  35.]
 [  0.   0.  33.]
 [  0.   0.  32.]]
cf_score, -3.0
nv_score, -71.0
ratio, 0.323232323232
[[  0.   0.  31.]
 [  0.   0.  33.]
 [  0.   0.  36.]]
cf_score, 5.0
nv_score, -59.0
ratio, 0.363636363636
[[ 25.   0.   0.]
 [ 43.   0.   0.]
 [ 32.   0.   0.]]
cf_score, -7.0
nv_score, 0.0
ratio, 0.252525252525
[[ 26.   0.   0.]
 [ 41.   0.   0.]
 [ 33.   0.   0.]]
cf_score, -7.0
nv_score, 0.0
ratio, 0.262626262626
[[ 35.   0.   0.]
 [ 38.   0.   0.]
 [ 27.   0.   0.]]
cf_score, 8.0
nv_score, 0.0
ratio, 0.353535353535
[[ 39.   0.   0.]
 [ 32.   0.   0.]
 [ 29.   0.   0.]]
cf_score, 10.0
nv_score, 0.0
ratio, 0.393939393939
[[ 27.   0.   0.]
 [ 38.   0.   0.]
 [ 35.   0.   0.]]
cf_score, -8.0
nv_score, 0.0
ratio, 0.272727272727
[[  0.   0.  30.]
 [  0.   0.  37.]
 [  0.   0.  33.]]
cf_score, 3.0
nv_score, -64.0
ratio, 0.333333333333
[[  0.   0.  34.]
 [  0.   0.  36.]
 [  0.   0.  30.]]
cf_score, -4.0
nv_score, -74.0
ratio, 0.30303030303
[[  0.   0.  29.]
 [  0.   0.  32.]
 [  0.   0.  39.]]
cf_score, 10.0
nv_score, -51.0
ratio, 0.393939393939
[[  0.   0.  36.]
 [  0.   0.  28.]
 [  0.   0.  36.]]
cf_score, 0.0
nv_score, -64.0
ratio, 0.363636363636
[[  0.   0.  29.]
 [  0.   0.  33.]
 [  0.   0.  38.]]
cf_score, 9.0
nv_score, -53.0
ratio, 0.383838383838
[[  0.   0.  38.]
 [  0.   0.  29.]
 [  0.   0.  33.]]
cf_score, -5.0
nv_score, -72.0
ratio, 0.333333333333
[[  0.   0.  27.]
 [  0.   0.  32.]
 [  0.   0.  41.]]
cf_score, 14.0
nv_score, -45.0
ratio, 0.414141414141
[[  0.   0.  34.]
 [  0.   0.  38.]
 [  0.   0.  28.]]
cf_score, -6.0
nv_score, -78.0
ratio, 0.282828282828
[[  0.   0.  32.]
 [  0.   0.  33.]
 [  0.   0.  35.]]
cf_score, 3.0
nv_score, -62.0
ratio, 0.353535353535
[[ 36.   0.   0.]
 [ 30.   0.   0.]
 [ 34.   0.   0.]]
cf_score, 2.0
nv_score, 0.0
ratio, 0.363636363636
