[[ 29.   0.  12.]
 [ 19.   0.  10.]
 [ 17.   0.  13.]]
cf_score, 13.0
ratio, 0.424242424242
[[ 16.   0.   5.]
 [ 37.   3.   7.]
 [ 19.   0.  13.]]
cf_score, 8.0
ratio, 0.323232323232
[[ 22.   1.   7.]
 [ 23.   1.  10.]
 [ 23.   0.  13.]]
cf_score, 6.0
ratio, 0.363636363636
[[ 16.   5.   5.]
 [ 22.   2.  10.]
 [ 26.   2.  12.]]
cf_score, -1.0
ratio, 0.30303030303
[[ 22.   2.   7.]
 [ 24.   2.   6.]
 [ 19.   3.  15.]]
cf_score, 13.0
ratio, 0.393939393939
[[ 24.   2.   7.]
 [ 21.   9.   3.]
 [ 12.   4.  18.]]
cf_score, 32.0
ratio, 0.515151515152
[[ 22.   8.   8.]
 [ 16.   6.   6.]
 [ 12.   2.  20.]]
cf_score, 28.0
ratio, 0.484848484848
[[ 14.   3.   3.]
 [ 33.   2.   6.]
 [ 16.   6.  17.]]
cf_score, 14.0
ratio, 0.333333333333
[[ 21.   8.   4.]
 [ 20.  11.   5.]
 [ 10.   2.  19.]]
cf_score, 37.0
ratio, 0.515151515152
[[ 19.   4.   4.]
 [ 15.   5.   8.]
 [ 13.  11.  21.]]
cf_score, 28.0
ratio, 0.454545454545
[[ 16.   4.   5.]
 [ 16.   7.  10.]
 [ 10.   9.  23.]]
cf_score, 31.0
ratio, 0.464646464646
[[  9.   3.   8.]
 [ 18.  10.  11.]
 [  9.   6.  26.]]
cf_score, 28.0
ratio, 0.454545454545
[[ 11.  10.   9.]
 [ 15.   8.  15.]
 [  6.   4.  22.]]
cf_score, 26.0
ratio, 0.414141414141
[[ 10.   9.   6.]
 [ 20.   7.  15.]
 [  6.   4.  23.]]
cf_score, 28.0
ratio, 0.40404040404
[[ 20.   4.   6.]
 [ 17.   5.   7.]
 [  7.   9.  25.]]
cf_score, 37.0
ratio, 0.505050505051
[[ 10.  17.   3.]
 [ 15.   8.  12.]
 [  4.   7.  24.]]
cf_score, 35.0
ratio, 0.424242424242
[[ 21.   6.   3.]
 [ 19.  11.  10.]
 [  8.   7.  15.]]
cf_score, 36.0
ratio, 0.474747474747
[[ 25.   4.   3.]
 [ 13.  16.   8.]
 [ 11.   7.  13.]]
cf_score, 40.0
ratio, 0.545454545455
[[ 11.   6.   5.]
 [ 23.   7.   8.]
 [  7.   9.  24.]]
cf_score, 30.0
ratio, 0.424242424242
[[ 21.   6.   4.]
 [ 21.  11.   8.]
 [  6.   5.  18.]]
cf_score, 40.0
ratio, 0.505050505051
[[ 18.   4.   8.]
 [  9.   9.  11.]
 [  7.   8.  26.]]
cf_score, 38.0
ratio, 0.535353535354
[[ 17.   6.   5.]
 [ 16.   7.   7.]
 [  9.  13.  20.]]
cf_score, 30.0
ratio, 0.444444444444
[[ 10.  12.   4.]
 [ 20.  13.   9.]
 [  4.   6.  22.]]
cf_score, 37.0
ratio, 0.454545454545
[[ 16.   5.   1.]
 [ 26.   8.   8.]
 [ 10.   6.  20.]]
cf_score, 33.0
ratio, 0.444444444444
[[ 20.   9.   6.]
 [ 13.   8.   8.]
 [  9.   8.  19.]]
cf_score, 32.0
ratio, 0.474747474747
[[ 15.   8.   1.]
 [ 19.  11.   7.]
 [  4.  10.  25.]]
cf_score, 46.0
ratio, 0.515151515152
[[ 17.  11.   6.]
 [ 13.  16.   9.]
 [  8.   6.  14.]]
cf_score, 33.0
ratio, 0.474747474747
[[ 12.  11.   9.]
 [ 15.  13.   9.]
 [ 10.   8.  13.]]
cf_score, 19.0
ratio, 0.383838383838
[[ 14.  10.   5.]
 [ 16.  11.  10.]
 [  4.   6.  24.]]
cf_score, 40.0
ratio, 0.494949494949
[[ 21.  10.   4.]
 [ 16.   9.   5.]
 [ 10.   9.  16.]]
cf_score, 32.0
ratio, 0.464646464646
[[ 20.  10.   3.]
 [ 22.   6.   3.]
 [ 13.  10.  13.]]
cf_score, 23.0
ratio, 0.393939393939
[[ 23.   8.   4.]
 [ 19.  10.   6.]
 [  8.   6.  16.]]
cf_score, 37.0
ratio, 0.494949494949
[[ 15.   7.   6.]
 [  9.  13.  15.]
 [  4.  13.  18.]]
cf_score, 36.0
ratio, 0.464646464646
[[ 16.   8.   3.]
 [ 13.  17.   6.]
 [  5.   9.  23.]]
cf_score, 48.0
ratio, 0.565656565657
[[ 14.   5.   5.]
 [ 16.  12.   7.]
 [  5.  13.  23.]]
cf_score, 39.0
ratio, 0.494949494949
[[ 14.  13.   5.]
 [  7.   9.  12.]
 [  5.   7.  28.]]
cf_score, 41.0
ratio, 0.515151515152
[[ 14.   8.   8.]
 [ 19.  17.   9.]
 [  5.   1.  19.]]
cf_score, 37.0
ratio, 0.505050505051
[[ 23.   4.   2.]
 [ 16.  15.   5.]
 [ 10.   7.  18.]]
cf_score, 44.0
ratio, 0.565656565657
[[ 17.   8.   6.]
 [ 18.  13.   6.]
 [  7.  12.  13.]]
cf_score, 30.0
ratio, 0.434343434343
[[ 19.  11.   5.]
 [  9.  10.  12.]
 [  5.   5.  24.]]
cf_score, 43.0
ratio, 0.535353535354
[[ 21.  11.   9.]
 [ 13.   8.   4.]
 [  4.  11.  19.]]
cf_score, 35.0
ratio, 0.484848484848
[[ 21.  10.   6.]
 [ 18.   9.   9.]
 [  7.   5.  15.]]
cf_score, 32.0
ratio, 0.454545454545
[[ 20.  11.   4.]
 [ 15.  15.   4.]
 [ 11.   8.  12.]]
cf_score, 32.0
ratio, 0.474747474747
[[ 20.   5.   2.]
 [ 23.  12.   8.]
 [  9.  10.  11.]]
cf_score, 32.0
ratio, 0.434343434343
[[ 15.   8.   3.]
 [ 14.  16.   8.]
 [ 11.   8.  17.]]
cf_score, 34.0
ratio, 0.484848484848
[[ 22.   8.   4.]
 [ 16.   8.   4.]
 [  5.  12.  21.]]
cf_score, 42.0
ratio, 0.515151515152
[[ 19.   7.   7.]
 [ 10.   7.  12.]
 [  6.  15.  17.]]
cf_score, 30.0
ratio, 0.434343434343
[[ 10.  11.   3.]
 [ 14.  14.  11.]
 [  5.  11.  21.]]
cf_score, 37.0
ratio, 0.454545454545
[[ 16.   5.   4.]
 [ 17.  15.   9.]
 [ 10.  10.  14.]]
cf_score, 31.0
ratio, 0.454545454545
[[ 13.   6.   9.]
 [ 11.  13.   6.]
 [  7.  10.  25.]]
cf_score, 35.0
ratio, 0.515151515152
[[ 29.   6.   4.]
 [ 14.  15.   2.]
 [ 10.  10.  10.]]
cf_score, 40.0
ratio, 0.545454545455
[[ 14.   5.   3.]
 [ 15.  19.   9.]
 [  8.  11.  16.]]
cf_score, 38.0
ratio, 0.494949494949
[[ 15.  12.   3.]
 [ 14.  11.   7.]
 [ 10.   7.  21.]]
cf_score, 34.0
ratio, 0.474747474747
[[ 13.   9.   4.]
 [ 10.  17.   5.]
 [ 11.  12.  19.]]
cf_score, 34.0
ratio, 0.494949494949
[[ 23.   5.   4.]
 [ 15.   9.   5.]
 [ 12.  10.  17.]]
cf_score, 33.0
ratio, 0.494949494949
[[ 15.   5.   3.]
 [  8.  10.  10.]
 [  7.  12.  30.]]
cf_score, 45.0
ratio, 0.555555555556
[[ 18.   3.   2.]
 [ 18.  15.   6.]
 [ 10.   6.  22.]]
cf_score, 43.0
ratio, 0.555555555556
[[ 22.   9.   5.]
 [ 13.  14.   6.]
 [  8.  10.  13.]]
cf_score, 36.0
ratio, 0.494949494949
[[ 12.  15.   8.]
 [ 12.  12.   7.]
 [  5.  11.  18.]]
cf_score, 29.0
ratio, 0.424242424242
[[ 10.  14.   5.]
 [ 13.  17.   8.]
 [  5.   9.  19.]]
cf_score, 36.0
ratio, 0.464646464646
[[ 20.   8.   5.]
 [ 21.  12.   7.]
 [  4.   9.  14.]]
cf_score, 37.0
ratio, 0.464646464646
[[ 17.   9.   5.]
 [ 10.  14.   7.]
 [ 12.   7.  19.]]
cf_score, 33.0
ratio, 0.505050505051
[[ 21.   8.   5.]
 [ 12.   5.   6.]
 [ 14.  15.  14.]]
cf_score, 21.0
ratio, 0.40404040404
[[ 18.   6.   2.]
 [ 18.  16.   3.]
 [  9.   6.  22.]]
cf_score, 45.0
ratio, 0.565656565657
[[ 21.   7.   2.]
 [ 17.  14.   4.]
 [  5.  13.  17.]]
cf_score, 45.0
ratio, 0.525252525253
[[ 22.   3.   5.]
 [ 14.  15.   3.]
 [  9.  10.  19.]]
cf_score, 42.0
ratio, 0.565656565657
[[ 16.   7.   3.]
 [ 18.   6.  12.]
 [  4.  15.  19.]]
cf_score, 34.0
ratio, 0.414141414141
[[ 14.  10.   5.]
 [ 13.  12.  10.]
 [  6.   8.  22.]]
cf_score, 37.0
ratio, 0.484848484848
[[ 14.   9.   5.]
 [  9.  19.   7.]
 [ 10.  12.  15.]]
cf_score, 33.0
ratio, 0.484848484848
[[ 16.   4.   1.]
 [ 18.  15.  10.]
 [  6.  17.  13.]]
cf_score, 37.0
ratio, 0.444444444444
[[ 16.  15.   3.]
 [ 11.   9.  10.]
 [  4.  15.  17.]]
cf_score, 35.0
ratio, 0.424242424242
[[ 20.   9.   4.]
 [ 13.  12.   8.]
 [  2.   9.  23.]]
cf_score, 49.0
ratio, 0.555555555556
[[ 12.  14.   3.]
 [ 11.  20.   6.]
 [  5.   9.  20.]]
cf_score, 44.0
ratio, 0.525252525253
[[ 22.   8.   6.]
 [ 15.  13.   9.]
 [  1.   7.  19.]]
cf_score, 47.0
ratio, 0.545454545455
[[ 17.  10.   5.]
 [  9.  16.   9.]
 [  6.  10.  18.]]
cf_score, 40.0
ratio, 0.515151515152
[[ 30.   4.   4.]
 [ 18.   7.   4.]
 [ 10.  11.  12.]]
cf_score, 35.0
ratio, 0.494949494949
[[  9.  11.   7.]
 [  8.  17.   8.]
 [  5.  11.  24.]]
cf_score, 38.0
ratio, 0.505050505051
[[ 13.  17.   4.]
 [ 14.  13.   6.]
 [  7.  14.  12.]]
cf_score, 27.0
ratio, 0.383838383838
[[  7.  11.   9.]
 [ 15.  13.  14.]
 [  7.   9.  15.]]
cf_score, 19.0
ratio, 0.353535353535
[[ 14.  17.   3.]
 [  6.  11.  13.]
 [  4.  13.  19.]]
cf_score, 37.0
ratio, 0.444444444444
[[ 15.   7.   7.]
 [ 20.  12.   9.]
 [  6.   6.  18.]]
cf_score, 32.0
ratio, 0.454545454545
[[ 23.   1.   4.]
 [ 19.   6.   8.]
 [ 12.  11.  16.]]
cf_score, 29.0
ratio, 0.454545454545
[[ 13.   7.   5.]
 [ 15.  14.   7.]
 [  9.   5.  25.]]
cf_score, 38.0
ratio, 0.525252525253
[[ 11.  16.   6.]
 [  6.  13.  19.]
 [  3.   8.  18.]]
cf_score, 33.0
ratio, 0.424242424242
[[ 15.   3.   3.]
 [ 14.  12.   9.]
 [ 11.  13.  20.]]
cf_score, 33.0
ratio, 0.474747474747
[[ 21.   6.   7.]
 [ 16.   8.  14.]
 [  7.   7.  14.]]
cf_score, 29.0
ratio, 0.434343434343
[[ 18.  13.   5.]
 [ 10.  12.   9.]
 [  8.   5.  20.]]
cf_score, 37.0
ratio, 0.505050505051
[[ 11.  19.   7.]
 [  8.  15.  15.]
 [  5.   8.  12.]]
cf_score, 26.0
ratio, 0.383838383838
[[ 16.   5.  11.]
 [ 16.  10.   9.]
 [  8.  10.  15.]]
cf_score, 22.0
ratio, 0.414141414141
[[ 15.  13.   6.]
 [  5.  14.   9.]
 [  5.   7.  26.]]
cf_score, 44.0
ratio, 0.555555555556
[[ 22.   5.   0.]
 [ 13.  11.  10.]
 [  7.  10.  22.]]
cf_score, 48.0
ratio, 0.555555555556
[[ 16.   4.   7.]
 [ 15.  16.  11.]
 [  9.   6.  16.]]
cf_score, 32.0
ratio, 0.484848484848
[[ 16.   8.   4.]
 [ 13.  15.  10.]
 [  5.  14.  15.]]
cf_score, 37.0
ratio, 0.464646464646
[[  7.   9.   4.]
 [  8.  13.  10.]
 [  8.  13.  28.]]
cf_score, 36.0
ratio, 0.484848484848
[[ 14.  12.   3.]
 [ 15.   9.  13.]
 [  5.  13.  16.]]
cf_score, 31.0
ratio, 0.393939393939
[[ 11.  10.   3.]
 [ 19.  16.   7.]
 [  6.  10.  18.]]
cf_score, 36.0
ratio, 0.454545454545
[[ 10.  11.   6.]
 [ 13.  10.   6.]
 [ 14.  14.  16.]]
cf_score, 16.0
ratio, 0.363636363636
[[ 14.  11.   5.]
 [ 13.   7.  13.]
 [  8.  11.  18.]]
cf_score, 26.0
ratio, 0.393939393939
[[ 14.   7.   4.]
 [ 16.  11.   7.]
 [  7.  12.  22.]]
cf_score, 36.0
ratio, 0.474747474747
[[ 19.   8.   7.]
 [  9.  15.   9.]
 [  6.  14.  13.]]
cf_score, 34.0
ratio, 0.474747474747
