[[  0.  23.   2.]
 [  0.  37.   3.]
 [  0.   4.  31.]]
cf_score, 66.0
nv_score, 24.0
ratio, 0.686868686869
[[  2.  24.   9.]
 [  6.  21.   4.]
 [  5.   4.  25.]]
cf_score, 34.0
nv_score, 3.0
ratio, 0.484848484848
[[  1.  27.   3.]
 [  8.  27.   4.]
 [  0.   6.  24.]]
cf_score, 49.0
nv_score, 14.0
ratio, 0.525252525253
[[  2.  24.   4.]
 [  6.  23.   3.]
 [  2.   3.  33.]]
cf_score, 52.0
nv_score, 22.0
ratio, 0.585858585859
[[  3.  27.   1.]
 [  3.  22.   1.]
 [  5.   7.  31.]]
cf_score, 50.0
nv_score, 28.0
ratio, 0.565656565657
[[  4.  24.   3.]
 [ 10.  19.   1.]
 [  1.   5.  33.]]
cf_score, 52.0
nv_score, 26.0
ratio, 0.565656565657
[[  4.  19.   3.]
 [  6.  37.   4.]
 [  0.   3.  24.]]
cf_score, 62.0
nv_score, 14.0
ratio, 0.656565656566
[[  5.  22.   4.]
 [  5.  27.   3.]
 [  1.   5.  28.]]
cf_score, 55.0
nv_score, 17.0
ratio, 0.606060606061
[[  5.  21.   2.]
 [  5.  27.   3.]
 [  1.   6.  30.]]
cf_score, 59.0
nv_score, 23.0
ratio, 0.626262626263
[[  3.  28.   0.]
 [  1.  30.   1.]
 [  0.   6.  31.]]
cf_score, 64.0
nv_score, 30.0
ratio, 0.646464646465
[[  1.  29.   0.]
 [  5.  24.   1.]
 [  3.   7.  30.]]
cf_score, 52.0
nv_score, 29.0
ratio, 0.555555555556
[[  6.  23.   1.]
 [  3.  27.   1.]
 [  2.   7.  30.]]
cf_score, 60.0
nv_score, 27.0
ratio, 0.636363636364
[[  3.  22.   0.]
 [  2.  28.   2.]
 [  1.   5.  37.]]
cf_score, 67.0
nv_score, 35.0
ratio, 0.686868686869
[[  1.  23.   0.]
 [  2.  38.   2.]
 [  2.   6.  26.]]
cf_score, 63.0
nv_score, 24.0
ratio, 0.656565656566
[[  4.  27.   3.]
 [  6.  22.   1.]
 [  6.   8.  23.]]
cf_score, 40.0
nv_score, 16.0
ratio, 0.494949494949
[[  3.  22.   1.]
 [  4.  28.   1.]
 [  3.   6.  32.]]
cf_score, 59.0
nv_score, 29.0
ratio, 0.636363636364
[[  2.  24.   1.]
 [  3.  31.   2.]
 [  3.   5.  29.]]
cf_score, 58.0
nv_score, 25.0
ratio, 0.626262626263
[[  1.  18.   2.]
 [  2.  32.   2.]
 [  7.   6.  30.]]
cf_score, 54.0
nv_score, 24.0
ratio, 0.636363636364
[[  3.  35.   2.]
 [  2.  21.   1.]
 [  1.  10.  25.]]
cf_score, 46.0
nv_score, 20.0
ratio, 0.494949494949
[[  7.  19.   5.]
 [  5.  25.   4.]
 [  2.  10.  23.]]
cf_score, 48.0
nv_score, 9.0
ratio, 0.555555555556
[[  2.  26.   3.]
 [  4.  25.   1.]
 [  8.   7.  24.]]
cf_score, 40.0
nv_score, 17.0
ratio, 0.515151515152
[[  5.  20.   2.]
 [  2.  23.   3.]
 [  3.   8.  34.]]
cf_score, 57.0
nv_score, 27.0
ratio, 0.626262626263
[[  0.  26.   0.]
 [  4.  35.   0.]
 [  4.   7.  24.]]
cf_score, 55.0
nv_score, 24.0
ratio, 0.59595959596
[[  6.  21.   5.]
 [  6.  29.   2.]
 [  5.   8.  18.]]
cf_score, 43.0
nv_score, 6.0
ratio, 0.535353535354
[[ 12.   6.   3.]
 [  9.  31.   3.]
 [  4.   7.  25.]]
cf_score, 61.0
nv_score, 16.0
ratio, 0.686868686869
[[ 16.  12.   2.]
 [ 10.  21.   3.]
 [  3.   7.  26.]]
cf_score, 58.0
nv_score, 19.0
ratio, 0.636363636364
[[ 12.  13.   4.]
 [  5.  26.   1.]
 [  4.   6.  29.]]
cf_score, 59.0
nv_score, 20.0
ratio, 0.676767676768
[[ 17.   8.   5.]
 [  8.  23.   2.]
 [  6.   2.  29.]]
cf_score, 58.0
nv_score, 17.0
ratio, 0.69696969697
[[ 15.  11.   2.]
 [  8.  23.   2.]
 [  7.   2.  30.]]
cf_score, 59.0
nv_score, 24.0
ratio, 0.686868686869
[[ 14.  17.   4.]
 [  6.  25.   2.]
 [  6.   9.  17.]]
cf_score, 46.0
nv_score, 7.0
ratio, 0.565656565657
[[  8.  22.   3.]
 [ 10.  27.   1.]
 [  3.   6.  20.]]
cf_score, 49.0
nv_score, 13.0
ratio, 0.555555555556
[[ 20.   8.   2.]
 [  5.  27.   2.]
 [  5.   7.  24.]]
cf_score, 64.0
nv_score, 18.0
ratio, 0.717171717172
[[ 19.   7.   3.]
 [ 10.  24.   1.]
 [  6.   3.  27.]]
cf_score, 61.0
nv_score, 20.0
ratio, 0.707070707071
[[ 15.  14.   2.]
 [ 16.  24.   1.]
 [  1.   1.  26.]]
cf_score, 62.0
nv_score, 21.0
ratio, 0.656565656566
[[  9.  16.   3.]
 [ 13.  18.   3.]
 [  3.   4.  31.]]
cf_score, 52.0
nv_score, 22.0
ratio, 0.585858585859
[[ 17.  16.   0.]
 [  8.  20.   1.]
 [  2.   6.  30.]]
cf_score, 65.0
nv_score, 29.0
ratio, 0.676767676768
[[ 14.  18.   2.]
 [  9.  23.   4.]
 [  5.   3.  22.]]
cf_score, 52.0
nv_score, 14.0
ratio, 0.59595959596
[[ 12.   9.   3.]
 [ 11.  25.   2.]
 [  4.   0.  34.]]
cf_score, 64.0
nv_score, 26.0
ratio, 0.717171717172
[[ 15.  16.   3.]
 [  8.  27.   1.]
 [  7.   2.  21.]]
cf_score, 53.0
nv_score, 14.0
ratio, 0.636363636364
[[ 11.  18.   3.]
 [ 12.  29.   1.]
 [  1.   4.  21.]]
cf_score, 57.0
nv_score, 14.0
ratio, 0.616161616162
[[ 21.  15.   0.]
 [ 11.  20.   0.]
 [  0.   2.  31.]]
cf_score, 72.0
nv_score, 31.0
ratio, 0.727272727273
[[ 13.  15.   4.]
 [ 11.  18.   2.]
 [  4.   6.  27.]]
cf_score, 50.0
nv_score, 17.0
ratio, 0.585858585859
[[ 17.   8.   2.]
 [ 11.  23.   1.]
 [  6.   3.  29.]]
cf_score, 61.0
nv_score, 24.0
ratio, 0.69696969697
[[ 12.  11.   1.]
 [  8.  25.   2.]
 [  5.   3.  33.]]
cf_score, 64.0
nv_score, 29.0
ratio, 0.707070707071
[[ 16.  10.   2.]
 [ 10.  21.   3.]
 [ 11.   4.  23.]]
cf_score, 47.0
nv_score, 16.0
ratio, 0.606060606061
[[ 15.  12.   3.]
 [  7.  24.   2.]
 [  3.   5.  29.]]
cf_score, 62.0
nv_score, 21.0
ratio, 0.686868686869
[[  9.  17.   3.]
 [ 11.  20.   4.]
 [  6.   4.  26.]]
cf_score, 46.0
nv_score, 16.0
ratio, 0.555555555556
[[ 17.  10.   1.]
 [  7.  31.   1.]
 [  7.   4.  22.]]
cf_score, 62.0
nv_score, 19.0
ratio, 0.707070707071
[[ 19.  10.   2.]
 [  7.  34.   1.]
 [  9.   1.  17.]]
cf_score, 59.0
nv_score, 12.0
ratio, 0.707070707071
[[ 16.  11.   6.]
 [ 11.  19.   1.]
 [  5.   7.  24.]]
cf_score, 48.0
nv_score, 11.0
ratio, 0.59595959596
